1.000000000000000000e+00 1.424978081343985792e-01 1.603638306220939447e-01 1.387308942561442937e-01 9.815391012819106586e-02 1.400723979783522199e-01 1.478042270702991934e-01 1.698560998999894822e-01 1.569181871849816001e-01 1.513515144460763073e-01 1.552105670657518144e-01 1.290967882599430849e-01 1.445395652487563853e-01 1.441499004532263151e-01 1.305098592068386631e-01 1.582472622612534074e-01 1.743945145456346490e-01 1.417124875579139631e-01 1.569931670800514545e-01 1.507703515518973303e-01 1.265354494699368615e-01 1.229787625683231161e-01 1.234634327815015975e-01 1.251504849604788416e-01 1.118994238756700343e-01 1.353321536595308572e-01 1.772952998641728339e-01 1.441100058989876753e-01 1.519570906528310283e-01 1.162581396052981414e-01 1.693197444654207795e-01 1.318930880132195560e-01 1.146721044460062705e-01 1.474029384599741810e-01 1.498901786534418412e-01 1.337599131383752638e-01 1.517153973767563224e-01 1.733554585120666292e-01 1.184058870817792791e-01 1.180847629181349528e-01 1.523461220709652342e-01 1.568364768638584594e-01 1.493259686794241037e-01 9.454745334473660390e-02 1.736627643222958817e-01 1.580777972986344704e-01 1.514279671493739821e-01 1.730647442257975399e-01 1.674029146264814638e-01 1.226161259670529163e-01 1.240440714545129053e-01 1.384538886292712434e-01 1.443378165169430238e-01 1.317511904376535703e-01 1.518517806556414773e-01 1.626081210469494387e-01 1.315031218368148958e-01 1.301262934559008211e-01 1.659739559315531188e-01 1.297183651387501246e-01 1.501681053895016216e-01 1.321922163735795575e-01 1.285814243408076873e-01 1.304435255988671827e-01 1.437056209340205337e-01 1.622392369250715005e-01 1.752243530298238372e-01 1.304386451285270698e-01 1.371602457765069838e-01 1.410600367176458314e-01 1.251004037528662960e-01 1.731805119756458233e-01 1.668743637095758681e-01 1.611334163083384396e-01 1.549764302279389716e-01 1.754274150304677149e-01 1.567713447173310071e-01 1.057865134040086447e-01 1.753148298318446541e-01 1.333358283194925054e-01 1.644495424265602079e-01 1.396339718148638942e-01 1.340275337821408841e-01 1.558164110423453930e-01 1.787695155590281471e-01 1.157668100541867084e-01 1.386735105909551458e-01 1.405242599022212824e-01 1.580045348106796643e-01 1.269739760979402832e-01 1.175040581108885707e-01 1.640229428666838962e-01 1.563631323200041223e-01 1.801310186200078822e-01 1.241844828936237571e-01 1.472082497398217171e-01 1.336294968830695484e-01 1.464191925913745362e-01 1.520911593344311252e-01 1.423032011058137369e-01 1.505678250038230970e-01
1.424978081343985792e-01 1.000000000000000000e+00 1.344059870426372871e-01 1.436133687409793802e-01 1.588030384436265041e-01 1.514463807749757140e-01 1.635998632870435121e-01 1.820797531910328393e-01 1.675573636772994535e-01 1.882532133257880658e-01 1.574053847399462247e-01 1.803710484928989777e-01 1.333316017520337626e-01 1.564913103065021793e-01 1.537618470435333229e-01 1.794032773341972808e-01 1.636302545769640904e-01 1.695006646893416347e-01 1.731161136746975915e-01 1.575127220458199806e-01 1.510282681223131807e-01 1.644851920026328129e-01 1.580383850952480906e-01 1.420736249277163854e-01 1.376859135200728390e-01 1.632171971321949022e-01 1.770062556135934828e-01 1.591173253139034072e-01 1.532062821607075576e-01 1.643102848281575434e-01 1.754666147060970627e-01 1.496303204176909207e-01 1.159034166714950631e-01 1.688746851183527686e-01 1.904302651810495517e-01 1.418170462450688285e-01 1.753213471642577626e-01 1.517202306418783675e-01 1.626568938641120843e-01 1.411730998005031601e-01 1.684188884830673805e-01 1.338413390843615491e-01 1.752794350415153857e-01 1.740667109654501221e-01 1.647944816754549902e-01 1.490629984089083260e-01 1.475846160226060022e-01 1.538674113762056039e-01 1.790690233543520971e-01 1.670275082985071269e-01 1.818462390518093552e-01 1.562344063813469464e-01 1.609741475795017640e-01 1.520433747338133801e-01 1.708951941106482131e-01 1.929069779213506419e-01 1.786711163899503962e-01 1.610582941467189888e-01 1.669472648664029335e-01 1.611114357430188104e-01 1.481051353332197840e-01 1.452491705414719614e-01 1.526775386606243623e-01 1.740200550110420075e-01 1.566314788401449998e-01 1.744150983947064248e-01 1.393880939909934724e-01 1.602630779946484230e-01 1.707071830099116672e-01 1.725456640093617766e-01 1.691752030411564911e-01 1.835990228747913788e-01 1.935923266403245246e-01 1.413809011659450388e-01 1.585786943251188130e-01 1.612655845843323221e-01 1.453192516012975499e-01 1.319197926301110824e-01 1.875978889200524691e-01 1.484457899390446423e-01 1.758881214374526936e-01 1.462492042534028203e-01 1.700225710053451800e-01 1.953786738913270149e-01 1.808739401805970759e-01 1.633312418979437630e-01 1.892166448332162632e-01 1.594903247765172838e-01 1.638660216116815116e-01 1.529936028933515935e-01 1.671893223813320228e-01 1.668523792465592681e-01 1.871252721640769279e-01 1.665404476134636214e-01 1.531238541186956126e-01 1.817755570904711904e-01 1.711382505669500897e-01 1.332157253544190845e-01 1.534407196218615377e-01 1.713064666863136909e-01 1.597836825203726441e-01
1.603638306220939447e-01 1.344059870426372871e-01 1.000000000000000000e+00 1.284310818389708397e-01 1.449752573185640048e-01 1.298104022061489782e-01 1.276097832639742635e-01 1.530898099222680886e-01 1.206013153829995771e-01 1.478462170329870318e-01 1.389111934776810497e-01 1.300236192232663845e-01 1.320946234619504445e-01 1.289909782597911114e-01 1.275586155707611746e-01 1.586902653872922508e-01 1.666492777039342565e-01 1.611215023951151348e-01 1.333710293692976223e-01 1.158361034938400203e-01 1.416261757731551718e-01 1.295849886084297908e-01 1.409196780996116172e-01 5.675637096126581044e-02 1.430845869827581662e-01 1.418357555009668314e-01 1.563728435167586472e-01 8.751973292183251596e-02 1.595019767336938454e-01 1.442615389070092125e-01 1.487072232847480857e-01 1.454244264545554721e-01 1.220585298176320443e-01 1.519294075201464700e-01 1.475438563493329247e-01 1.273435369328385358e-01 1.267064804527981425e-01 1.386010537306783807e-01 1.608075930310680357e-01 1.263457013270016527e-01 1.232276203503661210e-01 1.264116792512296195e-01 1.472311855702155281e-01 1.360568087046805930e-01 1.424863328337646340e-01 1.375131060956712725e-01 1.484317872481206724e-01 1.213153123441891995e-01 1.224117502322187717e-01 1.460236774629243561e-01 1.253670967655525492e-01 1.092389354205621499e-01 1.696901587005819056e-01 1.218387517664096809e-01 1.441907989335711182e-01 1.305523465380308556e-01 1.078296271014484026e-01 1.398562628444348921e-01 1.486713974161497642e-01 1.504583113638250647e-01 1.206539564855118735e-01 1.028206414122038309e-01 1.021425097135667953e-01 1.173313128479846618e-01 1.333695497012040709e-01 1.600449080863571016e-01 1.339749933585586694e-01 1.265408995454823937e-01 1.517888962798747410e-01 1.481528943438721602e-01 1.527319210911778635e-01 1.574248580637115369e-01 1.607107823292513171e-01 1.330707342118298275e-01 1.393086631043239099e-01 1.291456102598866063e-01 1.399892179976068851e-01 1.107306399137816671e-01 1.623317937603890315e-01 1.144237562227353455e-01 1.388502784777327081e-01 1.518344590855445209e-01 1.571640977324830768e-01 1.446505593587174843e-01 1.804123737770660652e-01 8.994923376040901697e-02 1.449735172522896021e-01 1.567470247349486423e-01 9.476929081800679333e-02 1.270529344402087368e-01 1.408100545684868310e-01 1.180579598220599380e-01 1.792387085663647017e-01 1.261568609604247493e-01 1.560657039212142161e-01 1.325479253134359825e-01 1.599654713279581864e-01 9.693548869825460712e-02 1.513358358958296623e-01 1.377954013045499249e-01 1.507934506605871638e-01
1.387308942561442937e-01 1.436133687409793802e-01 1.284310818389708397e-01 1.000000000000000000e+00 1.496377383807442063e-01 1.550098779607677058e-01 1.391447660734077829e-01 1.609359159439685827e-01 1.442246645960560403e-01 1.933010970078783974e-01 1.972422034656204359e-01 1.539278384587556558e-01 1.647767188406306926e-01 1.833773705656832620e-01 1.506808625652663880e-01 1.651596159895300509e-01 1.514630464775235386e-01 1.478151791207057142e-01 1.380723258986290558e-01 1.691634895962686180e-01 1.483834351399374030e-01 1.252340501921150318e-01 1.594091826645260002e-01 1.497937229022008321e-01 1.333858607421843090e-01 1.661074765671914089e-01 1.879978671423157555e-01 1.442895911478523641e-01 1.614326150049836262e-01 1.644393891812635788e-01 1.439848316356452940e-01 1.471472016102776670e-01 1.506942643799363823e-01 1.475194169081013862e-01 1.487405847681634308e-01 1.449292664899662075e-01 1.472348430267881314e-01 1.610025344894077670e-01 1.221741728880719607e-01 1.315665628430022771e-01 1.595064250697401098e-01 1.059899841836951656e-01 1.514526105558077484e-01 1.629899654337521875e-01 1.434384821602250337e-01 1.532814544072008955e-01 1.879772055110984497e-01 1.475891305789184538e-01 1.791100273190862902e-01 1.460852727935580686e-01 1.655947777512181696e-01 1.390570630724450862e-01 1.540658611883840567e-01 1.235792366383225843e-01 1.674332122736265915e-01 1.826337196702582377e-01 1.656044138601235893e-01 1.509188682545112570e-01 1.331793372060216529e-01 1.421921264224961790e-01 1.520043406328406010e-01 1.396612532307504595e-01 1.545607187683384343e-01 1.411693442324639947e-01 1.669479640790393349e-01 1.573943392034197475e-01 1.333598467613166250e-01 9.844640817705893610e-02 1.334756212584378432e-01 1.631321980820888418e-01 1.752098833793290233e-01 1.576377667475609701e-01 1.703213470105979510e-01 1.321036405427889471e-01 1.549394033943125581e-01 1.771745404299855942e-01 1.448617854688177276e-01 1.379367485585393516e-01 1.550289380067255973e-01 1.212417203522922482e-01 1.670457977168024744e-01 1.438369779274294713e-01 1.501974635319207330e-01 1.562410574783633932e-01 2.138056324215170945e-01 1.402167187144532923e-01 1.693157659785330948e-01 1.637370342482130647e-01 1.527318432528234349e-01 1.204750790041925340e-01 1.479155820397530241e-01 1.515366369928588253e-01 1.653202342931003876e-01 1.823358432053862055e-01 1.345682278947961941e-01 1.733594736823129423e-01 1.751994092695537408e-01 1.489981471099925403e-01 1.330341425461508686e-01 1.373036417752387661e-01 1.487472535908285209e-01
9.815391012819106586e-02 1.588030384436265041e-01 1.449752573185640048e-01 1.496377383807442063e-01 1.000000000000000000e+00 1.570774296947088366e-01 1.518598931566979560e-01 1.493762803836419795e-01 1.390173293242278063e-01 1.450922628066402820e-01 1.169939265623251845e-01 1.612297682561902590e-01 1.556718157617957288e-01 1.696802137752544404e-01 1.228270707663891431e-01 1.827362447314045957e-01 1.532893075754339085e-01 1.564031205749180364e-01 1.350518643211849890e-01 1.434119545939142870e-01 1.323646142585677699e-01 1.300337980533700089e-01 1.234854048155311912e-01 1.114482810319587652e-01 1.585220386835847761e-01 1.361485927232903570e-01 1.643548517843136936e-01 1.376953624431331569e-01 1.082995756166700019e-01 1.537199399740694361e-01 1.291418482533030210e-01 1.582917682477867349e-01 1.276439953632305391e-01 1.619627413693163209e-01 1.582417642308845407e-01 1.489449644882512025e-01 1.291506218877827850e-01 1.662730504201979098e-01 1.703868724278651547e-01 1.096959915165636179e-01 1.377382138816649892e-01 1.361945597649350803e-01 1.594770777345145829e-01 1.517613780717088079e-01 1.689361748120239148e-01 1.309633559211104692e-01 1.448583181641814044e-01 1.570048351070410797e-01 1.700638968108966753e-01 1.603036016949682119e-01 1.534388140782089738e-01 1.230334656376285557e-01 1.594352730526603368e-01 1.189498891210378079e-01 1.520421251129985551e-01 1.672411272568224694e-01 1.265191707756144757e-01 1.349470325274665372e-01 1.253675881073264275e-01 1.661457702991020469e-01 1.377537781178975462e-01 1.254768044056533971e-01 1.038028020063211376e-01 1.354972390839412621e-01 1.285555096161580535e-01 1.804405102898195001e-01 1.386932491008676105e-01 1.207504828169021077e-01 1.257534478569724279e-01 1.394311472267125429e-01 1.403511171187173945e-01 1.562421714998635247e-01 1.494975322964220144e-01 1.234767380637999540e-01 1.624024996665869580e-01 1.462680306942032438e-01 1.091911830113915655e-01 1.423595488625784833e-01 1.768227681451357280e-01 1.115916411700957067e-01 1.609831618636168860e-01 1.447192341243837832e-01 1.450893095882152817e-01 1.668897022765480909e-01 1.939046093417393646e-01 1.575241626069219802e-01 1.384106050743268423e-01 1.452590822570722917e-01 1.340509328807039380e-01 1.437306593761003559e-01 1.621531269780465689e-01 1.373195374776563227e-01 1.424863687070602458e-01 1.159109669038580342e-01 1.389931441600678885e-01 1.465018846469476055e-01 1.577929900752290671e-01 1.534268627881146541e-01 1.527235540659054314e-01 1.410670421544469311e-01 1.372381168222427950e-01
1.400723979783522199e-01 1.514463807749757140e-01 1.298104022061489782e-01 1.550098779607677058e-01 1.570774296947088366e-01 1.000000000000000000e+00 1.684392400946546631e-01 1.689187096759262874e-01 1.440815991322812184e-01 1.640167743144063106e-01 1.571717960156869542e-01 1.844656044696935948e-01 1.520792021148152373e-01 1.658256159149437414e-01 1.415412668953630881e-01 1.794049831203486101e-01 1.641961149482288329e-01 1.753760101197055499e-01 1.762314800600882081e-01 1.299195753381105767e-01 1.392391371955739032e-01 1.619930317560925315e-01 1.390587885464614482e-01 1.290710868343009077e-01 1.491451844903766977e-01 1.113966366504200861e-01 1.831715427356101211e-01 1.619511457721754533e-01 1.736774456215336160e-01 1.599546054515753046e-01 1.584556404971824983e-01 1.762533009091504232e-01 1.656578673366412846e-01 1.727382121174812490e-01 1.577829877804357295e-01 1.253447449781944223e-01 1.720816135935202829e-01 1.647556922333648921e-01 1.767181573566174724e-01 8.628852287163647772e-02 1.484976397586318386e-01 1.474346078128869753e-01 1.651935584915143196e-01 1.598046737335644951e-01 1.467766756724048771e-01 1.438580691587396654e-01 1.429396398683206448e-01 1.476784673030839823e-01 1.872627954923533067e-01 1.535385722411400922e-01 1.151113487638027316e-01 1.696796384860322637e-01 1.689346812337615134e-01 1.574149333052788924e-01 1.731026598489676660e-01 1.659542783908669050e-01 1.488749537143142787e-01 1.345913490830136228e-01 1.540639597556621998e-01 1.750648450457629735e-01 1.275403426405645468e-01 1.662491418031762924e-01 1.761568133740695763e-01 1.364083362318379566e-01 1.604081148555487335e-01 1.796292160429235896e-01 1.464306035220407642e-01 1.206791890150056834e-01 1.503854707210131869e-01 1.441932274845014461e-01 1.410568259378098266e-01 1.871223599336021837e-01 1.891366343719976806e-01 1.294782603487953099e-01 1.632992797048499478e-01 1.526628072111919088e-01 1.354522433961368455e-01 1.435011439384759058e-01 1.686587263983992946e-01 1.175640048003067928e-01 1.546239686771962440e-01 1.566209603626302627e-01 1.333024260989784382e-01 1.579450997451135597e-01 1.902531987908322453e-01 1.279246882965259235e-01 1.689115462361976960e-01 1.593326586677862033e-01 1.777827951065104051e-01 1.385730314734502089e-01 1.396525454073709593e-01 1.589556384028560365e-01 1.497107214697721289e-01 1.341639558862813275e-01 1.492748211311222817e-01 1.906878044471255751e-01 1.356998824640362755e-01 1.801015054720596642e-01 1.431701339428893271e-01 1.678803488603159699e-01 1.911518080041859635e-01
1.478042270702991934e-01 1.635998632870435121e-01 1.276097832639742635e-01 1.391447660734077829e-01 1.518598931566979560e-01 1.684392400946546631e-01 1.000000000000000000e+00 1.413259908898872874e-01 1.606121593337735687e-01 1.667775233233693144e-01 1.791350399786230396e-01 1.566655368687125960e-01 1.633707156578743103e-01 1.677811509246349975e-01 1.292464323875257282e-01 1.766456077656236301e-01 1.434842315858196604e-01 1.467089619757543373e-01 1.218454910898357640e-01 1.585192810893311932e-01 1.285008284608148699e-01 1.521762223782364976e-01 1.534539292157693913e-01 1.450551478148455198e-01 1.768730438009757655e-01 1.307952858854617428e-01 1.582446174516445314e-01 1.617084114723061905e-01 1.616887193975989623e-01 1.609640916281679102e-01 1.728030889153829575e-01 1.755879386859665603e-01 1.474139256279195509e-01 1.694625090143360990e-01 1.625645170281424523e-01 1.633461911863294258e-01 1.395392353005145969e-01 1.552593484389640233e-01 1.587022564949645553e-01 1.408561676098027959e-01 1.669996027460520505e-01 1.130057455366422769e-01 1.516555949892154365e-01 1.547632243941635399e-01 1.244558299278917674e-01 1.669896417467067462e-01 1.728481608759629140e-01 1.482208090802696332e-01 1.443899497958616718e-01 1.650778956877763937e-01 1.658192202869503973e-01 1.605002288700798918e-01 1.430975929349150300e-01 1.405935510363849339e-01 1.575334941196507577e-01 1.703014308129712218e-01 1.570460945491213289e-01 1.424640265009940732e-01 1.661468226470136922e-01 1.243525591492013332e-01 1.541166394580437138e-01 1.560648365289864226e-01 1.574057726258381862e-01 1.455322414209762327e-01 1.363084653435315263e-01 1.658545698348298514e-01 1.511380953640315272e-01 1.507071773021377015e-01 1.512468687036239157e-01 1.456399608155055092e-01 1.536413772519309440e-01 1.911369472170176276e-01 1.594091785906732728e-01 1.288036821685468181e-01 1.770882039179364764e-01 1.519714478938645474e-01 1.534803678553077477e-01 1.137577250688917990e-01 1.867947869371182623e-01 1.336701378826173625e-01 1.680914579366945272e-01 1.852383984778116499e-01 1.486994324571755954e-01 1.560452745298878674e-01 1.967323234941498744e-01 1.331501716499633170e-01 1.842095603077335275e-01 1.855994431805377820e-01 1.667182949655751645e-01 1.292308128585155091e-01 1.586176508720396339e-01 1.474821731334030883e-01 1.522789069395813766e-01 1.722313270113615402e-01 1.647262489820754960e-01 1.507514407115424782e-01 1.899242840301060276e-01 1.713669999918332465e-01 1.802601197701316771e-01 1.649245306678861767e-01 1.602124633974226497e-01
1.698560998999894822e-01 1.820797531910328393e-01 1.530898099222680886e-01 1.609359159439685827e-01 1.493762803836419795e-01 1.689187096759262874e-01 1.413259908898872874e-01 1.000000000000000000e+00 1.735615189349774268e-01 1.783476595597043302e-01 1.762736557157023598e-01 1.770595138019957215e-01 1.551644872827995236e-01 1.722334272827277524e-01 1.657784683581477736e-01 1.947764022332112710e-01 1.815344956935580900e-01 1.503093700208257555e-01 1.779337125737134595e-01 1.320457060076546396e-01 1.622025878374425134e-01 1.585369962912577257e-01 1.936714102886880895e-01 1.516070404860236365e-01 1.583293218660499491e-01 1.453589170321175350e-01 1.855832266834737398e-01 1.260669271502313782e-01 1.616107650050777889e-01 1.697980898773853997e-01 1.804974705484646003e-01 1.637791630491507444e-01 1.397189721474060009e-01 1.578527748904250683e-01 1.943316465624300993e-01 1.306590385252687503e-01 1.632352633818527077e-01 1.730312490475243159e-01 1.696951149431000228e-01 1.601086189050271169e-01 1.405365531492707709e-01 1.406986070537109279e-01 1.717354197214387979e-01 1.509552158759965290e-01 1.742282482643424946e-01 1.651726820944584562e-01 1.762154441335059829e-01 1.590075331500835631e-01 1.805523666584783471e-01 1.539576805536755355e-01 1.813669445156715354e-01 1.772603466106892345e-01 1.650743493838694731e-01 1.723256163236430716e-01 1.598592306818728270e-01 1.748929364772306705e-01 1.568134232544183548e-01 1.612080000911727540e-01 1.555496477213526574e-01 1.669409085209311583e-01 1.559732216451321374e-01 1.622047477945864902e-01 1.655044941522613167e-01 1.705126318132003937e-01 1.732328958409828368e-01 1.858826203059596172e-01 1.586397813124275913e-01 1.663046564888008283e-01 1.677951796626808989e-01 1.715128247123992589e-01 1.525480866268733304e-01 2.018526293937028815e-01 1.812235889282614032e-01 1.641171199138284353e-01 1.546284648956630092e-01 1.728580563066608178e-01 1.361731311196070493e-01 1.496098694899137826e-01 1.955353481404087379e-01 1.469711172941259858e-01 1.692119731067020516e-01 1.480842771769217137e-01 1.669117428457855823e-01 1.685431092131074726e-01 1.925464735310821462e-01 1.327038837409079686e-01 1.976031129408264420e-01 1.877751477960485360e-01 1.646624841226264069e-01 1.920954077262398974e-01 1.676958816022484644e-01 1.679340503318814126e-01 1.933782382788991616e-01 1.660272114021923706e-01 1.853456099038710558e-01 1.727230965905190430e-01 1.722665928679462111e-01 1.822996829005235631e-01 1.452438205698048379e-01 1.477578162492380331e-01 1.793520696418743343e-01
1.569181871849816001e-01 1.675573636772994535e-01 1.206013153829995771e-01 1.442246645960560403e-01 1.390173293242278063e-01 1.440815991322812184e-01 1.606121593337735687e-01 1.735615189349774268e-01 1.000000000000000000e+00 1.725950538902396858e-01 1.760791755802177116e-01 1.452800413052162953e-01 1.809746580800113969e-01 1.793370637453562955e-01 1.456086757903109485e-01 2.006614423449104290e-01 1.618474498310267240e-01 1.469676555222844683e-01 1.669705019289345060e-01 1.903511615670539225e-01 1.465506643317932012e-01 1.507000969008732427e-01 1.540013268563070192e-01 1.437367531102577978e-01 1.512198891640714193e-01 1.293135373500204355e-01 1.756439604073427585e-01 1.520512778193932046e-01 1.816988488120690193e-01 1.558949103668822167e-01 1.600872463082924080e-01 1.649574776978039725e-01 1.294806372867391975e-01 1.552856363576026466e-01 1.640898397385371077e-01 1.610419620624093662e-01 1.639555625995140486e-01 1.808831021660898819e-01 1.384908083338051987e-01 1.214520868074321774e-01 1.742623279621728083e-01 1.429923380304993497e-01 1.644469076689845655e-01 1.774390545408343067e-01 1.636827729352210714e-01 1.655482039225188717e-01 1.798917804264623943e-01 1.487969289878444956e-01 1.460653179124880852e-01 1.685667093547277284e-01 1.764901793842174049e-01 1.645792852520019667e-01 1.722175119185747061e-01 1.695879721532039253e-01 1.575575064188316221e-01 1.785477232763716116e-01 1.434241510923993101e-01 1.529057238560479759e-01 1.633940043078401516e-01 1.485916037544171842e-01 1.572620054291256897e-01 1.520003177614051293e-01 1.426304793453918862e-01 1.395053765677315150e-01 1.535349448925525939e-01 1.613843461888929409e-01 1.508876226696956591e-01 1.580185325771573113e-01 1.461753913706692054e-01 1.583257214151738423e-01 1.541558001383516452e-01 1.457634283405380704e-01 1.843077333486081992e-01 1.678276775959563483e-01 1.718446879682743733e-01 1.366195208648970094e-01 1.430932285065952270e-01 1.489422148027862158e-01 1.735090754553593739e-01 1.313840495878110803e-01 1.680256116401416533e-01 1.860690051039954329e-01 1.458902058691465276e-01 1.767333428103511350e-01 1.999311562034897793e-01 1.342144360799794045e-01 1.644675251592361831e-01 1.605381527964721278e-01 1.692907119760126422e-01 1.413358386062146810e-01 1.595305203289360818e-01 1.769294897014861423e-01 1.822021980279568409e-01 1.516021354597474335e-01 1.738490542698684915e-01 1.858641841710881870e-01 1.486816641995234445e-01 1.692262161787644326e-01 1.542586164526759118e-01 1.635708843634753884e-01 1.666461947796888665e-01
1.513515144460763073e-01 1.882532133257880658e-01 1.478462170329870318e-01 1.933010970078783974e-01 1.450922628066402820e-01 1.640167743144063106e-01 1.667775233233693144e-01 1.783476595597043302e-01 1.725950538902396858e-01 1.000000000000000000e+00 1.743679393484917628e-01 1.754348443347069075e-01 1.945972925911041151e-01 1.703677354346547212e-01 1.621763568898288432e-01 1.706299205268764496e-01 1.835203403617449713e-01 1.434686036244486040e-01 1.660687130631137987e-01 1.934977359287037846e-01 1.470564367964083963e-01 1.777512856725134149e-01 1.708259782176758668e-01 1.664519414542339482e-01 1.615723912194287348e-01 1.532564844326937126e-01 2.011860330638027272e-01 1.494077780767768537e-01 1.596394813135361690e-01 1.379312437806231584e-01 1.540538379979937700e-01 1.794014547451851516e-01 1.480763054418511582e-01 2.073024636466661574e-01 1.515309613876575923e-01 1.674607262022779208e-01 1.557711843255247253e-01 1.837175769062141806e-01 1.832993313808818636e-01 1.295932644631520025e-01 1.838795595890563017e-01 1.288752256372059091e-01 1.497052277924894592e-01 1.559211265823273462e-01 1.405755591825752493e-01 1.186631364605559985e-01 1.735765589583721236e-01 1.436340096803550848e-01 1.818903089129216555e-01 1.668961641379388960e-01 1.622543430396379827e-01 1.877744857490537544e-01 1.619816189830672049e-01 1.626894994717799636e-01 1.692645581283944989e-01 1.731352460469659793e-01 1.485806296151476746e-01 1.653032418184776642e-01 1.536898125335510179e-01 1.536319162901743363e-01 1.496658943722019575e-01 1.633361041371658717e-01 1.701664356194342309e-01 1.394899549554551033e-01 1.643926694377007280e-01 1.782291817785315868e-01 1.460196456206788451e-01 1.492950883683514807e-01 1.344834522247295994e-01 1.581339675116480992e-01 1.309930567381154820e-01 1.794324096190710871e-01 1.730255682951038210e-01 1.865192606201768188e-01 1.541927686375087481e-01 1.692214194861448306e-01 1.485721225409016022e-01 1.743647420192020459e-01 1.780788896459460369e-01 1.425924970997658192e-01 1.830056753237666034e-01 1.535300222361372924e-01 1.697993937656450403e-01 1.656448760317874580e-01 2.042767299584479224e-01 8.410628320774247990e-02 1.747235583917056689e-01 1.861689893192830514e-01 1.512548564189097056e-01 1.232362667499907888e-01 1.539043019813408353e-01 1.799743594030031035e-01 1.860609118938750528e-01 1.501379729719629907e-01 1.931895694425543875e-01 1.892017401826842082e-01 1.729799826131251383e-01 1.640580002759937928e-01 1.844655018599233587e-01 1.611290126367453668e-01 1.760375600732012047e-01
1.552105670657518144e-01 1.574053847399462247e-01 1.389111934776810497e-01 1.972422034656204359e-01 1.169939265623251845e-01 1.571717960156869542e-01 1.791350399786230396e-01 1.762736557157023598e-01 1.760791755802177116e-01 1.743679393484917628e-01 1.000000000000000000e+00 1.731306777691818122e-01 1.639037849104144351e-01 1.747276725507859729e-01 1.435782282597299619e-01 1.827160223856838517e-01 1.553268818206472168e-01 1.748806029514339555e-01 1.729214418382023499e-01 1.440497678397021919e-01 1.565273585576168469e-01 1.775179943355982559e-01 1.807474825533887663e-01 1.540607277297342537e-01 1.477218847270858337e-01 1.316978662929967903e-01 1.802714929344597650e-01 1.618798848235365739e-01 1.614165725862403145e-01 1.679549619350169942e-01 1.704662588466639428e-01 1.483170722862060809e-01 1.461435591941388223e-01 1.764123644252625078e-01 1.788550922464076653e-01 1.539924871023574671e-01 1.932775663949999057e-01 1.673504548210943965e-01 1.726293268890884969e-01 1.776308295020347927e-01 1.752607001360421968e-01 1.327498608795163459e-01 1.621081818108303374e-01 1.527995557602279675e-01 1.821877070003270205e-01 1.359155556155547118e-01 1.724579971919571186e-01 1.555117995905103689e-01 2.003729218817554281e-01 1.608401154969561209e-01 1.610961574097632965e-01 1.797631321039995511e-01 1.581250029532143830e-01 1.565364117312164349e-01 1.685720496527643997e-01 1.779038640338294341e-01 1.491629448434092786e-01 1.868257309778614816e-01 1.640879841791612614e-01 1.739984580729049823e-01 1.560611191590577373e-01 1.717734293000226509e-01 1.697700099283208364e-01 1.569094294783283661e-01 1.693515034267145669e-01 1.936054854077186582e-01 1.590460096598911299e-01 1.708409519080915928e-01 1.637346876809023521e-01 1.452369103363113367e-01 1.636582250230653734e-01 1.595862112880499506e-01 1.850302710516597560e-01 1.369129146991396040e-01 1.702484525725554976e-01 1.666246433184865317e-01 1.600309102047965393e-01 1.228766708664009166e-01 1.985868377943783569e-01 1.454689105784274794e-01 1.559554010914435962e-01 1.765316191294268588e-01 1.164461935910064139e-01 1.688818401087147647e-01 1.907221803287193762e-01 1.723952053009360219e-01 1.894540437188484694e-01 1.963410589228336833e-01 1.708197481308976196e-01 1.232893330644601881e-01 1.483143513535110092e-01 1.552512133600819633e-01 1.914876812218108681e-01 1.680073532728168229e-01 1.638689341628296881e-01 1.944708694935393112e-01 1.799596854257788092e-01 1.680413757726557378e-01 1.606961537641656834e-01 1.374146837929397236e-01 1.554948630429231482e-01
1.290967882599430849e-01 1.803710484928989777e-01 1.300236192232663845e-01 1.539278384587556558e-01 1.612297682561902590e-01 1.844656044696935948e-01 1.566655368687125960e-01 1.770595138019957215e-01 1.452800413052162953e-01 1.754348443347069075e-01 1.731306777691818122e-01 1.000000000000000000e+00 1.916618435955925737e-01 1.602389667032165232e-01 1.750657344883022604e-01 1.913970735211823759e-01 1.643209935019226131e-01 1.406517538817728119e-01 1.722149761155538639e-01 1.419523255243022308e-01 1.500948704732895378e-01 1.617260816328147388e-01 1.614953918285802759e-01 1.493827570661893367e-01 1.536112149846793340e-01 1.671607075372741891e-01 1.888050141319041197e-01 1.693284896731549749e-01 1.688126757292892910e-01 1.577812147935737652e-01 1.821632324769300593e-01 1.757512275976179927e-01 1.560541042036580062e-01 2.012709356079748213e-01 1.912538707029821650e-01 1.519204463717528097e-01 1.529171959147068716e-01 1.957723466127785361e-01 1.643466721998934899e-01 1.298396254721109200e-01 1.614302707354104971e-01 1.502281031321028026e-01 1.643535951671948048e-01 1.395445405019487828e-01 1.542436768150538262e-01 1.537022775442363209e-01 1.725874827839028458e-01 1.761211011752451538e-01 1.945631684490413960e-01 1.634414723085377830e-01 1.661817455944070432e-01 1.555766972832287875e-01 1.570823014620265912e-01 1.427893532590199244e-01 1.735947479114025027e-01 1.743178433391864846e-01 1.427836617402294950e-01 1.824768239319924379e-01 1.638475783565283006e-01 1.554909550799637441e-01 1.834721911411444639e-01 1.544781848453765649e-01 1.753716102780734087e-01 1.249772090322356782e-01 1.773529846078192584e-01 1.394319952041489785e-01 1.473183912710444021e-01 1.741111063922700930e-01 1.503118397484198843e-01 1.745763000667628351e-01 1.664446492866399063e-01 1.804896598788335305e-01 1.898316656825873028e-01 1.695835218662127830e-01 1.462572373561208672e-01 1.645142932621305176e-01 1.457432961653269965e-01 1.429270127562388693e-01 1.732487732492471455e-01 1.696014617019380166e-01 1.891258765864036739e-01 1.684230962870545134e-01 1.611131666771188908e-01 1.763182664070019334e-01 2.056948513163966152e-01 1.525353004329758344e-01 1.583712074369112155e-01 1.896729699494745236e-01 1.583757788952096235e-01 1.863927130418197020e-01 1.189704054930073862e-01 1.700301508067448841e-01 1.908207964817220659e-01 1.580864247024438840e-01 1.506315160481441207e-01 1.625119582305482313e-01 1.826532753831098255e-01 1.821797459606218084e-01 1.526338549391764443e-01 1.633585165194703370e-01 1.882368149751546815e-01
1.445395652487563853e-01 1.333316017520337626e-01 1.320946234619504445e-01 1.647767188406306926e-01 1.556718157617957288e-01 1.520792021148152373e-01 1.633707156578743103e-01 1.551644872827995236e-01 1.809746580800113969e-01 1.945972925911041151e-01 1.639037849104144351e-01 1.916618435955925737e-01 1.000000000000000000e+00 1.588713640638555191e-01 1.142178377637109721e-01 1.560804528751389142e-01 1.977577897449390165e-01 1.234137274841000248e-01 1.536549681018011537e-01 1.612906994271246786e-01 1.467694226877896690e-01 1.488990417398829702e-01 1.519237990885350664e-01 1.546512368147476557e-01 1.417345118990259722e-01 1.554130158143353091e-01 2.031549186370428806e-01 1.614204254122364457e-01 1.754297594149107631e-01 1.301351586337055333e-01 1.440180941021221017e-01 1.558562231943982912e-01 1.515843440184435342e-01 1.772919333157442490e-01 1.504181120911404490e-01 1.279876137521574475e-01 1.540565890067753241e-01 2.058476327038912812e-01 1.740023674640646389e-01 1.197876014924688787e-01 1.432999447772248525e-01 8.516381347832938098e-02 1.563540931607339535e-01 1.571751859941218632e-01 1.528906601606465354e-01 1.497202674399737976e-01 1.728022533823275753e-01 1.401294394697763790e-01 1.811970979409849580e-01 1.452767583162659082e-01 1.546474982885310823e-01 1.269162927196075541e-01 1.551408945964645181e-01 1.517843125580107810e-01 1.324664980884097953e-01 1.580947265751835862e-01 1.177820123593331381e-01 1.660419819822380183e-01 1.335609308293091990e-01 1.412651525028393307e-01 1.615142873228249398e-01 1.421965466232616437e-01 1.534123826256551248e-01 1.515569479529265962e-01 1.578829712639212568e-01 1.768990286788374999e-01 1.479659959151228832e-01 1.442195714173052368e-01 1.362290735258400443e-01 1.781495260579598616e-01 1.552694334973665491e-01 1.614395873405305437e-01 1.769077286793341031e-01 1.730456147339809458e-01 1.415535793009345678e-01 1.783724852344139578e-01 1.519819570318370061e-01 1.397918248615772074e-01 1.759352196276771918e-01 1.248070033968535636e-01 1.647563111532892588e-01 1.679286073086496411e-01 1.273748024735323892e-01 1.886361622484462874e-01 1.833057357630407391e-01 1.417987059603536826e-01 1.557046657268747469e-01 1.689525749272177968e-01 1.536790635837917696e-01 1.527704775169184404e-01 1.071624951820600719e-01 1.889097290529150319e-01 1.628342540149478324e-01 1.368379998681795717e-01 1.559959762745048717e-01 1.618159996570474046e-01 1.639706540449781813e-01 1.879789226916030731e-01 1.083363861911608717e-01 1.786824325918043299e-01 1.410390079294798205e-01
1.441499004532263151e-01 1.564913103065021793e-01 1.289909782597911114e-01 1.833773705656832620e-01 1.696802137752544404e-01 1.658256159149437414e-01 1.677811509246349975e-01 1.722334272827277524e-01 1.793370637453562955e-01 1.703677354346547212e-01 1.747276725507859729e-01 1.602389667032165232e-01 1.588713640638555191e-01 1.000000000000000000e+00 1.246080629016999008e-01 1.791982884922346808e-01 1.809960015542478318e-01 1.593585387726150771e-01 1.732148018570932591e-01 1.773385049522682722e-01 1.509847268228527162e-01 1.658975232048417459e-01 1.578403391198539563e-01 1.768076300294942893e-01 1.333947109911715889e-01 1.259396163808907676e-01 1.941169410701560072e-01 1.658747050614383101e-01 1.824630864313449841e-01 1.684982307710483906e-01 1.688586804677993380e-01 1.972879666655333875e-01 1.573639482865121786e-01 1.935040623474989507e-01 1.616345506998163872e-01 1.702357197520227294e-01 1.655571282269620303e-01 1.897212389475026184e-01 1.685352885768572340e-01 1.218125094857495649e-01 1.664956170970830762e-01 1.515569593037171814e-01 1.611430243914223903e-01 1.564800903334473137e-01 1.692094972148584231e-01 1.465566036363367131e-01 1.786971047771752086e-01 1.622478444974055078e-01 1.715702006076523789e-01 1.749172780733627974e-01 1.550397277107709582e-01 1.623731639028157259e-01 1.639753864677002959e-01 1.734494693167869805e-01 1.478429824209019638e-01 1.805800815940981074e-01 1.391408259014630944e-01 1.417431115354141624e-01 1.537159417574335829e-01 1.523970924635731083e-01 1.524980472469555370e-01 1.518507280449023222e-01 1.541091296108364761e-01 1.661151983011940891e-01 1.712747463432278405e-01 1.709103566893001025e-01 1.731132147492629725e-01 1.609398104616006075e-01 1.824415012498562805e-01 1.526122668557533257e-01 1.615913991337336875e-01 1.801498838352388054e-01 1.846893509755674623e-01 1.680126520006620106e-01 1.615533868821582841e-01 1.609461452982364760e-01 1.453685797919714584e-01 1.360474921347835930e-01 1.989499514922148382e-01 1.190952988635454179e-01 1.861368296077909879e-01 1.617469940556714725e-01 1.980378862635393811e-01 1.911143862197811072e-01 1.887452773543925599e-01 1.494573850104138069e-01 1.856032018188115140e-01 1.802631116668937938e-01 1.795481260880991969e-01 1.677645196704362907e-01 1.437523711615459887e-01 1.459326963742755279e-01 1.852631785860428260e-01 1.537052731223148005e-01 1.686242256882150292e-01 1.812785312116161618e-01 1.823229243475226469e-01 1.437397958190888558e-01 1.434335344786512589e-01 1.656789065562146168e-01 1.729066951102236072e-01
1.305098592068386631e-01 1.537618470435333229e-01 1.275586155707611746e-01 1.506808625652663880e-01 1.228270707663891431e-01 1.415412668953630881e-01 1.292464323875257282e-01 1.657784683581477736e-01 1.456086757903109485e-01 1.621763568898288432e-01 1.435782282597299619e-01 1.750657344883022604e-01 1.142178377637109721e-01 1.246080629016999008e-01 1.000000000000000000e+00 1.687097874595842872e-01 1.634543163288125489e-01 1.369501135230638267e-01 1.526605121753243366e-01 1.441416291699690599e-01 9.410397863969234555e-02 1.647013554357224518e-01 1.243512102047530099e-01 8.701451860589966281e-02 1.301145314792832575e-01 1.253188670376279845e-01 1.647216206937174576e-01 1.633721889088537993e-01 1.390474232553702560e-01 1.578663409318120381e-01 1.188974202657520490e-01 1.199035255444168280e-01 1.122738510258906169e-01 1.609122206964149482e-01 1.750497633449195622e-01 1.405554123558414303e-01 1.293093689114899747e-01 1.441070496138837920e-01 1.375137170036960510e-01 8.072814911775988422e-02 1.087231036382081822e-01 1.399704051795102877e-01 1.484501705005243366e-01 1.480467900314175467e-01 1.530932920931683816e-01 1.484265107522639293e-01 1.584531334435669292e-01 1.688659401110569058e-01 1.426569227943899898e-01 1.505876027163644271e-01 1.111815192258266138e-01 1.608076561595316312e-01 1.523632811316263935e-01 1.259376513895870131e-01 1.168622614410779609e-01 1.392493888851654427e-01 1.297350558289817879e-01 1.349969761346693220e-01 1.593488781487835404e-01 1.439682672120362883e-01 1.335201218997680572e-01 1.426032472567634046e-01 1.140090501962205821e-01 1.391746211999009275e-01 1.324377605821637494e-01 1.495804080711480855e-01 1.381838959574865633e-01 1.466172024487969738e-01 1.494129988783983731e-01 1.335309514715585233e-01 1.342443031714695978e-01 1.510584907339773963e-01 1.367909096835416838e-01 1.367567305354300544e-01 1.263620524188976413e-01 1.277106777941058591e-01 1.261575441844524359e-01 1.409551550540461273e-01 1.737878711252740516e-01 1.142795463165386383e-01 1.607530518607769576e-01 1.474489526270952588e-01 1.472838196690993695e-01 1.725122309859535852e-01 1.626662344307132912e-01 1.039092464848501846e-01 1.588390981324703521e-01 1.577809625348013112e-01 1.496544803376502197e-01 9.880603789641591306e-02 1.370062529531362316e-01 1.410539677173453521e-01 1.763527882685387571e-01 1.547578794590546425e-01 1.392062963290373601e-01 1.540552429111669008e-01 1.431603282534430477e-01 1.354494315116733238e-01 1.360523600990063697e-01 1.323235327159280050e-01 1.652098058017921756e-01
