1.414276423180660352e-06 9.999972340346924282e-01 9.999071177162548452e-01 9.999988930989281988e-01 9.999646854549025798e-01 9.999989984014951983e-01 9.999990723892582256e-01 9.999885762820432955e-01 9.999974246858527316e-01 9.999987318500261901e-01 9.999999852617471596e-01 9.999703837084036318e-01 9.999998785946280222e-01 9.999947087344023267e-01 9.999998519123827201e-01 9.999999472049230231e-01 9.999832819705860576e-01 9.999998458196267537e-01 9.999966144809987467e-01 9.999992485599604741e-01 9.999877082068318046e-01 9.999815471312927251e-01 9.999885540991556576e-01 9.999983077876349880e-01 9.999916400607937739e-01 9.999964724328302967e-01 9.999914093334646426e-01 9.999964698979179056e-01 9.999999999942575934e-01 9.999777907000740873e-01 9.999662982220637319e-01 9.999918814614389140e-01 9.999944421895438085e-01 9.999972563612826715e-01 9.999998897557501598e-01 9.999979430075700559e-01 9.999994061478497676e-01 9.999854257283206094e-01 9.999790542927591286e-01 9.999998525911596436e-01 9.999982794603347047e-01 9.999337195931113920e-01 9.999997862716866193e-01 9.999529559797400990e-01 9.999650923061783603e-01 9.999897383065646794e-01 9.999972346613621443e-01 9.999434001633789038e-01 9.999966569777031244e-01 9.999902203372845744e-01 9.999830819438659812e-01 9.999961494576612431e-01 9.999983874742689460e-01 9.999940546623705684e-01 9.999951726334785906e-01 9.999998652983556058e-01 9.999994393262252590e-01 9.999958756108824343e-01 9.999793705291410983e-01 9.999936931257816797e-01 9.999876423006208714e-01 9.999917725796048096e-01 9.999959005757781405e-01 9.999962066157750407e-01 9.999994965407560388e-01 9.999955037840850824e-01 9.999364993729842332e-01 9.999999754079847980e-01 9.999999994551422855e-01 9.999988329899101025e-01 9.999944160628654322e-01 9.999917542380295510e-01 9.999957809683871490e-01 9.999685300235603425e-01 9.999999721103288719e-01 9.999512300537056753e-01 9.999838184358281756e-01 9.999876113856069892e-01 9.999979296910567195e-01 9.999907813247418398e-01 9.999970726776129526e-01 9.999831114723982672e-01 9.999959644878309017e-01 9.999993089610057506e-01 9.999967997154965982e-01 9.999984335052701789e-01 9.999900648825571503e-01 9.999778759154498431e-01 9.999971079786271755e-01 9.999998407933340383e-01 9.999950914605426622e-01 9.999766798686572367e-01 9.999981137049288593e-01 9.998934238426799848e-01 9.999817188960968828e-01 9.999955357340372109e-01 9.999888300446139189e-01 9.999992213137420816e-01 9.999904416132306961e-01 9.999998715982010289e-01 9.999998335260160687e-01
9.999972340346924282e-01 1.414197919868275388e-06 9.999977520675292775e-01 9.999941762957974545e-01 9.999945807799094366e-01 9.999959819008955586e-01 9.999999118352574934e-01 9.999975505598627246e-01 9.999999674407361594e-01 9.999795130821294009e-01 9.999928015363215295e-01 9.999912088242213226e-01 9.999846247472277128e-01 9.999884636241420655e-01 9.999968209505489813e-01 9.999977038120800854e-01 9.999991594479465951e-01 9.999836943428596081e-01 9.999901865002739365e-01 9.999900683955110781e-01 9.999991297107336807e-01 9.999983921514743468e-01 9.999999106406797234e-01 9.999999573603909342e-01 9.999950280444315220e-01 9.999832586213025509e-01 9.999998537520842223e-01 9.999937577098031438e-01 9.999903207365067326e-01 9.999963103951605703e-01 9.999955219877368906e-01 9.999907486347844321e-01 9.999534055319330150e-01 9.999989485152579460e-01 9.999610352818320003e-01 9.999984284606618923e-01 9.999829757944863617e-01 9.999830624116083921e-01 9.999975545717074699e-01 9.999979116283971292e-01 9.999970881231812214e-01 9.999999762853285512e-01 9.999955515683890406e-01 9.999761088684839816e-01 9.999999784512174639e-01 9.999995902963567662e-01 9.999831766857317783e-01 9.999991238458513232e-01 9.999989196347519593e-01 9.999989437396804570e-01 9.999835256281393026e-01 9.999998608418642077e-01 9.999999943453417028e-01 9.999962325450415523e-01 9.999958702697799851e-01 9.999755443161827406e-01 9.999487828957699387e-01 9.999999444995262277e-01 9.999972599538636819e-01 9.999980967901765938e-01 9.999999691331070695e-01 9.999772572718536034e-01 9.999996755428087747e-01 9.999759209857113085e-01 9.999998564802765610e-01 9.999966425672739412e-01 9.999822691657634932e-01 9.999943599159983876e-01 9.999852877897424941e-01 9.999919239362045076e-01 9.999867155354733583e-01 9.999862644426994462e-01 9.999605147670178606e-01 9.999976912166617105e-01 9.999956376111756029e-01 9.999997083912838258e-01 9.999964298602650459e-01 9.999959093023942369e-01 9.999949735858001398e-01 9.999954939409932964e-01 9.999947442494364624e-01 9.999647294768029271e-01 9.999984577243791195e-01 9.999658847731788258e-01 9.999877486279540317e-01 9.999826405094690562e-01 9.999703258621072122e-01 9.999786188498162032e-01 9.999969298810016394e-01 9.999986891231288366e-01 9.999956468982746927e-01 9.999983789780697574e-01 9.999913052867946961e-01 9.999983851095872733e-01 9.999878869073355325e-01 9.999931009779501334e-01 9.999987874723595960e-01 9.999492746070671734e-01 9.999997549208179404e-01 9.999951440232544009e-01 9.999998292900235120e-01
9.999071177162548452e-01 9.999977520675292775e-01 1.414197919868275388e-06 9.999995600925111194e-01 9.999754317173777940e-01 9.999987597248923832e-01 9.999962448268046034e-01 9.999981040987598879e-01 9.999858772161943632e-01 9.999996936383304114e-01 9.999994396936625618e-01 9.999875750668086871e-01 9.999999981564819951e-01 9.999944069757197296e-01 9.999979168869485013e-01 9.999962786652244473e-01 9.999899596439444371e-01 9.999637949451724017e-01 9.999999628916741434e-01 9.999840137368971593e-01 9.999881362129082740e-01 9.999989088474525722e-01 9.999919950065238039e-01 9.999591028039928053e-01 9.999816364374952693e-01 9.999742036363795661e-01 9.999997779528547737e-01 9.999740530017199314e-01 9.999859049159579572e-01 9.999944326575410658e-01 9.999956603382800235e-01 9.999965064177377405e-01 9.999998806778540583e-01 9.999999483548817070e-01 9.999997221900782662e-01 9.999973211067464396e-01 9.999975190787694368e-01 9.999922396709085559e-01 9.999639258812578202e-01 9.999910030736349764e-01 9.999956852033581312e-01 9.999906319981787250e-01 9.999978047400042147e-01 9.999972875984607379e-01 9.999995574160729372e-01 9.999965787864142364e-01 9.999985476855511868e-01 9.999958018257851800e-01 9.999723779922625733e-01 9.999905341365775691e-01 9.999899644767749063e-01 9.999820431045547409e-01 9.999317506402961575e-01 9.999967944290835131e-01 9.999957880918947106e-01 9.999846531508701508e-01 9.999963491345220667e-01 9.999987006516057875e-01 9.999880868105491816e-01 9.999802350120162719e-01 9.999996621386765261e-01 9.999543813915612311e-01 9.999923371719412479e-01 9.999970283654324721e-01 9.999999905199125072e-01 9.999935375271583604e-01 9.999931923559548519e-01 9.999969030875337506e-01 9.999651194021534906e-01 9.999774638253783321e-01 9.999755699450484370e-01 9.999999996175470418e-01 9.999910488182421897e-01 9.999966783154610184e-01 9.999992477116991241e-01 9.999971018098304798e-01 9.999970571518667084e-01 9.999989348973105097e-01 9.999985773973665282e-01 9.999987699280992182e-01 9.999945608598304059e-01 9.999995502156143745e-01 9.999815843376617108e-01 9.999995162779286018e-01 9.999956617894469879e-01 9.999802041211320880e-01 9.999998869032629134e-01 9.999998736469395411e-01 9.999441030621271098e-01 9.999974045262217670e-01 9.999936029266522919e-01 9.999839900857752095e-01 9.999623149715165527e-01 9.999997133552132045e-01 9.999905864563783942e-01 9.999958575445820896e-01 9.999912003295782226e-01 9.999491566894828098e-01 9.999874564253602438e-01 9.999995925141045294e-01 9.999966090971359467e-01
9.999988930989281988e-01 9.999941762957974545e-01 9.999995600925111194e-01 1.414197919868275388e-06 9.999953892802503352e-01 9.999999992903165769e-01 9.999983962825179651e-01 9.999999733880136077e-01 9.999947871952619138e-01 9.999135870122495273e-01 9.999230565836668694e-01 9.999967148864882249e-01 9.999896591517719591e-01 9.999618078704871627e-01 9.999929900743336209e-01 9.999976922984447070e-01 9.999976095992750835e-01 9.999997701241400971e-01 9.999803501482698032e-01 9.999846256846558479e-01 9.999999662277542223e-01 9.999639229930538109e-01 9.999982278413379611e-01 9.999910177215142193e-01 9.999961940797416071e-01 9.999570525799550413e-01 9.999907882302270234e-01 9.999982409722506516e-01 9.999980486552577652e-01 9.999823039496442689e-01 9.999986306534370817e-01 9.999939389231030651e-01 9.999912644191657485e-01 9.999843179996252829e-01 9.999874331570923758e-01 9.999982817311082739e-01 9.999985725482194443e-01 9.999996677492050123e-01 9.999616767328465272e-01 9.999995206869563003e-01 9.999969706532483293e-01 9.999882307777905321e-01 9.999995053990839988e-01 9.999923891928198527e-01 9.999917568263764212e-01 9.999984378445871958e-01 9.999604101939416623e-01 9.999995279816139560e-01 9.999940230557291532e-01 9.999979918441403992e-01 9.999972692745644487e-01 9.999886219851525926e-01 9.999999426864634167e-01 9.999734463955902708e-01 9.999926713789035748e-01 9.999894140048303237e-01 9.999659876728682617e-01 9.999997467701952081e-01 9.999860912667583035e-01 9.999999904818904772e-01 9.999960716566858032e-01 9.999901429097818317e-01 9.999949067410681680e-01 9.999998099128939444e-01 9.999847841469456933e-01 9.999986956118751547e-01 9.999961899735707593e-01 9.999668513915292989e-01 9.999969347295118993e-01 9.999916108501772927e-01 9.999662120985841618e-01 9.999986342176162557e-01 9.999969768503188527e-01 9.999991516249912005e-01 9.999995829927011970e-01 9.999738918566818402e-01 9.999994991439398184e-01 9.999995065222356816e-01 9.999797130734369155e-01 9.999984758659898887e-01 9.999995356861440809e-01 9.999779091410794241e-01 9.999980278024882541e-01 9.999923956393109714e-01 9.999459984689241798e-01 9.999983991066082600e-01 9.999977120067977676e-01 9.999957514500980027e-01 9.999970385348234680e-01 9.999849300644899630e-01 9.999985889943926454e-01 9.999998594444531319e-01 9.999999183091138333e-01 9.999409421340346160e-01 9.999708131483249218e-01 9.999843874251159725e-01 9.999923683007796438e-01 9.999959847692724280e-01 9.999860264790492170e-01 9.999854819962289421e-01 9.999972182418909172e-01
9.999646854549025798e-01 9.999945807799094366e-01 9.999754317173777940e-01 9.999953892802503352e-01 1.414197919868275388e-06 9.999965060983670995e-01 9.999975077554007497e-01 9.999987148386457747e-01 9.999964653506008272e-01 9.999917131922078095e-01 9.999440900174534352e-01 9.999991401202197316e-01 9.999912576257462549e-01 9.999756956341527836e-01 9.999982285772961443e-01 9.999518147360427767e-01 9.999997960830570021e-01 9.999838554969097126e-01 9.999942206807785894e-01 9.999995830110613992e-01 9.999999963801431413e-01 9.999915489742641217e-01 9.999869630874052007e-01 9.999944205935238362e-01 9.999738654559331419e-01 9.999981648849196603e-01 9.999983779767169789e-01 9.999991307217300784e-01 9.999348747108293134e-01 9.999941914997203529e-01 9.999883962371128865e-01 9.999989251791902012e-01 9.999998987063891676e-01 9.999987513953703111e-01 9.999973417358631878e-01 9.999912927099524618e-01 9.999902535149398641e-01 9.999950236629212563e-01 9.999656881831093802e-01 9.999991137069088598e-01 9.999963609804017883e-01 9.999820313522591597e-01 9.999976038046243243e-01 9.999894463711969106e-01 9.999849477518393259e-01 9.999985344644609642e-01 9.999848164532388894e-01 9.999840448867133302e-01 9.999962380160130060e-01 9.999869014721434191e-01 9.999950385085428772e-01 9.999831754968264708e-01 9.999871293662416782e-01 9.999813303957173494e-01 9.999937128231027872e-01 9.999972783997144177e-01 9.999993800697681845e-01 9.999970244571033673e-01 9.999861492828311382e-01 9.999454253639376011e-01 9.999999305378981518e-01 9.999571768210591127e-01 9.999679483754722042e-01 9.999999673604234030e-01 9.999919967813678534e-01 9.999713086205793688e-01 9.999999682398758027e-01 9.999996780884563563e-01 9.999951632942103430e-01 9.999998113278146805e-01 9.999999714350340518e-01 9.999981198032190655e-01 9.999948104653120229e-01 9.999939256977531388e-01 9.999905248141356395e-01 9.999997434490959236e-01 9.999680729285183034e-01 9.999845590263930495e-01 9.999945511442296375e-01 9.999998772331639696e-01 9.999999026189688722e-01 9.999907330880988265e-01 9.999987722039043181e-01 9.999948254139183756e-01 9.999892249665801591e-01 9.999359225035324705e-01 9.999818948956110676e-01 9.999833677428004997e-01 9.999938956363996212e-01 9.999903786346692192e-01 9.999708418744396310e-01 9.999978231664478079e-01 9.999794862026663012e-01 9.999812786404053133e-01 9.999971937091369778e-01 9.999982470653884237e-01 9.999987710114508488e-01 9.999985702344909022e-01 9.999950536132642398e-01 9.999999967139928669e-01 9.999903569328219000e-01
9.999989984014951983e-01 9.999959819008955586e-01 9.999987597248923832e-01 9.999999992903165769e-01 9.999965060983670995e-01 1.414197919868275388e-06 9.999918359071559015e-01 9.999999938554271495e-01 9.999832862892894525e-01 9.999999241530297400e-01 9.999992077679754621e-01 9.999792946180220410e-01 9.999998887057935937e-01 9.999997526076304100e-01 9.999998388972290986e-01 9.999919717374858852e-01 9.999997077454753081e-01 9.999838308908790552e-01 9.999853741269181251e-01 9.999629827059571818e-01 9.999905312797571222e-01 9.999998130544383024e-01 9.999913058542503341e-01 9.999986001061748064e-01 9.999996719488211117e-01 9.999749379857246767e-01 9.999977772799067965e-01 9.999916055993954833e-01 9.999927626343410036e-01 9.999987172689849269e-01 9.999996911460727889e-01 9.999876439599680866e-01 9.999772268081028592e-01 9.999998978174537978e-01 9.999983673203697299e-01 9.999930527638180022e-01 9.999897009443662332e-01 9.999992786286023838e-01 9.999754522351074204e-01 9.999399438129796813e-01 9.999979221840493704e-01 9.999841236574966707e-01 9.999968065970203934e-01 9.999977119789692503e-01 9.999828162892860917e-01 9.999968374801472271e-01 9.999716887453606873e-01 9.999984600041325056e-01 9.999794877393213266e-01 9.999999996152328929e-01 9.999209280366561092e-01 9.999805772992352848e-01 9.999806566383622197e-01 9.999994404142596993e-01 9.999851431237466448e-01 9.999981942961206904e-01 9.999989440108000283e-01 9.999820511075036000e-01 9.999987505816684275e-01 9.999504712388427308e-01 9.999790984854641795e-01 9.999963732973289332e-01 9.999559871932460764e-01 9.999918520761386098e-01 9.999998834843962792e-01 9.999815278394252882e-01 9.999998484833412249e-01 9.999814509699076481e-01 9.999999817115090561e-01 9.999955210377979853e-01 9.999925067910305776e-01 9.999777257083884985e-01 9.999693461822887208e-01 9.999890729612389562e-01 9.999999254363988177e-01 9.999965443213844063e-01 9.999887938310468849e-01 9.999999339448171209e-01 9.999911502582986556e-01 9.999951680151165645e-01 9.999919954376531583e-01 9.999939518818002915e-01 9.999675147954648624e-01 9.999907182584460985e-01 9.999999229587290817e-01 9.999984178120422396e-01 9.999998912248686533e-01 9.999826535775996339e-01 9.999854124546212475e-01 9.999991997626866969e-01 9.999979819263246084e-01 9.999968232240113997e-01 9.999687430400353572e-01 9.999862701008750410e-01 9.999925230209392168e-01 9.999643683304408892e-01 9.999468840974046202e-01 9.999847065980570493e-01 9.999961745168640670e-01 9.999918507667311385e-01 9.999518207694625405e-01
9.999990723892582256e-01 9.999999118352574934e-01 9.999962448268046034e-01 9.999983962825179651e-01 9.999975077554007497e-01 9.999918359071559015e-01 1.414276423180660352e-06 9.999725218933244175e-01 9.999998530035464350e-01 9.999999555985665811e-01 9.999914866688575099e-01 9.999963820247553814e-01 9.999926963725892515e-01 9.999998904852184234e-01 9.999910921572113809e-01 9.999940443929893341e-01 9.999790755469711856e-01 9.999981037447087662e-01 9.999371284456229914e-01 9.999997915570024709e-01 9.999766991334209099e-01 9.999983611261497041e-01 9.999999936787867805e-01 9.999958519924213585e-01 9.999487147152936739e-01 9.999989540020222112e-01 9.999851430293341670e-01 9.999921621666235660e-01 9.999995939266044243e-01 9.999976711761412451e-01 9.999834347870082407e-01 9.999908881644927749e-01 9.999999091923374994e-01 9.999988891914071143e-01 9.999986188428560130e-01 9.999835045885269169e-01 9.999837486752486404e-01 9.999893286869558917e-01 9.999995152688008204e-01 9.999953575202170653e-01 9.999943269920150701e-01 9.999913079532217752e-01 9.999980893698634521e-01 9.999999374320680534e-01 9.999488918818337790e-01 9.999795148917941523e-01 9.999980848248875009e-01 9.999996320368309544e-01 9.999599219070985923e-01 9.999944945484803283e-01 9.999939946311530159e-01 9.999998700988791400e-01 9.999947437729364008e-01 9.999912562930954874e-01 9.999999922584817957e-01 9.999999186955100816e-01 9.999879094483135056e-01 9.999899415594718510e-01 9.999930148062992075e-01 9.999772875528540883e-01 9.999997111048395393e-01 9.999974538288379788e-01 9.999948344272731049e-01 9.999982642420868206e-01 9.999831028515676623e-01 9.999999998284834213e-01 9.999999997693047593e-01 9.999969416064807826e-01 9.999999939946117022e-01 9.999967457874421317e-01 9.999999949917407482e-01 9.999668596942762333e-01 9.999873744589445890e-01 9.999852127750101793e-01 9.999824038686768723e-01 9.999978625173785440e-01 9.999975644900264138e-01 9.999810865432796625e-01 9.999959529833948313e-01 9.999988442436527070e-01 9.999999819930867062e-01 9.999860903277679736e-01 9.999904582958099031e-01 9.999833207002759572e-01 9.999983979180275817e-01 9.999998699751118103e-01 9.999753724084116113e-01 9.999889882073312863e-01 9.999998278285903153e-01 9.999942851003726929e-01 9.999847102154936218e-01 9.999980646068997725e-01 9.999688810632133551e-01 9.999852815447631826e-01 9.999999999419206809e-01 9.999905521287817400e-01 9.999548191887670523e-01 9.999941464670155655e-01 9.999622171843238760e-01 9.999905955935335378e-01 9.999998533655354294e-01
9.999885762820432955e-01 9.999975505598627246e-01 9.999981040987598879e-01 9.999999733880136077e-01 9.999987148386457747e-01 9.999999938554271495e-01 9.999725218933244175e-01 1.414197919868275388e-06 9.999999864137519845e-01 9.999999692168977106e-01 9.999989828653627066e-01 9.999998674658666653e-01 9.999953693710396108e-01 9.999999072951105683e-01 9.999932795301325061e-01 9.999889671983412942e-01 9.999971329768664319e-01 9.999915764778171123e-01 9.999986090100634328e-01 9.999466415341492498e-01 9.999997487567311438e-01 9.999965934996566386e-01 9.999496293618617138e-01 9.999998111817740565e-01 9.999999030388585508e-01 9.999988654357242490e-01 9.999999705767743663e-01 9.999651824758017948e-01 9.999935767338241632e-01 9.999991237627177121e-01 9.999948421412345745e-01 9.999928840720565537e-01 9.999869742465563593e-01 9.999766271696264308e-01 9.999686568038638201e-01 9.999694954043811812e-01 9.999973769375899435e-01 9.999996431301099165e-01 9.999998064179982382e-01 9.999886623843552425e-01 9.999536932430199698e-01 9.999992703065124777e-01 9.999995903148033438e-01 9.999941106045180383e-01 9.999997984575071941e-01 9.999999259827802023e-01 9.999999967477879448e-01 9.999999839248915334e-01 9.999999925319777994e-01 9.999914355113900255e-01 9.999877886266158589e-01 9.999925679819522406e-01 9.999977778549461460e-01 9.999968050096837979e-01 9.999961055362095452e-01 9.999996355604667819e-01 9.999984953733540571e-01 9.999985097677814849e-01 9.999888583676972420e-01 9.999955054242518626e-01 9.999995975150225425e-01 9.999949624642471280e-01 9.999994972574850483e-01 9.999900568085053898e-01 9.999950965825027405e-01 9.999938820024835140e-01 9.999997956960837708e-01 9.999883933346827014e-01 9.999990590260506851e-01 9.999924869244736225e-01 9.999956047015280403e-01 9.999595248020075600e-01 9.999998910342512426e-01 9.999966842737696426e-01 9.999794505284457236e-01 9.999955304585680382e-01 9.999727014491691657e-01 9.999999642379600040e-01 9.999945163580510332e-01 9.999993685139146882e-01 9.999958599595164532e-01 9.999465317699655076e-01 9.999971576233209758e-01 9.999934506144535495e-01 9.999941506700240623e-01 9.999908571833655557e-01 9.999696081851703333e-01 9.999959730045256956e-01 9.999973695610658853e-01 9.999025661490705819e-01 9.999937546599262372e-01 9.999992720049656336e-01 9.999920054161149929e-01 9.999999906121785909e-01 9.999866878552918781e-01 9.999993712446864080e-01 9.999999991554264778e-01 9.999973492125104890e-01 9.999825620076489008e-01 9.999867723772052353e-01 9.999975361665529583e-01
9.999974246858527316e-01 9.999999674407361594e-01 9.999858772161943632e-01 9.999947871952619138e-01 9.999964653506008272e-01 9.999832862892894525e-01 9.999998530035464350e-01 9.999999864137519845e-01 1.414276423180660352e-06 9.999998460501698938e-01 9.999970066346317576e-01 9.999564738971788991e-01 9.999753120122901739e-01 9.999914957060489495e-01 9.999996932807850847e-01 9.999511842603991951e-01 9.999974913552752698e-01 9.999934088532239640e-01 9.999998567547930817e-01 9.999553262913259966e-01 9.999988819102358928e-01 9.999907862171193429e-01 9.999999898378085783e-01 9.999999887392465592e-01 9.999986649810160833e-01 9.999868464835017789e-01 9.999984473381100525e-01 9.999992321610022827e-01 9.999837807645273191e-01 9.999985273704741218e-01 9.999999736982472243e-01 9.999999452113833565e-01 9.999870903432631630e-01 9.999763577286371330e-01 9.999962200017208369e-01 9.999985873587402541e-01 9.999991081116809122e-01 9.999975263538132264e-01 9.999728881834729632e-01 9.999912695853245825e-01 9.999907811906603161e-01 9.999997598914874830e-01 9.999995661267589986e-01 9.999755982408420341e-01 9.999992861265041277e-01 9.999962763774119523e-01 9.999939492633836968e-01 9.999924796121852921e-01 9.999520209107132240e-01 9.999955977975432120e-01 9.999888161875447601e-01 9.999990034521359927e-01 9.999946461063056180e-01 9.999924983452436189e-01 9.999985201288019709e-01 9.999963057828487045e-01 9.999979191058508965e-01 9.999988329263556075e-01 9.999999868657886148e-01 9.999953679251485372e-01 9.999990510590609505e-01 9.999929947454126999e-01 9.999976022230021577e-01 9.999939375321283963e-01 9.999971783284257176e-01 9.999933756030965348e-01 9.999995009982519667e-01 9.999913617919220510e-01 9.999924171847303089e-01 9.999997710015147145e-01 9.999989925104399990e-01 9.999492090734177774e-01 9.999957576126351499e-01 9.999898410211456312e-01 9.999997183158400027e-01 9.999655266201403769e-01 9.999923694952999043e-01 9.999998032456413055e-01 9.999969367484005112e-01 9.999977441030991621e-01 9.999962309595067378e-01 9.999894082156456365e-01 9.999856054859542764e-01 9.999942714110882092e-01 9.999993993592257713e-01 9.999982921642321942e-01 9.999988956305583265e-01 9.999741426712998038e-01 9.999995013417054546e-01 9.999930050754678446e-01 9.999991682809463711e-01 9.999875531408928264e-01 9.999951347732367601e-01 9.999954674148061606e-01 9.999974520758401209e-01 9.999867681719085688e-01 9.999745578250407441e-01 9.999990811493215670e-01 9.999993411029887147e-01 9.999995400901299236e-01 9.999995211436527587e-01
9.999987318500261901e-01 9.999795130821294009e-01 9.999996936383304114e-01 9.999135870122495273e-01 9.999917131922078095e-01 9.999999241530297400e-01 9.999999555985665811e-01 9.999999692168977106e-01 9.999998460501698938e-01 1.414276423180660352e-06 9.999995628378970380e-01 9.999998421773940160e-01 9.999416720806258985e-01 9.999998514626738944e-01 9.999967924891280946e-01 9.999925292758240492e-01 9.999903515549902755e-01 9.999680244776433247e-01 9.999999971296600343e-01 9.999530584937215139e-01 9.999828111618762616e-01 9.999935373352025758e-01 9.999962090860929909e-01 9.999866067090585897e-01 9.999989814299640178e-01 9.999997396979256603e-01 9.999813770986850647e-01 9.999896243489283520e-01 9.999915364235599791e-01 9.999757877874897449e-01 9.999873467836482011e-01 9.999996790247571710e-01 9.999997826236812770e-01 9.999303182336967133e-01 9.999638524187040023e-01 9.999941026034939728e-01 9.999890084895768361e-01 9.999902589307668732e-01 9.999795962925923654e-01 9.999897330656497552e-01 9.999789867470223470e-01 9.999965469313628619e-01 9.999843513454873545e-01 9.999999320822076099e-01 9.999536220262447150e-01 9.999216850300385317e-01 9.999986487298023752e-01 9.999815717895746969e-01 9.999997928560095950e-01 9.999991495040000400e-01 9.999971300428162069e-01 9.999691300826226703e-01 9.999974904910384765e-01 9.999993083515559267e-01 9.999984428017546501e-01 9.999958402051647433e-01 9.999922242774134107e-01 9.999999976013232983e-01 9.999919319882882851e-01 9.999988841052750432e-01 9.999916227872065466e-01 9.999980471210869748e-01 9.999928129114816766e-01 9.999743936568750158e-01 9.999964256398141682e-01 9.999998865767755207e-01 9.999913580949149061e-01 9.999968059000323706e-01 9.999631240275268507e-01 9.999995434152394447e-01 9.999537104591880166e-01 9.999999995980495271e-01 9.999981099111590055e-01 9.999430428155107187e-01 9.999840316970000087e-01 9.999999303908486681e-01 9.999934097671490107e-01 9.999703634326451152e-01 9.999903746826734885e-01 9.999995657614523248e-01 9.999967616560598849e-01 9.999726508163498950e-01 9.999998984656921497e-01 9.999897376136277494e-01 9.999998322032835896e-01 9.998860452916249475e-01 9.999998276958076415e-01 9.999976443800614456e-01 9.999858961159668880e-01 9.999547020533801067e-01 9.999975050798859399e-01 9.999919754411371597e-01 9.999993280605274926e-01 9.999842718449193368e-01 9.999668768599371260e-01 9.999801137799232409e-01 9.999999940641264295e-01 9.999977157825425955e-01 9.999635438088521067e-01 9.999979356085932913e-01 9.999988304336577816e-01
9.999999852617471596e-01 9.999928015363215295e-01 9.999994396936625618e-01 9.999230565836668694e-01 9.999440900174534352e-01 9.999992077679754621e-01 9.999914866688575099e-01 9.999989828653627066e-01 9.999970066346317576e-01 9.999995628378970380e-01 1.414197919868275388e-06 9.999997339982097388e-01 9.999995790137984342e-01 9.999998446840675514e-01 9.999963312897443002e-01 9.999974285151205233e-01 9.999816932243231760e-01 9.999949994767225459e-01 9.999965889078720194e-01 9.999601482477069592e-01 9.999998926870108384e-01 9.999940904232945682e-01 9.999836838264861694e-01 9.999971675839205432e-01 9.999992069255377869e-01 9.999883322535293440e-01 9.999986576509494185e-01 9.999998555721414384e-01 9.999952281604679305e-01 9.999987544196875522e-01 9.999954735428082664e-01 9.999816019286645874e-01 9.999985323181896923e-01 9.999996100120783771e-01 9.999948828599035666e-01 9.999999224825921740e-01 9.999512687414456868e-01 9.999960680561605919e-01 9.999927098548061499e-01 9.999231964781132298e-01 9.999961136955031193e-01 9.999966837778361262e-01 9.999960440805578665e-01 9.999985151045563958e-01 9.999914470049883208e-01 9.999823392209685746e-01 9.999978884936808754e-01 9.999993191098675016e-01 9.999766608495163078e-01 9.999999991463760507e-01 9.999954221329163673e-01 9.999938964535282082e-01 9.999980125173271173e-01 9.999991002708613630e-01 9.999991605335128986e-01 9.999999835135838788e-01 9.999970466553467219e-01 9.999602848815758449e-01 9.999997349059800422e-01 9.999832319908861233e-01 9.999995298226244111e-01 9.999959158320199659e-01 9.999893397320021027e-01 9.999999775711915229e-01 9.999964874622774280e-01 9.999766109272468784e-01 9.999994165407211089e-01 9.999738259535305707e-01 9.999999268975692246e-01 9.999814388477278326e-01 9.999999921270795733e-01 9.999810985662046514e-01 9.999933110943445280e-01 9.999836466578980732e-01 9.999999974361942767e-01 9.999985949294861731e-01 9.999999806523025558e-01 9.999689419573581928e-01 9.999749541071195624e-01 9.999998366766829072e-01 9.999753856558311060e-01 9.999998174024270492e-01 9.998788011128729725e-01 9.999974257781325537e-01 9.999935305337084301e-01 9.999548267558143744e-01 9.999904985833686366e-01 9.999855655998572956e-01 9.999999297502640827e-01 9.999682942724671397e-01 9.999920017874748268e-01 9.999982168370927793e-01 9.999838700142384962e-01 9.999977417141335811e-01 9.999966785256902968e-01 9.999682017452499183e-01 9.999983320130320097e-01 9.999993052864712961e-01 9.999996361754138752e-01 9.999589774816892707e-01 9.999893093157194990e-01
9.999703837084036318e-01 9.999912088242213226e-01 9.999875750668086871e-01 9.999967148864882249e-01 9.999991401202197316e-01 9.999792946180220410e-01 9.999963820247553814e-01 9.999998674658666653e-01 9.999564738971788991e-01 9.999998421773940160e-01 9.999997339982097388e-01 1.414276423180660352e-06 9.999466594953412280e-01 9.999851153284943228e-01 9.999750968832443743e-01 9.999859693836514740e-01 9.999938571807275300e-01 9.999779681077366478e-01 9.999971689916837825e-01 9.999510454967351913e-01 9.999878885418940211e-01 9.999989729772903457e-01 9.999999874012079903e-01 9.999999921475825060e-01 9.999999930504908097e-01 9.999868114112606676e-01 9.999990878437670094e-01 9.999902148850762229e-01 9.999999731360152966e-01 9.999987591231539463e-01 9.999782972218149713e-01 9.999984533801652420e-01 9.999996333001665016e-01 9.999494841578593363e-01 9.999717891563884020e-01 9.999998265738374581e-01 9.999887098794566498e-01 9.999773579231325815e-01 9.999999167651506538e-01 9.999906750152095514e-01 9.999989265180970754e-01 9.999920693255072157e-01 9.999990752707853536e-01 9.999857741646294151e-01 9.999856135545642788e-01 9.999948825882720715e-01 9.999958378004518700e-01 9.999864430922924541e-01 9.999714704700864987e-01 9.999995890693974543e-01 9.999999731246321799e-01 9.999950938390056443e-01 9.999951527548791574e-01 9.999793395419188657e-01 9.999931003460650336e-01 9.999964811692367839e-01 9.999880668469505185e-01 9.999778673279725583e-01 9.999999689123308944e-01 9.999998319496214982e-01 9.999601890318242647e-01 9.999834317834580544e-01 9.999791975911214159e-01 9.999551370867065803e-01 9.999970126068177256e-01 9.999282192053172702e-01 9.999968726448027478e-01 9.999828307535254535e-01 9.999950245067491528e-01 9.999936212674518377e-01 9.999973809828923699e-01 9.999996525141718884e-01 9.999898512620417623e-01 9.999856967277341857e-01 9.999632576788862748e-01 9.999993118253726054e-01 9.999924363685426254e-01 9.999932956646551130e-01 9.999863776448459918e-01 9.999538372190064361e-01 9.999910958938819094e-01 9.999978708840915331e-01 9.999904204950421649e-01 9.999997977722231424e-01 9.999989040844152743e-01 9.999957160935384337e-01 9.999805326316688614e-01 9.999940678537583283e-01 9.999870085471640468e-01 9.999396781663637546e-01 9.999542082832844070e-01 9.999994679369357264e-01 9.999948151290521947e-01 9.999968801607109770e-01 9.999733311380326617e-01 9.999899129627272121e-01 9.999965600516608211e-01 9.999939397948557351e-01 9.999945316322150779e-01 9.999983512381219741e-01 9.999787361427476817e-01
9.999998785946280222e-01 9.999846247472277128e-01 9.999999981564819951e-01 9.999896591517719591e-01 9.999912576257462549e-01 9.999998887057935937e-01 9.999926963725892515e-01 9.999953693710396108e-01 9.999753120122901739e-01 9.999416720806258985e-01 9.999995790137984342e-01 9.999466594953412280e-01 1.414197919868275388e-06 9.999990092568366018e-01 9.999751069302272866e-01 9.999889494539119239e-01 9.999345488161229811e-01 9.999704392810397913e-01 9.999988877077091720e-01 9.999999808898437648e-01 9.999975021076614734e-01 9.999957407933297571e-01 9.999996801775032917e-01 9.999876767288634616e-01 9.999998304620225653e-01 9.999818624392521338e-01 9.999556792734367594e-01 9.999837975138268220e-01 9.999868936952903686e-01 9.999727314991156968e-01 9.999974637574793324e-01 9.999998910352110304e-01 9.999938275755451134e-01 9.999917097961747992e-01 9.999969368753151011e-01 9.999925768813774374e-01 9.999992343180091892e-01 9.998997847506229109e-01 9.999769161745630797e-01 9.999990200953694508e-01 9.999903661719140580e-01 9.999603654246500550e-01 9.999992526563368234e-01 9.999963240433551448e-01 9.999975436420625030e-01 9.999997240123968956e-01 9.999973728448137145e-01 9.999969134162933759e-01 9.999918320148921680e-01 9.999975662277832411e-01 9.999997672729005194e-01 9.999673514838399724e-01 9.999997232044174345e-01 9.999999954136422620e-01 9.999753326512502705e-01 9.999905098152332972e-01 9.999820375867702893e-01 9.999890979335999130e-01 9.999718770462971973e-01 9.999991833184311840e-01 9.999925715895312539e-01 9.999853647437463300e-01 9.999950568196299683e-01 9.999967039624254594e-01 9.999998849405211665e-01 9.999881378516372044e-01 9.999999913362583870e-01 9.999993948446501690e-01 9.999920503126450422e-01 9.999495583110400432e-01 9.999999871971403387e-01 9.999977094126158983e-01 9.999963478053602861e-01 9.999551478299866236e-01 9.999799394439486955e-01 9.999727883513369608e-01 9.999967304430099624e-01 9.999983050056937550e-01 9.999973161967942170e-01 9.999965364185737782e-01 9.999995563278468724e-01 9.999991137622487036e-01 9.999466927274198724e-01 9.999697246994961874e-01 9.999942746382710634e-01 9.999973638445679436e-01 9.999943804618653953e-01 9.999994683639581439e-01 9.999950409642565097e-01 9.999944260454513012e-01 9.999456805198883025e-01 9.999616745368392623e-01 9.999931818035585618e-01 9.999874950854547029e-01 9.999975946162900087e-01 9.999997508087588027e-01 9.999999652446025511e-01 9.999601021914602539e-01 9.999323114246029265e-01 9.999634484019988001e-01 9.999835362942866013e-01
9.999947087344023267e-01 9.999884636241420655e-01 9.999944069757197296e-01 9.999618078704871627e-01 9.999756956341527836e-01 9.999997526076304100e-01 9.999998904852184234e-01 9.999999072951105683e-01 9.999914957060489495e-01 9.999998514626738944e-01 9.999998446840675514e-01 9.999851153284943228e-01 9.999990092568366018e-01 1.414197919868275388e-06 9.999809858948093266e-01 9.999999976724093242e-01 9.999930875230872429e-01 9.999991042245691686e-01 9.999979765275763821e-01 9.999909581732435715e-01 9.999978888571632307e-01 9.999996814203010453e-01 9.999977610765971026e-01 9.999452764204677102e-01 9.999847660122307413e-01 9.999789242894534524e-01 9.999877103387044830e-01 9.999873352856770703e-01 9.999855114960524149e-01 9.999984942149992007e-01 9.999990334318393792e-01 9.999456798364706467e-01 9.999975549382695839e-01 9.999754712840360771e-01 9.999926798802101224e-01 9.999899173962558674e-01 9.999998890559351761e-01 9.999936573027456976e-01 9.999962742000664262e-01 9.999870187947241806e-01 9.999993431903404506e-01 9.999939139112481445e-01 9.999965997221543779e-01 9.999999555693344089e-01 9.999995949354208991e-01 9.999911162049178737e-01 9.999988612138061006e-01 9.999999511235151406e-01 9.999996835500511994e-01 9.999947514013483030e-01 9.999966478131051550e-01 9.999999919964072115e-01 9.999999608425430564e-01 9.999934806433622425e-01 9.999876288768029253e-01 9.999994483714159665e-01 9.999888193801607095e-01 9.999762937153030551e-01 9.999928099841229878e-01 9.999998102573900427e-01 9.999998699375096667e-01 9.999880061931768482e-01 9.999997299430662956e-01 9.999971038881035890e-01 9.999984434587538829e-01 9.999997233573415523e-01 9.999902454114490968e-01 9.999948557604307897e-01 9.999611185019401383e-01 9.999975540678325281e-01 9.999987863029696777e-01 9.999995984086526013e-01 9.999921575929359152e-01 9.999843145882443274e-01 9.999865923085563546e-01 9.999970947734408977e-01 9.999928732738735393e-01 9.999960364972766413e-01 9.999837075577251433e-01 9.999746174693188161e-01 9.999926016141257312e-01 9.999932983125043862e-01 9.999426208272403915e-01 9.999877433298954843e-01 9.999909901031005521e-01 9.999970593689765375e-01 9.999925565580131126e-01 9.999999054176076374e-01 9.999934697154267971e-01 9.999836676709389360e-01 9.999932890879044134e-01 9.999823116787734945e-01 9.999978856432700791e-01 9.999954867043971962e-01 9.999998488305583688e-01 9.999936515440440710e-01 9.999940374793047093e-01 9.999682797168122361e-01 9.999819388228549100e-01 9.999999119668031566e-01 9.999997735907139029e-01
9.999998519123827201e-01 9.999968209505489813e-01 9.999979168869485013e-01 9.999929900743336209e-01 9.999982285772961443e-01 9.999998388972290986e-01 9.999910921572113809e-01 9.999932795301325061e-01 9.999996932807850847e-01 9.999967924891280946e-01 9.999963312897443002e-01 9.999750968832443743e-01 9.999751069302272866e-01 9.999809858948093266e-01 1.414197919868275388e-06 9.999953535987469166e-01 9.999959375812197404e-01 9.999996195468701110e-01 9.999980962031462806e-01 9.999993997519868172e-01 9.999568651786572282e-01 9.999753716017106830e-01 9.999928292827290344e-01 9.999758148540985880e-01 9.999998241556417033e-01 9.999998993998737706e-01 9.999987324033504654e-01 9.999586558664930180e-01 9.999956319186856790e-01 9.999897062019134086e-01 9.999777304212179585e-01 9.999808077425862418e-01 9.999878356482280184e-01 9.999956863509158467e-01 9.999732350787553514e-01 9.999986493270640597e-01 9.999974054929867684e-01 9.999979851686843224e-01 9.999995023138247285e-01 9.999718199796346907e-01 9.999636169354243487e-01 9.999790584638159618e-01 9.999999356412074825e-01 9.999840799461936491e-01 9.999990467070736244e-01 9.999936956896672280e-01 9.999962552002160665e-01 9.999563004408800193e-01 9.999926714641184100e-01 9.999972105441441439e-01 9.999687846253194623e-01 9.999769465913141975e-01 9.999947829772168895e-01 9.999936139729804774e-01 9.999669991726429785e-01 9.999800023009253191e-01 9.999997718601751906e-01 9.999959763409950186e-01 9.999840516566775861e-01 9.999944829751029607e-01 9.999986813258505691e-01 9.999977847752165028e-01 9.999916110411803949e-01 9.999978683464840756e-01 9.999944855932941801e-01 9.999937872785764625e-01 9.999993150646979689e-01 9.999802555038186380e-01 9.999955681002177243e-01 9.999995599060005347e-01 9.999976274751231076e-01 9.999994575074760972e-01 9.999809341372042359e-01 9.999981045481580733e-01 9.999795026635295292e-01 9.999895155797949853e-01 9.999966914345210789e-01 9.999912963598259763e-01 9.999955909856323988e-01 9.999999043795531062e-01 9.999969551412717372e-01 9.999990488921512988e-01 9.999999109250716778e-01 9.999878807478927989e-01 9.999738845379305685e-01 9.999956662538697083e-01 9.999973095123003697e-01 9.999993510507465544e-01 9.999998095659583530e-01 9.999702379861816759e-01 9.999994323183851730e-01 9.999973176153629240e-01 9.999897475596677410e-01 9.999910116397330295e-01 9.999966995357298938e-01 9.999977413707010765e-01 9.999981457580544575e-01 9.999952776187240877e-01 9.999994518313105596e-01 9.999974692195882087e-01 9.999957465290462144e-01
