-1.0000e+00, -6.2518e-02, +3.6595e-02, +3.5344e-02, -3.2911e-02, +2.2388e-02, +1.6372e-02, -5.1254e-02, -1.2584e-01, -2.6923e-02, -9.8640e-03, -4.7969e-02, +2.3285e-02, +1.7317e-03, -6.8085e-02, -6.3205e-02, +5.4948e-02, +1.6865e-02, +1.1263e-02, +4.8811e-02, +5.8786e-02, +5.2511e-02, -3.2747e-02, +3.3974e-02, -4.6043e-02, +3.4730e-02, +4.4225e-02, +7.4105e-02, +3.1689e-02, +2.7238e-02, +1.4705e-02, +2.9619e-02, +1.9456e-02, -5.3172e-02, -3.9862e-02, +5.1415e-02, +3.3925e-02, +2.8596e-03, +4.3774e-02, -6.9632e-03, +2.1954e-03, -1.3408e-01, +7.2037e-03, +3.9412e-02, +4.1523e-03, +8.7063e-02, -4.4857e-02, +7.7098e-02, -3.1364e-02, +1.7874e-02
-6.2518e-02, -1.0000e+00, +4.5188e-02, -3.7716e-02, -1.0373e-01, -9.1785e-03, +4.1905e-02, -7.3889e-03, -1.0975e-02, +7.9745e-02, -3.5319e-02, +6.9328e-02, +8.4514e-02, +9.8350e-03, -2.1970e-01, -1.5998e-02, -7.0966e-03, -2.7633e-02, +2.5640e-02, -5.0704e-02, -6.2099e-02, +8.0359e-03, +4.5486e-02, +4.0970e-02, -3.6385e-02, +6.9998e-02, -2.2196e-02, -7.6022e-02, -1.2751e-01, +1.8653e-02, -1.4239e-01, -1.1697e-01, -8.6335e-02, -3.6480e-02, -5.0464e-02, +5.6562e-02, +9.8525e-02, -1.4044e-02, +3.4114e-02, +3.7068e-02, -8.0510e-02, -1.0238e-01, -3.6267e-03, -4.6062e-02, -8.7168e-02, -4.3723e-02, -7.7233e-02, +3.1978e-01, -9.2761e-02, -9.6722e-02
+3.6595e-02, +4.5188e-02, -1.0000e+00, +1.3736e-02, +4.8137e-02, +3.6678e-02, -2.2166e-02, +1.4139e-02, -4.2858e-02, -5.4039e-02, -3.8664e-02, +3.5126e-04, -8.1221e-02, -2.9422e-02, +9.0109e-02, -1.1963e-02, +1.1628e-02, -5.9022e-02, -3.0362e-03, -3.0354e-02, +9.3106e-02, -1.4276e-02, -2.1794e-02, -3.2072e-02, -2.7614e-02, -6.7324e-04, -3.1396e-02, -5.1104e-02, +3.7453e-02, -2.9789e-02, +1.9886e-03, +1.2315e-01, -6.1463e-02, -6.9325e-02, +1.7845e-02, -1.1321e-02, -1.2130e-02, -8.7794e-03, -1.3746e-02, +6.5493e-03, +3.3884e-02, +7.3567e-02, +4.5410e-02, +1.0782e-02, -8.3151e-02, -5.3984e-02, +2.2314e-02, -8.9353e-02, -1.4129e-02, -1.1045e-02
+3.5344e-02, -3.7716e-02, +1.3736e-02, -1.0000e+00, -5.6432e-02, -2.1664e-02, -7.3044e-03, +7.7339e-02, +4.8466e-02, +1.1566e-02, -1.2735e-01, -7.1703e-02, -3.9106e-02, +4.1996e-02, -7.3909e-02, -1.3495e-02, +1.3253e-02, -4.7202e-02, -1.7553e-02, -1.3038e-01, -2.8005e-03, -3.2148e-02, -3.6361e-02, -7.8745e-02, -8.2391e-02, -9.6847e-02, +5.9512e-02, -1.3961e-01, -1.1678e-02, -1.5260e-02, +8.2536e-03, -3.1132e-02, -3.6886e-02, +1.7277e-02, +2.4294e-02, -2.7441e-02, +9.0724e-02, -6.6201e-02, +1.5631e-02, -3.4229e-02, -3.4526e-02, +1.0322e-01, +6.3259e-02, +1.6915e-02, -4.5587e-02, -8.9157e-02, -5.3123e-02, +5.7136e-02, -8.0012e-03, +5.4517e-02
-3.2911e-02, -1.0373e-01, +4.8137e-02, -5.6432e-02, -1.0000e+00, -8.3318e-02, +2.2746e-02, -6.7188e-03, -3.7866e-02, -2.7873e-02, -7.6673e-02, +1.1858e-01, -2.7800e-02, +1.9200e-02, -1.7768e-01, -3.6676e-02, +8.5246e-02, -8.3474e-02, -5.5580e-02, +5.3709e-03, -5.9307e-02, -1.8442e-02, +3.3840e-02, -6.4602e-02, +3.1081e-02, +4.1419e-02, +5.1684e-02, -1.8866e-01, -8.1582e-02, -3.5122e-02, -2.9121e-02, -1.4716e-01, -4.3662e-02, +5.0649e-03, -1.4296e-01, +7.4171e-02, +1.4272e-02, +6.4364e-02, -2.7730e-02, -3.8910e-02, -1.8060e-02, -4.7069e-02, +4.7939e-02, +6.6810e-02, -1.3133e-01, -1.0072e-02, -1.1969e-01, +3.1913e-01, -1.0747e-02, -1.9542e-02
+2.2388e-02, -9.1785e-03, +3.6678e-02, -2.1664e-02, -8.3318e-02, -1.0000e+00, +8.9334e-03, -4.3146e-02, +5.7521e-02, -7.4642e-02, -1.0693e-01, +7.1317e-03, -3.3084e-03, -2.4368e-02, -1.5620e-01, +2.4603e-02, -3.5687e-02, -1.0343e-01, -3.6368e-02, -5.0725e-02, -5.3891e-02, -4.7404e-02, +2.5600e-02, -8.7800e-04, +8.3458e-02, +4.0319e-03, -6.6864e-02, -9.0452e-02, -1.1298e-01, -2.1486e-02, -7.0823e-02, +2.7899e-02, -3.8521e-02, +4.8036e-02, -6.9486e-04, +1.0996e-02, +1.0359e-01, -3.8067e-02, -4.6262e-02, -1.8088e-02, -3.9165e-02, +2.6965e-02, +4.3641e-03, -6.4607e-02, -1.5053e-02, +4.5437e-02, -2.1266e-01, +7.8656e-02, -7.8790e-02, +6.2482e-02
+1.6372e-02, +4.1905e-02, -2.2166e-02, -7.3044e-03, +2.2746e-02, +8.9334e-03, -1.0000e+00, +3.0247e-02, -4.8483e-02, +7.6416e-03, +2.4981e-02, +7.6996e-03, +3.4975e-02, +2.3662e-02, +2.4788e-02, +4.4140e-02, +1.5154e-02, -2.8228e-02, +1.3544e-02, -3.6712e-02, -1.1447e-02, -6.4428e-02, -4.7417e-02, -4.7137e-02, +3.9489e-03, +1.9168e-02, +1.8094e-02, -3.1355e-02, +5.8426e-02, +9.0104e-02, +3.0630e-03, +2.9922e-02, -4.5925e-02, -2.1363e-02, -3.4157e-02, +2.5056e-02, -6.9956e-02, -1.0078e-02, -2.5646e-02, -1.6877e-02, +1.0816e-02, +2.2500e-02, +5.5081e-03, +2.6511e-02, +3.0949e-02, -7.9949e-02, -1.9342e-02, +1.2133e-03, -3.0683e-02, -2.6122e-02
-5.1254e-02, -7.3889e-03, +1.4139e-02, +7.7339e-02, -6.7188e-03, -4.3146e-02, +3.0247e-02, -1.0000e+00, -4.6871e-02, -1.5038e-02, -1.5628e-02, -1.1653e-02, +2.8521e-02, -1.6497e-02, -2.6642e-02, +1.5162e-02, +2.2507e-02, -5.1497e-02, +9.5025e-02, -1.4330e-02, +4.7875e-02, -1.2848e-02, +7.5713e-03, +9.2274e-02, +2.6158e-02, +3.4665e-02, -8.8656e-02, +1.9234e-02, -1.5602e-02, -2.1692e-02, -7.1372e-03, +2.0560e-02, +3.8373e-02, -2.2611e-02, +8.8160e-02, -7.7550e-02, +5.9427e-03, -7.3690e-02, -2.3066e-02, +5.7854e-02, +1.1895e-02, +2.3200e-02, +3.6043e-03, +6.5940e-03, -2.2030e-04, +1.3254e-01, -4.6409e-02, -4.3994e-02, +3.2737e-02, +5.0328e-03
-1.2584e-01, -1.0975e-02, -4.2858e-02, +4.8466e-02, -3.7866e-02, +5.7521e-02, -4.8483e-02, -4.6871e-02, -1.0000e+00, +3.2361e-02, +9.6210e-02, -3.0719e-03, +3.0355e-03, +2.0163e-02, +2.7928e-02, -7.7484e-02, +9.5549e-03, +3.8886e-02, +1.4479e-02, +6.3311e-02, +5.7225e-02, +1.8001e-02, +4.6839e-03, +6.0340e-02, -5.9794e-02, +3.5191e-02, -2.7266e-02, +5.6966e-03, +8.3358e-02, -1.2327e-02, +7.7615e-02, +4.3780e-02, +3.7451e-02, -7.0046e-02, +7.4120e-03, +6.2885e-02, -2.6434e-02, +5.2098e-02, +4.2453e-02, +9.6841e-03, +1.1547e-01, -9.1771e-02, -2.2172e-02, +3.2994e-03, -1.0469e-03, +6.1189e-02, -4.1727e-02, -9.8293e-03, -3.4070e-02, +2.4028e-02
-2.6923e-02, +7.9745e-02, -5.4039e-02, +1.1566e-02, -2.7873e-02, -7.4642e-02, +7.6416e-03, -1.5038e-02, +3.2361e-02, -1.0000e+00, +4.2464e-02, -5.3121e-02, +1.5937e-02, +3.2826e-02, +2.8025e-02, -4.1563e-02, -5.9621e-02, +1.1400e-02, +2.6002e-02, -1.9365e-02, +2.5495e-02, +2.1467e-02, -1.3454e-02, +2.2141e-02, +5.4373e-02, -2.1915e-03, +3.6622e-02, +3.5964e-02, -9.7355e-03, -1.4497e-02, +5.0215e-02, +1.1002e-01, -1.4681e-04, -7.8360e-03, -1.4857e-02, -2.2955e-02, +2.5049e-03, -9.7039e-05, +4.9472e-02, +2.4046e-02, +5.7380e-02, -7.3462e-02, -1.0427e-02, +1.2706e-02, +6.3433e-02, +4.0504e-02, +4.1198e-03, -8.0841e-02, -2.0624e-02, -3.9232e-02
-9.8640e-03, -3.5319e-02, -3.8664e-02, -1.2735e-01, -7.6673e-02, -1.0693e-01, +2.4981e-02, -1.5628e-02, +9.6210e-02, +4.2464e-02, -1.0000e+00, -1.9338e-02, -1.2146e-02, +1.1599e-02, -1.4382e-01, -6.0636e-02, +4.2017e-02, -1.4026e-01, -1.6916e-02, -5.4236e-02, -4.5181e-02, +4.1940e-02, +1.7321e-02, +7.5054e-02, +6.4008e-02, -9.4532e-02, +7.8168e-02, -1.3080e-01, -5.7596e-02, +4.5500e-03, -7.1617e-02, +5.0295e-02, -2.7792e-02, +1.9097e-02, -2.7379e-02, +3.9278e-02, +6.4289e-02, -8.6266e-02, +1.8775e-02, +1.1908e-02, -6.4875e-02, -9.5575e-03, -1.2698e-02, +1.9922e-02, -5.3179e-02, -1.2853e-02, -8.4385e-02, +1.0600e-01, -4.3829e-02, +1.0547e-01
-4.7969e-02, +6.9328e-02, +3.5126e-04, -7.1704e-02, +1.1858e-01, +7.1317e-03, +7.6996e-03, -1.1653e-02, -3.0719e-03, -5.3121e-02, -1.9338e-02, -1.0000e+00, +6.1834e-02, -3.1199e-02, +1.2996e-01, -6.4419e-02, -3.6973e-02, -1.2209e-02, +1.2868e-02, -5.3578e-02, -8.0686e-02, +3.2029e-02, -9.5012e-03, +1.2746e-02, -1.4864e-01, -1.6713e-02, +6.1350e-03, +1.1465e-01, +3.5245e-02, +1.6514e-02, +1.2112e-01, +1.3736e-01, +5.4409e-03, -5.3145e-02, +9.3014e-02, -6.4770e-02, -8.8233e-02, +1.8936e-02, +5.7384e-02, +9.3383e-03, +3.2490e-02, +1.4939e-01, +3.7021e-03, -1.1613e-01, +2.6805e-01, +1.1474e-02, +1.4256e-01, -2.9682e-01, +4.1028e-02, -6.5006e-02
+2.3285e-02, +8.4514e-02, -8.1221e-02, -3.9106e-02, -2.7800e-02, -3.3084e-03, +3.4975e-02, +2.8521e-02, +3.0355e-03, +1.5937e-02, -1.2146e-02, +6.1834e-02, -1.0000e+00, -4.5132e-02, +1.2690e-02, +5.4004e-02, +1.7949e-02, +1.9951e-02, +2.4541e-02, -3.9411e-02, +3.5236e-02, -8.3544e-03, +1.8334e-02, -4.1696e-02, +3.0655e-02, -9.6280e-02, -5.7197e-02, +2.2250e-02, +5.4884e-02, -1.1370e-02, +5.7381e-03, -8.6293e-03, -6.7490e-02, +4.9703e-02, -1.6782e-02, -1.3385e-02, -3.4366e-02, +1.8477e-03, -1.8273e-02, +4.5257e-02, -3.4737e-02, -9.5180e-02, +5.1388e-02, +4.3513e-03, +6.9692e-02, +1.0405e-02, -7.2590e-02, -7.7008e-02, +3.0681e-02, -1.8798e-02
+1.7317e-03, +9.8350e-03, -2.9422e-02, +4.1996e-02, +1.9200e-02, -2.4368e-02, +2.3662e-02, -1.6497e-02, +2.0163e-02, +3.2826e-02, +1.1599e-02, -3.1199e-02, -4.5132e-02, -1.0000e+00, +1.2032e-02, -4.9229e-02, -1.2734e-01, +6.4107e-03, +7.8319e-04, -4.6382e-02, +8.6186e-03, -7.8669e-03, -3.3847e-02, -1.2799e-01, -4.4319e-02, -4.8159e-02, -1.3105e-01, +5.0910e-02, +1.0832e-02, -1.1517e-01, +2.0871e-02, +7.4355e-02, +1.9142e-02, +6.4931e-03, +3.3993e-02, -8.5678e-02, +3.1714e-02, -4.5212e-02, -1.3870e-02, +6.6621e-02, -8.4155e-03, +2.8019e-02, +1.0820e-02, -6.9989e-02, +2.9563e-03, -5.9426e-02, +3.8630e-03, -1.7872e-01, +3.6876e-03, +7.4353e-02
-6.8085e-02, -2.1970e-01, +9.0109e-02, -7.3909e-02, -1.7768e-01, -1.5620e-01, +2.4788e-02, -2.6642e-02, +2.7928e-02, +2.8025e-02, -1.4382e-01, +1.2996e-01, +1.2690e-02, +1.2032e-02, -1.0000e+00, -1.6134e-02, +3.7377e-02, -1.2549e-01, -8.4298e-02, -1.1493e-01, -5.5050e-02, -7.0549e-02, +1.2243e-02, -5.8341e-02, +1.1606e-01, +5.6584e-02, -2.8766e-02, -1.6492e-01, -1.7744e-01, +2.3923e-02, -2.4645e-01, -1.1232e-01, -7.5745e-02, +4.1029e-02, -4.4231e-02, +1.1728e-01, +1.7793e-01, -5.1570e-03, -5.7854e-02, -3.8099e-02, -1.4721e-01, -3.0161e-03, +1.2929e-02, +1.7447e-02, -2.0314e-01, +3.9337e-02, -1.0467e-01, +4.4590e-01, -5.9829e-02, -4.4415e-02
-6.3205e-02, -1.5998e-02, -1.1963e-02, -1.3495e-02, -3.6676e-02, +2.4603e-02, +4.4140e-02, +1.5162e-02, -7.7484e-02, -4.1563e-02, -6.0636e-02, -6.4419e-02, +5.4004e-02, -4.9229e-02, -1.6134e-02, -1.0000e+00, -4.8121e-03, +4.7005e-03, +4.7000e-02, -2.5720e-02, +7.7752e-02, +8.3718e-02, -2.8196e-02, -4.0970e-02, +1.8485e-02, +2.0727e-02, +3.5124e-02, -5.7227e-03, +4.3155e-02, -4.4664e-02, -5.4863e-02, +5.4729e-02, +3.6254e-02, -1.5912e-02, -1.8034e-02, +9.3504e-02, +2.4957e-02, -6.2960e-02, +3.2126e-03, -1.3992e-02, -4.3635e-02, -1.0925e-01, -1.9479e-02, +1.3929e-02, +6.7619e-02, +3.8625e-02, -2.1535e-02, +8.5098e-02, +4.3795e-02, +4.6080e-02
+5.4948e-02, -7.0966e-03, +1.1628e-02, +1.3253e-02, +8.5246e-02, -3.5687e-02, +1.5154e-02, +2.2507e-02, +9.5549e-03, -5.9621e-02, +4.2017e-02, -3.6973e-02, +1.7949e-02, -1.2734e-01, +3.7377e-02, -4.8121e-03, -1.0000e+00, +1.6821e-02, -4.8508e-03, -1.5887e-02, +4.7464e-02, -5.5201e-02, -1.9149e-02, +5.7011e-03, +3.1797e-02, +1.3408e-02, +4.6139e-02, +3.0663e-02, +6.7343e-02, -2.8573e-02, +7.6001e-02, +5.9530e-02, +7.1231e-02, -6.2199e-02, +3.0634e-02, -2.8928e-02, +6.0262e-04, -3.1824e-02, +4.3976e-02, +3.7507e-02, +3.3764e-02, +7.2809e-02, -6.4379e-02, -6.2553e-02, +1.7265e-02, +2.0230e-02, +1.7206e-02, -1.2429e-01, -7.8427e-02, -2.1915e-02
+1.6865e-02, -2.7633e-02, -5.9022e-02, -4.7202e-02, -8.3474e-02, -1.0343e-01, -2.8228e-02, -5.1497e-02, +3.8886e-02, +1.1400e-02, -1.4026e-01, -1.2209e-02, +1.9951e-02, +6.4107e-03, -1.2549e-01, +4.7005e-03, +1.6821e-02, -1.0000e+00, +7.3834e-02, -1.0424e-01, +7.3497e-02, -5.1682e-02, +5.3304e-02, +8.1200e-02, +1.4826e-02, -1.4436e-02, -1.7595e-02, -4.6881e-02, -3.2188e-02, +8.7704e-03, -6.1923e-02, +7.5780e-02, +1.0314e-02, -1.1949e-02, -2.8875e-02, +4.8929e-02, +6.3780e-02, +5.7029e-03, +1.5523e-02, +3.3808e-03, -4.7721e-02, +9.6243e-03, -8.4498e-03, +2.3310e-02, -4.9169e-02, +4.2275e-02, -1.9205e-02, +1.4135e-02, +2.1589e-02, +5.3437e-02
+1.1263e-02, +2.5640e-02, -3.0362e-03, -1.7553e-02, -5.5580e-02, -3.6368e-02, +1.3544e-02, +9.5025e-02, +1.4479e-02, +2.6002e-02, -1.6916e-02, +1.2868e-02, +2.4541e-02, +7.8319e-04, -8.4298e-02, +4.7000e-02, -4.8508e-03, +7.3834e-02, -1.0000e+00, -1.7855e-02, -3.9537e-02, +3.2059e-02, +1.5859e-02, -8.5932e-02, +3.7954e-02, -8.6148e-02, -6.6613e-03, +2.4672e-02, -1.7668e-02, +3.1062e-02, -5.1687e-02, -4.8416e-02, -3.9352e-02, +5.8723e-02, -3.0456e-02, +1.9718e-02, +5.0580e-02, -1.8015e-02, -4.4736e-02, +1.9240e-02, -2.6697e-02, +9.0197e-02, +1.1128e-02, -1.7633e-04, -9.0000e-02, -6.5339e-02, -7.1330e-02, +1.1015e-01, -2.1368e-02, -2.6882e-02
+4.8811e-02, -5.0704e-02, -3.0354e-02, -1.3038e-01, +5.3709e-03, -5.0725e-02, -3.6712e-02, -1.4330e-02, +6.3311e-02, -1.9365e-02, -5.4236e-02, -5.3578e-02, -3.9411e-02, -4.6382e-02, -1.1493e-01, -2.5720e-02, -1.5887e-02, -1.0424e-01, -1.7855e-02, -1.0000e+00, +7.6936e-03, -1.0648e-01, +2.8823e-02, +2.4408e-02, -3.6043e-02, +5.7550e-03, -3.5739e-03, -6.2905e-02, -6.4321e-02, -9.4494e-02, +1.6991e-02, +9.2497e-02, -6.1777e-02, -5.3518e-02, +9.4294e-02, +8.3706e-03, +1.4063e-01, -4.7735e-02, +9.0038e-03, -1.8605e-02, -4.6411e-02, +3.7983e-02, -2.8586e-02, +1.4599e-02, -5.7627e-02, -2.4669e-02, -8.7789e-02, +9.2602e-02, +1.3427e-02, -5.8353e-02
+5.8786e-02, -6.2099e-02, +9.3106e-02, -2.8005e-03, -5.9307e-02, -5.3891e-02, -1.1447e-02, +4.7875e-02, +5.7225e-02, +2.5495e-02, -4.5181e-02, -8.0686e-02, +3.5236e-02, +8.6186e-03, -5.5050e-02, +7.7752e-02, +4.7464e-02, +7.3497e-02, -3.9537e-02, +7.6936e-03, -1.0000e+00, -6.7046e-02, +1.7258e-02, +1.9505e-02, +6.2819e-02, -9.6755e-03, +5.6408e-02, -7.8164e-02, -6.0157e-02, +5.0228e-03, -2.8102e-02, -1.6706e-01, -6.9255e-02, +1.2818e-01, +3.9957e-02, -2.9209e-02, -4.4759e-02, -2.8678e-02, -2.5349e-02, -9.5092e-02, -9.5774e-02, -9.6225e-03, -3.9892e-02, -1.4022e-01, -2.7444e-02, -5.7295e-02, +2.5268e-02, +1.5169e-01, -2.3653e-02, +4.3253e-02
+5.2511e-02, +8.0359e-03, -1.4276e-02, -3.2148e-02, -1.8442e-02, -4.7404e-02, -6.4428e-02, -1.2848e-02, +1.8001e-02, +2.1467e-02, +4.1940e-02, +3.2029e-02, -8.3544e-03, -7.8669e-03, -7.0549e-02, +8.3718e-02, -5.5201e-02, -5.1682e-02, +3.2059e-02, -1.0648e-01, -6.7046e-02, -1.0000e+00, +7.6620e-03, -5.1497e-02, +9.0127e-03, -3.1996e-03, -1.2781e-02, -8.0187e-02, -7.7600e-02, -4.9741e-03, -1.1819e-01, +1.4754e-02, -2.6318e-02, +1.6897e-02, +8.2320e-03, +3.2656e-02, +6.0075e-02, -4.2794e-02, -2.0739e-02, +1.2512e-02, -1.9352e-02, +2.2157e-02, -1.4679e-02, -1.5709e-02, -6.1079e-02, +2.4744e-02, -2.6506e-02, +1.4117e-01, -1.0369e-01, -9.0916e-02
-3.2747e-02, +4.5486e-02, -2.1794e-02, -3.6361e-02, +3.3840e-02, +2.5600e-02, -4.7417e-02, +7.5714e-03, +4.6839e-03, -1.3454e-02, +1.7321e-02, -9.5012e-03, +1.8334e-02, -3.3847e-02, +1.2242e-02, -2.8196e-02, -1.9149e-02, +5.3304e-02, +1.5859e-02, +2.8823e-02, +1.7258e-02, +7.6620e-03, -1.0000e+00, -1.5943e-02, -2.1776e-02, -3.2375e-02, +7.2930e-03, +7.4805e-02, +2.1282e-02, +1.4467e-02, -2.2155e-02, +3.7810e-03, +8.9312e-04, +5.0460e-02, +6.4913e-03, -4.5874e-02, +6.4927e-03, -2.3013e-02, +1.5025e-02, +2.8914e-02, -4.3032e-02, +1.2292e-02, -1.2371e-02, -5.6012e-03, +2.1371e-02, -2.8982e-02, -1.4389e-02, -2.9983e-02, -1.6988e-02, -8.6185e-03
+3.3974e-02, +4.0970e-02, -3.2072e-02, -7.8745e-02, -6.4602e-02, -8.7800e-04, -4.7137e-02, +9.2274e-02, +6.0340e-02, +2.2141e-02, +7.5054e-02, +1.2746e-02, -4.1696e-02, -1.2799e-01, -5.8341e-02, -4.0970e-02, +5.7011e-03, +8.1200e-02, -8.5932e-02, +2.4408e-02, +1.9505e-02, -5.1497e-02, -1.5943e-02, -1.0000e+00, +5.6082e-02, -1.7454e-02, -6.8790e-02, -1.9062e-02, +9.1097e-02, -6.0808e-03, -8.0616e-02, +2.9640e-02, -1.2958e-02, +5.9126e-02, -4.5645e-02, -7.7364e-02, -2.5029e-02, +1.5391e-02, -6.3217e-02, -1.4551e-02, -6.1090e-02, +8.1472e-02, +4.0112e-02, +6.3326e-02, -5.0725e-02, -7.2287e-02, -8.7441e-02, +2.7088e-02, -7.6734e-02, +2.1487e-02
-4.6043e-02, -3.6385e-02, -2.7614e-02, -8.2391e-02, +3.1081e-02, +8.3458e-02, +3.9489e-03, +2.6158e-02, -5.9794e-02, +5.4373e-02, +6.4008e-02, -1.4864e-01, +3.0655e-02, -4.4319e-02, +1.1606e-01, +1.8485e-02, +3.1797e-02, +1.4826e-02, +3.7954e-02, -3.6043e-02, +6.2819e-02, +9.0127e-03, -2.1776e-02, +5.6082e-02, -1.0000e+00, +4.9415e-02, -4.9621e-02, +2.1717e-02, +9.7136e-03, -2.6889e-02, +1.7253e-01, +9.9848e-02, +5.2552e-02, -9.5374e-02, +4.8097e-03, -6.6156e-02, +6.2403e-02, -5.1771e-02, +6.8457e-02, +4.9898e-03, +6.8611e-02, -4.0442e-02, +9.7473e-03, +2.6535e-02, +2.9670e-02, -2.6980e-02, +5.8795e-02, -1.5109e-01, -5.1642e-03, +9.0202e-02
+3.4730e-02, +6.9998e-02, -6.7325e-04, -9.6847e-02, +4.1419e-02, +4.0319e-03, +1.9168e-02, +3.4665e-02, +3.5191e-02, -2.1915e-03, -9.4532e-02, -1.6713e-02, -9.6280e-02, -4.8159e-02, +5.6584e-02, +2.0727e-02, +1.3408e-02, -1.4436e-02, -8.6148e-02, +5.7550e-03, -9.6755e-03, -3.1996e-03, -3.2375e-02, -1.7454e-02, +4.9415e-02, -1.0000e+00, -5.5723e-02, -4.1721e-02, +2.0220e-02, -3.9407e-02, -6.9608e-03, -2.7400e-02, +3.4549e-02, +4.2091e-02, +2.4995e-02, -1.2528e-02, +8.2195e-03, -3.6134e-03, +3.0010e-02, +2.8327e-02, -5.0759e-03, +7.7747e-02, -8.5346e-03, -1.4253e-02, +1.7758e-02, -7.8373e-02, +3.0433e-02, -7.5881e-02, +1.0902e-02, +1.2265e-01
+4.4225e-02, -2.2196e-02, -3.1396e-02, +5.9512e-02, +5.1684e-02, -6.6864e-02, +1.8094e-02, -8.8656e-02, -2.7266e-02, +3.6622e-02, +7.8168e-02, +6.1350e-03, -5.7197e-02, -1.3105e-01, -2.8766e-02, +3.5123e-02, +4.6139e-02, -1.7595e-02, -6.6613e-03, -3.5739e-03, +5.6408e-02, -1.2781e-02, +7.2930e-03, -6.8790e-02, -4.9621e-02, -5.5723e-02, -1.0000e+00, +9.2436e-02, -8.2767e-02, -5.8137e-02, -1.0402e-01, +8.0984e-02, -2.5531e-02, +1.6485e-02, +5.4910e-02, -3.0182e-03, +1.1655e-02, +4.7305e-02, -7.5490e-02, +8.2551e-02, -6.5970e-02, -3.5270e-03, -1.2007e-02, -1.3037e-01, -4.0535e-02, -2.7942e-02, -3.2068e-02, -1.0351e-01, +1.8993e-02, +8.5956e-02
+7.4105e-02, -7.6022e-02, -5.1104e-02, -1.3961e-01, -1.8866e-01, -9.0452e-02, -3.1355e-02, +1.9234e-02, +5.6966e-03, +3.5964e-02, -1.3080e-01, +1.1465e-01, +2.2250e-02, +5.0910e-02, -1.6492e-01, -5.7227e-03, +3.0663e-02, -4.6881e-02, +2.4672e-02, -6.2905e-02, -7.8164e-02, -8.0187e-02, +7.4805e-02, -1.9062e-02, +2.1717e-02, -4.1721e-02, +9.2436e-02, -1.0000e+00, -2.2289e-02, +1.7852e-02, -1.0442e-01, -1.3698e-01, -6.2122e-02, +2.5994e-02, -5.1176e-02, -6.0450e-03, +1.0640e-01, -8.5286e-02, -1.5219e-02, -2.4430e-02, -3.7620e-02, -2.3082e-02, -2.1508e-02, +1.4366e-02, -6.5588e-02, +5.0918e-03, -1.2582e-01, +2.9477e-01, -5.8485e-02, -4.4967e-02
+3.1689e-02, -1.2751e-01, +3.7453e-02, -1.1678e-02, -8.1582e-02, -1.1298e-01, +5.8426e-02, -1.5602e-02, +8.3358e-02, -9.7355e-03, -5.7596e-02, +3.5245e-02, +5.4884e-02, +1.0832e-02, -1.7744e-01, +4.3155e-02, +6.7343e-02, -3.2188e-02, -1.7668e-02, -6.4321e-02, -6.0157e-02, -7.7600e-02, +2.1282e-02, +9.1097e-02, +9.7136e-03, +2.0220e-02, -8.2767e-02, -2.2289e-02, -1.0000e+00, -4.5366e-02, -8.9919e-02, -4.9206e-02, -6.4861e-02, +4.9845e-02, +1.1248e-02, +4.4292e-03, +1.4932e-01, -1.1240e-01, -4.6831e-02, -8.9300e-02, -4.1585e-02, -2.2395e-02, -1.9106e-02, -4.6155e-02, -5.3327e-02, +1.6190e-02, -4.0908e-02, +1.9300e-01, -5.7370e-02, -1.2267e-02
+2.7238e-02, +1.8653e-02, -2.9789e-02, -1.5260e-02, -3.5122e-02, -2.1486e-02, +9.0104e-02, -2.1692e-02, -1.2327e-02, -1.4497e-02, +4.5500e-03, +1.6514e-02, -1.1370e-02, -1.1517e-01, +2.3923e-02, -4.4664e-02, -2.8573e-02, +8.7704e-03, +3.1062e-02, -9.4494e-02, +5.0228e-03, -4.9741e-03, +1.4467e-02, -6.0808e-03, -2.6889e-02, -3.9407e-02, -5.8137e-02, +1.7852e-02, -4.5366e-02, -1.0000e+00, +2.9694e-02, +2.4238e-02, +1.1057e-02, -2.3817e-02, +1.7634e-02, +4.2035e-02, +2.4901e-02, +1.1544e-02, +1.8018e-02, -5.6962e-02, -2.1569e-03, +2.3078e-02, +2.1146e-02, +3.8561e-02, -1.3831e-02, +5.4634e-02, -7.7002e-03, -1.7869e-02, -2.2887e-03, +1.5707e-02
+1.4705e-02, -1.4239e-01, +1.9887e-03, +8.2536e-03, -2.9121e-02, -7.0823e-02, +3.0630e-03, -7.1372e-03, +7.7615e-02, +5.0215e-02, -7.1617e-02, +1.2112e-01, +5.7381e-03, +2.0871e-02, -2.4645e-01, -5.4863e-02, +7.6001e-02, -6.1923e-02, -5.1687e-02, +1.6991e-02, -2.8102e-02, -1.1819e-01, -2.2155e-02, -8.0616e-02, +1.7253e-01, -6.9608e-03, -1.0402e-01, -1.0442e-01, -8.9919e-02, +2.9694e-02, -1.0000e+00, -7.1942e-02, -1.3213e-01, +2.3207e-03, +1.7145e-02, +6.3881e-02, +1.1217e-02, -3.0185e-02, -1.1350e-01, -9.6217e-02, -1.8935e-01, +8.0390e-03, +9.9872e-03, +4.6091e-02, -2.2010e-01, +3.2235e-02, -1.2790e-01, +4.2454e-01, -1.1288e-01, +5.3326e-04
+2.9619e-02, -1.1697e-01, +1.2315e-01, -3.1132e-02, -1.4716e-01, +2.7899e-02, +2.9922e-02, +2.0560e-02, +4.3780e-02, +1.1002e-01, +5.0295e-02, +1.3736e-01, -8.6293e-03, +7.4355e-02, -1.1232e-01, +5.4729e-02, +5.9530e-02, +7.5780e-02, -4.8416e-02, +9.2497e-02, -1.6706e-01, +1.4754e-02, +3.7810e-03, +2.9640e-02, +9.9848e-02, -2.7400e-02, +8.0984e-02, -1.3698e-01, -4.9206e-02, +2.4238e-02, -7.1942e-02, -1.0000e+00, -1.2000e-01, -2.0854e-02, -4.1887e-02, +4.2675e-02, +2.8438e-02, +2.3722e-02, -1.0444e-01, -6.3302e-02, -1.1183e-01, +1.7166e-01, +1.5542e-02, +2.0359e-02, -8.9041e-02, -4.1581e-02, -5.5842e-02, +3.6843e-01, -5.6755e-02, +1.4220e-02
+1.9456e-02, -8.6335e-02, -6.1463e-02, -3.6886e-02, -4.3662e-02, -3.8521e-02, -4.5925e-02, +3.8373e-02, +3.7451e-02, -1.4681e-04, -2.7792e-02, +5.4409e-03, -6.7490e-02, +1.9142e-02, -7.5745e-02, +3.6254e-02, +7.1231e-02, +1.0314e-02, -3.9352e-02, -6.1777e-02, -6.9255e-02, -2.6318e-02, +8.9313e-04, -1.2958e-02, +5.2552e-02, +3.4549e-02, -2.5531e-02, -6.2122e-02, -6.4861e-02, +1.1057e-02, -1.3213e-01, -1.2000e-01, -1.0000e+00, +1.4066e-02, +2.9355e-02, +3.2174e-02, +1.2495e-02, -9.3583e-03, -4.5238e-02, +7.4867e-03, -6.9190e-02, +1.6310e-02, -4.5599e-02, -2.7664e-02, -9.8297e-02, -4.3205e-02, -9.2770e-02, +1.9276e-01, -1.0958e-03, +5.0027e-02
-5.3172e-02, -3.6480e-02, -6.9325e-02, +1.7277e-02, +5.0649e-03, +4.8036e-02, -2.1363e-02, -2.2611e-02, -7.0046e-02, -7.8360e-03, +1.9097e-02, -5.3145e-02, +4.9703e-02, +6.4931e-03, +4.1029e-02, -1.5912e-02, -6.2199e-02, -1.1949e-02, +5.8723e-02, -5.3518e-02, +1.2818e-01, +1.6897e-02, +5.0460e-02, +5.9126e-02, -9.5374e-02, +4.2091e-02, +1.6485e-02, +2.5994e-02, +4.9845e-02, -2.3817e-02, +2.3207e-03, -2.0854e-02, +1.4066e-02, -1.0000e+00, -3.3428e-02, -5.6821e-03, +9.9408e-02, +2.2339e-03, +4.6083e-02, +7.5624e-02, +1.6807e-02, -9.0719e-02, +1.1720e-02, +7.7029e-02, +9.7374e-02, +1.0174e-02, +6.8131e-02, -6.4356e-02, +3.7468e-02, +1.8488e-02
-3.9862e-02, -5.0464e-02, +1.7845e-02, +2.4294e-02, -1.4296e-01, -6.9486e-04, -3.4157e-02, +8.8160e-02, +7.4120e-03, -1.4857e-02, -2.7379e-02, +9.3014e-02, -1.6782e-02, +3.3993e-02, -4.4231e-02, -1.8034e-02, +3.0634e-02, -2.8875e-02, -3.0456e-02, +9.4294e-02, +3.9957e-02, +8.2320e-03, +6.4913e-03, -4.5645e-02, +4.8097e-03, +2.4995e-02, +5.4910e-02, -5.1176e-02, +1.1248e-02, +1.7634e-02, +1.7145e-02, -4.1887e-02, +2.9355e-02, -3.3428e-02, -1.0000e+00, +7.9898e-02, -8.8057e-02, +1.8139e-02, +2.3100e-02, -2.1475e-04, +9.0796e-03, -7.6875e-02, +5.5532e-02, +1.3350e-01, -3.7148e-02, -2.5967e-02, -3.4074e-02, +1.2009e-01, -1.0924e-02, -3.0841e-02
+5.1415e-02, +5.6562e-02, -1.1321e-02, -2.7441e-02, +7.4171e-02, +1.0996e-02, +2.5056e-02, -7.7550e-02, +6.2885e-02, -2.2955e-02, +3.9278e-02, -6.4770e-02, -1.3385e-02, -8.5678e-02, +1.1728e-01, +9.3504e-02, -2.8928e-02, +4.8929e-02, +1.9718e-02, +8.3706e-03, -2.9209e-02, +3.2656e-02, -4.5874e-02, -7.7364e-02, -6.6156e-02, -1.2528e-02, -3.0181e-03, -6.0450e-03, +4.4292e-03, +4.2035e-02, +6.3881e-02, +4.2675e-02, +3.2174e-02, -5.6821e-03, +7.9898e-02, -1.0000e+00, -7.5266e-03, -3.9471e-02, +1.7816e-02, +5.9009e-02, +3.4577e-02, +1.1082e-01, -7.7560e-03, -5.1297e-03, +6.8670e-02, -1.8232e-02, +9.0204e-02, -2.2864e-01, +1.1491e-01, +9.2503e-02
+3.3925e-02, +9.8525e-02, -1.2130e-02, +9.0724e-02, +1.4272e-02, +1.0359e-01, -6.9956e-02, +5.9427e-03, -2.6434e-02, +2.5049e-03, +6.4289e-02, -8.8233e-02, -3.4366e-02, +3.1714e-02, +1.7793e-01, +2.4957e-02, +6.0262e-04, +6.3780e-02, +5.0580e-02, +1.4063e-01, -4.4759e-02, +6.0075e-02, +6.4927e-03, -2.5029e-02, +6.2403e-02, +8.2194e-03, +1.1655e-02, +1.0640e-01, +1.4932e-01, +2.4901e-02, +1.1217e-02, +2.8438e-02, +1.2495e-02, +9.9408e-02, -8.8057e-02, -7.5266e-03, -1.0000e+00, +9.7253e-02, +4.1665e-02, +3.8134e-03, +6.8986e-03, +2.8391e-02, -5.0436e-02, +4.7373e-02, +1.3479e-02, -3.0249e-02, +2.2875e-02, -7.3264e-02, -7.0086e-02, -8.8731e-02
+2.8596e-03, -1.4044e-02, -8.7794e-03, -6.6201e-02, +6.4364e-02, -3.8067e-02, -1.0078e-02, -7.3690e-02, +5.2098e-02, -9.7039e-05, -8.6266e-02, +1.8936e-02, +1.8477e-03, -4.5212e-02, -5.1570e-03, -6.2960e-02, -3.1824e-02, +5.7030e-03, -1.8015e-02, -4.7735e-02, -2.8678e-02, -4.2794e-02, -2.3013e-02, +1.5391e-02, -5.1771e-02, -3.6134e-03, +4.7305e-02, -8.5286e-02, -1.1240e-01, +1.1544e-02, -3.0185e-02, +2.3722e-02, -9.3583e-03, +2.2339e-03, +1.8139e-02, -3.9471e-02, +9.7253e-02, -1.0000e+00, +1.7125e-02, -1.1130e-02, -2.8336e-02, -9.8027e-02, +3.4257e-02, -2.0872e-02, +1.5087e-02, -9.7405e-03, -2.2705e-02, +3.9235e-02, +4.9826e-02, +5.2665e-02
+4.3775e-02, +3.4114e-02, -1.3746e-02, +1.5631e-02, -2.7730e-02, -4.6262e-02, -2.5646e-02, -2.3066e-02, +4.2453e-02, +4.9472e-02, +1.8775e-02, +5.7384e-02, -1.8273e-02, -1.3870e-02, -5.7854e-02, +3.2126e-03, +4.3976e-02, +1.5523e-02, -4.4736e-02, +9.0038e-03, -2.5349e-02, -2.0739e-02, +1.5025e-02, -6.3217e-02, +6.8457e-02, +3.0010e-02, -7.5490e-02, -1.5219e-02, -4.6831e-02, +1.8018e-02, -1.1350e-01, -1.0444e-01, -4.5238e-02, +4.6083e-02, +2.3100e-02, +1.7816e-02, +4.1665e-02, +1.7125e-02, -1.0000e+00, -5.2255e-02, -7.1022e-02, +2.1799e-02, -1.1071e-02, -5.2498e-02, -3.4904e-02, -1.7326e-02, -6.5257e-02, +4.8170e-02, -9.9212e-03, +9.8460e-02
-6.9632e-03, +3.7068e-02, +6.5493e-03, -3.4229e-02, -3.8910e-02, -1.8088e-02, -1.6877e-02, +5.7854e-02, +9.6841e-03, +2.4046e-02, +1.1908e-02, +9.3383e-03, +4.5257e-02, +6.6621e-02, -3.8099e-02, -1.3992e-02, +3.7507e-02, +3.3808e-03, +1.9240e-02, -1.8605e-02, -9.5092e-02, +1.2512e-02, +2.8914e-02, -1.4551e-02, +4.9898e-03, +2.8327e-02, +8.2551e-02, -2.4430e-02, -8.9300e-02, -5.6962e-02, -9.6217e-02, -6.3302e-02, +7.4867e-03, +7.5624e-02, -2.1476e-04, +5.9009e-02, +3.8134e-03, -1.1130e-02, -5.2255e-02, -1.0000e+00, -7.2864e-02, +1.0482e-01, -4.1841e-02, -2.6334e-03, -5.3576e-02, +4.1793e-02, -3.6909e-03, +1.5176e-01, -6.6074e-02, -4.5573e-02
+2.1955e-03, -8.0510e-02, +3.3884e-02, -3.4526e-02, -1.8060e-02, -3.9165e-02, +1.0816e-02, +1.1895e-02, +1.1547e-01, +5.7380e-02, -6.4875e-02, +3.2490e-02, -3.4737e-02, -8.4155e-03, -1.4721e-01, -4.3635e-02, +3.3764e-02, -4.7721e-02, -2.6697e-02, -4.6411e-02, -9.5774e-02, -1.9352e-02, -4.3032e-02, -6.1090e-02, +6.8611e-02, -5.0759e-03, -6.5970e-02, -3.7620e-02, -4.1585e-02, -2.1569e-03, -1.8935e-01, -1.1183e-01, -6.9190e-02, +1.6807e-02, +9.0796e-03, +3.4577e-02, +6.8986e-03, -2.8336e-02, -7.1022e-02, -7.2864e-02, -1.0000e+00, +2.7009e-02, -1.7953e-02, -7.7147e-02, -1.2721e-01, -6.2220e-03, -4.2723e-02, +1.9925e-01, -4.9201e-02, +2.6740e-02
-1.3408e-01, -1.0238e-01, +7.3567e-02, +1.0322e-01, -4.7069e-02, +2.6965e-02, +2.2500e-02, +2.3200e-02, -9.1771e-02, -7.3462e-02, -9.5574e-03, +1.4939e-01, -9.5180e-02, +2.8019e-02, -3.0161e-03, -1.0925e-01, +7.2809e-02, +9.6243e-03, +9.0197e-02, +3.7983e-02, -9.6225e-03, +2.2157e-02, +1.2292e-02, +8.1472e-02, -4.0442e-02, +7.7747e-02, -3.5270e-03, -2.3082e-02, -2.2395e-02, +2.3078e-02, +8.0390e-03, +1.7166e-01, +1.6310e-02, -9.0719e-02, -7.6875e-02, +1.1082e-01, +2.8391e-02, -9.8027e-02, +2.1799e-02, +1.0482e-01, +2.7009e-02, -1.0000e+00, +3.0486e-02, +1.4227e-02, +1.3929e-01, +4.1344e-02, +2.4124e-02, +1.6567e-01, +1.0369e-01, +9.4404e-02
+7.2037e-03, -3.6267e-03, +4.5410e-02, +6.3259e-02, +4.7939e-02, +4.3641e-03, +5.5081e-03, +3.6043e-03, -2.2172e-02, -1.0427e-02, -1.2698e-02, +3.7021e-03, +5.1388e-02, +1.0820e-02, +1.2929e-02, -1.9479e-02, -6.4379e-02, -8.4498e-03, +1.1128e-02, -2.8586e-02, -3.9892e-02, -1.4679e-02, -1.2371e-02, +4.0112e-02, +9.7472e-03, -8.5346e-03, -1.2007e-02, -2.1508e-02, -1.9106e-02, +2.1146e-02, +9.9871e-03, +1.5542e-02, -4.5599e-02, +1.1720e-02, +5.5532e-02, -7.7560e-03, -5.0436e-02, +3.4257e-02, -1.1071e-02, -4.1841e-02, -1.7953e-02, +3.0486e-02, -1.0000e+00, -2.3593e-02, -4.2189e-02, +1.3066e-02, -8.9320e-03, +2.4353e-02, -5.1781e-02, +1.3313e-02
+3.9412e-02, -4.6062e-02, +1.0782e-02, +1.6915e-02, +6.6810e-02, -6.4607e-02, +2.6511e-02, +6.5940e-03, +3.2994e-03, +1.2706e-02, +1.9922e-02, -1.1613e-01, +4.3513e-03, -6.9989e-02, +1.7447e-02, +1.3929e-02, -6.2553e-02, +2.3310e-02, -1.7633e-04, +1.4599e-02, -1.4022e-01, -1.5709e-02, -5.6012e-03, +6.3326e-02, +2.6535e-02, -1.4253e-02, -1.3037e-01, +1.4366e-02, -4.6155e-02, +3.8561e-02, +4.6091e-02, +2.0359e-02, -2.7664e-02, +7.7029e-02, +1.3350e-01, -5.1297e-03, +4.7373e-02, -2.0872e-02, -5.2498e-02, -2.6334e-03, -7.7147e-02, +1.4227e-02, -2.3593e-02, -1.0000e+00, +1.2644e-02, -6.0573e-02, +1.5035e-02, -6.7282e-02, +1.9711e-02, +3.0746e-02
+4.1523e-03, -8.7168e-02, -8.3151e-02, -4.5587e-02, -1.3133e-01, -1.5053e-02, +3.0949e-02, -2.2030e-04, -1.0469e-03, +6.3433e-02, -5.3179e-02, +2.6805e-01, +6.9692e-02, +2.9563e-03, -2.0314e-01, +6.7619e-02, +1.7265e-02, -4.9169e-02, -9.0000e-02, -5.7627e-02, -2.7444e-02, -6.1079e-02, +2.1371e-02, -5.0725e-02, +2.9670e-02, +1.7758e-02, -4.0535e-02, -6.5588e-02, -5.3327e-02, -1.3831e-02, -2.2010e-01, -8.9041e-02, -9.8297e-02, +9.7374e-02, -3.7148e-02, +6.8670e-02, +1.3479e-02, +1.5087e-02, -3.4904e-02, -5.3576e-02, -1.2721e-01, +1.3929e-01, -4.2189e-02, +1.2644e-02, -1.0000e+00, -3.2693e-03, -1.2104e-01, +3.3413e-01, -6.7680e-02, -6.8729e-02
+8.7063e-02, -4.3723e-02, -5.3984e-02, -8.9157e-02, -1.0072e-02, +4.5437e-02, -7.9949e-02, +1.3254e-01, +6.1189e-02, +4.0504e-02, -1.2853e-02, +1.1474e-02, +1.0405e-02, -5.9426e-02, +3.9337e-02, +3.8625e-02, +2.0230e-02, +4.2275e-02, -6.5339e-02, -2.4669e-02, -5.7295e-02, +2.4744e-02, -2.8982e-02, -7.2287e-02, -2.6980e-02, -7.8373e-02, -2.7942e-02, +5.0918e-03, +1.6190e-02, +5.4634e-02, +3.2235e-02, -4.1581e-02, -4.3205e-02, +1.0174e-02, -2.5967e-02, -1.8232e-02, -3.0249e-02, -9.7405e-03, -1.7326e-02, +4.1793e-02, -6.2220e-03, +4.1345e-02, +1.3066e-02, -6.0573e-02, -3.2693e-03, -1.0000e+00, -8.3409e-03, +1.1082e-02, -3.5462e-02, -3.6083e-02
-4.4857e-02, -7.7233e-02, +2.2314e-02, -5.3123e-02, -1.1969e-01, -2.1266e-01, -1.9342e-02, -4.6409e-02, -4.1727e-02, +4.1198e-03, -8.4385e-02, +1.4256e-01, -7.2590e-02, +3.8630e-03, -1.0467e-01, -2.1535e-02, +1.7206e-02, -1.9205e-02, -7.1330e-02, -8.7789e-02, +2.5268e-02, -2.6506e-02, -1.4389e-02, -8.7441e-02, +5.8795e-02, +3.0433e-02, -3.2068e-02, -1.2582e-01, -4.0908e-02, -7.7002e-03, -1.2790e-01, -5.5842e-02, -9.2770e-02, +6.8131e-02, -3.4074e-02, +9.0204e-02, +2.2875e-02, -2.2705e-02, -6.5257e-02, -3.6909e-03, -4.2723e-02, +2.4124e-02, -8.9320e-03, +1.5035e-02, -1.2104e-01, -8.3409e-03, -1.0000e+00, +2.5011e-01, -6.7425e-02, -8.7614e-02
+7.7098e-02, +3.1978e-01, -8.9353e-02, +5.7136e-02, +3.1913e-01, +7.8656e-02, +1.2133e-03, -4.3994e-02, -9.8293e-03, -8.0841e-02, +1.0600e-01, -2.9682e-01, -7.7008e-02, -1.7872e-01, +4.4590e-01, +8.5098e-02, -1.2429e-01, +1.4135e-02, +1.1015e-01, +9.2602e-02, +1.5169e-01, +1.4117e-01, -2.9983e-02, +2.7088e-02, -1.5109e-01, -7.5881e-02, -1.0351e-01, +2.9477e-01, +1.9300e-01, -1.7869e-02, +4.2454e-01, +3.6843e-01, +1.9276e-01, -6.4356e-02, +1.2009e-01, -2.2864e-01, -7.3264e-02, +3.9235e-02, +4.8170e-02, +1.5176e-01, +1.9925e-01, +1.6567e-01, +2.4353e-02, -6.7282e-02, +3.3413e-01, +1.1082e-02, +2.5011e-01, -1.0000e+00, +1.5238e-01, +2.7484e-01
-3.1364e-02, -9.2761e-02, -1.4129e-02, -8.0012e-03, -1.0747e-02, -7.8790e-02, -3.0683e-02, +3.2737e-02, -3.4070e-02, -2.0624e-02, -4.3829e-02, +4.1028e-02, +3.0681e-02, +3.6876e-03, -5.9829e-02, +4.3795e-02, -7.8427e-02, +2.1589e-02, -2.1368e-02, +1.3427e-02, -2.3653e-02, -1.0369e-01, -1.6988e-02, -7.6734e-02, -5.1642e-03, +1.0902e-02, +1.8993e-02, -5.8485e-02, -5.7370e-02, -2.2887e-03, -1.1288e-01, -5.6755e-02, -1.0958e-03, +3.7468e-02, -1.0924e-02, +1.1491e-01, -7.0086e-02, +4.9826e-02, -9.9212e-03, -6.6074e-02, -4.9201e-02, +1.0369e-01, -5.1781e-02, +1.9711e-02, -6.7680e-02, -3.5462e-02, -6.7425e-02, +1.5238e-01, -1.0000e+00, -5.9471e-02
+1.7874e-02, -9.6722e-02, -1.1045e-02, +5.4517e-02, -1.9542e-02, +6.2482e-02, -2.6122e-02, +5.0328e-03, +2.4028e-02, -3.9232e-02, +1.0547e-01, -6.5006e-02, -1.8798e-02, +7.4353e-02, -4.4415e-02, +4.6080e-02, -2.1915e-02, +5.3437e-02, -2.6882e-02, -5.8353e-02, +4.3253e-02, -9.0916e-02, -8.6185e-03, +2.1487e-02, +9.0202e-02, +1.2265e-01, +8.5956e-02, -4.4967e-02, -1.2267e-02, +1.5707e-02, +5.3326e-04, +1.4220e-02, +5.0027e-02, +1.8488e-02, -3.0841e-02, +9.2503e-02, -8.8731e-02, +5.2665e-02, +9.8460e-02, -4.5573e-02, +2.6740e-02, +9.4404e-02, +1.3313e-02, +3.0746e-02, -6.8729e-02, -3.6083e-02, -8.7614e-02, +2.7484e-01, -5.9471e-02, -1.0000e+00
