-1.0000e+00, -1.3804e-02, +7.2189e-02, -4.4047e-02, +5.2753e-02, +4.7424e-02, -3.5255e-02, +4.7704e-02, -2.1496e-01, +6.5193e-02, +3.0052e-02, -9.5869e-02, +3.7627e-02, +4.4354e-03, -4.4484e-02, +2.6517e-02, -5.3684e-02, -7.4385e-03, +5.1255e-03, +5.1754e-02, +3.3447e-02, +3.6554e-02, +1.6766e-02, +1.6511e-02, +1.9184e-02, +3.7049e-02, +5.5153e-02, +5.5952e-02, +7.6367e-02, +1.8792e-02, +3.0020e-02, +1.7023e-02, +3.7493e-02, +3.8083e-02, +4.3635e-02, +9.7294e-03, +2.6943e-02, +1.4997e-02, +2.6421e-02, +3.0138e-02, -5.4094e-02, -5.6201e-02, +1.7423e-02, +3.1974e-02, +5.1628e-02, +2.9008e-02, -3.4903e-02, -3.5193e-02, -9.6673e-02, +9.2030e-02
-1.3804e-02, -1.0000e+00, +7.5553e-02, -4.1717e-02, -1.4405e-02, +6.9607e-02, -3.4950e-02, -3.9488e-02, -2.8246e-02, +5.1470e-03, +5.6289e-02, +5.0336e-02, -2.2810e-02, +3.7959e-02, +3.7513e-02, -1.9820e-02, -5.0004e-02, -5.0739e-02, -4.8410e-03, +1.1192e-03, +4.0812e-02, +5.4229e-02, +3.3287e-02, +8.4600e-02, +5.4015e-02, -5.7528e-02, +4.6865e-02, -9.0094e-03, +5.6583e-03, -4.8498e-03, +9.3552e-02, +7.2467e-02, +7.8769e-02, -1.2087e-01, +5.2301e-02, -6.0774e-02, -1.5167e-02, +1.7839e-02, -2.7107e-02, -2.3039e-02, +4.5030e-02, +5.8001e-02, +7.7472e-02, +1.0267e-02, -4.7953e-02, -4.6817e-03, +1.8087e-02, +1.5253e-02, +6.3847e-02, +4.1057e-02
+7.2189e-02, +7.5553e-02, -1.0000e+00, +6.9370e-02, +9.2787e-03, -8.7314e-02, +1.0409e-02, +2.2092e-02, +1.1475e-02, +1.7814e-02, -7.5470e-02, -4.0155e-02, +8.9800e-02, +2.7100e-02, +5.1781e-02, -1.6536e-02, -1.1050e-02, -1.3233e-02, +6.2741e-03, -1.0161e-01, +3.0999e-03, -2.5614e-03, -1.1393e-02, -5.6069e-02, -9.3765e-02, -1.6078e-02, -2.2874e-02, -3.2620e-02, -3.3787e-02, -5.8839e-02, +1.2388e-01, +9.4724e-02, +1.1489e-01, +3.5360e-02, -7.7244e-05, -5.6275e-02, +7.4965e-02, +8.5947e-02, -3.9725e-02, -1.1048e-02, -3.8432e-02, +1.1906e-02, -9.2013e-02, +5.1196e-03, +9.1197e-02, -4.3017e-02, -2.7178e-04, -8.4878e-02, -6.7187e-02, +1.2760e-01
-4.4047e-02, -4.1717e-02, +6.9370e-02, -1.0000e+00, +3.9190e-02, +3.1430e-03, -2.3811e-02, +5.3230e-02, +7.9168e-02, +3.5693e-03, +8.1788e-03, +4.2196e-02, -3.6018e-02, -2.3387e-02, +9.4618e-02, +2.3053e-02, -1.5256e-02, -1.9755e-02, +2.9785e-02, -1.9593e-02, +1.1371e-02, -1.3236e-02, -2.5837e-02, +3.3045e-02, -4.6849e-02, -8.3154e-02, +2.3519e-02, -4.4437e-02, -2.1337e-02, -2.1133e-02, +4.0764e-02, +4.8493e-03, +4.6917e-02, -1.2971e-01, +1.1144e-02, +1.0814e-02, -2.9440e-02, +6.6457e-02, -7.0341e-03, +2.5053e-02, +6.4727e-02, +2.7754e-03, -3.8287e-04, -1.4123e-02, +3.4193e-02, -4.0001e-02, +1.3548e-02, -1.3790e-02, -5.2550e-02, -9.7887e-04
+5.2753e-02, -1.4405e-02, +9.2787e-03, +3.9190e-02, -1.0000e+00, -4.6432e-02, +3.8233e-02, +2.5442e-02, +4.5864e-02, +1.9066e-02, -7.3093e-02, +2.3347e-02, +2.3564e-03, +2.2206e-02, -4.9753e-02, -3.8087e-02, +2.1671e-02, -2.6944e-03, -4.8003e-02, -4.0743e-02, -8.9022e-03, +2.3817e-02, +4.3420e-02, -7.3314e-02, +7.2697e-02, -2.6640e-02, -1.9000e-02, -4.1399e-02, -1.0884e-01, -1.2071e-01, +5.5958e-02, -7.4357e-03, -1.6323e-02, +3.4463e-03, -3.9694e-02, +2.4889e-03, +1.5648e-02, +4.4581e-02, -5.4170e-03, +7.0694e-02, -3.4602e-03, +1.8884e-02, +5.5574e-02, +3.2016e-02, +1.2197e-02, -2.4718e-02, -8.0022e-04, +6.8678e-02, -4.5073e-02, -9.9601e-03
+4.7424e-02, +6.9607e-02, -8.7314e-02, +3.1430e-03, -4.6432e-02, -1.0000e+00, +1.2453e-01, +4.0257e-02, -2.8193e-03, +1.5307e-04, -7.2781e-02, -4.6386e-03, +2.2755e-02, -1.3848e-02, -3.2468e-02, +3.2587e-02, -2.3832e-02, -1.6535e-02, +3.3931e-02, -7.6171e-02, -6.4866e-02, -6.6208e-02, +2.8114e-02, +1.2277e-02, +3.4614e-02, -5.9623e-02, -8.5126e-02, -7.6093e-03, -1.0289e-01, -5.3174e-02, -8.3791e-02, +3.4673e-02, +2.7374e-02, +1.1573e-01, -8.4649e-02, -5.0859e-02, +2.7508e-02, -2.2932e-02, -1.2754e-01, +1.7824e-03, +1.0945e-02, -5.8687e-02, -2.7421e-02, +4.8894e-03, +5.9079e-02, +1.3876e-02, -1.6915e-01, -6.2079e-02, -1.7464e-02, -1.2862e-02
-3.5255e-02, -3.4950e-02, +1.0409e-02, -2.3811e-02, +3.8233e-02, +1.2453e-01, -1.0000e+00, -2.4663e-02, +7.5056e-02, +1.8421e-02, +4.8386e-02, +6.7553e-02, +4.6828e-02, -1.5479e-02, -4.3928e-03, +2.4351e-02, +3.0322e-02, -3.4304e-02, +4.8933e-02, -4.0507e-03, -1.5327e-02, -1.1319e-02, -2.8330e-02, +1.2344e-02, -7.5812e-03, -1.1947e-02, -1.4058e-02, +5.4527e-02, +1.2660e-02, +4.0217e-02, +4.5090e-02, -1.2979e-02, -3.6497e-02, -1.3410e-02, +9.9318e-02, -1.1435e-02, +6.3215e-03, -2.7624e-02, +4.1536e-02, -5.3909e-02, -2.6928e-02, -1.8121e-03, -4.9650e-02, +1.6948e-02, +1.1790e-02, -5.6827e-02, +1.5292e-03, -1.5427e-02, -6.3018e-02, +3.5979e-02
+4.7704e-02, -3.9488e-02, +2.2092e-02, +5.3230e-02, +2.5442e-02, +4.0257e-02, -2.4663e-02, -1.0000e+00, +1.1939e-02, +1.2151e-02, -5.1646e-02, -2.2896e-02, +3.5355e-02, +3.0396e-02, +4.7953e-02, +3.4167e-04, +2.5964e-03, -4.4093e-02, +7.8666e-02, -1.5767e-03, -4.7761e-05, -1.2552e-02, +3.0545e-02, +1.0419e-01, +8.7929e-02, +4.6405e-02, +1.4902e-02, -9.1445e-02, +1.7501e-02, -2.1662e-02, +2.3712e-02, -7.8317e-03, +6.4431e-02, +5.3908e-02, +5.8140e-02, -2.2166e-02, +1.5132e-02, -9.3255e-02, -6.9452e-02, -3.0976e-02, +3.6120e-02, -4.8416e-02, -7.0562e-02, -2.1866e-02, -8.5960e-02, +1.0652e-01, +5.0553e-02, +5.9202e-02, -3.2990e-02, +4.1381e-02
-2.1496e-01, -2.8246e-02, +1.1475e-02, +7.9168e-02, +4.5864e-02, -2.8193e-03, +7.5056e-02, +1.1939e-02, -1.0000e+00, +8.9509e-02, -1.0557e-03, +4.3782e-02, +4.0791e-02, +9.5412e-02, +6.9441e-03, -8.1963e-02, -1.9351e-02, +3.1775e-02, -7.3658e-03, -8.7410e-02, +3.4667e-02, -4.2524e-02, +6.1888e-02, +1.2548e-02, -1.0333e-01, +1.0790e-01, +1.3897e-02, +2.1407e-02, +5.2857e-02, +6.0126e-02, +5.8408e-02, +1.4268e-02, +1.2736e-01, +3.2132e-02, +2.8650e-02, +1.1969e-02, +3.6570e-02, +3.0085e-02, +3.4405e-02, +1.2393e-02, +3.7452e-03, +5.7181e-02, -2.5257e-02, -4.7665e-02, +2.7554e-02, -3.6471e-03, -9.8953e-03, -1.0116e-01, -9.5882e-03, +6.1257e-02
+6.5193e-02, +5.1470e-03, +1.7814e-02, +3.5693e-03, +1.9066e-02, +1.5307e-04, +1.8421e-02, +1.2151e-02, +8.9509e-02, -1.0000e+00, -2.8671e-02, -2.2158e-02, -3.9219e-02, -4.6872e-02, -1.2024e-02, -2.0749e-02, +1.5232e-02, -1.1448e-01, -1.9153e-02, +4.6976e-03, -1.1947e-01, +4.2328e-02, -1.1368e-01, -3.7395e-02, -2.0556e-02, +1.1204e-02, -4.6260e-03, +1.1869e-02, +5.3634e-02, -3.5183e-03, -6.0289e-02, -4.1014e-02, +3.9417e-02, -6.8080e-02, +6.7847e-02, +3.6963e-02, -8.4966e-02, -8.9100e-02, +2.4700e-02, +4.1408e-02, +1.4995e-02, +2.2373e-02, +4.9187e-02, +2.3658e-02, -1.4216e-02, -4.7986e-02, +1.5819e-02, +2.1255e-01, -6.6145e-02, -3.5981e-02
+3.0052e-02, +5.6289e-02, -7.5470e-02, +8.1788e-03, -7.3093e-02, -7.2781e-02, +4.8386e-02, -5.1646e-02, -1.0557e-03, -2.8671e-02, -1.0000e+00, -1.9592e-02, +1.4448e-02, +3.0453e-02, -1.0366e-01, -2.6982e-02, +2.3710e-02, -1.2286e-01, -3.4709e-02, +2.9624e-03, -4.3671e-02, -1.6650e-02, -3.5301e-02, +9.7761e-02, +4.9575e-02, -1.3055e-02, +1.0239e-02, -2.7318e-02, -1.0610e-01, -4.4058e-02, -1.1076e-01, +1.6405e-02, +6.0629e-02, +1.5006e-01, -3.6333e-02, -4.6685e-02, +6.4344e-02, -2.5688e-02, -1.4748e-02, -8.0799e-03, -1.2461e-02, -8.7333e-02, -6.9603e-02, -6.1408e-02, +7.3273e-02, +2.2818e-03, -5.6388e-02, +4.0158e-02, +2.0008e-02, +5.1249e-02
-9.5869e-02, +5.0336e-02, -4.0155e-02, +4.2196e-02, +2.3347e-02, -4.6386e-03, +6.7553e-02, -2.2896e-02, +4.3782e-02, -2.2158e-02, -1.9592e-02, -1.0000e+00, +5.6348e-02, -2.8060e-02, +3.3506e-03, -8.0276e-04, +1.1600e-02, +3.1536e-02, +4.0285e-02, -4.7425e-02, +4.1051e-02, +9.3009e-03, +7.7400e-03, -4.5824e-02, -2.9528e-02, +7.7128e-02, -2.3085e-02, +3.6844e-02, -8.5492e-03, +3.9367e-02, -2.9569e-02, +1.3489e-02, +9.6204e-03, +4.8003e-02, -2.6638e-02, +4.3392e-02, +5.2006e-02, -5.6439e-02, -6.4913e-02, +9.8035e-03, -6.1399e-03, -5.5297e-02, -1.4243e-03, +1.8378e-02, +7.9322e-02, +9.8653e-03, +7.9204e-03, -3.5130e-02, -6.4784e-02, -3.4006e-02
+3.7627e-02, -2.2810e-02, +8.9800e-02, -3.6018e-02, +2.3564e-03, +2.2755e-02, +4.6828e-02, +3.5355e-02, +4.0791e-02, -3.9219e-02, +1.4448e-02, +5.6348e-02, -1.0000e+00, +1.5783e-01, -1.3999e-02, -4.5251e-02, -2.9361e-02, +1.7538e-02, +8.0855e-02, -5.5977e-02, -1.9721e-02, -1.7789e-02, -6.6277e-02, +4.1148e-02, +1.2031e-01, -1.1007e-01, -5.5802e-04, +9.0001e-02, +1.0377e-01, +3.1365e-02, +4.4089e-02, -4.2507e-02, +5.1839e-02, +2.8817e-02, -1.0498e-01, +1.2065e-01, +1.4589e-01, +9.0540e-02, +1.0185e-01, -1.8965e-02, +3.1980e-02, +9.6268e-02, -3.9558e-02, -1.7914e-02, -1.3688e-01, +3.4760e-02, +7.2318e-02, -1.6997e-01, -1.0140e-01, +6.2959e-02
+4.4354e-03, +3.7959e-02, +2.7100e-02, -2.3387e-02, +2.2206e-02, -1.3848e-02, -1.5479e-02, +3.0396e-02, +9.5412e-02, -4.6872e-02, +3.0453e-02, -2.8060e-02, +1.5783e-01, -1.0000e+00, +2.3927e-02, +2.6306e-02, +8.2754e-02, -2.7272e-02, -4.9671e-02, -4.5127e-03, -3.8774e-02, -2.0491e-02, -5.5388e-02, +1.3404e-03, +6.3720e-03, -1.1741e-02, -1.7303e-02, -2.5641e-03, +3.8224e-02, -3.1676e-02, -5.8166e-02, -5.3428e-04, -5.2573e-02, +4.2316e-02, -1.6274e-02, +1.0577e-02, -6.6028e-02, +1.8810e-02, +4.5334e-02, +3.9591e-02, +4.0609e-02, -1.8032e-02, -4.2532e-02, -2.0334e-02, +1.5975e-02, -8.9635e-03, -8.4649e-03, +1.6492e-01, -4.6226e-02, +2.8174e-02
-4.4484e-02, +3.7513e-02, +5.1781e-02, +9.4618e-02, -4.9753e-02, -3.2468e-02, -4.3928e-03, +4.7953e-02, +6.9441e-03, -1.2024e-02, -1.0366e-01, +3.3506e-03, -1.3999e-02, +2.3927e-02, -1.0000e+00, -5.0278e-03, +8.2596e-02, -2.1912e-02, -3.7505e-02, +5.9884e-02, +1.0288e-02, +7.5181e-02, -2.8222e-02, -8.3808e-02, +4.2255e-02, +5.5387e-02, -5.1806e-02, +2.2626e-02, -9.2892e-02, +1.8796e-02, -9.2904e-03, +1.5621e-02, +3.1093e-02, +9.8536e-02, -9.2554e-03, -9.6467e-03, -3.6999e-02, -5.9676e-03, -4.5882e-02, -1.3639e-02, -7.3556e-02, -2.8024e-02, +2.6455e-02, -4.6485e-03, +5.2047e-02, -3.1143e-02, -5.1079e-02, +1.5248e-01, +9.3873e-03, +2.9500e-02
+2.6517e-02, -1.9820e-02, -1.6536e-02, +2.3053e-02, -3.8087e-02, +3.2587e-02, +2.4351e-02, +3.4167e-04, -8.1963e-02, -2.0749e-02, -2.6982e-02, -8.0276e-04, -4.5251e-02, +2.6306e-02, -5.0278e-03, -1.0000e+00, +6.4886e-03, -3.7888e-02, +3.5760e-02, -3.5148e-02, -3.6808e-02, +8.6605e-03, +2.3651e-02, +5.6030e-02, +3.9130e-02, +5.4582e-02, -2.8933e-02, +4.9436e-02, -2.4083e-02, -3.1213e-02, +1.5758e-03, +2.4416e-02, -1.3077e-01, -7.6226e-02, +2.7914e-02, +5.7373e-02, -2.9459e-03, -2.6327e-02, -1.8976e-02, +5.6655e-02, -4.1508e-02, -9.0520e-02, +2.8538e-02, +3.3469e-02, +7.7320e-02, +3.0501e-02, -6.7442e-03, +1.9035e-02, -1.4124e-03, +2.2386e-03
-5.3684e-02, -5.0004e-02, -1.1050e-02, -1.5256e-02, +2.1671e-02, -2.3832e-02, +3.0322e-02, +2.5964e-03, -1.9351e-02, +1.5232e-02, +2.3710e-02, +1.1600e-02, -2.9361e-02, +8.2754e-02, +8.2596e-02, +6.4886e-03, -1.0000e+00, +2.1195e-02, +7.1315e-02, -6.5407e-02, -1.7912e-01, -1.8323e-02, +6.2304e-02, +1.8493e-02, -9.0604e-02, -8.8703e-02, +1.7331e-02, +3.5064e-02, +4.9572e-02, +1.0162e-02, +4.8066e-02, -1.3563e-02, +2.7717e-03, -5.3193e-02, +1.4502e-02, +2.9966e-02, +1.7459e-01, -1.0369e-02, -9.5871e-03, -1.0238e-02, +8.8927e-02, +1.0718e-01, -9.1865e-02, -8.4251e-02, +1.2936e-02, -3.3996e-02, +1.1866e-01, -2.8576e-01, -4.6504e-02, +4.7389e-02
-7.4385e-03, -5.0739e-02, -1.3233e-02, -1.9755e-02, -2.6944e-03, -1.6535e-02, -3.4304e-02, -4.4093e-02, +3.1775e-02, -1.1448e-01, -1.2286e-01, +3.1536e-02, +1.7538e-02, -2.7272e-02, -2.1912e-02, -3.7888e-02, +2.1195e-02, -1.0000e+00, -5.4834e-02, -9.7525e-02, -4.8773e-02, +3.4192e-02, -5.4401e-02, +9.9021e-02, +5.1510e-02, -4.1739e-02, -4.6875e-03, -9.7216e-03, -1.6884e-02, -3.6752e-02, -6.0578e-02, -1.7601e-02, -2.2686e-02, +6.2750e-02, -1.1632e-02, +1.5673e-02, +1.4237e-02, -3.1464e-02, +3.2316e-02, +5.0872e-02, -1.9233e-02, +2.2980e-02, -3.0466e-03, -3.3201e-02, -1.8157e-02, +5.7351e-02, -5.1569e-02, +8.4084e-02, -2.6776e-02, -1.8832e-02
+5.1255e-03, -4.8410e-03, +6.2741e-03, +2.9785e-02, -4.8003e-02, +3.3931e-02, +4.8933e-02, +7.8666e-02, -7.3658e-03, -1.9153e-02, -3.4709e-02, +4.0285e-02, +8.0855e-02, -4.9671e-02, -3.7505e-02, +3.5760e-02, +7.1315e-02, -5.4834e-02, -1.0000e+00, -2.8544e-02, -1.5158e-03, +4.4045e-03, -4.5888e-02, -2.6879e-02, +1.3139e-02, +1.7415e-02, -5.6090e-03, +1.9466e-02, +6.7019e-02, -7.1094e-02, +4.3592e-02, -1.5212e-02, -1.0459e-02, -3.3896e-02, -3.5766e-02, -5.0345e-02, -2.1627e-04, -2.5208e-02, -6.1794e-02, +7.8119e-03, -4.2026e-02, +4.2285e-02, +6.4652e-02, +3.7835e-02, -2.4345e-03, -1.9996e-02, -5.4340e-02, +5.5847e-02, -6.4595e-03, -2.1168e-02
+5.1754e-02, +1.1192e-03, -1.0161e-01, -1.9593e-02, -4.0743e-02, -7.6171e-02, -4.0507e-03, -1.5767e-03, -8.7410e-02, +4.6976e-03, +2.9624e-03, -4.7425e-02, -5.5977e-02, -4.5127e-03, +5.9884e-02, -3.5148e-02, -6.5407e-02, -9.7525e-02, -2.8544e-02, -1.0000e+00, -7.5553e-02, -1.2814e-01, +1.0862e-03, +2.7890e-02, -1.0790e-02, -5.7045e-02, -1.2958e-01, +3.1628e-02, -3.0505e-02, -6.5124e-03, +4.3839e-02, -1.4494e-02, +6.0904e-03, +2.9704e-03, +5.9705e-03, -9.1480e-02, +1.4637e-01, -4.8077e-02, -1.3438e-02, +4.9903e-03, +6.9814e-02, -3.5994e-02, -2.5921e-02, -7.1707e-02, +3.4792e-02, -3.6045e-02, -1.9730e-02, -1.9354e-01, -6.0616e-02, +3.6256e-02
+3.3447e-02, +4.0812e-02, +3.0999e-03, +1.1371e-02, -8.9022e-03, -6.4866e-02, -1.5327e-02, -4.7765e-05, +3.4667e-02, -1.1947e-01, -4.3671e-02, +4.1051e-02, -1.9721e-02, -3.8774e-02, +1.0288e-02, -3.6808e-02, -1.7912e-01, -4.8773e-02, -1.5158e-03, -7.5553e-02, -1.0000e+00, -1.2662e-02, +4.8569e-02, +2.7744e-02, -9.3465e-02, -1.2985e-02, -5.6816e-02, -2.7074e-02, -8.4658e-02, +1.0635e-02, +2.2512e-02, -2.1922e-02, +7.4684e-02, +5.4365e-03, +1.3144e-02, -3.9841e-02, +9.8343e-02, -4.6138e-02, -6.2602e-04, +2.9843e-02, -4.7284e-02, +5.3714e-02, -1.5588e-02, -7.4183e-02, -4.6573e-02, -7.3757e-02, -1.9071e-02, -1.5301e-01, -6.1615e-02, -3.7147e-02
+3.6554e-02, +5.4229e-02, -2.5614e-03, -1.3236e-02, +2.3817e-02, -6.6208e-02, -1.1319e-02, -1.2552e-02, -4.2524e-02, +4.2328e-02, -1.6650e-02, +9.3009e-03, -1.7789e-02, -2.0491e-02, +7.5181e-02, +8.6605e-03, -1.8323e-02, +3.4192e-02, +4.4045e-03, -1.2814e-01, -1.2662e-02, -1.0000e+00, +7.5527e-02, -2.9739e-02, -4.7992e-02, -3.4628e-02, +6.7199e-02, +2.6578e-02, +9.9946e-02, -3.5448e-03, -2.9501e-02, -2.6040e-03, -1.1535e-02, +2.7074e-02, +2.7153e-02, -4.0050e-02, +5.8048e-02, -6.0509e-03, +1.0751e-02, -1.8225e-02, +7.8011e-02, +2.3355e-02, -3.1145e-03, -3.1960e-02, +1.7692e-03, -2.6427e-02, -3.2575e-02, -1.8577e-01, -7.8018e-03, +2.6636e-02
+1.6766e-02, +3.3287e-02, -1.1393e-02, -2.5837e-02, +4.3420e-02, +2.8114e-02, -2.8330e-02, +3.0545e-02, +6.1888e-02, -1.1368e-01, -3.5301e-02, +7.7400e-03, -6.6277e-02, -5.5388e-02, -2.8222e-02, +2.3651e-02, +6.2304e-02, -5.4401e-02, -4.5888e-02, +1.0862e-03, +4.8569e-02, +7.5527e-02, -1.0000e+00, -1.3192e-01, -1.0128e-02, +6.8380e-03, -5.9779e-03, -2.5589e-02, +4.4296e-02, +5.2926e-02, -3.0184e-02, +1.5296e-02, +1.3541e-01, -7.2322e-02, -5.6311e-03, +1.3479e-01, +2.7367e-02, -7.5423e-02, +8.1035e-02, +5.6451e-03, -2.3150e-02, +1.2666e-02, -1.4645e-02, -1.0571e-02, +1.2057e-01, +1.5379e-02, -3.9017e-02, +1.8830e-01, +7.9903e-02, -8.0845e-02
+1.6511e-02, +8.4600e-02, -5.6069e-02, +3.3045e-02, -7.3314e-02, +1.2277e-02, +1.2344e-02, +1.0419e-01, +1.2548e-02, -3.7395e-02, +9.7761e-02, -4.5824e-02, +4.1148e-02, +1.3404e-03, -8.3808e-02, +5.6030e-02, +1.8493e-02, +9.9021e-02, -2.6879e-02, +2.7890e-02, +2.7744e-02, -2.9739e-02, -1.3192e-01, -1.0000e+00, +3.0046e-02, -3.3812e-02, -6.7526e-02, +9.8270e-03, +2.2529e-02, -6.2531e-02, -1.1773e-01, +2.0932e-02, -1.5992e-02, +2.2209e-02, -6.9237e-03, +4.6043e-02, -1.7402e-03, +9.0367e-03, -6.6596e-03, +2.6562e-02, -1.3627e-01, +1.3323e-02, -3.4872e-02, +4.4436e-02, +3.0332e-02, -5.8944e-02, -3.8494e-02, +1.0957e-01, -5.1476e-02, +6.9810e-02
+1.9184e-02, +5.4015e-02, -9.3765e-02, -4.6849e-02, +7.2697e-02, +3.4614e-02, -7.5811e-03, +8.7929e-02, -1.0333e-01, -2.0556e-02, +4.9575e-02, -2.9528e-02, +1.2031e-01, +6.3720e-03, +4.2255e-02, +3.9130e-02, -9.0604e-02, +5.1510e-02, +1.3139e-02, -1.0790e-02, -9.3465e-02, -4.7992e-02, -1.0128e-02, +3.0046e-02, -1.0000e+00, +8.8689e-02, +5.2327e-02, -1.4176e-02, +2.2264e-02, +1.0241e-01, +2.2499e-03, +1.9932e-02, +1.3814e-02, -1.9471e-02, -1.7081e-02, +1.6473e-03, -5.6954e-03, -7.4734e-02, +2.2836e-02, -2.8601e-02, +1.2220e-01, +2.0044e-02, +7.7996e-03, -6.8085e-02, -2.3437e-02, +3.7646e-02, +5.6678e-02, -6.0456e-02, +1.5175e-03, +5.8130e-03
+3.7049e-02, -5.7528e-02, -1.6078e-02, -8.3154e-02, -2.6640e-02, -5.9623e-02, -1.1947e-02, +4.6405e-02, +1.0790e-01, +1.1204e-02, -1.3055e-02, +7.7128e-02, -1.1007e-01, -1.1741e-02, +5.5387e-02, +5.4582e-02, -8.8703e-02, -4.1739e-02, +1.7415e-02, -5.7045e-02, -1.2985e-02, -3.4628e-02, +6.8380e-03, -3.3812e-02, +8.8689e-02, -1.0000e+00, -4.4730e-02, +2.8919e-02, -6.5816e-02, -1.0123e-01, +7.5169e-03, +8.8638e-02, -2.2629e-02, +4.6949e-02, +6.1825e-02, -4.4541e-02, +1.2283e-01, +6.9442e-02, -2.3910e-02, +9.6437e-03, -2.6318e-03, +5.8323e-03, +1.4569e-02, -2.6812e-02, +2.4750e-02, +9.2476e-05, -4.5646e-02, -1.7981e-01, -3.0323e-02, +4.5615e-02
+5.5153e-02, +4.6865e-02, -2.2874e-02, +2.3519e-02, -1.9000e-02, -8.5126e-02, -1.4058e-02, +1.4902e-02, +1.3897e-02, -4.6260e-03, +1.0239e-02, -2.3085e-02, -5.5802e-04, -1.7303e-02, -5.1806e-02, -2.8933e-02, +1.7331e-02, -4.6875e-03, -5.6090e-03, -1.2958e-01, -5.6816e-02, +6.7199e-02, -5.9780e-03, -6.7526e-02, +5.2327e-02, -4.4730e-02, -1.0000e+00, -2.9553e-02, -1.2931e-01, -6.5013e-02, -3.3763e-02, +9.6214e-03, +1.2032e-02, +3.7165e-02, -8.6849e-02, -1.5237e-02, +5.6291e-02, +1.4983e-02, -3.3348e-02, +1.9575e-02, -2.5695e-02, -7.2358e-02, -1.0812e-01, +1.6801e-02, +7.6490e-02, -6.4789e-02, -9.0936e-02, +3.4705e-03, -1.6248e-02, -3.5108e-03
+5.5952e-02, -9.0094e-03, -3.2620e-02, -4.4437e-02, -4.1399e-02, -7.6093e-03, +5.4527e-02, -9.1445e-02, +2.1407e-02, +1.1869e-02, -2.7318e-02, +3.6844e-02, +9.0001e-02, -2.5642e-03, +2.2626e-02, +4.9436e-02, +3.5064e-02, -9.7216e-03, +1.9466e-02, +3.1628e-02, -2.7074e-02, +2.6578e-02, -2.5589e-02, +9.8270e-03, -1.4176e-02, +2.8919e-02, -2.9553e-02, -1.0000e+00, -9.6937e-02, -1.6471e-02, -2.0084e-02, +3.6902e-02, +3.9565e-02, -4.0763e-02, -3.8178e-02, +1.8063e-02, -4.7686e-02, -5.4350e-02, -6.3377e-03, +1.6447e-02, -3.2363e-02, -2.8629e-02, -5.9872e-02, -4.6866e-02, +2.2679e-03, -4.0262e-02, -6.6774e-02, +1.1524e-01, +1.5168e-02, -3.7376e-02
+7.6367e-02, +5.6583e-03, -3.3787e-02, -2.1337e-02, -1.0884e-01, -1.0289e-01, +1.2660e-02, +1.7501e-02, +5.2857e-02, +5.3634e-02, -1.0610e-01, -8.5492e-03, +1.0377e-01, +3.8224e-02, -9.2892e-02, -2.4083e-02, +4.9572e-02, -1.6884e-02, +6.7019e-02, -3.0505e-02, -8.4658e-02, +9.9946e-02, +4.4296e-02, +2.2529e-02, +2.2264e-02, -6.5816e-02, -1.2931e-01, -9.6937e-02, -1.0000e+00, -6.4612e-02, -2.4588e-02, -7.1065e-03, -2.5160e-02, +2.1805e-02, -3.8954e-02, +2.8963e-02, -1.4814e-02, -7.8822e-02, +2.6334e-03, +5.9236e-03, -5.6157e-02, -6.5844e-02, +1.2412e-02, -2.3081e-02, +2.6248e-02, +3.0973e-02, -2.3531e-02, +9.0410e-02, -8.9818e-03, +4.2700e-02
+1.8792e-02, -4.8498e-03, -5.8839e-02, -2.1133e-02, -1.2071e-01, -5.3174e-02, +4.0217e-02, -2.1662e-02, +6.0126e-02, -3.5183e-03, -4.4058e-02, +3.9367e-02, +3.1365e-02, -3.1676e-02, +1.8796e-02, -3.1213e-02, +1.0162e-02, -3.6752e-02, -7.1094e-02, -6.5124e-03, +1.0635e-02, -3.5448e-03, +5.2926e-02, -6.2531e-02, +1.0241e-01, -1.0123e-01, -6.5013e-02, -1.6471e-02, -6.4612e-02, -1.0000e+00, +1.4244e-02, -3.1098e-02, -1.2195e-02, -1.6446e-02, +5.3081e-02, -2.5161e-02, -1.9675e-02, -5.8515e-04, -6.9128e-02, +9.1764e-03, +1.2199e-02, +1.0613e-02, -9.5725e-03, +2.1363e-02, +3.7136e-02, +2.6313e-02, -5.6810e-02, +3.8805e-02, -4.4502e-02, -3.0847e-02
+3.0020e-02, +9.3552e-02, +1.2388e-01, +4.0764e-02, +5.5958e-02, -8.3791e-02, +4.5090e-02, +2.3712e-02, +5.8408e-02, -6.0289e-02, -1.1076e-01, -2.9569e-02, +4.4089e-02, -5.8166e-02, -9.2904e-03, +1.5758e-03, +4.8066e-02, -6.0578e-02, +4.3592e-02, +4.3839e-02, +2.2512e-02, -2.9501e-02, -3.0184e-02, -1.1773e-01, +2.2499e-03, +7.5169e-03, -3.3763e-02, -2.0084e-02, -2.4588e-02, +1.4244e-02, -1.0000e+00, +6.1615e-03, -2.0617e-02, +1.5203e-01, -6.0952e-02, -2.8085e-02, -6.2730e-02, -4.4231e-02, -9.9193e-03, -1.8864e-02, -4.0988e-02, -7.6902e-02, +5.2548e-02, -2.4125e-04, +3.6969e-02, -1.9671e-02, -3.2982e-02, +1.2294e-01, -1.7104e-02, -3.4204e-02
+1.7023e-02, +7.2467e-02, +9.4724e-02, +4.8493e-03, -7.4357e-03, +3.4673e-02, -1.2979e-02, -7.8317e-03, +1.4268e-02, -4.1014e-02, +1.6405e-02, +1.3489e-02, -4.2507e-02, -5.3427e-04, +1.5621e-02, +2.4416e-02, -1.3563e-02, -1.7601e-02, -1.5212e-02, -1.4494e-02, -2.1922e-02, -2.6040e-03, +1.5296e-02, +2.0932e-02, +1.9932e-02, +8.8638e-02, +9.6214e-03, +3.6902e-02, -7.1065e-03, -3.1098e-02, +6.1615e-03, -1.0000e+00, -7.5100e-02, -4.1244e-02, +1.0481e-02, +8.4660e-02, -7.7659e-02, -3.5235e-02, +8.4873e-02, +3.4869e-02, -1.1496e-02, +4.8117e-02, -1.7544e-02, +4.5698e-02, +2.7643e-02, +6.1682e-03, +2.1169e-02, +1.1155e-01, +3.8252e-02, +1.2881e-02
+3.7493e-02, +7.8769e-02, +1.1489e-01, +4.6917e-02, -1.6323e-02, +2.7374e-02, -3.6497e-02, +6.4431e-02, +1.2736e-01, +3.9417e-02, +6.0629e-02, +9.6204e-03, +5.1839e-02, -5.2573e-02, +3.1093e-02, -1.3077e-01, +2.7717e-03, -2.2686e-02, -1.0459e-02, +6.0904e-03, +7.4684e-02, -1.1535e-02, +1.3541e-01, -1.5992e-02, +1.3814e-02, -2.2629e-02, +1.2032e-02, +3.9565e-02, -2.5160e-02, -1.2195e-02, -2.0617e-02, -7.5100e-02, -1.0000e+00, +5.8692e-02, +4.1748e-02, +6.9837e-02, -6.3472e-02, +2.6065e-02, -1.6109e-03, -5.7492e-02, +5.7889e-03, +6.1986e-02, -5.8164e-02, -2.3607e-02, -1.7980e-01, +4.9015e-02, -9.2931e-04, +6.3401e-02, +1.2013e-02, +3.0425e-02
+3.8083e-02, -1.2087e-01, +3.5360e-02, -1.2971e-01, +3.4463e-03, +1.1573e-01, -1.3410e-02, +5.3908e-02, +3.2132e-02, -6.8080e-02, +1.5006e-01, +4.8003e-02, +2.8817e-02, +4.2316e-02, +9.8536e-02, -7.6226e-02, -5.3193e-02, +6.2750e-02, -3.3896e-02, +2.9704e-03, +5.4365e-03, +2.7074e-02, -7.2322e-02, +2.2209e-02, -1.9471e-02, +4.6949e-02, +3.7165e-02, -4.0763e-02, +2.1805e-02, -1.6446e-02, +1.5203e-01, -4.1244e-02, +5.8692e-02, -1.0000e+00, +1.5905e-03, +2.3004e-02, -1.9066e-01, -4.0862e-02, +4.3577e-02, -9.6425e-02, +2.4249e-01, +1.2298e-02, +1.5887e-02, +1.0323e-01, +7.1312e-02, -1.0040e-01, -1.0380e-02, +1.1289e-01, +1.8239e-01, -1.0068e-01
+4.3635e-02, +5.2301e-02, -7.7245e-05, +1.1144e-02, -3.9694e-02, -8.4649e-02, +9.9318e-02, +5.8140e-02, +2.8650e-02, +6.7847e-02, -3.6333e-02, -2.6638e-02, -1.0498e-01, -1.6274e-02, -9.2554e-03, +2.7914e-02, +1.4502e-02, -1.1632e-02, -3.5766e-02, +5.9705e-03, +1.3144e-02, +2.7153e-02, -5.6311e-03, -6.9237e-03, -1.7081e-02, +6.1825e-02, -8.6849e-02, -3.8178e-02, -3.8954e-02, +5.3081e-02, -6.0952e-02, +1.0481e-02, +4.1748e-02, +1.5906e-03, -1.0000e+00, -3.4711e-02, +6.1138e-02, -5.3257e-02, -3.5499e-02, -1.0290e-03, +7.2597e-04, -3.8266e-02, -6.8549e-02, -2.3456e-02, +1.2402e-02, -4.7908e-02, -3.2390e-02, -1.2274e-02, +1.6646e-03, -6.0352e-03
+9.7294e-03, -6.0774e-02, -5.6275e-02, +1.0814e-02, +2.4889e-03, -5.0859e-02, -1.1435e-02, -2.2166e-02, +1.1969e-02, +3.6963e-02, -4.6685e-02, +4.3392e-02, +1.2065e-01, +1.0577e-02, -9.6467e-03, +5.7373e-02, +2.9966e-02, +1.5673e-02, -5.0345e-02, -9.1480e-02, -3.9841e-02, -4.0050e-02, +1.3479e-01, +4.6043e-02, +1.6473e-03, -4.4541e-02, -1.5237e-02, +1.8063e-02, +2.8963e-02, -2.5161e-02, -2.8085e-02, +8.4660e-02, +6.9837e-02, +2.3004e-02, -3.4711e-02, -1.0000e+00, +6.8940e-03, +5.3933e-02, -1.0359e-03, +1.8721e-02, -4.3989e-02, +1.8546e-02, -5.0019e-03, -3.1200e-02, -1.1488e-01, -4.7648e-02, -1.5439e-02, -5.7270e-02, -3.1518e-02, -1.9998e-02
+2.6943e-02, -1.5167e-02, +7.4965e-02, -2.9440e-02, +1.5648e-02, +2.7508e-02, +6.3215e-03, +1.5132e-02, +3.6570e-02, -8.4966e-02, +6.4344e-02, +5.2006e-02, +1.4589e-01, -6.6028e-02, -3.6999e-02, -2.9459e-03, +1.7459e-01, +1.4237e-02, -2.1627e-04, +1.4637e-01, +9.8343e-02, +5.8048e-02, +2.7367e-02, -1.7402e-03, -5.6954e-03, +1.2283e-01, +5.6291e-02, -4.7686e-02, -1.4814e-02, -1.9675e-02, -6.2730e-02, -7.7659e-02, -6.3472e-02, -1.9066e-01, +6.1138e-02, +6.8940e-03, -1.0000e+00, -5.3493e-02, +3.6312e-02, +3.4739e-02, +6.4090e-02, +2.6559e-01, +7.7033e-02, +1.3568e-01, +5.6393e-02, +1.1849e-03, -9.0910e-03, +4.8268e-01, +1.4051e-01, -7.4563e-02
+1.4997e-02, +1.7839e-02, +8.5947e-02, +6.6457e-02, +4.4581e-02, -2.2932e-02, -2.7624e-02, -9.3255e-02, +3.0085e-02, -8.9100e-02, -2.5688e-02, -5.6439e-02, +9.0540e-02, +1.8810e-02, -5.9676e-03, -2.6327e-02, -1.0369e-02, -3.1464e-02, -2.5208e-02, -4.8077e-02, -4.6138e-02, -6.0509e-03, -7.5423e-02, +9.0367e-03, -7.4734e-02, +6.9442e-02, +1.4983e-02, -5.4350e-02, -7.8822e-02, -5.8514e-04, -4.4231e-02, -3.5235e-02, +2.6065e-02, -4.0862e-02, -5.3257e-02, +5.3933e-02, -5.3493e-02, -1.0000e+00, -4.6519e-02, -1.3842e-02, +2.0562e-02, +1.8283e-02, +1.7804e-02, -8.1462e-04, +3.1314e-03, +1.5230e-02, +1.7801e-02, +7.3726e-02, +5.7669e-03, +2.6009e-02
+2.6421e-02, -2.7107e-02, -3.9725e-02, -7.0341e-03, -5.4170e-03, -1.2754e-01, +4.1536e-02, -6.9452e-02, +3.4405e-02, +2.4700e-02, -1.4748e-02, -6.4913e-02, +1.0185e-01, +4.5334e-02, -4.5882e-02, -1.8976e-02, -9.5871e-03, +3.2316e-02, -6.1794e-02, -1.3438e-02, -6.2603e-04, +1.0751e-02, +8.1035e-02, -6.6596e-03, +2.2836e-02, -2.3910e-02, -3.3348e-02, -6.3377e-03, +2.6334e-03, -6.9128e-02, -9.9193e-03, +8.4873e-02, -1.6109e-03, +4.3577e-02, -3.5499e-02, -1.0359e-03, +3.6312e-02, -4.6519e-02, -1.0000e+00, +9.8630e-03, +4.1996e-02, -4.7043e-02, -1.9192e-02, -2.4367e-02, +8.7975e-02, +6.3444e-02, -2.6866e-02, -4.7027e-02, +1.9896e-02, +3.6845e-02
+3.0138e-02, -2.3039e-02, -1.1048e-02, +2.5053e-02, +7.0694e-02, +1.7824e-03, -5.3909e-02, -3.0976e-02, +1.2393e-02, +4.1408e-02, -8.0799e-03, +9.8035e-03, -1.8965e-02, +3.9591e-02, -1.3639e-02, +5.6655e-02, -1.0238e-02, +5.0872e-02, +7.8119e-03, +4.9903e-03, +2.9843e-02, -1.8225e-02, +5.6451e-03, +2.6562e-02, -2.8601e-02, +9.6437e-03, +1.9575e-02, +1.6447e-02, +5.9236e-03, +9.1764e-03, -1.8864e-02, +3.4869e-02, -5.7492e-02, -9.6425e-02, -1.0290e-03, +1.8721e-02, +3.4739e-02, -1.3842e-02, +9.8630e-03, -1.0000e+00, +8.2886e-02, -2.1483e-02, -6.0287e-02, -4.6331e-02, +5.9197e-02, -6.0109e-02, -5.6131e-02, -7.1260e-02, +6.7322e-02, +7.5433e-03
-5.4094e-02, +4.5030e-02, -3.8432e-02, +6.4727e-02, -3.4602e-03, +1.0945e-02, -2.6928e-02, +3.6120e-02, +3.7452e-03, +1.4995e-02, -1.2461e-02, -6.1399e-03, +3.1980e-02, +4.0609e-02, -7.3556e-02, -4.1508e-02, +8.8927e-02, -1.9233e-02, -4.2026e-02, +6.9814e-02, -4.7284e-02, +7.8011e-02, -2.3150e-02, -1.3627e-01, +1.2220e-01, -2.6318e-03, -2.5695e-02, -3.2363e-02, -5.6157e-02, +1.2199e-02, -4.0988e-02, -1.1496e-02, +5.7889e-03, +2.4249e-01, +7.2597e-04, -4.3989e-02, +6.4090e-02, +2.0562e-02, +4.1996e-02, +8.2886e-02, -1.0000e+00, +1.2497e-01, +7.2552e-02, +8.9404e-02, +7.8747e-04, -3.4049e-02, +4.1377e-02, -1.3978e-02, -1.5892e-01, -5.5493e-02
-5.6201e-02, +5.8001e-02, +1.1906e-02, +2.7754e-03, +1.8884e-02, -5.8687e-02, -1.8121e-03, -4.8416e-02, +5.7181e-02, +2.2373e-02, -8.7333e-02, -5.5297e-02, +9.6268e-02, -1.8032e-02, -2.8024e-02, -9.0520e-02, +1.0718e-01, +2.2980e-02, +4.2285e-02, -3.5994e-02, +5.3714e-02, +2.3355e-02, +1.2666e-02, +1.3323e-02, +2.0044e-02, +5.8323e-03, -7.2358e-02, -2.8629e-02, -6.5844e-02, +1.0613e-02, -7.6902e-02, +4.8117e-02, +6.1986e-02, +1.2298e-02, -3.8266e-02, +1.8546e-02, +2.6559e-01, +1.8283e-02, -4.7043e-02, -2.1483e-02, +1.2497e-01, -1.0000e+00, -1.8406e-02, -4.3831e-02, +1.8220e-01, -4.9614e-02, -4.7175e-02, +2.4676e-02, +1.1803e-01, +1.5056e-02
+1.7423e-02, +7.7472e-02, -9.2013e-02, -3.8285e-04, +5.5573e-02, -2.7421e-02, -4.9650e-02, -7.0562e-02, -2.5257e-02, +4.9187e-02, -6.9603e-02, -1.4243e-03, -3.9558e-02, -4.2532e-02, +2.6455e-02, +2.8538e-02, -9.1865e-02, -3.0466e-03, +6.4652e-02, -2.5921e-02, -1.5588e-02, -3.1145e-03, -1.4645e-02, -3.4872e-02, +7.7996e-03, +1.4569e-02, -1.0812e-01, -5.9872e-02, +1.2412e-02, -9.5725e-03, +5.2548e-02, -1.7544e-02, -5.8164e-02, +1.5887e-02, -6.8549e-02, -5.0019e-03, +7.7033e-02, +1.7804e-02, -1.9192e-02, -6.0287e-02, +7.2552e-02, -1.8406e-02, -1.0000e+00, -1.1787e-01, +1.1747e-01, -2.1706e-03, -1.0129e-02, -6.0412e-02, +1.5978e-02, -3.9154e-03
+3.1974e-02, +1.0267e-02, +5.1196e-03, -1.4123e-02, +3.2016e-02, +4.8894e-03, +1.6948e-02, -2.1866e-02, -4.7665e-02, +2.3658e-02, -6.1408e-02, +1.8378e-02, -1.7914e-02, -2.0334e-02, -4.6485e-03, +3.3469e-02, -8.4251e-02, -3.3201e-02, +3.7835e-02, -7.1707e-02, -7.4183e-02, -3.1960e-02, -1.0571e-02, +4.4436e-02, -6.8085e-02, -2.6812e-02, +1.6801e-02, -4.6866e-02, -2.3081e-02, +2.1363e-02, -2.4127e-04, +4.5698e-02, -2.3607e-02, +1.0323e-01, -2.3456e-02, -3.1200e-02, +1.3568e-01, -8.1461e-04, -2.4367e-02, -4.6331e-02, +8.9404e-02, -4.3831e-02, -1.1787e-01, -1.0000e+00, -3.4724e-02, -1.0379e-02, -1.5070e-02, -1.1691e-01, -3.2249e-03, +4.8523e-02
+5.1628e-02, -4.7953e-02, +9.1197e-02, +3.4193e-02, +1.2197e-02, +5.9079e-02, +1.1790e-02, -8.5960e-02, +2.7554e-02, -1.4216e-02, +7.3273e-02, +7.9322e-02, -1.3688e-01, +1.5975e-02, +5.2047e-02, +7.7320e-02, +1.2936e-02, -1.8157e-02, -2.4345e-03, +3.4792e-02, -4.6573e-02, +1.7692e-03, +1.2057e-01, +3.0332e-02, -2.3437e-02, +2.4750e-02, +7.6490e-02, +2.2679e-03, +2.6248e-02, +3.7136e-02, +3.6969e-02, +2.7643e-02, -1.7980e-01, +7.1312e-02, +1.2402e-02, -1.1488e-01, +5.6393e-02, +3.1314e-03, +8.7975e-02, +5.9197e-02, +7.8746e-04, +1.8220e-01, +1.1747e-01, -3.4724e-02, -1.0000e+00, +4.3203e-02, +7.2117e-02, +1.2394e-01, -6.8235e-03, -2.9696e-02
+2.9008e-02, -4.6817e-03, -4.3017e-02, -4.0001e-02, -2.4718e-02, +1.3876e-02, -5.6827e-02, +1.0652e-01, -3.6471e-03, -4.7986e-02, +2.2818e-03, +9.8653e-03, +3.4760e-02, -8.9636e-03, -3.1143e-02, +3.0501e-02, -3.3996e-02, +5.7351e-02, -1.9996e-02, -3.6045e-02, -7.3757e-02, -2.6427e-02, +1.5379e-02, -5.8944e-02, +3.7646e-02, +9.2477e-05, -6.4789e-02, -4.0262e-02, +3.0973e-02, +2.6313e-02, -1.9671e-02, +6.1682e-03, +4.9015e-02, -1.0040e-01, -4.7908e-02, -4.7648e-02, +1.1849e-03, +1.5230e-02, +6.3444e-02, -6.0109e-02, -3.4049e-02, -4.9614e-02, -2.1706e-03, -1.0379e-02, +4.3203e-02, -1.0000e+00, -3.6352e-02, +5.7409e-02, +5.1912e-02, +1.5783e-02
-3.4903e-02, +1.8087e-02, -2.7179e-04, +1.3548e-02, -8.0022e-04, -1.6915e-01, +1.5292e-03, +5.0553e-02, -9.8953e-03, +1.5819e-02, -5.6388e-02, +7.9204e-03, +7.2318e-02, -8.4649e-03, -5.1079e-02, -6.7442e-03, +1.1866e-01, -5.1569e-02, -5.4340e-02, -1.9730e-02, -1.9071e-02, -3.2575e-02, -3.9017e-02, -3.8494e-02, +5.6678e-02, -4.5646e-02, -9.0936e-02, -6.6774e-02, -2.3531e-02, -5.6810e-02, -3.2982e-02, +2.1169e-02, -9.2931e-04, -1.0380e-02, -3.2390e-02, -1.5439e-02, -9.0910e-03, +1.7801e-02, -2.6866e-02, -5.6131e-02, +4.1377e-02, -4.7176e-02, -1.0129e-02, -1.5070e-02, +7.2117e-02, -3.6352e-02, -1.0000e+00, +5.4971e-02, +1.9714e-02, +4.4602e-03
-3.5193e-02, +1.5253e-02, -8.4878e-02, -1.3790e-02, +6.8678e-02, -6.2079e-02, -1.5427e-02, +5.9202e-02, -1.0116e-01, +2.1255e-01, +4.0158e-02, -3.5130e-02, -1.6997e-01, +1.6492e-01, +1.5248e-01, +1.9035e-02, -2.8576e-01, +8.4084e-02, +5.5847e-02, -1.9354e-01, -1.5301e-01, -1.8577e-01, +1.8830e-01, +1.0957e-01, -6.0456e-02, -1.7981e-01, +3.4705e-03, +1.1524e-01, +9.0410e-02, +3.8805e-02, +1.2294e-01, +1.1155e-01, +6.3402e-02, +1.1289e-01, -1.2274e-02, -5.7270e-02, +4.8268e-01, +7.3726e-02, -4.7027e-02, -7.1260e-02, -1.3978e-02, +2.4676e-02, -6.0412e-02, -1.1691e-01, +1.2394e-01, +5.7409e-02, +5.4971e-02, -1.0000e+00, -2.0153e-01, +9.1016e-02
-9.6673e-02, +6.3847e-02, -6.7187e-02, -5.2550e-02, -4.5073e-02, -1.7464e-02, -6.3018e-02, -3.2990e-02, -9.5882e-03, -6.6145e-02, +2.0008e-02, -6.4784e-02, -1.0140e-01, -4.6226e-02, +9.3873e-03, -1.4124e-03, -4.6504e-02, -2.6776e-02, -6.4595e-03, -6.0616e-02, -6.1615e-02, -7.8018e-03, +7.9903e-02, -5.1476e-02, +1.5175e-03, -3.0323e-02, -1.6248e-02, +1.5168e-02, -8.9818e-03, -4.4502e-02, -1.7104e-02, +3.8252e-02, +1.2013e-02, +1.8239e-01, +1.6646e-03, -3.1518e-02, +1.4051e-01, +5.7669e-03, +1.9896e-02, +6.7322e-02, -1.5892e-01, +1.1803e-01, +1.5978e-02, -3.2249e-03, -6.8236e-03, +5.1912e-02, +1.9714e-02, -2.0153e-01, -1.0000e+00, +1.1235e-02
+9.2030e-02, +4.1057e-02, +1.2760e-01, -9.7887e-04, -9.9601e-03, -1.2862e-02, +3.5979e-02, +4.1381e-02, +6.1257e-02, -3.5981e-02, +5.1249e-02, -3.4006e-02, +6.2959e-02, +2.8174e-02, +2.9500e-02, +2.2386e-03, +4.7389e-02, -1.8832e-02, -2.1168e-02, +3.6256e-02, -3.7147e-02, +2.6636e-02, -8.0845e-02, +6.9810e-02, +5.8130e-03, +4.5615e-02, -3.5108e-03, -3.7376e-02, +4.2700e-02, -3.0847e-02, -3.4204e-02, +1.2881e-02, +3.0425e-02, -1.0068e-01, -6.0352e-03, -1.9998e-02, -7.4563e-02, +2.6009e-02, +3.6845e-02, +7.5433e-03, -5.5493e-02, +1.5056e-02, -3.9154e-03, +4.8523e-02, -2.9696e-02, +1.5783e-02, +4.4603e-03, +9.1016e-02, +1.1235e-02, -1.0000e+00
