-1.0000e+00, -2.9188e-02, +4.7554e-02, -1.3824e-01, +2.1468e-02, +7.5013e-03, -9.0308e-02, +1.6946e-02, -1.3199e-01, +6.2243e-02, +7.3791e-02, -3.2850e-02, -2.1864e-02, -6.9396e-03, -3.7521e-02, +2.2775e-02, -7.2505e-03, +1.2789e-02, +3.8233e-02, +1.2622e-01, +1.5579e-02, +2.1228e-02, -3.1951e-02, +7.4042e-04, -6.2235e-02, -1.7198e-02, +1.7894e-02, +1.2293e-02, +3.2412e-02, -3.7767e-02, +1.8340e-02, +2.1629e-02, -4.9179e-02, -4.6503e-03, -1.5219e-02, +2.7232e-02, +4.4288e-02, -3.6603e-03, -2.4960e-02, +4.5194e-02, +5.1339e-02, +2.6382e-02, -2.8956e-02, +1.0717e-01, -1.1058e-01, -3.2620e-02, +4.7738e-02, +9.5779e-02, +1.4870e-03, +3.4873e-02
-2.9188e-02, -1.0000e+00, -8.4505e-02, -3.1043e-02, +1.3848e-02, +6.5448e-02, +9.3035e-02, +3.9777e-02, -6.9303e-02, -2.5853e-02, +2.6786e-02, -3.8653e-02, -2.4947e-02, -1.4218e-02, -6.0314e-02, +2.4360e-02, -3.5161e-02, -7.5799e-03, +2.5349e-02, +7.3860e-02, -5.8439e-03, +9.4334e-02, +1.0941e-01, +4.0668e-02, +2.1711e-02, +1.2131e-02, +1.4484e-02, +6.1781e-02, -1.9723e-02, +7.7271e-02, +2.9901e-02, +3.5756e-02, -3.8555e-02, -6.7999e-02, +1.7365e-02, +1.7242e-02, -1.7555e-02, +9.1257e-03, +3.2270e-02, +8.6544e-03, -5.2651e-02, +4.2830e-02, +2.2749e-02, +3.4619e-02, -5.4637e-02, +4.6606e-02, -1.3364e-02, -4.0262e-02, +1.6995e-02, +9.9806e-03
+4.7554e-02, -8.4505e-02, -1.0000e+00, +7.0072e-02, +1.9146e-02, -9.8753e-03, -1.2687e-02, -1.2521e-01, +1.1623e-02, -2.5978e-02, -7.4229e-03, +2.9136e-02, -8.2881e-02, -2.9153e-03, +7.8516e-02, -3.3439e-02, +8.0386e-03, +3.5861e-03, -1.1755e-02, +8.0173e-03, -5.3173e-02, +2.9584e-03, +2.7151e-03, +1.1156e-02, +5.8021e-02, -1.1222e-01, +8.2003e-04, -9.4266e-02, -5.2718e-02, -2.2288e-02, +6.5185e-02, +1.9750e-02, -2.5602e-02, +3.0089e-02, -9.3485e-04, +6.2800e-02, -1.0413e-01, +9.1592e-02, +2.8660e-02, +8.3692e-02, -1.8888e-02, +4.6986e-02, +1.6340e-02, -3.4484e-02, -9.0131e-02, -7.4343e-02, +3.6731e-02, +3.0551e-02, -3.6045e-03, -8.2679e-03
-1.3824e-01, -3.1043e-02, +7.0072e-02, -1.0000e+00, +4.8695e-02, -2.4395e-03, -6.8782e-03, -6.6410e-03, +4.3663e-02, -6.4574e-02, -7.6650e-02, -4.5345e-02, -6.2067e-02, -2.2787e-02, +9.8501e-03, +7.4365e-03, +6.8515e-02, +2.5577e-02, -2.0868e-02, -3.5616e-02, -1.5063e-02, +1.9187e-02, +3.7745e-02, -3.7057e-02, -6.7023e-02, -1.2938e-01, +3.3017e-02, -5.0495e-02, -1.2994e-02, -1.8201e-02, -1.9628e-02, +1.0223e-02, -1.3597e-02, +1.6439e-02, -7.5328e-03, +4.3519e-02, -4.5117e-03, -8.3700e-03, +4.2180e-02, +9.2100e-02, -2.0278e-02, +1.3295e-02, -9.1371e-02, -3.8409e-02, -2.9288e-02, -5.4584e-02, -7.2653e-02, -3.2437e-02, -4.1714e-03, -4.1534e-02
+2.1468e-02, +1.3848e-02, +1.9146e-02, +4.8695e-02, -1.0000e+00, -5.6680e-02, +5.5667e-02, +1.3721e-03, +4.0852e-02, +4.6336e-02, -6.2939e-02, -1.9779e-02, -9.7186e-03, -2.1929e-03, -4.9205e-02, -6.3156e-02, -1.2882e-02, -1.3920e-02, -3.7084e-02, +2.6309e-02, -5.6353e-03, -6.8402e-03, +3.4710e-02, -3.0564e-02, +4.2621e-02, -5.3592e-03, -4.3689e-02, -5.7436e-02, -1.1062e-01, -8.6306e-02, +3.6717e-03, +4.4159e-02, +2.0207e-02, +1.1457e-01, -6.6678e-02, +4.5020e-03, +3.5750e-02, +5.2358e-02, -2.3066e-02, +5.7097e-02, +3.9030e-02, -6.8055e-02, -2.9012e-02, +5.3394e-02, -6.8747e-02, -1.0713e-02, -3.1077e-02, +1.2677e-01, -3.6576e-02, -2.1013e-03
+7.5013e-03, +6.5448e-02, -9.8753e-03, -2.4394e-03, -5.6680e-02, -1.0000e+00, +3.7804e-02, +9.4269e-02, +8.2396e-03, -4.9178e-02, -1.0967e-01, -1.5688e-02, +1.5505e-02, -3.2599e-02, -1.4000e-01, -7.5969e-02, +3.6048e-02, -6.6837e-02, -3.1994e-02, -6.9953e-02, +1.8366e-02, -3.9329e-03, +3.0250e-02, +1.5413e-02, +9.2169e-02, +1.5552e-02, -7.5083e-02, -2.6455e-02, -6.0566e-02, -6.3227e-02, -7.4957e-02, -6.1439e-03, +3.3013e-02, -2.0462e-02, -9.8187e-03, +7.7207e-03, +4.1402e-02, -1.2383e-01, -1.4264e-01, +3.1602e-02, +7.1250e-02, +2.3015e-02, +1.0697e-02, +5.2241e-02, +1.1904e-01, +1.1414e-02, -1.0357e-01, +1.8407e-01, -3.0767e-02, +1.3190e-02
-9.0308e-02, +9.3034e-02, -1.2687e-02, -6.8782e-03, +5.5667e-02, +3.7804e-02, -1.0000e+00, +5.0315e-02, -2.3049e-03, +7.2103e-03, +3.1845e-02, +5.2263e-02, +5.5311e-02, +3.2945e-02, +2.2863e-02, +6.9939e-02, +1.6248e-02, +2.0728e-02, +1.5287e-02, -6.5698e-03, +6.2637e-02, +1.0435e-02, +6.1253e-02, +1.4980e-02, +4.3065e-02, -1.7894e-02, +2.9537e-02, -3.0737e-02, +6.4761e-02, +4.2444e-02, -3.4007e-02, -3.3263e-02, +5.5765e-02, +9.4600e-04, +2.0122e-02, +3.4619e-02, -4.9672e-02, +2.1438e-02, +2.6065e-02, +6.6661e-03, -3.5947e-03, -8.7042e-02, -2.5834e-03, +1.1105e-02, +9.5640e-03, -2.4942e-02, +4.9582e-02, +3.4908e-02, -2.1776e-02, -1.5889e-02
+1.6946e-02, +3.9777e-02, -1.2521e-01, -6.6410e-03, +1.3721e-03, +9.4269e-02, +5.0315e-02, -1.0000e+00, -9.6744e-02, +2.8591e-02, +1.2813e-02, -1.1407e-02, +3.0209e-02, +2.5558e-02, -2.1876e-02, -3.5722e-02, +4.3237e-02, -9.6670e-02, +1.2011e-01, +2.4128e-02, +5.2785e-02, -3.1310e-02, -1.5816e-02, +5.7617e-02, -6.3076e-02, +8.7192e-02, +3.0335e-02, -6.9356e-02, +1.7502e-02, +3.1193e-02, +3.0936e-02, +6.8788e-02, -1.6312e-03, -9.9754e-02, +1.1698e-02, -6.0447e-02, +8.3029e-02, -1.6441e-01, +2.9777e-02, -3.5524e-03, +5.1026e-02, +4.0606e-02, -2.0784e-02, -2.0163e-02, -3.9895e-02, +1.3480e-01, +1.7624e-02, -1.4608e-01, -6.9291e-02, -8.4338e-03
-1.3199e-01, -6.9303e-02, +1.1623e-02, +4.3663e-02, +4.0852e-02, +8.2395e-03, -2.3049e-03, -9.6744e-02, -1.0000e+00, +4.2055e-02, +6.9545e-02, +5.5248e-03, +3.5458e-02, -1.4477e-02, -5.2846e-02, -2.0165e-02, -2.9627e-02, +2.1893e-02, -2.7084e-02, +7.6737e-02, +2.0263e-02, -3.1074e-02, -9.1934e-03, +5.1488e-02, -7.1238e-02, +2.2632e-02, +4.7560e-02, +4.4707e-02, +4.2176e-02, +1.1312e-02, +1.1499e-02, -8.7500e-02, +5.2590e-03, -4.4289e-02, +8.5004e-03, -2.6172e-02, -9.8018e-04, +1.6064e-02, +5.6581e-02, +3.5407e-02, +1.7861e-02, +6.2903e-02, +4.4606e-04, +4.7562e-02, -4.8646e-02, -5.7602e-03, +5.1111e-02, +8.2545e-02, +5.4538e-02, -9.9785e-02
+6.2243e-02, -2.5853e-02, -2.5978e-02, -6.4574e-02, +4.6336e-02, -4.9178e-02, +7.2103e-03, +2.8591e-02, +4.2055e-02, -1.0000e+00, -3.3248e-02, -1.1047e-02, -1.0280e-02, -6.8232e-03, -9.0631e-04, -3.2719e-02, +1.2434e-02, -4.3654e-02, +1.5210e-02, -1.6384e-02, -9.0895e-02, -2.9710e-02, -1.8346e-02, +1.4779e-03, +6.5083e-02, -3.0812e-02, -5.4598e-02, +6.5455e-02, -4.2997e-02, -4.6777e-03, +3.0278e-02, +8.3353e-03, -3.1900e-02, +2.6231e-02, -2.7975e-02, -3.8308e-03, -3.1376e-02, -2.6228e-03, +1.5821e-02, +1.1702e-01, -2.3252e-02, +7.7634e-02, +4.3053e-02, +1.6654e-02, -1.5474e-01, +1.6766e-02, -1.5294e-02, -2.2132e-02, +4.2077e-02, -5.3473e-02
+7.3791e-02, +2.6786e-02, -7.4229e-03, -7.6650e-02, -6.2939e-02, -1.0967e-01, +3.1845e-02, +1.2813e-02, +6.9545e-02, -3.3248e-02, -1.0000e+00, -7.2937e-03, -2.3980e-02, +4.6901e-02, -8.9175e-02, -6.1057e-02, +7.7014e-02, -1.3085e-01, -6.6174e-03, -8.6567e-02, -2.1975e-02, -2.0883e-02, -1.8245e-02, +8.3783e-02, +3.0810e-02, -3.7852e-02, -7.4599e-02, -3.2486e-02, -8.6605e-02, -6.1381e-02, -2.1817e-02, +4.5911e-03, -1.1266e-02, +8.2059e-02, -1.0159e-02, +1.0501e-02, +5.9373e-02, -4.3362e-02, -2.7447e-02, +1.2212e-01, -1.4271e-02, +1.9872e-02, +3.6735e-02, -6.1681e-02, -6.2862e-02, +6.4091e-02, -6.5632e-02, -5.1484e-03, -7.2652e-02, +3.8848e-02
-3.2850e-02, -3.8653e-02, +2.9136e-02, -4.5345e-02, -1.9779e-02, -1.5688e-02, +5.2263e-02, -1.1407e-02, +5.5248e-03, -1.1047e-02, -7.2937e-03, -1.0000e+00, -6.6053e-03, -6.5803e-02, -4.3718e-02, -3.7632e-02, -1.4114e-02, -1.1698e-01, +1.2628e-02, -3.4404e-02, -1.0882e-02, +2.7422e-02, +3.4912e-02, -5.1151e-03, -7.4720e-02, -2.5841e-02, -3.7631e-02, +5.1823e-02, -2.2175e-02, +1.8764e-02, +5.0184e-03, -4.4062e-02, +2.0005e-02, -1.2062e-02, +1.9203e-02, -2.0080e-02, +2.3049e-02, -7.0379e-02, +2.6044e-02, +4.9407e-02, -4.8381e-03, -3.1769e-02, -2.1863e-02, -2.5221e-02, -2.0864e-02, +1.0463e-02, +3.2257e-03, -6.8299e-02, +3.4914e-02, +8.2063e-03
-2.1864e-02, -2.4947e-02, -8.2881e-02, -6.2067e-02, -9.7186e-03, +1.5505e-02, +5.5311e-02, +3.0209e-02, +3.5458e-02, -1.0280e-02, -2.3980e-02, -6.6053e-03, -1.0000e+00, +3.1162e-02, +6.2851e-03, -3.1747e-02, -1.1053e-02, +2.5584e-02, +1.9157e-02, +2.2167e-02, +1.4749e-02, -9.2159e-03, -2.5414e-03, -5.5205e-02, +3.1779e-02, -1.5253e-02, +1.3833e-02, +1.0265e-02, -2.0882e-03, +5.4432e-02, +3.2724e-02, +3.6746e-04, -4.5748e-02, +6.0299e-02, -6.1070e-02, -2.6091e-02, +3.0413e-02, +2.7390e-02, +4.6665e-02, +3.6069e-02, -1.4904e-02, +2.1403e-02, -1.9906e-02, +1.3210e-02, -9.3956e-02, -4.3009e-02, +4.3952e-02, -1.8877e-02, +3.9683e-02, -8.6722e-03
-6.9396e-03, -1.4218e-02, -2.9153e-03, -2.2787e-02, -2.1929e-03, -3.2599e-02, +3.2945e-02, +2.5558e-02, -1.4477e-02, -6.8232e-03, +4.6901e-02, -6.5803e-02, +3.1162e-02, -1.0000e+00, -9.9160e-03, -1.1052e-01, -7.8568e-02, -1.7045e-02, -2.9661e-02, -3.6841e-02, +2.6133e-02, -1.5056e-02, +2.3524e-02, -1.7063e-02, -5.0810e-02, +2.8549e-02, +1.0278e-02, -3.8606e-02, +4.3467e-02, +3.0852e-02, -3.7404e-02, -3.1781e-02, +6.8653e-03, -1.9817e-02, -3.8700e-02, +6.8980e-03, +1.6702e-02, +2.7797e-02, +7.9346e-03, -6.4347e-03, +1.0427e-01, -6.5087e-03, -5.1265e-02, -3.7705e-02, +5.9979e-03, -1.9239e-02, -6.7030e-02, -2.8312e-02, -2.0312e-02, +1.7807e-02
-3.7521e-02, -6.0314e-02, +7.8516e-02, +9.8500e-03, -4.9205e-02, -1.4000e-01, +2.2863e-02, -2.1876e-02, -5.2846e-02, -9.0631e-04, -8.9175e-02, -4.3718e-02, +6.2851e-03, -9.9160e-03, -1.0000e+00, +5.3806e-03, +4.6349e-03, -5.4923e-02, -1.8972e-02, -4.7169e-02, +1.6603e-02, +3.8091e-02, +2.3882e-02, -5.0095e-02, +4.4162e-02, -2.3373e-02, -1.7509e-01, -9.1849e-02, -5.9972e-02, -9.5397e-03, -3.8906e-02, -1.6333e-02, -3.8673e-02, +9.5052e-02, -1.5199e-02, -1.6828e-02, +1.4713e-01, -7.1587e-02, -2.1779e-02, +1.2093e-01, +2.5279e-02, -2.3959e-02, -3.5439e-02, +4.1657e-02, -3.0821e-02, +1.4926e-03, +1.1712e-02, +1.6018e-01, -1.7325e-02, +7.8477e-02
+2.2775e-02, +2.4360e-02, -3.3439e-02, +7.4365e-03, -6.3156e-02, -7.5969e-02, +6.9939e-02, -3.5722e-02, -2.0165e-02, -3.2719e-02, -6.1057e-02, -3.7632e-02, -3.1747e-02, -1.1052e-01, +5.3805e-03, -1.0000e+00, +4.9648e-02, -6.4785e-02, -1.8578e-02, -8.0480e-02, -5.9526e-02, +2.0177e-02, -9.4928e-03, -2.4111e-02, +7.5270e-02, -3.3281e-02, -7.6785e-02, -3.1340e-02, -4.0050e-02, -6.3499e-02, -4.9238e-02, +2.3300e-02, +6.6850e-02, +6.6200e-02, -2.2582e-02, +4.3511e-04, +1.2965e-02, -1.3999e-02, -9.8063e-03, +3.2156e-02, -1.3727e-03, -1.7735e-02, -1.7760e-02, +3.0239e-03, -2.3612e-02, -3.0286e-02, -8.5936e-02, +2.5092e-03, -6.2721e-02, -6.0690e-02
-7.2505e-03, -3.5161e-02, +8.0386e-03, +6.8515e-02, -1.2882e-02, +3.6048e-02, +1.6248e-02, +4.3237e-02, -2.9627e-02, +1.2434e-02, +7.7014e-02, -1.4114e-02, -1.1053e-02, -7.8568e-02, +4.6349e-03, +4.9648e-02, -1.0000e+00, -4.8589e-03, +2.0894e-02, +3.3318e-02, -6.6282e-03, -4.7156e-02, -1.5706e-02, +1.7307e-03, -3.5404e-03, -4.4820e-03, +1.6971e-02, -2.8238e-02, +5.0539e-02, +2.1932e-02, +2.1400e-02, +4.8348e-03, -7.1466e-02, -3.1745e-02, -5.6844e-03, +2.4414e-02, -2.3294e-02, +3.1501e-02, +1.3092e-02, -4.4618e-02, -3.6955e-04, +1.1484e-02, -5.9862e-02, +1.5215e-02, +5.9898e-02, -8.2195e-03, -5.6022e-03, -1.0985e-02, -4.8552e-02, +4.1407e-02
+1.2789e-02, -7.5799e-03, +3.5861e-03, +2.5577e-02, -1.3920e-02, -6.6837e-02, +2.0728e-02, -9.6670e-02, +2.1893e-02, -4.3654e-02, -1.3085e-01, -1.1698e-01, +2.5584e-02, -1.7045e-02, -5.4923e-02, -6.4785e-02, -4.8589e-03, -1.0000e+00, +8.2987e-03, -5.5126e-02, +7.7061e-03, +1.7469e-02, -3.1886e-02, +9.0313e-02, +3.5532e-02, -1.9371e-02, +6.1447e-03, +2.8297e-02, -8.8063e-02, +1.1074e-02, +2.6027e-02, -6.1898e-02, -4.3880e-02, +7.0948e-03, -6.3680e-02, -2.3828e-02, +8.9773e-02, -7.4866e-02, +5.0644e-02, +6.8897e-02, +1.0827e-01, +2.4876e-02, -1.2381e-02, -9.5000e-03, -9.1410e-03, +9.5215e-02, -7.9354e-02, -1.4187e-02, -5.1071e-02, -1.0865e-02
+3.8233e-02, +2.5349e-02, -1.1755e-02, -2.0868e-02, -3.7084e-02, -3.1994e-02, +1.5287e-02, +1.2011e-01, -2.7084e-02, +1.5210e-02, -6.6174e-03, +1.2628e-02, +1.9157e-02, -2.9661e-02, -1.8972e-02, -1.8578e-02, +2.0894e-02, +8.2987e-03, -1.0000e+00, -6.9494e-02, -5.2009e-02, -3.2862e-02, +1.2910e-02, -7.8027e-02, +2.2413e-02, +3.5533e-03, -5.5630e-02, +9.3198e-02, -3.6023e-02, +2.6349e-02, -2.9133e-02, -4.8741e-02, -2.9049e-02, +1.1688e-02, -6.0745e-02, -2.0025e-02, +7.2248e-03, +5.9997e-03, -2.3618e-02, +7.1437e-02, -4.5578e-02, +4.9797e-02, +5.7868e-02, -5.7769e-02, +2.2541e-02, -1.0057e-01, -1.1615e-01, -6.5876e-02, +3.1970e-02, -4.1155e-02
+1.2622e-01, +7.3860e-02, +8.0173e-03, -3.5616e-02, +2.6310e-02, -6.9953e-02, -6.5698e-03, +2.4128e-02, +7.6737e-02, -1.6384e-02, -8.6567e-02, -3.4404e-02, +2.2167e-02, -3.6841e-02, -4.7169e-02, -8.0480e-02, +3.3318e-02, -5.5126e-02, -6.9494e-02, -1.0000e+00, +1.5063e-02, -4.7646e-02, +9.4776e-02, -7.6320e-02, +7.7023e-03, -3.1424e-02, -9.2399e-02, -5.9341e-02, -1.1269e-02, -1.8105e-02, -4.5976e-02, -7.0626e-02, +1.8130e-02, +7.1424e-02, +2.2891e-02, +2.4605e-02, +8.4452e-03, -1.3541e-01, -7.6122e-02, +8.8976e-02, +3.8617e-02, -7.3373e-02, -6.0931e-03, -1.7077e-02, -4.7689e-02, -1.3214e-02, -4.3563e-02, -1.9935e-02, +4.1141e-02, +2.7735e-02
+1.5579e-02, -5.8439e-03, -5.3173e-02, -1.5063e-02, -5.6353e-03, +1.8366e-02, +6.2637e-02, +5.2785e-02, +2.0263e-02, -9.0895e-02, -2.1975e-02, -1.0882e-02, +1.4749e-02, +2.6133e-02, +1.6603e-02, -5.9526e-02, -6.6282e-03, +7.7061e-03, -5.2009e-02, +1.5063e-02, -1.0000e+00, -4.2648e-02, -5.3673e-02, -3.7667e-02, +1.8928e-02, -8.3454e-03, -2.0475e-02, -6.5095e-04, -4.6154e-02, +5.1705e-02, +5.1696e-02, +1.2568e-02, +4.6864e-02, +8.9184e-03, -2.6009e-02, -1.0142e-02, -5.3623e-02, +3.6018e-02, +3.6106e-02, -1.3163e-02, -2.3520e-02, +7.0365e-03, +1.4640e-02, -4.6060e-02, -7.2774e-03, -1.6445e-02, -4.9912e-04, -3.7580e-02, +1.8967e-02, -1.5444e-02
+2.1228e-02, +9.4334e-02, +2.9584e-03, +1.9187e-02, -6.8402e-03, -3.9329e-03, +1.0435e-02, -3.1310e-02, -3.1074e-02, -2.9710e-02, -2.0883e-02, +2.7422e-02, -9.2159e-03, -1.5056e-02, +3.8091e-02, +2.0177e-02, -4.7156e-02, +1.7469e-02, -3.2862e-02, -4.7646e-02, -4.2648e-02, -1.0000e+00, -3.4951e-02, -8.7762e-02, -5.1259e-02, -2.1383e-03, +2.0335e-02, -9.8871e-03, +5.0393e-02, -1.9847e-02, -4.7046e-02, -2.3487e-02, -1.6800e-02, +3.8692e-02, +4.2578e-03, -3.5505e-02, -1.2350e-02, +1.1470e-02, +3.9313e-02, +2.4418e-02, +2.8413e-02, -8.9224e-03, -4.8743e-02, +3.0182e-02, -2.1987e-02, +2.8544e-02, +3.1615e-02, -2.3174e-02, -5.0868e-02, -5.5627e-02
-3.1951e-02, +1.0941e-01, +2.7151e-03, +3.7745e-02, +3.4710e-02, +3.0250e-02, +6.1253e-02, -1.5816e-02, -9.1934e-03, -1.8346e-02, -1.8245e-02, +3.4912e-02, -2.5414e-03, +2.3524e-02, +2.3882e-02, -9.4927e-03, -1.5706e-02, -3.1886e-02, +1.2910e-02, +9.4776e-02, -5.3673e-02, -3.4951e-02, -1.0000e+00, -4.4528e-02, -1.0992e-02, +5.4476e-02, -1.7698e-02, +4.8631e-02, -1.4496e-02, -5.0422e-02, +6.3677e-03, -2.1093e-02, -1.5707e-02, +7.1259e-02, -2.0866e-02, -5.8966e-02, -2.1896e-02, -2.0112e-03, +7.7521e-03, -5.7164e-02, -2.2296e-04, +1.4183e-02, -7.9740e-03, -1.3909e-01, +3.8751e-02, -7.4857e-02, -2.4308e-02, -1.7732e-02, -6.7661e-03, -4.3325e-02
+7.4042e-04, +4.0668e-02, +1.1156e-02, -3.7057e-02, -3.0564e-02, +1.5413e-02, +1.4980e-02, +5.7617e-02, +5.1488e-02, +1.4779e-03, +8.3783e-02, -5.1151e-03, -5.5205e-02, -1.7063e-02, -5.0095e-02, -2.4111e-02, +1.7307e-03, +9.0313e-02, -7.8027e-02, -7.6320e-02, -3.7667e-02, -8.7762e-02, -4.4528e-02, -1.0000e+00, +4.9580e-02, -4.2741e-02, -7.3219e-02, -6.4525e-02, +4.1485e-02, -2.3076e-02, -1.0637e-01, +1.6919e-02, -1.4502e-02, +1.7108e-02, -3.6593e-02, +3.6892e-02, +6.4868e-02, -1.8800e-02, -1.1577e-02, +8.4723e-02, -3.4088e-02, -5.2160e-03, +7.0837e-03, +1.4758e-02, +1.6325e-02, -6.7252e-02, -4.2715e-02, +3.3809e-02, +1.5569e-02, +3.1655e-02
-6.2236e-02, +2.1711e-02, +5.8021e-02, -6.7023e-02, +4.2621e-02, +9.2169e-02, +4.3065e-02, -6.3076e-02, -7.1238e-02, +6.5083e-02, +3.0810e-02, -7.4720e-02, +3.1779e-02, -5.0810e-02, +4.4162e-02, +7.5270e-02, -3.5404e-03, +3.5532e-02, +2.2413e-02, +7.7023e-03, +1.8928e-02, -5.1259e-02, -1.0992e-02, +4.9580e-02, -1.0000e+00, +3.2101e-02, +7.1702e-02, +1.7537e-02, +1.9554e-02, +2.0269e-02, +3.2190e-02, +1.5848e-02, +1.1219e-02, +7.8557e-02, +4.3325e-02, -5.5074e-02, -6.6831e-02, -2.9985e-02, +1.4962e-02, -3.0049e-02, -9.7658e-03, -2.9519e-04, -2.1948e-03, -3.5123e-02, -8.0292e-02, -1.4232e-02, +2.2010e-02, -1.6911e-01, +5.2825e-02, +2.3125e-02
-1.7198e-02, +1.2131e-02, -1.1222e-01, -1.2938e-01, -5.3592e-03, +1.5552e-02, -1.7894e-02, +8.7192e-02, +2.2632e-02, -3.0812e-02, -3.7852e-02, -2.5841e-02, -1.5253e-02, +2.8549e-02, -2.3373e-02, -3.3281e-02, -4.4820e-03, -1.9371e-02, +3.5533e-03, -3.1424e-02, -8.3454e-03, -2.1383e-03, +5.4476e-02, -4.2741e-02, +3.2101e-02, -1.0000e+00, -6.4866e-02, +9.5435e-03, -3.1441e-02, -3.5125e-02, +1.8154e-03, +7.0587e-02, +1.7250e-02, +5.2793e-02, -2.1841e-02, +2.6793e-02, +6.2607e-02, +6.8228e-02, +1.6739e-02, +7.1799e-02, -5.5529e-02, -7.2875e-02, +5.9802e-03, +5.2865e-02, -2.4402e-02, -1.8241e-03, -3.1367e-02, -2.7169e-02, -6.3475e-02, +3.1175e-02
+1.7894e-02, +1.4484e-02, +8.2003e-04, +3.3017e-02, -4.3689e-02, -7.5083e-02, +2.9537e-02, +3.0335e-02, +4.7560e-02, -5.4598e-02, -7.4599e-02, -3.7631e-02, +1.3833e-02, +1.0278e-02, -1.7509e-01, -7.6785e-02, +1.6971e-02, +6.1447e-03, -5.5630e-02, -9.2399e-02, -2.0475e-02, +2.0335e-02, -1.7698e-02, -7.3219e-02, +7.1702e-02, -6.4866e-02, -1.0000e+00, -3.5142e-02, -8.0976e-02, -5.7301e-02, +2.8210e-03, -4.0532e-02, +6.7784e-02, +2.8702e-02, -4.6059e-02, -1.8658e-02, +7.1156e-02, -2.4502e-02, -6.1671e-02, +1.1467e-01, +3.4930e-02, -8.6609e-03, +4.1628e-02, -3.3328e-02, +1.3801e-02, -2.0854e-02, -6.1378e-02, -1.8573e-03, -2.0573e-02, +2.8477e-02
+1.2293e-02, +6.1781e-02, -9.4266e-02, -5.0495e-02, -5.7436e-02, -2.6455e-02, -3.0737e-02, -6.9356e-02, +4.4707e-02, +6.5455e-02, -3.2486e-02, +5.1823e-02, +1.0265e-02, -3.8606e-02, -9.1849e-02, -3.1340e-02, -2.8238e-02, +2.8297e-02, +9.3198e-02, -5.9341e-02, -6.5095e-04, -9.8870e-03, +4.8631e-02, -6.4525e-02, +1.7537e-02, +9.5435e-03, -3.5142e-02, -1.0000e+00, +4.0488e-03, +4.8107e-02, +1.2350e-03, +2.5456e-02, -2.7860e-02, +1.7491e-02, +3.5805e-02, +1.4133e-03, -4.2257e-03, -2.7241e-03, -3.5290e-02, +3.7732e-03, +6.5131e-02, -1.7173e-02, +2.4805e-02, +1.0380e-02, +1.0853e-01, -1.9530e-02, +1.5203e-03, +6.8917e-02, -4.8376e-02, -1.6535e-02
+3.2412e-02, -1.9723e-02, -5.2718e-02, -1.2994e-02, -1.1062e-01, -6.0566e-02, +6.4761e-02, +1.7502e-02, +4.2176e-02, -4.2997e-02, -8.6605e-02, -2.2175e-02, -2.0882e-03, +4.3467e-02, -5.9972e-02, -4.0050e-02, +5.0539e-02, -8.8063e-02, -3.6024e-02, -1.1269e-02, -4.6154e-02, +5.0393e-02, -1.4496e-02, +4.1485e-02, +1.9554e-02, -3.1441e-02, -8.0976e-02, +4.0488e-03, -1.0000e+00, +2.0271e-02, -4.0929e-02, -1.4208e-02, -1.1325e-02, +4.0083e-02, -4.3775e-02, +1.7490e-04, +3.5969e-02, -8.1012e-02, -8.5316e-02, +5.1272e-02, -1.2721e-02, +1.2146e-02, -3.5417e-02, -6.5322e-02, -4.3996e-02, +4.6926e-03, +3.2522e-03, +6.8314e-02, -7.4648e-03, +4.7173e-02
-3.7767e-02, +7.7271e-02, -2.2288e-02, -1.8201e-02, -8.6306e-02, -6.3227e-02, +4.2444e-02, +3.1193e-02, +1.1312e-02, -4.6777e-03, -6.1381e-02, +1.8764e-02, +5.4432e-02, +3.0852e-02, -9.5397e-03, -6.3499e-02, +2.1932e-02, +1.1074e-02, +2.6349e-02, -1.8105e-02, +5.1705e-02, -1.9847e-02, -5.0422e-02, -2.3076e-02, +2.0269e-02, -3.5125e-02, -5.7301e-02, +4.8107e-02, +2.0271e-02, -1.0000e+00, -1.6457e-02, +1.5177e-02, +4.5045e-02, -3.9952e-02, +3.9270e-02, -1.6902e-02, -8.2628e-02, +5.3677e-02, -4.9785e-02, +7.5239e-02, +1.8056e-02, +1.1825e-02, -2.6606e-02, +9.1014e-02, +4.8404e-02, +4.8750e-02, +3.4907e-02, +2.2023e-02, -2.1864e-02, +2.4163e-02
+1.8340e-02, +2.9901e-02, +6.5185e-02, -1.9628e-02, +3.6717e-03, -7.4957e-02, -3.4007e-02, +3.0936e-02, +1.1499e-02, +3.0278e-02, -2.1817e-02, +5.0184e-03, +3.2724e-02, -3.7404e-02, -3.8906e-02, -4.9238e-02, +2.1400e-02, +2.6027e-02, -2.9133e-02, -4.5976e-02, +5.1696e-02, -4.7046e-02, +6.3677e-03, -1.0637e-01, +3.2190e-02, +1.8154e-03, +2.8210e-03, +1.2350e-03, -4.0929e-02, -1.6457e-02, -1.0000e+00, -1.7761e-02, -3.2531e-02, -5.6123e-02, +6.9160e-02, -1.6883e-02, +5.8905e-02, -1.4663e-01, -6.2960e-02, +1.1661e-01, -7.2383e-02, -1.1426e-02, +7.0644e-02, +3.1363e-02, -2.2717e-02, +4.0864e-02, -5.3474e-02, +1.7518e-01, -4.2426e-02, +2.9540e-02
+2.1629e-02, +3.5756e-02, +1.9750e-02, +1.0223e-02, +4.4159e-02, -6.1439e-03, -3.3263e-02, +6.8788e-02, -8.7500e-02, +8.3353e-03, +4.5911e-03, -4.4062e-02, +3.6746e-04, -3.1781e-02, -1.6333e-02, +2.3300e-02, +4.8348e-03, -6.1898e-02, -4.8741e-02, -7.0626e-02, +1.2568e-02, -2.3487e-02, -2.1093e-02, +1.6919e-02, +1.5848e-02, +7.0587e-02, -4.0532e-02, +2.5456e-02, -1.4208e-02, +1.5177e-02, -1.7761e-02, -1.0000e+00, -3.1063e-02, -1.1906e-03, +1.0851e-02, +1.5527e-02, +4.4595e-02, -2.5637e-02, -2.6937e-02, +1.3224e-02, -1.5578e-02, +2.1276e-02, +2.4268e-02, +5.3816e-02, -4.5743e-02, -1.2649e-02, +2.3751e-05, +7.7796e-03, -3.1842e-02, +9.2910e-02
-4.9179e-02, -3.8555e-02, -2.5602e-02, -1.3597e-02, +2.0207e-02, +3.3013e-02, +5.5765e-02, -1.6312e-03, +5.2590e-03, -3.1900e-02, -1.1266e-02, +2.0005e-02, -4.5748e-02, +6.8653e-03, -3.8673e-02, +6.6850e-02, -7.1466e-02, -4.3880e-02, -2.9049e-02, +1.8130e-02, +4.6864e-02, -1.6800e-02, -1.5707e-02, -1.4502e-02, +1.1219e-02, +1.7250e-02, +6.7784e-02, -2.7860e-02, -1.1325e-02, +4.5045e-02, -3.2531e-02, -3.1063e-02, -1.0000e+00, +5.8704e-02, -1.9385e-02, -5.1639e-02, +1.4579e-02, -1.8947e-03, -4.8502e-02, +3.2929e-01, -5.3978e-02, +1.4179e-01, +4.4007e-04, +4.8510e-02, -1.5352e-02, -9.9684e-02, +1.4923e-02, +1.9723e-02, -1.1772e-01, +3.7640e-02
-4.6503e-03, -6.7999e-02, +3.0089e-02, +1.6439e-02, +1.1457e-01, -2.0462e-02, +9.4601e-04, -9.9754e-02, -4.4289e-02, +2.6231e-02, +8.2059e-02, -1.2062e-02, +6.0299e-02, -1.9817e-02, +9.5052e-02, +6.6200e-02, -3.1745e-02, +7.0948e-03, +1.1688e-02, +7.1424e-02, +8.9184e-03, +3.8692e-02, +7.1259e-02, +1.7108e-02, +7.8557e-02, +5.2793e-02, +2.8702e-02, +1.7491e-02, +4.0083e-02, -3.9952e-02, -5.6123e-02, -1.1906e-03, +5.8704e-02, -1.0000e+00, +4.9796e-02, +4.2787e-02, -2.4202e-02, -8.0624e-02, +1.3566e-02, +7.4902e-03, -6.0581e-02, +3.6618e-01, -1.3301e-02, +9.2901e-02, +3.8471e-02, +1.7487e-03, +1.1934e-03, +1.0537e-01, +2.8021e-02, +1.0540e-01
-1.5219e-02, +1.7365e-02, -9.3486e-04, -7.5328e-03, -6.6678e-02, -9.8187e-03, +2.0122e-02, +1.1698e-02, +8.5004e-03, -2.7975e-02, -1.0159e-02, +1.9203e-02, -6.1070e-02, -3.8700e-02, -1.5199e-02, -2.2582e-02, -5.6844e-03, -6.3680e-02, -6.0745e-02, +2.2891e-02, -2.6009e-02, +4.2578e-03, -2.0866e-02, -3.6593e-02, +4.3325e-02, -2.1841e-02, -4.6059e-02, +3.5805e-02, -4.3775e-02, +3.9270e-02, +6.9160e-02, +1.0851e-02, -1.9385e-02, +4.9796e-02, -1.0000e+00, -2.8161e-02, +8.1977e-02, +2.7251e-02, +1.2016e-02, +7.2821e-03, +5.6201e-03, +7.7005e-02, -1.0178e-02, -3.0613e-02, -6.7677e-03, -1.7347e-02, +1.9527e-02, -5.0700e-02, +3.9152e-02, +2.8542e-02
+2.7232e-02, +1.7242e-02, +6.2800e-02, +4.3519e-02, +4.5020e-03, +7.7207e-03, +3.4619e-02, -6.0447e-02, -2.6172e-02, -3.8308e-03, +1.0501e-02, -2.0080e-02, -2.6091e-02, +6.8980e-03, -1.6828e-02, +4.3511e-04, +2.4414e-02, -2.3828e-02, -2.0026e-02, +2.4605e-02, -1.0142e-02, -3.5505e-02, -5.8966e-02, +3.6892e-02, -5.5074e-02, +2.6793e-02, -1.8658e-02, +1.4133e-03, +1.7490e-04, -1.6902e-02, -1.6883e-02, +1.5527e-02, -5.1639e-02, +4.2787e-02, -2.8161e-02, -1.0000e+00, -2.9720e-02, +4.6667e-02, +3.2751e-02, +9.9524e-02, -2.2641e-02, -3.0280e-02, -8.8371e-02, -3.1508e-02, -3.1418e-02, -3.7473e-02, -4.7094e-02, -1.6707e-02, -3.9609e-02, +5.3768e-04
+4.4288e-02, -1.7555e-02, -1.0413e-01, -4.5117e-03, +3.5750e-02, +4.1402e-02, -4.9672e-02, +8.3029e-02, -9.8019e-04, -3.1376e-02, +5.9373e-02, +2.3049e-02, +3.0413e-02, +1.6702e-02, +1.4713e-01, +1.2965e-02, -2.3294e-02, +8.9773e-02, +7.2248e-03, +8.4452e-03, -5.3623e-02, -1.2350e-02, -2.1896e-02, +6.4868e-02, -6.6831e-02, +6.2607e-02, +7.1156e-02, -4.2257e-03, +3.5969e-02, -8.2628e-02, +5.8905e-02, +4.4595e-02, +1.4579e-02, -2.4202e-02, +8.1977e-02, -2.9720e-02, -1.0000e+00, +3.1825e-02, +2.7365e-03, +7.0182e-02, -4.3054e-02, -4.2979e-02, -2.3465e-02, +4.3268e-02, -5.0486e-02, -4.3600e-02, +3.6749e-02, -1.2808e-02, +7.2480e-02, -5.6375e-02
-3.6603e-03, +9.1257e-03, +9.1592e-02, -8.3700e-03, +5.2358e-02, -1.2383e-01, +2.1438e-02, -1.6441e-01, +1.6064e-02, -2.6228e-03, -4.3362e-02, -7.0379e-02, +2.7390e-02, +2.7797e-02, -7.1587e-02, -1.3999e-02, +3.1501e-02, -7.4866e-02, +5.9997e-03, -1.3541e-01, +3.6018e-02, +1.1470e-02, -2.0112e-03, -1.8800e-02, -2.9985e-02, +6.8228e-02, -2.4502e-02, -2.7241e-03, -8.1012e-02, +5.3677e-02, -1.4663e-01, -2.5637e-02, -1.8947e-03, -8.0624e-02, +2.7251e-02, +4.6667e-02, +3.1825e-02, -1.0000e+00, -1.1503e-01, -1.9162e-02, +4.9094e-02, +6.4997e-02, -1.9471e-02, -4.8532e-03, +1.9286e-02, +6.1539e-02, -1.5854e-02, +1.5134e-01, -4.1755e-03, +9.4792e-02
-2.4960e-02, +3.2270e-02, +2.8660e-02, +4.2180e-02, -2.3066e-02, -1.4264e-01, +2.6065e-02, +2.9777e-02, +5.6581e-02, +1.5821e-02, -2.7447e-02, +2.6044e-02, +4.6665e-02, +7.9346e-03, -2.1779e-02, -9.8063e-03, +1.3092e-02, +5.0644e-02, -2.3618e-02, -7.6122e-02, +3.6106e-02, +3.9313e-02, +7.7521e-03, -1.1577e-02, +1.4962e-02, +1.6739e-02, -6.1671e-02, -3.5290e-02, -8.5316e-02, -4.9785e-02, -6.2960e-02, -2.6937e-02, -4.8502e-02, +1.3566e-02, +1.2016e-02, +3.2751e-02, +2.7365e-03, -1.1503e-01, -1.0000e+00, +1.6646e-02, +1.2822e-01, +2.9060e-02, +4.1807e-02, +2.5116e-02, +7.6925e-02, +6.7461e-03, -2.8267e-02, +1.0215e-01, -1.4583e-02, -1.1931e-02
+4.5194e-02, +8.6545e-03, +8.3692e-02, +9.2100e-02, +5.7097e-02, +3.1602e-02, +6.6661e-03, -3.5524e-03, +3.5407e-02, +1.1702e-01, +1.2212e-01, +4.9407e-02, +3.6069e-02, -6.4347e-03, +1.2093e-01, +3.2156e-02, -4.4618e-02, +6.8897e-02, +7.1437e-02, +8.8976e-02, -1.3163e-02, +2.4418e-02, -5.7164e-02, +8.4723e-02, -3.0049e-02, +7.1799e-02, +1.1467e-01, +3.7732e-03, +5.1272e-02, +7.5239e-02, +1.1661e-01, +1.3224e-02, +3.2929e-01, +7.4902e-03, +7.2821e-03, +9.9524e-02, +7.0182e-02, -1.9162e-02, +1.6646e-02, -1.0000e+00, +1.1484e-01, +2.0041e-01, +7.3277e-02, -1.4555e-02, +2.1454e-01, +1.2985e-01, +7.3677e-02, +1.3328e-01, +1.2323e-01, +9.0984e-02
+5.1339e-02, -5.2651e-02, -1.8888e-02, -2.0278e-02, +3.9030e-02, +7.1250e-02, -3.5947e-03, +5.1026e-02, +1.7861e-02, -2.3252e-02, -1.4271e-02, -4.8381e-03, -1.4904e-02, +1.0427e-01, +2.5279e-02, -1.3727e-03, -3.6955e-04, +1.0827e-01, -4.5578e-02, +3.8617e-02, -2.3520e-02, +2.8413e-02, -2.2295e-04, -3.4088e-02, -9.7658e-03, -5.5529e-02, +3.4930e-02, +6.5131e-02, -1.2721e-02, +1.8056e-02, -7.2383e-02, -1.5578e-02, -5.3978e-02, -6.0581e-02, +5.6201e-03, -2.2641e-02, -4.3054e-02, +4.9094e-02, +1.2822e-01, +1.1484e-01, -1.0000e+00, +2.4260e-02, +2.4525e-02, -3.0024e-02, -2.1720e-02, -3.8506e-02, +1.7113e-02, -7.3684e-03, +1.6581e-02, +8.0638e-02
+2.6382e-02, +4.2830e-02, +4.6986e-02, +1.3295e-02, -6.8055e-02, +2.3015e-02, -8.7042e-02, +4.0606e-02, +6.2903e-02, +7.7634e-02, +1.9872e-02, -3.1769e-02, +2.1403e-02, -6.5087e-03, -2.3959e-02, -1.7735e-02, +1.1484e-02, +2.4876e-02, +4.9797e-02, -7.3373e-02, +7.0365e-03, -8.9224e-03, +1.4183e-02, -5.2160e-03, -2.9519e-04, -7.2875e-02, -8.6608e-03, -1.7173e-02, +1.2146e-02, +1.1825e-02, -1.1426e-02, +2.1276e-02, +1.4179e-01, +3.6618e-01, +7.7005e-02, -3.0280e-02, -4.2979e-02, +6.4997e-02, +2.9060e-02, +2.0041e-01, +2.4260e-02, -1.0000e+00, -6.0773e-02, +7.6085e-02, -1.4244e-02, -1.5625e-03, +5.5247e-03, +5.4116e-02, -1.0712e-01, -1.5331e-01
-2.8956e-02, +2.2749e-02, +1.6340e-02, -9.1371e-02, -2.9012e-02, +1.0697e-02, -2.5834e-03, -2.0784e-02, +4.4606e-04, +4.3053e-02, +3.6735e-02, -2.1863e-02, -1.9906e-02, -5.1265e-02, -3.5439e-02, -1.7760e-02, -5.9862e-02, -1.2381e-02, +5.7868e-02, -6.0931e-03, +1.4640e-02, -4.8743e-02, -7.9740e-03, +7.0837e-03, -2.1948e-03, +5.9802e-03, +4.1628e-02, +2.4805e-02, -3.5417e-02, -2.6606e-02, +7.0644e-02, +2.4268e-02, +4.4008e-04, -1.3301e-02, -1.0178e-02, -8.8371e-02, -2.3465e-02, -1.9471e-02, +4.1807e-02, +7.3277e-02, +2.4525e-02, -6.0773e-02, -1.0000e+00, -1.8688e-02, -4.5498e-02, -1.7154e-03, -1.7158e-02, +3.3027e-02, +1.9498e-02, -2.2501e-02
+1.0717e-01, +3.4619e-02, -3.4484e-02, -3.8409e-02, +5.3394e-02, +5.2241e-02, +1.1105e-02, -2.0163e-02, +4.7562e-02, +1.6654e-02, -6.1681e-02, -2.5221e-02, +1.3210e-02, -3.7705e-02, +4.1657e-02, +3.0239e-03, +1.5215e-02, -9.5000e-03, -5.7769e-02, -1.7077e-02, -4.6060e-02, +3.0182e-02, -1.3909e-01, +1.4758e-02, -3.5123e-02, +5.2865e-02, -3.3328e-02, +1.0380e-02, -6.5322e-02, +9.1014e-02, +3.1363e-02, +5.3816e-02, +4.8510e-02, +9.2901e-02, -3.0613e-02, -3.1508e-02, +4.3268e-02, -4.8532e-03, +2.5116e-02, -1.4555e-02, -3.0024e-02, +7.6085e-02, -1.8688e-02, -1.0000e+00, -6.7026e-02, -8.2204e-02, -8.6603e-02, -1.4914e-01, -4.2311e-02, -1.5260e-02
-1.1058e-01, -5.4637e-02, -9.0131e-02, -2.9288e-02, -6.8747e-02, +1.1904e-01, +9.5640e-03, -3.9895e-02, -4.8646e-02, -1.5474e-01, -6.2862e-02, -2.0864e-02, -9.3957e-02, +5.9979e-03, -3.0821e-02, -2.3612e-02, +5.9898e-02, -9.1410e-03, +2.2541e-02, -4.7689e-02, -7.2774e-03, -2.1987e-02, +3.8751e-02, +1.6325e-02, -8.0292e-02, -2.4402e-02, +1.3801e-02, +1.0853e-01, -4.3996e-02, +4.8404e-02, -2.2717e-02, -4.5743e-02, -1.5352e-02, +3.8471e-02, -6.7677e-03, -3.1418e-02, -5.0486e-02, +1.9286e-02, +7.6925e-02, +2.1454e-01, -2.1720e-02, -1.4244e-02, -4.5498e-02, -6.7026e-02, -1.0000e+00, -1.4634e-03, +1.6121e-02, +1.5873e-02, +1.6183e-02, -1.2749e-01
-3.2620e-02, +4.6606e-02, -7.4343e-02, -5.4584e-02, -1.0713e-02, +1.1414e-02, -2.4942e-02, +1.3480e-01, -5.7602e-03, +1.6766e-02, +6.4091e-02, +1.0463e-02, -4.3009e-02, -1.9239e-02, +1.4926e-03, -3.0286e-02, -8.2195e-03, +9.5215e-02, -1.0057e-01, -1.3214e-02, -1.6445e-02, +2.8544e-02, -7.4857e-02, -6.7252e-02, -1.4232e-02, -1.8241e-03, -2.0854e-02, -1.9530e-02, +4.6926e-03, +4.8750e-02, +4.0865e-02, -1.2649e-02, -9.9684e-02, +1.7487e-03, -1.7347e-02, -3.7473e-02, -4.3600e-02, +6.1539e-02, +6.7460e-03, +1.2985e-01, -3.8506e-02, -1.5625e-03, -1.7154e-03, -8.2204e-02, -1.4634e-03, -1.0000e+00, -5.6277e-02, -6.1879e-02, +1.0917e-03, -9.0933e-04
+4.7738e-02, -1.3364e-02, +3.6731e-02, -7.2653e-02, -3.1077e-02, -1.0357e-01, +4.9582e-02, +1.7624e-02, +5.1111e-02, -1.5294e-02, -6.5632e-02, +3.2257e-03, +4.3952e-02, -6.7030e-02, +1.1712e-02, -8.5936e-02, -5.6022e-03, -7.9354e-02, -1.1615e-01, -4.3563e-02, -4.9912e-04, +3.1615e-02, -2.4308e-02, -4.2715e-02, +2.2010e-02, -3.1367e-02, -6.1378e-02, +1.5203e-03, +3.2522e-03, +3.4907e-02, -5.3474e-02, +2.3745e-05, +1.4923e-02, +1.1934e-03, +1.9527e-02, -4.7094e-02, +3.6749e-02, -1.5854e-02, -2.8267e-02, +7.3677e-02, +1.7113e-02, +5.5247e-03, -1.7158e-02, -8.6603e-02, +1.6121e-02, -5.6277e-02, -1.0000e+00, +3.4197e-02, +1.0236e-02, -2.0839e-02
+9.5779e-02, -4.0262e-02, +3.0551e-02, -3.2437e-02, +1.2677e-01, +1.8407e-01, +3.4908e-02, -1.4608e-01, +8.2545e-02, -2.2132e-02, -5.1484e-03, -6.8299e-02, -1.8877e-02, -2.8312e-02, +1.6018e-01, +2.5092e-03, -1.0985e-02, -1.4187e-02, -6.5876e-02, -1.9935e-02, -3.7580e-02, -2.3174e-02, -1.7732e-02, +3.3809e-02, -1.6911e-01, -2.7169e-02, -1.8573e-03, +6.8917e-02, +6.8314e-02, +2.2023e-02, +1.7518e-01, +7.7796e-03, +1.9723e-02, +1.0537e-01, -5.0700e-02, -1.6707e-02, -1.2808e-02, +1.5134e-01, +1.0215e-01, +1.3328e-01, -7.3684e-03, +5.4116e-02, +3.3027e-02, -1.4914e-01, +1.5873e-02, -6.1879e-02, +3.4197e-02, -1.0000e+00, +5.0720e-02, +7.8753e-03
+1.4870e-03, +1.6995e-02, -3.6045e-03, -4.1714e-03, -3.6576e-02, -3.0767e-02, -2.1776e-02, -6.9291e-02, +5.4538e-02, +4.2077e-02, -7.2652e-02, +3.4914e-02, +3.9683e-02, -2.0312e-02, -1.7325e-02, -6.2721e-02, -4.8552e-02, -5.1071e-02, +3.1970e-02, +4.1141e-02, +1.8967e-02, -5.0868e-02, -6.7661e-03, +1.5569e-02, +5.2825e-02, -6.3474e-02, -2.0573e-02, -4.8376e-02, -7.4648e-03, -2.1864e-02, -4.2426e-02, -3.1842e-02, -1.1772e-01, +2.8021e-02, +3.9152e-02, -3.9609e-02, +7.2480e-02, -4.1755e-03, -1.4583e-02, +1.2323e-01, +1.6581e-02, -1.0712e-01, +1.9498e-02, -4.2311e-02, +1.6183e-02, +1.0917e-03, +1.0236e-02, +5.0720e-02, -1.0000e+00, -4.3112e-02
+3.4873e-02, +9.9806e-03, -8.2679e-03, -4.1534e-02, -2.1013e-03, +1.3190e-02, -1.5889e-02, -8.4338e-03, -9.9785e-02, -5.3473e-02, +3.8848e-02, +8.2063e-03, -8.6722e-03, +1.7807e-02, +7.8477e-02, -6.0690e-02, +4.1407e-02, -1.0865e-02, -4.1155e-02, +2.7735e-02, -1.5444e-02, -5.5627e-02, -4.3325e-02, +3.1655e-02, +2.3125e-02, +3.1175e-02, +2.8477e-02, -1.6535e-02, +4.7173e-02, +2.4163e-02, +2.9540e-02, +9.2910e-02, +3.7640e-02, +1.0540e-01, +2.8542e-02, +5.3769e-04, -5.6375e-02, +9.4792e-02, -1.1931e-02, +9.0984e-02, +8.0638e-02, -1.5331e-01, -2.2501e-02, -1.5260e-02, -1.2749e-01, -9.0933e-04, -2.0839e-02, +7.8753e-03, -4.3112e-02, -1.0000e+00
