-1.0000e+00, +4.3712e-03, +3.1349e-02, -2.2831e-02, +3.3694e-02, +1.1345e-01, +5.6110e-03, +3.5696e-02, -1.1238e-01, -3.3310e-02, +8.2280e-02, -6.4582e-02, +4.5013e-02, -4.5316e-02, +7.2354e-02, +2.5997e-02, -2.4672e-02, +6.6979e-02, +4.4216e-02, +1.1827e-01, -1.4103e-02, +4.0678e-02, +9.3176e-03, -2.9289e-02, -5.1301e-02, +1.7854e-02, +6.1502e-02, -5.4364e-02, +2.9218e-02, -9.0643e-03, +1.7725e-02, -7.7911e-02, -3.2488e-02, -4.6069e-02, -1.2352e-01, +6.7238e-02, -2.9126e-02, +2.6386e-02, -1.4466e-02, -8.7624e-02, +9.5052e-02, +1.0019e-02, +5.5206e-02, +4.5437e-02, -7.1314e-02, -5.5008e-02, +1.9088e-02, +8.2767e-02, -2.0114e-02, -2.0314e-02
+4.3712e-03, -1.0000e+00, -3.7636e-02, +5.5606e-02, +1.3474e-02, +7.8042e-02, +6.2550e-02, +2.2243e-02, -9.4061e-02, +3.4445e-02, +1.3330e-02, +4.4938e-02, +7.2981e-02, +8.5092e-02, -3.5556e-02, -1.5461e-02, +1.4644e-02, +4.8207e-02, +8.9874e-02, -1.8683e-02, +4.1798e-02, +8.5230e-03, +6.8717e-02, +9.3954e-02, +2.6893e-02, +3.9177e-02, +2.6527e-02, -1.8989e-02, +2.8173e-02, +4.6065e-02, +9.8905e-03, +7.7893e-02, -2.5124e-02, +6.7770e-02, +2.7312e-02, -2.4674e-02, +8.2927e-03, -3.5710e-02, +5.7185e-02, -3.2524e-02, +2.2672e-02, -1.5574e-02, +4.2238e-02, +3.1435e-03, -5.6154e-02, +5.0615e-02, +4.5574e-02, +9.0610e-02, +9.3529e-03, -5.0909e-02
+3.1349e-02, -3.7636e-02, -1.0000e+00, +3.3530e-02, -7.2493e-02, -7.5022e-02, -3.2195e-02, +1.0785e-02, -2.8950e-02, -7.8605e-03, +3.5387e-03, -1.1436e-01, -1.6423e-02, +1.0551e-01, -2.0748e-02, -1.8754e-02, +5.1242e-02, +7.6699e-03, +1.0640e-02, -1.1720e-01, -5.6291e-02, -1.2248e-01, +3.9703e-02, -6.1177e-03, -1.3248e-01, -8.0295e-02, +4.8539e-02, +4.3437e-02, -8.8247e-04, +6.8594e-02, +2.8199e-02, -1.1221e-01, -1.1882e-01, -3.0716e-02, +4.1874e-02, +3.4757e-02, -1.7421e-01, -1.9603e-02, -7.2389e-02, -8.9853e-03, +8.0558e-03, +2.2583e-03, -7.5438e-02, -7.2485e-02, +8.5537e-02, +1.1940e-01, -5.3365e-03, -1.1424e-01, -5.8233e-02, +5.4813e-03
-2.2831e-02, +5.5606e-02, +3.3530e-02, -1.0000e+00, -2.3219e-02, -9.5423e-02, -1.3611e-02, -6.4417e-03, +2.8199e-02, +3.8644e-02, -1.2205e-01, -9.1586e-02, -7.1473e-02, +1.0520e-01, +5.3577e-02, -3.8447e-02, +1.1943e-01, +5.4981e-03, +2.8473e-02, -1.1039e-01, -2.2876e-02, -7.3245e-02, +2.0384e-02, -1.4666e-01, -1.7105e-01, -6.5697e-02, -1.3260e-01, -3.6169e-02, -8.7374e-02, +1.1170e-02, -1.9513e-01, -1.0491e-01, -6.7489e-02, -1.0357e-02, +1.2130e-02, +3.0123e-02, +1.0943e-02, +3.7292e-02, -2.5405e-02, -5.0095e-02, -2.4771e-02, -1.2438e-02, -8.2387e-02, -2.4446e-03, +7.8807e-02, -1.4917e-03, -1.2815e-01, -1.0957e-01, -1.7449e-02, +9.1789e-02
+3.3694e-02, +1.3474e-02, -7.2493e-02, -2.3219e-02, -1.0000e+00, -4.1519e-03, -4.4732e-03, -1.5212e-02, +1.3883e-02, -5.5167e-03, +2.1994e-02, -6.1986e-02, -4.5270e-02, -8.4700e-02, -3.3661e-02, +3.4951e-02, -1.5609e-02, -4.1280e-02, -9.4117e-03, -3.3693e-02, +9.4300e-02, +2.6513e-02, -4.8487e-02, -7.9326e-02, -1.5087e-02, -4.2121e-02, -3.6711e-02, +8.1973e-03, -8.2420e-02, -4.5377e-02, +2.3926e-02, -9.8837e-02, +4.0608e-02, +2.5345e-02, -1.3237e-01, -2.3700e-02, +6.3801e-02, +3.5415e-02, -2.9074e-03, +4.5761e-03, +8.2081e-02, -1.0129e-02, -7.4104e-03, +4.1053e-02, -7.3192e-02, -4.9150e-02, +2.2474e-02, +4.6619e-02, -1.4095e-02, +8.6738e-02
+1.1345e-01, +7.8042e-02, -7.5022e-02, -9.5423e-02, -4.1519e-03, -1.0000e+00, +1.5460e-02, +1.6088e-02, +5.2106e-02, -7.7731e-02, -1.3796e-01, -1.9032e-02, -3.1203e-02, -4.2632e-02, -1.1142e-01, +3.4209e-02, +8.9430e-02, -4.4315e-02, -1.7254e-01, -1.2822e-01, -3.2596e-02, -9.0476e-02, +6.0698e-02, +5.3038e-03, -7.9561e-03, +6.8555e-03, +3.3648e-02, -2.0384e-02, +9.4459e-02, +5.1808e-02, -2.2517e-01, -3.4851e-02, +4.2995e-03, +1.1084e-01, +1.3573e-01, +4.6593e-02, +3.1967e-02, +5.0764e-02, +7.2257e-02, +3.5562e-02, -1.6357e-01, -7.9975e-03, +6.1390e-02, +3.6515e-02, +7.9440e-03, -6.6814e-02, -1.3825e-01, -1.0285e-01, -4.6501e-02, +7.7843e-02
+5.6110e-03, +6.2550e-02, -3.2195e-02, -1.3611e-02, -4.4732e-03, +1.5460e-02, -1.0000e+00, -2.0383e-02, -4.3371e-03, +3.7865e-02, -5.8855e-02, -3.8181e-03, -2.0916e-02, +1.1794e-02, -2.6887e-02, -6.0297e-02, +1.3216e-02, -4.6921e-02, +2.7660e-02, -4.6823e-02, -5.3921e-02, -4.1855e-02, +5.5630e-02, -4.7336e-02, +5.6917e-02, +2.1121e-02, +1.6072e-02, -3.9845e-02, -2.8330e-02, +4.4474e-02, +2.5415e-02, -5.3691e-02, -2.7789e-02, +4.5372e-02, +3.5957e-02, -3.4866e-03, +1.9932e-02, +3.8855e-03, -5.1424e-03, -1.7208e-02, +1.9322e-02, +1.6971e-02, -1.3847e-02, -5.0383e-02, -4.5597e-02, +6.4565e-02, -2.0701e-02, -2.8253e-02, -4.9098e-02, +6.0723e-02
+3.5696e-02, +2.2243e-02, +1.0785e-02, -6.4417e-03, -1.5212e-02, +1.6088e-02, -2.0383e-02, -1.0000e+00, -1.7810e-02, +2.2987e-03, -9.5872e-02, +6.4576e-02, -7.2355e-02, +7.5020e-02, -4.4441e-02, +1.2625e-02, +4.0682e-02, -6.2288e-02, +3.9547e-02, +3.3884e-02, +4.9400e-03, +4.0541e-02, -1.0231e-02, -3.3425e-03, +3.9426e-02, -4.6760e-02, -5.5696e-02, -2.8446e-03, +2.5427e-02, +3.2837e-03, -1.5780e-02, -3.9957e-02, +1.1753e-02, +5.8518e-02, +2.0638e-02, -1.4764e-02, +2.2124e-02, +1.5888e-02, +2.3072e-02, -1.6698e-02, -1.4774e-02, -2.1784e-02, +1.8154e-02, +3.3936e-03, -4.9747e-02, -3.7216e-04, -7.3391e-03, -4.3607e-02, +3.4068e-02, +3.5046e-02
-1.1238e-01, -9.4061e-02, -2.8950e-02, +2.8199e-02, +1.3883e-02, +5.2106e-02, -4.3371e-03, -1.7810e-02, -1.0000e+00, +6.7198e-02, +4.6642e-02, -7.0868e-02, +2.5241e-02, +7.5461e-03, +4.0952e-02, +9.3791e-03, -1.3017e-01, +3.4906e-02, +5.1211e-02, +9.9534e-03, +5.7939e-03, -5.9913e-02, -8.8826e-02, +4.4919e-02, -1.0551e-01, +2.1437e-02, +6.0532e-02, +1.0270e-01, +5.6447e-02, +1.3332e-02, +6.4935e-02, -6.2670e-02, -1.6936e-02, -4.8568e-02, -2.2064e-02, -5.3888e-03, -7.6449e-02, -3.1048e-02, +5.1927e-03, +7.9297e-02, +1.1396e-01, -3.4432e-02, -4.8616e-02, -1.1820e-01, +1.9518e-02, +1.2242e-01, +1.1734e-02, +3.4178e-02, -1.7812e-02, -2.1169e-02
-3.3310e-02, +3.4445e-02, -7.8605e-03, +3.8644e-02, -5.5167e-03, -7.7731e-02, +3.7865e-02, +2.2987e-03, +6.7198e-02, -1.0000e+00, -3.1555e-02, +5.1227e-03, +4.1757e-02, +1.2480e-01, -4.7272e-02, +1.2571e-01, +1.7402e-01, -2.6721e-02, -6.5741e-02, -1.5110e-03, -2.9791e-02, -4.2158e-02, -1.1416e-01, -5.8069e-02, -5.4518e-02, -2.3981e-02, +1.5178e-02, -1.5346e-02, +9.4505e-02, +9.1792e-03, -1.2034e-01, +1.0278e-02, -1.3073e-02, -5.0008e-02, +4.0679e-02, -8.1609e-02, +1.0822e-01, +2.6556e-01, -1.0103e-02, +6.2953e-02, -6.0962e-02, -4.9254e-04, -5.4840e-02, -2.5746e-02, -3.7813e-03, -6.4429e-02, +3.1230e-02, -8.3709e-02, -2.1610e-01, -3.7340e-02
+8.2280e-02, +1.3330e-02, +3.5387e-03, -1.2205e-01, +2.1994e-02, -1.3796e-01, -5.8855e-02, -9.5872e-02, +4.6642e-02, -3.1555e-02, -1.0000e+00, -6.4361e-02, -7.8758e-02, -3.4945e-02, -1.2325e-01, -8.2503e-02, +8.8994e-03, -9.1251e-02, -1.9485e-01, -6.3167e-02, -7.1726e-02, -3.0763e-02, +2.0154e-02, +9.3672e-02, -5.3886e-02, -6.2678e-02, -1.0009e-02, -1.1603e-01, -1.4964e-03, -1.6913e-02, -4.1500e-02, -1.0784e-01, -5.2206e-02, +1.4701e-01, +6.5909e-02, -1.3423e-02, +1.0241e-01, -7.3320e-02, +6.7037e-02, +3.4868e-02, -1.7981e-01, -2.0520e-02, -3.6266e-02, -3.2644e-02, -6.4810e-02, +6.1199e-02, -1.8511e-01, -9.2219e-03, -5.4313e-02, +1.8057e-01
-6.4582e-02, +4.4938e-02, -1.1436e-01, -9.1586e-02, -6.1986e-02, -1.9032e-02, -3.8181e-03, +6.4576e-02, -7.0868e-02, +5.1227e-03, -6.4361e-02, -1.0000e+00, +7.8869e-02, +7.8001e-02, -5.3069e-02, -1.3514e-02, -4.5695e-02, -1.2028e-01, +7.7425e-03, -2.5286e-02, +2.2477e-02, -8.7346e-02, +7.9035e-02, -3.9163e-02, -1.2005e-01, -5.5478e-03, -4.3100e-02, +7.2172e-02, -5.8826e-02, -1.3172e-02, -4.3784e-02, -7.6748e-02, +1.6582e-02, +2.4096e-02, +4.4791e-03, +4.2753e-02, -3.0529e-02, -2.2736e-02, -8.9862e-02, +3.2680e-03, -2.3339e-02, +2.9836e-03, +2.9658e-02, -7.9858e-02, +7.0556e-02, +7.6679e-02, -1.0865e-01, -2.6254e-03, -4.9478e-02, -2.0585e-02
+4.5013e-02, +7.2981e-02, -1.6423e-02, -7.1473e-02, -4.5270e-02, -3.1203e-02, -2.0916e-02, -7.2355e-02, +2.5241e-02, +4.1757e-02, -7.8758e-02, +7.8869e-02, -1.0000e+00, +9.9006e-02, -6.2755e-02, +4.4980e-03, +4.3328e-02, -3.3096e-02, -2.0842e-02, -7.6983e-03, -1.1727e-02, -1.5733e-02, +3.9603e-02, -1.2391e-02, +2.9252e-02, +1.0563e-02, -5.9348e-03, -3.1345e-02, -2.2054e-02, -5.4813e-03, -8.3948e-03, -6.5301e-03, -3.2420e-02, +8.6319e-02, -5.2671e-02, -8.8690e-03, +2.4974e-02, +3.8639e-03, +3.4828e-02, +2.3648e-02, +3.1077e-03, -9.7938e-03, -4.3643e-02, +1.8940e-02, -2.8265e-02, -2.1974e-02, +2.9541e-02, -8.9011e-02, -5.8240e-02, +6.3382e-02
-4.5316e-02, +8.5092e-02, +1.0551e-01, +1.0520e-01, -8.4700e-02, -4.2632e-02, +1.1794e-02, +7.5020e-02, +7.5461e-03, +1.2480e-01, -3.4945e-02, +7.8001e-02, +9.9006e-02, -1.0000e+00, -7.9840e-02, -4.5532e-04, -1.0886e-02, +2.4783e-02, -6.7591e-02, +7.7058e-02, -3.7240e-03, +7.2215e-02, +1.8323e-02, -7.7284e-02, +2.8066e-02, -4.7241e-02, -8.5426e-02, -5.7690e-02, -4.3868e-02, -3.2490e-02, -7.4348e-03, +5.0366e-02, +4.5287e-02, +5.5372e-03, -6.3543e-02, +8.5902e-03, +1.5920e-01, +1.0059e-01, -6.1630e-02, -3.6307e-02, +6.9845e-02, +7.6954e-02, +2.1060e-02, +4.0337e-02, +7.7702e-03, -8.4526e-02, -2.7710e-02, +1.0927e-01, +9.3296e-02, -4.9552e-02
+7.2354e-02, -3.5556e-02, -2.0748e-02, +5.3577e-02, -3.3661e-02, -1.1142e-01, -2.6887e-02, -4.4441e-02, +4.0952e-02, -4.7272e-02, -1.2325e-01, -5.3069e-02, -6.2755e-02, -7.9840e-02, -1.0000e+00, +3.5393e-03, -8.0785e-02, +2.5308e-03, -1.1087e-01, -4.3679e-02, +3.8654e-02, +3.7524e-02, +1.9322e-02, +2.9025e-02, +1.9783e-02, +2.7264e-02, -7.3325e-02, -4.6146e-02, +5.5810e-02, +2.8033e-02, +3.2345e-02, -7.8333e-02, -5.3023e-02, +6.9620e-02, +5.8030e-02, +2.7499e-02, +9.4210e-02, -9.2659e-02, +2.7374e-02, +5.8831e-02, -8.3226e-02, +1.4743e-02, +2.2750e-02, -4.9247e-03, -7.4649e-02, +1.6208e-02, +2.7112e-02, +1.2402e-01, -1.5128e-02, +9.1125e-02
+2.5997e-02, -1.5461e-02, -1.8754e-02, -3.8447e-02, +3.4951e-02, +3.4209e-02, -6.0297e-02, +1.2625e-02, +9.3791e-03, +1.2571e-01, -8.2503e-02, -1.3514e-02, +4.4980e-03, -4.5532e-04, +3.5393e-03, -1.0000e+00, +2.7037e-03, +5.4665e-02, +1.0760e-01, -2.6734e-02, -4.0133e-02, +5.0224e-02, +1.0799e-01, +5.6558e-02, -2.2366e-02, +2.2700e-02, -1.8816e-02, -4.6960e-02, +4.5494e-02, +5.6291e-02, -4.5684e-02, +3.3373e-02, -7.6161e-02, -2.3256e-03, +1.3421e-02, -4.0294e-02, +2.7492e-04, -7.1181e-02, -4.2961e-02, -3.5906e-02, +1.0772e-02, +5.5563e-03, +3.2947e-03, +3.1014e-02, +1.7150e-01, +3.9313e-01, -1.0910e-01, +9.5396e-02, -1.7634e-01, +3.6596e-01
-2.4672e-02, +1.4644e-02, +5.1242e-02, +1.1943e-01, -1.5609e-02, +8.9430e-02, +1.3216e-02, +4.0682e-02, -1.3017e-01, +1.7402e-01, +8.8994e-03, -4.5695e-02, +4.3328e-02, -1.0886e-02, -8.0785e-02, +2.7037e-03, -1.0000e+00, +6.3678e-02, +5.3100e-03, +9.6861e-02, -2.2413e-02, -2.6270e-04, -3.6475e-02, +2.1930e-02, -5.7345e-02, -4.0723e-04, +1.5394e-01, +1.0758e-02, +3.3262e-02, +6.9606e-02, +1.1198e-01, -4.7882e-02, +5.5514e-02, +9.3471e-02, -7.3750e-02, -1.2805e-01, +3.4542e-02, +2.9123e-02, +2.6062e-02, +3.4420e-02, +9.4397e-02, -2.7068e-02, +5.5574e-02, +5.7939e-02, -1.4522e-02, +1.2436e-01, +6.6157e-02, +7.1545e-02, -7.6861e-02, -1.5305e-01
+6.6979e-02, +4.8207e-02, +7.6699e-03, +5.4981e-03, -4.1280e-02, -4.4315e-02, -4.6921e-02, -6.2288e-02, +3.4906e-02, -2.6721e-02, -9.1251e-02, -1.2028e-01, -3.3096e-02, +2.4783e-02, +2.5308e-03, +5.4665e-02, +6.3678e-02, -1.0000e+00, -9.8857e-03, -3.3954e-02, +4.9580e-03, -5.2529e-04, -3.2971e-02, +3.9830e-02, -4.4159e-02, -8.0855e-02, +6.4964e-03, +1.2151e-02, +1.3847e-03, +5.3526e-02, +1.3483e-02, -1.7472e-02, +7.7436e-02, +3.8407e-02, +9.9243e-03, +4.7778e-04, +1.6157e-02, +4.6166e-02, +2.6769e-02, -3.8294e-02, -1.8825e-02, -1.1307e-01, -7.7230e-02, -6.3264e-02, -3.8636e-02, -9.1523e-02, -4.5401e-02, -1.1297e-01, +1.6405e-02, +6.1178e-02
+4.4216e-02, +8.9874e-02, +1.0640e-02, +2.8473e-02, -9.4117e-03, -1.7254e-01, +2.7660e-02, +3.9547e-02, +5.1211e-02, -6.5741e-02, -1.9485e-01, +7.7425e-03, -2.0842e-02, -6.7591e-02, -1.1087e-01, +1.0760e-01, +5.3100e-03, -9.8857e-03, -1.0000e+00, -1.4688e-01, -4.9074e-03, -1.6801e-03, +9.3540e-02, +3.3941e-04, +4.0277e-02, -7.4887e-02, +5.2732e-02, +5.9751e-03, +1.3374e-01, -2.3192e-02, -2.2277e-01, -2.4989e-02, -3.3840e-02, +1.4867e-01, +1.4080e-01, +3.9915e-02, +9.2251e-02, +3.0858e-02, +6.8135e-02, +7.8833e-02, -2.8080e-01, +2.3685e-02, +4.5560e-02, +6.9814e-02, -4.0274e-02, -1.0965e-01, -1.3136e-01, -3.0049e-02, -2.5401e-02, +2.4944e-02
+1.1827e-01, -1.8683e-02, -1.1720e-01, -1.1039e-01, -3.3693e-02, -1.2822e-01, -4.6823e-02, +3.3884e-02, +9.9534e-03, -1.5110e-03, -6.3167e-02, -2.5286e-02, -7.6983e-03, +7.7058e-02, -4.3679e-02, -2.6734e-02, +9.6861e-02, -3.3954e-02, -1.4688e-01, -1.0000e+00, -2.2667e-02, -2.1530e-01, +8.5159e-03, -3.3336e-02, -1.3247e-01, +4.6307e-02, -6.5603e-02, -1.3258e-02, -2.4335e-02, -3.1507e-03, -1.1403e-01, -1.9384e-02, -9.9071e-02, +4.5352e-02, +9.8054e-02, +3.4199e-02, +8.4214e-02, +3.4190e-02, -8.8725e-03, -5.9706e-02, -1.2433e-01, -7.1948e-02, +1.1389e-02, -4.1127e-02, -4.1476e-04, -7.4206e-02, -5.3161e-02, -8.5743e-02, +5.4585e-02, +1.2534e-01
-1.4103e-02, +4.1798e-02, -5.6291e-02, -2.2876e-02, +9.4300e-02, -3.2596e-02, -5.3921e-02, +4.9400e-03, +5.7939e-03, -2.9791e-02, -7.1726e-02, +2.2477e-02, -1.1727e-02, -3.7240e-03, +3.8654e-02, -4.0133e-02, -2.2413e-02, +4.9580e-03, -4.9075e-03, -2.2667e-02, -1.0000e+00, -5.4306e-02, -4.8589e-02, +3.8112e-02, -2.7414e-02, -1.6803e-02, -3.4717e-02, -2.5811e-02, -2.8670e-02, -5.3152e-02, -6.2480e-02, +5.8275e-02, -2.3430e-02, +3.9625e-02, +2.9088e-02, -2.2668e-02, +2.6530e-02, -4.4201e-03, -1.8225e-02, +7.1857e-02, -6.7093e-02, +1.8860e-02, -3.6685e-02, -4.0796e-02, +4.0513e-02, -1.9462e-02, -1.0808e-01, -6.2762e-02, -2.1795e-02, +8.9582e-02
+4.0678e-02, +8.5230e-03, -1.2248e-01, -7.3245e-02, +2.6513e-02, -9.0476e-02, -4.1855e-02, +4.0541e-02, -5.9913e-02, -4.2158e-02, -3.0763e-02, -8.7346e-02, -1.5733e-02, +7.2215e-02, +3.7524e-02, +5.0224e-02, -2.6270e-04, -5.2529e-04, -1.6801e-03, -2.1530e-01, -5.4306e-02, -1.0000e+00, +1.4352e-02, -1.0482e-01, -1.0905e-01, -2.0104e-03, +5.7659e-02, -2.4074e-02, +3.3008e-02, -2.9026e-02, -1.2932e-01, +3.0967e-04, -5.2729e-02, -4.2459e-02, +5.5867e-02, -1.2294e-02, +1.0047e-01, -1.6508e-02, -7.8793e-03, -4.1129e-02, -9.9898e-02, -1.6067e-03, +1.0846e-01, -1.0858e-01, -1.5317e-02, -7.0154e-03, -5.0192e-02, -2.1911e-02, +1.4416e-03, +1.9901e-02
+9.3176e-03, +6.8717e-02, +3.9703e-02, +2.0384e-02, -4.8487e-02, +6.0698e-02, +5.5630e-02, -1.0231e-02, -8.8826e-02, -1.1416e-01, +2.0154e-02, +7.9035e-02, +3.9603e-02, +1.8323e-02, +1.9322e-02, +1.0799e-01, -3.6475e-02, -3.2971e-02, +9.3540e-02, +8.5159e-03, -4.8589e-02, +1.4352e-02, -1.0000e+00, -1.2464e-02, +7.1489e-02, -3.1972e-02, +3.8817e-02, +3.0991e-02, +4.5232e-02, -1.0683e-02, +1.0694e-01, +6.7595e-02, -7.8634e-02, -3.6241e-02, -9.0092e-02, -1.4108e-02, -3.1835e-03, -4.4850e-02, -5.8473e-02, +2.0160e-02, +4.1872e-02, +9.7019e-02, -7.3441e-03, -2.1536e-02, -3.0305e-02, -4.6939e-02, -3.7897e-02, -9.6111e-02, +5.0265e-02, -9.1577e-02
-2.9289e-02, +9.3954e-02, -6.1176e-03, -1.4666e-01, -7.9326e-02, +5.3038e-03, -4.7336e-02, -3.3425e-03, +4.4919e-02, -5.8069e-02, +9.3672e-02, -3.9163e-02, -1.2391e-02, -7.7284e-02, +2.9025e-02, +5.6558e-02, +2.1930e-02, +3.9830e-02, +3.3940e-04, -3.3336e-02, +3.8112e-02, -1.0482e-01, -1.2464e-02, -1.0000e+00, -1.0261e-01, -6.9867e-02, -3.6224e-02, +3.6570e-02, -2.4036e-02, -4.6553e-02, -1.5763e-01, -1.8277e-01, +7.2530e-03, +5.0635e-02, -2.1023e-02, -6.3675e-03, -1.0654e-03, +6.3296e-02, -7.8094e-02, -5.2957e-02, +1.6835e-01, +1.6142e-02, -4.3311e-02, -3.0739e-02, -2.7590e-03, -8.9252e-02, -2.2012e-02, +7.8833e-03, -5.3704e-02, +3.8897e-02
-5.1301e-02, +2.6893e-02, -1.3248e-01, -1.7105e-01, -1.5087e-02, -7.9561e-03, +5.6917e-02, +3.9426e-02, -1.0551e-01, -5.4518e-02, -5.3886e-02, -1.2005e-01, +2.9252e-02, +2.8066e-02, +1.9783e-02, -2.2366e-02, -5.7345e-02, -4.4159e-02, +4.0277e-02, -1.3247e-01, -2.7414e-02, -1.0905e-01, +7.1489e-02, -1.0261e-01, -1.0000e+00, -6.0025e-02, +5.9366e-02, -3.0994e-03, +3.9393e-02, -4.3916e-02, +1.6009e-02, -1.0573e-01, +5.4219e-02, -8.4688e-03, -3.5067e-02, -2.9234e-02, -8.7001e-03, -2.7533e-02, -7.7274e-02, +1.6872e-02, +4.0386e-02, -5.4869e-02, -8.5229e-02, -1.1741e-01, +2.4071e-02, +5.4243e-02, +3.8767e-03, -2.7335e-01, -6.0382e-02, +1.0993e-01
+1.7854e-02, +3.9177e-02, -8.0295e-02, -6.5697e-02, -4.2121e-02, +6.8555e-03, +2.1121e-02, -4.6760e-02, +2.1437e-02, -2.3981e-02, -6.2678e-02, -5.5477e-03, +1.0563e-02, -4.7241e-02, +2.7264e-02, +2.2700e-02, -4.0723e-04, -8.0855e-02, -7.4887e-02, +4.6307e-02, -1.6803e-02, -2.0104e-03, -3.1972e-02, -6.9867e-02, -6.0025e-02, -1.0000e+00, -6.4827e-02, +7.0012e-02, -7.4545e-02, -4.7582e-03, +9.9625e-03, -7.9550e-02, -6.0554e-02, -2.8243e-04, +5.1482e-04, +2.0816e-02, -4.2662e-02, -4.6503e-02, +2.8562e-02, -3.0214e-02, -3.9259e-02, -4.2607e-02, -4.3326e-02, +6.8085e-02, +5.0271e-02, -1.7943e-02, -3.5250e-02, -6.1676e-02, -1.4607e-01, +7.6491e-03
+6.1502e-02, +2.6527e-02, +4.8539e-02, -1.3260e-01, -3.6711e-02, +3.3648e-02, +1.6072e-02, -5.5696e-02, +6.0532e-02, +1.5178e-02, -1.0009e-02, -4.3100e-02, -5.9348e-03, -8.5426e-02, -7.3325e-02, -1.8816e-02, +1.5394e-01, +6.4964e-03, +5.2732e-02, -6.5603e-02, -3.4717e-02, +5.7659e-02, +3.8817e-02, -3.6224e-02, +5.9366e-02, -6.4827e-02, -1.0000e+00, -6.4103e-02, -8.0031e-02, -4.2931e-02, -3.3675e-02, -1.5686e-02, -3.4112e-03, +1.7708e-02, -5.2227e-02, -4.6288e-02, -3.8031e-03, +2.7318e-02, +1.1536e-02, -4.2490e-02, +2.2354e-02, -5.4366e-03, -2.7792e-02, +6.1708e-03, +2.5947e-02, -6.2467e-02, -7.6520e-02, +9.5883e-02, +6.7369e-02, +3.6055e-02
-5.4364e-02, -1.8989e-02, +4.3437e-02, -3.6169e-02, +8.1973e-03, -2.0384e-02, -3.9845e-02, -2.8446e-03, +1.0270e-01, -1.5346e-02, -1.1603e-01, +7.2172e-02, -3.1345e-02, -5.7690e-02, -4.6146e-02, -4.6960e-02, +1.0758e-02, +1.2151e-02, +5.9752e-03, -1.3258e-02, -2.5811e-02, -2.4074e-02, +3.0991e-02, +3.6570e-02, -3.0994e-03, +7.0012e-02, -6.4103e-02, -1.0000e+00, -2.2015e-02, +7.2172e-02, -7.6299e-02, +4.0187e-03, -9.3463e-04, +1.7504e-02, -2.6499e-02, -2.5007e-02, +3.6392e-02, +1.9534e-02, +9.2702e-02, -1.1320e-02, -4.7981e-02, -1.8761e-02, +5.3688e-02, -1.4625e-02, -4.0153e-02, -8.8813e-05, -5.3438e-02, +1.4660e-01, -6.1973e-02, +2.9035e-02
+2.9218e-02, +2.8173e-02, -8.8247e-04, -8.7374e-02, -8.2420e-02, +9.4459e-02, -2.8330e-02, +2.5427e-02, +5.6447e-02, +9.4505e-02, -1.4964e-03, -5.8827e-02, -2.2054e-02, -4.3868e-02, +5.5810e-02, +4.5494e-02, +3.3262e-02, +1.3847e-03, +1.3374e-01, -2.4335e-02, -2.8670e-02, +3.3008e-02, +4.5232e-02, -2.4036e-02, +3.9393e-02, -7.4545e-02, -8.0031e-02, -2.2015e-02, -1.0000e+00, -7.8429e-02, +7.9720e-02, -4.9777e-02, +4.4139e-02, -1.9549e-02, -1.5465e-01, -1.7442e-02, +5.9871e-02, -3.1100e-02, -5.6672e-03, +9.9639e-03, +2.2394e-01, -5.4981e-02, +4.8414e-03, -3.6868e-02, +2.7588e-02, -6.5755e-02, -5.1789e-02, +4.2630e-02, +3.5437e-02, +5.3852e-02
-9.0643e-03, +4.6065e-02, +6.8594e-02, +1.1170e-02, -4.5377e-02, +5.1808e-02, +4.4474e-02, +3.2837e-03, +1.3332e-02, +9.1792e-03, -1.6913e-02, -1.3172e-02, -5.4813e-03, -3.2490e-02, +2.8033e-02, +5.6291e-02, +6.9606e-02, +5.3527e-02, -2.3192e-02, -3.1507e-03, -5.3152e-02, -2.9026e-02, -1.0683e-02, -4.6553e-02, -4.3916e-02, -4.7582e-03, -4.2931e-02, +7.2172e-02, -7.8429e-02, -1.0000e+00, -2.3622e-03, -2.6411e-02, +8.9162e-02, +2.3185e-02, +1.8245e-02, -1.6020e-03, +4.6166e-02, +1.1183e-01, -9.4015e-03, -2.4620e-02, +6.7138e-02, +4.9755e-02, -3.4138e-03, -1.8902e-02, -2.2272e-02, -5.9058e-02, -1.8406e-03, +4.6409e-03, -4.2290e-02, -1.0887e-02
+1.7725e-02, +9.8905e-03, +2.8199e-02, -1.9513e-01, +2.3926e-02, -2.2517e-01, +2.5415e-02, -1.5780e-02, +6.4935e-02, -1.2034e-01, -4.1500e-02, -4.3784e-02, -8.3948e-03, -7.4348e-03, +3.2345e-02, -4.5684e-02, +1.1198e-01, +1.3483e-02, -2.2277e-01, -1.1403e-01, -6.2480e-02, -1.2932e-01, +1.0694e-01, -1.5763e-01, +1.6009e-02, +9.9625e-03, -3.3675e-02, -7.6299e-02, +7.9720e-02, -2.3622e-03, -1.0000e+00, -3.0245e-02, -2.4979e-02, +4.8812e-03, +1.6548e-01, +6.7487e-03, +6.5442e-02, +6.0667e-02, +2.6129e-03, +1.9558e-03, -1.4461e-01, -3.7399e-02, +8.6106e-02, -1.9836e-02, +5.8916e-02, -7.7318e-02, -8.4073e-02, +2.0888e-02, -8.6616e-02, +1.3254e-01
-7.7911e-02, +7.7893e-02, -1.1221e-01, -1.0491e-01, -9.8837e-02, -3.4851e-02, -5.3691e-02, -3.9957e-02, -6.2670e-02, +1.0278e-02, -1.0784e-01, -7.6748e-02, -6.5301e-03, +5.0366e-02, -7.8333e-02, +3.3373e-02, -4.7882e-02, -1.7472e-02, -2.4989e-02, -1.9384e-02, +5.8275e-02, +3.0967e-04, +6.7595e-02, -1.8277e-01, -1.0573e-01, -7.9550e-02, -1.5686e-02, +4.0187e-03, -4.9777e-02, -2.6411e-02, -3.0245e-02, -1.0000e+00, +1.3062e-02, +6.0061e-02, -8.9989e-03, +5.5855e-02, -4.7897e-02, -5.8670e-03, -5.9579e-02, -5.5674e-03, +2.6387e-03, +9.9432e-02, -3.8243e-02, -1.2166e-01, -1.3736e-02, +1.8715e-01, -2.0448e-02, -8.9325e-02, -1.0449e-01, +9.5999e-02
-3.2488e-02, -2.5124e-02, -1.1882e-01, -6.7489e-02, +4.0608e-02, +4.2995e-03, -2.7789e-02, +1.1753e-02, -1.6936e-02, -1.3073e-02, -5.2206e-02, +1.6582e-02, -3.2420e-02, +4.5287e-02, -5.3023e-02, -7.6161e-02, +5.5514e-02, +7.7436e-02, -3.3840e-02, -9.9071e-02, -2.3430e-02, -5.2729e-02, -7.8634e-02, +7.2530e-03, +5.4219e-02, -6.0554e-02, -3.4112e-03, -9.3465e-04, +4.4139e-02, +8.9162e-02, -2.4979e-02, +1.3062e-02, -1.0000e+00, +2.5843e-02, +8.6434e-03, +6.7197e-02, +2.4437e-02, +7.4817e-02, -1.7028e-02, -1.1892e-02, -5.3321e-02, -7.7578e-02, +1.1548e-02, +7.2110e-03, -4.4432e-02, +1.9923e-02, +4.9475e-02, +2.3803e-02, +4.7590e-02, +1.4429e-02
-4.6069e-02, +6.7770e-02, -3.0716e-02, -1.0357e-02, +2.5345e-02, +1.1084e-01, +4.5372e-02, +5.8518e-02, -4.8568e-02, -5.0008e-02, +1.4701e-01, +2.4096e-02, +8.6319e-02, +5.5372e-03, +6.9620e-02, -2.3256e-03, +9.3471e-02, +3.8407e-02, +1.4867e-01, +4.5352e-02, +3.9625e-02, -4.2459e-02, -3.6241e-02, +5.0635e-02, -8.4688e-03, -2.8243e-04, +1.7708e-02, +1.7504e-02, -1.9549e-02, +2.3185e-02, +4.8812e-03, +6.0061e-02, +2.5843e-02, -1.0000e+00, -6.8612e-02, -1.1273e-02, -3.6330e-02, +5.7919e-03, -3.1215e-02, -4.7421e-02, +9.0622e-02, -2.7428e-02, +5.5500e-03, -6.0323e-02, -2.4490e-02, +4.6978e-02, +3.5276e-02, -3.0286e-02, +5.8157e-02, -1.1367e-01
-1.2352e-01, +2.7312e-02, +4.1874e-02, +1.2130e-02, -1.3237e-01, +1.3573e-01, +3.5957e-02, +2.0638e-02, -2.2064e-02, +4.0679e-02, +6.5909e-02, +4.4791e-03, -5.2671e-02, -6.3543e-02, +5.8030e-02, +1.3421e-02, -7.3750e-02, +9.9243e-03, +1.4080e-01, +9.8054e-02, +2.9088e-02, +5.5867e-02, -9.0092e-02, -2.1023e-02, -3.5067e-02, +5.1481e-04, -5.2227e-02, -2.6499e-02, -1.5465e-01, +1.8245e-02, +1.6548e-01, -8.9989e-03, +8.6434e-03, -6.8612e-02, -1.0000e+00, -2.9007e-02, -9.5350e-03, +1.9136e-04, -3.7890e-02, -4.0507e-02, +1.6195e-01, +7.0119e-02, -1.3753e-03, +2.7311e-02, +6.1597e-02, -3.9954e-02, -1.4371e-02, +1.7999e-02, -6.3170e-02, -4.2641e-02
+6.7238e-02, -2.4674e-02, +3.4757e-02, +3.0123e-02, -2.3700e-02, +4.6593e-02, -3.4866e-03, -1.4764e-02, -5.3888e-03, -8.1609e-02, -1.3423e-02, +4.2753e-02, -8.8690e-03, +8.5901e-03, +2.7499e-02, -4.0294e-02, -1.2805e-01, +4.7778e-04, +3.9915e-02, +3.4199e-02, -2.2668e-02, -1.2294e-02, -1.4109e-02, -6.3675e-03, -2.9234e-02, +2.0816e-02, -4.6288e-02, -2.5007e-02, -1.7442e-02, -1.6021e-03, +6.7487e-03, +5.5855e-02, +6.7197e-02, -1.1273e-02, -2.9007e-02, -1.0000e+00, +6.2433e-02, -2.0232e-02, +9.5418e-02, +5.5838e-02, +7.6361e-02, +8.0657e-04, -5.7336e-02, -1.5210e-02, +5.2857e-02, +9.8456e-02, -5.4484e-02, -1.6809e-02, -1.0506e-01, -2.6278e-02
-2.9126e-02, +8.2927e-03, -1.7421e-01, +1.0943e-02, +6.3801e-02, +3.1967e-02, +1.9932e-02, +2.2124e-02, -7.6449e-02, +1.0822e-01, +1.0241e-01, -3.0529e-02, +2.4974e-02, +1.5920e-01, +9.4210e-02, +2.7492e-04, +3.4542e-02, +1.6157e-02, +9.2251e-02, +8.4214e-02, +2.6530e-02, +1.0047e-01, -3.1835e-03, -1.0654e-03, -8.7001e-03, -4.2662e-02, -3.8031e-03, +3.6392e-02, +5.9871e-02, +4.6166e-02, +6.5442e-02, -4.7897e-02, +2.4437e-02, -3.6330e-02, -9.5350e-03, +6.2433e-02, -1.0000e+00, -1.6997e-02, -6.5566e-02, +3.2520e-02, +3.9894e-02, -6.9823e-02, +2.6271e-02, +7.8858e-02, +3.1138e-02, +5.0901e-02, +2.7715e-02, +3.2423e-02, -2.0009e-02, -7.2514e-02
+2.6386e-02, -3.5710e-02, -1.9603e-02, +3.7292e-02, +3.5415e-02, +5.0764e-02, +3.8855e-03, +1.5888e-02, -3.1048e-02, +2.6556e-01, -7.3320e-02, -2.2736e-02, +3.8639e-03, +1.0059e-01, -9.2659e-02, -7.1181e-02, +2.9123e-02, +4.6166e-02, +3.0858e-02, +3.4190e-02, -4.4201e-03, -1.6508e-02, -4.4850e-02, +6.3296e-02, -2.7533e-02, -4.6503e-02, +2.7318e-02, +1.9534e-02, -3.1100e-02, +1.1183e-01, +6.0667e-02, -5.8670e-03, +7.4817e-02, +5.7919e-03, +1.9136e-04, -2.0232e-02, -1.6997e-02, -1.0000e+00, +4.9655e-03, -1.0967e-02, -4.1671e-02, -7.3705e-02, -7.3204e-03, -1.7430e-02, +1.8080e-01, +1.8595e-01, +5.5709e-02, +1.5194e-02, -7.2428e-02, -6.7881e-02
-1.4466e-02, +5.7185e-02, -7.2389e-02, -2.5405e-02, -2.9074e-03, +7.2257e-02, -5.1424e-03, +2.3072e-02, +5.1927e-03, -1.0103e-02, +6.7037e-02, -8.9862e-02, +3.4828e-02, -6.1630e-02, +2.7374e-02, -4.2961e-02, +2.6062e-02, +2.6769e-02, +6.8135e-02, -8.8725e-03, -1.8225e-02, -7.8793e-03, -5.8473e-02, -7.8094e-02, -7.7274e-02, +2.8562e-02, +1.1536e-02, +9.2702e-02, -5.6672e-03, -9.4015e-03, +2.6129e-03, -5.9579e-02, -1.7028e-02, -3.1215e-02, -3.7890e-02, +9.5418e-02, -6.5566e-02, +4.9655e-03, -1.0000e+00, +1.1622e-02, +6.5477e-02, +7.8798e-02, -3.7840e-02, -4.0693e-02, +2.7571e-02, +1.3248e-01, -8.6022e-02, -6.3508e-02, +5.7355e-02, -2.8636e-02
-8.7624e-02, -3.2524e-02, -8.9853e-03, -5.0095e-02, +4.5761e-03, +3.5562e-02, -1.7208e-02, -1.6698e-02, +7.9297e-02, +6.2953e-02, +3.4868e-02, +3.2681e-03, +2.3648e-02, -3.6307e-02, +5.8831e-02, -3.5906e-02, +3.4420e-02, -3.8294e-02, +7.8833e-02, -5.9706e-02, +7.1857e-02, -4.1129e-02, +2.0161e-02, -5.2957e-02, +1.6872e-02, -3.0214e-02, -4.2490e-02, -1.1320e-02, +9.9639e-03, -2.4620e-02, +1.9558e-03, -5.5674e-03, -1.1892e-02, -4.7421e-02, -4.0507e-02, +5.5838e-02, +3.2520e-02, -1.0967e-02, +1.1622e-02, -1.0000e+00, +4.7570e-02, +9.1977e-02, +6.6940e-02, +1.9936e-02, +1.1170e-01, -1.9467e-02, -1.7452e-02, +1.5334e-01, -3.3089e-02, -5.6419e-02
+9.5052e-02, +2.2672e-02, +8.0558e-03, -2.4771e-02, +8.2081e-02, -1.6357e-01, +1.9322e-02, -1.4774e-02, +1.1396e-01, -6.0962e-02, -1.7981e-01, -2.3339e-02, +3.1077e-03, +6.9845e-02, -8.3226e-02, +1.0772e-02, +9.4397e-02, -1.8825e-02, -2.8080e-01, -1.2433e-01, -6.7093e-02, -9.9898e-02, +4.1872e-02, +1.6835e-01, +4.0386e-02, -3.9259e-02, +2.2354e-02, -4.7981e-02, +2.2394e-01, +6.7138e-02, -1.4461e-01, +2.6387e-03, -5.3321e-02, +9.0622e-02, +1.6195e-01, +7.6361e-02, +3.9894e-02, -4.1671e-02, +6.5477e-02, +4.7570e-02, -1.0000e+00, +3.7399e-02, -1.0552e-02, -2.4998e-02, +1.9433e-02, +5.7477e-02, -6.7832e-02, -1.1146e-01, -3.4877e-02, +2.1085e-02
+1.0019e-02, -1.5574e-02, +2.2583e-03, -1.2438e-02, -1.0129e-02, -7.9975e-03, +1.6971e-02, -2.1784e-02, -3.4432e-02, -4.9254e-04, -2.0520e-02, +2.9836e-03, -9.7938e-03, +7.6954e-02, +1.4743e-02, +5.5563e-03, -2.7068e-02, -1.1307e-01, +2.3685e-02, -7.1948e-02, +1.8860e-02, -1.6067e-03, +9.7019e-02, +1.6142e-02, -5.4869e-02, -4.2607e-02, -5.4365e-03, -1.8761e-02, -5.4981e-02, +4.9755e-02, -3.7399e-02, +9.9432e-02, -7.7578e-02, -2.7428e-02, +7.0119e-02, +8.0657e-04, -6.9823e-02, -7.3705e-02, +7.8798e-02, +9.1977e-02, +3.7399e-02, -1.0000e+00, -1.3016e-02, -3.7569e-02, -3.0094e-02, -4.2699e-02, -4.2751e-02, -9.2001e-02, -2.3911e-02, +1.0396e-01
+5.5206e-02, +4.2238e-02, -7.5438e-02, -8.2387e-02, -7.4104e-03, +6.1390e-02, -1.3847e-02, +1.8154e-02, -4.8616e-02, -5.4840e-02, -3.6266e-02, +2.9658e-02, -4.3643e-02, +2.1060e-02, +2.2750e-02, +3.2947e-03, +5.5574e-02, -7.7230e-02, +4.5560e-02, +1.1389e-02, -3.6685e-02, +1.0846e-01, -7.3441e-03, -4.3311e-02, -8.5229e-02, -4.3326e-02, -2.7792e-02, +5.3688e-02, +4.8414e-03, -3.4138e-03, +8.6106e-02, -3.8243e-02, +1.1548e-02, +5.5500e-03, -1.3753e-03, -5.7336e-02, +2.6271e-02, -7.3204e-03, -3.7840e-02, +6.6940e-02, -1.0552e-02, -1.3016e-02, -1.0000e+00, -1.8933e-01, +2.7125e-02, +2.8694e-02, -3.9278e-02, -1.0442e-01, -1.3500e-02, +2.6938e-02
+4.5437e-02, +3.1435e-03, -7.2485e-02, -2.4446e-03, +4.1053e-02, +3.6515e-02, -5.0383e-02, +3.3936e-03, -1.1820e-01, -2.5746e-02, -3.2644e-02, -7.9858e-02, +1.8940e-02, +4.0337e-02, -4.9247e-03, +3.1014e-02, +5.7939e-02, -6.3264e-02, +6.9814e-02, -4.1127e-02, -4.0796e-02, -1.0858e-01, -2.1536e-02, -3.0739e-02, -1.1741e-01, +6.8085e-02, +6.1708e-03, -1.4625e-02, -3.6868e-02, -1.8902e-02, -1.9836e-02, -1.2166e-01, +7.2110e-03, -6.0323e-02, +2.7311e-02, -1.5210e-02, +7.8858e-02, -1.7430e-02, -4.0693e-02, +1.9936e-02, -2.4998e-02, -3.7569e-02, -1.8933e-01, -1.0000e+00, +9.4222e-03, +9.6982e-02, +3.9271e-02, -1.5826e-01, -3.0961e-03, -1.0943e-01
-7.1314e-02, -5.6154e-02, +8.5537e-02, +7.8807e-02, -7.3192e-02, +7.9440e-03, -4.5597e-02, -4.9747e-02, +1.9518e-02, -3.7813e-03, -6.4810e-02, +7.0556e-02, -2.8265e-02, +7.7702e-03, -7.4649e-02, +1.7150e-01, -1.4522e-02, -3.8636e-02, -4.0274e-02, -4.1476e-04, +4.0513e-02, -1.5317e-02, -3.0305e-02, -2.7590e-03, +2.4071e-02, +5.0271e-02, +2.5947e-02, -4.0153e-02, +2.7588e-02, -2.2272e-02, +5.8916e-02, -1.3736e-02, -4.4432e-02, -2.4490e-02, +6.1597e-02, +5.2857e-02, +3.1138e-02, +1.8080e-01, +2.7571e-02, +1.1170e-01, +1.9433e-02, -3.0094e-02, +2.7125e-02, +9.4222e-03, -1.0000e+00, +6.4469e-02, +4.6615e-02, +1.3760e-01, -1.9520e-03, +1.7448e-01
-5.5008e-02, +5.0615e-02, +1.1940e-01, -1.4917e-03, -4.9150e-02, -6.6814e-02, +6.4565e-02, -3.7216e-04, +1.2242e-01, -6.4429e-02, +6.1199e-02, +7.6679e-02, -2.1974e-02, -8.4526e-02, +1.6208e-02, +3.9313e-01, +1.2436e-01, -9.1523e-02, -1.0965e-01, -7.4206e-02, -1.9462e-02, -7.0154e-03, -4.6939e-02, -8.9252e-02, +5.4243e-02, -1.7943e-02, -6.2467e-02, -8.8823e-05, -6.5755e-02, -5.9058e-02, -7.7318e-02, +1.8715e-01, +1.9923e-02, +4.6978e-02, -3.9954e-02, +9.8456e-02, +5.0901e-02, +1.8595e-01, +1.3248e-01, -1.9467e-02, +5.7477e-02, -4.2699e-02, +2.8694e-02, +9.6982e-02, +6.4469e-02, -1.0000e+00, +1.5811e-01, +1.0297e-01, +1.2408e-01, +1.0074e-01
+1.9088e-02, +4.5574e-02, -5.3365e-03, -1.2815e-01, +2.2474e-02, -1.3826e-01, -2.0701e-02, -7.3391e-03, +1.1734e-02, +3.1230e-02, -1.8511e-01, -1.0865e-01, +2.9541e-02, -2.7710e-02, +2.7112e-02, -1.0910e-01, +6.6157e-02, -4.5401e-02, -1.3136e-01, -5.3161e-02, -1.0808e-01, -5.0192e-02, -3.7897e-02, -2.2012e-02, +3.8767e-03, -3.5250e-02, -7.6520e-02, -5.3438e-02, -5.1789e-02, -1.8406e-03, -8.4073e-02, -2.0448e-02, +4.9475e-02, +3.5276e-02, -1.4371e-02, -5.4484e-02, +2.7715e-02, +5.5709e-02, -8.6022e-02, -1.7452e-02, -6.7832e-02, -4.2751e-02, -3.9278e-02, +3.9271e-02, +4.6615e-02, +1.5811e-01, -1.0000e+00, -5.6801e-02, -6.4608e-02, +1.2914e-01
+8.2767e-02, +9.0610e-02, -1.1424e-01, -1.0957e-01, +4.6619e-02, -1.0285e-01, -2.8253e-02, -4.3607e-02, +3.4178e-02, -8.3709e-02, -9.2219e-03, -2.6254e-03, -8.9011e-02, +1.0927e-01, +1.2402e-01, +9.5396e-02, +7.1545e-02, -1.1297e-01, -3.0049e-02, -8.5743e-02, -6.2762e-02, -2.1911e-02, -9.6111e-02, +7.8833e-03, -2.7335e-01, -6.1676e-02, +9.5883e-02, +1.4660e-01, +4.2630e-02, +4.6409e-03, +2.0888e-02, -8.9325e-02, +2.3803e-02, -3.0286e-02, +1.7999e-02, -1.6809e-02, +3.2423e-02, +1.5194e-02, -6.3508e-02, +1.5334e-01, -1.1146e-01, -9.2001e-02, -1.0442e-01, -1.5826e-01, +1.3760e-01, +1.0297e-01, -5.6801e-02, -1.0000e+00, +4.1639e-03, +3.8350e-02
-2.0114e-02, +9.3529e-03, -5.8233e-02, -1.7449e-02, -1.4095e-02, -4.6501e-02, -4.9098e-02, +3.4068e-02, -1.7812e-02, -2.1610e-01, -5.4313e-02, -4.9478e-02, -5.8240e-02, +9.3296e-02, -1.5128e-02, -1.7634e-01, -7.6861e-02, +1.6405e-02, -2.5401e-02, +5.4585e-02, -2.1795e-02, +1.4416e-03, +5.0265e-02, -5.3704e-02, -6.0382e-02, -1.4607e-01, +6.7369e-02, -6.1973e-02, +3.5437e-02, -4.2290e-02, -8.6616e-02, -1.0449e-01, +4.7590e-02, +5.8157e-02, -6.3170e-02, -1.0506e-01, -2.0009e-02, -7.2428e-02, +5.7355e-02, -3.3089e-02, -3.4877e-02, -2.3911e-02, -1.3500e-02, -3.0961e-03, -1.9519e-03, +1.2408e-01, -6.4608e-02, +4.1639e-03, -1.0000e+00, +1.0984e-01
-2.0314e-02, -5.0909e-02, +5.4813e-03, +9.1789e-02, +8.6738e-02, +7.7843e-02, +6.0723e-02, +3.5046e-02, -2.1169e-02, -3.7340e-02, +1.8057e-01, -2.0585e-02, +6.3382e-02, -4.9552e-02, +9.1125e-02, +3.6596e-01, -1.5305e-01, +6.1178e-02, +2.4944e-02, +1.2534e-01, +8.9582e-02, +1.9901e-02, -9.1577e-02, +3.8897e-02, +1.0993e-01, +7.6492e-03, +3.6055e-02, +2.9035e-02, +5.3852e-02, -1.0887e-02, +1.3254e-01, +9.5999e-02, +1.4429e-02, -1.1367e-01, -4.2641e-02, -2.6278e-02, -7.2514e-02, -6.7881e-02, -2.8636e-02, -5.6419e-02, +2.1085e-02, +1.0396e-01, +2.6938e-02, -1.0943e-01, +1.7448e-01, +1.0074e-01, +1.2914e-01, +3.8350e-02, +1.0984e-01, -1.0000e+00
