-1.0000e+00, +6.5813e-02, +9.8104e-03, -1.3369e-01, -1.4876e-02, +6.9568e-02, +7.9442e-02, +3.8108e-02, -8.9331e-02, +2.3137e-02, +6.2746e-02, -1.0120e-01, +1.1090e-01, -5.2847e-02, -5.0270e-02, -8.4943e-02, +1.3748e-01, +2.4655e-02, -3.7031e-02, +8.6798e-02, +8.6090e-02, -1.4148e-02, +9.6668e-03, +4.4212e-02, -4.3087e-02, -6.7007e-02, +4.5802e-02, -1.2769e-02, +7.8278e-02, +1.3916e-02, +2.5358e-02, +5.4899e-02, -6.5826e-02, +6.7398e-02, +3.2892e-02, -6.2617e-02, -1.8891e-02, -7.8302e-02, -4.6747e-02, +7.1995e-03, +3.8651e-02, +5.5604e-03, +1.7064e-01, +1.9886e-02, -6.5965e-03, -9.9813e-02, -9.2163e-02, +2.1663e-01, +1.5200e-02, -1.7439e-02
+6.5813e-02, -1.0000e+00, +3.1033e-02, +1.1337e-02, -4.7667e-02, +7.9898e-03, -3.5396e-02, -1.1573e-01, +6.6902e-02, +1.0694e-01, +4.9631e-02, -1.2724e-01, +1.0798e-01, +8.1318e-03, +5.0265e-02, +4.2772e-02, -1.6185e-02, -6.1570e-02, +7.1904e-02, -1.7010e-02, -3.1657e-02, -1.0132e-01, +9.1987e-05, -2.7301e-02, +3.3516e-03, +5.5642e-02, +2.5236e-02, -8.8692e-02, -3.8190e-02, -1.9685e-02, -6.5782e-02, -2.4417e-02, +3.1662e-02, -2.6936e-03, +1.0452e-02, +1.1171e-01, +6.9227e-02, -1.0988e-01, +4.5679e-02, +7.9336e-03, -1.0782e-02, -3.4467e-02, +2.5788e-04, -1.0411e-01, +8.7983e-03, -1.4899e-02, -2.2045e-02, -2.5002e-02, +6.7658e-02, -2.8735e-02
+9.8104e-03, +3.1033e-02, -1.0000e+00, +9.4581e-03, +5.9257e-02, -8.1910e-02, +2.0608e-02, +2.9436e-02, -2.7616e-02, +9.9046e-02, -1.0199e-01, -3.2702e-02, -2.2850e-02, +3.6244e-02, +6.8488e-02, +4.4520e-02, -7.5723e-02, +3.5922e-03, +2.2145e-02, -3.7424e-02, -3.9292e-02, +6.1407e-02, -5.1816e-03, -6.7078e-02, -5.0674e-02, -6.5295e-02, -6.2980e-02, -1.2907e-01, +1.4023e-02, +4.7228e-02, +6.3665e-03, -5.7689e-02, -5.7333e-02, -1.2734e-01, -5.8736e-02, +1.0746e-01, -9.0487e-02, +4.7862e-02, -3.5047e-02, -1.3997e-02, -8.5161e-02, +2.3804e-02, -8.4855e-02, +1.3368e-02, -1.3782e-03, -6.0962e-02, -3.3088e-02, -1.3337e-01, -4.8933e-02, -7.8276e-03
-1.3369e-01, +1.1337e-02, +9.4581e-03, -1.0000e+00, -2.8688e-02, -4.2903e-02, +4.9526e-02, +1.9826e-02, +4.3695e-02, +7.3811e-02, -1.2144e-01, -6.4356e-02, -3.5242e-02, -3.4090e-02, -9.7074e-02, +5.3569e-02, +6.4609e-02, -5.8369e-02, +5.5734e-02, -1.8907e-02, +3.5857e-02, +3.5351e-02, -6.2780e-02, -8.8356e-02, +1.8862e-02, -1.0700e-01, +2.3372e-02, -7.1479e-02, -5.6209e-02, -8.4507e-02, -1.9640e-02, -5.3193e-03, -3.8696e-02, -5.7244e-02, +4.8000e-02, -2.4057e-02, -3.5705e-02, -8.5428e-02, +4.8522e-02, +3.7013e-02, -2.6766e-02, +1.7594e-02, +4.4713e-02, +4.8452e-02, +3.9139e-02, -4.4572e-03, -9.6227e-02, +9.9767e-02, +2.0749e-02, +5.0692e-02
-1.4876e-02, -4.7667e-02, +5.9257e-02, -2.8688e-02, -1.0000e+00, +5.4915e-02, +5.9989e-03, -4.5990e-03, -1.7182e-04, +8.4362e-02, +3.1937e-02, -7.1237e-02, -5.8023e-02, +5.4890e-02, -3.2809e-02, -6.3661e-02, +8.8757e-02, -1.2514e-02, -5.4336e-02, -6.6017e-02, +4.5593e-02, -3.7735e-02, -2.2020e-03, +7.9954e-04, +8.3934e-03, +5.6809e-02, -1.0806e-01, -2.8373e-02, -1.1180e-01, -3.8273e-02, +3.5546e-02, +2.6814e-02, +5.7792e-03, -4.3620e-02, -4.7504e-02, -3.4176e-02, -2.6393e-02, +8.6886e-03, -6.9816e-02, -1.0667e-02, -1.6537e-02, -8.8238e-03, +5.3242e-02, -5.3336e-03, -6.0285e-02, -4.0645e-02, -2.3290e-02, +1.2875e-01, +7.7395e-03, +4.1595e-02
+6.9568e-02, +7.9899e-03, -8.1910e-02, -4.2903e-02, +5.4915e-02, -1.0000e+00, +3.0862e-02, +8.4191e-02, +9.9175e-02, -4.8296e-02, -1.2664e-01, +8.5505e-04, +1.0472e-01, -8.9608e-02, -9.1927e-02, +4.9981e-02, -1.0044e-02, -1.3146e-01, -8.1974e-02, -5.0718e-02, -9.1672e-02, -4.5137e-02, -2.9127e-02, +2.6808e-02, -4.3577e-02, -2.0987e-01, -6.7240e-02, -3.7180e-02, +7.7704e-04, -1.5831e-02, -1.4338e-01, +3.1441e-02, -4.8143e-03, +3.9829e-02, -6.3736e-02, +9.4307e-02, -1.2273e-01, -8.6153e-02, +6.5451e-02, -2.2802e-02, -1.3187e-01, +3.4243e-02, -2.8434e-03, +2.0864e-02, +8.3036e-03, +2.0477e-02, -4.4471e-02, +5.2024e-02, +1.5799e-02, -7.2652e-02
+7.9442e-02, -3.5396e-02, +2.0608e-02, +4.9526e-02, +5.9989e-03, +3.0862e-02, -1.0000e+00, +1.7523e-03, -9.5438e-02, -7.6981e-04, +1.2441e-02, +3.3230e-02, +6.6510e-02, -5.3798e-03, +1.6285e-02, +3.6313e-02, -4.6601e-02, +4.4702e-02, +1.1420e-01, +3.8644e-02, -4.6508e-02, +3.6246e-02, -3.7399e-04, -7.3274e-02, -2.3939e-02, +7.9761e-02, -1.3416e-02, -7.6619e-03, +8.3028e-02, +9.3753e-02, -2.9181e-02, -1.6845e-02, +1.8475e-02, -5.4723e-02, +1.6455e-02, +6.7700e-02, +7.9690e-03, +2.6082e-02, +3.5133e-02, -1.9622e-02, +3.5672e-02, +6.3705e-03, -9.7669e-02, -5.9384e-02, +3.2431e-02, -8.4097e-02, +4.6118e-02, -9.5867e-02, -2.0963e-02, -4.8910e-02
+3.8108e-02, -1.1573e-01, +2.9436e-02, +1.9826e-02, -4.5990e-03, +8.4191e-02, +1.7523e-03, -1.0000e+00, -2.3649e-02, +5.6906e-02, -4.5056e-02, +4.9161e-03, -8.9005e-02, +5.8404e-02, -1.9336e-02, +8.2594e-02, -8.9102e-03, +8.7517e-02, +1.0749e-01, -1.6028e-02, -8.9043e-02, +3.9687e-02, +4.5265e-02, -2.9602e-02, +3.1722e-02, +6.5065e-02, -5.1944e-02, -4.3937e-02, -3.8425e-03, +4.7085e-02, -4.7230e-03, -3.2945e-02, +5.2717e-02, +7.5629e-02, +1.6641e-02, +5.2337e-02, -1.9813e-02, +1.7925e-02, +5.9281e-02, +1.3940e-02, -1.2134e-02, -5.5775e-02, -5.6964e-02, -3.2136e-02, -2.9854e-02, +4.9339e-02, -1.6022e-02, -2.7744e-01, +1.0419e-02, -3.5588e-02
-8.9331e-02, +6.6902e-02, -2.7616e-02, +4.3695e-02, -1.7183e-04, +9.9175e-02, -9.5438e-02, -2.3649e-02, -1.0000e+00, -2.0567e-02, +1.3532e-01, -4.4263e-02, -2.3848e-02, -2.9828e-02, -2.3950e-02, -4.0782e-02, +3.8330e-02, +1.0497e-01, +7.9493e-02, -5.9239e-02, +4.6415e-02, -7.8992e-03, -2.8938e-02, +1.8605e-02, -4.3574e-02, +2.7733e-02, +9.1005e-02, -1.0896e-03, +8.7246e-02, +4.9998e-02, +4.7092e-02, -6.3425e-02, -8.4744e-02, -1.9168e-02, +7.0923e-02, -8.0029e-02, +3.4487e-02, +2.8189e-02, +1.1538e-01, -1.3853e-02, +1.1634e-01, +1.1580e-03, +6.6521e-03, -7.9999e-02, -7.4230e-02, +5.2303e-03, +6.9425e-02, +5.2479e-02, -2.0910e-02, +3.0449e-03
+2.3137e-02, +1.0694e-01, +9.9046e-02, +7.3811e-02, +8.4362e-02, -4.8296e-02, -7.6981e-04, +5.6906e-02, -2.0567e-02, -1.0000e+00, -5.9927e-02, +1.1740e-01, +1.2876e-02, -3.9970e-02, +9.9822e-02, -3.7835e-02, +1.4930e-01, +1.1229e-01, +4.6995e-02, +4.3908e-02, -1.1363e-01, -6.5217e-02, +1.6160e-01, -1.0800e-01, +6.0733e-02, +1.4472e-01, -2.9282e-02, +1.1145e-01, +6.7071e-02, -4.9636e-04, -4.1437e-02, -6.5193e-03, +4.1814e-02, -1.8872e-02, -3.4363e-02, +1.0583e-02, +5.5987e-02, +9.2058e-02, +2.9380e-02, +8.9412e-02, +5.7548e-02, -8.4828e-02, +8.9575e-02, -2.3385e-02, +1.2420e-01, +7.7380e-02, +1.8967e-01, +8.6692e-02, +1.1130e-02, +6.1126e-02
+6.2746e-02, +4.9631e-02, -1.0199e-01, -1.2144e-01, +3.1937e-02, -1.2664e-01, +1.2441e-02, -4.5056e-02, +1.3532e-01, -5.9927e-02, -1.0000e+00, +3.1073e-02, -4.9871e-02, +1.3586e-02, -1.7752e-02, +2.5118e-02, +2.6534e-02, -1.1172e-01, -3.1170e-02, -3.4678e-02, -1.0751e-01, +2.8148e-02, -4.8262e-02, +6.8041e-02, -2.4394e-02, -1.1103e-01, -2.9982e-02, -7.5788e-02, -6.0759e-02, +3.3188e-05, -2.9186e-02, -1.9187e-03, +7.9080e-02, -3.1328e-02, +4.2751e-02, +7.3161e-02, -4.5068e-02, -4.4123e-02, -4.3096e-02, -1.1012e-02, -1.0295e-01, -6.5306e-03, -9.3213e-02, -7.2212e-02, -1.6558e-02, -3.0781e-03, -3.2904e-02, +1.5638e-02, +1.7006e-02, +5.3054e-02
-1.0120e-01, -1.2724e-01, -3.2702e-02, -6.4356e-02, -7.1237e-02, +8.5504e-04, +3.3230e-02, +4.9161e-03, -4.4263e-02, +1.1740e-01, +3.1073e-02, -1.0000e+00, +9.2290e-02, +4.9279e-02, -8.6701e-02, -8.5248e-03, +7.2371e-02, +6.5855e-02, +1.7048e-02, +5.1403e-02, +3.0123e-02, -6.0193e-02, +7.1594e-02, -7.6740e-02, -1.4341e-01, +2.8727e-02, -8.4266e-02, -1.5932e-02, -5.9211e-03, -1.0522e-02, -6.3549e-02, -1.0654e-01, +3.5737e-02, -7.2599e-02, +3.7333e-02, +1.2175e-01, -6.4276e-02, -5.5045e-02, -3.5911e-02, -3.5098e-02, -7.5535e-02, +5.2966e-04, -5.7391e-02, -1.1418e-01, +1.5813e-01, +4.6631e-02, -5.9224e-02, -1.5010e-01, +7.1434e-04, -6.2059e-02
+1.1090e-01, +1.0798e-01, -2.2850e-02, -3.5242e-02, -5.8023e-02, +1.0472e-01, +6.6510e-02, -8.9005e-02, -2.3848e-02, +1.2876e-02, -4.9871e-02, +9.2290e-02, -1.0000e+00, +1.4257e-01, +2.1810e-02, -7.8217e-03, +2.2709e-02, +1.0219e-01, +1.6404e-01, -4.8109e-02, +3.7786e-02, +8.7686e-02, -1.9553e-02, +2.1502e-02, +8.1627e-02, +1.4827e-01, +1.8217e-02, +1.0261e-01, +6.7062e-02, +3.5903e-02, +9.4172e-02, -6.7016e-03, +9.5534e-02, -4.5810e-02, +3.2669e-03, +5.0849e-02, +9.1106e-02, +2.3021e-01, +6.7601e-02, -6.7472e-02, -5.8455e-02, +5.9241e-02, -4.3105e-02, +6.1798e-02, -1.7985e-02, +5.5328e-02, +1.9823e-01, -2.5130e-01, +2.8887e-02, +2.5806e-02
-5.2847e-02, +8.1318e-03, +3.6244e-02, -3.4090e-02, +5.4890e-02, -8.9608e-02, -5.3798e-03, +5.8404e-02, -2.9828e-02, -3.9970e-02, +1.3586e-02, +4.9279e-02, +1.4257e-01, -1.0000e+00, -5.1562e-02, -5.8829e-03, +1.2739e-01, -9.6674e-02, -1.3308e-01, +6.2865e-02, +1.4805e-02, -5.2914e-02, +5.8104e-02, +2.1171e-02, -5.5153e-03, -1.4518e-01, +8.8622e-02, +6.8503e-02, +8.2957e-02, -4.8360e-02, -3.5965e-02, -1.2215e-02, +5.9609e-02, +1.8047e-02, -3.3443e-02, +4.9439e-02, -7.0802e-02, -6.5937e-02, +6.1227e-02, -4.0252e-02, +7.8232e-02, +7.6053e-02, +2.9361e-02, -1.1834e-02, -4.3791e-02, +6.4571e-02, +3.0390e-02, +5.2021e-02, +1.1092e-02, -2.5871e-02
-5.0270e-02, +5.0265e-02, +6.8488e-02, -9.7074e-02, -3.2809e-02, -9.1927e-02, +1.6285e-02, -1.9336e-02, -2.3950e-02, +9.9822e-02, -1.7752e-02, -8.6701e-02, +2.1810e-02, -5.1562e-02, -1.0000e+00, -3.0922e-02, +5.2722e-02, -8.8121e-02, -1.0521e-01, -4.0429e-02, +4.5696e-02, -1.6800e-03, -4.0873e-02, -5.2019e-02, -6.9583e-02, -5.8656e-03, +2.4554e-02, -6.0192e-02, -4.5007e-02, +1.3780e-02, -1.4396e-02, -4.3227e-02, +2.4942e-02, +2.7796e-02, -3.5795e-02, +9.5358e-03, +3.8330e-02, +1.5168e-02, -2.0937e-02, -4.0682e-02, -1.3244e-01, +9.1191e-02, +5.5722e-02, -4.4481e-02, -3.4970e-02, -3.4571e-02, +3.4493e-02, +1.0210e-01, +2.8844e-03, +3.7193e-02
-8.4943e-02, +4.2772e-02, +4.4520e-02, +5.3569e-02, -6.3661e-02, +4.9981e-02, +3.6313e-02, +8.2594e-02, -4.0782e-02, -3.7835e-02, +2.5118e-02, -8.5247e-03, -7.8217e-03, -5.8829e-03, -3.0922e-02, -1.0000e+00, +1.0268e-01, -5.3007e-02, -4.5963e-02, -3.9104e-02, +4.3492e-02, -7.6194e-02, +7.6325e-02, -4.3555e-03, +6.1181e-02, +1.2014e-01, +1.1142e-01, +4.8145e-02, +9.5117e-02, -4.1787e-02, -5.4801e-02, +3.9297e-02, +8.5362e-02, -1.1612e-01, -5.1807e-02, -4.0127e-02, +2.6436e-02, +3.9245e-02, +2.9401e-02, +3.6761e-03, +2.3197e-02, +7.3078e-02, +1.9381e-03, +9.2536e-03, -5.2766e-02, +3.0181e-02, +3.6529e-02, +2.7626e-01, -5.5094e-02, -7.4440e-03
+1.3748e-01, -1.6185e-02, -7.5723e-02, +6.4609e-02, +8.8757e-02, -1.0044e-02, -4.6601e-02, -8.9102e-03, +3.8330e-02, +1.4930e-01, +2.6534e-02, +7.2371e-02, +2.2708e-02, +1.2739e-01, +5.2722e-02, +1.0268e-01, -1.0000e+00, -5.2965e-02, +2.0212e-02, +7.5429e-03, -7.0584e-02, +4.1051e-02, -5.6357e-02, +3.6515e-02, -2.4948e-03, -2.1252e-02, -5.0727e-02, -6.5242e-02, +1.1752e-02, +3.6079e-03, +8.5694e-03, -1.4242e-01, -3.2931e-02, -6.2598e-02, +2.7651e-02, +2.0411e-02, -3.7944e-02, +2.4030e-02, -1.9872e-02, +2.9334e-02, -1.2186e-01, -2.0820e-02, -1.3078e-01, +1.5408e-02, -1.6870e-02, +6.0118e-02, -3.4225e-02, -1.9626e-01, +3.3817e-03, +3.4379e-02
+2.4655e-02, -6.1570e-02, +3.5922e-03, -5.8369e-02, -1.2514e-02, -1.3146e-01, +4.4702e-02, +8.7517e-02, +1.0497e-01, +1.1229e-01, -1.1172e-01, +6.5855e-02, +1.0219e-01, -9.6674e-02, -8.8121e-02, -5.3007e-02, -5.2965e-02, -1.0000e+00, +1.6357e-02, -1.8253e-02, -8.1377e-03, +1.1763e-02, -1.1469e-02, +6.1109e-02, -9.6619e-02, -8.7593e-02, +1.6682e-02, -3.5175e-02, -1.7166e-03, -5.6862e-02, -1.1214e-01, -3.3799e-02, +2.9621e-02, +4.2979e-02, -3.2064e-03, -6.7572e-02, -4.3695e-03, -1.8171e-01, -1.0285e-03, +1.8260e-02, -2.2590e-02, +3.0702e-02, +6.7139e-03, +2.1901e-03, -3.6084e-02, +9.7513e-02, -3.0241e-02, +1.6287e-01, +3.0879e-02, -2.8775e-02
-3.7031e-02, +7.1904e-02, +2.2145e-02, +5.5734e-02, -5.4336e-02, -8.1974e-02, +1.1420e-01, +1.0749e-01, +7.9493e-02, +4.6995e-02, -3.1170e-02, +1.7048e-02, +1.6404e-01, -1.3308e-01, -1.0521e-01, -4.5963e-02, +2.0212e-02, +1.6357e-02, -1.0000e+00, -1.1283e-01, +1.3418e-03, +2.3778e-02, +5.9702e-03, -9.4048e-03, -8.1181e-02, -7.0306e-02, -6.4624e-02, -6.0734e-02, -3.1119e-02, -6.4412e-02, -2.3224e-02, +5.7149e-02, -7.0756e-03, -3.4405e-03, +3.5895e-02, -1.2442e-02, -1.7419e-02, -1.0778e-01, -1.1433e-01, -1.9383e-02, -2.7221e-02, +4.8742e-02, +9.0287e-02, +5.9655e-02, -2.2018e-02, -2.9140e-02, -3.6982e-02, +1.2660e-01, +4.1552e-02, -6.9290e-02
+8.6798e-02, -1.7010e-02, -3.7424e-02, -1.8907e-02, -6.6017e-02, -5.0718e-02, +3.8644e-02, -1.6028e-02, -5.9239e-02, +4.3908e-02, -3.4678e-02, +5.1403e-02, -4.8109e-02, +6.2865e-02, -4.0429e-02, -3.9104e-02, +7.5429e-03, -1.8253e-02, -1.1283e-01, -1.0000e+00, -3.1680e-02, -1.6611e-01, -1.6000e-02, -1.3296e-02, +2.9417e-02, +5.4380e-03, -6.5594e-02, -2.6369e-02, -1.3389e-01, -7.1041e-02, +3.8196e-02, -3.8433e-02, -3.8803e-02, +4.4075e-02, +1.8493e-02, -9.9707e-03, +3.3053e-02, -1.3312e-01, -4.6173e-02, +7.8481e-06, -6.8130e-02, -1.2088e-01, +9.7282e-03, +9.9949e-02, -1.1739e-02, +1.4574e-02, +1.5678e-02, +7.2028e-02, -7.1645e-03, +8.1002e-04
+8.6090e-02, -3.1657e-02, -3.9292e-02, +3.5857e-02, +4.5593e-02, -9.1672e-02, -4.6508e-02, -8.9043e-02, +4.6415e-02, -1.1363e-01, -1.0751e-01, +3.0123e-02, +3.7786e-02, +1.4805e-02, +4.5696e-02, +4.3492e-02, -7.0584e-02, -8.1377e-03, +1.3418e-03, -3.1680e-02, -1.0000e+00, +1.5254e-01, +4.1853e-02, +3.4864e-02, +8.8413e-03, +1.3086e-02, -1.6398e-01, +3.6024e-02, +1.5406e-02, -2.2786e-02, +4.0073e-02, +7.9731e-03, +5.8261e-02, -2.7418e-02, +2.6951e-02, +5.4931e-02, +7.5222e-03, +1.1542e-01, -1.8648e-02, -6.8420e-03, -2.7593e-02, -1.7344e-02, -1.7323e-01, -2.0063e-01, +2.1371e-02, +1.0456e-02, +8.6339e-03, -1.5160e-01, -1.6931e-02, -1.2751e-02
-1.4148e-02, -1.0132e-01, +6.1407e-02, +3.5351e-02, -3.7735e-02, -4.5137e-02, +3.6246e-02, +3.9687e-02, -7.8992e-03, -6.5217e-02, +2.8148e-02, -6.0193e-02, +8.7686e-02, -5.2914e-02, -1.6800e-03, -7.6194e-02, +4.1051e-02, +1.1763e-02, +2.3778e-02, -1.6611e-01, +1.5254e-01, -1.0000e+00, -3.6708e-03, -1.2193e-01, -8.6917e-02, -1.0237e-01, +1.3088e-02, -1.6360e-02, -6.0152e-02, -1.0177e-02, -1.9569e-02, -3.0373e-02, -2.8561e-02, -2.2213e-02, +1.3766e-01, -6.1142e-02, +7.6338e-02, -5.0046e-02, -6.0856e-02, -2.9021e-02, +1.0592e-03, -5.2350e-02, +8.4413e-02, -1.0816e-01, +8.5854e-03, +1.3314e-03, +8.1503e-02, +8.9907e-02, -4.6559e-02, +2.8605e-02
+9.6668e-03, +9.1989e-05, -5.1816e-03, -6.2780e-02, -2.2020e-03, -2.9127e-02, -3.7399e-04, +4.5265e-02, -2.8938e-02, +1.6160e-01, -4.8262e-02, +7.1594e-02, -1.9553e-02, +5.8104e-02, -4.0873e-02, +7.6325e-02, -5.6357e-02, -1.1469e-02, +5.9702e-03, -1.6000e-02, +4.1853e-02, -3.6708e-03, -1.0000e+00, -6.1307e-03, +1.5649e-02, -2.7085e-02, +4.2391e-02, -4.0209e-02, -1.9177e-02, +2.4977e-02, +9.6255e-02, -8.1309e-02, -5.5996e-02, -9.4556e-02, -1.7414e-02, -5.9428e-03, -8.8644e-02, +6.7298e-03, +1.5322e-02, -8.9349e-03, -2.9632e-02, -7.2688e-04, -4.5480e-02, +7.8592e-02, -1.9904e-02, -8.6293e-03, -2.2606e-03, -1.6573e-02, +3.9481e-04, -8.7220e-02
+4.4212e-02, -2.7301e-02, -6.7078e-02, -8.8356e-02, +7.9954e-04, +2.6808e-02, -7.3274e-02, -2.9602e-02, +1.8605e-02, -1.0800e-01, +6.8041e-02, -7.6740e-02, +2.1502e-02, +2.1171e-02, -5.2019e-02, -4.3555e-03, +3.6515e-02, +6.1109e-02, -9.4048e-03, -1.3296e-02, +3.4864e-02, -1.2193e-01, -6.1307e-03, -1.0000e+00, +2.2350e-02, -4.2637e-02, -6.5742e-02, +7.7443e-03, +4.6271e-02, +2.9274e-02, -4.9150e-02, +2.4709e-02, +8.5703e-03, -1.3148e-02, -8.2607e-02, +2.3731e-02, -5.4212e-02, +6.6998e-02, -4.0839e-02, -9.1526e-02, +3.3586e-02, +5.9027e-02, -3.0831e-02, +9.2460e-02, +4.5929e-02, -5.9500e-02, -5.1630e-02, -3.8451e-02, -1.4517e-02, +1.9279e-02
-4.3087e-02, +3.3516e-03, -5.0674e-02, +1.8862e-02, +8.3934e-03, -4.3577e-02, -2.3939e-02, +3.1722e-02, -4.3574e-02, +6.0733e-02, -2.4394e-02, -1.4341e-01, +8.1627e-02, -5.5153e-03, -6.9583e-02, +6.1181e-02, -2.4948e-03, -9.6619e-02, -8.1181e-02, +2.9417e-02, +8.8413e-03, -8.6917e-02, +1.5649e-02, +2.2350e-02, -1.0000e+00, +1.4724e-02, -5.3243e-02, -2.4066e-02, +4.7920e-02, +3.0025e-03, -5.0647e-02, +6.5357e-02, +8.3216e-04, -4.4839e-02, -2.9112e-03, +4.2281e-02, +2.6190e-02, -5.0387e-02, -5.3935e-02, -1.3969e-02, -4.5160e-02, +7.5019e-02, +1.5421e-03, -1.8064e-02, -8.4790e-02, -1.7115e-01, +5.4269e-03, +9.8776e-02, +5.0870e-02, +4.4407e-02
-6.7007e-02, +5.5642e-02, -6.5295e-02, -1.0700e-01, +5.6809e-02, -2.0987e-01, +7.9761e-02, +6.5065e-02, +2.7733e-02, +1.4472e-01, -1.1103e-01, +2.8727e-02, +1.4827e-01, -1.4518e-01, -5.8656e-03, +1.2014e-01, -2.1252e-02, -8.7593e-02, -7.0306e-02, +5.4380e-03, +1.3086e-02, -1.0237e-01, -2.7085e-02, -4.2637e-02, +1.4724e-02, -1.0000e+00, -3.8988e-02, -4.9727e-02, +2.3015e-02, -6.1411e-02, -1.0603e-01, -1.2169e-02, +9.7429e-03, -3.7847e-02, +5.1588e-03, +3.4241e-02, -5.4882e-02, -2.0771e-03, +5.8330e-02, -7.9808e-02, -7.6097e-02, -1.5288e-02, -8.6695e-03, -8.3679e-02, +6.2295e-02, +7.5539e-03, -1.6293e-01, +2.9449e-02, -5.8680e-02, -4.2022e-02
+4.5802e-02, +2.5236e-02, -6.2980e-02, +2.3372e-02, -1.0806e-01, -6.7240e-02, -1.3416e-02, -5.1944e-02, +9.1005e-02, -2.9282e-02, -2.9982e-02, -8.4266e-02, +1.8218e-02, +8.8622e-02, +2.4554e-02, +1.1142e-01, -5.0727e-02, +1.6682e-02, -6.4624e-02, -6.5594e-02, -1.6398e-01, +1.3088e-02, +4.2391e-02, -6.5742e-02, -5.3243e-02, -3.8988e-02, -1.0000e+00, +3.2924e-02, -3.2859e-02, -3.7734e-02, -1.5289e-02, +4.3654e-02, -1.1991e-02, +1.3255e-02, +2.4305e-02, +6.2628e-02, -6.3983e-02, +4.5289e-02, -7.6754e-02, -8.9120e-03, -1.3484e-01, -3.7097e-02, +5.1148e-03, +1.5522e-02, +4.7273e-02, -2.5574e-02, -1.5087e-01, -1.8969e-01, -3.0384e-02, +8.5334e-03
-1.2769e-02, -8.8692e-02, -1.2907e-01, -7.1479e-02, -2.8373e-02, -3.7180e-02, -7.6619e-03, -4.3937e-02, -1.0896e-03, +1.1145e-01, -7.5788e-02, -1.5932e-02, +1.0261e-01, +6.8503e-02, -6.0192e-02, +4.8145e-02, -6.5242e-02, -3.5175e-02, -6.0734e-02, -2.6369e-02, +3.6024e-02, -1.6360e-02, -4.0209e-02, +7.7443e-03, -2.4066e-02, -4.9727e-02, +3.2924e-02, -1.0000e+00, -1.1014e-01, +8.7464e-02, -6.3638e-02, -1.5416e-02, -1.0686e-01, -1.2288e-02, +7.1487e-03, -2.4413e-02, +8.8344e-02, -1.2731e-01, -1.8656e-02, +7.4725e-02, -6.0561e-03, -5.4767e-02, -2.2809e-03, -4.4662e-02, -2.1069e-02, -6.2712e-02, -8.2127e-02, -2.3955e-02, +3.6183e-02, -3.2247e-02
+7.8278e-02, -3.8190e-02, +1.4023e-02, -5.6209e-02, -1.1180e-01, +7.7703e-04, +8.3028e-02, -3.8425e-03, +8.7246e-02, +6.7071e-02, -6.0759e-02, -5.9211e-03, +6.7062e-02, +8.2957e-02, -4.5007e-02, +9.5117e-02, +1.1752e-02, -1.7166e-03, -3.1119e-02, -1.3389e-01, +1.5406e-02, -6.0152e-02, -1.9177e-02, +4.6271e-02, +4.7920e-02, +2.3015e-02, -3.2859e-02, -1.1014e-01, -1.0000e+00, -6.2800e-02, -9.4852e-03, -1.4281e-03, -1.3316e-02, +3.9295e-02, -4.3197e-02, -4.2928e-02, +4.4157e-03, -1.2336e-01, +3.8657e-03, +4.4833e-02, +2.7210e-02, -9.1874e-02, +7.2054e-02, -6.5928e-02, +1.7339e-02, +5.0753e-02, -7.5638e-02, +2.8463e-02, -7.2156e-04, +2.4742e-02
+1.3916e-02, -1.9685e-02, +4.7228e-02, -8.4507e-02, -3.8273e-02, -1.5831e-02, +9.3753e-02, +4.7085e-02, +4.9998e-02, -4.9636e-04, +3.3176e-05, -1.0522e-02, +3.5903e-02, -4.8360e-02, +1.3780e-02, -4.1787e-02, +3.6079e-03, -5.6862e-02, -6.4412e-02, -7.1041e-02, -2.2786e-02, -1.0177e-02, +2.4977e-02, +2.9274e-02, +3.0025e-03, -6.1411e-02, -3.7734e-02, +8.7464e-02, -6.2800e-02, -1.0000e+00, -6.5958e-02, -1.1822e-02, -3.1232e-02, +4.1725e-02, +1.0135e-01, -6.0016e-02, +2.1282e-02, +3.6160e-03, -5.7909e-02, +2.1913e-02, -1.0299e-01, -6.3140e-02, +3.6782e-02, +7.2941e-04, +4.7820e-03, +2.0713e-02, -6.7241e-02, +7.1915e-02, -1.6276e-02, +5.7897e-02
+2.5358e-02, -6.5782e-02, +6.3665e-03, -1.9640e-02, +3.5546e-02, -1.4338e-01, -2.9181e-02, -4.7229e-03, +4.7092e-02, -4.1437e-02, -2.9186e-02, -6.3549e-02, +9.4172e-02, -3.5965e-02, -1.4396e-02, -5.4801e-02, +8.5694e-03, -1.1214e-01, -2.3224e-02, +3.8196e-02, +4.0073e-02, -1.9569e-02, +9.6255e-02, -4.9150e-02, -5.0647e-02, -1.0603e-01, -1.5289e-02, -6.3638e-02, -9.4852e-03, -6.5958e-02, -1.0000e+00, -8.4248e-03, -5.6877e-02, +1.3373e-02, -3.0871e-02, +3.5176e-02, +5.8352e-02, -1.4842e-01, +3.0910e-02, +5.7352e-02, -1.6067e-01, -2.1671e-02, +8.4749e-02, -1.3197e-01, -3.1306e-02, +6.1166e-02, -7.2526e-02, +1.2990e-01, +1.5919e-02, +1.5985e-02
+5.4899e-02, -2.4417e-02, -5.7689e-02, -5.3193e-03, +2.6814e-02, +3.1441e-02, -1.6845e-02, -3.2945e-02, -6.3425e-02, -6.5193e-03, -1.9187e-03, -1.0654e-01, -6.7016e-03, -1.2215e-02, -4.3227e-02, +3.9297e-02, -1.4242e-01, -3.3799e-02, +5.7149e-02, -3.8433e-02, +7.9731e-03, -3.0373e-02, -8.1309e-02, +2.4709e-02, +6.5357e-02, -1.2169e-02, +4.3654e-02, -1.5416e-02, -1.4281e-03, -1.1822e-02, -8.4248e-03, -1.0000e+00, -1.7062e-01, +1.2821e-01, -5.9027e-02, +2.9049e-02, +1.3973e-02, -2.6254e-02, +1.5317e-02, +2.5113e-02, -1.9140e-03, -2.1312e-01, -1.3823e-02, -1.1172e-02, +5.7194e-02, +5.8259e-04, +4.0164e-03, -1.8221e-02, -1.3409e-02, -2.4334e-04
-6.5826e-02, +3.1662e-02, -5.7333e-02, -3.8696e-02, +5.7792e-03, -4.8143e-03, +1.8475e-02, +5.2717e-02, -8.4744e-02, +4.1814e-02, +7.9080e-02, +3.5737e-02, +9.5534e-02, +5.9609e-02, +2.4942e-02, +8.5362e-02, -3.2931e-02, +2.9621e-02, -7.0756e-03, -3.8803e-02, +5.8261e-02, -2.8561e-02, -5.5996e-02, +8.5703e-03, +8.3216e-04, +9.7429e-03, -1.1991e-02, -1.0686e-01, -1.3316e-02, -3.1232e-02, -5.6877e-02, -1.7062e-01, -1.0000e+00, -8.6191e-03, -5.2612e-02, -1.5829e-01, +1.3997e-02, -3.0460e-02, +1.0061e-03, +7.8171e-02, -1.2498e-02, -1.4145e-01, +4.9691e-02, +9.2619e-02, -1.0908e-01, +3.9999e-03, -1.1755e-02, +9.8323e-02, -5.6697e-03, +1.2057e-02
+6.7398e-02, -2.6936e-03, -1.2734e-01, -5.7244e-02, -4.3620e-02, +3.9829e-02, -5.4723e-02, +7.5629e-02, -1.9168e-02, -1.8872e-02, -3.1328e-02, -7.2599e-02, -4.5810e-02, +1.8046e-02, +2.7796e-02, -1.1612e-01, -6.2598e-02, +4.2979e-02, -3.4405e-03, +4.4075e-02, -2.7418e-02, -2.2213e-02, -9.4556e-02, -1.3148e-02, -4.4839e-02, -3.7847e-02, +1.3255e-02, -1.2288e-02, +3.9295e-02, +4.1725e-02, +1.3373e-02, +1.2821e-01, -8.6191e-03, -1.0000e+00, +4.8512e-03, +1.3484e-02, +2.7191e-02, +6.6545e-02, -1.1884e-04, -6.9739e-02, +2.3251e-02, +6.8557e-02, -6.1232e-02, -7.8189e-02, -4.4578e-02, -9.5621e-02, +5.1708e-02, +3.2238e-02, -2.3497e-02, +5.9801e-02
+3.2892e-02, +1.0452e-02, -5.8736e-02, +4.8000e-02, -4.7504e-02, -6.3736e-02, +1.6455e-02, +1.6641e-02, +7.0923e-02, -3.4363e-02, +4.2751e-02, +3.7333e-02, +3.2669e-03, -3.3443e-02, -3.5795e-02, -5.1807e-02, +2.7651e-02, -3.2064e-03, +3.5895e-02, +1.8493e-02, +2.6951e-02, +1.3766e-01, -1.7414e-02, -8.2607e-02, -2.9112e-03, +5.1588e-03, +2.4305e-02, +7.1487e-03, -4.3197e-02, +1.0135e-01, -3.0871e-02, -5.9027e-02, -5.2612e-02, +4.8511e-03, -1.0000e+00, +7.9179e-02, -6.8293e-02, +4.0188e-02, -7.6249e-02, +1.0090e-03, +4.5546e-02, +3.0171e-02, +1.4753e-02, +5.1669e-02, +1.3543e-02, -5.9138e-02, +5.3640e-02, +1.5102e-02, -1.3373e-02, -1.4751e-02
-6.2617e-02, +1.1171e-01, +1.0746e-01, -2.4057e-02, -3.4176e-02, +9.4307e-02, +6.7700e-02, +5.2337e-02, -8.0029e-02, +1.0583e-02, +7.3161e-02, +1.2175e-01, +5.0849e-02, +4.9439e-02, +9.5358e-03, -4.0127e-02, +2.0411e-02, -6.7572e-02, -1.2442e-02, -9.9707e-03, +5.4931e-02, -6.1142e-02, -5.9428e-03, +2.3731e-02, +4.2281e-02, +3.4241e-02, +6.2628e-02, -2.4413e-02, -4.2928e-02, -6.0016e-02, +3.5176e-02, +2.9049e-02, -1.5829e-01, +1.3484e-02, +7.9179e-02, -1.0000e+00, +9.4721e-02, +2.9715e-02, +4.3901e-02, -1.0710e-01, +1.6481e-02, -1.4769e-01, +2.1547e-02, +4.9381e-02, +2.0444e-01, +5.1492e-04, -9.0897e-03, +2.8670e-01, -4.1013e-02, +1.9131e-01
-1.8891e-02, +6.9227e-02, -9.0487e-02, -3.5705e-02, -2.6393e-02, -1.2273e-01, +7.9690e-03, -1.9812e-02, +3.4487e-02, +5.5987e-02, -4.5068e-02, -6.4276e-02, +9.1106e-02, -7.0802e-02, +3.8330e-02, +2.6436e-02, -3.7944e-02, -4.3695e-03, -1.7419e-02, +3.3053e-02, +7.5222e-03, +7.6338e-02, -8.8644e-02, -5.4212e-02, +2.6190e-02, -5.4882e-02, -6.3983e-02, +8.8344e-02, +4.4157e-03, +2.1282e-02, +5.8352e-02, +1.3973e-02, +1.3997e-02, +2.7191e-02, -6.8293e-02, +9.4721e-02, -1.0000e+00, -7.5427e-03, -4.2866e-03, -4.8584e-02, +1.9368e-02, +7.8543e-02, -1.5183e-03, +1.7482e-01, -4.6026e-03, -1.6568e-02, -6.6127e-02, -1.9437e-02, +1.1192e-02, +3.2661e-03
-7.8302e-02, -1.0988e-01, +4.7862e-02, -8.5428e-02, +8.6886e-03, -8.6153e-02, +2.6082e-02, +1.7925e-02, +2.8189e-02, +9.2058e-02, -4.4123e-02, -5.5046e-02, +2.3021e-01, -6.5937e-02, +1.5168e-02, +3.9245e-02, +2.4030e-02, -1.8171e-01, -1.0778e-01, -1.3312e-01, +1.1541e-01, -5.0046e-02, +6.7298e-03, +6.6998e-02, -5.0387e-02, -2.0771e-03, +4.5289e-02, -1.2731e-01, -1.2336e-01, +3.6161e-03, -1.4842e-01, -2.6254e-02, -3.0460e-02, +6.6545e-02, +4.0188e-02, +2.9715e-02, -7.5427e-03, -1.0000e+00, -4.2026e-02, +2.8121e-02, +5.4899e-02, -9.6263e-02, +1.1140e-01, -7.2520e-02, -2.0761e-02, +9.4419e-03, -1.5521e-01, +2.1150e-01, +3.9155e-02, -8.2904e-02
-4.6747e-02, +4.5679e-02, -3.5047e-02, +4.8522e-02, -6.9816e-02, +6.5451e-02, +3.5133e-02, +5.9281e-02, +1.1538e-01, +2.9380e-02, -4.3096e-02, -3.5911e-02, +6.7601e-02, +6.1227e-02, -2.0937e-02, +2.9401e-02, -1.9872e-02, -1.0285e-03, -1.1433e-01, -4.6173e-02, -1.8648e-02, -6.0856e-02, +1.5322e-02, -4.0839e-02, -5.3935e-02, +5.8330e-02, -7.6754e-02, -1.8656e-02, +3.8657e-03, -5.7909e-02, +3.0910e-02, +1.5317e-02, +1.0061e-03, -1.1885e-04, -7.6249e-02, +4.3901e-02, -4.2866e-03, -4.2026e-02, -1.0000e+00, +1.6299e-02, -9.0317e-03, +7.3940e-02, -1.0524e-02, -3.5933e-03, +1.7424e-02, -2.4262e-02, -1.0868e-01, +4.4158e-02, +2.3220e-02, -1.3004e-03
+7.1995e-03, +7.9336e-03, -1.3997e-02, +3.7013e-02, -1.0667e-02, -2.2802e-02, -1.9622e-02, +1.3940e-02, -1.3853e-02, +8.9412e-02, -1.1012e-02, -3.5098e-02, -6.7472e-02, -4.0252e-02, -4.0682e-02, +3.6761e-03, +2.9334e-02, +1.8260e-02, -1.9383e-02, +7.8652e-06, -6.8421e-03, -2.9021e-02, -8.9349e-03, -9.1526e-02, -1.3969e-02, -7.9808e-02, -8.9120e-03, +7.4725e-02, +4.4833e-02, +2.1912e-02, +5.7352e-02, +2.5113e-02, +7.8171e-02, -6.9739e-02, +1.0090e-03, -1.0710e-01, -4.8584e-02, +2.8121e-02, +1.6299e-02, -1.0000e+00, -4.8090e-02, +5.6672e-02, -6.2239e-02, +2.7448e-02, +5.3661e-03, -7.2529e-02, +1.1951e-02, +2.1203e-02, -1.7699e-03, +1.3431e-02
+3.8651e-02, -1.0782e-02, -8.5161e-02, -2.6766e-02, -1.6537e-02, -1.3187e-01, +3.5672e-02, -1.2134e-02, +1.1634e-01, +5.7548e-02, -1.0295e-01, -7.5535e-02, -5.8455e-02, +7.8232e-02, -1.3244e-01, +2.3197e-02, -1.2186e-01, -2.2590e-02, -2.7221e-02, -6.8130e-02, -2.7593e-02, +1.0593e-03, -2.9632e-02, +3.3586e-02, -4.5160e-02, -7.6097e-02, -1.3484e-01, -6.0561e-03, +2.7210e-02, -1.0299e-01, -1.6067e-01, -1.9140e-03, -1.2498e-02, +2.3251e-02, +4.5546e-02, +1.6481e-02, +1.9368e-02, +5.4899e-02, -9.0317e-03, -4.8090e-02, -1.0000e+00, +6.8799e-02, -1.3040e-01, +4.5095e-02, +8.3333e-02, -1.4099e-03, -3.6067e-02, -1.5738e-02, +1.8223e-02, +5.4669e-02
+5.5604e-03, -3.4467e-02, +2.3804e-02, +1.7594e-02, -8.8238e-03, +3.4243e-02, +6.3705e-03, -5.5775e-02, +1.1580e-03, -8.4828e-02, -6.5306e-03, +5.2966e-04, +5.9241e-02, +7.6053e-02, +9.1191e-02, +7.3078e-02, -2.0820e-02, +3.0702e-02, +4.8742e-02, -1.2088e-01, -1.7344e-02, -5.2350e-02, -7.2687e-04, +5.9027e-02, +7.5019e-02, -1.5288e-02, -3.7097e-02, -5.4767e-02, -9.1874e-02, -6.3140e-02, -2.1671e-02, -2.1312e-01, -1.4145e-01, +6.8557e-02, +3.0171e-02, -1.4769e-01, +7.8543e-02, -9.6263e-02, +7.3940e-02, +5.6672e-02, +6.8799e-02, -1.0000e+00, +7.9480e-02, -1.5702e-01, -4.1203e-03, +9.4636e-02, -8.6864e-02, -7.8403e-02, -7.3574e-03, -7.7559e-02
+1.7064e-01, +2.5788e-04, -8.4855e-02, +4.4713e-02, +5.3242e-02, -2.8434e-03, -9.7669e-02, -5.6964e-02, +6.6521e-03, +8.9575e-02, -9.3213e-02, -5.7391e-02, -4.3105e-02, +2.9361e-02, +5.5722e-02, +1.9381e-03, -1.3078e-01, +6.7139e-03, +9.0287e-02, +9.7282e-03, -1.7323e-01, +8.4413e-02, -4.5480e-02, -3.0831e-02, +1.5421e-03, -8.6695e-03, +5.1149e-03, -2.2809e-03, +7.2054e-02, +3.6782e-02, +8.4749e-02, -1.3823e-02, +4.9691e-02, -6.1232e-02, +1.4753e-02, +2.1547e-02, -1.5183e-03, +1.1140e-01, -1.0524e-02, -6.2239e-02, -1.3040e-01, +7.9480e-02, -1.0000e+00, +6.2030e-02, +3.1131e-02, -1.3321e-02, +1.8769e-02, -2.4655e-01, +4.0043e-02, +3.3951e-02
+1.9886e-02, -1.0411e-01, +1.3368e-02, +4.8452e-02, -5.3336e-03, +2.0864e-02, -5.9384e-02, -3.2136e-02, -7.9999e-02, -2.3385e-02, -7.2212e-02, -1.1418e-01, +6.1798e-02, -1.1834e-02, -4.4481e-02, +9.2536e-03, +1.5408e-02, +2.1901e-03, +5.9655e-02, +9.9949e-02, -2.0063e-01, -1.0816e-01, +7.8592e-02, +9.2461e-02, -1.8064e-02, -8.3679e-02, +1.5522e-02, -4.4662e-02, -6.5928e-02, +7.2941e-04, -1.3197e-01, -1.1172e-02, +9.2619e-02, -7.8189e-02, +5.1669e-02, +4.9381e-02, +1.7482e-01, -7.2520e-02, -3.5933e-03, +2.7448e-02, +4.5095e-02, -1.5702e-01, +6.2030e-02, -1.0000e+00, -6.5132e-02, +2.9630e-02, -5.5825e-02, -1.0346e-02, -3.9777e-02, -1.5649e-03
-6.5965e-03, +8.7983e-03, -1.3782e-03, +3.9139e-02, -6.0285e-02, +8.3036e-03, +3.2431e-02, -2.9854e-02, -7.4230e-02, +1.2420e-01, -1.6558e-02, +1.5813e-01, -1.7985e-02, -4.3791e-02, -3.4970e-02, -5.2766e-02, -1.6870e-02, -3.6084e-02, -2.2018e-02, -1.1739e-02, +2.1371e-02, +8.5854e-03, -1.9904e-02, +4.5929e-02, -8.4790e-02, +6.2295e-02, +4.7273e-02, -2.1069e-02, +1.7339e-02, +4.7820e-03, -3.1306e-02, +5.7194e-02, -1.0908e-01, -4.4578e-02, +1.3543e-02, +2.0444e-01, -4.6026e-03, -2.0761e-02, +1.7424e-02, +5.3661e-03, +8.3333e-02, -4.1203e-03, +3.1131e-02, -6.5132e-02, -1.0000e+00, -1.3001e-03, -2.5527e-02, +1.6030e-01, +1.5001e-02, +8.2411e-02
-9.9813e-02, -1.4899e-02, -6.0962e-02, -4.4572e-03, -4.0645e-02, +2.0477e-02, -8.4097e-02, +4.9339e-02, +5.2303e-03, +7.7380e-02, -3.0782e-03, +4.6631e-02, +5.5328e-02, +6.4571e-02, -3.4571e-02, +3.0181e-02, +6.0118e-02, +9.7513e-02, -2.9140e-02, +1.4574e-02, +1.0456e-02, +1.3314e-03, -8.6293e-03, -5.9500e-02, -1.7115e-01, +7.5539e-03, -2.5574e-02, -6.2712e-02, +5.0753e-02, +2.0713e-02, +6.1166e-02, +5.8259e-04, +3.9999e-03, -9.5621e-02, -5.9138e-02, +5.1492e-04, -1.6568e-02, +9.4419e-03, -2.4262e-02, -7.2529e-02, -1.4099e-03, +9.4636e-02, -1.3321e-02, +2.9630e-02, -1.3001e-03, -1.0000e+00, -5.3949e-02, +2.8178e-02, -1.7399e-02, -1.0038e-01
-9.2163e-02, -2.2045e-02, -3.3088e-02, -9.6227e-02, -2.3290e-02, -4.4471e-02, +4.6118e-02, -1.6022e-02, +6.9425e-02, +1.8967e-01, -3.2904e-02, -5.9224e-02, +1.9823e-01, +3.0390e-02, +3.4493e-02, +3.6529e-02, -3.4225e-02, -3.0241e-02, -3.6982e-02, +1.5678e-02, +8.6340e-03, +8.1503e-02, -2.2606e-03, -5.1630e-02, +5.4269e-03, -1.6293e-01, -1.5087e-01, -8.2127e-02, -7.5638e-02, -6.7241e-02, -7.2526e-02, +4.0164e-03, -1.1755e-02, +5.1708e-02, +5.3640e-02, -9.0897e-03, -6.6127e-02, -1.5521e-01, -1.0868e-01, +1.1951e-02, -3.6067e-02, -8.6864e-02, +1.8769e-02, -5.5825e-02, -2.5527e-02, -5.3949e-02, -1.0000e+00, -8.8571e-02, +5.6963e-03, -8.4000e-03
+2.1663e-01, -2.5002e-02, -1.3337e-01, +9.9767e-02, +1.2875e-01, +5.2024e-02, -9.5867e-02, -2.7744e-01, +5.2479e-02, +8.6692e-02, +1.5638e-02, -1.5010e-01, -2.5130e-01, +5.2021e-02, +1.0210e-01, +2.7626e-01, -1.9626e-01, +1.6287e-01, +1.2660e-01, +7.2028e-02, -1.5160e-01, +8.9907e-02, -1.6573e-02, -3.8451e-02, +9.8776e-02, +2.9449e-02, -1.8969e-01, -2.3955e-02, +2.8463e-02, +7.1915e-02, +1.2990e-01, -1.8221e-02, +9.8323e-02, +3.2238e-02, +1.5102e-02, +2.8670e-01, -1.9437e-02, +2.1150e-01, +4.4158e-02, +2.1203e-02, -1.5738e-02, -7.8403e-02, -2.4655e-01, -1.0346e-02, +1.6030e-01, +2.8178e-02, -8.8571e-02, -1.0000e+00, +1.2561e-02, +7.6375e-02
+1.5200e-02, +6.7658e-02, -4.8933e-02, +2.0749e-02, +7.7395e-03, +1.5799e-02, -2.0963e-02, +1.0419e-02, -2.0910e-02, +1.1130e-02, +1.7006e-02, +7.1435e-04, +2.8887e-02, +1.1092e-02, +2.8844e-03, -5.5094e-02, +3.3817e-03, +3.0879e-02, +4.1552e-02, -7.1645e-03, -1.6931e-02, -4.6559e-02, +3.9481e-04, -1.4517e-02, +5.0870e-02, -5.8680e-02, -3.0384e-02, +3.6183e-02, -7.2157e-04, -1.6276e-02, +1.5919e-02, -1.3409e-02, -5.6697e-03, -2.3497e-02, -1.3373e-02, -4.1013e-02, +1.1192e-02, +3.9155e-02, +2.3220e-02, -1.7699e-03, +1.8223e-02, -7.3574e-03, +4.0043e-02, -3.9777e-02, +1.5001e-02, -1.7399e-02, +5.6963e-03, +1.2561e-02, -1.0000e+00, +1.2099e-02
-1.7439e-02, -2.8735e-02, -7.8275e-03, +5.0692e-02, +4.1595e-02, -7.2652e-02, -4.8910e-02, -3.5588e-02, +3.0449e-03, +6.1126e-02, +5.3054e-02, -6.2059e-02, +2.5806e-02, -2.5871e-02, +3.7193e-02, -7.4440e-03, +3.4379e-02, -2.8775e-02, -6.9290e-02, +8.1001e-04, -1.2751e-02, +2.8605e-02, -8.7220e-02, +1.9279e-02, +4.4407e-02, -4.2022e-02, +8.5333e-03, -3.2247e-02, +2.4742e-02, +5.7897e-02, +1.5985e-02, -2.4334e-04, +1.2057e-02, +5.9801e-02, -1.4751e-02, +1.9131e-01, +3.2661e-03, -8.2904e-02, -1.3004e-03, +1.3431e-02, +5.4669e-02, -7.7559e-02, +3.3951e-02, -1.5649e-03, +8.2411e-02, -1.0038e-01, -8.4000e-03, +7.6375e-02, +1.2099e-02, -1.0000e+00
