-1.0000e+00, -7.2519e-02, -1.7623e-01, +4.8091e-02, -2.6691e-02, -7.4850e-03, +2.0282e-02, -8.3448e-02, -5.9464e-02, +2.4684e-02, +1.1044e-03, -9.7567e-02, +1.5609e-01, -9.9557e-02, -1.2866e-01, +5.1333e-02, -3.7641e-02, -9.0626e-03, -9.1991e-02, +2.6407e-02, -1.1473e-01, +6.3191e-02, -6.8921e-02, -1.0665e-01, +2.6899e-02, +3.8380e-03, -1.3751e-01, -1.1523e-01, +2.0242e-02, -4.7084e-03, -8.8930e-02, +5.8682e-02, -2.5193e-03, -1.3246e-02, +1.2002e-01, +6.1185e-02, +7.8237e-02, -1.2236e-01, -7.2394e-02, +3.4722e-02, -6.7748e-02, -2.5813e-02, -4.6880e-02, -8.1168e-02, -1.3414e-01, -1.1945e-02, -1.2471e-01, +2.6663e-01, +3.8085e-02, -8.0912e-03
-7.2520e-02, -1.0000e+00, -5.6802e-03, +2.0930e-02, +4.1847e-03, +7.9302e-02, +7.0758e-02, -8.5542e-02, +1.5375e-02, +8.4665e-02, -1.8762e-03, -1.0227e-02, +2.2280e-02, -5.7309e-02, -6.2351e-02, -3.3762e-02, -3.1600e-02, -3.5169e-02, +3.5548e-02, -2.5822e-02, +4.5554e-02, +9.0713e-02, -6.3213e-02, +1.0708e-02, -1.7990e-02, -6.7951e-03, -3.7238e-02, +5.7852e-03, -1.0185e-02, +1.9555e-02, -7.7623e-02, -4.4229e-02, -5.0841e-03, -1.5839e-03, +1.8285e-02, -1.6798e-03, -4.3806e-02, -6.4318e-02, -2.0184e-02, -2.2015e-02, -8.2285e-02, -2.6132e-03, -1.5392e-03, +5.0452e-02, +4.6603e-02, +1.6031e-02, -8.0283e-02, +1.3453e-01, +9.2125e-03, -7.8094e-02
-1.7623e-01, -5.6802e-03, -1.0000e+00, +2.0244e-02, -3.7722e-03, -1.2932e-01, +1.2290e-01, -2.3702e-02, +3.3169e-02, +1.8510e-01, -6.4662e-02, -1.5968e-01, +1.4283e-01, -1.8176e-02, -9.4002e-02, -2.9887e-02, -2.1916e-02, -4.2504e-02, -1.6185e-01, -9.5289e-02, -1.3258e-01, -9.4154e-02, -1.2580e-01, -9.0748e-02, -4.6568e-02, -4.0243e-02, -1.5785e-01, -1.6743e-01, +7.4973e-02, -2.2312e-02, -1.4719e-01, +4.9145e-02, -7.8035e-02, +3.7614e-02, +8.9609e-02, +1.3395e-01, +1.9627e-01, -8.3008e-02, -1.3720e-01, -6.9385e-02, -2.2930e-01, +5.9695e-02, -4.1985e-02, -8.4110e-02, -2.2572e-01, -1.2684e-02, +1.1462e-02, +3.5538e-01, +2.5091e-02, +2.5443e-02
+4.8091e-02, +2.0930e-02, +2.0244e-02, -1.0000e+00, +4.6952e-02, -7.5288e-02, -1.2721e-01, +6.0555e-02, +2.1593e-02, +6.7114e-02, -1.9007e-01, -1.0606e-01, +6.9435e-02, +1.6678e-01, -2.8595e-02, +7.0342e-02, +4.0965e-02, -8.0872e-02, -5.6930e-02, -7.0549e-02, -7.8071e-02, +6.7285e-03, -4.8930e-02, -9.4916e-02, -9.0736e-02, -1.7014e-01, -7.2797e-02, -6.9268e-03, -1.6574e-02, -8.6417e-02, -1.8120e-02, -5.7632e-02, -1.2985e-02, -6.4403e-03, +6.0398e-02, +6.1658e-03, +1.3790e-01, -3.0196e-02, -9.4467e-02, +8.4030e-02, -1.2549e-01, -1.2386e-01, -2.2080e-02, -7.9055e-02, -4.9629e-02, -5.7009e-02, +7.9339e-03, -1.3577e-02, +6.1744e-02, +1.2104e-01
-2.6691e-02, +4.1847e-03, -3.7722e-03, +4.6952e-02, -1.0000e+00, -1.0469e-01, +7.2071e-03, -1.4931e-02, +1.9033e-02, +9.2611e-03, +5.0788e-02, -4.2122e-02, +7.9271e-02, +1.8447e-03, -8.1705e-02, +9.3633e-03, +4.8047e-03, -6.9304e-02, -6.0814e-02, -7.1405e-05, -1.0004e-01, -2.8232e-02, -4.3683e-02, -8.5410e-02, +3.2555e-03, +7.3620e-02, -8.6533e-02, -5.2276e-02, -5.3546e-02, -7.6891e-02, +9.0509e-02, +5.7238e-02, -9.6691e-02, -1.3466e-02, -3.4732e-02, -2.1458e-02, +1.0030e-01, +2.4938e-02, +3.7196e-02, +8.6338e-02, +2.4091e-02, +1.7152e-01, -2.3819e-02, +4.2556e-03, -6.6533e-02, +2.1966e-02, -5.4788e-02, +1.0029e-01, -1.8479e-02, +6.8769e-03
-7.4850e-03, +7.9302e-02, -1.2932e-01, -7.5288e-02, -1.0469e-01, -1.0000e+00, -6.0591e-02, +1.9076e-02, -1.7025e-02, +3.6536e-02, -2.7455e-02, -1.9844e-02, +1.0929e-01, +4.4592e-02, -1.6615e-01, +1.2215e-01, -3.1416e-02, +4.9782e-02, -1.8738e-01, +1.4147e-02, -8.6605e-02, -3.8978e-03, +1.5335e-02, -1.9197e-01, -3.2130e-02, +8.8155e-03, -1.6149e-01, -1.2421e-01, -7.9634e-02, -6.4415e-02, -1.6748e-01, +1.7780e-01, -3.8330e-02, +6.0175e-03, +1.6037e-01, -9.3483e-03, +1.8269e-01, -3.7549e-02, -9.3763e-02, +1.0002e-04, +1.3552e-03, +3.1624e-02, -2.9374e-02, -7.6309e-02, -1.0475e-01, -3.9897e-02, -1.1872e-01, +6.5163e-02, -1.5738e-02, +1.1559e-01
+2.0282e-02, +7.0758e-02, +1.2290e-01, -1.2721e-01, +7.2071e-03, -6.0591e-02, -1.0000e+00, -3.7606e-02, -4.7846e-02, +6.6585e-02, -8.1592e-02, +1.0769e-01, +9.6485e-02, -3.8266e-02, -2.2687e-02, +1.4244e-01, +1.6570e-02, -1.2275e-01, +5.8391e-02, +4.7937e-02, +9.7079e-02, +1.2076e-01, +4.9375e-02, -9.4819e-02, +3.5346e-02, -1.7717e-02, -1.9205e-02, -4.7292e-02, +1.4213e-02, -7.6208e-02, +6.2929e-02, +9.8931e-02, -1.2811e-02, +2.6334e-02, -5.0491e-03, -1.0719e-01, +3.9118e-02, +1.0178e-01, +9.1803e-03, +1.9886e-01, +6.7880e-02, -6.0756e-02, +6.9673e-02, -7.7395e-02, +1.0231e-01, -2.8807e-02, -2.4988e-02, -2.7674e-01, -3.6998e-02, +1.4756e-01
-8.3448e-02, -8.5542e-02, -2.3702e-02, +6.0555e-02, -1.4931e-02, +1.9076e-02, -3.7606e-02, -1.0000e+00, -9.9018e-02, +8.2634e-02, -3.1369e-02, -7.3080e-03, +7.1015e-02, +1.9124e-02, -3.8036e-02, +3.7851e-02, -7.1770e-02, -1.1314e-01, +4.5545e-02, +7.9492e-03, -3.8636e-02, -2.6202e-02, -2.1786e-02, +7.7498e-02, +1.6417e-02, +6.6318e-02, -4.5748e-02, -4.3682e-02, +1.4017e-02, -4.2876e-02, +1.0115e-02, -4.1872e-02, +1.9116e-02, +1.0752e-02, +5.5469e-02, +1.7732e-02, -7.3033e-02, -1.3473e-02, +2.3519e-02, +1.8529e-02, -4.8846e-02, +9.7514e-03, -8.1703e-03, +5.5326e-02, -5.9963e-02, +1.9256e-01, -2.1400e-02, -2.6053e-02, +4.7724e-02, -3.2129e-02
-5.9464e-02, +1.5375e-02, +3.3169e-02, +2.1593e-02, +1.9033e-02, -1.7025e-02, -4.7846e-02, -9.9018e-02, -1.0000e+00, +2.7616e-02, +4.2299e-02, +3.7149e-02, +2.6912e-02, -9.1013e-03, +1.0001e-01, +7.9023e-02, -1.5328e-02, -2.7950e-02, +3.1154e-03, +2.8551e-03, +7.7859e-02, -9.5762e-03, +2.0858e-02, -4.1888e-03, -7.0168e-02, +6.6605e-02, +4.2796e-02, -1.2711e-02, +2.2486e-02, -5.6597e-02, +1.0261e-02, +2.5595e-02, +2.0401e-02, +6.7311e-02, -3.8363e-03, -2.7806e-02, +1.2828e-01, +8.3284e-02, +2.8491e-02, +8.7736e-02, +6.8477e-02, -4.0546e-02, -5.4377e-02, +7.4782e-03, -4.1846e-02, +4.5244e-02, +2.3350e-03, -1.1955e-01, +8.4489e-02, +6.9527e-02
+2.4684e-02, +8.4665e-02, +1.8510e-01, +6.7114e-02, +9.2611e-03, +3.6536e-02, +6.6585e-02, +8.2634e-02, +2.7616e-02, -1.0000e+00, -4.2286e-02, +2.3045e-01, +6.2467e-02, +2.4954e-02, +1.7999e-01, -2.3087e-03, +1.0753e-01, +2.4718e-02, -4.9809e-02, -8.5029e-03, +3.9728e-02, +4.8207e-02, +1.0681e-01, -2.0444e-01, +8.7963e-03, +8.7008e-02, -5.7077e-02, +8.0237e-02, +8.4281e-02, +7.1268e-02, -3.8032e-02, +5.5701e-02, +3.1384e-02, +1.4179e-02, -2.7936e-03, +6.0431e-02, -4.5421e-02, +5.6629e-02, +4.1859e-02, +8.4250e-02, +9.1664e-02, +3.8736e-03, +5.6370e-03, +1.1639e-01, +7.4417e-02, +6.0695e-02, +9.7280e-02, +6.5213e-04, -1.6367e-02, +4.9974e-02
+1.1044e-03, -1.8762e-03, -6.4662e-02, -1.9007e-01, +5.0788e-02, -2.7455e-02, -8.1592e-02, -3.1369e-02, +4.2299e-02, -4.2286e-02, -1.0000e+00, -4.3476e-02, +9.7844e-02, +6.8629e-02, -1.0239e-01, +4.2132e-02, +3.0073e-02, -2.9482e-02, -1.6211e-01, -5.5213e-03, -3.7700e-02, +4.4723e-02, +2.9907e-02, +2.0151e-02, +2.5067e-02, -7.1011e-02, -1.1763e-01, -1.0253e-01, -1.5192e-02, -6.4010e-02, -3.5759e-02, -9.4608e-03, +3.1590e-03, -1.0910e-01, +1.2185e-01, -1.9339e-02, +3.9961e-02, -8.3019e-02, +4.2343e-02, +1.0268e-01, -1.4113e-01, -1.3179e-01, -1.1192e-03, -5.8056e-02, -7.9304e-02, +1.9288e-02, -1.0216e-01, +8.0998e-02, +6.6926e-02, +2.6353e-02
-9.7567e-02, -1.0227e-02, -1.5968e-01, -1.0606e-01, -4.2122e-02, -1.9844e-02, +1.0769e-01, -7.3080e-03, +3.7149e-02, +2.3045e-01, -4.3476e-02, -1.0000e+00, +1.6277e-01, +2.0874e-01, -1.5789e-01, -4.6381e-02, -3.3881e-02, +8.8041e-03, -9.1709e-02, +2.4512e-03, -1.0330e-01, -1.6605e-01, -5.7413e-02, +9.0864e-03, -7.2920e-02, -4.3586e-02, -2.0589e-02, +1.7861e-02, +1.2864e-02, +5.6181e-03, -7.4411e-02, +1.3851e-01, -1.9026e-01, -3.6240e-02, +2.2270e-02, +7.4982e-02, -4.3124e-02, -5.3919e-02, -6.2561e-02, -2.7678e-02, -1.2519e-01, -1.2660e-01, +3.9513e-02, +2.9980e-03, -9.5900e-02, -2.0371e-02, +4.4452e-02, +1.9041e-01, +5.9271e-03, -1.7694e-01
+1.5609e-01, +2.2280e-02, +1.4283e-01, +6.9435e-02, +7.9271e-02, +1.0929e-01, +9.6485e-02, +7.1015e-02, +2.6912e-02, +6.2467e-02, +9.7844e-02, +1.6277e-01, -1.0000e+00, +2.3884e-02, +7.0974e-02, +3.2734e-03, -1.1642e-02, +3.2836e-02, +1.4446e-01, +4.4579e-02, +2.0647e-02, -8.0137e-03, +2.9187e-02, +9.7122e-02, +6.4205e-02, +1.8272e-03, +1.5301e-01, +1.4278e-01, +1.7218e-02, +4.4391e-02, +1.5809e-02, -1.0856e-01, +1.0757e-01, +1.5194e-02, +2.1391e-02, -5.3087e-02, -7.1100e-02, +1.1557e-01, +9.3835e-02, -1.1337e-01, +1.0320e-01, -1.1012e-01, -2.3362e-02, -3.0532e-02, -1.2433e-02, -1.2216e-01, +5.3732e-02, -7.5065e-02, -5.8492e-02, -1.4465e-01
-9.9557e-02, -5.7309e-02, -1.8176e-02, +1.6678e-01, +1.8447e-03, +4.4592e-02, -3.8266e-02, +1.9124e-02, -9.1013e-03, +2.4954e-02, +6.8629e-02, +2.0874e-01, +2.3884e-02, -1.0000e+00, +3.8799e-02, -1.1108e-01, -4.3506e-03, +6.4343e-02, +2.9474e-02, +2.1710e-02, +1.9321e-02, +1.7482e-01, -3.6741e-02, -2.1139e-03, +1.4547e-01, +7.7793e-02, +1.2295e-03, -9.5973e-02, +5.6053e-02, +6.8970e-02, +3.1754e-02, +2.8908e-01, -1.3910e-02, -1.3280e-02, -7.4401e-02, +5.0255e-02, +9.6124e-02, -1.7674e-02, -5.3180e-02, +4.7712e-01, -2.0846e-02, -9.7808e-03, -1.7047e-02, -4.1014e-02, +1.4899e-01, +8.6341e-02, +7.5380e-03, +1.2600e-02, +2.0950e-02, +1.4004e-01
-1.2866e-01, -6.2351e-02, -9.4002e-02, -2.8595e-02, -8.1705e-02, -1.6615e-01, -2.2687e-02, -3.8036e-02, +1.0001e-01, +1.7999e-01, -1.0239e-01, -1.5789e-01, +7.0974e-02, +3.8799e-02, -1.0000e+00, +3.6212e-02, -5.2314e-02, -1.0162e-02, -2.7640e-01, +7.2894e-02, -2.5409e-01, +3.8508e-03, -3.0680e-02, -1.2623e-01, +9.1632e-02, -2.0823e-02, -2.1004e-01, -2.0138e-01, -3.8880e-02, -5.6802e-02, -2.0069e-01, +4.0993e-02, -3.9765e-02, -6.8548e-02, +1.1748e-01, +6.1553e-02, +1.4866e-01, -1.5603e-01, -5.6302e-02, -9.8150e-02, -1.3450e-01, -8.3616e-02, -4.8117e-02, -8.0564e-02, -2.6717e-01, -1.1266e-01, -1.9419e-01, +4.1333e-01, -8.8024e-02, -3.7060e-02
+5.1333e-02, -3.3762e-02, -2.9887e-02, +7.0342e-02, +9.3633e-03, +1.2215e-01, +1.4244e-01, +3.7851e-02, +7.9023e-02, -2.3087e-03, +4.2132e-02, -4.6381e-02, +3.2734e-03, -1.1108e-01, +3.6212e-02, -1.0000e+00, -6.7517e-02, -3.2159e-03, +3.1585e-02, +2.4976e-02, +6.8686e-02, +1.1396e-02, -1.7327e-02, +1.2910e-01, -9.8146e-03, -4.8824e-03, +1.1414e-02, +3.3141e-02, -5.1253e-02, +6.2696e-02, +1.5160e-03, -9.2225e-02, +1.8550e-02, +7.2359e-02, +9.9634e-03, +4.1405e-02, -5.3128e-02, +1.0250e-03, -5.6542e-02, -2.9813e-02, -6.5180e-02, -4.9327e-02, -2.7485e-02, +1.0933e-01, +1.1206e-01, +5.0974e-03, +5.2756e-02, +1.1333e-01, +4.5318e-02, -7.0976e-03
-3.7641e-02, -3.1600e-02, -2.1916e-02, +4.0965e-02, +4.8047e-03, -3.1416e-02, +1.6570e-02, -7.1770e-02, -1.5328e-02, +1.0753e-01, +3.0073e-02, -3.3881e-02, -1.1642e-02, -4.3506e-03, -5.2314e-02, -6.7517e-02, -1.0000e+00, +1.0604e-01, -1.9327e-02, +2.8039e-02, -1.0316e-01, -4.8454e-02, +5.8272e-02, -2.6662e-02, +5.9986e-02, -3.6491e-02, +5.0486e-02, -5.6476e-02, -5.7523e-03, +4.3857e-02, -6.9613e-02, -9.9948e-02, -2.1276e-02, +3.2993e-02, +3.1908e-02, +3.0667e-02, -6.1398e-02, -3.8956e-02, +1.0347e-02, -6.1905e-02, +3.1599e-02, -6.5364e-03, -6.5912e-02, +1.3089e-02, -4.0949e-02, -6.8640e-02, -5.4003e-02, +1.2542e-01, -3.0270e-02, -6.7078e-02
-9.0626e-03, -3.5169e-02, -4.2504e-02, -8.0872e-02, -6.9304e-02, +4.9782e-02, -1.2275e-01, -1.1314e-01, -2.7950e-02, +2.4718e-02, -2.9482e-02, +8.8041e-03, +3.2836e-02, +6.4343e-02, -1.0162e-02, -3.2159e-03, +1.0604e-01, -1.0000e+00, +8.3606e-02, +3.1511e-02, +7.2819e-02, -1.2165e-02, +5.0332e-02, -7.5778e-03, +2.5334e-02, -2.0420e-02, -7.1154e-02, -3.5813e-02, +3.0232e-02, -8.2919e-02, +3.9291e-02, -1.8022e-02, +2.2613e-02, -4.2400e-03, +3.1773e-02, +1.9658e-03, +5.6900e-02, -1.0898e-03, +7.0793e-02, -4.5096e-03, +1.1896e-02, +1.6853e-02, -3.8251e-03, +2.2445e-02, +5.7105e-04, +1.1924e-01, -5.1988e-03, -1.1187e-01, -3.9318e-02, +1.1814e-01
-9.1991e-02, +3.5548e-02, -1.6185e-01, -5.6930e-02, -6.0814e-02, -1.8738e-01, +5.8391e-02, +4.5545e-02, +3.1154e-03, -4.9809e-02, -1.6211e-01, -9.1709e-02, +1.4446e-01, +2.9474e-02, -2.7640e-01, +3.1585e-02, -1.9327e-02, +8.3606e-02, -1.0000e+00, -2.9783e-02, -1.4740e-01, +2.8560e-04, -3.0274e-02, -2.5154e-01, +4.4370e-02, -5.2727e-02, -1.6680e-01, -2.0150e-01, -1.0700e-02, -1.1889e-01, -1.0263e-01, -1.4205e-04, +6.3344e-03, +5.7449e-03, +2.3318e-02, +7.8264e-02, +1.2646e-01, -9.0894e-02, -1.2390e-01, -5.0432e-02, -6.9261e-02, -7.8861e-02, -3.7695e-02, -1.0100e-01, -2.5716e-01, -1.6200e-01, -1.3019e-01, +3.7393e-01, +4.6428e-02, -4.4132e-02
+2.6407e-02, -2.5822e-02, -9.5289e-02, -7.0549e-02, -7.1405e-05, +1.4147e-02, +4.7937e-02, +7.9493e-03, +2.8551e-03, -8.5029e-03, -5.5213e-03, +2.4512e-03, +4.4579e-02, +2.1710e-02, +7.2894e-02, +2.4976e-02, +2.8039e-02, +3.1511e-02, -2.9783e-02, -1.0000e+00, -3.8646e-02, -9.1287e-02, -1.0032e-01, +2.7519e-02, -5.1279e-02, -6.4489e-02, +3.9281e-02, -9.3982e-03, +3.2587e-02, +6.1702e-02, +1.0031e-01, -5.3232e-02, +6.8741e-02, +3.3424e-03, -3.4535e-02, +3.3906e-02, -1.1855e-02, +4.5657e-02, -3.5189e-02, +1.9659e-01, -4.1883e-02, -1.2901e-02, -3.5490e-02, -8.2637e-02, -4.2405e-02, +1.1595e-02, +5.3234e-02, -5.4304e-02, +4.0684e-02, -4.0299e-02
-1.1473e-01, +4.5554e-02, -1.3258e-01, -7.8071e-02, -1.0004e-01, -8.6605e-02, +9.7079e-02, -3.8636e-02, +7.7859e-02, +3.9728e-02, -3.7700e-02, -1.0330e-01, +2.0647e-02, +1.9321e-02, -2.5409e-01, +6.8686e-02, -1.0316e-01, +7.2819e-02, -1.4740e-01, -3.8646e-02, -1.0000e+00, -1.0172e-02, -1.0268e-01, -7.4545e-02, -2.1730e-02, -5.3787e-02, -1.1930e-01, -9.1707e-02, +3.0843e-02, -3.3794e-02, -2.6582e-01, -7.2000e-02, -1.4410e-01, +3.9516e-02, +1.0888e-01, +9.9748e-02, +9.1679e-02, -2.0894e-01, -4.9090e-02, -1.0346e-01, -1.5775e-01, -2.0285e-02, -1.8867e-01, -1.4034e-01, -2.9538e-01, -1.9379e-01, -2.3657e-01, +4.6978e-01, -4.3757e-02, -8.7790e-02
+6.3191e-02, +9.0713e-02, -9.4154e-02, +6.7285e-03, -2.8232e-02, -3.8978e-03, +1.2076e-01, -2.6202e-02, -9.5763e-03, +4.8207e-02, +4.4723e-02, -1.6605e-01, -8.0137e-03, +1.7482e-01, +3.8508e-03, +1.1396e-02, -4.8454e-02, -1.2165e-02, +2.8559e-04, -9.1287e-02, -1.0172e-02, -1.0000e+00, -4.3833e-02, +1.1758e-01, -5.4253e-02, -3.3896e-02, +1.6988e-01, -2.8896e-02, +9.9136e-02, +1.0001e-02, +2.9328e-02, -7.7040e-02, -1.2554e-01, -2.3997e-02, -2.0346e-02, +5.8766e-02, -1.0265e-01, -7.1975e-02, -8.3977e-02, -1.2340e-01, +2.3135e-02, -5.1213e-02, +1.4660e-02, +2.3268e-01, -2.6298e-01, +8.2885e-02, -3.0186e-02, +1.4524e-01, -8.9796e-02, -7.3185e-02
-6.8921e-02, -6.3213e-02, -1.2580e-01, -4.8930e-02, -4.3683e-02, +1.5335e-02, +4.9375e-02, -2.1786e-02, +2.0858e-02, +1.0681e-01, +2.9907e-02, -5.7413e-02, +2.9187e-02, -3.6741e-02, -3.0680e-02, -1.7327e-02, +5.8272e-02, +5.0332e-02, -3.0274e-02, -1.0032e-01, -1.0268e-01, -4.3833e-02, -1.0000e+00, +2.0983e-02, -4.7238e-02, -6.4237e-02, +7.1484e-03, -3.1418e-02, +8.8933e-02, -5.7893e-02, -1.9374e-03, +1.4348e-02, -4.9744e-03, +1.3279e-02, -2.4188e-02, -3.7084e-02, +4.2130e-02, -2.8210e-02, +2.0667e-02, -6.3508e-03, -8.6634e-02, +5.5058e-02, -1.7680e-02, -9.7286e-02, -5.4017e-02, -1.4398e-02, -2.8510e-02, +9.1295e-02, -6.5172e-02, -6.6597e-02
-1.0665e-01, +1.0708e-02, -9.0748e-02, -9.4916e-02, -8.5410e-02, -1.9197e-01, -9.4819e-02, +7.7498e-02, -4.1888e-03, -2.0444e-01, +2.0151e-02, +9.0864e-03, +9.7122e-02, -2.1139e-03, -1.2623e-01, +1.2910e-01, -2.6662e-02, -7.5778e-03, -2.5154e-01, +2.7519e-02, -7.4545e-02, +1.1758e-01, +2.0983e-02, -1.0000e+00, +4.0527e-02, -1.0442e-01, -2.0541e-01, -1.0239e-01, +2.0052e-02, -6.5761e-02, -2.4693e-01, +1.4522e-01, +2.8533e-02, +4.9381e-02, -8.7450e-02, +6.4105e-02, +1.7906e-01, -1.7848e-02, -1.6188e-01, +3.5806e-02, -1.0456e-03, -4.5315e-02, -1.9875e-02, -7.4044e-02, -1.3557e-01, -6.2356e-02, -1.1629e-01, +1.9174e-01, +8.7751e-03, +1.0356e-01
+2.6899e-02, -1.7989e-02, -4.6568e-02, -9.0736e-02, +3.2555e-03, -3.2130e-02, +3.5346e-02, +1.6417e-02, -7.0168e-02, +8.7963e-03, +2.5067e-02, -7.2920e-02, +6.4205e-02, +1.4547e-01, +9.1632e-02, -9.8146e-03, +5.9986e-02, +2.5334e-02, +4.4370e-02, -5.1279e-02, -2.1730e-02, -5.4253e-02, -4.7238e-02, +4.0527e-02, -1.0000e+00, +9.9972e-03, -2.0271e-02, +5.5563e-02, +5.0076e-02, +4.9038e-03, -1.8033e-02, -3.3286e-02, -3.3838e-02, -1.9220e-03, +5.6815e-02, +4.7047e-02, +3.0533e-02, +3.3508e-02, -3.0070e-02, +3.9089e-02, -1.8458e-02, +4.2406e-02, -1.0201e-01, +1.8139e-03, -9.4880e-03, +1.6085e-02, +1.1318e-01, -7.9570e-02, -1.9833e-04, +6.8340e-02
+3.8380e-03, -6.7951e-03, -4.0243e-02, -1.7014e-01, +7.3620e-02, +8.8155e-03, -1.7717e-02, +6.6318e-02, +6.6605e-02, +8.7008e-02, -7.1011e-02, -4.3586e-02, +1.8272e-03, +7.7793e-02, -2.0823e-02, -4.8824e-03, -3.6491e-02, -2.0420e-02, -5.2727e-02, -6.4489e-02, -5.3787e-02, -3.3896e-02, -6.4237e-02, -1.0442e-01, +9.9972e-03, -1.0000e+00, -2.4231e-02, -2.0608e-02, +2.5426e-04, -2.4545e-02, -7.3346e-02, -9.5668e-02, +4.5480e-02, +8.4583e-02, +1.3575e-02, -6.3492e-02, +6.9113e-02, -4.2753e-02, -3.4382e-02, -4.2219e-02, -2.8973e-02, -1.1363e-01, +6.6338e-02, -8.8792e-02, +3.9686e-02, -5.4913e-02, -4.2114e-02, +6.4085e-02, -2.6355e-02, -4.5543e-03
-1.3751e-01, -3.7238e-02, -1.5785e-01, -7.2797e-02, -8.6533e-02, -1.6149e-01, -1.9205e-02, -4.5748e-02, +4.2796e-02, -5.7077e-02, -1.1763e-01, -2.0589e-02, +1.5301e-01, +1.2295e-03, -2.1004e-01, +1.1414e-02, +5.0486e-02, -7.1154e-02, -1.6680e-01, +3.9281e-02, -1.1930e-01, +1.6988e-01, +7.1484e-03, -2.0541e-01, -2.0271e-02, -2.4231e-02, -1.0000e+00, -6.1103e-02, -1.1570e-01, -5.8020e-02, -1.2098e-01, +8.2247e-02, -1.3463e-02, -3.7237e-02, +1.0653e-01, -3.1673e-02, +1.9868e-01, -7.0599e-02, -3.3747e-02, +9.9660e-02, -5.8548e-02, +1.1363e-01, -2.9296e-02, -4.9220e-02, -9.2891e-02, -3.2066e-02, -1.2940e-01, +1.3567e-01, +2.4134e-02, +7.8072e-02
-1.1523e-01, +5.7852e-03, -1.6743e-01, -6.9268e-03, -5.2276e-02, -1.2421e-01, -4.7292e-02, -4.3682e-02, -1.2711e-02, +8.0237e-02, -1.0253e-01, +1.7861e-02, +1.4278e-01, -9.5973e-02, -2.0138e-01, +3.3141e-02, -5.6476e-02, -3.5813e-02, -2.0150e-01, -9.3982e-03, -9.1707e-02, -2.8896e-02, -3.1418e-02, -1.0239e-01, +5.5563e-02, -2.0608e-02, -6.1103e-02, -1.0000e+00, +2.5535e-02, -4.3686e-02, -7.2542e-02, +5.4955e-02, -3.7634e-02, +9.0269e-03, +3.4543e-02, +2.4544e-02, +1.1342e-01, -1.6862e-01, -9.2850e-02, -4.8806e-03, -4.7109e-02, -1.1542e-02, -1.4455e-02, -8.2670e-02, -1.9755e-01, +6.5843e-02, -2.0382e-01, +2.7574e-01, -2.6651e-02, +1.4797e-03
+2.0242e-02, -1.0185e-02, +7.4972e-02, -1.6574e-02, -5.3546e-02, -7.9634e-02, +1.4213e-02, +1.4017e-02, +2.2486e-02, +8.4281e-02, -1.5192e-02, +1.2864e-02, +1.7218e-02, +5.6053e-02, -3.8880e-02, -5.1253e-02, -5.7523e-03, +3.0232e-02, -1.0700e-02, +3.2587e-02, +3.0843e-02, +9.9136e-02, +8.8933e-02, +2.0052e-02, +5.0076e-02, +2.5426e-04, -1.1570e-01, +2.5535e-02, -1.0000e+00, -1.6811e-02, -8.3910e-02, -3.4002e-02, +8.3974e-02, +5.9142e-02, +3.0529e-02, -9.9998e-03, +5.1583e-02, -3.8177e-02, +1.8940e-03, +1.8944e-02, +8.9447e-02, +8.0841e-03, +4.8923e-02, -2.5653e-02, +1.2344e-01, +4.6719e-03, -3.0505e-02, -4.1567e-02, +5.9262e-02, +4.4848e-02
-4.7084e-03, +1.9555e-02, -2.2312e-02, -8.6417e-02, -7.6891e-02, -6.4415e-02, -7.6208e-02, -4.2876e-02, -5.6597e-02, +7.1268e-02, -6.4010e-02, +5.6181e-03, +4.4391e-02, +6.8970e-02, -5.6802e-02, +6.2696e-02, +4.3857e-02, -8.2919e-02, -1.1889e-01, +6.1702e-02, -3.3794e-02, +1.0001e-02, -5.7893e-02, -6.5761e-02, +4.9038e-03, -2.4545e-02, -5.8020e-02, -4.3686e-02, -1.6811e-02, -1.0000e+00, -4.8817e-03, -2.7250e-02, +4.2475e-02, +2.2045e-02, -3.2493e-02, -1.2329e-02, +9.6957e-02, +2.2830e-02, -3.4614e-02, +5.0645e-02, +2.8722e-02, -8.8003e-02, +2.3850e-03, -7.0284e-02, -1.0424e-01, +6.0834e-02, -4.2082e-02, +4.7742e-03, +1.1046e-02, +5.6329e-02
-8.8930e-02, -7.7623e-02, -1.4719e-01, -1.8120e-02, +9.0509e-02, -1.6748e-01, +6.2929e-02, +1.0115e-02, +1.0261e-02, -3.8032e-02, -3.5759e-02, -7.4411e-02, +1.5809e-02, +3.1754e-02, -2.0069e-01, +1.5161e-03, -6.9613e-02, +3.9291e-02, -1.0263e-01, +1.0031e-01, -2.6582e-01, +2.9328e-02, -1.9374e-03, -2.4693e-01, -1.8033e-02, -7.3346e-02, -1.2098e-01, -7.2542e-02, -8.3910e-02, -4.8817e-03, -1.0000e+00, +1.6011e-02, -5.2745e-02, +3.9321e-02, +1.4510e-01, +1.1249e-01, +3.5924e-02, -1.8501e-01, -1.1637e-01, -1.1749e-01, -2.0650e-01, -7.0821e-02, -8.4656e-02, +3.9446e-02, -1.2355e-01, -1.2256e-01, -2.4268e-01, +3.4455e-01, +4.1836e-03, -2.1672e-02
+5.8682e-02, -4.4229e-02, +4.9145e-02, -5.7631e-02, +5.7238e-02, +1.7780e-01, +9.8931e-02, -4.1872e-02, +2.5595e-02, +5.5701e-02, -9.4608e-03, +1.3851e-01, -1.0856e-01, +2.8908e-01, +4.0993e-02, -9.2225e-02, -9.9948e-02, -1.8022e-02, -1.4205e-04, -5.3232e-02, -7.2000e-02, -7.7040e-02, +1.4348e-02, +1.4522e-01, -3.3286e-02, -9.5668e-02, +8.2247e-02, +5.4955e-02, -3.4002e-02, -2.7250e-02, +1.6011e-02, -1.0000e+00, -1.4021e-02, +3.2987e-02, +5.4932e-02, -4.8005e-03, -9.0897e-02, -3.0178e-02, +5.8796e-02, -6.1467e-02, +1.4400e-03, -2.6615e-03, +8.1795e-03, +1.3851e-01, -2.7787e-02, -6.5686e-02, -7.9766e-02, +1.2584e-01, +1.0028e-02, -4.5182e-02
-2.5193e-03, -5.0841e-03, -7.8035e-02, -1.2985e-02, -9.6691e-02, -3.8330e-02, -1.2811e-02, +1.9116e-02, +2.0401e-02, +3.1384e-02, +3.1590e-03, -1.9026e-01, +1.0757e-01, -1.3910e-02, -3.9765e-02, +1.8550e-02, -2.1276e-02, +2.2613e-02, +6.3344e-03, +6.8741e-02, -1.4410e-01, -1.2554e-01, -4.9744e-03, +2.8533e-02, -3.3838e-02, +4.5480e-02, -1.3463e-02, -3.7634e-02, +8.3974e-02, +4.2475e-02, -5.2745e-02, -1.4021e-02, -1.0000e+00, -3.0263e-02, -2.3036e-03, -4.5710e-02, -3.5031e-02, -3.9555e-02, -2.8171e-02, +6.4453e-02, -6.1533e-02, +3.3820e-02, -3.1088e-03, -6.5080e-02, -1.1779e-01, +4.3984e-02, -4.0933e-02, +1.1022e-01, -1.3036e-01, -3.1308e-02
-1.3246e-02, -1.5839e-03, +3.7614e-02, -6.4403e-03, -1.3466e-02, +6.0175e-03, +2.6334e-02, +1.0752e-02, +6.7311e-02, +1.4179e-02, -1.0910e-01, -3.6240e-02, +1.5194e-02, -1.3280e-02, -6.8548e-02, +7.2359e-02, +3.2993e-02, -4.2400e-03, +5.7449e-03, +3.3424e-03, +3.9516e-02, -2.3997e-02, +1.3279e-02, +4.9381e-02, -1.9220e-03, +8.4583e-02, -3.7237e-02, +9.0269e-03, +5.9142e-02, +2.2045e-02, +3.9321e-02, +3.2987e-02, -3.0263e-02, -1.0000e+00, -7.5019e-03, -7.6391e-02, -1.0668e-01, -3.2922e-03, +5.3419e-02, +9.4105e-02, +5.5843e-02, +1.2578e-01, -4.8004e-03, +1.0246e-01, +1.2244e-02, -1.8977e-03, +1.1966e-02, +3.5129e-02, -1.2928e-02, -1.9889e-02
+1.2002e-01, +1.8285e-02, +8.9609e-02, +6.0398e-02, -3.4732e-02, +1.6037e-01, -5.0492e-03, +5.5469e-02, -3.8363e-03, -2.7936e-03, +1.2185e-01, +2.2270e-02, +2.1391e-02, -7.4401e-02, +1.1748e-01, +9.9634e-03, +3.1908e-02, +3.1773e-02, +2.3318e-02, -3.4535e-02, +1.0888e-01, -2.0346e-02, -2.4188e-02, -8.7450e-02, +5.6815e-02, +1.3575e-02, +1.0653e-01, +3.4543e-02, +3.0529e-02, -3.2493e-02, +1.4510e-01, +5.4932e-02, -2.3036e-03, -7.5019e-03, -1.0000e+00, -3.6508e-02, -4.5560e-02, +7.1737e-02, +8.9299e-02, +3.5448e-02, +1.0547e-01, +3.7021e-02, +6.7834e-02, -9.2118e-03, -1.6134e-02, +3.1524e-02, +4.5810e-02, -4.4069e-02, +3.3627e-02, +6.4126e-03
+6.1185e-02, -1.6798e-03, +1.3395e-01, +6.1658e-03, -2.1458e-02, -9.3483e-03, -1.0719e-01, +1.7732e-02, -2.7806e-02, +6.0431e-02, -1.9339e-02, +7.4982e-02, -5.3087e-02, +5.0255e-02, +6.1553e-02, +4.1405e-02, +3.0667e-02, +1.9658e-03, +7.8264e-02, +3.3906e-02, +9.9748e-02, +5.8766e-02, -3.7084e-02, +6.4105e-02, +4.7047e-02, -6.3492e-02, -3.1673e-02, +2.4544e-02, -9.9998e-03, -1.2329e-02, +1.1249e-01, -4.8005e-03, -4.5710e-02, -7.6391e-02, -3.6508e-02, -1.0000e+00, +1.9803e-02, +4.2825e-02, +9.2203e-02, +5.4628e-02, +9.5095e-02, +8.4224e-02, +6.8053e-02, -8.6870e-03, +7.9805e-02, -1.2178e-02, -2.8727e-02, -1.7717e-01, -4.3287e-02, +4.3674e-02
+7.8237e-02, -4.3806e-02, +1.9627e-01, +1.3790e-01, +1.0030e-01, +1.8269e-01, +3.9118e-02, -7.3033e-02, +1.2828e-01, -4.5421e-02, +3.9961e-02, -4.3124e-02, -7.1100e-02, +9.6124e-02, +1.4866e-01, -5.3128e-02, -6.1398e-02, +5.6900e-02, +1.2646e-01, -1.1855e-02, +9.1679e-02, -1.0265e-01, +4.2130e-02, +1.7906e-01, +3.0533e-02, +6.9113e-02, +1.9868e-01, +1.1342e-01, +5.1583e-02, +9.6957e-02, +3.5924e-02, -9.0897e-02, -3.5031e-02, -1.0668e-01, -4.5560e-02, +1.9803e-02, -1.0000e+00, -3.5203e-03, +1.2174e-01, -1.7752e-01, +9.7310e-02, -8.8274e-02, +5.8144e-03, +1.4916e-01, +5.8213e-02, +1.8738e-02, -3.0496e-02, +2.7078e-02, +3.2615e-02, -1.1533e-01
-1.2236e-01, -6.4318e-02, -8.3008e-02, -3.0196e-02, +2.4938e-02, -3.7549e-02, +1.0178e-01, -1.3473e-02, +8.3284e-02, +5.6629e-02, -8.3019e-02, -5.3919e-02, +1.1557e-01, -1.7674e-02, -1.5603e-01, +1.0250e-03, -3.8956e-02, -1.0898e-03, -9.0894e-02, +4.5657e-02, -2.0894e-01, -7.1975e-02, -2.8210e-02, -1.7848e-02, +3.3508e-02, -4.2753e-02, -7.0599e-02, -1.6862e-01, -3.8177e-02, +2.2830e-02, -1.8501e-01, -3.0178e-02, -3.9555e-02, -3.2922e-03, +7.1737e-02, +4.2825e-02, -3.5203e-03, -1.0000e+00, -7.4080e-02, -1.5103e-01, -1.4660e-01, -4.9660e-02, -8.3234e-02, -3.3566e-02, -1.5728e-01, -5.4094e-03, -1.6974e-01, +3.4813e-01, +9.0079e-03, -8.1129e-02
-7.2394e-02, -2.0184e-02, -1.3720e-01, -9.4467e-02, +3.7196e-02, -9.3763e-02, +9.1803e-03, +2.3519e-02, +2.8491e-02, +4.1859e-02, +4.2343e-02, -6.2561e-02, +9.3835e-02, -5.3180e-02, -5.6302e-02, -5.6542e-02, +1.0347e-02, +7.0793e-02, -1.2390e-01, -3.5189e-02, -4.9090e-02, -8.3977e-02, +2.0667e-02, -1.6188e-01, -3.0070e-02, -3.4382e-02, -3.3747e-02, -9.2850e-02, +1.8940e-03, -3.4614e-02, -1.1637e-01, +5.8796e-02, -2.8171e-02, +5.3419e-02, +8.9299e-02, +9.2203e-02, +1.2174e-01, -7.4080e-02, -1.0000e+00, +2.6842e-02, -7.4244e-03, -1.1728e-01, -1.4365e-02, +2.7617e-02, -7.4626e-02, -5.8215e-02, -4.2725e-02, +1.5041e-01, -3.5063e-03, -2.5531e-03
+3.4722e-02, -2.2015e-02, -6.9385e-02, +8.4030e-02, +8.6338e-02, +1.0003e-04, +1.9886e-01, +1.8529e-02, +8.7736e-02, +8.4250e-02, +1.0268e-01, -2.7678e-02, -1.1337e-01, +4.7712e-01, -9.8150e-02, -2.9813e-02, -6.1905e-02, -4.5096e-03, -5.0432e-02, +1.9659e-01, -1.0346e-01, -1.2340e-01, -6.3508e-03, +3.5806e-02, +3.9089e-02, -4.2219e-02, +9.9660e-02, -4.8806e-03, +1.8944e-02, +5.0645e-02, -1.1749e-01, -6.1467e-02, +6.4453e-02, +9.4105e-02, +3.5448e-02, +5.4628e-02, -1.7752e-01, -1.5103e-01, +2.6842e-02, -1.0000e+00, -2.1053e-02, +2.7183e-02, -4.3411e-02, +2.1213e-02, -1.8277e-01, -1.4345e-01, -1.2591e-01, +3.3756e-01, -1.9761e-02, -1.3884e-01
-6.7748e-02, -8.2285e-02, -2.2930e-01, -1.2549e-01, +2.4091e-02, +1.3552e-03, +6.7880e-02, -4.8846e-02, +6.8477e-02, +9.1664e-02, -1.4113e-01, -1.2519e-01, +1.0320e-01, -2.0846e-02, -1.3450e-01, -6.5180e-02, +3.1599e-02, +1.1896e-02, -6.9261e-02, -4.1883e-02, -1.5775e-01, +2.3135e-02, -8.6634e-02, -1.0456e-03, -1.8458e-02, -2.8973e-02, -5.8548e-02, -4.7109e-02, +8.9447e-02, +2.8722e-02, -2.0650e-01, +1.4400e-03, -6.1533e-02, +5.5843e-02, +1.0547e-01, +9.5095e-02, +9.7310e-02, -1.4660e-01, -7.4244e-03, -2.1053e-02, -1.0000e+00, -4.9052e-02, -4.4743e-02, -3.2924e-02, -7.8367e-02, -5.8679e-02, -1.0415e-01, +2.4033e-01, +3.7359e-02, -2.9786e-02
-2.5813e-02, -2.6132e-03, +5.9695e-02, -1.2386e-01, +1.7152e-01, +3.1624e-02, -6.0756e-02, +9.7514e-03, -4.0546e-02, +3.8736e-03, -1.3179e-01, -1.2660e-01, -1.1012e-01, -9.7808e-03, -8.3616e-02, -4.9327e-02, -6.5365e-03, +1.6853e-02, -7.8861e-02, -1.2901e-02, -2.0285e-02, -5.1213e-02, +5.5058e-02, -4.5315e-02, +4.2406e-02, -1.1363e-01, +1.1363e-01, -1.1542e-02, +8.0841e-03, -8.8003e-02, -7.0821e-02, -2.6614e-03, +3.3820e-02, +1.2578e-01, +3.7021e-02, +8.4224e-02, -8.8274e-02, -4.9660e-02, -1.1728e-01, +2.7183e-02, -4.9052e-02, -1.0000e+00, +8.6482e-02, -1.3499e-01, -4.4488e-02, -5.6212e-02, -2.4997e-02, +5.6861e-02, +1.0280e-01, -6.8054e-02
-4.6880e-02, -1.5392e-03, -4.1985e-02, -2.2080e-02, -2.3819e-02, -2.9374e-02, +6.9673e-02, -8.1703e-03, -5.4377e-02, +5.6370e-03, -1.1192e-03, +3.9513e-02, -2.3362e-02, -1.7047e-02, -4.8117e-02, -2.7485e-02, -6.5912e-02, -3.8251e-03, -3.7695e-02, -3.5490e-02, -1.8867e-01, +1.4660e-02, -1.7680e-02, -1.9875e-02, -1.0201e-01, +6.6338e-02, -2.9296e-02, -1.4455e-02, +4.8923e-02, +2.3850e-03, -8.4656e-02, +8.1795e-03, -3.1088e-03, -4.8004e-03, +6.7834e-02, +6.8053e-02, +5.8144e-03, -8.3234e-02, -1.4365e-02, -4.3410e-02, -4.4743e-02, +8.6482e-02, -1.0000e+00, -1.8250e-02, -7.0597e-02, -5.4701e-02, -5.6964e-02, +1.3752e-01, +5.5889e-02, -6.4588e-02
-8.1168e-02, +5.0452e-02, -8.4110e-02, -7.9055e-02, +4.2556e-03, -7.6309e-02, -7.7395e-02, +5.5326e-02, +7.4782e-03, +1.1639e-01, -5.8056e-02, +2.9980e-03, -3.0532e-02, -4.1014e-02, -8.0564e-02, +1.0933e-01, +1.3089e-02, +2.2445e-02, -1.0100e-01, -8.2637e-02, -1.4034e-01, +2.3268e-01, -9.7286e-02, -7.4044e-02, +1.8139e-03, -8.8792e-02, -4.9220e-02, -8.2670e-02, -2.5653e-02, -7.0284e-02, +3.9446e-02, +1.3851e-01, -6.5080e-02, +1.0246e-01, -9.2118e-03, -8.6870e-03, +1.4916e-01, -3.3566e-02, +2.7617e-02, +2.1213e-02, -3.2924e-02, -1.3499e-01, -1.8250e-02, -1.0000e+00, -8.2265e-02, -9.5071e-02, -8.4920e-02, +9.2737e-04, -5.5143e-02, +2.8242e-02
-1.3414e-01, +4.6603e-02, -2.2572e-01, -4.9629e-02, -6.6533e-02, -1.0475e-01, +1.0231e-01, -5.9963e-02, -4.1846e-02, +7.4417e-02, -7.9304e-02, -9.5900e-02, -1.2433e-02, +1.4899e-01, -2.6717e-01, +1.1206e-01, -4.0949e-02, +5.7105e-04, -2.5716e-01, -4.2405e-02, -2.9538e-01, -2.6298e-01, -5.4017e-02, -1.3557e-01, -9.4880e-03, +3.9686e-02, -9.2891e-02, -1.9755e-01, +1.2344e-01, -1.0424e-01, -1.2355e-01, -2.7787e-02, -1.1779e-01, +1.2244e-02, -1.6134e-02, +7.9805e-02, +5.8213e-02, -1.5728e-01, -7.4627e-02, -1.8277e-01, -7.8367e-02, -4.4488e-02, -7.0597e-02, -8.2265e-02, -1.0000e+00, -8.2943e-02, -2.1149e-01, +4.4976e-01, -3.7076e-02, -1.2713e-01
-1.1945e-02, +1.6031e-02, -1.2684e-02, -5.7009e-02, +2.1966e-02, -3.9897e-02, -2.8807e-02, +1.9256e-01, +4.5244e-02, +6.0695e-02, +1.9288e-02, -2.0371e-02, -1.2216e-01, +8.6341e-02, -1.1266e-01, +5.0974e-03, -6.8640e-02, +1.1924e-01, -1.6200e-01, +1.1595e-02, -1.9379e-01, +8.2885e-02, -1.4398e-02, -6.2356e-02, +1.6085e-02, -5.4913e-02, -3.2066e-02, +6.5843e-02, +4.6719e-03, +6.0834e-02, -1.2256e-01, -6.5686e-02, +4.3984e-02, -1.8977e-03, +3.1524e-02, -1.2178e-02, +1.8738e-02, -5.4094e-03, -5.8215e-02, -1.4345e-01, -5.8679e-02, -5.6212e-02, -5.4701e-02, -9.5071e-02, -8.2943e-02, -1.0000e+00, -5.7580e-02, +1.7219e-01, -7.6533e-02, -5.7656e-02
-1.2471e-01, -8.0283e-02, +1.1462e-02, +7.9339e-03, -5.4788e-02, -1.1872e-01, -2.4988e-02, -2.1400e-02, +2.3350e-03, +9.7280e-02, -1.0216e-01, +4.4452e-02, +5.3732e-02, +7.5380e-03, -1.9419e-01, +5.2756e-02, -5.4003e-02, -5.1988e-03, -1.3019e-01, +5.3234e-02, -2.3657e-01, -3.0186e-02, -2.8510e-02, -1.1629e-01, +1.1318e-01, -4.2114e-02, -1.2940e-01, -2.0382e-01, -3.0505e-02, -4.2082e-02, -2.4268e-01, -7.9766e-02, -4.0933e-02, +1.1966e-02, +4.5810e-02, -2.8727e-02, -3.0496e-02, -1.6974e-01, -4.2725e-02, -1.2591e-01, -1.0415e-01, -2.4997e-02, -5.6964e-02, -8.4920e-02, -2.1149e-01, -5.7580e-02, -1.0000e+00, +3.5176e-01, +1.3206e-04, -1.3929e-01
+2.6663e-01, +1.3453e-01, +3.5538e-01, -1.3577e-02, +1.0029e-01, +6.5163e-02, -2.7674e-01, -2.6053e-02, -1.1955e-01, +6.5213e-04, +8.0998e-02, +1.9041e-01, -7.5065e-02, +1.2600e-02, +4.1333e-01, +1.1333e-01, +1.2542e-01, -1.1187e-01, +3.7393e-01, -5.4304e-02, +4.6978e-01, +1.4524e-01, +9.1295e-02, +1.9174e-01, -7.9570e-02, +6.4085e-02, +1.3567e-01, +2.7574e-01, -4.1567e-02, +4.7742e-03, +3.4455e-01, +1.2584e-01, +1.1022e-01, +3.5129e-02, -4.4069e-02, -1.7717e-01, +2.7078e-02, +3.4813e-01, +1.5041e-01, +3.3756e-01, +2.4033e-01, +5.6861e-02, +1.3752e-01, +9.2738e-04, +4.4976e-01, +1.7219e-01, +3.5176e-01, -1.0000e+00, -4.6150e-03, +3.8131e-01
+3.8085e-02, +9.2125e-03, +2.5091e-02, +6.1744e-02, -1.8479e-02, -1.5738e-02, -3.6998e-02, +4.7724e-02, +8.4489e-02, -1.6367e-02, +6.6926e-02, +5.9271e-03, -5.8492e-02, +2.0950e-02, -8.8024e-02, +4.5318e-02, -3.0270e-02, -3.9318e-02, +4.6428e-02, +4.0684e-02, -4.3757e-02, -8.9796e-02, -6.5172e-02, +8.7751e-03, -1.9833e-04, -2.6355e-02, +2.4134e-02, -2.6651e-02, +5.9262e-02, +1.1046e-02, +4.1836e-03, +1.0028e-02, -1.3036e-01, -1.2928e-02, +3.3627e-02, -4.3287e-02, +3.2615e-02, +9.0079e-03, -3.5063e-03, -1.9761e-02, +3.7359e-02, +1.0280e-01, +5.5889e-02, -5.5143e-02, -3.7076e-02, -7.6533e-02, +1.3207e-04, -4.6150e-03, -1.0000e+00, -7.3821e-03
-8.0912e-03, -7.8094e-02, +2.5443e-02, +1.2104e-01, +6.8770e-03, +1.1559e-01, +1.4756e-01, -3.2129e-02, +6.9527e-02, +4.9974e-02, +2.6353e-02, -1.7694e-01, -1.4465e-01, +1.4004e-01, -3.7060e-02, -7.0976e-03, -6.7078e-02, +1.1814e-01, -4.4132e-02, -4.0299e-02, -8.7790e-02, -7.3185e-02, -6.6597e-02, +1.0356e-01, +6.8340e-02, -4.5543e-03, +7.8072e-02, +1.4797e-03, +4.4848e-02, +5.6329e-02, -2.1672e-02, -4.5182e-02, -3.1308e-02, -1.9889e-02, +6.4126e-03, +4.3674e-02, -1.1533e-01, -8.1129e-02, -2.5531e-03, -1.3884e-01, -2.9786e-02, -6.8054e-02, -6.4588e-02, +2.8242e-02, -1.2713e-01, -5.7656e-02, -1.3929e-01, +3.8131e-01, -7.3821e-03, -1.0000e+00
