-1.0000e+00, -5.3976e-02, +2.3345e-03, -8.1858e-02, -3.4502e-02, -2.5344e-02, -1.6544e-02, +9.0136e-02, -2.2268e-02, +3.6042e-02, -2.1146e-02, -1.4729e-02, +2.5013e-03, -1.3605e-02, -1.4147e-02, -6.3395e-02, +1.4866e-02, +3.6555e-03, +4.3184e-02, -1.2919e-02, +2.9986e-03, -5.8299e-02, +3.3824e-02, -2.7528e-04, +1.4461e-02, -2.6994e-02, -2.8097e-02, -3.0076e-02, -5.0990e-02, -3.4951e-02, +7.9416e-03, +1.2994e-02, -5.5956e-03, -1.1230e-01, -6.5812e-02, +1.0609e-01, +3.9652e-02, -3.2723e-02, -4.6498e-02, +2.9897e-02, -3.5331e-02, +3.0382e-02, -1.4850e-02, +4.1351e-02, -3.3196e-02, -1.9721e-03, +6.8717e-02, +6.1337e-02, +5.8685e-03, -4.7878e-02
-5.3976e-02, -1.0000e+00, -5.7233e-02, -1.2545e-01, +2.5658e-02, +1.9216e-03, +4.0404e-03, -1.9108e-02, -1.4049e-02, +5.1768e-02, -2.7178e-02, -5.8884e-02, -1.2206e-02, -2.5836e-02, -1.0109e-03, -7.6797e-04, +2.2261e-02, -6.4473e-05, +4.5980e-02, -4.9325e-02, +1.3112e-02, -1.0885e-02, +3.9460e-02, -1.1789e-02, +2.2161e-02, +8.4670e-02, -3.1360e-02, -4.5220e-02, -2.1666e-02, +3.0320e-02, +1.1873e-02, -3.1908e-02, -8.5698e-02, +1.0605e-02, -3.4377e-02, +1.6485e-02, +3.2552e-02, -4.5545e-02, -7.8806e-03, +1.7251e-03, -1.8939e-02, -5.2790e-03, -1.6051e-02, +3.3065e-02, -4.3941e-02, -2.6831e-02, +2.9746e-03, +3.5334e-02, +2.7705e-02, +1.3560e-02
+2.3345e-03, -5.7233e-02, -1.0000e+00, -4.1789e-02, -9.7346e-02, -1.8111e-01, -1.8079e-01, +1.2917e-02, -1.1213e-01, +5.7348e-02, -2.0488e-01, -4.0308e-02, +1.3174e-02, +6.9974e-03, +1.7277e-01, +5.1872e-02, +1.9677e-02, -8.0406e-02, +2.0793e-02, +9.5558e-03, -3.0211e-02, -5.3588e-02, -9.9192e-04, -1.8529e-01, +5.2288e-02, -2.6441e-02, -1.4221e-01, -3.0596e-02, -3.8085e-02, +2.3015e-02, +3.7885e-02, -1.1485e-02, +5.3095e-02, +2.4945e-02, +6.1972e-02, -6.7599e-02, -1.4141e-01, +1.6520e-02, -5.2925e-02, -1.2419e-02, -8.3994e-02, +2.9168e-02, +1.3324e-02, +1.3240e-03, -3.8739e-02, +3.0994e-03, -2.2394e-02, -2.1133e-01, +2.1073e-02, +1.3286e-01
-8.1858e-02, -1.2545e-01, -4.1789e-02, -1.0000e+00, -4.5764e-02, -2.2539e-01, -1.1592e-01, +4.2955e-02, -3.0910e-02, +5.8741e-02, -2.7871e-01, -1.5053e-01, -8.1825e-02, -5.7967e-02, +1.4186e-03, +7.1199e-02, +3.6435e-02, -9.2108e-02, -6.4171e-02, +8.2616e-04, +8.9548e-03, -1.2827e-01, -1.3123e-02, -1.5374e-01, +4.1609e-02, -1.3906e-01, -2.2123e-01, -8.1935e-02, -1.2949e-01, -1.4647e-01, -1.0865e-01, -7.4732e-04, -6.9158e-03, +3.2106e-02, -5.7073e-02, -1.8445e-02, +8.4437e-02, -1.1674e-01, -1.9460e-01, -4.0582e-02, -7.9030e-02, -5.9368e-03, -2.1033e-02, -3.5376e-02, -2.0668e-01, -4.4961e-02, -1.3720e-01, -7.1429e-02, -1.2512e-02, +1.2349e-01
-3.4502e-02, +2.5658e-02, -9.7346e-02, -4.5764e-02, -1.0000e+00, -8.3510e-02, -6.9873e-02, -9.7019e-02, +4.8046e-02, +2.9397e-02, -1.0072e-01, -3.1084e-02, -4.9101e-02, -2.5360e-02, -3.0899e-02, +1.0847e-01, +3.9661e-02, -2.7980e-02, -6.7984e-02, -1.0072e-02, -4.6509e-02, -5.0201e-02, +1.1278e-01, -7.6184e-02, -8.1078e-02, +7.0093e-03, -7.6317e-02, -8.9437e-02, -1.2629e-01, -1.4136e-01, -7.1072e-04, -1.7062e-02, +4.5598e-03, -5.2717e-02, +1.8111e-03, -1.9241e-02, -1.5629e-01, +1.6655e-02, -8.5151e-02, +1.8725e-02, +1.0983e-02, +1.3389e-02, +1.7135e-02, +2.2568e-02, -5.0456e-02, +2.2935e-02, -8.1004e-02, +1.3404e-01, -6.5768e-02, +7.0214e-02
-2.5344e-02, +1.9216e-03, -1.8111e-01, -2.2539e-01, -8.3510e-02, -1.0000e+00, -1.0361e-01, +1.4321e-01, -2.6990e-02, +8.6278e-02, -2.9255e-01, -1.2494e-01, -1.5227e-02, -1.6456e-01, -7.1991e-02, +5.8152e-02, +4.1810e-02, -1.4582e-01, -1.9275e-01, +1.1741e-01, +2.6369e-02, -1.1962e-01, +6.2076e-02, -1.7545e-01, -1.8101e-02, -7.2717e-02, -3.1559e-01, -1.4990e-01, -1.7542e-01, -1.7046e-01, -1.8691e-01, +3.2663e-02, +5.4853e-03, +2.2042e-02, -5.0179e-02, -4.7894e-02, +3.9130e-02, -9.2267e-02, -1.5078e-01, -1.4028e-01, -7.8123e-02, +6.2010e-03, -1.7311e-02, +9.1262e-03, -9.3232e-02, -4.5767e-02, -3.6336e-01, -5.8496e-02, -2.0187e-03, +1.0131e-01
-1.6544e-02, +4.0403e-03, -1.8079e-01, -1.1592e-01, -6.9873e-02, -1.0361e-01, -1.0000e+00, -9.4492e-02, +9.8828e-03, -1.4588e-02, -1.5050e-01, -2.6545e-02, +8.0908e-02, -1.9992e-02, +3.9023e-02, +3.0496e-02, +7.4558e-02, -8.6761e-02, -6.1300e-02, -2.5068e-02, -6.7134e-02, -5.6861e-02, +4.3305e-02, -4.0149e-02, -7.5720e-03, -3.4715e-02, -9.7415e-02, -1.0336e-01, -1.2002e-02, -9.7486e-03, +9.8526e-03, +4.5499e-02, +7.2841e-02, +6.1737e-02, +6.3360e-02, +2.4473e-02, +2.4350e-03, +4.0255e-02, -1.6907e-01, +4.0964e-02, -5.4163e-02, -9.4087e-03, -5.5301e-03, -1.3692e-02, -8.6821e-02, -3.9932e-02, -9.3524e-02, -1.6781e-02, +4.5667e-02, +9.8427e-02
+9.0136e-02, -1.9108e-02, +1.2917e-02, +4.2955e-02, -9.7019e-02, +1.4321e-01, -9.4492e-02, -1.0000e+00, +4.0213e-02, +6.9767e-02, +9.2614e-02, -4.4027e-02, -9.2739e-03, +1.0046e-01, -8.4579e-03, +4.9110e-02, +6.6925e-02, +1.5287e-02, +2.5375e-02, -1.1448e-01, +6.5294e-02, +8.7521e-02, +1.2430e-01, +9.3675e-02, +1.0475e-01, +2.9366e-02, +1.0171e-01, -1.4331e-02, +8.0967e-02, +3.5289e-02, +9.9504e-02, +5.0639e-02, +3.6131e-01, +4.1282e-02, +6.9562e-02, -2.1185e-02, +2.0110e-02, +4.7952e-02, +3.4597e-02, -2.2117e-02, +2.6424e-02, -2.6697e-02, +2.7324e-02, +4.9750e-02, -7.5304e-03, +2.5162e-02, +3.6120e-02, +4.5419e-02, +7.2775e-02, +2.6951e-01
-2.2268e-02, -1.4049e-02, -1.1213e-01, -3.0910e-02, +4.8046e-02, -2.6990e-02, +9.8828e-03, +4.0213e-02, -1.0000e+00, +3.5570e-02, -6.4879e-02, -4.2646e-03, -5.6000e-02, -1.3885e-04, +7.2853e-02, -2.2393e-02, -3.0181e-02, +6.4668e-02, +2.7128e-02, +5.1690e-03, +3.2228e-02, -4.0319e-02, -3.7909e-03, -6.4536e-02, +7.0838e-02, -4.5771e-02, -1.0280e-01, -1.7721e-02, -1.9039e-02, -8.2929e-03, -2.5599e-03, +3.7660e-02, +1.7185e-02, -2.6065e-02, +4.0286e-02, -1.0267e-02, +2.0986e-02, -6.9489e-02, +6.5294e-02, +2.3867e-02, +8.8416e-04, +2.6070e-02, +3.5950e-02, -6.6720e-02, -1.9464e-02, -8.9401e-02, -1.9370e-03, -8.6743e-02, +5.4771e-02, +1.8634e-03
+3.6042e-02, +5.1768e-02, +5.7348e-02, +5.8741e-02, +2.9397e-02, +8.6278e-02, -1.4588e-02, +6.9767e-02, +3.5570e-02, -1.0000e+00, -1.7964e-02, +5.5260e-02, +3.6825e-02, -1.8962e-03, +8.6505e-02, -2.6006e-02, +7.5937e-02, +6.4702e-02, +3.8529e-03, +7.4115e-03, -5.8572e-03, +8.5205e-03, +1.2402e-01, -8.2518e-02, +1.0233e-01, +4.4609e-02, +1.0290e-02, +6.3077e-02, +5.8015e-02, +9.9786e-04, -2.5728e-02, -6.0225e-02, +1.4382e-01, -8.7592e-03, +8.8507e-03, -6.6392e-03, -1.9691e-03, +2.8368e-02, +4.7142e-02, +9.7924e-03, +5.8218e-02, +3.5115e-02, +3.8274e-03, -2.1299e-02, +4.4634e-02, +5.2385e-02, +7.3051e-02, -1.1070e-01, -1.0720e-02, +5.6522e-02
-2.1146e-02, -2.7178e-02, -2.0488e-01, -2.7871e-01, -1.0072e-01, -2.9255e-01, -1.5050e-01, +9.2614e-02, -6.4879e-02, -1.7964e-02, -1.0000e+00, -1.2101e-01, -8.8104e-02, -1.1152e-01, -2.7054e-02, +6.9466e-02, +1.3855e-02, -1.2129e-01, -1.4899e-01, +5.3820e-02, +5.3654e-02, -9.5036e-02, +1.0502e-01, -1.7817e-01, +9.1664e-03, -1.0269e-01, -2.4050e-01, -1.5271e-01, -1.1142e-01, -1.0304e-01, -1.1479e-01, +1.0863e-02, -1.9144e-03, -6.6459e-03, -6.3939e-02, -6.4243e-03, -1.5909e-02, -1.1626e-01, -1.1688e-01, -7.5058e-03, -6.9698e-02, +1.8907e-02, -1.3067e-02, -1.9061e-02, -1.7133e-01, -3.9662e-02, -2.9744e-01, -1.3517e-01, -3.0364e-02, +1.8714e-01
-1.4729e-02, -5.8884e-02, -4.0308e-02, -1.5053e-01, -3.1084e-02, -1.2494e-01, -2.6545e-02, -4.4027e-02, -4.2647e-03, +5.5260e-02, -1.2101e-01, -1.0000e+00, +5.6331e-03, -7.7806e-02, -5.6270e-03, -3.0378e-02, +5.6807e-02, -9.3287e-02, -2.6950e-02, +1.2793e-02, +1.0796e-01, -8.4010e-02, +4.1369e-02, -4.8550e-02, -3.6448e-03, -2.6629e-02, -7.2284e-02, -7.6339e-02, -7.9196e-02, -5.3428e-02, -1.8381e-02, +4.0264e-02, -2.6663e-02, +1.6498e-02, -6.3330e-02, -1.6200e-02, -8.0466e-02, -3.2626e-02, -1.0912e-01, +4.3771e-03, -8.8074e-03, +4.9785e-03, +1.2145e-02, -9.5248e-03, -5.7653e-02, -2.7227e-03, -9.5872e-02, +5.0830e-02, +1.6780e-02, +1.2689e-01
+2.5013e-03, -1.2206e-02, +1.3174e-02, -8.1825e-02, -4.9101e-02, -1.5227e-02, +8.0908e-02, -9.2739e-03, -5.6000e-02, +3.6825e-02, -8.8104e-02, +5.6331e-03, -1.0000e+00, -5.9572e-02, +9.1753e-04, +1.1232e-01, +5.8815e-02, -7.1138e-02, -1.4127e-02, +2.6437e-02, +1.9625e-02, -4.8486e-02, +5.1584e-02, -1.2851e-02, -5.7043e-02, -9.4916e-02, -8.6260e-02, -1.7173e-02, -3.8278e-02, -7.3147e-02, -1.3197e-02, +6.0067e-03, +1.9620e-02, +3.1008e-02, -2.9478e-02, -2.9324e-02, -1.2695e-02, -1.3176e-02, -4.1691e-02, -1.1344e-02, -2.8658e-02, +1.0550e-02, +8.5520e-03, -1.2425e-02, -1.5738e-01, +5.5003e-03, -5.3004e-02, +5.1161e-03, +1.0953e-03, -3.4530e-02
-1.3605e-02, -2.5836e-02, +6.9974e-03, -5.7967e-02, -2.5360e-02, -1.6456e-01, -1.9992e-02, +1.0046e-01, -1.3885e-04, -1.8962e-03, -1.1152e-01, -7.7806e-02, -5.9572e-02, -1.0000e+00, -5.3405e-02, +5.1848e-02, +2.7848e-02, -9.1564e-02, -1.1665e-01, +3.5447e-02, -1.4071e-02, -2.1677e-02, +1.8321e-02, -1.0845e-01, -3.1279e-02, -3.5287e-02, -2.3028e-01, -1.0567e-01, -4.3869e-02, -1.4765e-01, -1.0698e-01, -4.9366e-03, -2.8771e-02, +4.7178e-02, -5.3729e-02, +4.4132e-03, +1.4206e-01, -5.0088e-02, -7.7378e-02, -7.1892e-02, -7.8903e-02, +1.9739e-02, -2.5905e-03, -5.1013e-02, -1.5207e-01, -6.6367e-02, -2.3017e-01, +5.3939e-03, +2.9097e-02, +1.9119e-02
-1.4147e-02, -1.0110e-03, +1.7277e-01, +1.4186e-03, -3.0899e-02, -7.1991e-02, +3.9023e-02, -8.4579e-03, +7.2853e-02, +8.6505e-02, -2.7054e-02, -5.6270e-03, +9.1752e-04, -5.3405e-02, -1.0000e+00, -2.5059e-02, -5.2537e-02, -2.1961e-02, -9.4244e-02, -3.5364e-02, -1.3785e-01, +1.6837e-04, -1.7809e-01, +5.7293e-03, -4.9170e-02, +3.6503e-02, +2.4460e-03, -7.7532e-02, -9.5042e-02, -3.5490e-02, -1.0642e-01, +2.4115e-03, -3.0837e-02, -3.6447e-02, -9.5444e-02, +2.4351e-02, +1.0372e-01, -4.0942e-02, -6.8784e-02, +1.4980e-02, -9.7936e-04, +7.3114e-02, -5.8345e-02, +4.8013e-02, -7.8564e-02, -7.1012e-03, -1.0704e-01, +2.5968e-01, +9.0056e-03, +7.0182e-02
-6.3395e-02, -7.6796e-04, +5.1872e-02, +7.1199e-02, +1.0847e-01, +5.8152e-02, +3.0496e-02, +4.9110e-02, -2.2393e-02, -2.6006e-02, +6.9466e-02, -3.0378e-02, +1.1232e-01, +5.1848e-02, -2.5059e-02, -1.0000e+00, +7.4824e-03, +3.5461e-02, +6.8225e-02, +1.6399e-01, -7.9453e-02, -4.9487e-02, +8.7223e-02, +8.8178e-02, +4.4830e-02, +8.4161e-02, +1.0814e-01, +4.0486e-02, +7.8083e-02, +1.0614e-01, +8.3730e-02, +1.0347e-01, +1.0962e-01, -1.4023e-01, +2.8885e-02, +1.0340e-01, +1.3024e-01, +4.9451e-02, +1.6979e-02, +8.9390e-02, +7.6249e-03, -5.8900e-02, +2.4022e-02, +3.5496e-02, +1.0678e-01, -5.2737e-02, +1.4124e-01, +2.0462e-01, -1.2151e-02, +2.6798e-01
+1.4866e-02, +2.2261e-02, +1.9677e-02, +3.6435e-02, +3.9661e-02, +4.1810e-02, +7.4558e-02, +6.6925e-02, -3.0181e-02, +7.5937e-02, +1.3855e-02, +5.6807e-02, +5.8815e-02, +2.7848e-02, -5.2537e-02, +7.4824e-03, -1.0000e+00, +6.9860e-03, +6.0997e-02, -1.9784e-04, -3.9219e-02, +7.7542e-02, +8.7471e-02, +9.6877e-02, +8.0621e-02, +3.6189e-03, +6.8290e-02, +1.6972e-02, +6.5034e-02, -2.8172e-02, +5.5238e-02, -4.4619e-02, +6.5996e-02, +1.2254e-02, -1.5946e-02, +9.2947e-03, -1.0002e-03, +8.9638e-04, +4.9310e-02, -4.7535e-03, -2.1126e-03, -1.1480e-02, -1.4880e-02, -2.5365e-02, +6.2411e-02, +4.3978e-02, -3.1186e-03, -3.7736e-02, -3.1056e-02, +4.8457e-02
+3.6555e-03, -6.4464e-05, -8.0406e-02, -9.2108e-02, -2.7980e-02, -1.4582e-01, -8.6761e-02, +1.5287e-02, +6.4668e-02, +6.4702e-02, -1.2129e-01, -9.3287e-02, -7.1138e-02, -9.1564e-02, -2.1961e-02, +3.5461e-02, +6.9860e-03, -1.0000e+00, +1.2271e-02, +2.3504e-02, +1.1001e-02, -7.8359e-02, +4.6380e-02, +4.2840e-02, -6.6483e-02, -7.9068e-02, -9.2477e-02, -9.9068e-02, -3.4357e-02, -1.1633e-01, -5.5826e-02, +9.3639e-03, -3.2268e-02, +2.6473e-02, +3.6781e-03, +7.3849e-03, +4.6175e-02, -7.1655e-02, -4.8291e-02, -3.7111e-02, -5.8632e-02, -9.3053e-03, +6.6933e-02, -8.5702e-03, -1.7936e-01, +4.8479e-02, -1.7944e-01, +2.0908e-02, -2.6650e-02, +6.0141e-02
+4.3184e-02, +4.5980e-02, +2.0793e-02, -6.4171e-02, -6.7984e-02, -1.9275e-01, -6.1300e-02, +2.5375e-02, +2.7129e-02, +3.8529e-03, -1.4899e-01, -2.6950e-02, -1.4127e-02, -1.1665e-01, -9.4244e-02, +6.8225e-02, +6.0997e-02, +1.2271e-02, -1.0000e+00, -2.2124e-02, -6.8973e-02, -5.9564e-02, -8.1739e-03, -8.3520e-02, -3.1877e-02, -4.7254e-03, -1.0056e-01, -9.9893e-02, +4.1919e-02, -9.3524e-02, -9.4107e-02, +1.9256e-02, +4.9922e-02, +9.0897e-03, -6.7539e-02, +8.6330e-02, +1.4578e-01, -1.0064e-01, -1.6358e-01, -2.2185e-02, -6.3372e-02, -5.0913e-03, -4.6383e-02, -1.9953e-02, -8.1992e-02, -7.3655e-02, -2.0728e-01, +1.6481e-03, -8.8429e-03, +7.9779e-02
-1.2919e-02, -4.9325e-02, +9.5559e-03, +8.2616e-04, -1.0072e-02, +1.1741e-01, -2.5068e-02, -1.1448e-01, +5.1690e-03, +7.4115e-03, +5.3820e-02, +1.2793e-02, +2.6437e-02, +3.5447e-02, -3.5364e-02, +1.6399e-01, -1.9784e-04, +2.3504e-02, -2.2124e-02, -1.0000e+00, +4.2469e-03, +3.9311e-02, +2.0436e-02, +8.1337e-03, +4.1450e-02, +4.8586e-04, +8.8528e-02, -1.2377e-03, -3.8378e-03, -2.9050e-02, +2.3117e-02, -1.5950e-02, -1.0219e-01, +6.3964e-02, +2.9888e-02, -5.0143e-02, +1.5419e-02, -5.0456e-02, -3.4656e-03, -1.6858e-02, -2.2302e-02, +1.9601e-02, +1.4354e-02, -1.3406e-01, +3.1888e-02, +5.7415e-02, -1.1236e-02, +3.7692e-02, -5.2115e-02, -2.6134e-02
+2.9986e-03, +1.3112e-02, -3.0211e-02, +8.9548e-03, -4.6509e-02, +2.6369e-02, -6.7134e-02, +6.5294e-02, +3.2228e-02, -5.8572e-03, +5.3654e-02, +1.0796e-01, +1.9625e-02, -1.4071e-02, -1.3785e-01, -7.9453e-02, -3.9219e-02, +1.1001e-02, -6.8973e-02, +4.2469e-03, -1.0000e+00, +2.4247e-01, -2.7945e-01, +8.7115e-02, -5.9870e-02, -2.2771e-02, -1.1960e-02, -7.2316e-02, +4.3277e-02, +1.3727e-02, +7.6219e-02, -8.3829e-02, +8.4343e-02, -7.8369e-02, +5.1303e-02, -2.9078e-03, +2.6847e-01, +2.5095e-03, -7.0833e-02, +3.4298e-02, -1.2026e-01, -3.4828e-03, -8.3204e-02, -8.3871e-02, -1.2757e-01, -6.2589e-02, -6.0894e-03, +1.1676e-01, -3.9885e-02, +1.2162e-01
-5.8299e-02, -1.0885e-02, -5.3588e-02, -1.2827e-01, -5.0201e-02, -1.1962e-01, -5.6861e-02, +8.7521e-02, -4.0319e-02, +8.5205e-03, -9.5036e-02, -8.4010e-02, -4.8486e-02, -2.1677e-02, +1.6836e-04, -4.9487e-02, +7.7542e-02, -7.8359e-02, -5.9564e-02, +3.9311e-02, +2.4247e-01, -1.0000e+00, +3.1684e-03, -1.3502e-01, +3.5009e-02, -7.3462e-03, -1.4039e-01, -6.9282e-02, -6.9691e-02, -8.4185e-02, -9.2181e-02, -5.1228e-02, +1.1992e-01, +1.0817e-01, -1.6185e-02, +6.5149e-02, +1.8722e-01, -1.5003e-01, -1.6716e-01, -2.5581e-02, -3.7100e-02, -8.3194e-03, +5.1696e-02, +2.0146e-02, -3.0775e-02, +2.5765e-03, -9.4733e-02, -4.8668e-02, -2.9784e-01, +3.0496e-02
+3.3824e-02, +3.9460e-02, -9.9192e-04, -1.3123e-02, +1.1278e-01, +6.2076e-02, +4.3305e-02, +1.2430e-01, -3.7909e-03, +1.2402e-01, +1.0502e-01, +4.1369e-02, +5.1584e-02, +1.8321e-02, -1.7809e-01, +8.7223e-02, +8.7471e-02, +4.6380e-02, -8.1739e-03, +2.0436e-02, -2.7945e-01, +3.1684e-03, -1.0000e+00, -7.0002e-02, +1.6854e-01, -2.9436e-02, +3.4703e-03, +1.8923e-02, +9.8314e-02, +1.2015e-01, +5.2327e-02, -1.5974e-01, +1.3250e-01, -4.8686e-02, -6.0330e-02, +3.3258e-04, +3.2591e-03, -4.9808e-02, +1.4769e-01, -2.0034e-02, +2.0930e-03, -1.9552e-02, -2.7883e-02, -3.2919e-02, +9.0572e-02, -9.1268e-03, -1.6037e-02, -3.6635e-02, -5.4258e-02, +3.3493e-02
-2.7528e-04, -1.1789e-02, -1.8529e-01, -1.5374e-01, -7.6184e-02, -1.7545e-01, -4.0149e-02, +9.3675e-02, -6.4536e-02, -8.2518e-02, -1.7817e-01, -4.8550e-02, -1.2851e-02, -1.0845e-01, +5.7293e-03, +8.8178e-02, +9.6877e-02, +4.2840e-02, -8.3520e-02, +8.1337e-03, +8.7115e-02, -1.3502e-01, -7.0002e-02, -1.0000e+00, +1.0139e-01, -6.1342e-02, -3.1276e-01, -2.0523e-02, -5.2029e-02, -6.2432e-02, -1.6826e-01, -1.5855e-02, +5.4418e-02, +1.5366e-02, +5.9840e-03, -2.3504e-02, -2.3919e-02, -1.3520e-01, -1.0443e-01, -1.9438e-02, -6.1215e-02, +6.9793e-02, -5.2167e-03, -2.6274e-02, -8.8916e-02, -5.4069e-02, -2.7302e-01, -2.1895e-01, -1.3113e-02, +2.0271e-01
+1.4461e-02, +2.2161e-02, +5.2288e-02, +4.1609e-02, -8.1078e-02, -1.8101e-02, -7.5720e-03, +1.0475e-01, +7.0838e-02, +1.0233e-01, +9.1665e-03, -3.6448e-03, -5.7043e-02, -3.1279e-02, -4.9170e-02, +4.4830e-02, +8.0621e-02, -6.6483e-02, -3.1877e-02, +4.1450e-02, -5.9870e-02, +3.5009e-02, +1.6854e-01, +1.0139e-01, -1.0000e+00, -4.7698e-03, +6.2901e-02, -9.5675e-02, -1.5724e-01, -1.8144e-02, -5.7259e-02, -1.1828e-02, -1.7693e-01, -1.1869e-01, -3.5453e-02, +1.0247e-02, +1.8882e-02, -3.0371e-02, -2.0833e-02, +7.0237e-02, +1.9474e-02, -4.1148e-02, -1.0005e-01, -3.2552e-02, -6.2006e-02, +4.8430e-02, -2.7407e-02, +3.0375e-01, +1.1742e-01, +4.8383e-02
-2.6994e-02, +8.4670e-02, -2.6441e-02, -1.3906e-01, +7.0093e-03, -7.2717e-02, -3.4715e-02, +2.9366e-02, -4.5771e-02, +4.4609e-02, -1.0269e-01, -2.6629e-02, -9.4916e-02, -3.5287e-02, +3.6503e-02, +8.4161e-02, +3.6189e-03, -7.9068e-02, -4.7254e-03, +4.8586e-04, -2.2771e-02, -7.3462e-03, -2.9436e-02, -6.1342e-02, -4.7698e-03, -1.0000e+00, -1.0306e-01, +7.4255e-04, -4.5610e-02, -1.1464e-01, +1.4499e-02, -4.2025e-03, +1.3697e-02, -3.6227e-02, +1.6446e-02, -1.0462e-04, -1.1119e-02, +1.2158e-02, -1.6053e-02, -9.1246e-02, -7.1449e-02, -5.0437e-03, -3.2965e-02, -4.8159e-02, -6.6798e-02, +4.8121e-02, -3.7825e-02, -6.3112e-02, +5.4136e-03, +1.5664e-02
-2.8097e-02, -3.1360e-02, -1.4221e-01, -2.2123e-01, -7.6317e-02, -3.1559e-01, -9.7415e-02, +1.0171e-01, -1.0280e-01, +1.0290e-02, -2.4050e-01, -7.2284e-02, -8.6260e-02, -2.3028e-01, +2.4460e-03, +1.0814e-01, +6.8290e-02, -9.2477e-02, -1.0056e-01, +8.8528e-02, -1.1960e-02, -1.4039e-01, +3.4703e-03, -3.1276e-01, +6.2901e-02, -1.0306e-01, -1.0000e+00, -1.0044e-01, -1.7788e-01, -2.2146e-01, -1.1690e-01, -1.6184e-02, +5.2939e-02, +9.0120e-02, +2.1948e-02, -5.7326e-02, +1.3037e-01, -7.6920e-02, -1.2561e-01, -8.4952e-02, -1.3314e-01, +2.1212e-02, -3.2552e-02, -9.0624e-02, -1.9883e-01, -1.0799e-01, -3.3073e-01, -2.4663e-01, -6.5864e-02, +2.1039e-01
-3.0076e-02, -4.5220e-02, -3.0596e-02, -8.1935e-02, -8.9437e-02, -1.4990e-01, -1.0336e-01, -1.4331e-02, -1.7721e-02, +6.3077e-02, -1.5271e-01, -7.6339e-02, -1.7173e-02, -1.0567e-01, -7.7532e-02, +4.0486e-02, +1.6972e-02, -9.9068e-02, -9.9893e-02, -1.2376e-03, -7.2316e-02, -6.9282e-02, +1.8923e-02, -2.0523e-02, -9.5675e-02, +7.4255e-04, -1.0044e-01, -1.0000e+00, -1.5470e-01, -2.1258e-02, -6.1589e-02, -2.8656e-02, -5.6760e-03, -2.7704e-02, -1.0992e-01, +1.7624e-02, +9.8000e-02, -7.9579e-02, -1.3165e-01, -2.8124e-02, -2.4141e-02, +4.5094e-02, -3.1609e-02, -4.6884e-02, -1.1092e-01, -1.2790e-02, -1.4519e-01, +8.7841e-02, +1.2153e-02, +1.0405e-01
-5.0990e-02, -2.1666e-02, -3.8085e-02, -1.2949e-01, -1.2629e-01, -1.7542e-01, -1.2002e-02, +8.0967e-02, -1.9039e-02, +5.8015e-02, -1.1142e-01, -7.9196e-02, -3.8278e-02, -4.3869e-02, -9.5042e-02, +7.8083e-02, +6.5034e-02, -3.4357e-02, +4.1919e-02, -3.8378e-03, +4.3277e-02, -6.9691e-02, +9.8314e-02, -5.2029e-02, -1.5724e-01, -4.5610e-02, -1.7788e-01, -1.5470e-01, -1.0000e+00, -1.0912e-01, -1.3001e-01, +9.8942e-03, -1.1603e-01, -1.2316e-02, -1.0479e-01, -3.6645e-02, -9.3979e-02, -1.5040e-01, -9.0066e-02, +3.1521e-02, +9.6666e-02, +2.2719e-02, -9.8842e-03, +3.1911e-03, -8.6349e-02, +4.5043e-02, -1.3822e-01, +1.8778e-01, +4.7543e-03, +7.0955e-02
-3.4951e-02, +3.0320e-02, +2.3015e-02, -1.4647e-01, -1.4136e-01, -1.7046e-01, -9.7486e-03, +3.5289e-02, -8.2929e-03, +9.9786e-04, -1.0304e-01, -5.3428e-02, -7.3147e-02, -1.4765e-01, -3.5490e-02, +1.0614e-01, -2.8172e-02, -1.1633e-01, -9.3524e-02, -2.9050e-02, +1.3727e-02, -8.4185e-02, +1.2015e-01, -6.2432e-02, -1.8144e-02, -1.1464e-01, -2.2146e-01, -2.1258e-02, -1.0912e-01, -1.0000e+00, -8.4785e-02, -5.9082e-02, -4.4806e-02, +3.1102e-02, -5.5221e-03, +1.6414e-03, +6.8924e-02, -3.7161e-02, -7.6471e-02, +1.4955e-02, -4.4276e-02, -1.1400e-02, +6.0364e-03, +2.1404e-02, -1.5311e-01, +2.2682e-02, -2.1013e-01, +4.7208e-02, +1.8992e-02, -1.2548e-02
+7.9416e-03, +1.1873e-02, +3.7885e-02, -1.0865e-01, -7.1073e-04, -1.8691e-01, +9.8526e-03, +9.9504e-02, -2.5599e-03, -2.5728e-02, -1.1479e-01, -1.8381e-02, -1.3197e-02, -1.0698e-01, -1.0642e-01, +8.3730e-02, +5.5238e-02, -5.5826e-02, -9.4107e-02, +2.3117e-02, +7.6219e-02, -9.2181e-02, +5.2327e-02, -1.6826e-01, -5.7259e-02, +1.4499e-02, -1.1690e-01, -6.1589e-02, -1.3001e-01, -8.4785e-02, -1.0000e+00, -1.2887e-02, -5.8580e-02, -2.2449e-02, -2.4282e-02, +4.6453e-02, +7.6818e-02, -1.7007e-01, -1.6825e-01, -1.0832e-02, -7.7528e-02, +4.6797e-02, -3.1301e-03, -5.7365e-03, -1.0731e-01, -4.3474e-02, -2.3843e-01, +1.3545e-01, -4.5947e-02, +9.7264e-03
+1.2994e-02, -3.1908e-02, -1.1486e-02, -7.4732e-04, -1.7062e-02, +3.2663e-02, +4.5499e-02, +5.0639e-02, +3.7660e-02, -6.0225e-02, +1.0863e-02, +4.0264e-02, +6.0067e-03, -4.9366e-03, +2.4115e-03, +1.0347e-01, -4.4619e-02, +9.3639e-03, +1.9256e-02, -1.5950e-02, -8.3829e-02, -5.1228e-02, -1.5974e-01, -1.5855e-02, -1.1828e-02, -4.2025e-03, -1.6184e-02, -2.8656e-02, +9.8942e-03, -5.9082e-02, -1.2887e-02, -1.0000e+00, -3.4613e-02, +6.7971e-02, -3.9220e-02, +1.5182e-02, +6.2385e-02, -3.3904e-02, +1.0824e-02, -2.2754e-02, -1.5162e-02, -2.1715e-02, -4.0014e-02, +1.4899e-02, -2.3495e-02, +4.2199e-03, +1.6188e-02, +6.4225e-02, +2.0232e-02, -2.0327e-02
-5.5956e-03, -8.5698e-02, +5.3095e-02, -6.9158e-03, +4.5598e-03, +5.4854e-03, +7.2841e-02, +3.6131e-01, +1.7185e-02, +1.4382e-01, -1.9144e-03, -2.6663e-02, +1.9620e-02, -2.8771e-02, -3.0837e-02, +1.0962e-01, +6.5996e-02, -3.2268e-02, +4.9922e-02, -1.0219e-01, +8.4343e-02, +1.1992e-01, +1.3250e-01, +5.4418e-02, -1.7693e-01, +1.3697e-02, +5.2939e-02, -5.6760e-03, -1.1603e-01, -4.4806e-02, -5.8580e-02, -3.4613e-02, -1.0000e+00, +8.9372e-02, -6.6733e-02, -1.3358e-02, -1.3197e-01, -5.4409e-02, -5.8003e-02, -8.8101e-03, +1.7376e-02, -9.9807e-02, -2.1099e-02, -4.6141e-02, -2.8608e-02, +9.3100e-02, +3.2297e-02, +1.3321e-01, +1.8230e-01, -1.7240e-01
-1.1230e-01, +1.0605e-02, +2.4945e-02, +3.2106e-02, -5.2717e-02, +2.2042e-02, +6.1737e-02, +4.1282e-02, -2.6065e-02, -8.7592e-03, -6.6459e-03, +1.6498e-02, +3.1008e-02, +4.7178e-02, -3.6447e-02, -1.4023e-01, +1.2254e-02, +2.6473e-02, +9.0897e-03, +6.3964e-02, -7.8369e-02, +1.0817e-01, -4.8686e-02, +1.5366e-02, -1.1869e-01, -3.6227e-02, +9.0120e-02, -2.7704e-02, -1.2316e-02, +3.1102e-02, -2.2449e-02, +6.7971e-02, +8.9372e-02, -1.0000e+00, -7.0243e-02, +4.9312e-02, +3.8355e-02, -1.4610e-02, +4.2615e-02, -5.4019e-02, -4.6044e-02, +4.4708e-02, +2.3591e-02, +3.4273e-02, -2.4823e-02, -2.1338e-02, +3.3286e-02, +1.3951e-01, -1.6730e-03, -2.6273e-02
-6.5812e-02, -3.4377e-02, +6.1972e-02, -5.7073e-02, +1.8111e-03, -5.0179e-02, +6.3360e-02, +6.9562e-02, +4.0286e-02, +8.8507e-03, -6.3939e-02, -6.3330e-02, -2.9478e-02, -5.3729e-02, -9.5444e-02, +2.8885e-02, -1.5946e-02, +3.6781e-03, -6.7539e-02, +2.9888e-02, +5.1303e-02, -1.6185e-02, -6.0330e-02, +5.9840e-03, -3.5453e-02, +1.6446e-02, +2.1948e-02, -1.0992e-01, -1.0479e-01, -5.5221e-03, -2.4282e-02, -3.9220e-02, -6.6733e-02, -7.0243e-02, -1.0000e+00, -1.9460e-02, -1.4393e-01, -2.5441e-02, +3.7925e-03, -1.1994e-02, +2.5950e-02, -9.7768e-03, +3.4411e-02, +3.9375e-02, -9.9198e-02, +3.0268e-02, -4.2637e-02, +1.2191e-01, +5.0119e-02, +5.2233e-02
+1.0609e-01, +1.6485e-02, -6.7599e-02, -1.8445e-02, -1.9241e-02, -4.7894e-02, +2.4473e-02, -2.1185e-02, -1.0267e-02, -6.6392e-03, -6.4243e-03, -1.6200e-02, -2.9324e-02, +4.4132e-03, +2.4351e-02, +1.0340e-01, +9.2947e-03, +7.3848e-03, +8.6330e-02, -5.0143e-02, -2.9078e-03, +6.5149e-02, +3.3259e-04, -2.3504e-02, +1.0247e-02, -1.0461e-04, -5.7326e-02, +1.7624e-02, -3.6645e-02, +1.6414e-03, +4.6453e-02, +1.5182e-02, -1.3358e-02, +4.9312e-02, -1.9459e-02, -1.0000e+00, -1.3848e-01, +4.0782e-02, +2.8206e-02, +8.6180e-03, -2.6462e-02, -3.9393e-02, -1.0033e-02, -4.1912e-02, -2.3513e-04, +3.8855e-03, +9.9364e-03, -8.7799e-02, -9.4266e-03, +3.1780e-02
+3.9652e-02, +3.2552e-02, -1.4141e-01, +8.4437e-02, -1.5629e-01, +3.9130e-02, +2.4350e-03, +2.0110e-02, +2.0986e-02, -1.9691e-03, -1.5909e-02, -8.0466e-02, -1.2695e-02, +1.4206e-01, +1.0372e-01, +1.3024e-01, -1.0003e-03, +4.6175e-02, +1.4578e-01, +1.5419e-02, +2.6847e-01, +1.8722e-01, +3.2591e-03, -2.3919e-02, +1.8882e-02, -1.1119e-02, +1.3037e-01, +9.8000e-02, -9.3979e-02, +6.8924e-02, +7.6818e-02, +6.2385e-02, -1.3197e-01, +3.8355e-02, -1.4393e-01, -1.3848e-01, -1.0000e+00, +7.2797e-02, +1.0931e-01, +3.6725e-02, +1.6772e-01, -3.2972e-02, +5.5816e-02, -3.8256e-03, +1.6153e-01, +1.2059e-01, +9.7089e-02, +1.2380e-01, +5.1491e-03, +7.5013e-03
-3.2723e-02, -4.5545e-02, +1.6520e-02, -1.1674e-01, +1.6655e-02, -9.2267e-02, +4.0255e-02, +4.7952e-02, -6.9489e-02, +2.8368e-02, -1.1626e-01, -3.2626e-02, -1.3176e-02, -5.0088e-02, -4.0942e-02, +4.9451e-02, +8.9638e-04, -7.1655e-02, -1.0064e-01, -5.0456e-02, +2.5095e-03, -1.5003e-01, -4.9808e-02, -1.3520e-01, -3.0371e-02, +1.2158e-02, -7.6920e-02, -7.9579e-02, -1.5040e-01, -3.7161e-02, -1.7007e-01, -3.3904e-02, -5.4409e-02, -1.4610e-02, -2.5441e-02, +4.0782e-02, +7.2797e-02, -1.0000e+00, -9.5075e-02, +4.9385e-03, -3.3627e-02, -3.3791e-03, -4.3971e-02, -8.6232e-03, -2.4189e-03, +5.0900e-03, -1.6822e-01, +4.5708e-02, -6.7576e-02, +7.5391e-02
-4.6498e-02, -7.8806e-03, -5.2925e-02, -1.9460e-01, -8.5151e-02, -1.5078e-01, -1.6907e-01, +3.4597e-02, +6.5294e-02, +4.7142e-02, -1.1688e-01, -1.0912e-01, -4.1691e-02, -7.7378e-02, -6.8784e-02, +1.6979e-02, +4.9310e-02, -4.8291e-02, -1.6358e-01, -3.4656e-03, -7.0833e-02, -1.6716e-01, +1.4769e-01, -1.0443e-01, -2.0833e-02, -1.6053e-02, -1.2561e-01, -1.3165e-01, -9.0065e-02, -7.6471e-02, -1.6825e-01, +1.0824e-02, -5.8003e-02, +4.2615e-02, +3.7925e-03, +2.8206e-02, +1.0931e-01, -9.5075e-02, -1.0000e+00, -2.6537e-02, -5.5888e-02, -3.4441e-02, -2.1484e-02, -3.5943e-02, -1.0201e-01, -4.1036e-02, -1.7445e-01, +1.2262e-01, -7.1699e-02, +1.1919e-02
+2.9897e-02, +1.7251e-03, -1.2419e-02, -4.0582e-02, +1.8725e-02, -1.4028e-01, +4.0964e-02, -2.2117e-02, +2.3867e-02, +9.7924e-03, -7.5058e-03, +4.3771e-03, -1.1344e-02, -7.1892e-02, +1.4980e-02, +8.9390e-02, -4.7535e-03, -3.7111e-02, -2.2185e-02, -1.6858e-02, +3.4298e-02, -2.5581e-02, -2.0034e-02, -1.9438e-02, +7.0237e-02, -9.1246e-02, -8.4952e-02, -2.8124e-02, +3.1521e-02, +1.4955e-02, -1.0832e-02, -2.2754e-02, -8.8101e-03, -5.4019e-02, -1.1994e-02, +8.6180e-03, +3.6725e-02, +4.9385e-03, -2.6537e-02, -1.0000e+00, -6.3325e-02, +6.9736e-04, -5.5520e-02, -3.8453e-02, -5.6209e-02, +6.9409e-04, -6.6849e-02, -1.1401e-01, -2.8972e-03, +8.5964e-03
-3.5331e-02, -1.8939e-02, -8.3994e-02, -7.9030e-02, +1.0983e-02, -7.8123e-02, -5.4163e-02, +2.6424e-02, +8.8414e-04, +5.8218e-02, -6.9698e-02, -8.8074e-03, -2.8658e-02, -7.8903e-02, -9.7936e-04, +7.6249e-03, -2.1126e-03, -5.8632e-02, -6.3372e-02, -2.2302e-02, -1.2026e-01, -3.7100e-02, +2.0930e-03, -6.1215e-02, +1.9474e-02, -7.1449e-02, -1.3314e-01, -2.4141e-02, +9.6666e-02, -4.4276e-02, -7.7528e-02, -1.5162e-02, +1.7376e-02, -4.6044e-02, +2.5950e-02, -2.6462e-02, +1.6772e-01, -3.3627e-02, -5.5888e-02, -6.3325e-02, -1.0000e+00, +2.4246e-02, +1.9671e-02, -2.0393e-02, -1.2202e-01, -7.5985e-02, -1.3573e-01, -5.5431e-02, -4.3826e-03, +5.5435e-02
+3.0382e-02, -5.2790e-03, +2.9168e-02, -5.9368e-03, +1.3389e-02, +6.2010e-03, -9.4087e-03, -2.6697e-02, +2.6070e-02, +3.5115e-02, +1.8907e-02, +4.9785e-03, +1.0550e-02, +1.9739e-02, +7.3114e-02, -5.8900e-02, -1.1480e-02, -9.3053e-03, -5.0913e-03, +1.9601e-02, -3.4828e-03, -8.3194e-03, -1.9552e-02, +6.9793e-02, -4.1148e-02, -5.0437e-03, +2.1212e-02, +4.5094e-02, +2.2719e-02, -1.1400e-02, +4.6797e-02, -2.1715e-02, -9.9807e-02, +4.4708e-02, -9.7768e-03, -3.9393e-02, -3.2972e-02, -3.3791e-03, -3.4441e-02, +6.9737e-04, +2.4246e-02, -1.0000e+00, +4.4365e-02, +1.5291e-02, +3.0199e-02, +2.8882e-02, +5.8188e-03, -3.4037e-01, -1.5305e-02, +4.1031e-02
-1.4850e-02, -1.6051e-02, +1.3324e-02, -2.1033e-02, +1.7135e-02, -1.7311e-02, -5.5301e-03, +2.7324e-02, +3.5950e-02, +3.8274e-03, -1.3068e-02, +1.2145e-02, +8.5520e-03, -2.5905e-03, -5.8345e-02, +2.4022e-02, -1.4880e-02, +6.6933e-02, -4.6383e-02, +1.4354e-02, -8.3204e-02, +5.1696e-02, -2.7883e-02, -5.2167e-03, -1.0005e-01, -3.2965e-02, -3.2552e-02, -3.1609e-02, -9.8842e-03, +6.0364e-03, -3.1301e-03, -4.0014e-02, -2.1099e-02, +2.3591e-02, +3.4411e-02, -1.0033e-02, +5.5816e-02, -4.3971e-02, -2.1484e-02, -5.5520e-02, +1.9671e-02, +4.4365e-02, -1.0000e+00, -7.3047e-02, +7.7911e-02, -1.0182e-02, -3.9080e-02, -2.5312e-02, +1.2340e-03, +6.0932e-02
+4.1351e-02, +3.3065e-02, +1.3240e-03, -3.5376e-02, +2.2568e-02, +9.1262e-03, -1.3692e-02, +4.9750e-02, -6.6720e-02, -2.1299e-02, -1.9061e-02, -9.5248e-03, -1.2425e-02, -5.1013e-02, +4.8013e-02, +3.5496e-02, -2.5365e-02, -8.5702e-03, -1.9953e-02, -1.3406e-01, -8.3871e-02, +2.0146e-02, -3.2919e-02, -2.6274e-02, -3.2552e-02, -4.8159e-02, -9.0624e-02, -4.6884e-02, +3.1911e-03, +2.1404e-02, -5.7365e-03, +1.4899e-02, -4.6141e-02, +3.4272e-02, +3.9375e-02, -4.1912e-02, -3.8256e-03, -8.6232e-03, -3.5943e-02, -3.8453e-02, -2.0393e-02, +1.5291e-02, -7.3047e-02, -1.0000e+00, -5.1321e-02, -2.9076e-03, +1.3160e-03, -2.9576e-02, +2.6227e-02, +8.1261e-02
-3.3196e-02, -4.3941e-02, -3.8739e-02, -2.0668e-01, -5.0456e-02, -9.3232e-02, -8.6821e-02, -7.5304e-03, -1.9464e-02, +4.4634e-02, -1.7133e-01, -5.7653e-02, -1.5738e-01, -1.5207e-01, -7.8564e-02, +1.0678e-01, +6.2411e-02, -1.7936e-01, -8.1992e-02, +3.1888e-02, -1.2757e-01, -3.0775e-02, +9.0572e-02, -8.8916e-02, -6.2006e-02, -6.6798e-02, -1.9883e-01, -1.1092e-01, -8.6349e-02, -1.5311e-01, -1.0731e-01, -2.3495e-02, -2.8608e-02, -2.4823e-02, -9.9198e-02, -2.3513e-04, +1.6153e-01, -2.4189e-03, -1.0201e-01, -5.6209e-02, -1.2202e-01, +3.0199e-02, +7.7911e-02, -5.1321e-02, -1.0000e+00, -1.9907e-02, -1.5003e-01, +3.2772e-02, -4.1423e-02, +1.0512e-01
-1.9721e-03, -2.6831e-02, +3.0994e-03, -4.4961e-02, +2.2935e-02, -4.5767e-02, -3.9932e-02, +2.5162e-02, -8.9401e-02, +5.2385e-02, -3.9662e-02, -2.7227e-03, +5.5003e-03, -6.6367e-02, -7.1012e-03, -5.2737e-02, +4.3978e-02, +4.8479e-02, -7.3655e-02, +5.7415e-02, -6.2589e-02, +2.5765e-03, -9.1268e-03, -5.4069e-02, +4.8430e-02, +4.8121e-02, -1.0799e-01, -1.2790e-02, +4.5043e-02, +2.2682e-02, -4.3474e-02, +4.2199e-03, +9.3100e-02, -2.1338e-02, +3.0268e-02, +3.8855e-03, +1.2059e-01, +5.0900e-03, -4.1036e-02, +6.9408e-04, -7.5985e-02, +2.8882e-02, -1.0182e-02, -2.9076e-03, -1.9907e-02, -1.0000e+00, -7.3372e-02, -6.2830e-02, +5.5356e-02, +1.3404e-03
+6.8717e-02, +2.9746e-03, -2.2394e-02, -1.3720e-01, -8.1004e-02, -3.6336e-01, -9.3524e-02, +3.6120e-02, -1.9370e-03, +7.3051e-02, -2.9744e-01, -9.5872e-02, -5.3004e-02, -2.3017e-01, -1.0704e-01, +1.4124e-01, -3.1186e-03, -1.7944e-01, -2.0728e-01, -1.1236e-02, -6.0894e-03, -9.4733e-02, -1.6037e-02, -2.7302e-01, -2.7407e-02, -3.7825e-02, -3.3073e-01, -1.4519e-01, -1.3822e-01, -2.1013e-01, -2.3843e-01, +1.6188e-02, +3.2297e-02, +3.3286e-02, -4.2637e-02, +9.9364e-03, +9.7089e-02, -1.6822e-01, -1.7445e-01, -6.6849e-02, -1.3573e-01, +5.8188e-03, -3.9080e-02, +1.3160e-03, -1.5003e-01, -7.3372e-02, -1.0000e+00, +2.8341e-02, -3.6586e-02, +1.6977e-01
+6.1337e-02, +3.5334e-02, -2.1133e-01, -7.1429e-02, +1.3404e-01, -5.8496e-02, -1.6781e-02, +4.5419e-02, -8.6743e-02, -1.1070e-01, -1.3517e-01, +5.0830e-02, +5.1161e-03, +5.3939e-03, +2.5968e-01, +2.0462e-01, -3.7736e-02, +2.0908e-02, +1.6481e-03, +3.7692e-02, +1.1676e-01, -4.8668e-02, -3.6635e-02, -2.1895e-01, +3.0375e-01, -6.3112e-02, -2.4663e-01, +8.7841e-02, +1.8778e-01, +4.7208e-02, +1.3545e-01, +6.4225e-02, +1.3321e-01, +1.3951e-01, +1.2191e-01, -8.7799e-02, +1.2380e-01, +4.5708e-02, +1.2262e-01, -1.1401e-01, -5.5431e-02, -3.4037e-01, -2.5312e-02, -2.9576e-02, +3.2772e-02, -6.2830e-02, +2.8341e-02, -1.0000e+00, +3.9460e-03, +8.8047e-02
+5.8685e-03, +2.7705e-02, +2.1073e-02, -1.2512e-02, -6.5768e-02, -2.0187e-03, +4.5667e-02, +7.2775e-02, +5.4771e-02, -1.0720e-02, -3.0364e-02, +1.6780e-02, +1.0953e-03, +2.9097e-02, +9.0056e-03, -1.2151e-02, -3.1056e-02, -2.6650e-02, -8.8429e-03, -5.2115e-02, -3.9885e-02, -2.9784e-01, -5.4258e-02, -1.3113e-02, +1.1742e-01, +5.4136e-03, -6.5864e-02, +1.2153e-02, +4.7543e-03, +1.8992e-02, -4.5947e-02, +2.0232e-02, +1.8230e-01, -1.6730e-03, +5.0119e-02, -9.4266e-03, +5.1491e-03, -6.7576e-02, -7.1699e-02, -2.8972e-03, -4.3826e-03, -1.5305e-02, +1.2341e-03, +2.6227e-02, -4.1423e-02, +5.5356e-02, -3.6586e-02, +3.9460e-03, -1.0000e+00, +2.4977e-02
-4.7878e-02, +1.3560e-02, +1.3286e-01, +1.2349e-01, +7.0214e-02, +1.0131e-01, +9.8427e-02, +2.6951e-01, +1.8634e-03, +5.6522e-02, +1.8714e-01, +1.2689e-01, -3.4530e-02, +1.9119e-02, +7.0182e-02, +2.6798e-01, +4.8457e-02, +6.0141e-02, +7.9779e-02, -2.6134e-02, +1.2162e-01, +3.0496e-02, +3.3493e-02, +2.0271e-01, +4.8383e-02, +1.5664e-02, +2.1039e-01, +1.0405e-01, +7.0955e-02, -1.2548e-02, +9.7264e-03, -2.0327e-02, -1.7240e-01, -2.6273e-02, +5.2233e-02, +3.1780e-02, +7.5013e-03, +7.5391e-02, +1.1919e-02, +8.5964e-03, +5.5435e-02, +4.1031e-02, +6.0932e-02, +8.1261e-02, +1.0512e-01, +1.3404e-03, +1.6977e-01, +8.8047e-02, +2.4977e-02, -1.0000e+00
