-1.0000e+00, +5.5935e-02, +3.2175e-04, -2.9442e-02, +4.1818e-02, +6.2149e-02, -4.2624e-02, -1.3014e-02, -9.8853e-02, +2.2825e-02, +5.2121e-02, -1.6561e-02, +4.8872e-02, +2.6325e-02, +1.3318e-02, +6.5804e-03, +7.3661e-02, +2.5532e-03, +5.9818e-02, -4.0871e-02, +1.2487e-02, +4.7146e-02, -1.9072e-03, +2.4266e-02, -7.6536e-02, -5.6790e-02, +1.2321e-02, +3.7920e-02, +5.0221e-02, +7.5686e-02, +2.1276e-02, +1.3042e-03, -1.0903e-02, +4.7804e-02, +6.3165e-02, +7.0699e-02, +1.9707e-02, -4.2065e-02, -1.0562e-02, +4.3967e-02, +3.9965e-02, -1.6761e-03, -5.1211e-03, -1.8709e-02, -3.6186e-02, +6.4538e-03, -1.4482e-02, +1.2084e-01, +5.4813e-02, +5.6235e-02
+5.5935e-02, -1.0000e+00, -5.1169e-04, -9.5899e-02, +8.0561e-02, +4.0155e-02, +1.3754e-03, +6.6603e-02, -3.9949e-02, +3.5396e-02, +9.2965e-04, +1.6817e-02, -3.0825e-02, -1.0167e-02, +2.3299e-02, -1.3334e-02, +3.9082e-02, -4.1105e-02, +3.8519e-02, -6.5327e-03, +2.9444e-02, +5.6388e-02, +2.3259e-04, +4.9073e-02, -3.2962e-02, +5.3574e-02, +2.7120e-02, -1.3978e-02, +1.6483e-04, +2.5212e-02, -4.9070e-02, +1.0756e-02, -2.0227e-02, -4.7386e-02, +2.2226e-02, +4.3568e-02, -1.1207e-01, +6.6052e-02, -2.0713e-02, +3.0716e-02, +5.1918e-03, +4.5345e-02, -9.6480e-02, +4.9690e-03, -5.8100e-02, -6.1736e-02, +2.9219e-02, +3.6303e-02, +2.4185e-02, +2.8868e-02
+3.2175e-04, -5.1169e-04, -1.0000e+00, +7.2776e-04, +2.8980e-02, -5.4399e-02, -4.1923e-02, +6.2405e-02, -2.4503e-02, +3.4751e-02, +5.9394e-03, -2.0016e-02, +7.6412e-02, -1.0708e-01, +2.4431e-02, +1.7212e-02, -2.4779e-02, +1.2259e-02, -3.6287e-03, +3.6039e-02, -5.7460e-02, -4.5478e-03, +9.3592e-04, -4.5411e-02, +2.7785e-02, -9.7436e-03, +7.1519e-03, -5.3609e-02, -4.8191e-03, -5.1467e-02, -8.6591e-03, -1.0090e-02, +1.3915e-02, -1.7983e-01, +3.0958e-02, +3.1978e-02, -5.3752e-02, +2.4313e-02, -3.2324e-02, +1.2444e-02, -1.1739e-01, -1.2093e-02, +2.0468e-02, -4.6907e-03, +4.7237e-03, -3.1924e-02, -9.0156e-02, +8.1103e-02, -3.4458e-03, +2.6480e-02
-2.9442e-02, -9.5899e-02, +7.2774e-04, -1.0000e+00, +3.8378e-02, -1.6077e-02, +4.8473e-03, +8.4291e-03, -1.1177e-02, +7.5018e-02, -4.9494e-02, -2.0818e-02, -2.4798e-02, +2.1669e-02, -6.8291e-03, -1.3369e-02, -1.4646e-02, -2.4314e-02, +6.3709e-02, -4.9492e-02, +4.1470e-02, -1.6391e-02, +2.2598e-02, -2.8907e-02, -4.2138e-02, -5.5422e-02, +1.4711e-02, -3.4395e-02, +1.4169e-02, -5.9553e-02, -8.3268e-03, -1.6059e-02, +3.3182e-02, +1.6319e-01, +2.1583e-03, -7.0601e-03, -7.2318e-03, +9.7999e-03, +8.8608e-03, -2.9542e-02, +3.9191e-02, +3.1955e-03, +1.3128e-02, +1.4558e-02, -6.2917e-02, -3.3835e-02, -5.4218e-02, +6.0552e-02, -1.3280e-02, +7.6746e-02
+4.1818e-02, +8.0561e-02, +2.8980e-02, +3.8378e-02, -1.0000e+00, -3.8172e-02, -1.9574e-02, -1.5493e-02, +5.7951e-02, +3.9306e-02, +1.8883e-02, -7.0263e-02, -3.5467e-02, +5.2977e-02, -1.2460e-01, -2.2183e-02, +1.6472e-02, -4.3104e-02, -5.1700e-02, +1.7374e-02, +2.8450e-02, +2.6970e-02, +1.8812e-02, -4.1409e-02, +5.5105e-02, +2.0115e-02, -6.2723e-02, -2.1804e-02, -6.9830e-02, -8.4448e-02, +7.0399e-02, -3.3465e-02, +3.5434e-02, +5.4672e-02, -6.1735e-02, -7.6351e-02, +5.5922e-02, -2.8743e-02, +8.0927e-03, +1.9818e-02, +2.5818e-02, +2.6137e-02, +8.3984e-02, -3.4820e-02, +4.1107e-02, -2.0747e-02, -2.0701e-02, -2.6783e-02, +8.7203e-02, -3.0059e-03
+6.2149e-02, +4.0155e-02, -5.4399e-02, -1.6077e-02, -3.8172e-02, -1.0000e+00, +4.0222e-02, -2.0321e-02, +2.7004e-02, +5.4209e-02, -5.1179e-02, -6.4354e-03, +6.8122e-02, -1.4973e-02, -2.3679e-02, -5.9314e-02, -6.0867e-02, +3.6698e-02, +2.4783e-02, +2.3102e-02, -1.2956e-02, -2.5056e-02, +2.2189e-02, -1.1578e-02, +5.4045e-02, -4.8695e-02, -2.4066e-02, -2.5323e-02, -2.8115e-02, -3.6573e-02, -3.9023e-02, -3.1910e-02, +2.0596e-02, +6.1374e-02, -2.4759e-02, +5.4601e-03, +1.0571e-02, -4.2542e-02, -2.0417e-02, +3.4362e-02, +1.8725e-02, -5.3906e-03, +5.9548e-02, -1.2428e-02, +7.0612e-03, +4.9235e-02, -4.5140e-02, -1.3491e-02, +9.0101e-03, -4.0875e-02
-4.2624e-02, +1.3754e-03, -4.1923e-02, +4.8473e-03, -1.9574e-02, +4.0222e-02, -1.0000e+00, +1.0789e-01, -7.4437e-02, +1.4900e-02, +6.0328e-02, -4.7393e-02, +8.8724e-02, +3.0578e-02, -5.5147e-02, +4.7450e-02, +2.9087e-02, +3.8324e-02, +4.7044e-02, +9.9632e-03, -2.0165e-02, +3.8893e-03, +1.6878e-02, +1.6549e-02, -2.8519e-02, -1.9393e-02, -3.3540e-03, -2.0737e-02, +4.0692e-02, +1.0342e-02, -2.8398e-02, -6.0656e-03, +4.3367e-03, +1.0847e-03, +2.4464e-02, +3.6691e-02, +2.3200e-02, -8.8657e-02, +2.9880e-02, -1.1178e-02, -3.8613e-02, -4.4910e-02, +2.8003e-02, +1.4198e-02, +2.7509e-02, -2.8083e-02, -2.0753e-02, +2.3879e-02, -2.1768e-02, -2.3716e-02
-1.3014e-02, +6.6603e-02, +6.2405e-02, +8.4291e-03, -1.5493e-02, -2.0321e-02, +1.0789e-01, -1.0000e+00, -5.4793e-02, +3.3445e-02, -4.8635e-03, +6.0023e-02, +2.3595e-02, +8.6156e-03, -3.1259e-02, +3.5919e-02, -1.2733e-02, +1.5819e-02, +2.5003e-02, +4.7551e-03, +2.5186e-02, +6.4386e-02, -1.1084e-02, +5.3021e-02, +5.0762e-02, +2.9518e-03, -2.0857e-02, +1.4061e-02, +1.0208e-02, -1.2612e-02, +6.6906e-03, -7.9309e-03, +4.1889e-02, +7.5851e-02, -5.9855e-03, +3.0016e-02, -4.6335e-03, -2.6356e-02, +2.9742e-02, +1.1512e-02, +7.5213e-02, -2.2854e-02, +1.8990e-02, -3.9421e-02, -2.1028e-02, +6.5063e-02, +2.1759e-02, -3.9187e-02, +2.0699e-02, -1.8293e-02
-9.8853e-02, -3.9949e-02, -2.4503e-02, -1.1177e-02, +5.7951e-02, +2.7004e-02, -7.4437e-02, -5.4793e-02, -1.0000e+00, -3.0875e-03, -4.0305e-02, +7.5547e-02, -8.0198e-02, -9.7059e-02, -2.5960e-02, +3.8980e-02, +1.6371e-02, -2.2310e-03, +2.9538e-02, -4.0099e-02, +2.6552e-02, -3.9737e-02, +4.5293e-02, +2.8738e-02, -5.4898e-02, -7.7667e-03, +1.1143e-01, -3.7584e-02, +4.1117e-02, -3.4855e-03, +4.6805e-02, -9.4471e-03, -1.8928e-02, +9.0786e-02, -4.3422e-03, -6.3840e-04, +2.5633e-02, -4.3393e-02, +7.2659e-02, +3.2380e-04, -1.9579e-02, -5.0219e-02, +1.3971e-02, -3.3036e-02, -4.9956e-02, +3.8509e-02, +6.0841e-02, +1.7607e-01, +6.0170e-02, -5.8274e-03
+2.2825e-02, +3.5396e-02, +3.4751e-02, +7.5018e-02, +3.9306e-02, +5.4209e-02, +1.4900e-02, +3.3445e-02, -3.0875e-03, -1.0000e+00, -5.5585e-02, +4.2405e-02, +5.6542e-02, -3.6104e-03, +7.0078e-02, -1.1489e-02, +4.9768e-02, +5.2859e-02, -2.6009e-02, -6.9322e-02, -2.3071e-02, -1.5582e-02, +2.4517e-01, -8.7724e-02, +3.6716e-02, +6.4250e-02, -3.9737e-02, +6.0577e-02, +1.7726e-02, +4.8095e-03, -9.3535e-02, -2.2438e-02, +7.6305e-03, +6.0742e-02, +6.2826e-03, -2.9553e-02, +5.0932e-02, +1.3271e-02, +3.5789e-02, +6.7628e-03, +6.0076e-02, -1.2516e-01, -7.3413e-02, +7.7967e-04, +1.5088e-01, +3.3957e-02, +9.1727e-02, -7.4545e-02, +1.4527e-02, +1.1838e-03
+5.2121e-02, +9.2965e-04, +5.9394e-03, -4.9494e-02, +1.8883e-02, -5.1179e-02, +6.0328e-02, -4.8635e-03, -4.0305e-02, -5.5585e-02, -1.0000e+00, +6.7495e-02, +3.6756e-03, -2.4937e-02, -2.2622e-02, -6.0513e-02, -2.3137e-02, -7.8330e-02, +1.1712e-02, -3.1684e-02, -7.9672e-03, +2.0936e-02, +5.1774e-02, +9.8429e-02, +3.5933e-02, +1.5234e-02, +6.5595e-04, -1.9060e-02, -1.0584e-01, -3.7650e-02, -6.0719e-02, -3.4649e-02, -7.3465e-03, +1.2687e-01, +3.9136e-02, +4.8134e-02, -1.4729e-02, -4.4378e-02, +2.9295e-03, +3.4869e-04, -5.3214e-02, -8.6080e-02, +4.3567e-02, -3.8337e-02, +2.0869e-03, +1.1490e-02, -1.8049e-02, +1.7553e-01, +1.8633e-02, -3.3245e-02
-1.6561e-02, +1.6817e-02, -2.0016e-02, -2.0818e-02, -7.0263e-02, -6.4355e-03, -4.7393e-02, +6.0023e-02, +7.5547e-02, +4.2405e-02, +6.7495e-02, -1.0000e+00, +3.3413e-02, -6.2555e-02, +7.0775e-02, +1.6938e-02, +4.5494e-03, -3.2256e-03, -1.5901e-02, +4.3398e-02, -2.5293e-02, +7.2890e-02, +4.6495e-02, -4.2611e-02, -3.9336e-02, +2.9982e-02, +2.5362e-02, -3.6330e-02, -8.0455e-03, +6.0785e-02, +3.8599e-03, -4.1540e-02, +4.0433e-02, -9.5827e-02, -2.1853e-02, -3.2798e-02, -1.9541e-02, -1.3755e-02, -1.5425e-02, +3.0845e-02, +5.0494e-02, +1.1036e-01, -8.0265e-03, -4.0835e-02, -4.6624e-02, -4.6600e-02, -5.1532e-02, -1.2297e-01, -3.3295e-02, +3.5226e-03
+4.8873e-02, -3.0825e-02, +7.6412e-02, -2.4798e-02, -3.5467e-02, +6.8122e-02, +8.8724e-02, +2.3595e-02, -8.0198e-02, +5.6542e-02, +3.6756e-03, +3.3413e-02, -1.0000e+00, +7.5588e-02, -1.1205e-01, -2.8474e-02, -2.0492e-02, -6.4185e-02, +3.6837e-02, -1.8730e-02, +1.3910e-02, +8.3713e-02, +7.4359e-02, +5.4560e-03, -3.4852e-02, -6.0443e-02, -2.1703e-02, +1.5920e-02, -9.9877e-03, -3.4798e-02, -4.3752e-02, +3.3063e-03, -9.4975e-05, +5.3734e-02, -7.8454e-02, -8.4851e-02, -2.1220e-02, +2.4999e-02, +6.0762e-03, +1.2103e-02, -9.6642e-03, -3.3960e-02, +1.3739e-02, +9.7655e-03, +7.3023e-02, +4.4001e-02, -6.0213e-02, -1.3622e-01, -6.2134e-02, +6.0442e-02
+2.6325e-02, -1.0167e-02, -1.0708e-01, +2.1669e-02, +5.2977e-02, -1.4973e-02, +3.0578e-02, +8.6156e-03, -9.7059e-02, -3.6104e-03, -2.4937e-02, -6.2554e-02, +7.5588e-02, -1.0000e+00, +3.3360e-02, -3.2468e-02, -2.4113e-02, +1.6402e-02, -5.4023e-02, -1.0525e-03, -2.5478e-02, -8.4446e-02, +1.6608e-02, -3.6937e-02, -9.3143e-03, -1.1372e-02, -1.7840e-02, -4.9102e-02, +1.0982e-02, +1.0270e-02, -1.0770e-01, +1.2461e-01, -2.8178e-03, -1.4988e-01, +1.4809e-02, +1.0238e-02, +1.2998e-02, -1.3565e-02, -5.5771e-02, -2.9432e-02, +2.3304e-02, -1.4424e-02, +1.1146e-02, +6.0129e-03, -3.5488e-03, -4.7926e-02, -1.3358e-03, +3.4561e-03, -3.7497e-03, -4.8589e-02
+1.3318e-02, +2.3299e-02, +2.4431e-02, -6.8291e-03, -1.2460e-01, -2.3679e-02, -5.5147e-02, -3.1259e-02, -2.5960e-02, +7.0078e-02, -2.2622e-02, +7.0775e-02, -1.1205e-01, +3.3360e-02, -1.0000e+00, -6.1391e-02, +4.2887e-04, -1.7891e-04, -3.5783e-02, -1.2400e-02, +2.2914e-02, -2.5485e-02, -2.0209e-02, +1.0269e-02, -8.1282e-03, -4.1971e-02, -4.3793e-02, -9.4062e-02, -3.7530e-02, -3.3798e-02, +2.2261e-02, -6.8893e-02, +2.1495e-03, +1.2646e-01, -5.8278e-03, -2.8252e-02, +9.7440e-02, -2.5152e-02, +4.3402e-02, -9.5329e-02, -3.5024e-02, +1.1439e-02, +3.6412e-02, +5.5550e-03, -3.3139e-02, +2.8579e-02, -4.3749e-03, -1.7916e-02, +8.8955e-02, +2.6547e-02
+6.5804e-03, -1.3334e-02, +1.7212e-02, -1.3369e-02, -2.2183e-02, -5.9314e-02, +4.7450e-02, +3.5919e-02, +3.8980e-02, -1.1489e-02, -6.0513e-02, +1.6938e-02, -2.8474e-02, -3.2468e-02, -6.1391e-02, -1.0000e+00, +3.2841e-02, -4.8063e-02, -2.6890e-02, +4.0981e-02, -8.1425e-03, +3.5424e-02, +1.5108e-02, +3.7564e-02, +3.5158e-02, -8.9589e-03, -2.2460e-02, -5.7279e-02, -6.1408e-03, -2.7044e-02, -1.9739e-02, +1.1274e-02, +6.3190e-03, +6.8924e-03, -3.1479e-02, +9.9779e-03, +6.9979e-02, -7.6038e-03, +7.3071e-03, +2.4881e-03, +1.4195e-03, +3.4146e-02, +7.1941e-02, +4.2263e-02, +2.2371e-02, +3.4551e-03, +6.0028e-03, -3.6755e-02, +4.2274e-02, +3.6297e-02
+7.3661e-02, +3.9082e-02, -2.4779e-02, -1.4646e-02, +1.6472e-02, -6.0867e-02, +2.9087e-02, -1.2733e-02, +1.6371e-02, +4.9768e-02, -2.3137e-02, +4.5494e-03, -2.0492e-02, -2.4113e-02, +4.2887e-04, +3.2841e-02, -1.0000e+00, +1.2293e-02, -7.8951e-03, +2.3513e-02, +4.1283e-02, -4.3817e-02, +9.8093e-02, -1.5253e-02, -4.1249e-02, +2.2857e-02, +1.8942e-02, -1.5126e-02, +3.1260e-03, +1.1460e-02, -2.3015e-02, -7.1272e-03, -6.1135e-02, -2.2750e-02, -1.8521e-04, +5.6272e-02, -4.4169e-02, -3.7375e-02, -4.5219e-02, +2.1826e-02, -9.7206e-03, -1.3880e-02, -2.4213e-02, -1.0719e-01, +5.0634e-02, -3.5575e-02, -6.0641e-02, +8.7266e-02, -2.1495e-02, -4.8545e-02
+2.5532e-03, -4.1105e-02, +1.2259e-02, -2.4314e-02, -4.3104e-02, +3.6698e-02, +3.8324e-02, +1.5819e-02, -2.2310e-03, +5.2859e-02, -7.8330e-02, -3.2256e-03, -6.4185e-02, +1.6402e-02, -1.7892e-04, -4.8063e-02, +1.2293e-02, -1.0000e+00, +2.4515e-02, +1.8839e-02, +1.2035e-02, +1.5565e-02, +1.8003e-02, +9.4576e-02, +4.3062e-02, -3.2480e-02, -2.1568e-02, +6.5705e-03, -4.9734e-02, -5.0816e-02, +8.7625e-03, -3.7565e-03, -3.4704e-03, +1.5465e-01, -2.2047e-02, +1.8110e-02, +2.3096e-02, -1.4489e-02, +1.0401e-02, +1.0418e-02, +1.3892e-02, -2.7774e-02, +4.0672e-02, -2.8530e-02, -3.2512e-03, +7.6040e-02, -4.4828e-03, +7.8116e-02, -6.3652e-02, -3.6703e-03
+5.9818e-02, +3.8519e-02, -3.6287e-03, +6.3709e-02, -5.1700e-02, +2.4783e-02, +4.7044e-02, +2.5003e-02, +2.9538e-02, -2.6009e-02, +1.1712e-02, -1.5901e-02, +3.6837e-02, -5.4023e-02, -3.5783e-02, -2.6890e-02, -7.8951e-03, +2.4515e-02, -1.0000e+00, -2.7654e-02, -3.1509e-02, +8.1457e-03, +5.7412e-02, -3.8774e-02, +2.4801e-02, -3.1982e-02, -2.2760e-02, +5.5555e-02, +5.9143e-02, -2.5029e-02, +1.5761e-02, +8.5390e-03, +2.3405e-02, -1.8369e-01, -4.5342e-02, -4.2704e-02, +2.1453e-02, +5.1340e-03, -9.3895e-02, +3.1977e-02, -1.9269e-02, +2.5438e-02, +1.9009e-02, -1.2671e-02, +3.6382e-02, -1.0139e-01, -1.8953e-02, -8.5822e-02, +3.2125e-02, -1.9905e-02
-4.0871e-02, -6.5327e-03, +3.6039e-02, -4.9492e-02, +1.7374e-02, +2.3102e-02, +9.9632e-03, +4.7551e-03, -4.0099e-02, -6.9322e-02, -3.1684e-02, +4.3398e-02, -1.8730e-02, -1.0525e-03, -1.2400e-02, +4.0981e-02, +2.3513e-02, +1.8839e-02, -2.7654e-02, -1.0000e+00, -3.6816e-02, -1.4551e-02, -1.6184e-03, -2.0482e-02, -9.9340e-03, -2.5757e-02, +1.2199e-02, +4.4281e-02, +8.0585e-02, +1.4597e-03, +3.2833e-02, +1.3291e-02, -4.2586e-02, -9.8051e-03, +1.6618e-03, -3.2555e-02, +2.5076e-02, +8.9763e-03, -4.7065e-02, -7.0309e-04, -5.3192e-03, +1.8350e-01, -3.0349e-02, +2.8607e-04, +1.4287e-01, -2.6483e-02, +9.3774e-03, +1.9332e-02, -5.7034e-02, +2.3684e-01
+1.2487e-02, +2.9444e-02, -5.7460e-02, +4.1470e-02, +2.8450e-02, -1.2956e-02, -2.0165e-02, +2.5186e-02, +2.6553e-02, -2.3071e-02, -7.9672e-03, -2.5293e-02, +1.3910e-02, -2.5478e-02, +2.2914e-02, -8.1425e-03, +4.1283e-02, +1.2035e-02, -3.1509e-02, -3.6816e-02, -1.0000e+00, -5.8747e-02, +7.3591e-03, +6.0545e-03, +2.9057e-03, -2.1458e-02, +9.0747e-03, -1.7097e-02, +1.4379e-02, +2.6287e-02, -4.9197e-02, +1.3653e-02, +4.3460e-02, -1.3839e-01, +1.2756e-02, +1.5038e-02, +6.7129e-02, +1.6892e-03, -3.1744e-02, -3.2158e-02, -5.1127e-02, +3.1346e-02, +8.6821e-02, +3.1037e-02, +1.1113e-02, +1.2413e-02, -1.6231e-02, +1.2951e-02, +4.2518e-02, -7.7489e-03
+4.7146e-02, +5.6388e-02, -4.5478e-03, -1.6391e-02, +2.6970e-02, -2.5056e-02, +3.8893e-03, +6.4386e-02, -3.9737e-02, -1.5582e-02, +2.0936e-02, +7.2890e-02, +8.3713e-02, -8.4446e-02, -2.5485e-02, +3.5424e-02, -4.3817e-02, +1.5565e-02, +8.1457e-03, -1.4551e-02, -5.8747e-02, -1.0000e+00, -8.3653e-05, -1.8279e-02, -1.6070e-02, +4.5720e-02, +5.0143e-02, +4.8466e-02, +2.3916e-02, -3.2120e-02, +6.8773e-03, -6.3579e-02, -3.1476e-02, +7.2715e-02, +5.5374e-02, +1.7534e-02, +1.3274e-01, -9.3896e-02, +5.0753e-02, -7.3122e-04, -7.9688e-02, -5.1380e-03, +1.7891e-02, -2.6162e-02, -8.2917e-02, -4.3164e-02, +2.7024e-03, +1.8315e-01, +1.5320e-02, +1.2667e-02
-1.9072e-03, +2.3259e-04, +9.3592e-04, +2.2598e-02, +1.8812e-02, +2.2189e-02, +1.6878e-02, -1.1084e-02, +4.5293e-02, +2.4517e-01, +5.1774e-02, +4.6495e-02, +7.4359e-02, +1.6608e-02, -2.0209e-02, +1.5108e-02, +9.8093e-02, +1.8003e-02, +5.7412e-02, -1.6184e-03, +7.3591e-03, -8.3653e-05, -1.0000e+00, +5.3012e-02, +6.5214e-03, -1.3778e-02, +1.2995e-02, -3.2198e-02, -2.4116e-02, +4.5045e-02, +6.4800e-02, -6.1029e-02, -6.2233e-02, -7.9885e-02, +1.5413e-02, -2.7024e-02, -6.0011e-03, +1.0605e-02, -1.5013e-02, -6.4848e-02, +3.5703e-03, -3.9753e-02, -1.1259e-02, -3.4205e-02, -1.0818e-01, +5.6897e-02, +4.9603e-02, -1.2187e-01, +1.3150e-03, -5.5237e-02
+2.4266e-02, +4.9073e-02, -4.5411e-02, -2.8907e-02, -4.1409e-02, -1.1578e-02, +1.6549e-02, +5.3021e-02, +2.8738e-02, -8.7724e-02, +9.8429e-02, -4.2611e-02, +5.4560e-03, -3.6937e-02, +1.0269e-02, +3.7564e-02, -1.5253e-02, +9.4576e-02, -3.8774e-02, -2.0482e-02, +6.0545e-03, -1.8279e-02, +5.3012e-02, -1.0000e+00, +2.5622e-03, -6.2315e-02, -4.9525e-02, -5.6305e-03, -1.6581e-02, -5.0789e-02, -6.9547e-02, +4.9493e-02, +2.9946e-03, -1.2000e-01, -7.9748e-02, -5.6986e-02, -1.0680e-02, -3.4912e-02, -3.5188e-02, +3.9051e-02, -7.2515e-03, +3.6194e-02, +7.7452e-02, +1.3324e-02, +8.9541e-03, -7.5220e-02, -3.9170e-03, -9.7478e-03, +2.9053e-02, -3.7488e-02
-7.6536e-02, -3.2962e-02, +2.7785e-02, -4.2138e-02, +5.5105e-02, +5.4045e-02, -2.8519e-02, +5.0762e-02, -5.4898e-02, +3.6716e-02, +3.5933e-02, -3.9336e-02, -3.4852e-02, -9.3143e-03, -8.1282e-03, +3.5158e-02, -4.1249e-02, +4.3062e-02, +2.4801e-02, -9.9340e-03, +2.9057e-03, -1.6070e-02, +6.5214e-03, +2.5622e-03, -1.0000e+00, -1.2572e-02, -2.4529e-02, -3.6231e-02, -1.5511e-02, +1.0678e-01, +7.1634e-02, -1.2518e-02, -7.5083e-02, +4.7149e-02, -3.0330e-02, -2.0427e-02, -1.3010e-02, +5.0472e-03, +3.1598e-02, -1.8971e-02, -3.7552e-02, +4.6866e-02, -3.8742e-02, +4.4181e-03, -4.4919e-02, -2.2950e-02, -3.1471e-02, +4.8568e-02, -2.7088e-02, +5.9876e-03
-5.6790e-02, +5.3574e-02, -9.7436e-03, -5.5422e-02, +2.0115e-02, -4.8695e-02, -1.9393e-02, +2.9518e-03, -7.7667e-03, +6.4250e-02, +1.5234e-02, +2.9982e-02, -6.0443e-02, -1.1372e-02, -4.1971e-02, -8.9589e-03, +2.2857e-02, -3.2480e-02, -3.1982e-02, -2.5757e-02, -2.1458e-02, +4.5720e-02, -1.3778e-02, -6.2315e-02, -1.2572e-02, -1.0000e+00, -4.6108e-02, -2.9075e-02, -4.0284e-02, -5.6309e-02, -2.7334e-03, +2.0108e-04, -1.3987e-02, -2.4110e-02, +6.7889e-02, -6.4861e-02, +2.0703e-03, +6.0167e-02, -1.3002e-02, +1.1595e-02, +1.9437e-02, -5.6194e-03, -1.3320e-02, -2.7683e-02, +1.6627e-02, +4.6705e-02, +2.8744e-02, -5.0110e-02, -9.8848e-03, +6.4031e-02
+1.2321e-02, +2.7120e-02, +7.1519e-03, +1.4711e-02, -6.2723e-02, -2.4066e-02, -3.3540e-03, -2.0857e-02, +1.1143e-01, -3.9737e-02, +6.5594e-04, +2.5362e-02, -2.1703e-02, -1.7840e-02, -4.3793e-02, -2.2460e-02, +1.8942e-02, -2.1568e-02, -2.2760e-02, +1.2199e-02, +9.0746e-03, +5.0143e-02, +1.2995e-02, -4.9525e-02, -2.4529e-02, -4.6108e-02, -1.0000e+00, +5.0873e-02, -5.3044e-02, -4.6457e-02, -1.0743e-01, -1.1990e-02, +7.9523e-02, -1.6292e-02, +2.0485e-02, -7.7747e-03, +4.1345e-04, +1.9901e-02, -1.3576e-02, +3.0027e-02, -3.6972e-02, -1.0356e-02, +2.4216e-02, -1.3309e-03, -6.8906e-03, -3.4650e-04, +7.7201e-04, -5.2673e-02, +1.5296e-02, -1.3992e-03
+3.7920e-02, -1.3978e-02, -5.3609e-02, -3.4395e-02, -2.1804e-02, -2.5323e-02, -2.0737e-02, +1.4061e-02, -3.7584e-02, +6.0577e-02, -1.9060e-02, -3.6330e-02, +1.5920e-02, -4.9102e-02, -9.4062e-02, -5.7279e-02, -1.5126e-02, +6.5705e-03, +5.5555e-02, +4.4281e-02, -1.7097e-02, +4.8466e-02, -3.2198e-02, -5.6305e-03, -3.6231e-02, -2.9075e-02, +5.0873e-02, -1.0000e+00, -8.0792e-02, -4.4821e-02, +1.6538e-02, -2.8962e-02, -2.6453e-02, -4.3547e-02, -1.2986e-02, +3.1136e-02, +2.8002e-02, -5.3353e-02, -1.0850e-02, -6.1883e-02, +6.0931e-03, +2.7603e-02, +5.8127e-02, -1.0337e-02, -4.0168e-02, -4.8323e-03, -4.2399e-02, +2.4959e-02, +5.4839e-02, -4.6096e-02
+5.0221e-02, +1.6483e-04, -4.8191e-03, +1.4169e-02, -6.9830e-02, -2.8115e-02, +4.0692e-02, +1.0208e-02, +4.1117e-02, +1.7726e-02, -1.0584e-01, -8.0455e-03, -9.9877e-03, +1.0982e-02, -3.7530e-02, -6.1408e-03, +3.1260e-03, -4.9734e-02, +5.9143e-02, +8.0585e-02, +1.4379e-02, +2.3916e-02, -2.4116e-02, -1.6581e-02, -1.5511e-02, -4.0284e-02, -5.3044e-02, -8.0792e-02, -1.0000e+00, -7.6410e-02, -4.6404e-02, +2.5728e-03, +1.5002e-02, +2.5032e-02, +6.9737e-03, +2.7892e-02, -4.6333e-02, -6.7520e-02, +3.4382e-02, +1.5517e-02, +3.2352e-03, -4.1385e-02, +1.3696e-02, -3.0000e-02, -3.6954e-02, +7.5440e-03, -7.5375e-02, +6.9660e-03, +4.0280e-02, -2.7158e-02
+7.5686e-02, +2.5212e-02, -5.1467e-02, -5.9553e-02, -8.4448e-02, -3.6573e-02, +1.0342e-02, -1.2612e-02, -3.4855e-03, +4.8095e-03, -3.7650e-02, +6.0785e-02, -3.4798e-02, +1.0270e-02, -3.3798e-02, -2.7044e-02, +1.1460e-02, -5.0816e-02, -2.5029e-02, +1.4597e-03, +2.6287e-02, -3.2120e-02, +4.5045e-02, -5.0789e-02, +1.0678e-01, -5.6309e-02, -4.6457e-02, -4.4820e-02, -7.6410e-02, -1.0000e+00, -4.1381e-02, +3.2363e-02, -4.2504e-02, +8.6044e-02, +2.4296e-02, -2.5480e-02, +3.0242e-02, -1.9060e-02, -3.2787e-02, +2.8350e-02, +3.8069e-02, -6.8203e-02, +2.9583e-02, -2.4847e-02, +2.9230e-02, +1.2476e-02, +1.9261e-02, +3.7496e-02, +4.4792e-02, +1.2581e-02
+2.1276e-02, -4.9070e-02, -8.6591e-03, -8.3267e-03, +7.0399e-02, -3.9023e-02, -2.8398e-02, +6.6906e-03, +4.6805e-02, -9.3535e-02, -6.0719e-02, +3.8599e-03, -4.3752e-02, -1.0770e-01, +2.2261e-02, -1.9739e-02, -2.3015e-02, +8.7625e-03, +1.5761e-02, +3.2833e-02, -4.9197e-02, +6.8773e-03, +6.4800e-02, -6.9547e-02, +7.1634e-02, -2.7334e-03, -1.0743e-01, +1.6538e-02, -4.6404e-02, -4.1381e-02, -1.0000e+00, +5.4908e-02, +4.7120e-02, -9.8335e-02, +1.1543e-01, +1.1734e-01, -4.9031e-02, -5.2322e-02, -6.6945e-02, +4.9919e-02, -9.7297e-02, -4.6801e-02, +4.4078e-02, +3.5596e-02, +3.9602e-03, -6.5552e-02, +2.3985e-02, +1.1145e-01, +3.2602e-02, -9.2018e-03
+1.3042e-03, +1.0756e-02, -1.0090e-02, -1.6059e-02, -3.3465e-02, -3.1910e-02, -6.0656e-03, -7.9309e-03, -9.4471e-03, -2.2438e-02, -3.4649e-02, -4.1539e-02, +3.3063e-03, +1.2461e-01, -6.8893e-02, +1.1274e-02, -7.1272e-03, -3.7565e-03, +8.5390e-03, +1.3291e-02, +1.3653e-02, -6.3579e-02, -6.1029e-02, +4.9493e-02, -1.2518e-02, +2.0108e-04, -1.1990e-02, -2.8962e-02, +2.5728e-03, +3.2363e-02, +5.4908e-02, -1.0000e+00, -1.7271e-02, +8.1487e-02, +7.6553e-04, +3.3479e-03, +2.0372e-02, -2.0538e-02, -6.2866e-03, +2.0691e-02, -3.4954e-02, +4.6325e-03, +1.4420e-02, -4.5232e-02, +3.0743e-03, -4.9805e-03, -1.6133e-02, +2.1190e-03, +1.4298e-03, -1.4209e-02
-1.0903e-02, -2.0227e-02, +1.3915e-02, +3.3182e-02, +3.5434e-02, +2.0596e-02, +4.3367e-03, +4.1889e-02, -1.8928e-02, +7.6305e-03, -7.3466e-03, +4.0433e-02, -9.4974e-05, -2.8178e-03, +2.1495e-03, +6.3190e-03, -6.1135e-02, -3.4704e-03, +2.3405e-02, -4.2586e-02, +4.3460e-02, -3.1476e-02, -6.2233e-02, +2.9946e-03, -7.5083e-02, -1.3987e-02, +7.9523e-02, -2.6453e-02, +1.5002e-02, -4.2504e-02, +4.7120e-02, -1.7271e-02, -1.0000e+00, +8.0166e-02, +1.5812e-02, -3.4234e-02, +5.6696e-02, -2.2424e-02, +1.1741e-02, +6.5890e-02, +4.6123e-02, -4.3223e-04, -3.0789e-02, -3.6493e-02, -2.0686e-02, +1.0514e-02, -1.3939e-02, +8.5366e-02, -6.6671e-02, +9.8280e-03
+4.7804e-02, -4.7386e-02, -1.7983e-01, +1.6319e-01, +5.4672e-02, +6.1374e-02, +1.0847e-03, +7.5851e-02, +9.0786e-02, +6.0742e-02, +1.2687e-01, -9.5827e-02, +5.3734e-02, -1.4988e-01, +1.2646e-01, +6.8924e-03, -2.2750e-02, +1.5465e-01, -1.8369e-01, -9.8050e-03, -1.3839e-01, +7.2715e-02, -7.9885e-02, -1.2000e-01, +4.7149e-02, -2.4110e-02, -1.6292e-02, -4.3547e-02, +2.5032e-02, +8.6044e-02, -9.8335e-02, +8.1487e-02, +8.0166e-02, -1.0000e+00, +5.5677e-02, +3.7822e-02, -1.6323e-01, +3.9065e-02, -1.8581e-01, +2.8215e-02, +2.5699e-02, +1.0778e-01, -6.4147e-02, -1.5172e-02, +3.6411e-02, -1.1305e-01, -8.8325e-02, -2.7404e-01, +2.2892e-02, -1.3217e-01
+6.3165e-02, +2.2226e-02, +3.0958e-02, +2.1583e-03, -6.1735e-02, -2.4759e-02, +2.4464e-02, -5.9855e-03, -4.3422e-03, +6.2826e-03, +3.9136e-02, -2.1853e-02, -7.8454e-02, +1.4809e-02, -5.8278e-03, -3.1479e-02, -1.8521e-04, -2.2047e-02, -4.5342e-02, +1.6618e-03, +1.2756e-02, +5.5374e-02, +1.5413e-02, -7.9748e-02, -3.0330e-02, +6.7889e-02, +2.0485e-02, -1.2986e-02, +6.9737e-03, +2.4296e-02, +1.1543e-01, +7.6553e-04, +1.5812e-02, +5.5677e-02, -1.0000e+00, -1.0240e-01, -1.6136e-02, +3.5441e-03, -2.1567e-02, +2.8914e-02, +5.2742e-02, +4.1564e-02, +2.6780e-02, +3.2184e-03, -1.2475e-02, -1.9983e-02, -7.3084e-03, -6.8125e-02, +1.4189e-02, +3.2136e-03
+7.0699e-02, +4.3568e-02, +3.1978e-02, -7.0601e-03, -7.6351e-02, +5.4601e-03, +3.6691e-02, +3.0016e-02, -6.3839e-04, -2.9553e-02, +4.8134e-02, -3.2798e-02, -8.4851e-02, +1.0238e-02, -2.8252e-02, +9.9779e-03, +5.6272e-02, +1.8110e-02, -4.2704e-02, -3.2555e-02, +1.5038e-02, +1.7534e-02, -2.7024e-02, -5.6986e-02, -2.0427e-02, -6.4861e-02, -7.7747e-03, +3.1136e-02, +2.7892e-02, -2.5480e-02, +1.1734e-01, +3.3479e-03, -3.4234e-02, +3.7822e-02, -1.0240e-01, -1.0000e+00, +1.0875e-01, +4.3712e-02, -1.7518e-02, -1.1870e-02, +1.0041e-01, +1.2263e-01, +8.6816e-02, -6.7376e-02, -8.8787e-03, -3.2590e-02, +3.7547e-04, -2.6165e-01, -3.5203e-02, +9.1822e-02
+1.9707e-02, -1.1207e-01, -5.3752e-02, -7.2318e-03, +5.5922e-02, +1.0571e-02, +2.3200e-02, -4.6336e-03, +2.5633e-02, +5.0932e-02, -1.4729e-02, -1.9541e-02, -2.1220e-02, +1.2998e-02, +9.7440e-02, +6.9979e-02, -4.4169e-02, +2.3096e-02, +2.1453e-02, +2.5076e-02, +6.7129e-02, +1.3274e-01, -6.0011e-03, -1.0680e-02, -1.3010e-02, +2.0703e-03, +4.1345e-04, +2.8002e-02, -4.6333e-02, +3.0242e-02, -4.9031e-02, +2.0372e-02, +5.6696e-02, -1.6323e-01, -1.6136e-02, +1.0875e-01, -1.0000e+00, +2.8846e-02, -5.7036e-03, -2.5037e-02, +9.8298e-03, -1.0708e-03, -2.9439e-02, +4.6199e-02, -3.1813e-02, -1.4777e-02, -1.6931e-02, +9.2898e-02, -1.7496e-02, -8.5861e-02
-4.2065e-02, +6.6052e-02, +2.4313e-02, +9.7999e-03, -2.8743e-02, -4.2542e-02, -8.8657e-02, -2.6356e-02, -4.3393e-02, +1.3271e-02, -4.4378e-02, -1.3755e-02, +2.4999e-02, -1.3565e-02, -2.5152e-02, -7.6038e-03, -3.7375e-02, -1.4489e-02, +5.1340e-03, +8.9763e-03, +1.6892e-03, -9.3896e-02, +1.0605e-02, -3.4912e-02, +5.0472e-03, +6.0167e-02, +1.9901e-02, -5.3353e-02, -6.7520e-02, -1.9060e-02, -5.2322e-02, -2.0538e-02, -2.2424e-02, +3.9065e-02, +3.5441e-03, +4.3712e-02, +2.8846e-02, -1.0000e+00, +8.2344e-03, -1.4931e-02, -4.6118e-02, -8.8064e-04, +1.7907e-02, -5.8682e-03, -2.0776e-02, +2.4443e-03, +1.2610e-02, +8.4451e-02, +2.1242e-02, -1.8823e-02
-1.0562e-02, -2.0713e-02, -3.2324e-02, +8.8608e-03, +8.0927e-03, -2.0417e-02, +2.9880e-02, +2.9742e-02, +7.2659e-02, +3.5789e-02, +2.9295e-03, -1.5425e-02, +6.0762e-03, -5.5771e-02, +4.3402e-02, +7.3071e-03, -4.5219e-02, +1.0401e-02, -9.3895e-02, -4.7065e-02, -3.1744e-02, +5.0753e-02, -1.5013e-02, -3.5188e-02, +3.1598e-02, -1.3002e-02, -1.3576e-02, -1.0850e-02, +3.4382e-02, -3.2787e-02, -6.6945e-02, -6.2866e-03, +1.1741e-02, -1.8581e-01, -2.1567e-02, -1.7518e-02, -5.7036e-03, +8.2345e-03, -1.0000e+00, +1.1882e-02, +5.1001e-02, -2.1484e-02, +1.0131e-02, -1.7143e-03, +2.8000e-02, -4.3264e-02, -6.9870e-02, -4.5072e-02, -3.5202e-02, -4.1777e-02
+4.3967e-02, +3.0716e-02, +1.2444e-02, -2.9542e-02, +1.9818e-02, +3.4362e-02, -1.1178e-02, +1.1512e-02, +3.2379e-04, +6.7628e-03, +3.4870e-04, +3.0845e-02, +1.2103e-02, -2.9432e-02, -9.5329e-02, +2.4881e-03, +2.1826e-02, +1.0418e-02, +3.1977e-02, -7.0309e-04, -3.2158e-02, -7.3122e-04, -6.4848e-02, +3.9051e-02, -1.8971e-02, +1.1595e-02, +3.0027e-02, -6.1883e-02, +1.5517e-02, +2.8350e-02, +4.9919e-02, +2.0691e-02, +6.5890e-02, +2.8215e-02, +2.8914e-02, -1.1870e-02, -2.5037e-02, -1.4931e-02, +1.1882e-02, -1.0000e+00, -2.6587e-02, +8.2360e-02, -4.3642e-02, -2.9436e-02, -1.5980e-02, +2.2651e-02, +2.1266e-02, +1.5905e-02, +1.4024e-02, -1.9854e-02
+3.9965e-02, +5.1918e-03, -1.1739e-01, +3.9191e-02, +2.5818e-02, +1.8725e-02, -3.8613e-02, +7.5213e-02, -1.9579e-02, +6.0076e-02, -5.3214e-02, +5.0494e-02, -9.6642e-03, +2.3304e-02, -3.5024e-02, +1.4195e-03, -9.7206e-03, +1.3892e-02, -1.9269e-02, -5.3192e-03, -5.1127e-02, -7.9688e-02, +3.5703e-03, -7.2515e-03, -3.7552e-02, +1.9437e-02, -3.6972e-02, +6.0931e-03, +3.2352e-03, +3.8069e-02, -9.7297e-02, -3.4954e-02, +4.6123e-02, +2.5699e-02, +5.2742e-02, +1.0041e-01, +9.8298e-03, -4.6118e-02, +5.1001e-02, -2.6587e-02, -1.0000e+00, -3.5576e-02, +3.9932e-02, +2.0250e-02, +7.3204e-03, -2.8073e-03, -3.1340e-02, +8.1245e-02, +1.2488e-02, +5.0112e-02
-1.6761e-03, +4.5345e-02, -1.2093e-02, +3.1955e-03, +2.6137e-02, -5.3906e-03, -4.4910e-02, -2.2854e-02, -5.0219e-02, -1.2516e-01, -8.6080e-02, +1.1036e-01, -3.3960e-02, -1.4424e-02, +1.1439e-02, +3.4146e-02, -1.3880e-02, -2.7774e-02, +2.5438e-02, +1.8350e-01, +3.1346e-02, -5.1380e-03, -3.9753e-02, +3.6194e-02, +4.6866e-02, -5.6194e-03, -1.0356e-02, +2.7603e-02, -4.1385e-02, -6.8203e-02, -4.6801e-02, +4.6325e-03, -4.3223e-04, +1.0778e-01, +4.1564e-02, +1.2263e-01, -1.0708e-03, -8.8064e-04, -2.1484e-02, +8.2360e-02, -3.5576e-02, -1.0000e+00, -8.0896e-02, -8.6840e-03, +2.0208e-01, +1.2090e-02, -4.9719e-02, +2.4815e-01, +4.5680e-02, -9.3284e-04
-5.1211e-03, -9.6480e-02, +2.0468e-02, +1.3128e-02, +8.3984e-02, +5.9548e-02, +2.8003e-02, +1.8990e-02, +1.3971e-02, -7.3413e-02, +4.3567e-02, -8.0265e-03, +1.3739e-02, +1.1146e-02, +3.6412e-02, +7.1941e-02, -2.4213e-02, +4.0672e-02, +1.9009e-02, -3.0349e-02, +8.6821e-02, +1.7891e-02, -1.1259e-02, +7.7452e-02, -3.8742e-02, -1.3320e-02, +2.4216e-02, +5.8127e-02, +1.3696e-02, +2.9583e-02, +4.4078e-02, +1.4420e-02, -3.0789e-02, -6.4147e-02, +2.6780e-02, +8.6816e-02, -2.9439e-02, +1.7907e-02, +1.0131e-02, -4.3642e-02, +3.9932e-02, -8.0896e-02, -1.0000e+00, -5.9820e-02, -2.7809e-02, -5.7809e-02, +3.0202e-02, -5.1044e-02, +1.5512e-03, -9.9077e-02
-1.8709e-02, +4.9690e-03, -4.6907e-03, +1.4558e-02, -3.4820e-02, -1.2428e-02, +1.4198e-02, -3.9421e-02, -3.3036e-02, +7.7967e-04, -3.8337e-02, -4.0835e-02, +9.7655e-03, +6.0129e-03, +5.5550e-03, +4.2263e-02, -1.0719e-01, -2.8530e-02, -1.2671e-02, +2.8606e-04, +3.1037e-02, -2.6162e-02, -3.4205e-02, +1.3324e-02, +4.4181e-03, -2.7683e-02, -1.3309e-03, -1.0337e-02, -3.0000e-02, -2.4847e-02, +3.5596e-02, -4.5232e-02, -3.6493e-02, -1.5172e-02, +3.2184e-03, -6.7376e-02, +4.6199e-02, -5.8682e-03, -1.7143e-03, -2.9436e-02, +2.0250e-02, -8.6840e-03, -5.9820e-02, -1.0000e+00, +2.1043e-02, -1.9182e-02, -1.1646e-02, -1.9125e-02, -8.0330e-03, -1.5182e-03
-3.6186e-02, -5.8100e-02, +4.7237e-03, -6.2917e-02, +4.1107e-02, +7.0612e-03, +2.7509e-02, -2.1028e-02, -4.9956e-02, +1.5088e-01, +2.0869e-03, -4.6624e-02, +7.3023e-02, -3.5488e-03, -3.3139e-02, +2.2371e-02, +5.0634e-02, -3.2512e-03, +3.6382e-02, +1.4287e-01, +1.1113e-02, -8.2917e-02, -1.0818e-01, +8.9541e-03, -4.4919e-02, +1.6627e-02, -6.8906e-03, -4.0168e-02, -3.6954e-02, +2.9230e-02, +3.9602e-03, +3.0743e-03, -2.0686e-02, +3.6411e-02, -1.2475e-02, -8.8787e-03, -3.1813e-02, -2.0776e-02, +2.8000e-02, -1.5980e-02, +7.3204e-03, +2.0208e-01, -2.7809e-02, +2.1043e-02, -1.0000e+00, -1.5732e-03, -4.7241e-03, +2.7971e-02, -2.0983e-02, +6.9328e-02
+6.4538e-03, -6.1736e-02, -3.1924e-02, -3.3835e-02, -2.0747e-02, +4.9235e-02, -2.8083e-02, +6.5063e-02, +3.8509e-02, +3.3957e-02, +1.1490e-02, -4.6600e-02, +4.4001e-02, -4.7926e-02, +2.8579e-02, +3.4551e-03, -3.5575e-02, +7.6040e-02, -1.0139e-01, -2.6483e-02, +1.2413e-02, -4.3164e-02, +5.6897e-02, -7.5221e-02, -2.2950e-02, +4.6705e-02, -3.4650e-04, -4.8323e-03, +7.5440e-03, +1.2476e-02, -6.5552e-02, -4.9805e-03, +1.0514e-02, -1.1305e-01, -1.9983e-02, -3.2590e-02, -1.4777e-02, +2.4443e-03, -4.3264e-02, +2.2651e-02, -2.8073e-03, +1.2090e-02, -5.7809e-02, -1.9182e-02, -1.5732e-03, -1.0000e+00, -6.0689e-02, -2.3722e-02, +3.1171e-02, +3.8713e-06
-1.4482e-02, +2.9219e-02, -9.0156e-02, -5.4218e-02, -2.0701e-02, -4.5140e-02, -2.0753e-02, +2.1759e-02, +6.0841e-02, +9.1727e-02, -1.8049e-02, -5.1532e-02, -6.0213e-02, -1.3358e-03, -4.3749e-03, +6.0028e-03, -6.0641e-02, -4.4828e-03, -1.8953e-02, +9.3774e-03, -1.6231e-02, +2.7024e-03, +4.9603e-02, -3.9170e-03, -3.1471e-02, +2.8744e-02, +7.7201e-04, -4.2399e-02, -7.5375e-02, +1.9261e-02, +2.3985e-02, -1.6133e-02, -1.3939e-02, -8.8325e-02, -7.3084e-03, +3.7546e-04, -1.6931e-02, +1.2610e-02, -6.9870e-02, +2.1266e-02, -3.1340e-02, -4.9719e-02, +3.0202e-02, -1.1646e-02, -4.7241e-03, -6.0689e-02, -1.0000e+00, -3.4005e-02, +4.3932e-03, +1.9059e-02
+1.2084e-01, +3.6303e-02, +8.1103e-02, +6.0552e-02, -2.6783e-02, -1.3491e-02, +2.3879e-02, -3.9187e-02, +1.7607e-01, -7.4545e-02, +1.7553e-01, -1.2297e-01, -1.3622e-01, +3.4561e-03, -1.7916e-02, -3.6755e-02, +8.7266e-02, +7.8116e-02, -8.5822e-02, +1.9332e-02, +1.2951e-02, +1.8315e-01, -1.2187e-01, -9.7478e-03, +4.8568e-02, -5.0110e-02, -5.2673e-02, +2.4959e-02, +6.9660e-03, +3.7496e-02, +1.1145e-01, +2.1190e-03, +8.5366e-02, -2.7404e-01, -6.8125e-02, -2.6165e-01, +9.2898e-02, +8.4451e-02, -4.5072e-02, +1.5905e-02, +8.1245e-02, +2.4815e-01, -5.1044e-02, -1.9125e-02, +2.7971e-02, -2.3722e-02, -3.4005e-02, -1.0000e+00, +5.8719e-02, +2.2097e-02
+5.4813e-02, +2.4185e-02, -3.4458e-03, -1.3280e-02, +8.7203e-02, +9.0101e-03, -2.1768e-02, +2.0699e-02, +6.0170e-02, +1.4527e-02, +1.8633e-02, -3.3295e-02, -6.2134e-02, -3.7497e-03, +8.8955e-02, +4.2274e-02, -2.1495e-02, -6.3652e-02, +3.2125e-02, -5.7034e-02, +4.2518e-02, +1.5320e-02, +1.3150e-03, +2.9053e-02, -2.7088e-02, -9.8848e-03, +1.5296e-02, +5.4839e-02, +4.0280e-02, +4.4792e-02, +3.2602e-02, +1.4298e-03, -6.6671e-02, +2.2892e-02, +1.4189e-02, -3.5203e-02, -1.7496e-02, +2.1242e-02, -3.5202e-02, +1.4024e-02, +1.2488e-02, +4.5680e-02, +1.5512e-03, -8.0330e-03, -2.0983e-02, +3.1171e-02, +4.3932e-03, +5.8719e-02, -1.0000e+00, +7.2509e-02
+5.6235e-02, +2.8868e-02, +2.6480e-02, +7.6746e-02, -3.0059e-03, -4.0875e-02, -2.3716e-02, -1.8293e-02, -5.8274e-03, +1.1838e-03, -3.3245e-02, +3.5226e-03, +6.0442e-02, -4.8589e-02, +2.6547e-02, +3.6297e-02, -4.8545e-02, -3.6703e-03, -1.9905e-02, +2.3684e-01, -7.7489e-03, +1.2667e-02, -5.5237e-02, -3.7488e-02, +5.9876e-03, +6.4031e-02, -1.3992e-03, -4.6096e-02, -2.7158e-02, +1.2581e-02, -9.2018e-03, -1.4209e-02, +9.8280e-03, -1.3217e-01, +3.2136e-03, +9.1822e-02, -8.5861e-02, -1.8823e-02, -4.1777e-02, -1.9854e-02, +5.0112e-02, -9.3283e-04, -9.9077e-02, -1.5182e-03, +6.9328e-02, +3.8674e-06, +1.9059e-02, +2.2097e-02, +7.2509e-02, -1.0000e+00
