-1.0000e+00, -4.8236e-02, -5.4766e-02, -1.2978e-02, +8.9845e-02, -1.2507e-02, +3.2373e-02, -3.4049e-03, -1.0248e-01, +2.9059e-02, -6.6412e-02, +1.4270e-02, +2.3532e-02, -2.7222e-02, -3.7499e-02, +1.0882e-02, +1.1134e-02, -6.3175e-02, -5.5900e-02, +1.2135e-02, -2.3806e-02, -5.9444e-03, -1.9706e-02, +2.3633e-02, -1.3246e-01, -1.3875e-01, -3.3332e-02, -8.0622e-02, +2.3252e-02, -1.5607e-01, -7.3940e-02, +2.1938e-04, +9.0516e-02, -1.2882e-02, +4.5668e-02, +4.1417e-02, +1.9761e-01, -9.4561e-02, +2.9418e-02, +4.8513e-02, -3.8407e-02, -4.3676e-03, +5.8353e-02, +3.5404e-05, -2.2408e-02, -8.4044e-02, -8.8791e-02, +1.8713e-01, -2.6759e-02, -8.6340e-02
-4.8236e-02, -1.0000e+00, +8.2611e-02, +1.5865e-02, -6.2085e-02, +6.1262e-02, -5.8988e-02, -1.2817e-01, +2.1821e-02, +5.9130e-02, +2.3612e-02, +9.0620e-05, +7.9847e-02, +9.2087e-02, -2.3117e-02, -1.0645e-02, +5.4085e-02, +1.0033e-02, -2.2848e-02, +6.3239e-02, +3.8690e-02, +6.7390e-02, -1.7966e-02, +5.3354e-02, +7.0010e-03, -9.0152e-03, +3.0537e-02, +1.5769e-02, +1.3245e-02, +4.7049e-02, +4.2513e-02, -1.1179e-02, -1.0170e-02, -5.4244e-02, +5.0654e-02, -4.3577e-02, +1.9802e-02, -4.8272e-02, +3.0084e-02, -4.8124e-02, +8.2214e-03, +1.2366e-01, -3.1984e-02, -4.0350e-02, -4.4888e-03, -5.1773e-02, +3.4647e-02, +2.9986e-02, +1.5437e-02, +5.7777e-02
-5.4766e-02, +8.2611e-02, -1.0000e+00, +2.4990e-02, +1.0065e-02, -1.7387e-01, -6.4393e-02, -7.9605e-03, -3.2477e-02, +4.4870e-02, -9.5045e-03, -4.9823e-02, -7.6181e-02, -2.7732e-03, +8.2891e-02, +5.6278e-02, +7.1877e-02, -5.3025e-02, -9.5075e-02, +5.5199e-02, +1.3725e-01, +1.9771e-02, +2.9733e-02, -1.6054e-01, -1.1307e-01, -1.1215e-01, -1.3669e-01, -1.1524e-01, -3.5969e-02, +2.2674e-02, +6.0187e-04, +1.6579e-01, +1.0495e-01, +5.4697e-02, +6.0210e-02, -1.0625e-02, +2.2072e-02, +3.5058e-02, -4.3035e-02, +3.3020e-02, -1.7043e-02, -2.9003e-02, +3.1448e-02, -2.8669e-03, -3.2001e-02, -1.0549e-01, +1.9386e-04, +2.4047e-02, +5.2116e-02, -2.0289e-02
-1.2978e-02, +1.5865e-02, +2.4990e-02, -1.0000e+00, -4.8779e-02, -2.2510e-02, -1.1253e-01, -5.8522e-02, +4.0021e-02, +3.3179e-02, -2.4410e-02, +2.9581e-02, -9.5362e-02, +4.6264e-02, +3.5479e-02, +4.0783e-02, +2.0529e-01, -2.1851e-02, +4.6232e-03, -3.9204e-02, +3.7209e-02, -2.3333e-02, -4.7984e-02, -2.5275e-02, -3.6795e-02, -1.0557e-01, -2.1358e-02, -3.5797e-02, -9.8784e-02, -1.2014e-01, -9.4909e-02, +5.5468e-02, +8.6170e-03, +4.1484e-02, +3.2657e-03, -4.4186e-02, -2.3955e-02, +5.0870e-03, -4.4236e-02, -3.5775e-02, +1.1395e-02, -6.4187e-02, +1.0898e-01, +7.8589e-03, -1.7254e-02, +2.1059e-02, +4.9233e-02, +8.3867e-02, -8.2470e-02, +5.5801e-02
+8.9844e-02, -6.2085e-02, +1.0065e-02, -4.8779e-02, -1.0000e+00, -2.6693e-02, -3.0826e-02, -3.3383e-02, +6.8433e-02, -2.9554e-02, -2.8063e-03, -2.3848e-02, -2.0344e-02, -3.6866e-02, -1.2561e-01, +2.7789e-02, +1.3974e-01, -6.8868e-02, -1.1277e-01, +1.8277e-03, +2.6805e-02, -3.9918e-02, -2.5046e-02, -9.9255e-02, +2.0526e-02, -3.3537e-02, -1.4154e-01, -3.3987e-02, -1.5924e-01, -9.7224e-02, -9.7207e-02, +2.2314e-02, -4.3617e-02, +2.6023e-02, -6.8523e-02, +3.7172e-02, +1.5162e-02, +1.2523e-02, +6.4077e-03, -1.9937e-02, +5.7628e-02, -5.4764e-02, -1.4030e-02, +5.9788e-02, -1.1700e-01, -3.2452e-02, -5.2841e-02, +2.7199e-01, -7.4010e-02, +3.6151e-02
-1.2507e-02, +6.1262e-02, -1.7387e-01, -2.2510e-02, -2.6693e-02, -1.0000e+00, -6.9619e-02, -7.5856e-02, +3.6739e-02, +4.3776e-02, -1.2352e-01, +1.2320e-01, -1.2020e-02, -3.8976e-02, -1.5728e-01, +2.9375e-02, -8.1201e-03, -2.6589e-02, -1.6460e-01, +4.2895e-02, -4.0079e-02, -7.8471e-02, +4.2727e-02, -4.6566e-02, -3.7467e-02, -1.3406e-01, -6.0649e-02, -1.0778e-01, -6.6257e-02, +5.4736e-02, -1.6826e-01, +1.0804e-02, +9.7068e-02, -7.6271e-03, +2.5016e-02, -7.5736e-02, +7.4183e-02, -9.9876e-02, +4.3146e-02, +2.8831e-02, -5.9885e-02, -1.3422e-01, -3.3174e-02, +1.4928e-02, -1.6811e-02, -6.8470e-02, -1.5556e-01, +1.2023e-01, -7.2627e-02, +2.6133e-02
+3.2373e-02, -5.8988e-02, -6.4392e-02, -1.1253e-01, -3.0826e-02, -6.9619e-02, -1.0000e+00, -8.2109e-02, -5.5003e-03, +5.1102e-02, -1.8793e-03, +3.6803e-03, -6.7707e-02, +3.3540e-03, -7.7985e-02, +1.0567e-01, +8.2315e-02, -2.3865e-02, -3.8012e-02, -2.8481e-02, +2.2846e-02, -1.4397e-03, -2.8786e-02, -4.3267e-02, +2.5284e-02, +6.7876e-02, -5.7553e-02, -7.5023e-02, +1.2051e-03, +2.9266e-03, -8.9074e-02, +4.1308e-02, -3.3094e-02, -3.0584e-02, +8.7945e-02, +6.5209e-02, +5.1956e-02, +4.7159e-02, -5.7283e-02, -3.4866e-03, -1.6993e-02, -3.1050e-02, -3.6054e-02, -5.0128e-02, -1.4070e-02, -7.4336e-02, -1.1494e-02, +6.6382e-02, +8.2221e-03, +2.2771e-02
-3.4049e-03, -1.2817e-01, -7.9605e-03, -5.8522e-02, -3.3383e-02, -7.5856e-02, -8.2109e-02, -1.0000e+00, +7.5446e-02, +4.9035e-02, -1.8628e-03, -1.2753e-02, +1.3288e-02, -6.5116e-02, -3.5133e-02, -3.4428e-02, +1.5156e-01, -9.5657e-02, -7.8760e-02, +3.4020e-02, +3.2759e-03, -3.2718e-02, +5.3354e-02, +3.5217e-02, +1.1318e-01, +6.3567e-02, -1.0387e-02, -8.3597e-02, -3.5803e-02, +3.2788e-02, -5.6731e-02, +1.2665e-02, -5.0823e-02, +4.2206e-03, +1.0754e-01, -6.0055e-02, +6.4704e-02, +5.8387e-03, -2.0946e-02, -4.1602e-02, -1.0825e-01, +1.8750e-03, +2.5333e-02, -3.6765e-02, -2.4236e-02, +7.2437e-02, +8.9267e-03, +8.0125e-02, +5.8137e-02, -4.7721e-02
-1.0248e-01, +2.1821e-02, -3.2477e-02, +4.0021e-02, +6.8433e-02, +3.6739e-02, -5.5003e-03, +7.5446e-02, -1.0000e+00, +8.5385e-02, +4.3102e-02, -3.2191e-02, -8.8436e-03, -2.7032e-03, -2.1855e-02, -2.7721e-02, -1.6007e-01, +2.4520e-02, +8.4243e-03, -4.3776e-02, +6.3869e-02, +2.5201e-03, -6.5443e-05, +5.7954e-02, -8.9329e-02, -1.5211e-02, +4.9602e-02, -6.4273e-02, +6.0259e-02, -3.6711e-02, -1.1780e-03, +4.1543e-02, -6.8187e-02, +2.2545e-02, -6.7073e-02, -3.9334e-02, +9.4585e-02, +1.0777e-02, +4.2981e-02, -3.4599e-03, +1.1923e-02, +7.5238e-02, +6.4768e-02, -6.3511e-03, -3.8705e-02, +2.6445e-02, -5.2432e-03, +8.6799e-02, +1.7060e-02, -1.0334e-01
+2.9059e-02, +5.9130e-02, +4.4870e-02, +3.3179e-02, -2.9554e-02, +4.3776e-02, +5.1102e-02, +4.9035e-02, +8.5385e-02, -1.0000e+00, -4.9177e-02, +6.9639e-02, +5.0800e-02, -1.8081e-02, +1.7236e-01, -1.3924e-02, +6.1554e-02, +5.6295e-02, +4.3222e-02, -9.1781e-02, -6.5080e-02, -4.5681e-02, +1.1085e-01, -1.4682e-01, -3.0121e-02, +1.1824e-01, -2.0607e-02, +9.0506e-02, +1.0771e-01, -1.8557e-02, -5.6269e-02, -1.0405e-01, -1.6196e-02, +4.9011e-03, -5.3522e-02, +7.0461e-03, +1.9572e-02, +8.0618e-04, +3.0187e-02, +4.5092e-02, +1.1728e-01, +5.1796e-02, -1.1638e-01, -3.9776e-02, +2.3549e-02, +5.0997e-02, +1.2395e-01, -1.3771e-01, +1.9460e-03, +3.7425e-03
-6.6412e-02, +2.3612e-02, -9.5045e-03, -2.4410e-02, -2.8063e-03, -1.2352e-01, -1.8793e-03, -1.8628e-03, +4.3102e-02, -4.9177e-02, -1.0000e+00, +2.0298e-04, -3.2696e-02, -2.9287e-02, -1.2959e-01, -4.5155e-02, +1.8356e-03, -1.0324e-01, -1.4992e-01, -1.2151e-02, +1.0154e-01, -1.2176e-01, +1.4221e-03, +1.7545e-02, -6.9250e-02, -1.3485e-01, -7.9662e-02, -4.0420e-02, -6.9909e-02, -1.0904e-02, -1.2198e-01, -4.8609e-02, +4.7350e-02, +3.3777e-02, -5.3396e-02, -1.1455e-01, +1.0945e-01, -1.4760e-01, +2.8703e-02, +4.7419e-02, -5.2830e-02, -1.0493e-01, +2.0498e-02, -8.4735e-03, -9.5206e-02, +3.2864e-02, -5.8911e-02, +1.3688e-01, -1.9418e-01, -6.8703e-03
+1.4270e-02, +9.0630e-05, -4.9823e-02, +2.9581e-02, -2.3848e-02, +1.2320e-01, +3.6803e-03, -1.2753e-02, -3.2191e-02, +6.9639e-02, +2.0298e-04, -1.0000e+00, +2.8350e-03, +3.2196e-03, +2.4494e-02, -4.7658e-02, +2.4392e-01, +2.9068e-02, -5.9364e-02, +1.9939e-01, +4.3371e-01, -1.2824e-02, -2.6147e-02, -3.0352e-02, -2.3443e-02, +7.3271e-02, +1.3473e-02, +1.3845e-02, -1.8756e-02, -2.6298e-02, +2.4909e-02, +1.1421e-01, +3.1049e-02, -5.6964e-02, +2.5640e-02, +5.9101e-02, +1.1523e-01, +1.2749e-02, -6.0478e-02, -1.1970e-02, +3.4456e-02, -1.0465e-01, +8.5782e-02, +5.5704e-02, -5.4756e-02, -9.6757e-02, +4.4761e-02, +4.9193e-03, +6.6405e-02, -1.7737e-01
+2.3532e-02, +7.9847e-02, -7.6181e-02, -9.5362e-02, -2.0344e-02, -1.2020e-02, -6.7707e-02, +1.3288e-02, -8.8436e-03, +5.0800e-02, -3.2696e-02, +2.8350e-03, -1.0000e+00, +7.2770e-02, -2.0862e-02, +6.6419e-02, +1.5669e-01, -2.7228e-02, +6.6205e-03, +3.0915e-02, +6.7705e-02, +2.8272e-02, -1.7550e-03, -3.1876e-02, -1.4180e-02, -7.3975e-02, +3.0831e-02, +8.1843e-03, +1.8334e-02, -3.5621e-02, -1.8372e-02, -2.2720e-02, +4.0685e-02, -2.1115e-02, +1.0531e-01, -7.7641e-02, +4.2846e-02, +8.2297e-02, +4.2559e-03, -3.8569e-02, -3.4456e-02, +3.4975e-02, +2.5336e-02, +9.1781e-03, -1.2116e-01, -1.7695e-03, +1.4418e-01, +3.6458e-02, -2.7182e-02, -1.5236e-02
-2.7222e-02, +9.2087e-02, -2.7732e-03, +4.6264e-02, -3.6866e-02, -3.8976e-02, +3.3540e-03, -6.5116e-02, -2.7032e-03, -1.8081e-02, -2.9287e-02, +3.2196e-03, +7.2770e-02, -1.0000e+00, -1.1060e-02, -5.3098e-02, +1.0652e-01, -5.9773e-02, -6.7519e-02, +4.0030e-02, +1.3104e-02, -4.0362e-02, -8.9558e-03, -8.6831e-02, +9.4084e-02, +2.2515e-02, -6.9340e-02, -8.2591e-03, +1.9666e-02, -8.3252e-02, -1.1348e-01, +1.4883e-02, -3.5312e-02, +6.5550e-02, +1.1064e-02, -2.4389e-02, +8.0686e-02, -7.5611e-02, +2.5091e-03, +8.8322e-03, -5.8123e-04, +2.4741e-02, -4.9313e-02, +3.3576e-02, -2.8885e-02, -7.8157e-02, -8.0616e-02, +7.5609e-02, -6.0670e-02, -3.4568e-02
-3.7499e-02, -2.3117e-02, +8.2891e-02, +3.5479e-02, -1.2561e-01, -1.5728e-01, -7.7985e-02, -3.5133e-02, -2.1855e-02, +1.7236e-01, -1.2959e-01, +2.4494e-02, -2.0862e-02, -1.1060e-02, -1.0000e+00, -3.8667e-02, -9.0206e-02, -1.8905e-02, -2.3855e-01, -5.0432e-03, -5.3965e-03, -1.0667e-01, +2.4659e-02, -1.8596e-02, +7.9970e-02, -1.0893e-01, -1.1171e-01, -8.8234e-02, -9.4989e-02, -2.3057e-02, -1.3620e-01, +6.1503e-03, -5.6372e-02, -1.0021e-02, -4.3433e-02, +7.4898e-02, +2.4226e-01, -7.0502e-02, -7.2541e-02, -1.4612e-02, -5.8577e-02, -4.2002e-02, -4.6934e-02, +2.8118e-02, -9.9288e-02, +1.5888e-02, -8.6410e-02, +2.7910e-01, -1.1157e-01, +2.2152e-02
+1.0882e-02, -1.0645e-02, +5.6278e-02, +4.0783e-02, +2.7789e-02, +2.9375e-02, +1.0567e-01, -3.4428e-02, -2.7721e-02, -1.3924e-02, -4.5155e-02, -4.7658e-02, +6.6419e-02, -5.3098e-02, -3.8667e-02, -1.0000e+00, -1.1377e-02, +1.5818e-02, +2.8974e-02, +1.4937e-01, +2.1123e-02, -8.4596e-02, +5.7784e-02, +3.6559e-02, +7.9141e-02, +3.9208e-02, +6.6103e-02, +4.8476e-02, +1.5855e-02, +2.0209e-02, +4.7810e-02, +5.7965e-02, -1.9444e-02, +3.7656e-03, -5.8141e-02, +1.7984e-04, +1.4372e-02, -4.2577e-02, -1.2512e-02, +6.6434e-02, +4.4421e-02, +2.7129e-03, +1.0381e-02, +1.0733e-01, -1.9741e-02, +5.5256e-02, -3.0962e-02, -8.6529e-02, -1.2803e-01, +1.6634e-02
+1.1134e-02, +5.4085e-02, +7.1877e-02, +2.0529e-01, +1.3974e-01, -8.1201e-03, +8.2315e-02, +1.5156e-01, -1.6007e-01, +6.1554e-02, +1.8356e-03, +2.4392e-01, +1.5669e-01, +1.0652e-01, -9.0206e-02, -1.1377e-02, -1.0000e+00, +1.0229e-01, +8.7818e-02, -5.2741e-02, -1.0962e-01, -1.5733e-03, +1.1063e-01, +7.1320e-02, +1.1564e-01, -1.2155e-01, +2.8699e-02, +9.4086e-03, +1.2825e-01, -1.2529e-02, +1.2292e-01, +4.6150e-02, -1.2997e-02, +4.1464e-04, -2.1017e-01, -4.3693e-02, -5.9049e-02, -9.0897e-02, +9.9129e-02, +4.3692e-02, -7.0385e-02, +5.5105e-03, -2.9378e-01, -1.4045e-03, +8.0286e-02, +1.9232e-01, -8.2970e-02, +1.4329e-03, +2.4979e-02, +2.2875e-02
-6.3175e-02, +1.0033e-02, -5.3025e-02, -2.1851e-02, -6.8868e-02, -2.6589e-02, -2.3865e-02, -9.5657e-02, +2.4520e-02, +5.6295e-02, -1.0324e-01, +2.9068e-02, -2.7228e-02, -5.9773e-02, -1.8905e-02, +1.5818e-02, +1.0229e-01, -1.0000e+00, -4.4148e-02, +4.1486e-03, +2.7608e-02, +2.7551e-03, +2.5614e-02, +1.1615e-01, -6.9214e-02, -4.4977e-02, +5.0143e-02, -1.0558e-01, -2.9070e-02, +3.1549e-02, +2.9512e-02, -7.9504e-02, +1.6409e-02, +1.9598e-03, -1.9588e-02, +7.0753e-02, +1.0219e-01, -7.0853e-02, +7.9687e-02, -2.6771e-02, -7.8909e-02, -8.2114e-02, -4.5487e-02, +3.0594e-02, -1.1481e-02, +7.9241e-02, +8.1475e-03, +1.9252e-02, -6.1814e-02, +4.1362e-03
-5.5900e-02, -2.2848e-02, -9.5075e-02, +4.6232e-03, -1.1277e-01, -1.6460e-01, -3.8012e-02, -7.8760e-02, +8.4243e-03, +4.3222e-02, -1.4992e-01, -5.9364e-02, +6.6206e-03, -6.7519e-02, -2.3855e-01, +2.8974e-02, +8.7818e-02, -4.4148e-02, -1.0000e+00, +1.0842e-01, -2.4451e-03, -3.9543e-02, +7.0912e-02, -1.4691e-01, +4.2117e-02, -5.3755e-02, -1.2273e-01, -1.9601e-01, -1.4738e-01, +1.5886e-02, -1.3325e-01, +2.7222e-02, -5.8180e-02, +3.7074e-02, +5.4986e-02, +6.7782e-02, +2.7244e-01, -1.1555e-01, -8.7040e-02, -5.5070e-02, -1.5761e-01, +3.3873e-02, -1.1173e-01, -3.1833e-02, -3.8062e-02, -2.0523e-01, -1.3966e-01, +2.4421e-01, +2.7048e-01, -5.4981e-02
+1.2135e-02, +6.3239e-02, +5.5199e-02, -3.9204e-02, +1.8277e-03, +4.2895e-02, -2.8481e-02, +3.4020e-02, -4.3776e-02, -9.1781e-02, -1.2151e-02, +1.9939e-01, +3.0915e-02, +4.0030e-02, -5.0432e-03, +1.4937e-01, -5.2741e-02, +4.1486e-03, +1.0842e-01, -1.0000e+00, +9.0228e-02, -1.5347e-02, -1.4841e-02, +6.0547e-02, +6.2093e-02, +5.1315e-02, +3.8844e-02, -9.8194e-03, -1.1756e-02, -5.0958e-02, +4.9609e-03, +2.0557e-01, -1.7080e-01, +9.9777e-02, -5.6174e-02, -1.7416e-02, +7.5322e-02, -6.8625e-03, -7.0276e-02, +3.6403e-03, +6.5490e-02, +4.2939e-02, +1.2893e-01, -1.6363e-02, +2.5453e-02, +5.3286e-02, -5.5257e-02, +6.9288e-02, -6.1492e-02, +1.9399e-02
-2.3806e-02, +3.8690e-02, +1.3725e-01, +3.7209e-02, +2.6805e-02, -4.0079e-02, +2.2846e-02, +3.2759e-03, +6.3869e-02, -6.5080e-02, +1.0154e-01, +4.3371e-01, +6.7705e-02, +1.3104e-02, -5.3965e-03, +2.1123e-02, -1.0962e-01, +2.7608e-02, -2.4451e-03, +9.0228e-02, -1.0000e+00, +3.0578e-02, +1.2790e-02, +5.1253e-03, +2.4287e-03, +1.0940e-01, +1.1122e-03, -3.1772e-02, +4.6608e-02, +7.8031e-02, +5.3401e-02, +1.3031e-02, +5.8845e-02, +8.0530e-03, +7.5670e-03, +1.5133e-02, -2.3882e-02, +9.4771e-02, +1.6474e-02, -2.3133e-02, -1.2328e-02, +5.1590e-02, -1.0639e-01, +5.7535e-02, +6.5601e-02, +4.6066e-02, +2.6648e-02, +6.7729e-02, +8.0369e-02, +9.5070e-02
-5.9444e-03, +6.7390e-02, +1.9771e-02, -2.3333e-02, -3.9918e-02, -7.8471e-02, -1.4397e-03, -3.2718e-02, +2.5201e-03, -4.5681e-02, -1.2176e-01, -1.2824e-02, +2.8272e-02, -4.0362e-02, -1.0667e-01, -8.4596e-02, -1.5733e-03, +2.7551e-03, -3.9543e-02, -1.5347e-02, +3.0578e-02, -1.0000e+00, +7.7455e-02, -4.4146e-02, +1.6887e-02, +2.4068e-02, -4.1711e-02, +2.1793e-02, +4.2388e-03, -8.2168e-02, -7.9174e-02, +1.2720e-01, -5.5189e-02, -9.9086e-03, +4.0690e-02, -2.2945e-02, +6.1941e-02, -4.8357e-02, -4.4386e-02, +2.2655e-02, +2.3957e-02, -1.0127e-01, +4.9734e-02, -6.8946e-02, -6.9608e-02, +4.0884e-02, -5.8232e-02, +1.1265e-02, -1.7894e-01, -1.2685e-02
-1.9706e-02, -1.7966e-02, +2.9734e-02, -4.7984e-02, -2.5046e-02, +4.2727e-02, -2.8786e-02, +5.3354e-02, -6.5444e-05, +1.1085e-01, +1.4221e-03, -2.6147e-02, -1.7550e-03, -8.9558e-03, +2.4659e-02, +5.7784e-02, +1.1063e-01, +2.5614e-02, +7.0912e-02, -1.4841e-02, +1.2790e-02, +7.7455e-02, -1.0000e+00, +2.7565e-02, +3.5037e-03, -2.0135e-02, -1.4633e-02, +4.9852e-02, +7.6048e-02, -1.0911e-02, +5.4107e-02, +3.5886e-02, +7.9384e-02, +1.2170e-02, +3.4391e-02, -1.2696e-01, +1.4070e-02, +7.7207e-03, -2.2610e-02, +1.2629e-02, +4.4857e-02, +2.4864e-02, +7.5773e-02, -7.9214e-03, +1.7165e-02, -9.3292e-03, -6.4435e-02, -8.0506e-02, -9.5498e-02, +2.2362e-02
+2.3633e-02, +5.3354e-02, -1.6054e-01, -2.5275e-02, -9.9255e-02, -4.6566e-02, -4.3267e-02, +3.5217e-02, +5.7954e-02, -1.4682e-01, +1.7545e-02, -3.0352e-02, -3.1876e-02, -8.6831e-02, -1.8596e-02, +3.6559e-02, +7.1320e-02, +1.1615e-01, -1.4691e-01, +6.0547e-02, +5.1253e-03, -4.4146e-02, +2.7565e-02, -1.0000e+00, -2.0797e-02, -1.3114e-01, -1.8563e-01, -5.5697e-02, +1.5795e-02, -8.3130e-02, -1.5587e-01, +9.1180e-02, -1.2933e-02, +7.1978e-02, +5.9546e-02, -1.3308e-01, +4.3399e-02, -3.2613e-02, -6.6250e-02, -1.6644e-02, +5.7019e-02, -6.2990e-02, +2.0651e-02, -5.0535e-02, -2.5484e-02, -1.8789e-01, -5.7821e-02, +9.4517e-03, +2.5342e-01, -6.7170e-03
-1.3246e-01, +7.0010e-03, -1.1307e-01, -3.6795e-02, +2.0526e-02, -3.7467e-02, +2.5284e-02, +1.1318e-01, -8.9329e-02, -3.0121e-02, -6.9250e-02, -2.3443e-02, -1.4180e-02, +9.4084e-02, +7.9970e-02, +7.9141e-02, +1.1564e-01, -6.9214e-02, +4.2117e-02, +6.2093e-02, +2.4287e-03, +1.6887e-02, +3.5037e-03, -2.0797e-02, -1.0000e+00, -1.0959e-01, -6.8260e-02, -4.2882e-02, -1.0045e-01, -3.9997e-02, -8.7915e-02, +7.9032e-02, +4.8500e-02, -1.4660e-02, -2.5717e-02, -4.3069e-02, -6.5543e-02, -8.0491e-02, +3.7897e-02, -2.5193e-03, +6.9358e-02, -2.1943e-02, +9.1320e-02, -1.8834e-02, -9.1578e-03, -2.2786e-02, +5.8729e-02, +7.6037e-02, -1.9383e-04, +6.2089e-03
-1.3875e-01, -9.0152e-03, -1.1215e-01, -1.0557e-01, -3.3537e-02, -1.3406e-01, +6.7876e-02, +6.3567e-02, -1.5211e-02, +1.1824e-01, -1.3485e-01, +7.3271e-02, -7.3975e-02, +2.2515e-02, -1.0893e-01, +3.9208e-02, -1.2155e-01, -4.4977e-02, -5.3755e-02, +5.1315e-02, +1.0940e-01, +2.4068e-02, -2.0135e-02, -1.3114e-01, -1.0959e-01, -1.0000e+00, -1.1098e-01, -2.7288e-03, +7.9548e-03, -1.6509e-01, -9.3039e-02, +1.0175e-02, +7.9126e-02, +4.0931e-02, +8.1087e-02, +2.9716e-02, -2.1400e-02, -3.8884e-03, +3.2559e-03, +3.4801e-02, -7.2356e-02, -6.3341e-02, -3.1102e-02, -6.8343e-03, -7.5170e-02, +4.2048e-04, -3.2918e-02, +1.3500e-01, -8.5153e-02, +6.3800e-02
-3.3332e-02, +3.0537e-02, -1.3669e-01, -2.1358e-02, -1.4154e-01, -6.0649e-02, -5.7553e-02, -1.0387e-02, +4.9602e-02, -2.0607e-02, -7.9662e-02, +1.3473e-02, +3.0831e-02, -6.9340e-02, -1.1171e-01, +6.6103e-02, +2.8699e-02, +5.0143e-02, -1.2273e-01, +3.8844e-02, +1.1122e-03, -4.1711e-02, -1.4633e-02, -1.8563e-01, -6.8260e-02, -1.1098e-01, -1.0000e+00, -3.7739e-02, -1.7994e-01, -7.0804e-02, -1.5048e-01, +4.2971e-03, +2.6853e-02, -1.2187e-02, +2.0051e-03, -1.2692e-02, +5.6997e-02, -7.7182e-02, -6.0333e-02, -2.5491e-02, -1.7351e-02, -5.5015e-02, +3.5104e-02, -1.7070e-02, +5.0287e-02, -1.1926e-01, -8.4565e-02, +1.3419e-01, +9.0193e-02, +1.8797e-02
-8.0622e-02, +1.5769e-02, -1.1524e-01, -3.5797e-02, -3.3987e-02, -1.0778e-01, -7.5023e-02, -8.3597e-02, -6.4273e-02, +9.0506e-02, -4.0420e-02, +1.3845e-02, +8.1843e-03, -8.2591e-03, -8.8234e-02, +4.8476e-02, +9.4086e-03, -1.0558e-01, -1.9601e-01, -9.8194e-03, -3.1772e-02, +2.1793e-02, +4.9852e-02, -5.5697e-02, -4.2882e-02, -2.7288e-03, -3.7739e-02, -1.0000e+00, -3.5928e-02, +8.5850e-02, +2.6037e-02, +7.3153e-02, -6.4550e-02, -3.5660e-04, -2.0823e-03, +4.3053e-02, +1.5605e-01, -7.5680e-02, -3.9589e-02, +6.2304e-03, -5.1962e-02, +4.6701e-02, -3.3718e-02, +6.7096e-02, -1.5557e-02, -3.3425e-03, -7.8534e-02, +1.2581e-01, +1.3052e-01, -4.8559e-02
+2.3252e-02, +1.3245e-02, -3.5969e-02, -9.8784e-02, -1.5924e-01, -6.6257e-02, +1.2051e-03, -3.5803e-02, +6.0259e-02, +1.0771e-01, -6.9909e-02, -1.8756e-02, +1.8334e-02, +1.9666e-02, -9.4989e-02, +1.5855e-02, +1.2825e-01, -2.9070e-02, -1.4738e-01, -1.1756e-02, +4.6608e-02, +4.2388e-03, +7.6049e-02, +1.5795e-02, -1.0045e-01, +7.9548e-03, -1.7994e-01, -3.5928e-02, -1.0000e+00, +3.6318e-02, -1.0863e-01, +1.9534e-02, -1.2396e-01, +2.3760e-02, -1.0481e-01, +1.7888e-02, +5.6975e-03, -6.4711e-02, -2.1029e-02, -3.6722e-02, +6.6128e-02, +7.7516e-02, +1.4514e-01, +3.8417e-03, -4.1967e-02, -4.5521e-02, -1.0231e-01, +2.2877e-01, +1.7392e-01, +4.7526e-02
-1.5607e-01, +4.7049e-02, +2.2674e-02, -1.2014e-01, -9.7224e-02, +5.4736e-02, +2.9266e-03, +3.2788e-02, -3.6711e-02, -1.8557e-02, -1.0904e-02, -2.6298e-02, -3.5621e-02, -8.3252e-02, -2.3057e-02, +2.0209e-02, -1.2529e-02, +3.1549e-02, +1.5886e-02, -5.0958e-02, +7.8031e-02, -8.2168e-02, -1.0911e-02, -8.3130e-02, -3.9997e-02, -1.6509e-01, -7.0804e-02, +8.5850e-02, +3.6318e-02, -1.0000e+00, -9.1201e-02, +3.5831e-02, -4.2047e-02, -2.1178e-02, +6.8116e-02, -4.6605e-03, +5.7528e-02, -8.0747e-03, -7.3242e-03, +3.5245e-02, +1.2450e-01, -5.7380e-02, +2.3126e-02, +5.2130e-03, -1.2839e-01, +1.8453e-02, -6.4706e-02, +1.4865e-01, -6.6582e-02, -1.3680e-02
-7.3940e-02, +4.2513e-02, +6.0186e-04, -9.4909e-02, -9.7207e-02, -1.6826e-01, -8.9074e-02, -5.6731e-02, -1.1780e-03, -5.6269e-02, -1.2198e-01, +2.4909e-02, -1.8372e-02, -1.1348e-01, -1.3620e-01, +4.7810e-02, +1.2292e-01, +2.9512e-02, -1.3325e-01, +4.9610e-03, +5.3401e-02, -7.9174e-02, +5.4107e-02, -1.5587e-01, -8.7915e-02, -9.3039e-02, -1.5048e-01, +2.6037e-02, -1.0863e-01, -9.1201e-02, -1.0000e+00, +9.5039e-03, +6.2135e-02, +2.7057e-02, +4.9872e-02, +1.5336e-01, +6.1180e-02, -9.3439e-02, -2.3533e-02, +4.0176e-02, -7.6029e-02, +3.5873e-03, -5.9873e-02, +3.1782e-02, -1.1837e-01, -1.0292e-01, -4.7337e-02, +3.3808e-01, -8.0914e-02, -3.6889e-02
+2.1938e-04, -1.1179e-02, +1.6579e-01, +5.5468e-02, +2.2314e-02, +1.0804e-02, +4.1308e-02, +1.2665e-02, +4.1543e-02, -1.0405e-01, -4.8609e-02, +1.1421e-01, -2.2720e-02, +1.4883e-02, +6.1503e-03, +5.7965e-02, +4.6150e-02, -7.9504e-02, +2.7222e-02, +2.0557e-01, +1.3031e-02, +1.2720e-01, +3.5886e-02, +9.1180e-02, +7.9032e-02, +1.0175e-02, +4.2971e-03, +7.3153e-02, +1.9534e-02, +3.5831e-02, +9.5038e-03, -1.0000e+00, +1.8782e-02, -6.2939e-02, +8.1002e-03, +1.6238e-02, +8.0567e-02, -3.6082e-02, +1.0783e-01, -1.0459e-02, -1.4722e-02, +5.7547e-02, -9.4484e-02, +2.4490e-03, +5.5624e-02, +7.3833e-02, +6.6194e-02, +6.4331e-02, +2.1734e-02, +2.4265e-02
+9.0516e-02, -1.0170e-02, +1.0495e-01, +8.6171e-03, -4.3617e-02, +9.7068e-02, -3.3094e-02, -5.0823e-02, -6.8187e-02, -1.6196e-02, +4.7350e-02, +3.1049e-02, +4.0685e-02, -3.5312e-02, -5.6372e-02, -1.9444e-02, -1.2997e-02, +1.6409e-02, -5.8180e-02, -1.7080e-01, +5.8845e-02, -5.5189e-02, +7.9384e-02, -1.2933e-02, +4.8500e-02, +7.9126e-02, +2.6853e-02, -6.4550e-02, -1.2396e-01, -4.2047e-02, +6.2135e-02, +1.8782e-02, -1.0000e+00, +3.5387e-02, +1.5403e-02, -3.1450e-02, -1.7993e-02, +8.0150e-02, -9.5080e-02, -2.4690e-02, -2.2192e-03, +2.3353e-01, +1.7814e-01, +6.7323e-02, +7.7617e-02, +4.9230e-02, -4.9475e-02, +8.8562e-02, +3.0039e-01, -1.1750e-02
-1.2882e-02, -5.4244e-02, +5.4697e-02, +4.1484e-02, +2.6023e-02, -7.6271e-03, -3.0584e-02, +4.2206e-03, +2.2545e-02, +4.9011e-03, +3.3777e-02, -5.6964e-02, -2.1115e-02, +6.5550e-02, -1.0021e-02, +3.7656e-03, +4.1465e-04, +1.9598e-03, +3.7074e-02, +9.9777e-02, +8.0530e-03, -9.9086e-03, +1.2170e-02, +7.1978e-02, -1.4660e-02, +4.0931e-02, -1.2187e-02, -3.5660e-04, +2.3760e-02, -2.1178e-02, +2.7057e-02, -6.2939e-02, +3.5387e-02, -1.0000e+00, +4.9509e-02, -3.1498e-02, +7.7171e-02, +3.1728e-02, +3.2171e-02, +1.3138e-02, -1.4951e-03, +5.4765e-02, -1.6698e-03, +1.5028e-02, -1.5929e-02, -9.5489e-03, -2.0063e-02, -7.7082e-02, -4.2918e-02, +1.1404e-02
+4.5668e-02, +5.0654e-02, +6.0210e-02, +3.2657e-03, -6.8523e-02, +2.5016e-02, +8.7945e-02, +1.0754e-01, -6.7073e-02, -5.3522e-02, -5.3396e-02, +2.5640e-02, +1.0531e-01, +1.1064e-02, -4.3433e-02, -5.8141e-02, -2.1017e-01, -1.9588e-02, +5.4986e-02, -5.6174e-02, +7.5670e-03, +4.0690e-02, +3.4391e-02, +5.9546e-02, -2.5717e-02, +8.1087e-02, +2.0051e-03, -2.0823e-03, -1.0481e-01, +6.8116e-02, +4.9872e-02, +8.1002e-03, +1.5403e-02, +4.9509e-02, -1.0000e+00, -3.6245e-02, -7.2085e-02, -8.6623e-03, +6.6128e-02, -6.6183e-03, +1.7968e-02, -1.3950e-03, +2.1020e-02, +3.6136e-02, +3.0161e-02, +7.0378e-02, +1.6635e-02, +8.1434e-02, -7.8352e-02, +3.7177e-02
+4.1417e-02, -4.3577e-02, -1.0625e-02, -4.4186e-02, +3.7172e-02, -7.5736e-02, +6.5209e-02, -6.0055e-02, -3.9334e-02, +7.0461e-03, -1.1455e-01, +5.9101e-02, -7.7641e-02, -2.4389e-02, +7.4898e-02, +1.7984e-04, -4.3693e-02, +7.0753e-02, +6.7782e-02, -1.7416e-02, +1.5133e-02, -2.2945e-02, -1.2696e-01, -1.3308e-01, -4.3069e-02, +2.9716e-02, -1.2692e-02, +4.3053e-02, +1.7888e-02, -4.6605e-03, +1.5336e-01, +1.6238e-02, -3.1450e-02, -3.1498e-02, -3.6245e-02, -1.0000e+00, +6.6541e-02, +6.2803e-02, -2.3442e-04, -6.0716e-02, +8.4428e-04, -3.1697e-02, +2.4950e-01, -1.0562e-01, +1.7090e-02, -1.2319e-01, +4.5032e-02, -2.0877e-01, +1.1320e-02, +3.2654e-02
+1.9761e-01, +1.9802e-02, +2.2072e-02, -2.3955e-02, +1.5162e-02, +7.4183e-02, +5.1956e-02, +6.4704e-02, +9.4585e-02, +1.9572e-02, +1.0945e-01, +1.1523e-01, +4.2846e-02, +8.0686e-02, +2.4226e-01, +1.4372e-02, -5.9049e-02, +1.0219e-01, +2.7244e-01, +7.5322e-02, -2.3882e-02, +6.1941e-02, +1.4070e-02, +4.3399e-02, -6.5543e-02, -2.1400e-02, +5.6997e-02, +1.5605e-01, +5.6975e-03, +5.7528e-02, +6.1180e-02, +8.0567e-02, -1.7993e-02, +7.7171e-02, -7.2085e-02, +6.6541e-02, -1.0000e+00, +1.7187e-01, +1.4528e-01, +5.5223e-02, +4.0827e-02, -4.7316e-02, +2.9848e-02, +1.6972e-02, +3.1133e-01, +1.0915e-01, +1.8874e-01, -8.6647e-02, +2.4289e-02, +2.1206e-01
-9.4561e-02, -4.8272e-02, +3.5058e-02, +5.0870e-03, +1.2523e-02, -9.9876e-02, +4.7159e-02, +5.8387e-03, +1.0777e-02, +8.0619e-04, -1.4760e-01, +1.2749e-02, +8.2297e-02, -7.5611e-02, -7.0502e-02, -4.2577e-02, -9.0897e-02, -7.0853e-02, -1.1555e-01, -6.8625e-03, +9.4771e-02, -4.8357e-02, +7.7207e-03, -3.2613e-02, -8.0491e-02, -3.8884e-03, -7.7182e-02, -7.5680e-02, -6.4711e-02, -8.0747e-03, -9.3439e-02, -3.6082e-02, +8.0150e-02, +3.1728e-02, -8.6623e-03, +6.2803e-02, +1.7187e-01, -1.0000e+00, -1.3003e-02, +4.4346e-02, -3.9191e-02, -8.2085e-03, -1.1482e-01, -5.8428e-02, -3.7608e-02, +1.3517e-02, -1.5143e-01, +1.3277e-01, -2.3124e-01, -5.3703e-02
+2.9418e-02, +3.0084e-02, -4.3035e-02, -4.4236e-02, +6.4077e-03, +4.3146e-02, -5.7283e-02, -2.0946e-02, +4.2981e-02, +3.0187e-02, +2.8703e-02, -6.0478e-02, +4.2559e-03, +2.5091e-03, -7.2541e-02, -1.2512e-02, +9.9129e-02, +7.9687e-02, -8.7040e-02, -7.0276e-02, +1.6474e-02, -4.4386e-02, -2.2610e-02, -6.6250e-02, +3.7897e-02, +3.2559e-03, -6.0333e-02, -3.9589e-02, -2.1029e-02, -7.3242e-03, -2.3533e-02, +1.0783e-01, -9.5080e-02, +3.2171e-02, +6.6128e-02, -2.3442e-04, +1.4528e-01, -1.3003e-02, -1.0000e+00, -4.7547e-02, +4.5729e-02, -4.7919e-02, +9.0094e-02, +1.9522e-02, -5.0447e-02, +3.8995e-03, -4.8936e-02, +3.0053e-02, +7.0342e-02, +2.9317e-02
+4.8513e-02, -4.8124e-02, +3.3020e-02, -3.5775e-02, -1.9937e-02, +2.8831e-02, -3.4866e-03, -4.1602e-02, -3.4599e-03, +4.5092e-02, +4.7419e-02, -1.1970e-02, -3.8569e-02, +8.8322e-03, -1.4612e-02, +6.6434e-02, +4.3692e-02, -2.6771e-02, -5.5070e-02, +3.6403e-03, -2.3133e-02, +2.2655e-02, +1.2629e-02, -1.6644e-02, -2.5193e-03, +3.4801e-02, -2.5491e-02, +6.2304e-03, -3.6722e-02, +3.5245e-02, +4.0176e-02, -1.0459e-02, -2.4690e-02, +1.3138e-02, -6.6183e-03, -6.0716e-02, +5.5223e-02, +4.4346e-02, -4.7547e-02, -1.0000e+00, -1.4040e-02, +2.4057e-03, +3.4899e-03, +3.0127e-02, +1.8686e-02, -3.5905e-03, +1.7684e-02, -8.2918e-03, +1.3751e-01, +3.2447e-02
-3.8407e-02, +8.2214e-03, -1.7043e-02, +1.1395e-02, +5.7628e-02, -5.9885e-02, -1.6993e-02, -1.0825e-01, +1.1923e-02, +1.1728e-01, -5.2830e-02, +3.4456e-02, -3.4456e-02, -5.8122e-04, -5.8577e-02, +4.4421e-02, -7.0385e-02, -7.8909e-02, -1.5761e-01, +6.5490e-02, -1.2329e-02, +2.3957e-02, +4.4857e-02, +5.7019e-02, +6.9358e-02, -7.2356e-02, -1.7351e-02, -5.1962e-02, +6.6128e-02, +1.2450e-01, -7.6029e-02, -1.4722e-02, -2.2192e-03, -1.4951e-03, +1.7968e-02, +8.4429e-04, +4.0827e-02, -3.9191e-02, +4.5729e-02, -1.4040e-02, -1.0000e+00, +7.0664e-03, -6.8496e-02, -7.9521e-03, +1.6569e-02, -4.1268e-02, -1.9779e-02, +3.6237e-02, +1.5425e-01, -2.6477e-02
-4.3676e-03, +1.2366e-01, -2.9003e-02, -6.4187e-02, -5.4764e-02, -1.3422e-01, -3.1050e-02, +1.8750e-03, +7.5238e-02, +5.1796e-02, -1.0493e-01, -1.0465e-01, +3.4975e-02, +2.4741e-02, -4.2002e-02, +2.7129e-03, +5.5105e-03, -8.2114e-02, +3.3873e-02, +4.2939e-02, +5.1590e-02, -1.0127e-01, +2.4864e-02, -6.2990e-02, -2.1943e-02, -6.3341e-02, -5.5015e-02, +4.6701e-02, +7.7516e-02, -5.7380e-02, +3.5873e-03, +5.7547e-02, +2.3353e-01, +5.4765e-02, -1.3950e-03, -3.1697e-02, -4.7316e-02, -8.2085e-03, -4.7919e-02, +2.4057e-03, +7.0664e-03, -1.0000e+00, -2.9777e-02, +1.5100e-02, +5.3776e-02, +2.5522e-02, +3.9683e-03, -2.5718e-01, -8.2081e-03, +6.4455e-02
+5.8353e-02, -3.1984e-02, +3.1448e-02, +1.0898e-01, -1.4030e-02, -3.3174e-02, -3.6054e-02, +2.5333e-02, +6.4768e-02, -1.1638e-01, +2.0498e-02, +8.5782e-02, +2.5336e-02, -4.9313e-02, -4.6934e-02, +1.0381e-02, -2.9378e-01, -4.5487e-02, -1.1173e-01, +1.2893e-01, -1.0639e-01, +4.9734e-02, +7.5773e-02, +2.0651e-02, +9.1320e-02, -3.1102e-02, +3.5104e-02, -3.3718e-02, +1.4514e-01, +2.3126e-02, -5.9873e-02, -9.4484e-02, +1.7814e-01, -1.6698e-03, +2.1020e-02, +2.4950e-01, +2.9848e-02, -1.1482e-01, +9.0094e-02, +3.4899e-03, -6.8496e-02, -2.9777e-02, -1.0000e+00, +2.3400e-02, -8.8869e-02, +1.4215e-02, -6.1685e-02, +1.2629e-01, +1.6136e-02, +1.4770e-03
+3.5402e-05, -4.0350e-02, -2.8669e-03, +7.8589e-03, +5.9788e-02, +1.4928e-02, -5.0128e-02, -3.6765e-02, -6.3512e-03, -3.9776e-02, -8.4735e-03, +5.5704e-02, +9.1781e-03, +3.3576e-02, +2.8118e-02, +1.0733e-01, -1.4045e-03, +3.0594e-02, -3.1833e-02, -1.6363e-02, +5.7535e-02, -6.8946e-02, -7.9214e-03, -5.0535e-02, -1.8834e-02, -6.8344e-03, -1.7070e-02, +6.7096e-02, +3.8417e-03, +5.2130e-03, +3.1782e-02, +2.4490e-03, +6.7323e-02, +1.5028e-02, +3.6136e-02, -1.0562e-01, +1.6972e-02, -5.8428e-02, +1.9522e-02, +3.0127e-02, -7.9521e-03, +1.5100e-02, +2.3400e-02, -1.0000e+00, +1.3512e-02, -9.1353e-02, -6.9740e-03, -4.8734e-02, +5.1113e-03, -6.3077e-02
-2.2408e-02, -4.4888e-03, -3.2001e-02, -1.7254e-02, -1.1700e-01, -1.6811e-02, -1.4070e-02, -2.4236e-02, -3.8705e-02, +2.3549e-02, -9.5206e-02, -5.4756e-02, -1.2116e-01, -2.8885e-02, -9.9288e-02, -1.9741e-02, +8.0286e-02, -1.1481e-02, -3.8062e-02, +2.5453e-02, +6.5601e-02, -6.9608e-02, +1.7165e-02, -2.5484e-02, -9.1578e-03, -7.5170e-02, +5.0287e-02, -1.5557e-02, -4.1967e-02, -1.2839e-01, -1.1837e-01, +5.5624e-02, +7.7617e-02, -1.5929e-02, +3.0161e-02, +1.7090e-02, +3.1133e-01, -3.7608e-02, -5.0447e-02, +1.8686e-02, +1.6569e-02, +5.3776e-02, -8.8869e-02, +1.3512e-02, -1.0000e+00, -2.9829e-02, -6.2677e-02, +2.3012e-01, -1.7079e-01, -4.5865e-03
-8.4044e-02, -5.1773e-02, -1.0549e-01, +2.1059e-02, -3.2452e-02, -6.8470e-02, -7.4336e-02, +7.2437e-02, +2.6445e-02, +5.0997e-02, +3.2864e-02, -9.6757e-02, -1.7695e-03, -7.8157e-02, +1.5888e-02, +5.5256e-02, +1.9232e-01, +7.9241e-02, -2.0523e-01, +5.3286e-02, +4.6066e-02, +4.0884e-02, -9.3292e-03, -1.8789e-01, -2.2786e-02, +4.2047e-04, -1.1926e-01, -3.3425e-03, -4.5521e-02, +1.8453e-02, -1.0292e-01, +7.3833e-02, +4.9230e-02, -9.5489e-03, +7.0378e-02, -1.2319e-01, +1.0915e-01, +1.3517e-02, +3.8995e-03, -3.5905e-03, -4.1268e-02, +2.5522e-02, +1.4215e-02, -9.1354e-02, -2.9829e-02, -1.0000e+00, -7.7599e-02, +2.2098e-02, +2.2343e-01, -2.2146e-03
-8.8791e-02, +3.4647e-02, +1.9385e-04, +4.9233e-02, -5.2841e-02, -1.5556e-01, -1.1494e-02, +8.9267e-03, -5.2432e-03, +1.2395e-01, -5.8911e-02, +4.4761e-02, +1.4418e-01, -8.0616e-02, -8.6410e-02, -3.0962e-02, -8.2970e-02, +8.1475e-03, -1.3966e-01, -5.5257e-02, +2.6648e-02, -5.8232e-02, -6.4435e-02, -5.7821e-02, +5.8729e-02, -3.2918e-02, -8.4565e-02, -7.8534e-02, -1.0231e-01, -6.4706e-02, -4.7337e-02, +6.6194e-02, -4.9475e-02, -2.0063e-02, +1.6635e-02, +4.5032e-02, +1.8874e-01, -1.5143e-01, -4.8936e-02, +1.7684e-02, -1.9779e-02, +3.9683e-03, -6.1685e-02, -6.9740e-03, -6.2677e-02, -7.7599e-02, -1.0000e+00, +1.3456e-01, -1.7363e-02, -1.3938e-03
+1.8713e-01, +2.9986e-02, +2.4047e-02, +8.3867e-02, +2.7199e-01, +1.2023e-01, +6.6382e-02, +8.0125e-02, +8.6799e-02, -1.3771e-01, +1.3688e-01, +4.9193e-03, +3.6458e-02, +7.5609e-02, +2.7910e-01, -8.6529e-02, +1.4329e-03, +1.9252e-02, +2.4421e-01, +6.9288e-02, +6.7729e-02, +1.1265e-02, -8.0506e-02, +9.4517e-03, +7.6037e-02, +1.3500e-01, +1.3419e-01, +1.2581e-01, +2.2877e-01, +1.4865e-01, +3.3808e-01, +6.4331e-02, +8.8562e-02, -7.7082e-02, +8.1434e-02, -2.0877e-01, -8.6647e-02, +1.3277e-01, +3.0053e-02, -8.2918e-03, +3.6237e-02, -2.5718e-01, +1.2629e-01, -4.8734e-02, +2.3012e-01, +2.2098e-02, +1.3456e-01, -1.0000e+00, +4.5961e-02, +4.1124e-02
-2.6759e-02, +1.5437e-02, +5.2116e-02, -8.2470e-02, -7.4010e-02, -7.2627e-02, +8.2221e-03, +5.8137e-02, +1.7060e-02, +1.9460e-03, -1.9418e-01, +6.6405e-02, -2.7182e-02, -6.0670e-02, -1.1157e-01, -1.2803e-01, +2.4979e-02, -6.1814e-02, +2.7048e-01, -6.1492e-02, +8.0369e-02, -1.7894e-01, -9.5498e-02, +2.5342e-01, -1.9383e-04, -8.5153e-02, +9.0193e-02, +1.3052e-01, +1.7392e-01, -6.6582e-02, -8.0914e-02, +2.1734e-02, +3.0039e-01, -4.2918e-02, -7.8352e-02, +1.1320e-02, +2.4289e-02, -2.3124e-01, +7.0342e-02, +1.3751e-01, +1.5425e-01, -8.2081e-03, +1.6136e-02, +5.1113e-03, -1.7079e-01, +2.2343e-01, -1.7363e-02, +4.5961e-02, -1.0000e+00, +3.5196e-02
-8.6340e-02, +5.7777e-02, -2.0289e-02, +5.5801e-02, +3.6151e-02, +2.6133e-02, +2.2771e-02, -4.7721e-02, -1.0334e-01, +3.7425e-03, -6.8703e-03, -1.7737e-01, -1.5236e-02, -3.4568e-02, +2.2152e-02, +1.6634e-02, +2.2875e-02, +4.1362e-03, -5.4981e-02, +1.9399e-02, +9.5070e-02, -1.2685e-02, +2.2362e-02, -6.7170e-03, +6.2089e-03, +6.3800e-02, +1.8797e-02, -4.8559e-02, +4.7527e-02, -1.3680e-02, -3.6889e-02, +2.4265e-02, -1.1750e-02, +1.1404e-02, +3.7177e-02, +3.2654e-02, +2.1206e-01, -5.3703e-02, +2.9317e-02, +3.2447e-02, -2.6477e-02, +6.4455e-02, +1.4770e-03, -6.3077e-02, -4.5865e-03, -2.2146e-03, -1.3938e-03, +4.1124e-02, +3.5196e-02, -1.0000e+00
