-1.0000e+00, -2.8707e-02, +6.8792e-02, +1.2225e-02, -1.4001e-01, -9.0796e-02, +4.0645e-02, +8.8522e-02, -2.2651e-01, +1.0479e-02, +5.4626e-02, +4.1284e-02, +1.9233e-01, -2.1254e-03, -6.0232e-02, -1.0128e-01, -2.5566e-02, -1.1679e-02, -7.1429e-02, -1.2555e-01, +5.5728e-03, -1.3611e-01, +3.0301e-02, -4.1940e-02, -5.8061e-02, -5.5408e-02, +4.4154e-02, -1.7700e-01, -8.9817e-02, -1.4167e-01, -1.3387e-01, -6.2661e-02, -3.4635e-02, -9.9814e-02, -6.2491e-02, +7.8116e-02, +2.2774e-01, -9.0734e-03, -8.2100e-03, +9.1414e-02, -2.2633e-02, +1.0732e-01, +4.2020e-02, +1.0115e-01, -2.4955e-02, -4.8852e-02, -8.2483e-02, +2.6673e-01, +5.5019e-02, -1.0478e-02
-2.8707e-02, -1.0000e+00, -3.6519e-02, -5.1164e-04, +4.0378e-02, +3.8367e-02, -2.4408e-03, +1.2646e-01, +1.2670e-01, +2.5607e-02, -2.0848e-02, +1.9997e-02, +1.5258e-01, -3.1238e-03, -3.8008e-03, +7.0464e-02, +4.2444e-02, -4.5584e-02, +2.9949e-02, +2.9729e-02, +1.2912e-01, -1.9225e-02, -3.5973e-02, +4.9237e-02, +5.3023e-02, +1.4964e-01, +7.3382e-02, +7.7055e-02, +9.4576e-02, -2.8947e-02, +8.5675e-02, +4.6385e-02, -5.7188e-02, -2.0887e-02, -4.2259e-02, -3.8457e-02, -4.3247e-02, -2.3075e-03, +1.3883e-02, +1.4179e-01, +1.5041e-02, +2.4977e-02, -6.3086e-02, -1.1119e-02, -2.6647e-03, -3.8100e-02, -1.3595e-01, -1.4319e-01, -6.0146e-02, +2.4851e-01
+6.8792e-02, -3.6519e-02, -1.0000e+00, -3.8566e-02, +3.4988e-02, +4.1708e-02, -7.6464e-02, -6.4902e-02, +1.6957e-02, +1.7954e-01, -7.9125e-02, +2.2679e-02, -3.2490e-02, +5.2013e-02, +1.1634e-01, -6.1555e-02, +5.3650e-02, -1.1270e-01, +2.0524e-02, -1.9321e-02, +1.4556e-02, -2.5459e-03, -1.3345e-02, +8.1564e-02, -2.9669e-03, -1.3047e-01, -1.2393e-02, +1.2164e-02, -3.3932e-02, -5.1380e-02, +1.2234e-01, +2.6868e-02, +6.9975e-02, -7.3000e-02, +2.0350e-02, +3.2608e-02, -1.4055e-01, +1.3554e-01, -4.1969e-02, +1.5712e-01, -7.6838e-02, -1.3986e-01, -4.0507e-02, -7.5718e-02, +5.0819e-02, +1.2388e-02, +3.6570e-02, -8.9578e-02, +3.8815e-03, +2.5389e-01
+1.2225e-02, -5.1165e-04, -3.8566e-02, -1.0000e+00, -6.8209e-02, -3.0948e-02, -5.1621e-02, -6.1702e-03, +1.1818e-01, +5.4044e-02, -4.7421e-02, +1.3936e-02, -9.7611e-02, -1.5144e-02, +6.8436e-02, +4.0352e-03, +1.0872e-01, -1.3952e-02, -3.5511e-02, -4.2776e-02, +1.2159e-02, -7.8667e-03, +3.1746e-02, -1.3673e-02, -1.2926e-02, -1.2952e-01, -2.3545e-02, -1.2384e-01, -1.1474e-01, -6.7795e-02, -8.6860e-02, -7.0237e-03, -4.6862e-02, -8.3163e-02, -9.0116e-02, +3.4654e-02, +8.2145e-02, -3.8143e-02, -1.0246e-01, -9.7698e-03, -8.8595e-02, +7.5881e-02, +9.9358e-03, +3.9619e-02, +5.6542e-02, -4.9148e-02, -3.6966e-02, -6.8290e-03, -4.5713e-02, +7.1499e-02
-1.4001e-01, +4.0378e-02, +3.4988e-02, -6.8209e-02, -1.0000e+00, -1.9645e-02, -2.7514e-02, +5.9621e-02, -3.9183e-02, +2.3095e-02, -1.7764e-02, -1.1959e-01, +7.9319e-02, -7.4572e-02, -1.6977e-01, -1.4039e-01, +8.6609e-02, +3.6177e-02, -6.2861e-02, -2.8545e-01, -5.3391e-02, -1.3363e-02, +8.9498e-02, -1.0104e-01, +9.2148e-02, +4.8816e-02, -2.5581e-02, -1.6333e-01, -9.9712e-02, -1.6844e-01, -1.1127e-01, -9.9068e-02, -5.4696e-02, -4.5914e-02, +4.0795e-02, +1.7823e-02, +1.4346e-01, +9.2199e-02, -1.2336e-01, -8.4867e-03, +3.5491e-02, -4.9894e-02, -2.9997e-02, +3.1080e-02, -7.7596e-02, -9.0777e-02, -1.1497e-01, +3.4714e-01, +5.5820e-03, -2.9089e-02
-9.0796e-02, +3.8367e-02, +4.1708e-02, -3.0948e-02, -1.9645e-02, -1.0000e+00, -5.4801e-02, -2.1046e-02, -9.0169e-03, +9.1740e-02, -1.0532e-01, -3.5629e-02, +3.3856e-02, -8.7795e-02, -2.3590e-01, -4.7910e-02, +1.1054e-01, -1.1955e-01, -2.5951e-01, -1.4081e-01, -1.0006e-01, -4.8174e-02, +5.0217e-02, -1.3585e-02, -5.0940e-02, +9.5631e-03, -1.1431e-01, -1.5394e-01, -1.6559e-01, -7.7370e-05, -2.0219e-01, -5.5389e-02, +9.5581e-02, -1.3583e-01, +5.7556e-02, -7.6265e-02, +2.8784e-01, -1.4883e-01, +1.0381e-02, -3.3222e-02, -8.4817e-02, -7.0694e-02, +8.3051e-03, +1.9007e-03, -1.0132e-01, -6.1046e-03, -2.0296e-01, +5.9492e-02, -3.8892e-02, -1.2806e-01
+4.0645e-02, -2.4408e-03, -7.6464e-02, -5.1621e-02, -2.7514e-02, -5.4801e-02, -1.0000e+00, -7.5968e-02, +1.0290e-01, -3.2117e-02, -5.2620e-03, -7.6272e-02, -3.8085e-02, -7.8785e-02, +6.3539e-02, +4.7135e-02, +1.2322e-01, -5.7078e-02, -5.1959e-02, -5.3195e-02, +5.3894e-02, -4.1403e-02, +1.2604e-01, -5.1584e-02, +4.9337e-02, +1.5367e-02, -8.3609e-02, -9.0076e-03, -4.9746e-02, -3.1060e-02, -3.4138e-03, +5.8295e-02, +4.1501e-02, -6.8153e-02, -6.6532e-03, -3.5831e-02, +1.6586e-01, -3.1570e-03, -1.2394e-01, +1.7199e-02, -5.9554e-02, +8.3534e-02, -7.4970e-02, -2.0385e-02, -5.3382e-02, -9.4361e-02, -9.3959e-02, -1.8333e-01, -4.8512e-02, +1.3725e-01
+8.8522e-02, +1.2646e-01, -6.4902e-02, -6.1702e-03, +5.9621e-02, -2.1046e-02, -7.5968e-02, -1.0000e+00, -3.0331e-02, +6.6230e-04, -3.7162e-02, -3.8842e-02, -1.3704e-01, +9.3409e-03, +4.4349e-02, +4.3199e-02, +1.1555e-01, -1.4837e-01, -2.4090e-02, +1.1662e-01, +6.1973e-02, +3.4879e-03, +8.4013e-02, +2.1002e-02, +4.1311e-02, -6.1720e-02, -1.1863e-01, -1.2771e-01, -6.4084e-02, -3.6197e-02, -9.4248e-02, +4.7297e-02, +1.3320e-01, -3.8675e-02, -9.8154e-03, -2.8072e-02, -2.8164e-02, -1.4938e-01, +4.9444e-02, -6.4495e-02, -1.5631e-02, +5.7113e-02, +1.9257e-02, +3.1884e-02, -4.1228e-02, +1.4601e-01, +1.8103e-02, -5.2575e-02, -3.3926e-02, +5.5430e-02
-2.2651e-01, +1.2670e-01, +1.6957e-02, +1.1818e-01, -3.9183e-02, -9.0169e-03, +1.0290e-01, -3.0331e-02, -1.0000e+00, +1.4209e-01, +1.2820e-01, +1.0191e-01, +7.8006e-02, +2.1595e-01, +2.6879e-02, -1.7732e-01, +1.2342e-01, +9.5242e-02, +2.0906e-02, -1.6204e-01, -2.1854e-02, -5.4549e-02, -2.3613e-02, +1.1643e-01, -7.8177e-02, -6.7618e-02, +5.1770e-02, -1.6174e-01, -5.0290e-02, -3.5034e-02, -4.0073e-02, +1.3299e-01, -5.4769e-02, -3.8095e-02, +7.4061e-02, +1.7138e-01, +9.0526e-02, -1.9969e-02, +1.0992e-02, +7.5598e-02, +6.3881e-02, +2.2123e-03, +1.3383e-01, +9.7561e-02, -7.9069e-02, +4.9197e-02, +7.5105e-02, +3.3821e-01, +8.4704e-02, -1.0255e-01
+1.0479e-02, +2.5607e-02, +1.7954e-01, +5.4044e-02, +2.3095e-02, +9.1740e-02, -3.2117e-02, +6.6230e-04, +1.4209e-01, -1.0000e+00, -8.1470e-02, +7.4491e-02, +6.2978e-02, -6.4493e-03, +1.1875e-01, +1.0031e-01, +8.1331e-02, +7.7381e-02, -4.3239e-02, -6.8083e-03, +6.0723e-03, +1.9156e-03, +1.2400e-01, -2.1917e-01, -2.3116e-02, +8.5653e-02, -1.3787e-02, +8.8910e-02, +6.8593e-02, +4.9988e-02, -4.0453e-02, -2.0175e-02, +5.6309e-02, +5.2737e-02, +5.8144e-02, +7.0291e-03, +3.1564e-02, +2.6619e-02, +1.1698e-01, +5.7763e-02, +4.0809e-02, -1.2109e-02, +3.4026e-02, -2.9214e-02, +3.5153e-02, +2.8689e-02, +8.4473e-02, +1.6898e-02, -6.9117e-02, -1.6561e-02
+5.4626e-02, -2.0848e-02, -7.9125e-02, -4.7421e-02, -1.7764e-02, -1.0532e-01, -5.2620e-03, -3.7162e-02, +1.2820e-01, -8.1470e-02, -1.0000e+00, -7.5737e-02, -1.0806e-01, -1.1856e-01, -9.7431e-02, +1.0160e-01, +1.0287e-01, -2.0129e-01, -1.8818e-01, -1.2088e-01, +5.2197e-02, -1.9400e-02, +2.4070e-01, +5.9132e-02, +1.6700e-02, -3.1736e-02, -1.5604e-01, -9.0046e-02, -1.1669e-01, -1.2020e-01, -2.1824e-01, -1.5655e-01, -6.9595e-03, -1.0432e-01, -8.4515e-03, +1.3233e-02, +1.2914e-01, -9.3744e-02, -4.1999e-02, +5.0641e-02, -9.8085e-02, -2.3653e-01, +1.1580e-03, +2.9477e-02, -5.1146e-02, +8.2873e-02, -1.8438e-01, +6.5564e-02, +1.7727e-02, +1.1594e-01
+4.1284e-02, +1.9997e-02, +2.2679e-02, +1.3936e-02, -1.1959e-01, -3.5629e-02, -7.6272e-02, -3.8842e-02, +1.0191e-01, +7.4491e-02, -7.5737e-02, -1.0000e+00, -1.7532e-02, +1.3796e-02, +1.8845e-02, +5.0445e-02, +1.6050e-01, -3.9256e-02, +5.1252e-02, -4.6432e-02, +4.2153e-02, -5.5784e-02, +1.6516e-01, +4.7733e-02, +5.2145e-03, -7.6314e-02, -3.8627e-03, -2.7094e-02, +1.8635e-02, +6.7606e-03, -8.3459e-02, -1.8145e-02, +7.4189e-02, +1.6808e-01, -2.5584e-02, +3.6269e-02, -5.2853e-02, -1.7754e-02, -1.5196e-01, +2.0613e-02, +5.7067e-02, -2.4580e-02, +5.6417e-02, -4.3392e-02, -1.5188e-01, +1.4212e-02, -5.4038e-02, +4.3518e-02, +3.8569e-02, -6.1072e-02
+1.9233e-01, +1.5258e-01, -3.2490e-02, -9.7611e-02, +7.9319e-02, +3.3856e-02, -3.8085e-02, -1.3704e-01, +7.8006e-02, +6.2978e-02, -1.0806e-01, -1.7532e-02, -1.0000e+00, -3.9057e-02, +8.8283e-02, +1.3987e-02, +1.1760e-01, -6.7164e-02, -2.3291e-03, +4.3448e-02, -4.0473e-02, +1.1467e-01, +1.7068e-01, +6.9475e-02, -5.2266e-02, -9.3338e-02, -4.4645e-02, +1.2837e-02, -9.9753e-02, +3.7386e-03, -4.4398e-02, -2.3475e-03, +1.9494e-02, -4.2459e-02, -4.7920e-02, -8.9907e-02, -1.2104e-02, -6.9562e-02, -3.6383e-02, +8.0740e-04, -3.8070e-02, +8.6242e-03, -2.8925e-02, +1.8980e-02, -1.2973e-01, +1.1864e-02, +7.4924e-02, -1.1975e-01, -5.5753e-02, +5.3770e-02
-2.1254e-03, -3.1238e-03, +5.2013e-02, -1.5144e-02, -7.4572e-02, -8.7795e-02, -7.8785e-02, +9.3409e-03, +2.1595e-01, -6.4493e-03, -1.1856e-01, +1.3796e-02, -3.9057e-02, -1.0000e+00, -1.5201e-01, +8.8689e-02, +5.9783e-02, -9.1456e-02, -9.5000e-02, -1.0395e-01, -3.0115e-02, +6.3015e-02, +3.5440e-02, -7.5886e-02, -1.3891e-02, +3.0051e-02, -1.2817e-01, -1.8733e-01, +3.5247e-02, -3.0700e-02, -1.1706e-01, -3.9126e-02, +8.2063e-02, +4.7052e-02, -5.6314e-02, -3.9777e-02, +8.6953e-02, -6.6033e-02, -6.8439e-02, +5.1712e-02, -3.9431e-02, -2.6243e-02, -4.5759e-02, +1.0058e-01, -3.4816e-02, +3.5538e-02, -1.2199e-01, +7.7691e-02, -7.3101e-02, -9.1880e-02
-6.0232e-02, -3.8008e-03, +1.1634e-01, +6.8436e-02, -1.6977e-01, -2.3590e-01, +6.3539e-02, +4.4349e-02, +2.6879e-02, +1.1875e-01, -9.7431e-02, +1.8845e-02, +8.8283e-02, -1.5201e-01, -1.0000e+00, -1.5023e-01, -4.4793e-02, -4.7257e-02, -1.8595e-01, -3.0731e-01, -2.0284e-01, -4.9022e-02, -1.8798e-01, +8.1183e-05, +9.6709e-02, +8.4329e-02, -1.2109e-01, -1.4812e-01, -1.2073e-01, -6.8520e-02, -1.6557e-01, -1.4017e-01, -1.1060e-01, -1.1983e-01, +6.0215e-02, -2.7620e-03, +1.9150e-01, -2.9898e-02, -5.2357e-03, -1.3166e-01, -6.0162e-03, -1.0231e-01, -7.8264e-02, +7.7798e-02, -1.3470e-01, +4.3668e-02, -1.4451e-01, +3.6307e-01, +1.1381e-02, -1.0091e-01
-1.0128e-01, +7.0464e-02, -6.1555e-02, +4.0352e-03, -1.4039e-01, -4.7910e-02, +4.7135e-02, +4.3199e-02, -1.7732e-01, +1.0031e-01, +1.0160e-01, +5.0445e-02, +1.3987e-02, +8.8689e-02, -1.5023e-01, -1.0000e+00, -2.0766e-01, +8.1629e-02, +2.3969e-02, -1.6757e-01, -1.3938e-01, -1.1348e-01, -1.5023e-01, -1.5923e-02, +4.1632e-02, -1.4334e-01, +5.1504e-02, -8.8947e-02, -1.1247e-01, -1.0029e-01, -4.2524e-02, -5.5327e-02, -6.0835e-02, +3.9354e-02, +2.2605e-02, +2.1910e-01, +9.6334e-02, -1.3358e-02, +1.9683e-02, +6.6859e-03, -1.6245e-02, -3.4151e-01, -3.4390e-02, +1.2264e-01, +4.5253e-02, +2.6086e-02, -9.2123e-03, +3.4895e-01, +7.8206e-02, -1.2753e-01
-2.5566e-02, +4.2444e-02, +5.3650e-02, +1.0872e-01, +8.6609e-02, +1.1054e-01, +1.2322e-01, +1.1555e-01, +1.2342e-01, +8.1331e-02, +1.0287e-01, +1.6050e-01, +1.1760e-01, +5.9783e-02, -4.4793e-02, -2.0766e-01, -1.0000e+00, +2.6708e-02, +7.0115e-02, -6.8084e-02, -4.3129e-02, -2.7444e-02, +8.0203e-02, +2.1998e-02, +1.1093e-01, -2.5539e-03, +1.3639e-01, +1.2003e-01, +9.5891e-02, +4.2488e-02, +1.7556e-01, -4.4083e-02, -4.2343e-02, +9.0130e-03, +6.6034e-02, +9.2721e-03, +2.0556e-02, -6.8167e-02, +1.5688e-01, -6.3177e-02, +7.9247e-02, -9.1949e-03, -7.2670e-03, +4.7051e-02, +2.0974e-01, +8.7261e-02, +8.7204e-02, -3.9622e-02, +3.4852e-03, -4.6192e-02
-1.1679e-02, -4.5584e-02, -1.1270e-01, -1.3952e-02, +3.6177e-02, -1.1955e-01, -5.7078e-02, -1.4837e-01, +9.5242e-02, +7.7381e-02, -2.0129e-01, -3.9256e-02, -6.7164e-02, -9.1456e-02, -4.7257e-02, +8.1629e-02, +2.6708e-02, -1.0000e+00, -1.2284e-01, -9.6948e-02, +2.2714e-03, -9.0678e-02, +1.2072e-01, +2.3249e-02, -1.2309e-01, -1.0597e-01, -8.4897e-02, -1.5207e-01, -1.1937e-01, -9.9486e-03, -2.0403e-01, -1.3021e-01, +6.3339e-02, -5.1206e-02, +1.5312e-02, +5.7413e-02, +2.1469e-01, -1.6221e-01, -1.9101e-02, -6.5110e-02, -1.9426e-01, -3.0347e-02, -2.4760e-02, +1.4611e-02, -5.7357e-02, +8.5368e-02, -1.1860e-01, -5.9837e-02, -2.1090e-02, -6.5652e-03
-7.1429e-02, +2.9949e-02, +2.0524e-02, -3.5511e-02, -6.2861e-02, -2.5951e-01, -5.1959e-02, -2.4090e-02, +2.0906e-02, -4.3239e-02, -1.8818e-01, +5.1252e-02, -2.3291e-03, -9.5000e-02, -1.8595e-01, +2.3969e-02, +7.0115e-02, -1.2284e-01, -1.0000e+00, -1.6412e-01, -2.2156e-01, -5.6637e-02, -1.4723e-02, -9.9255e-02, -5.2456e-02, +2.0248e-02, -4.6715e-02, -1.7954e-01, -6.1599e-02, -1.0862e-01, -1.6036e-01, -7.2815e-02, +5.5498e-02, -4.2934e-02, -3.0077e-02, +1.3225e-02, +4.5424e-01, -5.1457e-02, -9.6914e-02, -2.9120e-02, -9.8344e-02, -3.1543e-02, +5.0108e-02, -7.7597e-03, -5.2285e-02, -5.6965e-02, -1.8549e-01, -2.6424e-02, +3.2673e-02, -9.1509e-02
-1.2555e-01, +2.9729e-02, -1.9321e-02, -4.2776e-02, -2.8545e-01, -1.4081e-01, -5.3195e-02, +1.1662e-01, -1.6204e-01, -6.8083e-03, -1.2088e-01, -4.6432e-02, +4.3448e-02, -1.0395e-01, -3.0731e-01, -1.6757e-01, -6.8084e-02, -9.6948e-02, -1.6412e-01, -1.0000e+00, -1.0294e-01, -1.5621e-01, -3.9628e-02, +1.8780e-02, +4.2376e-02, -5.1959e-02, -6.4117e-03, -2.5739e-01, -1.8357e-01, -1.7222e-01, -3.1705e-01, -1.8667e-01, -1.4098e-01, +9.3275e-03, -1.9793e-03, +6.2224e-02, +5.3861e-01, -3.5354e-02, -1.7757e-01, -4.6336e-02, -4.2022e-02, -2.4391e-02, -6.0994e-02, +1.3184e-01, -5.6542e-02, +2.7641e-02, -1.7461e-01, +3.4722e-01, -3.3374e-02, -9.4679e-02
+5.5728e-03, +1.2912e-01, +1.4556e-02, +1.2159e-02, -5.3391e-02, -1.0006e-01, +5.3894e-02, +6.1973e-02, -2.1854e-02, +6.0723e-03, +5.2197e-02, +4.2153e-02, -4.0473e-02, -3.0115e-02, -2.0284e-01, -1.3938e-01, -4.3129e-02, +2.2714e-03, -2.2156e-01, -1.0294e-01, -1.0000e+00, -3.6329e-02, -2.3626e-01, -5.8872e-02, +1.3999e-02, +3.9538e-02, -3.5027e-02, -1.1537e-01, -4.0289e-02, +5.0387e-02, -1.0901e-01, -5.9771e-02, -7.0039e-02, +1.6954e-02, +7.7508e-02, +9.4530e-02, +2.5559e-01, -1.6782e-01, -7.4091e-02, -8.3245e-02, -1.3298e-01, -9.2690e-02, -1.3972e-01, -2.3434e-02, -2.8732e-02, -8.4832e-02, -9.1695e-02, +1.6950e-01, +4.2712e-02, -1.5181e-01
-1.3611e-01, -1.9225e-02, -2.5459e-03, -7.8667e-03, -1.3363e-02, -4.8174e-02, -4.1403e-02, +3.4879e-03, -5.4549e-02, +1.9156e-03, -1.9400e-02, -5.5784e-02, +1.1467e-01, +6.3015e-02, -4.9022e-02, -1.1348e-01, -2.7444e-02, -9.0678e-02, -5.6637e-02, -1.5621e-01, -3.6329e-02, -1.0000e+00, -1.3994e-02, +1.3284e-02, -1.3551e-02, +5.2805e-02, -4.3619e-02, -5.6116e-02, -7.3152e-02, -2.8818e-03, -4.5981e-02, +4.5153e-02, +2.1044e-02, +3.2330e-02, +3.8633e-02, +1.3900e-02, +1.3835e-01, -8.6443e-02, -5.6710e-02, -5.8751e-02, -6.5105e-02, -4.2455e-02, -1.5659e-02, -6.1542e-02, -9.8974e-02, -1.8511e-02, -7.8318e-02, +1.5188e-02, +3.4155e-02, -1.9319e-02
+3.0301e-02, -3.5973e-02, -1.3345e-02, +3.1746e-02, +8.9498e-02, +5.0217e-02, +1.2604e-01, +8.4013e-02, -2.3614e-02, +1.2400e-01, +2.4070e-01, +1.6516e-01, +1.7068e-01, +3.5440e-02, -1.8798e-01, -1.5023e-01, +8.0203e-02, +1.2072e-01, -1.4723e-02, -3.9628e-02, -2.3626e-01, -1.3994e-02, -1.0000e+00, -2.8172e-02, +2.6213e-02, -9.4172e-03, +1.9468e-02, +5.5506e-02, +5.9625e-02, +5.7739e-02, +1.2460e-01, -3.6236e-02, +9.6870e-02, +1.7168e-01, +5.3087e-03, -3.1661e-02, +2.1806e-02, +1.7229e-02, +1.7615e-01, +2.8180e-02, -8.0300e-03, +1.3543e-02, -4.6936e-02, -7.9003e-02, +1.5728e-01, +6.3146e-03, +2.6144e-02, -2.3124e-02, +1.5794e-02, -4.6171e-02
-4.1940e-02, +4.9237e-02, +8.1564e-02, -1.3673e-02, -1.0104e-01, -1.3585e-02, -5.1584e-02, +2.1002e-02, +1.1643e-01, -2.1917e-01, +5.9132e-02, +4.7733e-02, +6.9475e-02, -7.5886e-02, +8.1183e-05, -1.5923e-02, +2.1998e-02, +2.3249e-02, -9.9255e-02, +1.8780e-02, -5.8871e-02, +1.3284e-02, -2.8172e-02, -1.0000e+00, +1.7610e-02, +3.5745e-02, -1.3014e-01, -4.4868e-02, -2.0779e-02, +2.2497e-02, -1.6414e-01, -2.4646e-02, +1.0563e-01, +1.3497e-02, -9.2903e-02, +5.0594e-02, +1.7240e-01, +7.8745e-03, -2.4805e-02, -4.6924e-03, +3.5658e-02, -1.0479e-01, -2.4375e-02, -2.2231e-02, +7.1301e-02, -6.8623e-02, -3.0000e-02, -5.2542e-02, -2.0462e-03, -1.7837e-02
-5.8061e-02, +5.3023e-02, -2.9669e-03, -1.2926e-02, +9.2148e-02, -5.0940e-02, +4.9337e-02, +4.1311e-02, -7.8177e-02, -2.3116e-02, +1.6700e-02, +5.2145e-03, -5.2266e-02, -1.3891e-02, +9.6709e-02, +4.1632e-02, +1.1093e-01, -1.2309e-01, -5.2456e-02, +4.2376e-02, +1.3999e-02, -1.3551e-02, +2.6213e-02, +1.7610e-02, -1.0000e+00, -7.1940e-02, -1.7328e-02, -4.7099e-02, -7.4601e-02, +3.0981e-02, -2.3576e-02, +5.6825e-02, +4.5561e-02, -2.2379e-02, -4.7598e-02, +1.3339e-02, +6.9972e-02, -1.6268e-02, -3.8902e-02, +5.8081e-02, -2.5481e-02, +1.0764e-01, -6.0408e-03, +2.0208e-02, +2.5391e-02, +3.9611e-02, +4.1600e-02, +1.8197e-03, -2.4315e-03, -3.7338e-02
-5.5408e-02, +1.4964e-01, -1.3047e-01, -1.2952e-01, +4.8816e-02, +9.5631e-03, +1.5367e-02, -6.1720e-02, -6.7618e-02, +8.5653e-02, -3.1736e-02, -7.6314e-02, -9.3338e-02, +3.0051e-02, +8.4329e-02, -1.4334e-01, -2.5539e-03, -1.0597e-01, +2.0248e-02, -5.1959e-02, +3.9538e-02, +5.2805e-02, -9.4172e-03, +3.5745e-02, -7.1940e-02, -1.0000e+00, +1.1489e-02, +2.1936e-03, -6.9797e-02, -6.5998e-02, -6.4077e-02, -6.4754e-02, +8.4950e-03, +9.2694e-02, -4.3122e-02, -7.1540e-02, +1.2659e-01, +5.3727e-02, -1.9394e-02, +2.2535e-02, -8.0068e-02, -1.5047e-02, -3.7683e-02, +6.5401e-02, -8.9614e-03, +9.2770e-02, +9.9230e-02, -1.3070e-04, +3.9782e-02, -5.8131e-02
+4.4154e-02, +7.3382e-02, -1.2393e-02, -2.3545e-02, -2.5581e-02, -1.1431e-01, -8.3609e-02, -1.1863e-01, +5.1770e-02, -1.3787e-02, -1.5604e-01, -3.8627e-03, -4.4645e-02, -1.2817e-01, -1.2109e-01, +5.1504e-02, +1.3639e-01, -8.4897e-02, -4.6715e-02, -6.4118e-03, -3.5027e-02, -4.3619e-02, +1.9468e-02, -1.3014e-01, -1.7328e-02, +1.1489e-02, -1.0000e+00, -1.3920e-01, -2.1668e-01, -1.4842e-02, -1.1874e-01, -2.7768e-02, +1.9221e-01, -1.0952e-01, -8.4254e-02, -9.1531e-02, +1.5343e-01, -5.2858e-02, -1.2625e-01, +3.1103e-02, -1.0684e-01, -1.5508e-01, -1.2627e-02, +3.3777e-03, -6.5518e-02, +3.0525e-02, -9.3698e-02, -6.3360e-02, +8.2645e-03, +2.4091e-02
-1.7700e-01, +7.7055e-02, +1.2164e-02, -1.2384e-01, -1.6333e-01, -1.5394e-01, -9.0076e-03, -1.2771e-01, -1.6174e-01, +8.8910e-02, -9.0046e-02, -2.7094e-02, +1.2837e-02, -1.8733e-01, -1.4812e-01, -8.8947e-02, +1.2003e-01, -1.5207e-01, -1.7954e-01, -2.5739e-01, -1.1537e-01, -5.6116e-02, +5.5506e-02, -4.4868e-02, -4.7099e-02, +2.1936e-03, -1.3920e-01, -1.0000e+00, -1.6017e-01, -6.1286e-02, -2.3416e-01, -6.7502e-02, -9.6349e-02, -9.1931e-02, -2.0265e-02, +7.8490e-02, +3.1833e-01, -4.9912e-02, -1.2659e-01, -7.7004e-02, -4.7964e-02, -1.9360e-03, +5.3273e-02, +1.3191e-01, -7.0622e-02, +9.0113e-02, -1.0704e-01, +2.9216e-01, +1.6035e-02, -6.8431e-02
-8.9817e-02, +9.4576e-02, -3.3932e-02, -1.1474e-01, -9.9712e-02, -1.6559e-01, -4.9746e-02, -6.4084e-02, -5.0290e-02, +6.8593e-02, -1.1669e-01, +1.8635e-02, -9.9753e-02, +3.5247e-02, -1.2073e-01, -1.1247e-01, +9.5891e-02, -1.1937e-01, -6.1599e-02, -1.8357e-01, -4.0289e-02, -7.3152e-02, +5.9625e-02, -2.0779e-02, -7.4601e-02, -6.9797e-02, -2.1668e-01, -1.6017e-01, -1.0000e+00, -2.2752e-02, -1.7848e-01, -4.3302e-02, -2.1645e-02, -6.4681e-02, -5.2036e-02, +5.8316e-02, +2.4171e-01, -5.5410e-02, -7.3814e-02, +3.0891e-02, -1.3189e-02, -6.2661e-02, +5.1579e-02, +1.0207e-01, -7.4550e-02, +1.2285e-01, -1.4129e-01, +1.1188e-01, +3.4343e-02, -2.7683e-02
-1.4167e-01, -2.8947e-02, -5.1380e-02, -6.7795e-02, -1.6844e-01, -7.7378e-05, -3.1060e-02, -3.6197e-02, -3.5034e-02, +4.9988e-02, -1.2020e-01, +6.7606e-03, +3.7386e-03, -3.0700e-02, -6.8520e-02, -1.0029e-01, +4.2488e-02, -9.9486e-03, -1.0862e-01, -1.7222e-01, +5.0387e-02, -2.8819e-03, +5.7739e-02, +2.2497e-02, +3.0981e-02, -6.5998e-02, -1.4842e-02, -6.1286e-02, -2.2752e-02, -1.0000e+00, -1.0658e-01, -3.2140e-02, -8.9599e-02, -2.8809e-02, -3.1498e-03, -5.6414e-02, +1.0183e-01, +2.5832e-03, -1.0337e-01, +3.4080e-03, +1.1915e-02, -1.0513e-01, -4.6333e-02, +9.2946e-02, -1.0240e-01, +1.5477e-02, -1.3061e-01, +1.5827e-01, +3.4509e-02, +1.5093e-01
-1.3387e-01, +8.5675e-02, +1.2234e-01, -8.6860e-02, -1.1127e-01, -2.0219e-01, -3.4138e-03, -9.4248e-02, -4.0073e-02, -4.0453e-02, -2.1824e-01, -8.3459e-02, -4.4398e-02, -1.1706e-01, -1.6557e-01, -4.2524e-02, +1.7556e-01, -2.0403e-01, -1.6036e-01, -3.1705e-01, -1.0901e-01, -4.5981e-02, +1.2460e-01, -1.6414e-01, -2.3576e-02, -6.4077e-02, -1.1874e-01, -2.3416e-01, -1.7848e-01, -1.0658e-01, -1.0000e+00, -1.4707e-01, -2.7977e-02, -7.3676e-03, -3.7407e-02, +9.5259e-02, +3.2020e-01, -1.9797e-01, -6.9154e-02, -6.4195e-02, -2.1261e-01, -2.3663e-02, -1.4972e-02, +5.5198e-02, -1.6678e-01, +2.7187e-02, -1.3607e-01, +2.9144e-01, +3.0197e-02, -2.5065e-01
-6.2661e-02, +4.6385e-02, +2.6868e-02, -7.0237e-03, -9.9068e-02, -5.5389e-02, +5.8295e-02, +4.7297e-02, +1.3299e-01, -2.0175e-02, -1.5655e-01, -1.8145e-02, -2.3475e-03, -3.9126e-02, -1.4017e-01, -5.5327e-02, -4.4083e-02, -1.3021e-01, -7.2815e-02, -1.8667e-01, -5.9771e-02, +4.5153e-02, -3.6236e-02, -2.4646e-02, +5.6825e-02, -6.4754e-02, -2.7768e-02, -6.7502e-02, -4.3302e-02, -3.2140e-02, -1.4707e-01, -1.0000e+00, -6.6324e-02, -7.8397e-02, -2.1799e-02, +2.2508e-02, +2.2624e-01, -5.6170e-02, +6.2668e-02, -4.8510e-02, -7.9014e-02, +2.0820e-02, -4.2146e-02, -1.1134e-02, -5.5094e-02, +2.4133e-02, -1.2293e-01, +2.1878e-01, -1.9658e-02, -4.2858e-02
-3.4635e-02, -5.7188e-02, +6.9975e-02, -4.6862e-02, -5.4697e-02, +9.5581e-02, +4.1501e-02, +1.3320e-01, -5.4769e-02, +5.6309e-02, -6.9596e-03, +7.4189e-02, +1.9494e-02, +8.2063e-02, -1.1060e-01, -6.0835e-02, -4.2343e-02, +6.3339e-02, +5.5498e-02, -1.4098e-01, -7.0039e-02, +2.1044e-02, +9.6870e-02, +1.0563e-01, +4.5561e-02, +8.4950e-03, +1.9221e-01, -9.6349e-02, -2.1645e-02, -8.9599e-02, -2.7977e-02, -6.6324e-02, -1.0000e+00, +5.8701e-02, +5.4090e-03, +4.6408e-02, +2.0994e-02, +1.0474e-02, +2.8187e-02, -4.5622e-02, +6.3038e-02, +7.3166e-03, -1.2595e-02, +7.9971e-02, -8.1961e-02, -5.7926e-02, -6.3821e-02, +3.5411e-01, +6.8107e-02, +5.6724e-02
-9.9814e-02, -2.0887e-02, -7.3000e-02, -8.3163e-02, -4.5914e-02, -1.3583e-01, -6.8153e-02, -3.8675e-02, -3.8095e-02, +5.2737e-02, -1.0432e-01, +1.6808e-01, -4.2458e-02, +4.7052e-02, -1.1983e-01, +3.9354e-02, +9.0130e-03, -5.1206e-02, -4.2934e-02, +9.3275e-03, +1.6954e-02, +3.2330e-02, +1.7168e-01, +1.3497e-02, -2.2379e-02, +9.2694e-02, -1.0952e-01, -9.1931e-02, -6.4681e-02, -2.8809e-02, -7.3676e-03, -7.8397e-02, +5.8701e-02, -1.0000e+00, +1.7276e-02, -6.7726e-02, +6.1284e-02, +1.0516e-01, +9.2928e-04, +1.6249e-02, -3.4530e-02, +7.5238e-02, +8.3196e-02, -6.3077e-02, +3.0625e-02, +1.2731e-02, -1.2603e-01, +1.7900e-01, -4.0312e-02, +2.2953e-01
-6.2491e-02, -4.2259e-02, +2.0350e-02, -9.0116e-02, +4.0795e-02, +5.7556e-02, -6.6532e-03, -9.8154e-03, +7.4061e-02, +5.8144e-02, -8.4515e-03, -2.5584e-02, -4.7920e-02, -5.6314e-02, +6.0215e-02, +2.2605e-02, +6.6034e-02, +1.5312e-02, -3.0077e-02, -1.9793e-03, +7.7508e-02, +3.8633e-02, +5.3087e-03, -9.2903e-02, -4.7598e-02, -4.3122e-02, -8.4254e-02, -2.0265e-02, -5.2036e-02, -3.1498e-03, -3.7407e-02, -2.1799e-02, +5.4090e-03, +1.7276e-02, -1.0000e+00, +1.0762e-02, +8.7542e-02, +1.4288e-02, -4.6138e-02, +7.4031e-02, -1.3114e-02, -1.0283e-01, -1.2360e-02, +4.1269e-03, +1.0119e-01, +1.0272e-03, +2.4507e-02, -1.4203e-01, +3.6265e-02, +2.3855e-02
+7.8116e-02, -3.8457e-02, +3.2608e-02, +3.4654e-02, +1.7823e-02, -7.6265e-02, -3.5831e-02, -2.8072e-02, +1.7138e-01, +7.0291e-03, +1.3233e-02, +3.6269e-02, -8.9907e-02, -3.9777e-02, -2.7620e-03, +2.1910e-01, +9.2721e-03, +5.7413e-02, +1.3225e-02, +6.2224e-02, +9.4530e-02, +1.3900e-02, -3.1661e-02, +5.0594e-02, +1.3339e-02, -7.1540e-02, -9.1531e-02, +7.8490e-02, +5.8316e-02, -5.6414e-02, +9.5259e-02, +2.2508e-02, +4.6408e-02, -6.7726e-02, +1.0762e-02, -1.0000e+00, +4.9568e-02, +3.9856e-02, -7.4326e-02, +3.1420e-02, +7.3819e-02, -2.7673e-02, +5.7999e-02, -6.5086e-02, -3.6488e-02, -4.6612e-02, +2.6407e-02, -1.9577e-01, -1.2944e-01, +3.2036e-02
+2.2774e-01, -4.3247e-02, -1.4055e-01, +8.2145e-02, +1.4346e-01, +2.8784e-01, +1.6586e-01, -2.8164e-02, +9.0526e-02, +3.1564e-02, +1.2914e-01, -5.2853e-02, -1.2104e-02, +8.6953e-02, +1.9150e-01, +9.6334e-02, +2.0556e-02, +2.1469e-01, +4.5424e-01, +5.3861e-01, +2.5559e-01, +1.3835e-01, +2.1806e-02, +1.7240e-01, +6.9972e-02, +1.2659e-01, +1.5343e-01, +3.1833e-01, +2.4171e-01, +1.0183e-01, +3.2020e-01, +2.2624e-01, +2.0994e-02, +6.1284e-02, +8.7542e-02, +4.9568e-02, -1.0000e+00, +8.2977e-02, +2.2185e-01, +7.4463e-03, +1.6007e-01, -4.5644e-02, +2.1293e-02, -9.3900e-02, -1.2881e-02, +5.9150e-02, +2.0854e-01, +5.7557e-02, -2.0539e-03, +1.7617e-01
-9.0734e-03, -2.3075e-03, +1.3554e-01, -3.8143e-02, +9.2199e-02, -1.4883e-01, -3.1570e-03, -1.4938e-01, -1.9969e-02, +2.6619e-02, -9.3744e-02, -1.7754e-02, -6.9562e-02, -6.6033e-02, -2.9898e-02, -1.3358e-02, -6.8167e-02, -1.6221e-01, -5.1457e-02, -3.5354e-02, -1.6782e-01, -8.6443e-02, +1.7229e-02, +7.8745e-03, -1.6268e-02, +5.3727e-02, -5.2858e-02, -4.9912e-02, -5.5410e-02, +2.5832e-03, -1.9797e-01, -5.6170e-02, +1.0474e-02, +1.0516e-01, +1.4288e-02, +3.9856e-02, +8.2977e-02, -1.0000e+00, -3.0463e-03, -5.0592e-02, -1.1144e-01, -4.8186e-02, -4.4720e-02, -5.0092e-02, -3.5406e-02, +4.4546e-02, -1.1124e-01, +5.3956e-02, -7.9464e-02, -1.4025e-01
-8.2100e-03, +1.3883e-02, -4.1969e-02, -1.0246e-01, -1.2336e-01, +1.0381e-02, -1.2394e-01, +4.9444e-02, +1.0992e-02, +1.1698e-01, -4.1999e-02, -1.5196e-01, -3.6383e-02, -6.8439e-02, -5.2357e-03, +1.9683e-02, +1.5688e-01, -1.9101e-02, -9.6914e-02, -1.7757e-01, -7.4091e-02, -5.6710e-02, +1.7615e-01, -2.4805e-02, -3.8902e-02, -1.9394e-02, -1.2625e-01, -1.2659e-01, -7.3814e-02, -1.0337e-01, -6.9154e-02, +6.2668e-02, +2.8187e-02, +9.2928e-04, -4.6138e-02, -7.4326e-02, +2.2185e-01, -3.0463e-03, -1.0000e+00, +9.2607e-02, -5.4124e-02, -1.2040e-01, +9.6655e-03, +1.3986e-02, -9.6599e-02, -1.0146e-01, -1.6077e-01, -4.9039e-02, +3.5594e-02, -2.9219e-02
+9.1414e-02, +1.4179e-01, +1.5712e-01, -9.7698e-03, -8.4867e-03, -3.3222e-02, +1.7199e-02, -6.4495e-02, +7.5598e-02, +5.7763e-02, +5.0641e-02, +2.0613e-02, +8.0741e-04, +5.1712e-02, -1.3166e-01, +6.6859e-03, -6.3177e-02, -6.5110e-02, -2.9120e-02, -4.6336e-02, -8.3245e-02, -5.8751e-02, +2.8180e-02, -4.6924e-03, +5.8081e-02, +2.2535e-02, +3.1103e-02, -7.7004e-02, +3.0891e-02, +3.4080e-03, -6.4195e-02, -4.8510e-02, -4.5622e-02, +1.6249e-02, +7.4031e-02, +3.1420e-02, +7.4463e-03, -5.0592e-02, +9.2607e-02, -1.0000e+00, -4.0958e-02, +9.3960e-02, -2.1501e-02, -3.1056e-02, -6.7542e-02, +2.1055e-02, +4.2073e-02, +1.2355e-01, -8.8651e-03, -1.5208e-01
-2.2633e-02, +1.5041e-02, -7.6838e-02, -8.8595e-02, +3.5491e-02, -8.4817e-02, -5.9554e-02, -1.5631e-02, +6.3881e-02, +4.0809e-02, -9.8085e-02, +5.7067e-02, -3.8070e-02, -3.9431e-02, -6.0162e-03, -1.6245e-02, +7.9247e-02, -1.9426e-01, -9.8344e-02, -4.2022e-02, -1.3298e-01, -6.5105e-02, -8.0300e-03, +3.5658e-02, -2.5481e-02, -8.0068e-02, -1.0684e-01, -4.7964e-02, -1.3189e-02, +1.1915e-02, -2.1261e-01, -7.9014e-02, +6.3038e-02, -3.4530e-02, -1.3115e-02, +7.3819e-02, +1.6007e-01, -1.1144e-01, -5.4124e-02, -4.0958e-02, -1.0000e+00, -1.0004e-01, -7.5089e-02, +4.1410e-02, -3.4792e-02, -1.5638e-02, -5.8143e-02, -4.7092e-02, +2.7622e-02, -6.0103e-02
+1.0732e-01, +2.4977e-02, -1.3986e-01, +7.5881e-02, -4.9894e-02, -7.0694e-02, +8.3534e-02, +5.7113e-02, +2.2123e-03, -1.2109e-02, -2.3653e-01, -2.4580e-02, +8.6242e-03, -2.6243e-02, -1.0231e-01, -3.4151e-01, -9.1949e-03, -3.0347e-02, -3.1543e-02, -2.4391e-02, -9.2690e-02, -4.2455e-02, +1.3543e-02, -1.0479e-01, +1.0764e-01, -1.5047e-02, -1.5508e-01, -1.9360e-03, -6.2661e-02, -1.0513e-01, -2.3663e-02, +2.0820e-02, +7.3166e-03, +7.5238e-02, -1.0283e-01, -2.7673e-02, -4.5644e-02, -4.8186e-02, -1.2040e-01, +9.3960e-02, -1.0004e-01, -1.0000e+00, -3.8405e-02, -9.2177e-02, +3.8296e-02, +6.8937e-02, -1.3002e-02, +4.7942e-02, +8.3034e-02, +1.9661e-02
+4.2020e-02, -6.3086e-02, -4.0507e-02, +9.9358e-03, -2.9997e-02, +8.3051e-03, -7.4970e-02, +1.9257e-02, +1.3383e-01, +3.4026e-02, +1.1580e-03, +5.6417e-02, -2.8925e-02, -4.5759e-02, -7.8264e-02, -3.4390e-02, -7.2670e-03, -2.4760e-02, +5.0108e-02, -6.0994e-02, -1.3972e-01, -1.5659e-02, -4.6936e-02, -2.4375e-02, -6.0408e-03, -3.7683e-02, -1.2627e-02, +5.3273e-02, +5.1580e-02, -4.6333e-02, -1.4972e-02, -4.2146e-02, -1.2595e-02, +8.3196e-02, -1.2360e-02, +5.7999e-02, +2.1293e-02, -4.4720e-02, +9.6655e-03, -2.1501e-02, -7.5089e-02, -3.8405e-02, -1.0000e+00, -1.3198e-02, +1.4946e-02, -5.1618e-02, -3.7227e-02, -6.5934e-02, -6.0839e-03, +1.5772e-01
+1.0115e-01, -1.1119e-02, -7.5718e-02, +3.9619e-02, +3.1080e-02, +1.9007e-03, -2.0385e-02, +3.1884e-02, +9.7561e-02, -2.9214e-02, +2.9477e-02, -4.3392e-02, +1.8980e-02, +1.0058e-01, +7.7798e-02, +1.2264e-01, +4.7051e-02, +1.4611e-02, -7.7597e-03, +1.3184e-01, -2.3434e-02, -6.1542e-02, -7.9003e-02, -2.2231e-02, +2.0208e-02, +6.5401e-02, +3.3777e-03, +1.3191e-01, +1.0207e-01, +9.2946e-02, +5.5198e-02, -1.1134e-02, +7.9971e-02, -6.3077e-02, +4.1269e-03, -6.5086e-02, -9.3900e-02, -5.0092e-02, +1.3986e-02, -3.1056e-02, +4.1410e-02, -9.2177e-02, -1.3198e-02, -1.0000e+00, -1.6878e-02, -2.3167e-02, +9.4420e-02, -1.8925e-01, -2.3649e-02, +1.8503e-02
-2.4955e-02, -2.6647e-03, +5.0819e-02, +5.6542e-02, -7.7596e-02, -1.0132e-01, -5.3382e-02, -4.1228e-02, -7.9069e-02, +3.5153e-02, -5.1146e-02, -1.5188e-01, -1.2973e-01, -3.4816e-02, -1.3470e-01, +4.5253e-02, +2.0974e-01, -5.7357e-02, -5.2285e-02, -5.6542e-02, -2.8732e-02, -9.8974e-02, +1.5728e-01, +7.1301e-02, +2.5391e-02, -8.9614e-03, -6.5518e-02, -7.0622e-02, -7.4550e-02, -1.0240e-01, -1.6678e-01, -5.5094e-02, -8.1961e-02, +3.0625e-02, +1.0119e-01, -3.6488e-02, -1.2881e-02, -3.5406e-02, -9.6599e-02, -6.7542e-02, -3.4792e-02, +3.8296e-02, +1.4946e-02, -1.6878e-02, -1.0000e+00, -7.1195e-02, -3.9467e-02, +1.3766e-01, -4.9360e-02, -1.3211e-01
-4.8852e-02, -3.8100e-02, +1.2388e-02, -4.9148e-02, -9.0777e-02, -6.1046e-03, -9.4361e-02, +1.4601e-01, +4.9197e-02, +2.8689e-02, +8.2873e-02, +1.4212e-02, +1.1864e-02, +3.5538e-02, +4.3668e-02, +2.6086e-02, +8.7261e-02, +8.5368e-02, -5.6965e-02, +2.7641e-02, -8.4832e-02, -1.8511e-02, +6.3146e-03, -6.8623e-02, +3.9611e-02, +9.2770e-02, +3.0525e-02, +9.0113e-02, +1.2285e-01, +1.5477e-02, +2.7187e-02, +2.4133e-02, -5.7926e-02, +1.2731e-02, +1.0272e-03, -4.6612e-02, +5.9150e-02, +4.4546e-02, -1.0146e-01, +2.1055e-02, -1.5638e-02, +6.8937e-02, -5.1618e-02, -2.3167e-02, -7.1195e-02, -1.0000e+00, -5.8727e-02, -1.0722e-01, -2.7913e-02, +1.3101e-02
-8.2483e-02, -1.3595e-01, +3.6570e-02, -3.6966e-02, -1.1497e-01, -2.0296e-01, -9.3959e-02, +1.8103e-02, +7.5105e-02, +8.4473e-02, -1.8438e-01, -5.4038e-02, +7.4924e-02, -1.2199e-01, -1.4451e-01, -9.2123e-03, +8.7204e-02, -1.1860e-01, -1.8549e-01, -1.7461e-01, -9.1695e-02, -7.8318e-02, +2.6144e-02, -3.0000e-02, +4.1600e-02, +9.9230e-02, -9.3698e-02, -1.0704e-01, -1.4129e-01, -1.3061e-01, -1.3607e-01, -1.2293e-01, -6.3821e-02, -1.2603e-01, +2.4507e-02, +2.6407e-02, +2.0854e-01, -1.1124e-01, -1.6077e-01, +4.2073e-02, -5.8143e-02, -1.3002e-02, -3.7227e-02, +9.4420e-02, -3.9467e-02, -5.8727e-02, -1.0000e+00, +1.3956e-01, +5.5635e-02, +4.0083e-02
+2.6673e-01, -1.4319e-01, -8.9578e-02, -6.8290e-03, +3.4714e-01, +5.9492e-02, -1.8333e-01, -5.2575e-02, +3.3821e-01, +1.6898e-02, +6.5564e-02, +4.3518e-02, -1.1975e-01, +7.7691e-02, +3.6308e-01, +3.4895e-01, -3.9622e-02, -5.9837e-02, -2.6424e-02, +3.4722e-01, +1.6950e-01, +1.5188e-02, -2.3124e-02, -5.2542e-02, +1.8196e-03, -1.3071e-04, -6.3360e-02, +2.9216e-01, +1.1188e-01, +1.5827e-01, +2.9144e-01, +2.1878e-01, +3.5411e-01, +1.7900e-01, -1.4203e-01, -1.9577e-01, +5.7557e-02, +5.3956e-02, -4.9039e-02, +1.2355e-01, -4.7092e-02, +4.7942e-02, -6.5934e-02, -1.8925e-01, +1.3766e-01, -1.0722e-01, +1.3956e-01, -1.0000e+00, -8.8335e-02, +1.9621e-01
+5.5019e-02, -6.0146e-02, +3.8815e-03, -4.5713e-02, +5.5820e-03, -3.8892e-02, -4.8512e-02, -3.3926e-02, +8.4704e-02, -6.9117e-02, +1.7727e-02, +3.8569e-02, -5.5753e-02, -7.3101e-02, +1.1381e-02, +7.8206e-02, +3.4852e-03, -2.1090e-02, +3.2673e-02, -3.3374e-02, +4.2712e-02, +3.4155e-02, +1.5794e-02, -2.0462e-03, -2.4315e-03, +3.9782e-02, +8.2645e-03, +1.6035e-02, +3.4343e-02, +3.4509e-02, +3.0197e-02, -1.9658e-02, +6.8107e-02, -4.0312e-02, +3.6265e-02, -1.2944e-01, -2.0539e-03, -7.9464e-02, +3.5594e-02, -8.8651e-03, +2.7622e-02, +8.3034e-02, -6.0839e-03, -2.3649e-02, -4.9360e-02, -2.7913e-02, +5.5635e-02, -8.8335e-02, -1.0000e+00, +1.0723e-02
-1.0478e-02, +2.4851e-01, +2.5389e-01, +7.1499e-02, -2.9089e-02, -1.2806e-01, +1.3725e-01, +5.5430e-02, -1.0255e-01, -1.6561e-02, +1.1594e-01, -6.1072e-02, +5.3770e-02, -9.1880e-02, -1.0091e-01, -1.2753e-01, -4.6192e-02, -6.5652e-03, -9.1509e-02, -9.4679e-02, -1.5181e-01, -1.9319e-02, -4.6172e-02, -1.7837e-02, -3.7338e-02, -5.8131e-02, +2.4091e-02, -6.8431e-02, -2.7683e-02, +1.5093e-01, -2.5065e-01, -4.2858e-02, +5.6724e-02, +2.2953e-01, +2.3856e-02, +3.2036e-02, +1.7617e-01, -1.4025e-01, -2.9219e-02, -1.5208e-01, -6.0103e-02, +1.9661e-02, +1.5772e-01, +1.8503e-02, -1.3211e-01, +1.3101e-02, +4.0083e-02, +1.9621e-01, +1.0723e-02, -1.0000e+00
