-1.0000e+00, -1.5686e-02, -3.1270e-02, -2.2258e-02, +1.0025e-01, +9.1089e-02, -4.4291e-02, -7.6554e-02, -8.4676e-02, -5.1279e-02, +3.3556e-02, -4.4174e-04, +1.1691e-02, -2.6514e-02, +1.0556e-01, +2.0215e-02, -1.0730e-03, -1.9056e-02, +3.8845e-02, +1.2491e-01, -1.3102e-01, -2.6844e-02, +1.4650e-02, +8.6452e-02, +3.2311e-03, -2.6434e-03, +1.4556e-02, -8.5170e-04, +8.3542e-02, -5.9788e-02, +9.3388e-02, +1.0399e-02, +9.5336e-03, +4.0067e-02, -4.3811e-02, +2.9184e-02, -3.8006e-02, +1.8278e-02, -2.5330e-02, +7.5805e-04, +1.8890e-02, +5.9468e-04, +5.1293e-02, +3.6901e-02, -8.9051e-02, +2.5852e-02, -2.4342e-02, +1.0735e-01, +2.4359e-02, -6.2065e-02
-1.5686e-02, -1.0000e+00, -2.5659e-02, +1.8072e-01, +6.6542e-03, +5.6202e-03, -6.8009e-02, +3.9786e-02, -3.7871e-02, -5.9473e-02, +1.1371e-01, -2.7518e-02, +6.2321e-02, -3.1831e-02, -4.8884e-02, +3.0899e-02, +3.4866e-03, -2.2803e-02, +1.0833e-01, -2.7325e-02, +4.9854e-02, -1.4210e-02, -1.0008e-01, +2.5633e-02, -9.8775e-02, +1.0699e-01, +1.4394e-02, -1.7852e-03, +3.7055e-02, -2.9770e-02, +6.0609e-02, +7.7073e-03, -8.2366e-02, +3.1683e-02, +5.8706e-02, -3.9545e-02, +2.2942e-03, -7.9091e-02, +2.2198e-02, -6.3315e-02, +3.9069e-02, -7.3082e-02, +5.8114e-02, +5.7563e-02, +1.6980e-01, +7.2432e-02, +1.3153e-01, +5.3109e-02, -3.1795e-02, +2.9398e-02
-3.1270e-02, -2.5659e-02, -1.0000e+00, +1.2300e-01, -1.1502e-02, -9.0443e-02, +1.3410e-02, +6.2353e-02, -8.7000e-02, +6.3291e-02, -1.4159e-02, -7.9864e-02, -7.8617e-03, +2.1622e-02, +4.1298e-02, -3.7377e-02, +3.3825e-02, +6.5615e-02, +1.0018e-02, -7.4223e-03, -4.3420e-02, -3.5596e-02, +4.3629e-02, -6.4472e-02, -1.0261e-01, -1.7960e-02, -1.5191e-02, -6.9424e-02, -2.3744e-02, +2.9108e-02, -2.3993e-02, -8.1978e-02, +3.9633e-02, +2.4592e-02, -6.6869e-02, +2.9731e-02, -2.0074e-01, +7.3649e-02, -5.7502e-02, +1.9187e-02, -3.3239e-02, +1.7847e-02, +2.1520e-02, +2.4273e-02, -8.8252e-03, -5.0241e-02, -8.3978e-02, +1.7858e-01, -3.2288e-02, -5.2468e-03
-2.2258e-02, +1.8072e-01, +1.2300e-01, -1.0000e+00, +1.7224e-02, -7.3956e-02, -5.6441e-02, +1.1856e-02, +7.3095e-02, +7.1409e-02, -1.2378e-01, +6.1207e-02, -5.4540e-02, -2.7382e-02, +5.5193e-02, +6.6961e-02, +4.2904e-02, +1.0963e-01, -3.7059e-02, -4.8657e-02, -2.2572e-01, +2.2090e-02, +3.5340e-02, -7.5667e-03, +1.2190e-01, -2.0415e-01, -7.2236e-02, -1.6199e-01, -1.4855e-01, -1.0139e-01, -1.4310e-01, +3.3694e-02, +1.0761e-02, +1.2613e-01, -1.0486e-01, -1.9340e-02, +6.8900e-02, -1.0022e-02, -1.2401e-01, -2.6325e-02, -6.7716e-02, -8.1050e-02, -3.8395e-02, -8.8940e-02, -1.4016e-01, -5.0450e-02, -1.9450e-01, -1.5367e-01, +1.5701e-02, -2.2283e-03
+1.0025e-01, +6.6542e-03, -1.1502e-02, +1.7224e-02, -1.0000e+00, -1.9706e-02, -4.3149e-02, -9.3317e-04, +4.8316e-02, -4.0605e-02, +3.0755e-04, -3.9540e-02, -1.4928e-02, -2.6254e-02, -1.6600e-02, -1.5079e-02, -1.1401e-02, +1.1055e-01, +5.6548e-03, -9.2663e-02, -1.7974e-02, -4.2354e-02, +1.2599e-02, -1.5245e-01, -3.9030e-02, -5.1702e-03, -2.9028e-02, -8.9427e-02, -1.7156e-01, +1.3862e-02, -9.1443e-03, -3.0714e-02, +5.9841e-03, -4.7848e-05, -9.1278e-02, +1.3330e-02, -3.0382e-02, +4.9975e-02, +6.2319e-02, -2.7345e-02, -6.8649e-02, +8.7799e-02, +5.5574e-02, -1.8857e-03, +2.3096e-03, -1.7608e-02, -1.4846e-01, +7.5323e-02, -1.0060e-02, +9.6804e-02
+9.1089e-02, +5.6202e-03, -9.0443e-02, -7.3956e-02, -1.9706e-02, -1.0000e+00, -4.8638e-03, +1.1253e-02, +1.9205e-02, +6.8920e-02, -1.2659e-01, +7.2477e-02, +9.2224e-02, -6.4570e-02, -9.4206e-02, +5.8568e-03, -4.4405e-02, +5.9999e-02, -3.1777e-02, +8.4103e-02, -2.3686e-01, -3.6886e-03, +1.1416e-02, +2.0431e-02, -3.5701e-02, -7.9604e-02, -1.4020e-01, -9.1102e-02, -1.7672e-01, -1.2044e-02, -1.5528e-01, +9.0226e-02, -5.1373e-03, +2.5420e-03, +2.6387e-02, -7.4896e-02, +8.1592e-02, -5.8986e-02, -1.2821e-01, -5.5928e-02, -2.8007e-02, -1.1497e-02, +4.0723e-02, -7.8862e-02, -1.3829e-01, -2.7658e-02, -1.8323e-01, -2.5121e-02, -7.0533e-03, -4.1088e-03
-4.4291e-02, -6.8009e-02, +1.3410e-02, -5.6441e-02, -4.3149e-02, -4.8638e-03, -1.0000e+00, -3.6300e-02, +2.5116e-02, +7.7793e-03, +1.8818e-02, -9.1407e-02, -5.6200e-02, -4.2086e-02, -3.5214e-02, +8.3551e-03, +6.7189e-02, +4.0659e-02, -3.7620e-02, -2.8906e-02, -7.7173e-03, -2.5717e-02, +1.0472e-01, -2.5510e-02, +6.4584e-02, +7.3186e-02, -4.5020e-03, -3.0421e-02, +2.9165e-02, +6.6655e-02, -5.5795e-02, -7.8371e-03, +7.1111e-03, +5.9636e-02, +2.6324e-02, +6.9850e-02, -1.0294e-01, +8.6464e-02, -6.7149e-02, +2.2801e-02, -3.2404e-02, +1.1975e-03, +1.0557e-02, -1.8574e-02, -5.6618e-03, -8.1208e-02, -6.0726e-02, +3.4231e-02, +4.5129e-02, +3.4796e-02
-7.6554e-02, +3.9786e-02, +6.2353e-02, +1.1856e-02, -9.3316e-04, +1.1253e-02, -3.6300e-02, -1.0000e+00, -2.9446e-02, +8.9998e-02, -2.5036e-02, +1.3718e-02, +1.2997e-01, -9.0702e-02, +5.6158e-05, +3.3105e-02, +7.5097e-02, -1.2602e-01, -3.5320e-02, +1.7389e-01, -4.3816e-02, +3.4179e-02, +1.2715e-01, +4.8886e-02, +4.6103e-02, +5.1149e-03, -3.3393e-02, +2.6981e-02, -3.0896e-02, -7.5670e-03, +9.1822e-03, +9.1656e-02, +9.1317e-03, -1.4764e-02, -1.0652e-02, -1.2254e-01, +6.0590e-02, -5.3949e-02, -8.3541e-02, -2.3334e-02, -9.3444e-03, +2.5295e-03, -7.4345e-02, -5.0724e-03, -7.1745e-02, +9.8403e-02, -7.4060e-02, +1.2604e-02, -6.7556e-03, +3.4932e-02
-8.4676e-02, -3.7871e-02, -8.7000e-02, +7.3095e-02, +4.8316e-02, +1.9205e-02, +2.5116e-02, -2.9446e-02, -1.0000e+00, -9.9856e-02, +4.3947e-02, +1.4040e-01, +3.7853e-02, +7.5611e-03, +2.5459e-03, -2.4039e-02, -1.6906e-01, +1.4254e-01, +3.2632e-03, -7.8528e-02, -4.5516e-02, -8.5373e-02, -3.2194e-01, -4.7048e-02, +1.1090e-02, -1.1400e-01, +4.3611e-02, -3.2311e-02, +6.8031e-02, -6.5340e-02, +6.4564e-02, -4.1687e-02, -1.1654e-01, +2.4136e-02, +2.5790e-02, +2.1683e-02, +5.4618e-02, +2.2474e-02, +9.0172e-02, -4.4373e-02, +1.2537e-01, -5.0458e-02, +3.1189e-02, +5.3319e-02, -3.8018e-02, +1.2858e-02, +5.2709e-02, +1.1044e-01, +3.1811e-02, +3.9942e-02
-5.1279e-02, -5.9473e-02, +6.3291e-02, +7.1409e-02, -4.0605e-02, +6.8920e-02, +7.7793e-03, +8.9998e-02, -9.9856e-02, -1.0000e+00, -1.1479e-01, +3.8441e-02, +5.2969e-02, +9.1933e-02, +1.0490e-01, +1.7120e-02, +1.0292e-01, +2.2508e-01, +1.7550e-02, -7.0453e-02, +2.4384e-03, -2.1059e-02, +1.5508e-01, -1.0248e-01, +8.1203e-02, -5.0888e-02, -3.5973e-02, +1.6597e-01, +1.3213e-01, -4.2105e-02, -1.1160e-02, -4.9174e-03, +3.6313e-02, -6.7365e-02, +5.0052e-02, +2.8527e-02, +5.0524e-02, +4.3505e-02, +7.8415e-02, +6.4605e-02, +1.1769e-01, +5.8416e-02, +5.5773e-02, +7.1915e-03, -3.0485e-02, +8.2552e-02, +1.1103e-01, -2.8365e-02, -1.3332e-02, +9.2644e-02
+3.3556e-02, +1.1371e-01, -1.4159e-02, -1.2378e-01, +3.0755e-04, -1.2659e-01, +1.8818e-02, -2.5036e-02, +4.3947e-02, -1.1479e-01, -1.0000e+00, +1.0434e-02, -3.0114e-02, -5.6963e-02, -6.3005e-02, -7.8047e-02, +9.7033e-02, +4.2813e-02, +2.5319e-02, -2.2130e-02, -1.0304e-01, +1.3654e-02, +1.4138e-01, +6.4439e-02, +3.8255e-02, -1.4302e-01, -7.3103e-02, +3.0980e-03, -1.0302e-01, -1.1882e-01, -1.8279e-01, +2.7138e-02, -4.5020e-02, +4.0068e-02, +4.0265e-03, -1.1507e-02, +1.2333e-01, -6.4075e-02, -9.6941e-02, -2.4047e-02, -7.5333e-02, +4.5052e-02, -2.6132e-02, -1.9690e-02, -1.6979e-01, +1.0793e-01, -9.7944e-02, +1.2886e-01, +2.8779e-02, +2.3033e-02
-4.4174e-04, -2.7518e-02, -7.9864e-02, +6.1207e-02, -3.9540e-02, +7.2477e-02, -9.1407e-02, +1.3718e-02, +1.4040e-01, +3.8441e-02, +1.0434e-02, -1.0000e+00, +1.2223e-02, -2.5518e-02, +8.3472e-02, -1.5258e-01, +1.9360e-01, +1.4153e-01, -1.4541e-02, +1.3628e-01, -8.8026e-02, +2.5250e-02, +2.1076e-01, -4.2896e-04, -1.0868e-01, +1.0188e-01, +8.5563e-02, +6.6601e-02, +6.4518e-02, +5.2509e-02, +3.7982e-02, -8.7608e-02, -3.5648e-02, -1.3898e-02, -1.1540e-01, -1.1097e-02, -1.7645e-01, +9.9498e-02, -6.9763e-02, -1.5983e-01, +3.3369e-03, +9.3228e-02, -1.0667e-01, +1.1855e-01, +2.0789e-01, -7.0258e-02, +8.7389e-02, -1.4360e-02, -4.5833e-02, +1.0060e-02
+1.1691e-02, +6.2321e-02, -7.8617e-03, -5.4540e-02, -1.4928e-02, +9.2224e-02, -5.6200e-02, +1.2997e-01, +3.7853e-02, +5.2969e-02, -3.0114e-02, +1.2223e-02, -1.0000e+00, +1.6079e-02, -2.5785e-02, +2.5187e-02, +4.6990e-02, -3.8912e-02, +3.9489e-02, -1.1002e-01, +5.0593e-02, -2.4818e-02, +7.8181e-02, +1.9067e-02, +4.5541e-02, -8.4786e-02, +6.4565e-02, -1.7681e-02, -6.4789e-03, +3.9574e-02, -1.8949e-02, +4.5505e-03, +3.9362e-02, +4.7265e-02, -9.1870e-02, -9.2279e-02, -2.3635e-02, +1.9696e-01, +3.2830e-02, +1.2664e-02, -3.8339e-02, -1.7117e-02, -2.7007e-02, +9.8159e-02, +1.7115e-03, +4.6830e-04, +1.1325e-02, -1.7696e-02, +5.5769e-03, -5.7595e-03
-2.6514e-02, -3.1831e-02, +2.1622e-02, -2.7382e-02, -2.6254e-02, -6.4570e-02, -4.2086e-02, -9.0702e-02, +7.5611e-03, +9.1933e-02, -5.6963e-02, -2.5518e-02, +1.6079e-02, -1.0000e+00, +5.9653e-02, -8.3176e-02, +9.7676e-02, +9.2713e-02, -1.5306e-01, -2.2046e-02, -1.6035e-01, -3.5637e-03, +1.0255e-01, -3.9594e-02, -1.0553e-01, -8.9066e-02, -1.3034e-01, -2.1200e-01, -1.0245e-01, -1.7063e-01, -9.0320e-02, +3.1102e-02, -4.5458e-02, +7.1278e-03, +1.7836e-02, -9.8271e-02, +2.8652e-01, -1.4268e-01, -4.8921e-02, -9.4647e-02, -6.2266e-02, +8.0004e-02, -3.8014e-02, -2.2089e-02, -1.5569e-01, -7.1034e-02, -7.3329e-02, +5.5478e-02, -7.2526e-02, -8.5868e-03
+1.0556e-01, -4.8884e-02, +4.1298e-02, +5.5193e-02, -1.6600e-02, -9.4206e-02, -3.5214e-02, +5.6150e-05, +2.5459e-03, +1.0490e-01, -6.3005e-02, +8.3472e-02, -2.5785e-02, +5.9653e-02, -1.0000e+00, +1.5184e-02, -8.9886e-02, -6.3902e-03, +8.3338e-03, -1.0064e-01, -2.5328e-02, +3.7836e-02, -1.3644e-01, -1.3421e-02, +3.1828e-02, -3.4907e-02, -1.0100e-01, -4.1376e-03, -1.1200e-01, +6.1395e-02, -1.1512e-01, -5.8825e-02, +3.5986e-02, -2.9448e-02, +4.4452e-02, +1.2851e-01, +1.9206e-01, -6.3888e-02, -7.3083e-04, -1.3397e-02, +8.9047e-03, -5.9677e-02, -1.1689e-03, -2.9451e-02, -3.4035e-02, +4.3751e-03, +5.6335e-03, +6.8190e-02, -3.3254e-02, +5.3990e-02
+2.0215e-02, +3.0899e-02, -3.7377e-02, +6.6961e-02, -1.5079e-02, +5.8568e-03, +8.3551e-03, +3.3105e-02, -2.4039e-02, +1.7120e-02, -7.8047e-02, -1.5258e-01, +2.5187e-02, -8.3176e-02, +1.5184e-02, -1.0000e+00, +3.0142e-02, +5.1702e-01, -3.1378e-02, +1.9606e-02, -5.4550e-02, +5.9400e-02, +9.4336e-03, -8.6810e-03, -1.6536e-02, +5.2910e-02, +5.0725e-02, -2.8443e-02, -5.7618e-02, -7.7332e-02, -6.6723e-03, -9.5552e-02, +1.3574e-02, -2.7730e-02, -1.0591e-01, +1.0152e-01, +6.4627e-02, +6.3077e-03, -6.5461e-03, +1.1696e-01, -4.7266e-02, +5.9436e-02, -4.3437e-02, +1.2540e-02, +6.8679e-02, +1.2384e-02, +5.8344e-02, -7.1941e-03, +2.3901e-02, -2.9023e-02
-1.0730e-03, +3.4866e-03, +3.3825e-02, +4.2904e-02, -1.1401e-02, -4.4405e-02, +6.7189e-02, +7.5097e-02, -1.6906e-01, +1.0292e-01, +9.7033e-02, +1.9360e-01, +4.6990e-02, +9.7676e-02, -8.9886e-02, +3.0142e-02, -1.0000e+00, +8.0286e-03, +1.1914e-01, +3.8494e-02, +1.6446e-03, -1.7132e-02, +1.5944e-01, +4.5846e-02, +1.3379e-02, +2.6930e-02, +4.3475e-02, +1.0303e-01, +4.1584e-02, +8.2899e-03, +5.9963e-02, -1.4829e-01, +3.5019e-02, +2.2412e-02, +3.5260e-02, +4.4146e-02, -5.7031e-03, -6.1946e-02, +4.5707e-02, +4.8338e-02, +2.2875e-02, +6.8214e-02, -4.5907e-02, -2.5464e-02, +1.0582e-01, -1.8260e-03, -1.6918e-03, -1.3583e-01, -9.2077e-02, -1.0735e-02
-1.9056e-02, -2.2803e-02, +6.5615e-02, +1.0963e-01, +1.1055e-01, +5.9999e-02, +4.0659e-02, -1.2602e-01, +1.4254e-01, +2.2508e-01, +4.2813e-02, +1.4153e-01, -3.8912e-02, +9.2713e-02, -6.3902e-03, +5.1702e-01, +8.0286e-03, -1.0000e+00, +3.2165e-02, +1.4322e-02, +1.7905e-01, +2.0050e-02, +1.3541e-01, +1.5334e-01, -2.1204e-03, +2.0642e-01, +8.8518e-02, +8.4089e-02, +1.1478e-01, +1.0142e-01, +3.2713e-02, +1.0372e-01, +4.5187e-03, +3.2856e-02, +9.6035e-02, +1.9890e-02, -4.9524e-02, -9.2175e-02, +9.3410e-02, -6.3952e-03, +8.6692e-02, -2.0849e-02, +4.9824e-02, +2.8614e-01, +6.6921e-02, +8.8834e-02, +6.7055e-02, +1.8601e-01, +2.5496e-02, +5.6248e-02
+3.8845e-02, +1.0833e-01, +1.0018e-02, -3.7059e-02, +5.6548e-03, -3.1777e-02, -3.7620e-02, -3.5320e-02, +3.2632e-03, +1.7550e-02, +2.5319e-02, -1.4541e-02, +3.9489e-02, -1.5306e-01, +8.3338e-03, -3.1378e-02, +1.1914e-01, +3.2165e-02, -1.0000e+00, -6.5731e-03, -1.2981e-01, -2.2687e-02, +5.3786e-02, -1.2555e-01, -2.7211e-02, -1.0372e-01, -1.5967e-01, -3.6247e-02, -1.0259e-01, -1.1700e-01, -1.4757e-01, +3.1158e-02, -4.4880e-03, -5.4249e-02, +1.3691e-01, -3.6974e-03, +9.3852e-02, -3.8959e-02, -7.9242e-02, -7.5727e-03, -4.9660e-02, +3.0660e-02, +3.9976e-03, +1.8793e-02, -1.1921e-01, -1.2831e-01, -1.0175e-01, +4.5407e-02, -3.9563e-02, -6.3410e-02
+1.2491e-01, -2.7325e-02, -7.4223e-03, -4.8657e-02, -9.2663e-02, +8.4103e-02, -2.8906e-02, +1.7389e-01, -7.8528e-02, -7.0453e-02, -2.2130e-02, +1.3628e-01, -1.1002e-01, -2.2046e-02, -1.0064e-01, +1.9606e-02, +3.8494e-02, +1.4322e-02, -6.5731e-03, -1.0000e+00, +2.5185e-01, -9.1695e-02, +3.2787e-02, -3.8878e-02, +7.2812e-02, -2.9482e-02, -3.7882e-02, -9.2413e-02, -1.2341e-01, -3.2515e-02, -1.4882e-01, -2.1416e-01, -1.7505e-01, +3.5236e-02, +6.2666e-02, +2.0563e-01, +1.5842e-01, -1.3108e-01, -2.5663e-02, -7.6681e-02, -3.4483e-02, +5.8538e-02, +8.4098e-02, -2.0234e-02, -1.7717e-01, +7.0264e-02, -9.1266e-02, +1.8898e-01, -1.7585e-03, -2.6315e-02
-1.3102e-01, +4.9854e-02, -4.3420e-02, -2.2572e-01, -1.7973e-02, -2.3686e-01, -7.7173e-03, -4.3816e-02, -4.5516e-02, +2.4384e-03, -1.0304e-01, -8.8026e-02, +5.0593e-02, -1.6035e-01, -2.5328e-02, -5.4550e-02, +1.6446e-03, +1.7905e-01, -1.2981e-01, +2.5185e-01, -1.0000e+00, +1.4871e-02, -6.6587e-02, -3.9170e-02, -9.2772e-02, -1.0016e-01, -2.5765e-02, -1.2808e-01, -3.3879e-02, -8.4863e-02, -1.6422e-01, +6.8010e-02, -3.0658e-02, +5.9078e-02, -2.0284e-01, +1.7752e-01, +1.4431e-01, -6.1121e-02, -2.4779e-01, -3.5996e-03, -9.9189e-02, +1.4745e-01, -5.8763e-02, -6.0731e-02, -2.1890e-01, -1.7063e-01, -2.6155e-01, +7.4950e-03, -7.2051e-02, -2.7073e-02
-2.6844e-02, -1.4210e-02, -3.5596e-02, +2.2090e-02, -4.2354e-02, -3.6886e-03, -2.5717e-02, +3.4179e-02, -8.5373e-02, -2.1059e-02, +1.3654e-02, +2.5250e-02, -2.4818e-02, -3.5637e-03, +3.7836e-02, +5.9400e-02, -1.7132e-02, +2.0050e-02, -2.2687e-02, -9.1695e-02, +1.4871e-02, -1.0000e+00, -5.4852e-02, -6.8232e-02, -4.9549e-02, +1.4544e-03, -3.3309e-02, -1.7311e-02, -1.1537e-02, +3.3296e-02, -5.2646e-03, -1.6787e-03, -6.7931e-02, -1.5125e-02, +1.4547e-02, -3.0601e-03, -5.9670e-02, -4.0536e-02, +2.4043e-02, +2.7958e-02, +8.5497e-04, -4.4784e-02, +3.5403e-02, +1.8910e-02, -4.9973e-02, +3.1941e-02, -1.0192e-01, +3.4346e-02, -1.8760e-02, -1.2050e-02
+1.4650e-02, -1.0008e-01, +4.3629e-02, +3.5340e-02, +1.2599e-02, +1.1416e-02, +1.0472e-01, +1.2715e-01, -3.2194e-01, +1.5508e-01, +1.4138e-01, +2.1076e-01, +7.8181e-02, +1.0255e-01, -1.3644e-01, +9.4336e-03, +1.5944e-01, +1.3541e-01, +5.3786e-02, +3.2787e-02, -6.6587e-02, -5.4852e-02, -1.0000e+00, -6.6756e-02, +3.4872e-02, +2.2660e-02, -6.7581e-02, +7.0281e-02, +9.0345e-02, +6.3301e-02, +1.5721e-01, -5.6584e-03, -1.9427e-02, +4.9506e-02, +3.5799e-02, -3.4374e-03, -1.4018e-03, -2.2823e-02, +8.6024e-02, +5.0085e-03, +1.8275e-02, +8.7659e-02, +7.5312e-02, -4.1842e-02, +6.8058e-02, -4.2797e-02, +5.0171e-02, -1.2485e-01, -1.3915e-02, -6.5271e-02
+8.6452e-02, +2.5633e-02, -6.4472e-02, -7.5667e-03, -1.5245e-01, +2.0431e-02, -2.5510e-02, +4.8886e-02, -4.7048e-02, -1.0248e-01, +6.4439e-02, -4.2896e-04, +1.9067e-02, -3.9594e-02, -1.3421e-02, -8.6810e-03, +4.5846e-02, +1.5334e-01, -1.2555e-01, -3.8878e-02, -3.9170e-02, -6.8232e-02, -6.6756e-02, -1.0000e+00, -6.8611e-02, -1.8733e-01, -1.2779e-01, -6.7254e-02, -1.9661e-02, +8.5849e-02, -1.9562e-01, -2.9287e-02, +6.8571e-03, +1.4272e-02, -7.1964e-02, -6.6476e-02, +6.2132e-02, -5.4710e-02, -8.2530e-02, -3.5494e-02, -3.9612e-02, +2.4107e-02, +2.3619e-02, -4.4255e-02, +1.3243e-03, -1.0927e-01, -8.6947e-02, +1.8370e-02, +1.3606e-02, -2.2764e-02
+3.2311e-03, -9.8775e-02, -1.0261e-01, +1.2190e-01, -3.9029e-02, -3.5701e-02, +6.4584e-02, +4.6103e-02, +1.1090e-02, +8.1203e-02, +3.8255e-02, -1.0868e-01, +4.5541e-02, -1.0553e-01, +3.1828e-02, -1.6536e-02, +1.3379e-02, -2.1204e-03, -2.7211e-02, +7.2811e-02, -9.2772e-02, -4.9549e-02, +3.4872e-02, -6.8611e-02, -1.0000e+00, +3.3971e-02, +2.2657e-02, -4.7365e-02, +5.8216e-02, +3.9888e-02, +1.3351e-02, +3.1627e-02, -4.0195e-03, -8.1242e-03, -7.6352e-02, +1.0548e-02, -4.3628e-02, -8.1786e-02, -3.8161e-02, -4.0033e-02, -3.2444e-02, -6.7244e-02, +3.7898e-02, +4.1564e-03, -4.8811e-02, -7.5228e-02, -7.1085e-02, +1.8740e-01, -1.0554e-01, +6.8417e-02
-2.6434e-03, +1.0699e-01, -1.7960e-02, -2.0415e-01, -5.1702e-03, -7.9604e-02, +7.3186e-02, +5.1149e-03, -1.1400e-01, -5.0888e-02, -1.4302e-01, +1.0188e-01, -8.4786e-02, -8.9066e-02, -3.4907e-02, +5.2910e-02, +2.6930e-02, +2.0642e-01, -1.0372e-01, -2.9482e-02, -1.0016e-01, +1.4544e-03, +2.2660e-02, -1.8733e-01, +3.3971e-02, -1.0000e+00, -2.3704e-01, -1.3445e-01, -2.0288e-01, -1.0720e-01, -2.8665e-01, +2.4202e-03, -3.6171e-02, -4.1595e-02, +6.4951e-02, -2.5477e-01, +1.5550e-01, +8.5419e-02, -9.4458e-02, +2.9271e-02, -2.3803e-01, -9.2100e-02, +1.3494e-02, -4.9846e-02, -1.7532e-01, +8.2583e-02, -1.4464e-01, +1.6796e-02, +7.6590e-02, +5.3890e-02
+1.4556e-02, +1.4394e-02, -1.5191e-02, -7.2236e-02, -2.9028e-02, -1.4020e-01, -4.5020e-03, -3.3393e-02, +4.3611e-02, -3.5973e-02, -7.3103e-02, +8.5563e-02, +6.4565e-02, -1.3034e-01, -1.0100e-01, +5.0725e-02, +4.3475e-02, +8.8518e-02, -1.5967e-01, -3.7882e-02, -2.5765e-02, -3.3309e-02, -6.7581e-02, -1.2779e-01, +2.2657e-02, -2.3704e-01, -1.0000e+00, -1.6379e-01, -3.4613e-01, -1.3823e-01, -2.7836e-01, +2.5566e-03, -4.2671e-02, -1.5452e-01, +1.6094e-02, -7.7453e-02, +2.1411e-01, -8.1772e-02, -8.0451e-02, -1.4527e-03, -1.0321e-01, +1.0097e-01, +1.8749e-02, -1.2482e-01, -1.3736e-01, -6.5797e-02, -1.6228e-01, +8.7060e-02, +1.3016e-02, -5.6858e-02
-8.5170e-04, -1.7852e-03, -6.9424e-02, -1.6199e-01, -8.9427e-02, -9.1102e-02, -3.0421e-02, +2.6981e-02, -3.2311e-02, +1.6597e-01, +3.0980e-03, +6.6601e-02, -1.7681e-02, -2.1200e-01, -4.1376e-03, -2.8443e-02, +1.0303e-01, +8.4089e-02, -3.6247e-02, -9.2413e-02, -1.2808e-01, -1.7311e-02, +7.0281e-02, -6.7254e-02, -4.7365e-02, -1.3445e-01, -1.6379e-01, -1.0000e+00, -2.2088e-01, -1.8049e-02, -1.2367e-01, +3.5850e-02, -2.5610e-02, +9.2840e-03, +3.6629e-02, +9.9361e-02, +1.1531e-01, +2.1397e-02, -2.1536e-02, -2.6089e-02, -1.4250e-01, -4.0697e-02, +4.4391e-02, -5.6364e-02, -1.2375e-01, -7.8299e-02, -1.7626e-01, +7.8840e-02, +5.2606e-02, -1.1604e-01
+8.3542e-02, +3.7055e-02, -2.3744e-02, -1.4855e-01, -1.7156e-01, -1.7672e-01, +2.9165e-02, -3.0896e-02, +6.8031e-02, +1.3213e-01, -1.0302e-01, +6.4518e-02, -6.4789e-03, -1.0245e-01, -1.1200e-01, -5.7618e-02, +4.1584e-02, +1.1478e-01, -1.0259e-01, -1.2341e-01, -3.3879e-02, -1.1537e-02, +9.0345e-02, -1.9661e-02, +5.8216e-02, -2.0288e-01, -3.4613e-01, -2.2088e-01, -1.0000e+00, -1.5968e-01, -2.5838e-01, +1.6173e-02, -3.8616e-02, -5.0167e-02, +5.3851e-03, +3.5598e-02, +1.8176e-01, -1.0443e-01, -6.9194e-02, -7.9618e-02, -1.3495e-01, -7.2712e-03, -4.2313e-02, -1.1860e-02, -1.9102e-01, -5.6337e-02, -1.7259e-01, +1.2720e-01, +2.6568e-02, +1.5118e-02
-5.9788e-02, -2.9770e-02, +2.9108e-02, -1.0139e-01, +1.3862e-02, -1.2044e-02, +6.6655e-02, -7.5670e-03, -6.5340e-02, -4.2105e-02, -1.1882e-01, +5.2509e-02, +3.9574e-02, -1.7063e-01, +6.1395e-02, -7.7332e-02, +8.2899e-03, +1.0142e-01, -1.1700e-01, -3.2515e-02, -8.4863e-02, +3.3296e-02, +6.3301e-02, +8.5849e-02, +3.9888e-02, -1.0720e-01, -1.3823e-01, -1.8049e-02, -1.5968e-01, -1.0000e+00, -1.1108e-01, -4.3408e-03, +5.1327e-02, -1.9084e-03, +1.7370e-02, -5.4775e-02, +1.6137e-01, -1.9837e-03, -1.1057e-03, -2.0492e-02, -3.7069e-02, -7.1043e-02, -3.3077e-02, -2.1870e-02, -1.0606e-01, +1.6186e-01, -4.7774e-02, -6.0850e-02, -2.4023e-02, +3.8842e-02
+9.3388e-02, +6.0609e-02, -2.3993e-02, -1.4310e-01, -9.1443e-03, -1.5528e-01, -5.5795e-02, +9.1823e-03, +6.4564e-02, -1.1160e-02, -1.8279e-01, +3.7982e-02, -1.8949e-02, -9.0320e-02, -1.1512e-01, -6.6723e-03, +5.9963e-02, +3.2713e-02, -1.4757e-01, -1.4882e-01, -1.6422e-01, -5.2646e-03, +1.5721e-01, -1.9562e-01, +1.3351e-02, -2.8665e-01, -2.7836e-01, -1.2367e-01, -2.5838e-01, -1.1108e-01, -1.0000e+00, +6.6950e-03, -8.2951e-02, -1.2658e-01, +1.7409e-01, +1.1173e-01, +3.0662e-01, -9.0347e-02, -1.3217e-01, -2.9084e-04, -2.0340e-01, +1.8017e-01, -8.0815e-02, -5.4632e-03, -2.2140e-01, -4.2920e-02, -1.7585e-01, +2.5374e-01, +1.2626e-01, -6.0665e-02
+1.0399e-02, +7.7073e-03, -8.1978e-02, +3.3694e-02, -3.0714e-02, +9.0226e-02, -7.8371e-03, +9.1656e-02, -4.1687e-02, -4.9174e-03, +2.7138e-02, -8.7608e-02, +4.5506e-03, +3.1102e-02, -5.8825e-02, -9.5552e-02, -1.4829e-01, +1.0372e-01, +3.1158e-02, -2.1416e-01, +6.8010e-02, -1.6787e-03, -5.6584e-03, -2.9287e-02, +3.1627e-02, +2.4202e-03, +2.5566e-03, +3.5850e-02, +1.6173e-02, -4.3408e-03, +6.6950e-03, -1.0000e+00, -1.2794e-01, +9.0223e-02, -5.0162e-02, +1.6008e-01, -7.0430e-03, +2.8792e-02, +3.3987e-02, -5.4088e-02, -2.1395e-02, +4.6652e-02, -2.4435e-02, +7.5276e-02, +2.6899e-02, +1.9898e-02, +4.9298e-02, +2.0346e-02, -1.8845e-02, -1.0924e-01
+9.5336e-03, -8.2366e-02, +3.9633e-02, +1.0761e-02, +5.9841e-03, -5.1373e-03, +7.1111e-03, +9.1317e-03, -1.1654e-01, +3.6313e-02, -4.5020e-02, -3.5648e-02, +3.9362e-02, -4.5458e-02, +3.5986e-02, +1.3574e-02, +3.5019e-02, +4.5187e-03, -4.4880e-03, -1.7505e-01, -3.0658e-02, -6.7931e-02, -1.9427e-02, +6.8571e-03, -4.0195e-03, -3.6171e-02, -4.2671e-02, -2.5610e-02, -3.8616e-02, +5.1327e-02, -8.2951e-02, -1.2794e-01, -1.0000e+00, +3.9038e-02, -1.2557e-04, +3.4466e-03, +1.0802e-01, -8.1782e-02, +9.4549e-03, -2.7060e-02, -1.8791e-02, +1.1891e-02, -1.1025e-01, -3.7867e-02, -6.5015e-02, -1.9727e-02, -1.2692e-02, +9.9042e-02, -3.2160e-02, -3.2698e-02
+4.0067e-02, +3.1683e-02, +2.4592e-02, +1.2613e-01, -4.7846e-05, +2.5420e-03, +5.9636e-02, -1.4764e-02, +2.4136e-02, -6.7365e-02, +4.0068e-02, -1.3898e-02, +4.7265e-02, +7.1278e-03, -2.9448e-02, -2.7730e-02, +2.2412e-02, +3.2856e-02, -5.4249e-02, +3.5236e-02, +5.9078e-02, -1.5125e-02, +4.9506e-02, +1.4272e-02, -8.1242e-03, -4.1595e-02, -1.5452e-01, +9.2840e-03, -5.0167e-02, -1.9084e-03, -1.2658e-01, +9.0223e-02, +3.9038e-02, -1.0000e+00, +1.0212e-01, -3.5515e-02, +1.1795e-01, -2.9809e-02, +5.4922e-02, +9.3666e-02, -3.1537e-02, -3.2781e-02, +5.1960e-02, -9.1267e-02, -1.1579e-02, -5.6472e-02, +1.7937e-02, +6.8244e-02, -1.6689e-01, +1.3858e-02
-4.3811e-02, +5.8706e-02, -6.6869e-02, -1.0486e-01, -9.1278e-02, +2.6387e-02, +2.6324e-02, -1.0652e-02, +2.5790e-02, +5.0052e-02, +4.0265e-03, -1.1540e-01, -9.1870e-02, +1.7836e-02, +4.4452e-02, -1.0591e-01, +3.5260e-02, +9.6035e-02, +1.3691e-01, +6.2666e-02, -2.0284e-01, +1.4547e-02, +3.5799e-02, -7.1964e-02, -7.6352e-02, +6.4951e-02, +1.6094e-02, +3.6629e-02, +5.3851e-03, +1.7370e-02, +1.7409e-01, -5.0162e-02, -1.2557e-04, +1.0212e-01, -1.0000e+00, +4.0787e-03, -7.5403e-02, +6.0897e-02, -2.4591e-02, +3.1682e-02, +2.3794e-02, -2.3006e-02, -6.4416e-02, +2.8945e-02, -2.2433e-02, -7.7107e-02, -8.6024e-02, -6.8772e-02, -6.3435e-02, +7.2857e-03
+2.9184e-02, -3.9545e-02, +2.9731e-02, -1.9340e-02, +1.3330e-02, -7.4896e-02, +6.9850e-02, -1.2254e-01, +2.1683e-02, +2.8527e-02, -1.1507e-02, -1.1097e-02, -9.2279e-02, -9.8271e-02, +1.2851e-01, +1.0152e-01, +4.4146e-02, +1.9890e-02, -3.6974e-03, +2.0563e-01, +1.7752e-01, -3.0601e-03, -3.4374e-03, -6.6476e-02, +1.0548e-02, -2.5477e-01, -7.7453e-02, +9.9361e-02, +3.5598e-02, -5.4775e-02, +1.1173e-01, +1.6008e-01, +3.4466e-03, -3.5515e-02, +4.0787e-03, -1.0000e+00, +1.0960e-01, +8.4150e-02, -8.6893e-02, -3.1131e-02, -3.8952e-02, +3.7709e-02, -1.1727e-01, -2.3002e-02, +9.6089e-02, +1.0100e-01, -3.8738e-02, -3.3336e-01, -2.4893e-02, +2.0925e-01
-3.8006e-02, +2.2942e-03, -2.0074e-01, +6.8900e-02, -3.0382e-02, +8.1592e-02, -1.0294e-01, +6.0590e-02, +5.4618e-02, +5.0524e-02, +1.2333e-01, -1.7645e-01, -2.3635e-02, +2.8652e-01, +1.9206e-01, +6.4627e-02, -5.7031e-03, -4.9524e-02, +9.3852e-02, +1.5842e-01, +1.4431e-01, -5.9670e-02, -1.4018e-03, +6.2132e-02, -4.3628e-02, +1.5550e-01, +2.1411e-01, +1.1531e-01, +1.8176e-01, +1.6137e-01, +3.0662e-01, -7.0430e-03, +1.0802e-01, +1.1795e-01, -7.5403e-02, +1.0960e-01, -1.0000e+00, +3.5212e-01, +3.0695e-02, +2.3826e-02, +1.0607e-01, +1.5375e-01, +3.0338e-02, +7.8555e-02, +7.2964e-02, -1.1222e-02, +1.2893e-01, +9.7068e-02, +2.0727e-02, -1.5783e-03
+1.8278e-02, -7.9091e-02, +7.3649e-02, -1.0022e-02, +4.9975e-02, -5.8986e-02, +8.6464e-02, -5.3949e-02, +2.2474e-02, +4.3505e-02, -6.4075e-02, +9.9498e-02, +1.9696e-01, -1.4268e-01, -6.3888e-02, +6.3077e-03, -6.1946e-02, -9.2175e-02, -3.8959e-02, -1.3108e-01, -6.1121e-02, -4.0536e-02, -2.2823e-02, -5.4710e-02, -8.1786e-02, +8.5419e-02, -8.1772e-02, +2.1397e-02, -1.0443e-01, -1.9837e-03, -9.0347e-02, +2.8792e-02, -8.1782e-02, -2.9809e-02, +6.0897e-02, +8.4150e-02, +3.5212e-01, -1.0000e+00, +2.1848e-03, +2.5453e-03, -1.6561e-02, -4.4035e-03, -4.5242e-02, -4.3587e-02, -3.6483e-02, +5.3327e-03, -5.8435e-02, +1.4598e-01, -2.3717e-02, +5.2501e-02
-2.5330e-02, +2.2198e-02, -5.7502e-02, -1.2401e-01, +6.2319e-02, -1.2821e-01, -6.7149e-02, -8.3541e-02, +9.0172e-02, +7.8415e-02, -9.6941e-02, -6.9763e-02, +3.2830e-02, -4.8921e-02, -7.3084e-04, -6.5461e-03, +4.5707e-02, +9.3410e-02, -7.9242e-02, -2.5663e-02, -2.4779e-01, +2.4043e-02, +8.6024e-02, -8.2530e-02, -3.8161e-02, -9.4458e-02, -8.0451e-02, -2.1536e-02, -6.9194e-02, -1.1057e-03, -1.3217e-01, +3.3987e-02, +9.4549e-03, +5.4922e-02, -2.4591e-02, -8.6893e-02, +3.0695e-02, +2.1848e-03, -1.0000e+00, -4.9835e-02, -4.7739e-02, -4.4306e-02, +5.5147e-02, -8.0860e-02, -3.8343e-02, -1.7908e-02, -1.3433e-01, -5.5027e-02, +7.9798e-03, -4.5992e-03
+7.5805e-04, -6.3315e-02, +1.9187e-02, -2.6325e-02, -2.7345e-02, -5.5928e-02, +2.2801e-02, -2.3334e-02, -4.4373e-02, +6.4605e-02, -2.4047e-02, -1.5983e-01, +1.2664e-02, -9.4647e-02, -1.3397e-02, +1.1696e-01, +4.8338e-02, -6.3952e-03, -7.5727e-03, -7.6681e-02, -3.5996e-03, +2.7958e-02, +5.0085e-03, -3.5494e-02, -4.0033e-02, +2.9271e-02, -1.4527e-03, -2.6089e-02, -7.9618e-02, -2.0492e-02, -2.9084e-04, -5.4088e-02, -2.7060e-02, +9.3666e-02, +3.1682e-02, -3.1131e-02, +2.3826e-02, +2.5453e-03, -4.9835e-02, -1.0000e+00, +1.3355e-03, +4.3078e-02, +1.4168e-01, +4.8711e-02, +9.6128e-03, -1.5306e-02, +1.0251e-02, +8.9258e-02, +4.3304e-02, +1.0122e-02
+1.8890e-02, +3.9069e-02, -3.3239e-02, -6.7716e-02, -6.8649e-02, -2.8007e-02, -3.2404e-02, -9.3444e-03, +1.2537e-01, +1.1769e-01, -7.5333e-02, +3.3369e-03, -3.8339e-02, -6.2266e-02, +8.9047e-03, -4.7266e-02, +2.2875e-02, +8.6692e-02, -4.9660e-02, -3.4483e-02, -9.9189e-02, +8.5497e-04, +1.8275e-02, -3.9612e-02, -3.2444e-02, -2.3803e-01, -1.0321e-01, -1.4250e-01, -1.3495e-01, -3.7069e-02, -2.0340e-01, -2.1395e-02, -1.8791e-02, -3.1537e-02, +2.3794e-02, -3.8952e-02, +1.0607e-01, -1.6561e-02, -4.7739e-02, +1.3355e-03, -1.0000e+00, +3.9969e-02, -3.1217e-02, -3.2389e-02, -1.0592e-01, +4.4050e-03, -1.6834e-01, -1.0674e-03, +3.4308e-02, -6.4529e-02
+5.9468e-04, -7.3082e-02, +1.7848e-02, -8.1050e-02, +8.7799e-02, -1.1497e-02, +1.1975e-03, +2.5295e-03, -5.0458e-02, +5.8416e-02, +4.5052e-02, +9.3228e-02, -1.7117e-02, +8.0004e-02, -5.9677e-02, +5.9436e-02, +6.8214e-02, -2.0849e-02, +3.0660e-02, +5.8538e-02, +1.4745e-01, -4.4784e-02, +8.7659e-02, +2.4107e-02, -6.7244e-02, -9.2100e-02, +1.0097e-01, -4.0697e-02, -7.2711e-03, -7.1043e-02, +1.8017e-01, +4.6652e-02, +1.1891e-02, -3.2781e-02, -2.3006e-02, +3.7709e-02, +1.5375e-01, -4.4036e-03, -4.4306e-02, +4.3078e-02, +3.9969e-02, -1.0000e+00, +1.6053e-01, +8.2585e-03, +7.0854e-02, +6.8627e-02, +8.3205e-02, -3.1139e-01, +6.8746e-03, +1.1809e-02
+5.1293e-02, +5.8114e-02, +2.1520e-02, -3.8395e-02, +5.5574e-02, +4.0723e-02, +1.0557e-02, -7.4345e-02, +3.1189e-02, +5.5773e-02, -2.6132e-02, -1.0667e-01, -2.7007e-02, -3.8014e-02, -1.1689e-03, -4.3437e-02, -4.5907e-02, +4.9824e-02, +3.9976e-03, +8.4098e-02, -5.8763e-02, +3.5403e-02, +7.5312e-02, +2.3619e-02, +3.7898e-02, +1.3494e-02, +1.8749e-02, +4.4391e-02, -4.2313e-02, -3.3077e-02, -8.0815e-02, -2.4435e-02, -1.1025e-01, +5.1960e-02, -6.4416e-02, -1.1727e-01, +3.0338e-02, -4.5242e-02, +5.5147e-02, +1.4168e-01, -3.1217e-02, +1.6053e-01, -1.0000e+00, +3.4479e-02, -2.1920e-02, -4.0518e-02, -1.2017e-02, -4.8653e-02, -4.6052e-04, +9.3467e-04
+3.6901e-02, +5.7563e-02, +2.4273e-02, -8.8940e-02, -1.8857e-03, -7.8862e-02, -1.8574e-02, -5.0724e-03, +5.3319e-02, +7.1915e-03, -1.9690e-02, +1.1855e-01, +9.8159e-02, -2.2089e-02, -2.9451e-02, +1.2540e-02, -2.5464e-02, +2.8614e-01, +1.8793e-02, -2.0234e-02, -6.0731e-02, +1.8910e-02, -4.1842e-02, -4.4255e-02, +4.1563e-03, -4.9846e-02, -1.2482e-01, -5.6364e-02, -1.1860e-02, -2.1870e-02, -5.4632e-03, +7.5276e-02, -3.7867e-02, -9.1267e-02, +2.8945e-02, -2.3002e-02, +7.8555e-02, -4.3587e-02, -8.0860e-02, +4.8711e-02, -3.2389e-02, +8.2585e-03, +3.4479e-02, -1.0000e+00, -6.7622e-02, -1.0043e-01, -7.6134e-02, +7.8194e-02, -4.6037e-02, +1.2852e-02
-8.9051e-02, +1.6980e-01, -8.8252e-03, -1.4016e-01, +2.3096e-03, -1.3829e-01, -5.6618e-03, -7.1745e-02, -3.8018e-02, -3.0485e-02, -1.6979e-01, +2.0789e-01, +1.7115e-03, -1.5569e-01, -3.4035e-02, +6.8679e-02, +1.0582e-01, +6.6921e-02, -1.1921e-01, -1.7717e-01, -2.1890e-01, -4.9973e-02, +6.8058e-02, +1.3243e-03, -4.8811e-02, -1.7532e-01, -1.3736e-01, -1.2375e-01, -1.9102e-01, -1.0606e-01, -2.2140e-01, +2.6899e-02, -6.5015e-02, -1.1579e-02, -2.2433e-02, +9.6089e-02, +7.2964e-02, -3.6483e-02, -3.8343e-02, +9.6128e-03, -1.0592e-01, +7.0854e-02, -2.1920e-02, -6.7622e-02, -1.0000e+00, -3.7382e-02, -1.7965e-01, +1.7873e-01, -1.2483e-02, -9.1292e-02
+2.5852e-02, +7.2432e-02, -5.0241e-02, -5.0450e-02, -1.7608e-02, -2.7658e-02, -8.1208e-02, +9.8403e-02, +1.2858e-02, +8.2552e-02, +1.0793e-01, -7.0258e-02, +4.6830e-04, -7.1034e-02, +4.3751e-03, +1.2384e-02, -1.8260e-03, +8.8834e-02, -1.2831e-01, +7.0264e-02, -1.7063e-01, +3.1941e-02, -4.2797e-02, -1.0927e-01, -7.5228e-02, +8.2583e-02, -6.5797e-02, -7.8299e-02, -5.6337e-02, +1.6186e-01, -4.2920e-02, +1.9898e-02, -1.9727e-02, -5.6472e-02, -7.7107e-02, +1.0100e-01, -1.1222e-02, +5.3326e-03, -1.7908e-02, -1.5306e-02, +4.4049e-03, +6.8627e-02, -4.0518e-02, -1.0043e-01, -3.7382e-02, -1.0000e+00, -1.4189e-01, -2.5605e-02, +1.7176e-02, -1.1447e-02
-2.4342e-02, +1.3153e-01, -8.3978e-02, -1.9450e-01, -1.4846e-01, -1.8323e-01, -6.0726e-02, -7.4060e-02, +5.2709e-02, +1.1103e-01, -9.7944e-02, +8.7389e-02, +1.1325e-02, -7.3329e-02, +5.6335e-03, +5.8344e-02, -1.6918e-03, +6.7055e-02, -1.0175e-01, -9.1266e-02, -2.6155e-01, -1.0192e-01, +5.0171e-02, -8.6947e-02, -7.1085e-02, -1.4464e-01, -1.6228e-01, -1.7626e-01, -1.7259e-01, -4.7774e-02, -1.7585e-01, +4.9298e-02, -1.2692e-02, +1.7937e-02, -8.6024e-02, -3.8738e-02, +1.2893e-01, -5.8435e-02, -1.3433e-01, +1.0251e-02, -1.6834e-01, +8.3205e-02, -1.2017e-02, -7.6134e-02, -1.7965e-01, -1.4189e-01, -1.0000e+00, +2.4021e-02, +1.3308e-02, +1.2788e-03
+1.0735e-01, +5.3109e-02, +1.7858e-01, -1.5367e-01, +7.5323e-02, -2.5121e-02, +3.4231e-02, +1.2604e-02, +1.1044e-01, -2.8365e-02, +1.2886e-01, -1.4360e-02, -1.7696e-02, +5.5478e-02, +6.8190e-02, -7.1941e-03, -1.3583e-01, +1.8601e-01, +4.5407e-02, +1.8898e-01, +7.4950e-03, +3.4346e-02, -1.2485e-01, +1.8370e-02, +1.8740e-01, +1.6796e-02, +8.7060e-02, +7.8840e-02, +1.2720e-01, -6.0850e-02, +2.5374e-01, +2.0346e-02, +9.9042e-02, +6.8244e-02, -6.8772e-02, -3.3336e-01, +9.7068e-02, +1.4598e-01, -5.5027e-02, +8.9258e-02, -1.0674e-03, -3.1139e-01, -4.8653e-02, +7.8194e-02, +1.7873e-01, -2.5605e-02, +2.4021e-02, -1.0000e+00, -8.5870e-03, +1.2421e-01
+2.4359e-02, -3.1795e-02, -3.2288e-02, +1.5701e-02, -1.0060e-02, -7.0533e-03, +4.5129e-02, -6.7556e-03, +3.1811e-02, -1.3332e-02, +2.8779e-02, -4.5833e-02, +5.5769e-03, -7.2526e-02, -3.3254e-02, +2.3901e-02, -9.2077e-02, +2.5496e-02, -3.9563e-02, -1.7585e-03, -7.2051e-02, -1.8760e-02, -1.3915e-02, +1.3606e-02, -1.0554e-01, +7.6590e-02, +1.3016e-02, +5.2606e-02, +2.6568e-02, -2.4023e-02, +1.2626e-01, -1.8845e-02, -3.2160e-02, -1.6689e-01, -6.3435e-02, -2.4893e-02, +2.0727e-02, -2.3717e-02, +7.9798e-03, +4.3304e-02, +3.4308e-02, +6.8746e-03, -4.6052e-04, -4.6037e-02, -1.2483e-02, +1.7176e-02, +1.3308e-02, -8.5870e-03, -1.0000e+00, -2.6171e-02
-6.2065e-02, +2.9398e-02, -5.2468e-03, -2.2283e-03, +9.6804e-02, -4.1088e-03, +3.4796e-02, +3.4932e-02, +3.9942e-02, +9.2644e-02, +2.3033e-02, +1.0060e-02, -5.7595e-03, -8.5869e-03, +5.3990e-02, -2.9023e-02, -1.0735e-02, +5.6248e-02, -6.3410e-02, -2.6315e-02, -2.7073e-02, -1.2050e-02, -6.5271e-02, -2.2764e-02, +6.8417e-02, +5.3890e-02, -5.6858e-02, -1.1604e-01, +1.5118e-02, +3.8842e-02, -6.0665e-02, -1.0924e-01, -3.2698e-02, +1.3858e-02, +7.2857e-03, +2.0925e-01, -1.5783e-03, +5.2501e-02, -4.5992e-03, +1.0122e-02, -6.4529e-02, +1.1809e-02, +9.3467e-04, +1.2852e-02, -9.1292e-02, -1.1447e-02, +1.2788e-03, +1.2421e-01, -2.6171e-02, -1.0000e+00
