-1.0000e+00, -3.8253e-02, +4.1218e-02, -1.1098e-01, -2.1610e-02, -4.8967e-02, -2.6784e-02, +6.1227e-03, +2.0588e-02, -1.9232e-02, +2.3702e-02, -3.7206e-02, +6.5374e-02, -1.1705e-01, -4.0448e-03, +6.5902e-02, -1.4020e-02, -4.4218e-02, +3.6424e-02, +5.1499e-02, +2.0048e-02, -2.6868e-02, +8.9301e-02, -2.6840e-02, +3.4639e-02, +3.1148e-02, +3.5214e-02, -2.4298e-02, -1.0956e-01, +4.5912e-03, +8.1157e-03, -4.7413e-02, -7.9351e-02, +2.4764e-02, -8.7552e-02, -9.1734e-03, +1.6115e-01, -8.4915e-02, +2.7883e-03, -1.2189e-01, -3.0694e-02, -1.4223e-02, -2.6664e-02, -8.1942e-02, -9.0990e-02, -1.9342e-02, -1.9734e-02, +1.5867e-01, -5.5116e-02, +7.5585e-02
-3.8253e-02, -1.0000e+00, -2.4047e-02, -9.5455e-02, -3.6993e-02, -8.6578e-02, -7.1038e-02, -2.0768e-02, +3.9142e-02, +1.2074e-01, +5.0795e-02, -2.3867e-02, -1.1104e-01, -4.8333e-02, +1.0097e-02, +6.1106e-02, +8.4232e-02, -1.2394e-02, -3.3827e-02, -1.5702e-02, +5.8723e-02, +5.3970e-04, -5.5299e-02, +4.7972e-03, -4.0758e-02, +3.5584e-02, -4.3333e-02, -1.3718e-01, -1.2783e-02, +2.8623e-02, -5.5349e-02, +3.8382e-02, -2.0490e-02, -3.6654e-02, -4.1950e-02, -1.9561e-03, +3.6443e-02, +9.2844e-02, -4.3182e-02, +1.9111e-02, +3.1123e-02, -2.6568e-02, +8.5391e-04, +3.2732e-02, -9.5514e-02, -6.4759e-02, +8.3414e-02, +1.1785e-01, +1.7510e-02, +2.5531e-02
+4.1218e-02, -2.4047e-02, -1.0000e+00, -7.3853e-02, +7.2803e-02, -1.9415e-02, -1.1901e-01, -3.0025e-02, -3.7807e-02, +1.9425e-01, -1.0285e-01, -6.8497e-02, -6.0972e-02, +1.1603e-01, +2.3930e-01, +5.9375e-02, +1.9694e-01, -4.0983e-02, -5.2220e-02, -3.7266e-02, -1.0999e-03, +1.4916e-02, +3.4322e-01, -1.7850e-02, -2.2410e-03, -1.1102e-01, +2.2765e-02, +1.0087e-02, -3.8770e-02, +1.6331e-03, +9.2389e-03, +5.3424e-02, +7.1991e-02, -1.5775e-02, -3.5227e-03, +6.7186e-02, -1.5307e-01, +1.1968e-01, -2.7952e-02, -7.0181e-02, -9.5529e-02, -1.7799e-01, +4.3714e-02, -1.3258e-01, +1.3260e-01, -9.8736e-02, +2.0390e-02, -5.1255e-02, -3.1935e-02, -5.2800e-02
-1.1098e-01, -9.5455e-02, -7.3853e-02, -1.0000e+00, -3.0581e-02, -1.6513e-02, -5.2725e-02, -9.3934e-02, +1.9032e-02, +2.1435e-01, +8.1165e-02, -8.7033e-02, -5.1254e-02, +2.8317e-02, +5.0584e-02, -8.5440e-02, +1.3889e-01, -4.2171e-02, +1.2667e-02, -6.8640e-02, +4.5525e-03, +6.0338e-02, +1.4479e-01, -7.0537e-02, -2.0807e-01, -1.4989e-01, +7.2331e-02, -1.0398e-01, -1.9273e-01, -2.6342e-02, -5.2190e-02, +3.2429e-02, -3.5911e-02, +5.3591e-02, -4.1068e-02, +1.1497e-01, +7.4092e-02, +2.0938e-02, -1.6918e-02, -3.3834e-02, -5.4352e-02, +5.5787e-02, -5.4465e-02, -2.2905e-02, -7.9725e-02, -4.8068e-02, -1.5634e-02, +1.5755e-01, -8.5740e-03, -4.0476e-02
-2.1610e-02, -3.6993e-02, +7.2803e-02, -3.0581e-02, -1.0000e+00, -1.6398e-03, -1.9311e-02, -3.2842e-02, -2.9702e-03, +4.7524e-03, -7.2338e-02, -1.3234e-02, -3.1977e-02, -7.0104e-02, -4.9805e-02, +9.2061e-03, -5.1219e-02, +5.9533e-03, -3.5409e-02, -4.0095e-02, -9.6429e-03, +3.7140e-02, -4.0231e-02, -1.1988e-01, +7.2548e-02, +2.7016e-02, -5.7463e-02, -1.2936e-01, -8.4842e-02, -3.2690e-02, -9.9990e-03, -3.0776e-02, -4.2250e-02, +2.5928e-02, -4.9179e-02, -1.6279e-01, +4.7480e-02, +4.4401e-03, -1.0618e-02, +7.4556e-02, +3.1550e-02, +4.9428e-02, +1.3522e-02, -2.2653e-02, -1.6015e-01, -4.8193e-02, -1.0687e-02, +1.5491e-01, -3.1101e-03, +3.5834e-02
-4.8967e-02, -8.6578e-02, -1.9415e-02, -1.6513e-02, -1.6398e-03, -1.0000e+00, +8.5426e-03, +8.3357e-02, +6.7996e-02, +2.4215e-01, -9.9640e-02, +3.3139e-02, +1.3527e-02, -5.5402e-02, -8.8302e-02, +2.1920e-02, -1.0514e-01, -2.3036e-02, -6.4161e-02, -1.0459e-01, -2.9872e-02, -1.6699e-02, -8.4122e-02, -2.1073e-02, +2.6684e-02, -3.1065e-02, -7.0038e-02, -1.8168e-02, -1.9916e-01, -3.6372e-02, -1.8448e-01, -9.3894e-03, -1.9958e-03, -1.8582e-02, -2.8528e-02, -5.8588e-02, +1.1440e-02, -5.1955e-03, -4.3427e-02, +7.7575e-02, -5.0467e-02, +1.8752e-02, -3.1917e-02, +3.8469e-02, -6.3069e-03, -5.1180e-02, -1.1589e-01, +2.5748e-02, -7.6349e-03, +1.3780e-01
-2.6784e-02, -7.1038e-02, -1.1901e-01, -5.2725e-02, -1.9311e-02, +8.5426e-03, -1.0000e+00, -1.1949e-01, -9.4915e-02, +5.7460e-02, +6.1922e-02, -1.4082e-01, +1.5722e-02, -3.3449e-02, +8.1534e-02, -4.0207e-02, +1.8834e-01, +3.0687e-02, -8.6371e-02, +5.0835e-02, +5.1698e-02, +3.4892e-02, +1.6168e-01, -4.9841e-02, -3.9915e-02, -1.0039e-02, -6.6979e-02, -8.2024e-02, +5.1667e-03, -7.9889e-03, +4.4768e-02, +5.8761e-02, +3.2000e-02, +3.8433e-02, +7.4975e-02, -1.5232e-01, +1.7654e-02, +4.9639e-02, +3.8768e-03, +8.3940e-02, +2.5841e-02, -1.6843e-02, +6.2947e-02, +3.8121e-03, -7.8136e-02, -4.2484e-02, -4.6236e-02, -1.4855e-01, +2.2049e-02, -8.6500e-03
+6.1227e-03, -2.0768e-02, -3.0025e-02, -9.3934e-02, -3.2842e-02, +8.3357e-02, -1.1949e-01, -1.0000e+00, -1.6505e-02, +2.8839e-02, +9.4463e-02, -2.7176e-02, +1.2316e-01, +1.2262e-01, -3.9669e-02, -6.5404e-02, +6.5767e-02, -7.4824e-02, -7.3314e-02, -2.6488e-02, +8.4774e-02, +3.2491e-02, +1.6378e-01, +1.1665e-01, -6.9620e-02, +3.6131e-02, +3.6596e-02, -7.4720e-02, -2.3516e-02, -3.5682e-02, +5.6550e-02, +5.5385e-02, +3.8887e-02, +1.2184e-02, +6.6285e-02, +1.7581e-01, +1.0314e-01, -6.3200e-02, -2.0524e-03, -1.0138e-01, +5.7098e-02, +5.3748e-02, -1.7724e-02, +9.2076e-02, -1.0292e-01, +1.0713e-01, -3.2089e-02, -2.9970e-03, -7.8340e-02, -1.0457e-01
+2.0588e-02, +3.9142e-02, -3.7807e-02, +1.9032e-02, -2.9702e-03, +6.7996e-02, -9.4915e-02, -1.6505e-02, -1.0000e+00, +4.8845e-02, +3.4860e-02, -3.1245e-02, -2.9114e-03, -3.6083e-02, +2.9631e-02, +6.6239e-02, -3.4080e-02, +6.5775e-02, +5.6008e-02, -2.0958e-02, -1.1572e-02, +1.2480e-02, -4.8430e-02, -2.5009e-02, +3.9019e-02, -8.5515e-03, +4.5207e-02, +1.3169e-02, +4.0037e-02, -5.3805e-02, -2.8350e-02, -1.0250e-01, -4.3651e-02, -5.4591e-02, +2.1265e-02, -1.4942e-01, +1.1016e-02, +5.9066e-02, +6.4730e-02, +7.2263e-02, +1.9931e-02, -3.3938e-02, +3.7317e-02, -1.4195e-01, -2.6373e-02, -1.0288e-01, +3.7396e-02, -1.8540e-02, +1.3328e-02, -3.0560e-02
-1.9232e-02, +1.2074e-01, +1.9425e-01, +2.1435e-01, +4.7524e-03, +2.4215e-01, +5.7460e-02, +2.8839e-02, +4.8845e-02, -1.0000e+00, -2.3197e-01, +1.8624e-01, +5.8760e-02, +4.4935e-03, -1.6435e-02, +9.2306e-02, +1.0054e-01, +7.7189e-02, +4.3092e-02, +1.3664e-02, -4.9520e-02, -5.7004e-03, +1.2988e-01, -8.0000e-02, +5.2911e-02, +1.3543e-01, -6.5340e-02, +3.3524e-02, +3.1902e-02, +1.0748e-01, -7.2219e-02, +3.9182e-02, +4.7124e-02, +2.4642e-02, +5.4963e-02, -3.2931e-02, -5.7729e-03, -2.8998e-02, -2.5293e-02, +6.0153e-02, +3.7632e-02, +5.5747e-02, +1.2061e-02, -7.6633e-03, +5.6506e-02, +1.1956e-01, +7.6776e-02, +6.8390e-02, -8.2809e-03, +1.2979e-03
+2.3702e-02, +5.0795e-02, -1.0285e-01, +8.1165e-02, -7.2338e-02, -9.9640e-02, +6.1922e-02, +9.4463e-02, +3.4860e-02, -2.3197e-01, -1.0000e+00, +2.4007e-02, +3.2987e-02, +2.2853e-02, -9.2397e-02, +1.6264e-02, -9.5709e-03, -4.5043e-02, -8.2675e-02, -8.4140e-02, -4.0785e-02, -4.7370e-02, +1.2652e-01, +3.0943e-02, +3.7819e-02, +2.7674e-02, -7.6586e-02, -1.3518e-02, -1.4547e-01, +2.4759e-02, -8.3848e-02, -3.1797e-03, +3.3312e-02, -2.4515e-02, -2.0501e-02, +2.5640e-02, +4.8627e-02, -8.7160e-02, -8.5628e-02, +1.0997e-01, -2.8969e-02, +3.9383e-03, +3.7618e-02, +1.3768e-02, +1.1396e-02, +3.5122e-02, -2.8866e-02, +1.4091e-01, +4.9230e-03, +6.9342e-02
-3.7206e-02, -2.3867e-02, -6.8497e-02, -8.7033e-02, -1.3234e-02, +3.3139e-02, -1.4082e-01, -2.7176e-02, -3.1245e-02, +1.8624e-01, +2.4007e-02, -1.0000e+00, -1.7504e-03, -2.7520e-02, +7.0549e-02, -8.1508e-04, +1.6709e-01, -6.0061e-02, -8.4576e-02, +5.3432e-02, +7.7661e-02, +8.2577e-02, +1.1354e-01, -3.2783e-03, -1.2846e-01, +1.0473e-03, +6.4510e-02, +2.1212e-02, -6.4781e-03, -2.6729e-02, +1.6632e-02, -1.5488e-02, -3.0262e-02, -2.1715e-02, -8.1692e-02, -7.8413e-02, +2.3723e-02, +3.8333e-02, -3.1001e-02, -4.2242e-02, -8.4290e-03, -4.0811e-02, +9.3771e-03, +5.8882e-03, -1.8921e-02, -2.3790e-02, +4.4238e-02, -4.3740e-02, -4.7760e-03, -1.1265e-01
+6.5374e-02, -1.1104e-01, -6.0972e-02, -5.1254e-02, -3.1977e-02, +1.3527e-02, +1.5722e-02, +1.2316e-01, -2.9114e-03, +5.8760e-02, +3.2987e-02, -1.7504e-03, -1.0000e+00, -1.1487e-02, -9.1252e-03, +3.0417e-02, +6.3841e-02, -4.9420e-02, -3.3214e-02, +4.3157e-02, +2.3294e-02, +3.1326e-02, +6.9784e-02, +9.9528e-03, +7.4493e-03, -1.0662e-02, -3.7492e-02, -4.3415e-02, -2.7809e-02, -8.3225e-03, -3.8798e-02, +1.3703e-02, +1.5604e-02, -9.6064e-03, -2.4431e-02, +5.1860e-02, +6.5678e-02, -1.0727e-02, -1.4149e-02, +1.5829e-02, -3.8483e-02, -9.4334e-02, +3.5712e-02, -1.8878e-02, -8.3840e-02, +2.1883e-02, -7.3004e-02, +5.3901e-02, +4.2579e-03, -1.3404e-02
-1.1705e-01, -4.8333e-02, +1.1603e-01, +2.8317e-02, -7.0104e-02, -5.5402e-02, -3.3449e-02, +1.2262e-01, -3.6083e-02, +4.4935e-03, +2.2853e-02, -2.7520e-02, -1.1487e-02, -1.0000e+00, +9.2257e-03, +1.1601e-03, +1.1042e-01, +8.6381e-03, -9.1328e-02, -3.6645e-02, -9.3771e-03, +3.1870e-02, +2.4119e-02, -1.8741e-01, -2.0298e-03, -4.1416e-02, -1.2951e-01, -6.3974e-02, +2.2734e-02, -5.7552e-02, +2.4801e-02, -1.0927e-01, -3.8348e-02, -7.7211e-03, -9.2154e-02, -3.4329e-01, +1.3377e-01, +5.1154e-02, +1.7167e-02, +1.1734e-01, +1.0903e-01, -2.2348e-02, +6.5383e-04, +1.0501e-02, -7.7549e-02, -5.3713e-02, +1.9312e-02, -6.3939e-03, -8.1456e-03, +3.3456e-02
-4.0448e-03, +1.0097e-02, +2.3930e-01, +5.0584e-02, -4.9805e-02, -8.8302e-02, +8.1534e-02, -3.9669e-02, +2.9631e-02, -1.6435e-02, -9.2397e-02, +7.0549e-02, -9.1252e-03, +9.2257e-03, -1.0000e+00, -4.8051e-02, -1.7368e-01, -2.0090e-02, +1.4576e-03, -9.8834e-02, -5.3962e-02, +2.9809e-03, -1.6105e-01, +7.3671e-02, +1.2426e-02, +6.2599e-02, -4.7687e-02, -5.9406e-02, -1.6611e-01, -6.7986e-02, -1.4614e-01, +2.1805e-02, +1.3201e-02, +1.1997e-02, +8.5186e-03, +1.7216e-01, +7.1695e-02, -7.6128e-02, -7.0599e-03, +4.5531e-02, +3.2059e-03, +5.6286e-02, -1.8268e-02, +2.3524e-02, -1.2593e-01, +3.4636e-02, -4.3425e-03, +2.6900e-01, +2.6969e-03, +3.5748e-02
+6.5902e-02, +6.1106e-02, +5.9375e-02, -8.5439e-02, +9.2061e-03, +2.1920e-02, -4.0207e-02, -6.5404e-02, +6.6239e-02, +9.2306e-02, +1.6264e-02, -8.1507e-04, +3.0417e-02, +1.1601e-03, -4.8051e-02, -1.0000e+00, +7.4904e-02, -4.5418e-02, -8.8879e-03, -5.7274e-02, -1.7296e-02, +4.8944e-02, -1.5605e-02, +1.1275e-02, -4.9794e-02, -1.2895e-02, +2.5786e-02, +2.9391e-03, +1.6821e-02, -4.5696e-03, +6.2456e-02, +4.3578e-02, +2.2380e-02, +3.2961e-02, +3.4694e-02, +1.6521e-01, -2.2683e-02, -4.1505e-02, +6.4228e-02, +2.6949e-01, +3.2410e-02, +2.4790e-02, -2.2528e-02, +7.1118e-02, -1.0709e-01, +1.3858e-01, -7.6094e-02, +1.3569e-01, +8.5703e-02, +6.8297e-02
-1.4020e-02, +8.4232e-02, +1.9694e-01, +1.3889e-01, -5.1219e-02, -1.0514e-01, +1.8834e-01, +6.5767e-02, -3.4080e-02, +1.0054e-01, -9.5709e-03, +1.6709e-01, +6.3841e-02, +1.1042e-01, -1.7368e-01, +7.4904e-02, -1.0000e+00, +2.9331e-03, +1.8252e-01, -6.1640e-02, -1.3383e-01, -5.1318e-02, +1.0258e-01, +1.2115e-01, +4.3853e-02, +4.1111e-03, +5.1810e-02, +6.0480e-02, +4.8090e-02, +1.0436e-02, +2.9510e-02, -8.9679e-02, -6.1935e-02, -2.1618e-02, +8.4424e-02, -3.1393e-02, +1.3937e-02, -1.2831e-01, +3.4640e-02, +4.5727e-02, -1.7356e-02, -1.2382e-02, -6.2808e-02, -4.5905e-03, +6.1364e-02, +2.8476e-02, +2.3717e-02, +2.6076e-02, -1.0902e-03, +7.6274e-03
-4.4218e-02, -1.2394e-02, -4.0983e-02, -4.2171e-02, +5.9533e-03, -2.3036e-02, +3.0687e-02, -7.4823e-02, +6.5775e-02, +7.7189e-02, -4.5043e-02, -6.0061e-02, -4.9420e-02, +8.6381e-03, -2.0090e-02, -4.5418e-02, +2.9331e-03, -1.0000e+00, -1.1077e-01, -4.5950e-02, +5.9118e-02, -3.1541e-02, +1.2897e-01, +8.9581e-02, +1.4271e-02, -5.3234e-02, +1.2617e-01, -5.4743e-02, -6.0963e-02, -1.8895e-02, +4.8892e-02, +8.0302e-02, +6.4725e-03, +1.9561e-02, -9.2876e-02, +9.5039e-02, +2.8581e-02, -4.3844e-02, +5.2978e-02, -7.2629e-02, +1.6266e-02, +8.0978e-03, -1.2890e-03, +5.9043e-02, -5.7366e-02, +1.5908e-02, -7.1660e-02, +1.0981e-01, +4.3476e-02, +7.5509e-02
+3.6424e-02, -3.3827e-02, -5.2220e-02, +1.2667e-02, -3.5409e-02, -6.4161e-02, -8.6371e-02, -7.3314e-02, +5.6008e-02, +4.3092e-02, -8.2675e-02, -8.4576e-02, -3.3214e-02, -9.1328e-02, +1.4576e-03, -8.8879e-03, +1.8252e-01, -1.1077e-01, -1.0000e+00, -5.8169e-02, +1.0377e-01, +1.6360e-03, +1.6402e-01, -7.5709e-02, +4.3514e-02, +2.5487e-02, -5.4443e-02, -3.8884e-02, -1.1741e-01, -4.9259e-02, -7.3153e-02, +5.7910e-02, +6.0114e-02, +4.9188e-02, -3.1219e-03, -2.6011e-03, +6.6397e-02, +4.4866e-02, -4.6032e-02, +5.2116e-02, -1.7050e-02, +3.8823e-02, +2.3527e-02, +1.4967e-02, -6.9793e-02, -3.7673e-02, -1.6933e-02, +1.1422e-02, +1.1528e-02, +4.0811e-02
+5.1499e-02, -1.5702e-02, -3.7266e-02, -6.8640e-02, -4.0095e-02, -1.0459e-01, +5.0835e-02, -2.6488e-02, -2.0958e-02, +1.3664e-02, -8.4140e-02, +5.3432e-02, +4.3157e-02, -3.6645e-02, -9.8834e-02, -5.7274e-02, -6.1640e-02, -4.5950e-02, -5.8169e-02, -1.0000e+00, -3.3611e-02, -4.4299e-02, -3.9253e-02, -2.2616e-02, -1.2720e-02, +2.2600e-02, -9.1052e-02, -2.0216e-02, -1.3543e-01, -5.4134e-02, -8.0971e-02, +4.8982e-02, -8.6483e-02, -2.7984e-02, +2.3496e-02, +1.2066e-01, +6.4832e-02, -1.5543e-01, -1.0890e-02, +7.6531e-02, -6.4675e-02, +8.2015e-02, +1.2442e-02, -5.4606e-02, -1.1741e-02, -1.7901e-02, -5.2189e-02, +1.0617e-01, +1.7505e-02, +4.7421e-02
+2.0048e-02, +5.8723e-02, -1.0999e-03, +4.5525e-03, -9.6429e-03, -2.9872e-02, +5.1698e-02, +8.4774e-02, -1.1572e-02, -4.9520e-02, -4.0785e-02, +7.7661e-02, +2.3294e-02, -9.3771e-03, -5.3962e-02, -1.7296e-02, -1.3383e-01, +5.9118e-02, +1.0377e-01, -3.3611e-02, -1.0000e+00, -5.2080e-02, -6.8343e-02, +1.0843e-03, -4.5616e-02, +4.5453e-04, -8.7959e-02, -5.4851e-03, -1.6052e-02, +3.3766e-02, +4.5171e-02, +3.5320e-02, +3.3253e-02, +5.6296e-02, +3.9011e-02, -3.7020e-02, +2.7559e-02, -6.3423e-02, -3.2201e-02, +9.3913e-02, +1.0758e-02, -7.6229e-02, -4.1360e-02, -1.4134e-01, +5.3184e-02, -2.3086e-02, +3.9207e-02, -3.1775e-02, -3.9713e-02, +6.8285e-03
-2.6868e-02, +5.3969e-04, +1.4916e-02, +6.0338e-02, +3.7140e-02, -1.6699e-02, +3.4892e-02, +3.2491e-02, +1.2480e-02, -5.7004e-03, -4.7370e-02, +8.2577e-02, +3.1326e-02, +3.1870e-02, +2.9809e-03, +4.8944e-02, -5.1318e-02, -3.1541e-02, +1.6360e-03, -4.4299e-02, -5.2080e-02, -1.0000e+00, -1.3504e-03, +7.3618e-02, +1.3689e-01, +2.8294e-02, +4.5760e-02, +7.3540e-02, -2.9950e-02, -5.5930e-02, +4.3317e-02, -1.4210e-01, +1.5833e-02, +5.4968e-03, +2.1817e-02, -2.6050e-02, +8.7444e-02, +4.7784e-02, +3.9356e-02, +1.3873e-01, +5.4410e-02, +3.4736e-02, +4.5786e-02, +3.8647e-02, +1.0624e-01, +3.8942e-03, -7.2124e-02, +9.0178e-02, -1.5659e-02, +2.9997e-01
+8.9301e-02, -5.5299e-02, +3.4322e-01, +1.4479e-01, -4.0231e-02, -8.4122e-02, +1.6168e-01, +1.6378e-01, -4.8430e-02, +1.2988e-01, +1.2652e-01, +1.1354e-01, +6.9784e-02, +2.4119e-02, -1.6105e-01, -1.5605e-02, +1.0258e-01, +1.2897e-01, +1.6402e-01, -3.9253e-02, -6.8343e-02, -1.3504e-03, -1.0000e+00, -2.8000e-03, +3.5164e-02, +1.1164e-01, -6.5368e-02, +7.0900e-02, +1.8385e-01, -1.0344e-02, -2.5490e-02, -1.5299e-01, -6.5161e-02, +6.7544e-03, -8.1345e-03, -8.6750e-03, -1.1390e-01, -1.1618e-01, -4.2331e-02, +7.6668e-03, +2.6692e-03, +4.7854e-03, +5.6788e-03, +5.8197e-02, +1.0954e-01, -9.6032e-03, +5.8987e-02, -1.2407e-01, -2.3693e-02, +4.6200e-02
-2.6840e-02, +4.7972e-03, -1.7850e-02, -7.0537e-02, -1.1988e-01, -2.1073e-02, -4.9841e-02, +1.1665e-01, -2.5009e-02, -8.0000e-02, +3.0943e-02, -3.2783e-03, +9.9528e-03, -1.8741e-01, +7.3671e-02, +1.1275e-02, +1.2115e-01, +8.9581e-02, -7.5709e-02, -2.2616e-02, +1.0843e-03, +7.3618e-02, -2.8000e-03, -1.0000e+00, -5.4852e-02, -1.7175e-02, -1.1892e-01, +4.3285e-02, -8.2746e-02, +1.0883e-02, -7.3190e-02, -6.0386e-02, +1.1760e-02, -1.6780e-02, -6.9529e-02, -2.0502e-01, +5.9075e-02, -1.4242e-02, +6.5282e-04, +7.8198e-02, -3.7307e-02, -1.7556e-02, -5.2261e-02, -3.5728e-02, +4.3371e-02, +2.7699e-02, -8.4094e-03, -4.1471e-02, +3.5817e-03, +3.8251e-02
+3.4639e-02, -4.0758e-02, -2.2410e-03, -2.0807e-01, +7.2548e-02, +2.6684e-02, -3.9915e-02, -6.9620e-02, +3.9019e-02, +5.2911e-02, +3.7819e-02, -1.2846e-01, +7.4493e-03, -2.0298e-03, +1.2426e-02, -4.9794e-02, +4.3853e-02, +1.4271e-02, +4.3514e-02, -1.2720e-02, -4.5616e-02, +1.3689e-01, +3.5164e-02, -5.4852e-02, -1.0000e+00, -1.8222e-02, -1.5621e-02, -6.2877e-02, -3.1650e-02, +6.7038e-02, +6.5282e-02, +4.9918e-02, -3.4904e-02, +2.4885e-03, -2.1888e-02, +5.4351e-02, +3.6121e-02, -9.9078e-02, +5.1947e-03, -4.8325e-02, +4.0742e-03, +5.7456e-02, -5.5282e-02, -7.1270e-02, -3.0298e-02, +6.1344e-02, +7.7498e-02, +1.1663e-01, +7.1426e-02, -9.2704e-02
+3.1148e-02, +3.5584e-02, -1.1102e-01, -1.4989e-01, +2.7016e-02, -3.1065e-02, -1.0039e-02, +3.6131e-02, -8.5515e-03, +1.3543e-01, +2.7674e-02, +1.0473e-03, -1.0662e-02, -4.1416e-02, +6.2599e-02, -1.2895e-02, +4.1111e-03, -5.3234e-02, +2.5487e-02, +2.2600e-02, +4.5454e-04, +2.8294e-02, +1.1164e-01, -1.7175e-02, -1.8222e-02, -1.0000e+00, -6.5181e-02, -2.4162e-02, -2.2970e-02, -9.0169e-02, +1.0075e-01, +6.8798e-03, +3.2885e-02, -1.3056e-02, -1.9691e-02, -1.6892e-01, +5.7554e-03, +9.8451e-02, +6.0240e-02, +1.0054e-01, -1.7621e-02, -4.2320e-02, +3.5631e-03, +1.0138e-01, -7.9593e-03, -6.9506e-02, +5.8948e-02, -1.5299e-01, -5.8436e-02, -2.0665e-02
+3.5214e-02, -4.3333e-02, +2.2765e-02, +7.2331e-02, -5.7463e-02, -7.0038e-02, -6.6979e-02, +3.6596e-02, +4.5207e-02, -6.5340e-02, -7.6586e-02, +6.4510e-02, -3.7492e-02, -1.2951e-01, -4.7687e-02, +2.5786e-02, +5.1810e-02, +1.2617e-01, -5.4443e-02, -9.1052e-02, -8.7959e-02, +4.5760e-02, -6.5368e-02, -1.1892e-01, -1.5621e-02, -6.5181e-02, -1.0000e+00, -6.2424e-02, -1.2060e-01, -2.5826e-02, -3.0835e-02, -2.7826e-02, +3.3706e-02, -7.5350e-02, +2.0106e-02, -2.2102e-01, +7.6810e-02, -3.2485e-02, -7.5832e-02, +2.0855e-01, -9.4012e-04, -1.6553e-02, -1.8092e-02, +4.5351e-03, -5.2665e-03, -9.0443e-02, -6.1521e-02, -4.6984e-02, -3.5844e-02, +3.3000e-02
-2.4298e-02, -1.3718e-01, +1.0087e-02, -1.0398e-01, -1.2936e-01, -1.8168e-02, -8.2024e-02, -7.4720e-02, +1.3168e-02, +3.3524e-02, -1.3518e-02, +2.1212e-02, -4.3415e-02, -6.3974e-02, -5.9406e-02, +2.9391e-03, +6.0480e-02, -5.4743e-02, -3.8884e-02, -2.0216e-02, -5.4851e-03, +7.3540e-02, +7.0900e-02, +4.3285e-02, -6.2877e-02, -2.4162e-02, -6.2424e-02, -1.0000e+00, -1.1714e-01, +4.8855e-02, -2.1920e-02, +7.5244e-02, +1.5357e-02, -1.8313e-02, +1.9211e-02, +1.0599e-01, +3.2284e-02, +5.7233e-02, -8.9983e-03, +3.1847e-02, +9.3420e-02, +2.8418e-02, +1.1094e-03, +1.2435e-02, -7.8995e-02, -6.3406e-02, -2.8117e-04, +1.1136e-01, +1.5453e-02, -1.0441e-01
-1.0956e-01, -1.2783e-02, -3.8770e-02, -1.9273e-01, -8.4842e-02, -1.9916e-01, +5.1667e-03, -2.3516e-02, +4.0037e-02, +3.1902e-02, -1.4547e-01, -6.4781e-03, -2.7809e-02, +2.2734e-02, -1.6611e-01, +1.6821e-02, +4.8090e-02, -6.0963e-02, -1.1741e-01, -1.3543e-01, -1.6052e-02, -2.9950e-02, +1.8385e-01, -8.2746e-02, -3.1650e-02, -2.2970e-02, -1.2060e-01, -1.1714e-01, -1.0000e+00, -9.5536e-02, -1.3731e-01, +8.0430e-02, -1.3090e-02, -2.5266e-02, -1.0255e-02, +9.3245e-02, +1.8411e-01, -4.4086e-02, -7.3436e-03, -1.9546e-02, -5.6513e-02, +2.7594e-02, +6.8191e-03, -5.3695e-02, -6.3431e-02, -2.3103e-02, -3.9549e-02, +2.7634e-01, -1.3890e-04, +5.2639e-02
+4.5912e-03, +2.8623e-02, +1.6331e-03, -2.6342e-02, -3.2690e-02, -3.6372e-02, -7.9889e-03, -3.5682e-02, -5.3805e-02, +1.0748e-01, +2.4759e-02, -2.6729e-02, -8.3225e-03, -5.7552e-02, -6.7986e-02, -4.5696e-03, +1.0436e-02, -1.8895e-02, -4.9259e-02, -5.4134e-02, +3.3766e-02, -5.5930e-02, -1.0344e-02, +1.0883e-02, +6.7038e-02, -9.0169e-02, -2.5826e-02, +4.8855e-02, -9.5536e-02, -1.0000e+00, -5.0619e-02, -1.6643e-02, -6.9150e-02, +3.2931e-02, +2.9040e-02, -5.7374e-02, +3.5912e-02, +5.9959e-02, +1.0934e-02, +2.1840e-02, -2.2658e-03, -1.5889e-02, +2.1832e-02, -2.6923e-02, -1.1522e-02, +8.7750e-02, -6.0883e-03, +5.0869e-02, +1.6223e-03, +2.0458e-02
+8.1157e-03, -5.5349e-02, +9.2389e-03, -5.2190e-02, -9.9990e-03, -1.8448e-01, +4.4768e-02, +5.6550e-02, -2.8350e-02, -7.2219e-02, -8.3848e-02, +1.6632e-02, -3.8798e-02, +2.4801e-02, -1.4614e-01, +6.2457e-02, +2.9510e-02, +4.8892e-02, -7.3153e-02, -8.0971e-02, +4.5171e-02, +4.3317e-02, -2.5490e-02, -7.3190e-02, +6.5282e-02, +1.0075e-01, -3.0835e-02, -2.1920e-02, -1.3731e-01, -5.0619e-02, -1.0000e+00, +1.1926e-01, +1.2648e-03, +6.0049e-03, +1.3625e-03, +1.1433e-01, +1.9782e-02, -1.2423e-02, -3.0796e-02, +1.5244e-02, -1.6547e-01, +6.6665e-02, -2.9524e-03, -7.9383e-02, -8.5425e-02, -2.4396e-02, -5.1464e-02, +2.7762e-01, -3.5289e-02, +4.6235e-02
-4.7413e-02, +3.8382e-02, +5.3424e-02, +3.2429e-02, -3.0776e-02, -9.3894e-03, +5.8761e-02, +5.5385e-02, -1.0250e-01, +3.9182e-02, -3.1797e-03, -1.5488e-02, +1.3703e-02, -1.0927e-01, +2.1805e-02, +4.3578e-02, -8.9679e-02, +8.0302e-02, +5.7910e-02, +4.8982e-02, +3.5320e-02, -1.4210e-01, -1.5299e-01, -6.0386e-02, +4.9918e-02, +6.8798e-03, -2.7826e-02, +7.5244e-02, +8.0430e-02, -1.6643e-02, +1.1926e-01, -1.0000e+00, -6.6502e-02, -2.8767e-02, +1.6246e-02, -2.5619e-01, +5.4142e-02, -5.8923e-02, -4.9274e-03, +3.8630e-02, +4.1041e-02, -9.7468e-03, +4.0469e-02, +2.6755e-02, +3.9782e-02, +1.0476e-03, +1.1293e-01, -1.3213e-01, +2.1272e-02, +1.7513e-01
-7.9351e-02, -2.0490e-02, +7.1991e-02, -3.5911e-02, -4.2250e-02, -1.9958e-03, +3.2000e-02, +3.8887e-02, -4.3651e-02, +4.7124e-02, +3.3312e-02, -3.0262e-02, +1.5604e-02, -3.8348e-02, +1.3201e-02, +2.2380e-02, -6.1935e-02, +6.4725e-03, +6.0114e-02, -8.6483e-02, +3.3253e-02, +1.5833e-02, -6.5161e-02, +1.1760e-02, -3.4904e-02, +3.2885e-02, +3.3706e-02, +1.5357e-02, -1.3090e-02, -6.9150e-02, +1.2648e-03, -6.6502e-02, -1.0000e+00, -1.4762e-02, -6.0880e-02, -8.1119e-02, -7.2755e-03, +4.4286e-02, -6.8094e-02, -7.0374e-02, +5.5136e-02, +4.9422e-02, -1.7208e-02, +2.7809e-02, -1.3723e-02, +2.7013e-02, +2.9338e-02, -2.7396e-03, +5.0352e-02, -1.1064e-03
+2.4764e-02, -3.6654e-02, -1.5775e-02, +5.3591e-02, +2.5928e-02, -1.8582e-02, +3.8433e-02, +1.2184e-02, -5.4591e-02, +2.4642e-02, -2.4515e-02, -2.1715e-02, -9.6063e-03, -7.7211e-03, +1.1997e-02, +3.2961e-02, -2.1618e-02, +1.9561e-02, +4.9188e-02, -2.7984e-02, +5.6296e-02, +5.4968e-03, +6.7544e-03, -1.6780e-02, +2.4885e-03, -1.3056e-02, -7.5350e-02, -1.8313e-02, -2.5266e-02, +3.2931e-02, +6.0049e-03, -2.8767e-02, -1.4762e-02, -1.0000e+00, +1.9830e-02, -3.0576e-02, +4.4297e-02, +4.9679e-02, +5.3089e-03, +4.2019e-03, -5.5952e-02, +4.3245e-02, -3.6276e-03, +2.9918e-02, +1.4492e-02, -3.9851e-02, +5.6401e-03, -1.7476e-02, +3.2615e-02, -1.5017e-02
-8.7552e-02, -4.1950e-02, -3.5227e-03, -4.1068e-02, -4.9179e-02, -2.8528e-02, +7.4975e-02, +6.6285e-02, +2.1265e-02, +5.4963e-02, -2.0501e-02, -8.1692e-02, -2.4431e-02, -9.2154e-02, +8.5186e-03, +3.4694e-02, +8.4424e-02, -9.2876e-02, -3.1219e-03, +2.3496e-02, +3.9011e-02, +2.1817e-02, -8.1345e-03, -6.9529e-02, -2.1888e-02, -1.9691e-02, +2.0106e-02, +1.9211e-02, -1.0255e-02, +2.9040e-02, +1.3625e-03, +1.6246e-02, -6.0880e-02, +1.9830e-02, -1.0000e+00, +5.9970e-03, -3.3998e-02, +3.5677e-02, -1.8922e-02, -6.4198e-02, +2.2732e-02, -3.9630e-02, +1.5385e-02, +6.4298e-03, -1.4909e-02, -4.7455e-02, +3.8072e-02, +1.0906e-01, -7.3455e-03, -5.7634e-02
-9.1734e-03, -1.9561e-03, +6.7186e-02, +1.1497e-01, -1.6279e-01, -5.8588e-02, -1.5232e-01, +1.7581e-01, -1.4942e-01, -3.2931e-02, +2.5640e-02, -7.8413e-02, +5.1860e-02, -3.4329e-01, +1.7216e-01, +1.6521e-01, -3.1393e-02, +9.5039e-02, -2.6011e-03, +1.2066e-01, -3.7020e-02, -2.6050e-02, -8.6750e-03, -2.0502e-01, +5.4351e-02, -1.6892e-01, -2.2102e-01, +1.0599e-01, +9.3245e-02, -5.7374e-02, +1.1433e-01, -2.5619e-01, -8.1119e-02, -3.0576e-02, +5.9970e-03, -1.0000e+00, +5.4558e-02, +8.9474e-02, -2.6127e-02, +2.9658e-01, +1.1828e-01, -2.0744e-02, +3.5810e-02, -4.8111e-02, -4.1527e-02, -1.9923e-01, +1.0133e-01, -4.4632e-01, +1.0599e-02, +1.8791e-01
+1.6115e-01, +3.6443e-02, -1.5307e-01, +7.4092e-02, +4.7480e-02, +1.1440e-02, +1.7654e-02, +1.0314e-01, +1.1016e-02, -5.7729e-03, +4.8626e-02, +2.3723e-02, +6.5678e-02, +1.3377e-01, +7.1695e-02, -2.2683e-02, +1.3937e-02, +2.8581e-02, +6.6397e-02, +6.4832e-02, +2.7559e-02, +8.7444e-02, -1.1390e-01, +5.9075e-02, +3.6121e-02, +5.7554e-03, +7.6810e-02, +3.2284e-02, +1.8411e-01, +3.5912e-02, +1.9782e-02, +5.4142e-02, -7.2755e-03, +4.4297e-02, -3.3998e-02, +5.4558e-02, -1.0000e+00, +1.4924e-01, -2.3770e-02, +3.4663e-02, +1.3534e-01, -1.8268e-02, +8.3846e-03, +9.6294e-02, +1.6082e-01, -1.5347e-02, +2.5257e-02, -8.6615e-02, +8.6197e-03, -8.6393e-02
-8.4915e-02, +9.2844e-02, +1.1968e-01, +2.0938e-02, +4.4401e-03, -5.1955e-03, +4.9639e-02, -6.3200e-02, +5.9066e-02, -2.8998e-02, -8.7160e-02, +3.8333e-02, -1.0727e-02, +5.1154e-02, -7.6128e-02, -4.1505e-02, -1.2831e-01, -4.3844e-02, +4.4866e-02, -1.5543e-01, -6.3423e-02, +4.7784e-02, -1.1618e-01, -1.4242e-02, -9.9078e-02, +9.8451e-02, -3.2485e-02, +5.7233e-02, -4.4086e-02, +5.9959e-02, -1.2423e-02, -5.8923e-02, +4.4286e-02, +4.9679e-02, +3.5677e-02, +8.9474e-02, +1.4924e-01, -1.0000e+00, -3.8486e-03, -3.7170e-02, -9.4924e-02, -6.4987e-03, +2.5947e-02, -6.0709e-02, -2.7218e-02, +5.3063e-02, -1.8452e-02, +1.0751e-01, +2.6247e-02, -2.5948e-02
+2.7883e-03, -4.3182e-02, -2.7952e-02, -1.6918e-02, -1.0618e-02, -4.3427e-02, +3.8768e-03, -2.0524e-03, +6.4730e-02, -2.5293e-02, -8.5628e-02, -3.1001e-02, -1.4149e-02, +1.7167e-02, -7.0599e-03, +6.4228e-02, +3.4640e-02, +5.2978e-02, -4.6032e-02, -1.0890e-02, -3.2201e-02, +3.9356e-02, -4.2331e-02, +6.5283e-04, +5.1947e-03, +6.0240e-02, -7.5832e-02, -8.9983e-03, -7.3436e-03, +1.0934e-02, -3.0796e-02, -4.9274e-03, -6.8094e-02, +5.3089e-03, -1.8922e-02, -2.6127e-02, -2.3770e-02, -3.8486e-03, -1.0000e+00, -4.0588e-02, +1.2862e-02, -6.7241e-02, -7.9507e-03, -7.0958e-02, +3.8600e-02, +4.6600e-02, -2.6029e-02, +7.0920e-02, +5.1507e-02, +3.6959e-02
-1.2189e-01, +1.9111e-02, -7.0181e-02, -3.3834e-02, +7.4556e-02, +7.7575e-02, +8.3940e-02, -1.0138e-01, +7.2263e-02, +6.0153e-02, +1.0997e-01, -4.2242e-02, +1.5829e-02, +1.1734e-01, +4.5531e-02, +2.6949e-01, +4.5727e-02, -7.2629e-02, +5.2116e-02, +7.6531e-02, +9.3914e-02, +1.3873e-01, +7.6668e-03, +7.8198e-02, -4.8325e-02, +1.0054e-01, +2.0855e-01, +3.1847e-02, -1.9546e-02, +2.1840e-02, +1.5244e-02, +3.8630e-02, -7.0375e-02, +4.2019e-03, -6.4198e-02, +2.9658e-01, +3.4663e-02, -3.7170e-02, -4.0588e-02, -1.0000e+00, -4.8447e-02, +4.0640e-02, +3.7394e-02, -5.1222e-02, +1.4048e-01, +7.7906e-02, +7.2416e-02, +1.2344e-01, +3.3180e-02, +4.1697e-02
-3.0694e-02, +3.1123e-02, -9.5529e-02, -5.4352e-02, +3.1550e-02, -5.0467e-02, +2.5841e-02, +5.7098e-02, +1.9931e-02, +3.7632e-02, -2.8969e-02, -8.4290e-03, -3.8483e-02, +1.0903e-01, +3.2059e-03, +3.2410e-02, -1.7356e-02, +1.6266e-02, -1.7050e-02, -6.4675e-02, +1.0758e-02, +5.4410e-02, +2.6692e-03, -3.7307e-02, +4.0742e-03, -1.7621e-02, -9.4011e-04, +9.3420e-02, -5.6513e-02, -2.2658e-03, -1.6547e-01, +4.1041e-02, +5.5136e-02, -5.5952e-02, +2.2732e-02, +1.1828e-01, +1.3534e-01, -9.4924e-02, +1.2862e-02, -4.8447e-02, -1.0000e+00, +2.3488e-02, +2.2970e-03, -7.6987e-02, +4.2925e-02, -2.2826e-04, -2.0598e-02, -3.0092e-02, +9.8071e-03, +4.1815e-02
-1.4223e-02, -2.6568e-02, -1.7799e-01, +5.5787e-02, +4.9428e-02, +1.8752e-02, -1.6843e-02, +5.3748e-02, -3.3938e-02, +5.5747e-02, +3.9383e-03, -4.0811e-02, -9.4334e-02, -2.2348e-02, +5.6286e-02, +2.4790e-02, -1.2382e-02, +8.0978e-03, +3.8823e-02, +8.2015e-02, -7.6229e-02, +3.4736e-02, +4.7854e-03, -1.7556e-02, +5.7456e-02, -4.2320e-02, -1.6553e-02, +2.8418e-02, +2.7594e-02, -1.5889e-02, +6.6665e-02, -9.7468e-03, +4.9422e-02, +4.3245e-02, -3.9630e-02, -2.0744e-02, -1.8268e-02, -6.4987e-03, -6.7241e-02, +4.0640e-02, +2.3488e-02, -1.0000e+00, +3.9363e-02, -1.3776e-02, +4.1951e-02, -2.0640e-02, +5.6928e-04, -4.6681e-02, +3.7962e-02, -2.3153e-02
-2.6664e-02, +8.5391e-04, +4.3714e-02, -5.4465e-02, +1.3522e-02, -3.1917e-02, +6.2947e-02, -1.7724e-02, +3.7317e-02, +1.2061e-02, +3.7618e-02, +9.3771e-03, +3.5712e-02, +6.5383e-04, -1.8268e-02, -2.2528e-02, -6.2808e-02, -1.2891e-03, +2.3527e-02, +1.2442e-02, -4.1360e-02, +4.5786e-02, +5.6788e-03, -5.2261e-02, -5.5282e-02, +3.5631e-03, -1.8092e-02, +1.1094e-03, +6.8191e-03, +2.1832e-02, -2.9524e-03, +4.0469e-02, -1.7208e-02, -3.6276e-03, +1.5385e-02, +3.5810e-02, +8.3846e-03, +2.5947e-02, -7.9507e-03, +3.7394e-02, +2.2970e-03, +3.9363e-02, -1.0000e+00, -7.0642e-02, -3.8594e-02, +3.6944e-02, +6.6420e-03, +8.8960e-03, +1.5137e-02, +2.5641e-02
-8.1942e-02, +3.2732e-02, -1.3258e-01, -2.2905e-02, -2.2653e-02, +3.8469e-02, +3.8121e-03, +9.2076e-02, -1.4195e-01, -7.6633e-03, +1.3768e-02, +5.8882e-03, -1.8878e-02, +1.0501e-02, +2.3524e-02, +7.1118e-02, -4.5905e-03, +5.9043e-02, +1.4967e-02, -5.4606e-02, -1.4134e-01, +3.8647e-02, +5.8197e-02, -3.5728e-02, -7.1270e-02, +1.0138e-01, +4.5351e-03, +1.2435e-02, -5.3695e-02, -2.6923e-02, -7.9383e-02, +2.6755e-02, +2.7809e-02, +2.9918e-02, +6.4298e-03, -4.8111e-02, +9.6294e-02, -6.0709e-02, -7.0958e-02, -5.1222e-02, -7.6987e-02, -1.3776e-02, -7.0642e-02, -1.0000e+00, -4.1340e-02, -2.3845e-02, +5.3932e-03, +2.9622e-02, +5.0260e-02, +1.6948e-03
-9.0990e-02, -9.5514e-02, +1.3260e-01, -7.9725e-02, -1.6015e-01, -6.3069e-03, -7.8136e-02, -1.0292e-01, -2.6373e-02, +5.6506e-02, +1.1396e-02, -1.8921e-02, -8.3840e-02, -7.7549e-02, -1.2593e-01, -1.0709e-01, +6.1364e-02, -5.7366e-02, -6.9793e-02, -1.1741e-02, +5.3184e-02, +1.0624e-01, +1.0954e-01, +4.3371e-02, -3.0298e-02, -7.9593e-03, -5.2665e-03, -7.8995e-02, -6.3431e-02, -1.1523e-02, -8.5425e-02, +3.9782e-02, -1.3723e-02, +1.4492e-02, -1.4909e-02, -4.1527e-02, +1.6082e-01, -2.7218e-02, +3.8600e-02, +1.4048e-01, +4.2925e-02, +4.1951e-02, -3.8594e-02, -4.1340e-02, -1.0000e+00, -6.7573e-02, -6.7027e-02, +8.5126e-02, +6.4402e-02, -1.3306e-02
-1.9342e-02, -6.4759e-02, -9.8736e-02, -4.8068e-02, -4.8193e-02, -5.1180e-02, -4.2484e-02, +1.0713e-01, -1.0288e-01, +1.1956e-01, +3.5122e-02, -2.3790e-02, +2.1883e-02, -5.3713e-02, +3.4636e-02, +1.3858e-01, +2.8476e-02, +1.5908e-02, -3.7673e-02, -1.7901e-02, -2.3086e-02, +3.8942e-03, -9.6032e-03, +2.7699e-02, +6.1344e-02, -6.9506e-02, -9.0443e-02, -6.3406e-02, -2.3103e-02, +8.7750e-02, -2.4396e-02, +1.0476e-03, +2.7013e-02, -3.9851e-02, -4.7455e-02, -1.9923e-01, -1.5347e-02, +5.3063e-02, +4.6600e-02, +7.7906e-02, -2.2827e-04, -2.0640e-02, +3.6944e-02, -2.3845e-02, -6.7573e-02, -1.0000e+00, -2.9398e-02, -9.1055e-02, -2.4486e-02, +3.6976e-02
-1.9734e-02, +8.3414e-02, +2.0390e-02, -1.5634e-02, -1.0687e-02, -1.1589e-01, -4.6236e-02, -3.2089e-02, +3.7396e-02, +7.6776e-02, -2.8866e-02, +4.4238e-02, -7.3004e-02, +1.9312e-02, -4.3425e-03, -7.6094e-02, +2.3717e-02, -7.1660e-02, -1.6933e-02, -5.2189e-02, +3.9207e-02, -7.2124e-02, +5.8987e-02, -8.4094e-03, +7.7498e-02, +5.8948e-02, -6.1521e-02, -2.8117e-04, -3.9549e-02, -6.0883e-03, -5.1464e-02, +1.1293e-01, +2.9338e-02, +5.6401e-03, +3.8072e-02, +1.0133e-01, +2.5257e-02, -1.8452e-02, -2.6029e-02, +7.2416e-02, -2.0598e-02, +5.6928e-04, +6.6420e-03, +5.3932e-03, -6.7027e-02, -2.9398e-02, -1.0000e+00, +1.7156e-01, -3.8383e-03, +8.1909e-02
+1.5867e-01, +1.1785e-01, -5.1255e-02, +1.5755e-01, +1.5491e-01, +2.5748e-02, -1.4855e-01, -2.9970e-03, -1.8540e-02, +6.8390e-02, +1.4091e-01, -4.3740e-02, +5.3901e-02, -6.3939e-03, +2.6900e-01, +1.3569e-01, +2.6076e-02, +1.0981e-01, +1.1422e-02, +1.0617e-01, -3.1775e-02, +9.0178e-02, -1.2407e-01, -4.1471e-02, +1.1663e-01, -1.5299e-01, -4.6984e-02, +1.1136e-01, +2.7634e-01, +5.0869e-02, +2.7762e-01, -1.3213e-01, -2.7396e-03, -1.7476e-02, +1.0906e-01, -4.4632e-01, -8.6615e-02, +1.0751e-01, +7.0920e-02, +1.2344e-01, -3.0092e-02, -4.6681e-02, +8.8960e-03, +2.9622e-02, +8.5126e-02, -9.1056e-02, +1.7156e-01, -1.0000e+00, -2.7496e-02, +1.0057e-01
-5.5116e-02, +1.7510e-02, -3.1935e-02, -8.5740e-03, -3.1101e-03, -7.6349e-03, +2.2049e-02, -7.8340e-02, +1.3328e-02, -8.2809e-03, +4.9230e-03, -4.7760e-03, +4.2579e-03, -8.1456e-03, +2.6969e-03, +8.5703e-02, -1.0902e-03, +4.3476e-02, +1.1528e-02, +1.7505e-02, -3.9713e-02, -1.5659e-02, -2.3693e-02, +3.5817e-03, +7.1426e-02, -5.8436e-02, -3.5844e-02, +1.5453e-02, -1.3890e-04, +1.6223e-03, -3.5289e-02, +2.1272e-02, +5.0352e-02, +3.2615e-02, -7.3455e-03, +1.0599e-02, +8.6197e-03, +2.6247e-02, +5.1507e-02, +3.3180e-02, +9.8071e-03, +3.7962e-02, +1.5137e-02, +5.0260e-02, +6.4402e-02, -2.4486e-02, -3.8383e-03, -2.7496e-02, -1.0000e+00, -2.3580e-02
+7.5585e-02, +2.5531e-02, -5.2800e-02, -4.0476e-02, +3.5834e-02, +1.3780e-01, -8.6500e-03, -1.0457e-01, -3.0560e-02, +1.2979e-03, +6.9342e-02, -1.1265e-01, -1.3404e-02, +3.3456e-02, +3.5748e-02, +6.8297e-02, +7.6274e-03, +7.5509e-02, +4.0811e-02, +4.7421e-02, +6.8285e-03, +2.9997e-01, +4.6200e-02, +3.8251e-02, -9.2704e-02, -2.0665e-02, +3.3000e-02, -1.0441e-01, +5.2639e-02, +2.0458e-02, +4.6235e-02, +1.7513e-01, -1.1064e-03, -1.5017e-02, -5.7634e-02, +1.8791e-01, -8.6393e-02, -2.5948e-02, +3.6959e-02, +4.1697e-02, +4.1815e-02, -2.3153e-02, +2.5641e-02, +1.6948e-03, -1.3306e-02, +3.6976e-02, +8.1909e-02, +1.0057e-01, -2.3580e-02, -1.0000e+00
