-1.0000e+00, +5.2883e-02, +2.1927e-03, +5.4011e-02, +3.6946e-02, +7.2039e-02, -1.0934e-01, +7.3095e-02, -2.1221e-01, +2.6418e-02, +1.0324e-01, -1.3654e-02, +2.7034e-03, +4.7038e-02, -8.9944e-02, +1.7778e-03, +3.0509e-03, +8.2512e-02, +5.8356e-02, -6.3537e-02, +4.4924e-02, +1.0246e-03, -2.4480e-02, +1.2529e-02, -7.5497e-02, -6.4909e-02, +6.2077e-02, +1.2285e-02, -4.1347e-02, +8.8508e-02, -2.6884e-02, -7.5640e-02, -1.3963e-01, -5.3801e-02, -5.4949e-02, -5.3816e-02, +1.9098e-02, -7.1947e-02, +1.0394e-01, +1.7321e-02, +9.9576e-02, -8.4938e-02, -5.1876e-03, +6.1999e-02, -4.1478e-02, -7.1801e-02, +1.8876e-02, +1.7639e-01, +1.9232e-02, -8.7581e-02
+5.2883e-02, -1.0000e+00, -3.3041e-01, +1.1657e-01, -1.3005e-01, -8.0257e-02, +2.3345e-02, +1.5777e-01, +3.0704e-01, +5.6744e-02, -3.2418e-04, -1.1810e-01, +2.8181e-01, +1.7876e-01, +1.3138e-01, +9.6964e-02, -3.2220e-02, -7.8845e-03, +1.6034e-01, -5.9464e-02, +7.3109e-02, +6.3402e-03, +3.0496e-03, +7.6912e-02, -2.4826e-02, +1.7800e-01, -1.4228e-01, +1.1194e-01, +5.4797e-02, -8.4517e-02, +5.1585e-02, +1.0223e-01, -1.7792e-01, +3.1913e-01, -3.3647e-02, -1.9603e-01, -1.0898e-01, -2.1445e-02, +4.7239e-02, -1.0055e-01, -7.8501e-02, +3.9237e-02, +9.1068e-02, +6.2243e-02, +4.2038e-01, -2.6951e-01, -9.4754e-02, -1.5770e-01, +1.8658e-01, -4.1505e-02
+2.1927e-03, -3.3041e-01, -1.0000e+00, -6.3570e-03, +1.4266e-01, -8.2331e-03, -1.2778e-01, -1.0159e-01, -1.3214e-01, +1.4084e-01, +5.2787e-02, -4.6828e-02, -2.7219e-01, +5.1333e-01, +2.3017e-01, +8.9480e-03, +6.0565e-02, +1.1195e-01, +3.6436e-01, -1.9963e-01, -4.0640e-02, +6.0978e-02, +6.2742e-02, -1.0294e-01, +1.1186e-01, +1.8151e-02, +1.9268e-01, -1.0395e-01, +1.1751e-01, -1.2151e-02, +2.2936e-01, -8.7991e-02, -4.3771e-02, +5.2434e-03, -1.3597e-02, -3.9102e-01, -1.1190e-01, +2.4589e-01, +5.6739e-02, +2.4590e-01, +8.3424e-02, +6.7718e-03, -9.6640e-02, +2.4418e-02, +4.1456e-01, -9.4094e-02, +5.3498e-01, -5.4976e-02, +1.7963e-01, +8.6310e-02
+5.4011e-02, +1.1657e-01, -6.3570e-03, -1.0000e+00, +5.2321e-02, -5.8728e-02, -1.9197e-01, -1.7957e-01, -4.6026e-02, +7.2919e-02, -1.4486e-01, -5.0842e-02, -1.4406e-03, +3.5493e-01, +5.6475e-02, +7.5900e-02, +4.0286e-02, -6.9038e-02, +8.4346e-02, +4.1420e-02, +4.2268e-02, -1.7070e-04, +3.1963e-02, -8.0023e-02, -5.1216e-03, -1.6244e-01, +7.1991e-04, +2.0712e-01, -2.9878e-01, -1.5774e-01, -1.0747e-01, +9.3918e-02, +1.0469e-01, +1.0486e-01, -2.9547e-02, +3.5960e-02, -3.7667e-02, -4.6311e-02, -1.7520e-01, +4.4006e-02, +1.0412e-01, -1.1841e-01, +5.7421e-02, -4.3756e-02, -2.6026e-01, +1.0816e-01, -9.7792e-02, +1.6232e-01, -5.8946e-02, +3.6897e-02
+3.6946e-02, -1.3005e-01, +1.4266e-01, +5.2321e-02, -1.0000e+00, -1.2076e-01, -1.1713e-01, +7.9426e-02, +1.4930e-01, +6.4514e-02, -6.2025e-02, -4.0818e-02, +5.8445e-02, -5.7203e-02, -6.1057e-02, +2.9995e-02, +1.0124e-01, -5.8292e-03, -2.4411e-01, +3.6354e-02, +5.7226e-02, +4.2353e-02, +1.0765e-01, -5.5527e-02, +6.9178e-03, +6.1880e-02, -1.3526e-01, +1.6582e-03, -8.7157e-02, -3.8703e-02, +3.6728e-02, +5.1604e-02, -7.8801e-02, -2.1257e-02, -4.6043e-02, +3.2205e-02, -2.5295e-02, -7.6031e-02, -8.0750e-02, -1.5007e-01, +1.1130e-01, -4.0349e-02, +1.2982e-01, +5.2797e-02, -6.2399e-02, -1.2282e-01, -1.8731e-01, +8.9326e-02, -1.0874e-01, -5.5992e-02
+7.2039e-02, -8.0257e-02, -8.2331e-03, -5.8728e-02, -1.2076e-01, -1.0000e+00, -1.1644e-01, +9.4493e-02, +9.9902e-02, +5.6310e-02, -1.8907e-01, +4.2700e-02, -3.5392e-03, +1.2155e-01, -1.0805e-01, +8.6118e-02, +1.9662e-02, -1.6695e-01, -2.7130e-01, +3.7524e-02, -9.2871e-02, -1.2177e-01, +6.0297e-02, -1.0039e-01, -2.2758e-02, -5.4543e-02, -3.4135e-01, -1.4860e-01, -1.7546e-01, +5.8209e-02, -1.8712e-01, +6.5646e-02, +2.4951e-02, +6.1449e-02, +1.3799e-01, +1.3532e-01, +1.7063e-01, -2.2083e-01, -1.8722e-01, -1.6013e-02, -1.0249e-01, +2.1077e-01, -7.6657e-02, -2.2785e-02, -1.4703e-01, -1.2915e-01, -1.9019e-01, +3.0559e-02, -4.3054e-02, +9.5658e-02
-1.0934e-01, +2.3345e-02, -1.2778e-01, -1.9197e-01, -1.1713e-01, -1.1644e-01, -1.0000e+00, +2.3117e-01, -9.1497e-02, +7.7365e-02, +1.0011e-01, -1.6507e-01, +5.2504e-02, +1.4382e-01, -1.8068e-02, -1.7601e-02, +4.2497e-02, +5.0783e-02, -1.0380e-01, -1.9009e-02, +3.3714e-02, -3.3555e-02, +2.2039e-01, -7.9982e-02, -1.6261e-02, +7.8010e-02, -4.1653e-02, -6.4120e-02, -1.5755e-01, +1.8245e-02, +3.2089e-02, -5.5146e-02, +4.8705e-02, -1.7943e-02, -1.0933e-01, -8.4940e-02, +7.6178e-02, -2.2774e-01, -8.5500e-02, -5.4850e-02, +5.2056e-02, -1.5784e-01, +1.4628e-02, -3.0944e-02, -5.5974e-02, -2.7092e-01, +6.4001e-02, +1.1038e-01, -3.0547e-02, -6.2043e-02
+7.3095e-02, +1.5777e-01, -1.0159e-01, -1.7957e-01, +7.9426e-02, +9.4493e-02, +2.3117e-01, -1.0000e+00, -1.7139e-01, +1.1423e-01, -1.6835e-01, -2.0160e-02, -1.2784e-02, +1.7760e-01, -9.5054e-02, -1.2248e-01, -2.9243e-02, -1.1692e-01, +1.0994e-01, -1.7689e-01, -7.2707e-02, +2.9203e-02, +2.8466e-01, +4.5528e-02, +1.0926e-01, +2.4037e-01, +2.1871e-01, -1.7097e-01, -1.3327e-01, -1.5653e-01, -2.3747e-02, +2.0227e-01, +5.4123e-02, +8.2711e-02, +6.7063e-02, +1.3691e-01, +9.4403e-02, +2.9215e-01, -5.9915e-02, -8.6889e-03, +5.1104e-03, -2.2690e-02, +2.8733e-02, +2.5644e-03, -1.0031e-01, +3.9684e-01, +7.6930e-02, +1.1018e-01, +7.4689e-02, -5.8795e-02
-2.1221e-01, +3.0704e-01, -1.3214e-01, -4.6026e-02, +1.4930e-01, +9.9902e-02, -9.1497e-02, -1.7139e-01, -1.0000e+00, +7.7665e-02, +1.1607e-01, +1.2510e-02, -1.4698e-01, +1.9955e-01, -8.1616e-03, -1.1112e-01, +1.9864e-02, +9.3320e-02, +6.6395e-02, -2.5021e-01, -1.6680e-01, -6.6582e-02, +6.8610e-02, +4.7760e-02, -5.3335e-02, -1.0430e-01, +2.6637e-01, -1.6865e-01, -2.9858e-02, +2.0307e-01, +3.4972e-02, -1.5435e-01, -1.4325e-01, -2.6785e-01, +4.2758e-02, -8.1492e-03, +2.2080e-01, -5.3792e-02, +8.6753e-02, +1.9067e-01, +1.0899e-01, -9.7085e-02, -1.2518e-01, +4.3985e-02, -2.5168e-01, +9.1365e-02, +2.0584e-01, +2.4923e-01, +6.8313e-02, -2.2459e-02
+2.6418e-02, +5.6744e-02, +1.4084e-01, +7.2919e-02, +6.4514e-02, +5.6310e-02, +7.7365e-02, +1.1423e-01, +7.7665e-02, -1.0000e+00, -3.8213e-02, +5.2445e-02, +7.7062e-02, -3.0648e-02, +1.4360e-01, +1.6924e-02, +9.1380e-02, +1.2792e-01, +4.5452e-02, -2.3800e-02, -4.8297e-02, -5.8954e-02, +1.3245e-01, -1.3336e-01, +2.0444e-02, +1.7284e-01, -7.8273e-02, +1.4145e-01, +1.0309e-01, +1.8409e-02, -7.8601e-02, +2.3446e-02, -5.1106e-02, -5.4357e-02, +4.6796e-02, +4.9136e-01, +1.0253e-02, +7.2759e-02, +6.6899e-02, +7.3914e-02, +9.6777e-02, -1.4125e-02, -1.9109e-03, -2.7840e-02, +7.0548e-02, +5.3706e-02, +2.7186e-01, +1.4477e-02, +5.7310e-02, +8.8227e-02
+1.0324e-01, -3.2418e-04, +5.2787e-02, -1.4486e-01, -6.2025e-02, -1.8907e-01, +1.0011e-01, -1.6835e-01, +1.1607e-01, -3.8213e-02, -1.0000e+00, +9.4704e-02, -8.7728e-02, +1.8123e-01, +8.7358e-02, +4.7745e-02, +3.4887e-02, -2.5625e-01, -6.4238e-02, +8.5219e-02, -5.8103e-02, +1.3480e-02, +1.4559e-01, -1.1635e-02, +1.7726e-02, -1.3088e-01, -1.8959e-01, -7.7436e-02, -1.7335e-01, -1.7378e-02, -3.0260e-01, +5.5565e-02, +1.1795e-01, +7.0721e-02, +1.1404e-01, +2.2738e-01, +7.1602e-02, -4.9882e-02, -1.1107e-01, -1.0329e-01, -1.3166e-01, +3.1271e-02, -4.7474e-02, -8.3017e-02, -2.3419e-01, +7.4431e-02, -2.4241e-01, +7.8527e-02, -6.7309e-02, +1.7012e-01
-1.3654e-02, -1.1810e-01, -4.6828e-02, -5.0842e-02, -4.0818e-02, +4.2700e-02, -1.6507e-01, -2.0160e-02, +1.2510e-02, +5.2445e-02, +9.4704e-02, -1.0000e+00, +1.8708e-01, +8.0324e-02, -5.2998e-03, -4.8736e-02, +9.1764e-02, -8.4440e-02, -3.4002e-03, +9.1689e-03, +3.5787e-02, +7.6876e-02, +9.2738e-02, -7.8418e-03, -9.5211e-02, +9.2604e-02, -6.5733e-02, +1.1089e-01, -5.0616e-02, -9.2740e-02, +1.1975e-01, +1.8769e-01, -1.2280e-01, +3.7780e-02, +1.8341e-02, -4.6777e-02, +1.1383e-02, +9.7063e-02, -6.4032e-02, +5.7551e-02, -4.2069e-02, +6.9246e-02, +3.0415e-02, +4.6371e-02, +2.0425e-03, -1.1400e-01, +3.0554e-02, +1.8627e-02, +9.2261e-02, -2.0374e-01
+2.7034e-03, +2.8181e-01, -2.7219e-01, -1.4406e-03, +5.8445e-02, -3.5392e-03, +5.2504e-02, -1.2784e-02, -1.4698e-01, +7.7062e-02, -8.7728e-02, +1.8708e-01, -1.0000e+00, +1.6699e-01, +1.4132e-01, +8.4193e-03, +6.7890e-02, +2.9439e-02, +1.2848e-01, +3.3802e-02, -6.5823e-02, +5.4149e-02, +7.3753e-02, -6.8963e-02, +7.1770e-02, -1.0665e-01, -1.1537e-02, -7.1343e-03, +9.8963e-03, +1.7532e-02, +1.2649e-02, -1.0701e-01, +2.2193e-02, -4.5862e-02, +3.2070e-02, +3.3976e-03, -6.6028e-02, +1.0741e-01, +3.9762e-02, +1.2351e-01, +7.8409e-02, +2.0778e-01, -1.4041e-01, -4.4415e-02, -5.2138e-02, +6.9355e-02, +2.0683e-01, -4.0210e-02, +6.2428e-02, +3.9705e-02
+4.7038e-02, +1.7876e-01, +5.1333e-01, +3.5493e-01, -5.7203e-02, +1.2155e-01, +1.4382e-01, +1.7760e-01, +1.9955e-01, -3.0648e-02, +1.8123e-01, +8.0324e-02, +1.6699e-01, -1.0000e+00, -3.0709e-01, +3.7148e-02, +2.1408e-02, -3.6776e-02, -4.8595e-01, +1.4946e-01, +1.4609e-01, +2.8271e-02, +6.5778e-02, +1.0859e-01, +6.6967e-03, +1.3509e-02, +1.5905e-01, -1.8806e-01, +1.0328e-01, -1.1769e-01, -8.1434e-03, -1.5404e-01, +2.1977e-02, +1.3607e-01, -8.9044e-02, +1.6436e-02, +1.3324e-01, -2.6191e-01, +2.6791e-02, -1.1422e-01, -2.6138e-01, +1.7086e-01, +8.2164e-02, +1.7235e-02, +2.5153e-01, +5.5722e-03, -2.0762e-02, -1.1064e-01, -1.0800e-01, +1.7589e-02
-8.9944e-02, +1.3138e-01, +2.3017e-01, +5.6475e-02, -6.1057e-02, -1.0805e-01, -1.8068e-02, -9.5054e-02, -8.1616e-03, +1.4360e-01, +8.7358e-02, -5.2998e-03, +1.4132e-01, -3.0709e-01, -1.0000e+00, +8.8274e-03, -9.2129e-02, -8.6031e-02, -4.1147e-01, -1.4884e-01, -2.8608e-02, +6.0663e-04, -7.2575e-02, -1.0381e-01, -7.2054e-03, +2.9438e-02, +4.6056e-02, -2.7738e-01, -1.0705e-01, +1.0956e-02, -2.3341e-02, +1.1433e-02, -2.3650e-01, -2.2142e-02, +9.4622e-03, -5.3437e-02, +1.3960e-01, -1.9387e-01, -4.9311e-02, +2.4727e-02, -8.7889e-02, +8.4949e-02, +1.8990e-01, +3.1661e-02, +1.0489e-01, +1.1901e-01, -4.6156e-02, +2.3135e-01, -1.6103e-01, +1.6751e-02
+1.7778e-03, +9.6964e-02, +8.9480e-03, +7.5900e-02, +2.9995e-02, +8.6118e-02, -1.7601e-02, -1.2248e-01, -1.1112e-01, +1.6924e-02, +4.7745e-02, -4.8736e-02, +8.4193e-03, +3.7148e-02, +8.8274e-03, -1.0000e+00, -2.4657e-02, +4.4760e-02, +1.9706e-02, +1.5647e-01, -1.1914e-01, +8.8558e-02, -8.2687e-02, +3.8182e-02, +6.5840e-02, +8.0650e-02, +5.2144e-02, +4.8462e-02, +8.8175e-02, +2.7657e-02, +2.5552e-01, +1.9626e-01, +7.8312e-02, -8.9588e-02, -7.2454e-03, +2.0150e-01, +9.6279e-02, +2.0019e-01, +7.3197e-02, +1.7397e-01, +1.1913e-01, +2.5852e-02, -5.9634e-03, -4.7849e-02, -1.5866e-01, +7.0680e-03, +1.8251e-01, -3.3101e-01, +6.4401e-02, +1.6747e-01
+3.0509e-03, -3.2220e-02, +6.0565e-02, +4.0286e-02, +1.0124e-01, +1.9662e-02, +4.2497e-02, -2.9243e-02, +1.9864e-02, +9.1380e-02, +3.4887e-02, +9.1764e-02, +6.7890e-02, +2.1408e-02, -9.2129e-02, -2.4657e-02, -1.0000e+00, +6.3960e-03, +1.8750e-01, -3.4504e-02, -1.4116e-01, -4.7158e-02, +1.0921e-01, +9.5414e-02, +1.4766e-02, +1.0441e-02, +3.8609e-02, +3.2034e-02, +1.6373e-01, -2.6402e-02, +1.3641e-01, -4.3249e-02, -4.5673e-02, -5.4786e-02, +1.3050e-02, -1.7273e-02, +3.0575e-02, -1.3524e-01, +8.2142e-02, +4.3856e-03, +9.5845e-02, -3.3156e-02, -2.0762e-02, -2.2842e-02, +1.3263e-01, +4.1806e-02, -4.8051e-02, -5.8507e-02, -6.8436e-02, +6.4450e-02
+8.2512e-02, -7.8844e-03, +1.1195e-01, -6.9038e-02, -5.8292e-03, -1.6695e-01, +5.0783e-02, -1.1692e-01, +9.3320e-02, +1.2792e-01, -2.5625e-01, -8.4440e-02, +2.9439e-02, -3.6776e-02, -8.6031e-02, +4.4760e-02, +6.3960e-03, -1.0000e+00, -1.4737e-01, +1.4433e-02, -3.1071e-02, -3.8921e-02, +1.5126e-01, -1.7654e-02, -7.9898e-02, -8.7050e-02, -1.2988e-01, -1.4846e-01, -1.8233e-01, -6.3328e-02, -1.5438e-01, +1.6623e-02, +1.3590e-01, +1.5089e-01, +9.0217e-02, +8.8961e-02, +6.8801e-02, -8.8655e-02, -1.4254e-02, +5.6096e-03, -9.0015e-02, +8.2411e-02, +7.2949e-02, -2.6248e-02, -1.6325e-01, +4.3264e-02, -1.4606e-01, +2.0772e-02, -1.3072e-01, +7.5638e-03
+5.8356e-02, +1.6034e-01, +3.6436e-01, +8.4346e-02, -2.4411e-01, -2.7130e-01, -1.0380e-01, +1.0994e-01, +6.6395e-02, +4.5452e-02, -6.4237e-02, -3.4002e-03, +1.2848e-01, -4.8595e-01, -4.1147e-01, +1.9706e-02, +1.8750e-01, -1.4737e-01, -1.0000e+00, +1.3560e-01, -1.9950e-02, -6.2375e-02, -4.6149e-02, -5.4560e-02, -4.8142e-02, -3.2522e-02, -1.1180e-01, -3.3798e-01, -1.4405e-01, -5.9321e-02, -1.6512e-01, -2.0258e-02, -4.3570e-02, +7.8767e-02, +7.1173e-02, +1.0303e-01, +2.9608e-01, -4.2262e-01, -2.3312e-01, -7.6293e-02, -2.4078e-01, +1.4238e-01, +1.0037e-01, -7.8524e-02, +2.7401e-02, -6.2104e-02, -1.9303e-01, +1.8609e-01, -6.5371e-02, +5.9364e-02
-6.3537e-02, -5.9464e-02, -1.9963e-01, +4.1420e-02, +3.6354e-02, +3.7524e-02, -1.9009e-02, -1.7689e-01, -2.5021e-01, -2.3800e-02, +8.5219e-02, +9.1689e-03, +3.3802e-02, +1.4946e-01, -1.4884e-01, +1.5647e-01, -3.4504e-02, +1.4433e-02, +1.3560e-01, -1.0000e+00, -1.5678e-02, -1.0035e-02, +1.4422e-03, -1.2641e-01, +2.8864e-02, +8.5157e-02, +1.3108e-01, -2.1146e-01, -1.0329e-01, -1.3889e-02, -4.7286e-02, -9.5439e-03, -2.3983e-01, -1.2832e-02, +5.2505e-02, -1.3198e-01, +1.9477e-01, -6.5317e-02, -1.6628e-02, +2.3551e-02, -1.2766e-02, -1.1969e-01, -4.9139e-03, +7.8449e-02, +1.3699e-01, -1.2428e-02, +8.2833e-02, +3.3983e-01, -1.7520e-02, -9.1246e-02
+4.4924e-02, +7.3109e-02, -4.0640e-02, +4.2268e-02, +5.7226e-02, -9.2871e-02, +3.3714e-02, -7.2707e-02, -1.6680e-01, -4.8297e-02, -5.8103e-02, +3.5787e-02, -6.5823e-02, +1.4609e-01, -2.8608e-02, -1.1914e-01, -1.4116e-01, -3.1071e-02, -1.9950e-02, -1.5678e-02, -1.0000e+00, +6.6894e-02, -1.3585e-01, -4.2275e-02, -6.2063e-02, +5.3965e-02, -2.0080e-02, -1.1109e-01, +3.7191e-02, +1.3538e-02, -8.2452e-03, +1.0202e-01, +7.6002e-02, -4.4887e-03, +1.2903e-01, +1.2069e-01, +1.3749e-01, -6.7624e-02, -3.9466e-03, +1.1701e-01, -8.3306e-02, +1.5315e-01, -7.2061e-02, -8.9430e-02, -8.1721e-02, +4.5176e-02, +5.2670e-02, -4.2902e-02, -1.2224e-02, +1.1715e-01
+1.0246e-03, +6.3402e-03, +6.0978e-02, -1.7070e-04, +4.2353e-02, -1.2177e-01, -3.3555e-02, +2.9203e-02, -6.6582e-02, -5.8954e-02, +1.3480e-02, +7.6876e-02, +5.4149e-02, +2.8271e-02, +6.0663e-04, +8.8558e-02, -4.7158e-02, -3.8921e-02, -6.2375e-02, -1.0035e-02, +6.6894e-02, -1.0000e+00, -8.5819e-02, -1.9918e-02, -5.4843e-03, +8.3070e-02, -1.6300e-01, -8.1683e-02, +4.8719e-02, +3.6673e-02, -6.3676e-02, +2.6312e-02, +1.0809e-01, +5.0581e-02, +8.4093e-02, +4.0978e-02, +1.0358e-01, -1.8082e-01, -3.7927e-02, +1.1136e-02, -9.9208e-02, +1.0050e-02, -7.1475e-02, -8.6155e-02, -7.1134e-02, -3.4473e-02, -6.7161e-02, -2.7992e-02, -1.2440e-01, -6.3164e-04
-2.4480e-02, +3.0496e-03, +6.2742e-02, +3.1963e-02, +1.0765e-01, +6.0297e-02, +2.2039e-01, +2.8466e-01, +6.8610e-02, +1.3245e-01, +1.4559e-01, +9.2738e-02, +7.3753e-02, +6.5778e-02, -7.2575e-02, -8.2687e-02, +1.0921e-01, +1.5126e-01, -4.6149e-02, +1.4422e-03, -1.3585e-01, -8.5819e-02, -1.0000e+00, -9.3138e-02, +1.6033e-02, -1.8977e-02, -3.2448e-02, -5.2736e-03, +1.6785e-01, -2.4283e-02, +1.0972e-01, +7.1059e-03, -1.6509e-02, -9.5040e-02, +3.4443e-02, -1.7123e-01, +1.0257e-01, -4.5350e-02, +1.1099e-01, +1.4210e-01, +7.4542e-02, -4.0156e-02, -1.5655e-02, -3.8483e-02, +1.4835e-01, +1.5316e-02, -2.0560e-01, -3.0820e-02, -5.4637e-03, +5.5690e-02
+1.2529e-02, +7.6912e-02, -1.0294e-01, -8.0023e-02, -5.5527e-02, -1.0039e-01, -7.9982e-02, +4.5528e-02, +4.7760e-02, -1.3336e-01, -1.1635e-02, -7.8418e-03, -6.8963e-02, +1.0859e-01, -1.0381e-01, +3.8182e-02, +9.5414e-02, -1.7654e-02, -5.4560e-02, -1.2641e-01, -4.2275e-02, -1.9918e-02, -9.3138e-02, -1.0000e+00, -3.6094e-02, -5.4826e-02, -1.4129e-01, -1.2999e-01, +1.6192e-02, +6.7171e-02, -8.7146e-02, +1.8356e-02, -7.3076e-02, -7.2065e-02, -2.9939e-02, +6.6724e-02, -1.2461e-02, +2.0855e-02, -8.6342e-03, +1.0765e-01, +2.3364e-02, +1.5980e-01, +2.8440e-02, -1.9581e-03, +4.2300e-02, -8.3171e-02, +7.3343e-02, +1.0178e-01, +4.3831e-02, +8.0838e-02
-7.5497e-02, -2.4826e-02, +1.1186e-01, -5.1216e-03, +6.9178e-03, -2.2758e-02, -1.6261e-02, +1.0926e-01, -5.3335e-02, +2.0444e-02, +1.7726e-02, -9.5211e-02, +7.1770e-02, +6.6967e-03, -7.2054e-03, +6.5840e-02, +1.4766e-02, -7.9898e-02, -4.8142e-02, +2.8864e-02, -6.2063e-02, -5.4843e-03, +1.6033e-02, -3.6094e-02, -1.0000e+00, -1.8986e-02, -1.0733e-01, -4.4536e-02, -2.7143e-02, +1.3591e-01, -8.4802e-02, -1.6676e-02, -1.9613e-03, +6.0181e-02, +2.3872e-02, -1.9608e-03, -8.2666e-02, -8.7699e-02, +3.0517e-02, -1.4545e-02, -4.6450e-02, +1.2930e-01, -2.8117e-02, +2.8511e-02, -9.2573e-02, -8.5781e-02, -1.4167e-01, +1.2831e-01, +6.8859e-02, -2.2581e-02
-6.4909e-02, +1.7800e-01, +1.8151e-02, -1.6244e-01, +6.1880e-02, -5.4543e-02, +7.8010e-02, +2.4037e-01, -1.0430e-01, +1.7284e-01, -1.3088e-01, +9.2604e-02, -1.0665e-01, +1.3509e-02, +2.9438e-02, +8.0650e-02, +1.0441e-02, -8.7050e-02, -3.2522e-02, +8.5157e-02, +5.3965e-02, +8.3070e-02, -1.8977e-02, -5.4826e-02, -1.8986e-02, -1.0000e+00, -9.3729e-02, +3.7358e-02, -1.1091e-01, +4.9886e-02, -1.4178e-01, -2.0743e-01, +6.3002e-03, -1.3477e-01, -5.1983e-03, +1.0280e-02, +1.2602e-01, -5.4448e-03, +8.9396e-03, -3.1320e-02, -3.2350e-02, +7.8743e-02, -7.6329e-02, -2.6322e-02, -2.8343e-01, -5.0686e-02, -1.2040e-02, +9.7457e-02, -6.3696e-02, +1.8583e-01
+6.2077e-02, -1.4228e-01, +1.9268e-01, +7.1990e-04, -1.3526e-01, -3.4135e-01, -4.1653e-02, +2.1871e-01, +2.6637e-01, -7.8273e-02, -1.8959e-01, -6.5733e-02, -1.1537e-02, +1.5905e-01, +4.6056e-02, +5.2144e-02, +3.8609e-02, -1.2988e-01, -1.1180e-01, +1.3108e-01, -2.0080e-02, -1.6300e-01, -3.2448e-02, -1.4129e-01, -1.0733e-01, -9.3729e-02, -1.0000e+00, +1.4861e-01, -1.7303e-01, +6.9218e-02, -2.9139e-01, +1.1733e-01, -3.0829e-02, +5.3460e-03, +1.0421e-01, +2.6434e-01, -2.2050e-02, -2.8159e-02, -1.2613e-01, -1.7185e-01, -4.5021e-02, +4.2397e-01, -7.1589e-02, -8.5860e-02, -2.3479e-01, -2.0434e-01, -3.9732e-01, +1.2781e-02, +4.6068e-03, +5.9251e-02
+1.2285e-02, +1.1194e-01, -1.0395e-01, +2.0712e-01, +1.6582e-03, -1.4860e-01, -6.4120e-02, -1.7097e-01, -1.6865e-01, +1.4145e-01, -7.7436e-02, +1.1089e-01, -7.1343e-03, -1.8806e-01, -2.7738e-01, +4.8462e-02, +3.2034e-02, -1.4846e-01, -3.3798e-01, -2.1146e-01, -1.1109e-01, -8.1683e-02, -5.2736e-03, -1.2999e-01, -4.4536e-02, +3.7358e-02, +1.4861e-01, -1.0000e+00, -1.3550e-01, -1.9545e-02, -1.2299e-01, -1.1400e-01, -3.4443e-02, +7.6520e-02, +1.6996e-02, -9.0197e-02, +4.3875e-01, -4.0902e-01, -7.8742e-02, +2.0113e-02, -1.7511e-01, +2.8740e-02, -5.2380e-02, -3.8018e-02, +1.6268e-01, +5.7216e-02, +5.6242e-02, +2.6413e-01, -1.0326e-01, +5.1130e-02
-4.1347e-02, +5.4797e-02, +1.1751e-01, -2.9878e-01, -8.7157e-02, -1.7546e-01, -1.5755e-01, -1.3327e-01, -2.9858e-02, +1.0309e-01, -1.7335e-01, -5.0616e-02, +9.8963e-03, +1.0328e-01, -1.0705e-01, +8.8175e-02, +1.6373e-01, -1.8233e-01, -1.4405e-01, -1.0329e-01, +3.7191e-02, +4.8719e-02, +1.6785e-01, +1.6192e-02, -2.7143e-02, -1.1091e-01, -1.7303e-01, -1.3550e-01, -1.0000e+00, +5.5701e-03, -2.3370e-01, -2.5672e-02, +3.7837e-02, +1.2940e-01, -7.2549e-03, +9.4901e-02, +1.8794e-01, -2.2116e-01, -8.6861e-02, -1.6637e-01, +5.1320e-02, -6.4603e-02, +4.0781e-03, -9.5129e-03, -2.4473e-01, +9.0736e-02, -2.3043e-01, +2.5957e-01, -6.8184e-02, -1.9086e-02
+8.8508e-02, -8.4517e-02, -1.2151e-02, -1.5774e-01, -3.8703e-02, +5.8209e-02, +1.8245e-02, -1.5653e-01, +2.0307e-01, +1.8409e-02, -1.7378e-02, -9.2740e-02, +1.7532e-02, -1.1769e-01, +1.0956e-02, +2.7656e-02, -2.6402e-02, -6.3328e-02, -5.9321e-02, -1.3889e-02, +1.3538e-02, +3.6673e-02, -2.4283e-02, +6.7171e-02, +1.3591e-01, +4.9886e-02, +6.9218e-02, -1.9545e-02, +5.5701e-03, -1.0000e+00, +5.2279e-02, +6.8105e-02, +1.0459e-01, +2.5865e-01, -1.1934e-02, +2.3020e-02, +1.7065e-01, +4.1239e-02, -9.4334e-02, +1.0350e-02, -1.5071e-02, +1.3691e-02, +7.9375e-03, -4.1352e-02, +1.4461e-01, +1.4063e-01, +4.7117e-02, -7.8024e-02, +6.2757e-02, -3.7524e-02
-2.6884e-02, +5.1585e-02, +2.2936e-01, -1.0747e-01, +3.6728e-02, -1.8712e-01, +3.2089e-02, -2.3747e-02, +3.4972e-02, -7.8601e-02, -3.0260e-01, +1.1975e-01, +1.2649e-02, -8.1434e-03, -2.3341e-02, +2.5552e-01, +1.3641e-01, -1.5438e-01, -1.6512e-01, -4.7286e-02, -8.2452e-03, -6.3676e-02, +1.0972e-01, -8.7146e-02, -8.4802e-02, -1.4178e-01, -2.9139e-01, -1.2299e-01, -2.3370e-01, +5.2279e-02, -1.0000e+00, +3.3659e-02, -9.2170e-02, +8.3013e-02, +1.4905e-01, +1.6104e-01, +1.4984e-01, -2.6656e-01, -1.0210e-01, -1.6766e-01, -2.5875e-01, +1.9692e-01, -1.9282e-02, -2.6000e-02, -2.2107e-01, +1.8503e-02, -3.5649e-01, +3.6703e-01, -2.0815e-01, +4.3570e-02
-7.5640e-02, +1.0223e-01, -8.7991e-02, +9.3918e-02, +5.1604e-02, +6.5646e-02, -5.5146e-02, +2.0227e-01, -1.5435e-01, +2.3446e-02, +5.5565e-02, +1.8769e-01, -1.0701e-01, -1.5404e-01, +1.1433e-02, +1.9626e-01, -4.3249e-02, +1.6623e-02, -2.0258e-02, -9.5439e-03, +1.0202e-01, +2.6312e-02, +7.1059e-03, +1.8356e-02, -1.6676e-02, -2.0743e-01, +1.1733e-01, -1.1400e-01, -2.5672e-02, +6.8105e-02, +3.3659e-02, -1.0000e+00, -1.3763e-01, -5.9467e-02, -2.8167e-02, -4.2805e-02, +5.8867e-02, -1.4824e-01, +3.4652e-02, -1.2278e-01, -8.5418e-02, -6.6971e-02, -1.2094e-01, +3.3516e-02, +1.7434e-01, -3.9655e-03, +4.5708e-02, +1.7731e-01, -2.7011e-02, +1.7205e-01
-1.3963e-01, -1.7792e-01, -4.3771e-02, +1.0469e-01, -7.8801e-02, +2.4951e-02, +4.8705e-02, +5.4123e-02, -1.4325e-01, -5.1106e-02, +1.1795e-01, -1.2280e-01, +2.2193e-02, +2.1977e-02, -2.3650e-01, +7.8312e-02, -4.5673e-02, +1.3590e-01, -4.3570e-02, -2.3983e-01, +7.6002e-02, +1.0809e-01, -1.6509e-02, -7.3076e-02, -1.9613e-03, +6.3002e-03, -3.0829e-02, -3.4443e-02, +3.7837e-02, +1.0459e-01, -9.2170e-02, -1.3763e-01, -1.0000e+00, -1.1705e-01, -6.9141e-02, -1.5797e-01, -5.8869e-02, -9.0626e-02, -2.2982e-02, -1.4319e-01, -4.9837e-02, +1.2386e-02, +8.8390e-02, +1.0694e-01, +2.8671e-01, -1.1834e-01, -1.7246e-01, +5.1264e-01, -2.5784e-02, -8.9175e-02
-5.3801e-02, +3.1913e-01, +5.2434e-03, +1.0486e-01, -2.1257e-02, +6.1449e-02, -1.7943e-02, +8.2711e-02, -2.6785e-01, -5.4357e-02, +7.0721e-02, +3.7780e-02, -4.5862e-02, +1.3607e-01, -2.2142e-02, -8.9588e-02, -5.4786e-02, +1.5089e-01, +7.8767e-02, -1.2832e-02, -4.4887e-03, +5.0581e-02, -9.5040e-02, -7.2065e-02, +6.0181e-02, -1.3477e-01, +5.3460e-03, +7.6520e-02, +1.2940e-01, +2.5865e-01, +8.3013e-02, -5.9467e-02, -1.1705e-01, -1.0000e+00, -9.9322e-04, +7.9665e-02, -7.0801e-02, +1.3676e-01, -2.8239e-02, +6.3569e-02, +1.9242e-01, -7.9261e-03, -3.6874e-02, +9.0603e-03, -1.7912e-01, -8.5430e-02, +7.2419e-02, +1.5523e-01, -5.0198e-02, +9.0169e-02
-5.4949e-02, -3.3647e-02, -1.3597e-02, -2.9547e-02, -4.6043e-02, +1.3799e-01, -1.0933e-01, +6.7063e-02, +4.2758e-02, +4.6796e-02, +1.1404e-01, +1.8341e-02, +3.2070e-02, -8.9044e-02, +9.4622e-03, -7.2454e-03, +1.3050e-02, +9.0217e-02, +7.1173e-02, +5.2505e-02, +1.2903e-01, +8.4093e-02, +3.4443e-02, -2.9939e-02, +2.3872e-02, -5.1983e-03, +1.0421e-01, +1.6996e-02, -7.2548e-03, -1.1934e-02, +1.4905e-01, -2.8167e-02, -6.9141e-02, -9.9321e-04, -1.0000e+00, -1.0753e-01, -1.3285e-02, -8.7307e-02, +3.2841e-02, -8.5584e-02, +9.1958e-02, -1.0784e-01, +8.1345e-02, +7.6212e-03, +9.7881e-02, -3.5838e-02, +5.8276e-02, +4.2863e-02, +7.1932e-02, +2.1780e-02
-5.3816e-02, -1.9603e-01, -3.9102e-01, +3.5960e-02, +3.2205e-02, +1.3532e-01, -8.4940e-02, +1.3691e-01, -8.1492e-03, +4.9136e-01, +2.2738e-01, -4.6777e-02, +3.3976e-03, +1.6436e-02, -5.3437e-02, +2.0150e-01, -1.7273e-02, +8.8961e-02, +1.0303e-01, -1.3198e-01, +1.2069e-01, +4.0978e-02, -1.7123e-01, +6.6724e-02, -1.9608e-03, +1.0280e-02, +2.6434e-01, -9.0197e-02, +9.4901e-02, +2.3020e-02, +1.6104e-01, -4.2805e-02, -1.5797e-01, +7.9665e-02, -1.0753e-01, -1.0000e+00, -3.8112e-01, -5.2873e-02, -2.1524e-02, +2.8841e-02, -4.2655e-03, -1.8236e-01, -7.8303e-03, +8.4820e-02, +4.9025e-01, +2.0358e-02, -8.3531e-02, +2.4803e-01, -3.0446e-02, +8.7329e-02
+1.9098e-02, -1.0898e-01, -1.1191e-01, -3.7667e-02, -2.5295e-02, +1.7063e-01, +7.6178e-02, +9.4403e-02, +2.2080e-01, +1.0253e-02, +7.1602e-02, +1.1383e-02, -6.6028e-02, +1.3324e-01, +1.3960e-01, +9.6279e-02, +3.0575e-02, +6.8801e-02, +2.9608e-01, +1.9477e-01, +1.3749e-01, +1.0358e-01, +1.0257e-01, -1.2461e-02, -8.2666e-02, +1.2602e-01, -2.2050e-02, +4.3875e-01, +1.8794e-01, +1.7065e-01, +1.4984e-01, +5.8867e-02, -5.8869e-02, -7.0801e-02, -1.3285e-02, -3.8112e-01, -1.0000e+00, +4.5724e-01, -6.8918e-03, +1.8984e-02, +1.6003e-01, +3.1803e-02, +8.6114e-02, +7.9403e-02, +1.9531e-01, +1.2229e-01, -1.0085e-01, -3.9704e-02, -2.4129e-02, -6.8017e-02
-7.1947e-02, -2.1445e-02, +2.4589e-01, -4.6311e-02, -7.6031e-02, -2.2083e-01, -2.2774e-01, +2.9215e-01, -5.3792e-02, +7.2759e-02, -4.9882e-02, +9.7063e-02, +1.0741e-01, -2.6191e-01, -1.9387e-01, +2.0019e-01, -1.3524e-01, -8.8655e-02, -4.2262e-01, -6.5317e-02, -6.7624e-02, -1.8082e-01, -4.5350e-02, +2.0855e-02, -8.7699e-02, -5.4448e-03, -2.8159e-02, -4.0902e-01, -2.2116e-01, +4.1239e-02, -2.6656e-01, -1.4824e-01, -9.0626e-02, +1.3676e-01, -8.7307e-02, -5.2873e-02, +4.5724e-01, -1.0000e+00, -1.1838e-01, -1.6010e-01, -1.7894e-01, -1.1856e-01, +5.0687e-04, -5.9601e-02, +6.9047e-02, -1.7672e-01, -2.8007e-01, +3.2340e-01, -1.8897e-01, +9.7468e-02
+1.0394e-01, +4.7239e-02, +5.6739e-02, -1.7520e-01, -8.0750e-02, -1.8722e-01, -8.5500e-02, -5.9915e-02, +8.6753e-02, +6.6899e-02, -1.1107e-01, -6.4032e-02, +3.9762e-02, +2.6791e-02, -4.9311e-02, +7.3197e-02, +8.2142e-02, -1.4254e-02, -2.3312e-01, -1.6628e-02, -3.9466e-03, -3.7927e-02, +1.1099e-01, -8.6342e-03, +3.0517e-02, +8.9396e-03, -1.2613e-01, -7.8742e-02, -8.6861e-02, -9.4334e-02, -1.0210e-01, +3.4652e-02, -2.2982e-02, -2.8239e-02, +3.2841e-02, -2.1524e-02, -6.8918e-03, -1.1838e-01, -1.0000e+00, -1.4527e-01, -9.9567e-02, +3.2289e-02, -2.1538e-02, -1.0706e-01, -6.9618e-02, -6.7595e-02, -2.1066e-01, +1.5753e-01, -7.2420e-02, +6.4662e-02
+1.7321e-02, -1.0055e-01, +2.4590e-01, +4.4006e-02, -1.5007e-01, -1.6013e-02, -5.4850e-02, -8.6889e-03, +1.9067e-01, +7.3914e-02, -1.0329e-01, +5.7551e-02, +1.2351e-01, -1.1422e-01, +2.4727e-02, +1.7397e-01, +4.3856e-03, +5.6096e-03, -7.6293e-02, +2.3551e-02, +1.1701e-01, +1.1136e-02, +1.4210e-01, +1.0765e-01, -1.4545e-02, -3.1320e-02, -1.7185e-01, +2.0113e-02, -1.6637e-01, +1.0350e-02, -1.6766e-01, -1.2278e-01, -1.4319e-01, +6.3569e-02, -8.5584e-02, +2.8841e-02, +1.8984e-02, -1.6010e-01, -1.4527e-01, -1.0000e+00, -1.3806e-01, -1.3983e-01, -2.2284e-02, -4.8153e-02, -1.4795e-02, -6.0467e-02, -4.4484e-01, +2.5697e-01, +1.6855e-02, -3.5371e-02
+9.9576e-02, -7.8501e-02, +8.3424e-02, +1.0412e-01, +1.1130e-01, -1.0249e-01, +5.2056e-02, +5.1104e-03, +1.0899e-01, +9.6777e-02, -1.3166e-01, -4.2069e-02, +7.8409e-02, -2.6138e-01, -8.7889e-02, +1.1913e-01, +9.5845e-02, -9.0015e-02, -2.4078e-01, -1.2766e-02, -8.3306e-02, -9.9208e-02, +7.4542e-02, +2.3364e-02, -4.6450e-02, -3.2350e-02, -4.5021e-02, -1.7511e-01, +5.1320e-02, -1.5071e-02, -2.5875e-01, -8.5418e-02, -4.9837e-02, +1.9242e-01, +9.1958e-02, -4.2655e-03, +1.6003e-01, -1.7894e-01, -9.9567e-02, -1.3806e-01, -1.0000e+00, +1.9495e-01, +4.1565e-02, +2.6350e-02, +4.9234e-02, -9.3397e-02, -1.3400e-01, -3.9357e-03, -2.3107e-02, +5.7541e-02
-8.4938e-02, +3.9237e-02, +6.7718e-03, -1.1841e-01, -4.0349e-02, +2.1077e-01, -1.5784e-01, -2.2690e-02, -9.7085e-02, -1.4125e-02, +3.1271e-02, +6.9246e-02, +2.0778e-01, +1.7086e-01, +8.4949e-02, +2.5852e-02, -3.3156e-02, +8.2411e-02, +1.4238e-01, -1.1969e-01, +1.5315e-01, +1.0050e-02, -4.0156e-02, +1.5980e-01, +1.2930e-01, +7.8743e-02, +4.2397e-01, +2.8740e-02, -6.4603e-02, +1.3691e-02, +1.9692e-01, -6.6971e-02, +1.2386e-02, -7.9261e-03, -1.0784e-01, -1.8236e-01, +3.1803e-02, -1.1856e-01, +3.2289e-02, -1.3983e-01, +1.9495e-01, -1.0000e+00, +1.3934e-01, +3.2696e-03, -3.4488e-02, +1.2928e-01, -3.3503e-02, +1.5601e-01, -4.6915e-02, -9.2988e-02
-5.1876e-03, +9.1068e-02, -9.6640e-02, +5.7421e-02, +1.2982e-01, -7.6657e-02, +1.4628e-02, +2.8733e-02, -1.2518e-01, -1.9109e-03, -4.7474e-02, +3.0415e-02, -1.4041e-01, +8.2164e-02, +1.8990e-01, -5.9634e-03, -2.0762e-02, +7.2949e-02, +1.0037e-01, -4.9140e-03, -7.2061e-02, -7.1475e-02, -1.5655e-02, +2.8440e-02, -2.8117e-02, -7.6329e-02, -7.1589e-02, -5.2380e-02, +4.0781e-03, +7.9375e-03, -1.9282e-02, -1.2094e-01, +8.8390e-02, -3.6874e-02, +8.1345e-02, -7.8302e-03, +8.6114e-02, +5.0685e-04, -2.1538e-02, -2.2284e-02, +4.1565e-02, +1.3934e-01, -1.0000e+00, -5.6200e-02, -3.9243e-02, -1.5170e-02, -3.7321e-02, -2.8584e-03, +1.0819e-01, +1.0813e-01
+6.1999e-02, +6.2243e-02, +2.4418e-02, -4.3756e-02, +5.2797e-02, -2.2785e-02, -3.0944e-02, +2.5644e-03, +4.3985e-02, -2.7840e-02, -8.3017e-02, +4.6371e-02, -4.4415e-02, +1.7235e-02, +3.1661e-02, -4.7849e-02, -2.2842e-02, -2.6248e-02, -7.8524e-02, +7.8449e-02, -8.9430e-02, -8.6155e-02, -3.8483e-02, -1.9581e-03, +2.8511e-02, -2.6322e-02, -8.5860e-02, -3.8018e-02, -9.5129e-03, -4.1352e-02, -2.6000e-02, +3.3516e-02, +1.0694e-01, +9.0603e-03, +7.6212e-03, +8.4820e-02, +7.9403e-02, -5.9601e-02, -1.0706e-01, -4.8153e-02, +2.6350e-02, +3.2697e-03, -5.6200e-02, -1.0000e+00, -3.2401e-02, +5.2216e-02, -1.3045e-02, -2.7047e-02, -2.0500e-02, +6.0264e-02
-4.1478e-02, +4.2038e-01, +4.1456e-01, -2.6026e-01, -6.2399e-02, -1.4703e-01, -5.5974e-02, -1.0031e-01, -2.5168e-01, +7.0548e-02, -2.3419e-01, +2.0425e-03, -5.2138e-02, +2.5153e-01, +1.0489e-01, -1.5866e-01, +1.3263e-01, -1.6325e-01, +2.7401e-02, +1.3699e-01, -8.1721e-02, -7.1134e-02, +1.4835e-01, +4.2300e-02, -9.2573e-02, -2.8343e-01, -2.3479e-01, +1.6268e-01, -2.4473e-01, +1.4461e-01, -2.2107e-01, +1.7434e-01, +2.8671e-01, -1.7912e-01, +9.7881e-02, +4.9025e-01, +1.9531e-01, +6.9047e-02, -6.9618e-02, -1.4795e-02, +4.9234e-02, -3.4488e-02, -3.9243e-02, -3.2401e-02, -1.0000e+00, +3.9445e-02, -1.2712e-01, -1.4237e-01, -1.1569e-01, -8.3096e-02
-7.1801e-02, -2.6951e-01, -9.4094e-02, +1.0816e-01, -1.2282e-01, -1.2915e-01, -2.7092e-01, +3.9684e-01, +9.1365e-02, +5.3706e-02, +7.4431e-02, -1.1400e-01, +6.9355e-02, +5.5722e-03, +1.1901e-01, +7.0680e-03, +4.1806e-02, +4.3264e-02, -6.2104e-02, -1.2428e-02, +4.5176e-02, -3.4473e-02, +1.5316e-02, -8.3171e-02, -8.5781e-02, -5.0686e-02, -2.0434e-01, +5.7216e-02, +9.0736e-02, +1.4063e-01, +1.8503e-02, -3.9654e-03, -1.1834e-01, -8.5430e-02, -3.5838e-02, +2.0358e-02, +1.2229e-01, -1.7672e-01, -6.7595e-02, -6.0467e-02, -9.3397e-02, +1.2928e-01, -1.5170e-02, +5.2216e-02, +3.9445e-02, -1.0000e+00, -4.3293e-02, -1.0290e-01, +8.0262e-02, -2.7968e-02
+1.8876e-02, -9.4754e-02, +5.3498e-01, -9.7792e-02, -1.8731e-01, -1.9019e-01, +6.4001e-02, +7.6930e-02, +2.0584e-01, +2.7186e-01, -2.4241e-01, +3.0554e-02, +2.0683e-01, -2.0762e-02, -4.6156e-02, +1.8251e-01, -4.8051e-02, -1.4606e-01, -1.9303e-01, +8.2833e-02, +5.2670e-02, -6.7161e-02, -2.0560e-01, +7.3343e-02, -1.4167e-01, -1.2040e-02, -3.9732e-01, +5.6242e-02, -2.3043e-01, +4.7117e-02, -3.5649e-01, +4.5708e-02, -1.7246e-01, +7.2419e-02, +5.8276e-02, -8.3531e-02, -1.0085e-01, -2.8007e-01, -2.1066e-01, -4.4484e-01, -1.3400e-01, -3.3503e-02, -3.7321e-02, -1.3045e-02, -1.2712e-01, -4.3293e-02, -1.0000e+00, +4.0281e-01, -1.2460e-01, -4.6884e-02
+1.7639e-01, -1.5770e-01, -5.4976e-02, +1.6232e-01, +8.9326e-02, +3.0559e-02, +1.1038e-01, +1.1018e-01, +2.4923e-01, +1.4477e-02, +7.8527e-02, +1.8627e-02, -4.0210e-02, -1.1064e-01, +2.3135e-01, -3.3101e-01, -5.8507e-02, +2.0772e-02, +1.8609e-01, +3.3983e-01, -4.2902e-02, -2.7992e-02, -3.0820e-02, +1.0178e-01, +1.2831e-01, +9.7457e-02, +1.2781e-02, +2.6413e-01, +2.5957e-01, -7.8024e-02, +3.6703e-01, +1.7731e-01, +5.1264e-01, +1.5523e-01, +4.2863e-02, +2.4803e-01, -3.9704e-02, +3.2340e-01, +1.5753e-01, +2.5697e-01, -3.9357e-03, +1.5601e-01, -2.8584e-03, -2.7047e-02, -1.4237e-01, -1.0290e-01, +4.0281e-01, -1.0000e+00, +1.4195e-01, +4.3111e-02
+1.9232e-02, +1.8658e-01, +1.7963e-01, -5.8946e-02, -1.0874e-01, -4.3054e-02, -3.0547e-02, +7.4689e-02, +6.8313e-02, +5.7310e-02, -6.7309e-02, +9.2261e-02, +6.2428e-02, -1.0800e-01, -1.6103e-01, +6.4401e-02, -6.8436e-02, -1.3072e-01, -6.5371e-02, -1.7520e-02, -1.2224e-02, -1.2440e-01, -5.4637e-03, +4.3831e-02, +6.8859e-02, -6.3696e-02, +4.6068e-03, -1.0326e-01, -6.8184e-02, +6.2757e-02, -2.0815e-01, -2.7011e-02, -2.5784e-02, -5.0198e-02, +7.1932e-02, -3.0446e-02, -2.4129e-02, -1.8897e-01, -7.2420e-02, +1.6855e-02, -2.3107e-02, -4.6915e-02, +1.0819e-01, -2.0500e-02, -1.1569e-01, +8.0262e-02, -1.2460e-01, +1.4195e-01, -1.0000e+00, +3.1260e-02
-8.7581e-02, -4.1505e-02, +8.6310e-02, +3.6897e-02, -5.5992e-02, +9.5658e-02, -6.2043e-02, -5.8795e-02, -2.2459e-02, +8.8227e-02, +1.7012e-01, -2.0374e-01, +3.9705e-02, +1.7589e-02, +1.6751e-02, +1.6747e-01, +6.4450e-02, +7.5638e-03, +5.9364e-02, -9.1246e-02, +1.1715e-01, -6.3165e-04, +5.5690e-02, +8.0838e-02, -2.2581e-02, +1.8583e-01, +5.9251e-02, +5.1130e-02, -1.9086e-02, -3.7524e-02, +4.3570e-02, +1.7205e-01, -8.9175e-02, +9.0169e-02, +2.1780e-02, +8.7329e-02, -6.8017e-02, +9.7468e-02, +6.4662e-02, -3.5371e-02, +5.7541e-02, -9.2988e-02, +1.0813e-01, +6.0264e-02, -8.3096e-02, -2.7968e-02, -4.6884e-02, +4.3111e-02, +3.1260e-02, -1.0000e+00
