-1.0000e+00, +6.0783e-03, +1.2506e-02, -7.0426e-02, -4.3395e-02, +5.7306e-02, -2.1784e-02, -1.1305e-01, -2.7391e-01, -1.1159e-01, +9.1922e-03, -9.7151e-02, +2.3553e-02, +9.8915e-03, +3.0462e-02, +2.3592e-02, +1.0608e-01, +7.3212e-02, -7.9713e-03, +3.2222e-02, -6.3024e-02, -1.0064e-02, +5.8021e-02, +5.3652e-03, -9.4392e-02, -2.8859e-02, +2.3688e-02, -4.5427e-02, +1.1893e-02, +8.1739e-03, -1.0967e-03, +4.8133e-02, +4.6584e-02, +3.8358e-02, +1.2608e-02, -2.1720e-02, +1.2974e-02, +6.5007e-02, -4.1529e-02, +4.3316e-02, +1.6788e-02, +1.8574e-02, -4.8433e-03, +2.1105e-02, -5.7666e-03, -4.5813e-02, -7.4147e-02, +7.8738e-02, +2.6330e-02, -3.4877e-02
+6.0783e-03, -1.0000e+00, -3.9947e-03, -8.6316e-02, -4.8154e-02, -3.7365e-02, -6.2058e-02, -2.2779e-02, -3.5645e-02, -5.5051e-02, -5.4467e-02, +2.3435e-02, -1.9880e-02, -3.2563e-02, -4.4070e-02, +4.4271e-02, +9.3251e-02, -9.7833e-02, -3.3883e-02, -6.8259e-03, +3.3366e-02, +3.4346e-02, +2.0130e-01, -3.6677e-02, +2.9940e-02, -3.4891e-02, -5.9709e-02, -4.7119e-02, -5.7047e-02, +3.7877e-02, -3.5406e-02, +6.2255e-02, +5.8123e-03, +1.0291e-01, +1.7892e-02, +7.2933e-02, -5.2829e-04, -6.4397e-02, -2.3815e-02, +1.9511e-02, +1.2672e-02, +6.9053e-02, -2.8465e-03, +3.9395e-02, -4.1106e-02, -1.9932e-02, -7.8544e-02, +1.1747e-02, +1.7296e-02, -6.3208e-02
+1.2506e-02, -3.9947e-03, -1.0000e+00, +5.4911e-02, +5.1042e-02, -3.3898e-02, +1.3785e-02, +6.2121e-02, -1.9959e-02, -2.9735e-02, -1.0869e-02, -2.6942e-03, +4.1639e-02, -1.6268e-02, +9.8029e-02, -5.1364e-03, +2.1039e-02, -2.3203e-02, +2.9260e-02, -7.9396e-02, +4.8688e-02, -5.6855e-02, +4.3077e-02, -2.3000e-02, -3.3920e-02, -2.3013e-02, -3.5536e-02, -4.4746e-02, -4.4595e-02, +4.5423e-02, +4.1923e-02, -2.0611e-02, -9.7384e-03, +5.3250e-02, -7.1333e-02, +5.8426e-02, -1.9382e-02, -1.1313e-02, -1.4524e-02, -1.8859e-02, -5.8036e-02, -6.0759e-02, +2.2249e-02, -3.2813e-02, -1.3828e-02, -6.0188e-03, -1.4729e-02, -5.1180e-03, +3.8126e-02, +7.1178e-02
-7.0426e-02, -8.6316e-02, +5.4911e-02, -1.0000e+00, -1.7402e-03, -6.1492e-02, -3.6430e-02, -1.5732e-02, -1.1769e-02, -4.2883e-02, -7.3877e-02, -5.3739e-02, +4.3014e-02, -3.1281e-02, +9.0973e-02, +3.2658e-02, +1.3077e-01, -3.0316e-02, -1.3120e-01, -7.5171e-03, +4.9374e-02, +4.6566e-02, +1.7924e-01, -1.6966e-02, -2.7324e-02, -7.6043e-02, -1.1305e-01, -1.0759e-01, -1.0816e-01, -6.6684e-02, -8.7780e-02, +6.0088e-04, +2.5744e-02, -4.3595e-02, -2.9506e-02, +2.3420e-02, +2.4952e-02, -5.3193e-02, -9.8728e-03, -3.0116e-02, +2.8685e-02, -5.8737e-02, -7.8132e-02, -2.9153e-02, -4.1852e-02, -8.0779e-02, -5.8699e-02, +8.4902e-02, -4.1581e-02, +1.0615e-01
-4.3395e-02, -4.8154e-02, +5.1042e-02, -1.7402e-03, -1.0000e+00, -9.5006e-02, +3.2253e-02, +2.3358e-02, -1.1752e-02, +1.3164e-01, -3.2672e-02, -6.5113e-02, -9.3426e-03, -6.8084e-02, -5.8050e-02, +2.1322e-02, +5.6896e-02, +6.5665e-02, -1.0322e-01, +8.4667e-03, +2.8442e-02, -1.2517e-02, +4.7679e-02, -1.1831e-01, -3.2976e-02, -4.3705e-03, -1.4717e-01, -1.2790e-01, -7.5251e-02, -1.0948e-01, -1.1654e-01, -3.8279e-02, -3.9407e-02, +1.9543e-02, -1.0518e-01, +1.0609e-02, +3.4808e-02, -1.3456e-02, +2.8138e-02, -2.4366e-02, -2.7983e-02, -7.6813e-02, -5.9321e-03, -2.4291e-02, +4.9694e-02, -6.3653e-02, -1.2568e-02, +1.3799e-01, +1.0180e-01, -3.4273e-02
+5.7306e-02, -3.7365e-02, -3.3898e-02, -6.1492e-02, -9.5006e-02, -1.0000e+00, -1.3101e-02, +2.0476e-02, +9.2455e-02, +1.3288e-01, -8.4195e-02, -9.2202e-03, -1.7630e-03, -4.8664e-03, -1.2806e-01, -1.3423e-02, +1.6097e-02, -6.4756e-02, -1.4484e-01, +2.0772e-02, +1.3962e-02, -2.1104e-02, +5.3334e-02, -9.5449e-03, -8.1418e-02, -5.7352e-02, -1.4692e-01, -8.9225e-02, -4.9457e-02, -4.8557e-02, -1.6142e-01, -8.2272e-03, -9.7367e-02, +2.9568e-02, -2.5395e-02, +3.3422e-02, +1.0116e-01, -2.2565e-02, -5.8701e-03, +4.7867e-04, +3.1812e-02, -8.3952e-02, -7.5286e-03, -2.6476e-03, +6.1517e-02, -5.1899e-02, -1.1933e-01, +3.6940e-02, +8.6755e-03, +4.0637e-02
-2.1784e-02, -6.2058e-02, +1.3785e-02, -3.6430e-02, +3.2253e-02, -1.3101e-02, -1.0000e+00, -1.0687e-01, -6.0992e-02, -3.9880e-02, -7.3720e-02, -1.5920e-02, -2.3735e-02, -1.0557e-02, +2.6462e-02, -3.4905e-02, +1.2675e-01, -8.3853e-04, -4.0935e-02, +5.3880e-02, -4.6344e-03, -1.4657e-02, +1.3809e-01, -9.3300e-02, +1.6117e-02, -7.5882e-02, -9.5439e-02, -3.0125e-02, +3.0511e-02, -6.6109e-02, +4.1092e-03, +4.7676e-02, -2.1637e-02, +5.7268e-02, +1.9099e-02, +6.7185e-02, +6.5313e-02, -5.0849e-02, -3.9777e-02, +2.8940e-02, -1.7146e-02, -9.8806e-02, +2.0383e-02, -7.8489e-02, -7.5128e-02, -7.9439e-02, -5.7265e-02, -6.7187e-02, +3.8378e-02, -2.5208e-02
-1.1305e-01, -2.2779e-02, +6.2121e-02, -1.5732e-02, +2.3358e-02, +2.0476e-02, -1.0687e-01, -1.0000e+00, -8.7011e-02, -5.3530e-02, -8.9933e-02, -1.0591e-02, +9.1533e-03, +2.9151e-02, +3.0170e-02, +1.0229e-01, +1.1549e-01, -3.1740e-02, -3.9098e-02, -5.8743e-02, -6.1702e-03, +2.7288e-02, +2.7300e-01, +1.8760e-02, +1.2719e-02, -2.2201e-02, -2.3097e-02, +3.0393e-02, -2.4560e-02, -6.9291e-02, +4.1977e-02, +3.8409e-02, +1.1000e-02, +4.7037e-02, -9.3241e-07, -2.7018e-02, -2.5263e-02, -2.1172e-02, +1.9040e-03, +2.9310e-02, -4.3986e-02, +8.8669e-02, -6.8117e-02, -1.7440e-02, -1.6307e-01, +3.9274e-02, -1.1097e-01, -2.0119e-02, +3.7011e-02, +5.4550e-02
-2.7391e-01, -3.5645e-02, -1.9959e-02, -1.1769e-02, -1.1752e-02, +9.2455e-02, -6.0992e-02, -8.7011e-02, -1.0000e+00, -5.4623e-02, +1.8753e-02, +1.6621e-02, +2.4350e-02, +3.5745e-02, +3.5429e-02, +6.6392e-03, +2.4384e-02, +4.5782e-02, +3.4867e-02, +3.6916e-02, +3.5785e-03, -4.8035e-02, +1.1878e-01, +7.5434e-03, -7.9574e-02, +5.2307e-04, +6.8251e-02, +3.7328e-02, +1.3903e-01, +4.3762e-02, +1.1877e-01, -1.3958e-02, -4.3950e-03, +1.7399e-02, -1.4657e-02, -4.9049e-02, -4.3984e-02, +6.2570e-02, +6.3686e-02, +4.7629e-02, +2.7728e-02, -3.4862e-02, +8.6843e-03, -1.9389e-02, -9.3831e-02, -2.7821e-02, +4.5087e-02, +5.4306e-02, +3.0935e-02, +2.8309e-03
-1.1159e-01, -5.5051e-02, -2.9735e-02, -4.2883e-02, +1.3164e-01, +1.3288e-01, -3.9880e-02, -5.3530e-02, -5.4623e-02, -1.0000e+00, +6.1714e-02, +9.6498e-02, +9.8133e-03, -7.8792e-02, +2.2295e-01, +7.7072e-02, +2.4714e-01, +8.3148e-02, -7.4660e-03, +1.9990e-02, +5.6466e-02, -8.5661e-03, +2.8775e-01, +7.1910e-02, +1.2012e-01, -2.9485e-02, +5.1745e-02, +4.4012e-02, +5.3851e-02, +8.3444e-02, -5.1422e-03, +6.8929e-02, +4.2872e-01, -1.2489e-01, +4.4624e-03, +3.6448e-02, -2.5251e-02, +5.5829e-02, +2.7187e-02, +5.8244e-02, -2.2559e-02, +2.4714e-01, +4.5389e-02, +1.5923e-01, -1.3714e-01, +2.5911e-03, +7.0618e-02, -1.3858e-02, -3.1904e-01, -1.2977e-01
+9.1922e-03, -5.4467e-02, -1.0869e-02, -7.3877e-02, -3.2672e-02, -8.4195e-02, -7.3720e-02, -8.9933e-02, +1.8753e-02, +6.1714e-02, -1.0000e+00, -7.1772e-02, -4.5805e-02, -5.7333e-02, -8.6156e-02, -6.0355e-02, +6.6115e-02, -1.1319e-01, -1.8393e-01, -1.1077e-02, -5.5409e-02, -1.4928e-02, +1.4041e-01, +2.2185e-02, +6.1175e-03, -8.3127e-02, -1.0767e-01, -5.0309e-02, -2.8250e-02, -5.6889e-02, -8.2556e-02, -4.9083e-03, +2.6358e-02, +1.1532e-01, -3.1206e-02, +5.8627e-03, +1.0868e-01, -1.5213e-01, -3.0738e-02, +3.0323e-03, -8.3079e-02, -4.4742e-02, -3.1350e-02, -5.3926e-02, -8.9603e-02, -8.5098e-02, -1.8139e-01, +5.8157e-02, +7.5066e-04, +7.1077e-02
-9.7151e-02, +2.3435e-02, -2.6942e-03, -5.3739e-02, -6.5113e-02, -9.2202e-03, -1.5920e-02, -1.0591e-02, +1.6621e-02, +9.6498e-02, -7.1772e-02, -1.0000e+00, -4.0263e-02, -4.4125e-02, +3.9501e-02, +1.7808e-02, +8.7590e-02, -2.3145e-02, -4.0864e-02, +5.5421e-02, +1.2071e-02, +2.6239e-02, +8.5000e-02, -4.1001e-02, -3.2519e-02, -4.4432e-02, -5.2535e-02, -3.2706e-02, -1.3337e-02, +4.0191e-02, -6.4090e-02, +3.1789e-02, -4.8914e-02, +1.8449e-02, -1.5765e-02, -1.0143e-02, -2.0751e-02, -6.1099e-02, -1.1242e-02, +3.2180e-03, +2.3004e-02, -3.9405e-02, +2.5962e-02, +2.2033e-02, -6.3788e-02, -8.8128e-02, -4.8286e-02, +9.3499e-02, +6.0801e-02, +5.5775e-02
+2.3553e-02, -1.9880e-02, +4.1639e-02, +4.3014e-02, -9.3426e-03, -1.7630e-03, -2.3735e-02, +9.1533e-03, +2.4350e-02, +9.8133e-03, -4.5805e-02, -4.0263e-02, -1.0000e+00, +6.6841e-02, +4.7234e-02, +8.0817e-03, +5.3706e-02, +1.1988e-02, -1.9451e-02, -2.5312e-02, +1.8019e-03, -1.4597e-02, +7.5518e-02, -4.4767e-02, +3.9049e-02, -6.2169e-02, +2.8408e-02, +4.4187e-02, +3.5287e-02, +1.1880e-02, +3.2184e-02, -1.3410e-02, -3.7977e-03, -2.4961e-03, -3.1374e-02, +1.1339e-02, +3.5076e-02, -3.0323e-02, -4.1624e-02, -1.7636e-02, +8.8306e-02, +2.7738e-02, +5.5696e-03, -2.6810e-02, -1.7973e-01, -7.0462e-02, -2.2879e-02, +3.6916e-02, +6.5941e-02, -1.8891e-02
+9.8915e-03, -3.2563e-02, -1.6268e-02, -3.1281e-02, -6.8084e-02, -4.8664e-03, -1.0557e-02, +2.9151e-02, +3.5745e-02, -7.8792e-02, -5.7333e-02, -4.4125e-02, +6.6841e-02, -1.0000e+00, +6.0656e-02, -5.3429e-02, +8.6605e-02, -5.1428e-02, -1.3433e-01, +1.4050e-01, -2.3507e-02, +7.9139e-02, +1.2629e-01, -1.2961e-03, -3.9068e-03, -1.3311e-02, -6.5497e-02, -8.1285e-02, -8.1170e-03, +2.2905e-02, -3.8741e-02, -2.8034e-02, +7.2136e-02, -1.1684e-01, -6.3408e-02, -4.1308e-02, +5.6162e-02, -2.9699e-03, +1.9960e-02, +3.4177e-02, +1.7071e-02, -4.0312e-02, +1.1092e-03, -3.6103e-02, -9.6709e-02, -3.7837e-02, +6.8577e-02, -3.3141e-02, -5.1222e-02, -3.7346e-02
+3.0462e-02, -4.4070e-02, +9.8029e-02, +9.0973e-02, -5.8050e-02, -1.2806e-01, +2.6462e-02, +3.0170e-02, +3.5429e-02, +2.2295e-01, -8.6156e-02, +3.9501e-02, +4.7234e-02, +6.0656e-02, -1.0000e+00, -5.0604e-02, -7.9407e-02, -3.8319e-02, -1.0914e-01, -8.4168e-03, -1.6242e-02, +1.6849e-02, -1.7769e-01, -8.2640e-02, -2.5481e-02, +4.7725e-02, -8.4532e-02, -4.6789e-02, -1.5771e-02, +2.0254e-02, -6.8640e-02, -7.1936e-03, -4.4255e-02, +1.4885e-01, +4.1807e-03, +4.0949e-02, +6.4499e-02, -5.1881e-02, -6.1466e-02, +1.5192e-02, +1.0723e-03, -3.0855e-02, +2.7383e-02, -1.1473e-02, +5.5228e-02, -2.3381e-02, +1.2493e-02, +1.3846e-01, +8.5778e-03, +7.4782e-02
+2.3592e-02, +4.4271e-02, -5.1364e-03, +3.2658e-02, +2.1322e-02, -1.3423e-02, -3.4905e-02, +1.0229e-01, +6.6392e-03, +7.7072e-02, -6.0355e-02, +1.7808e-02, +8.0817e-03, -5.3429e-02, -5.0604e-02, -1.0000e+00, -9.5588e-03, -6.5228e-02, -1.3780e-02, -3.0157e-02, +2.0597e-02, +5.3712e-03, -1.0381e-01, +1.7184e-02, +2.4617e-02, +3.3686e-02, -2.5017e-02, +4.9493e-02, -3.9838e-02, -5.6304e-02, -7.3667e-02, +8.8720e-02, +3.2607e-02, -5.9984e-02, +2.5459e-02, +1.6294e-02, +6.4596e-02, -6.7735e-02, -2.7121e-02, -3.9592e-02, -5.4082e-02, -1.1579e-01, -9.1298e-02, -3.7298e-02, -5.2924e-02, -6.0421e-02, -1.3958e-01, +4.8570e-02, -4.1282e-02, +3.1366e-02
+1.0608e-01, +9.3251e-02, +2.1039e-02, +1.3077e-01, +5.6896e-02, +1.6097e-02, +1.2675e-01, +1.1549e-01, +2.4384e-02, +2.4714e-01, +6.6115e-02, +8.7590e-02, +5.3706e-02, +8.6605e-02, -7.9407e-02, -9.5588e-03, -1.0000e+00, +1.1773e-02, +1.2944e-01, -8.0786e-04, -6.3109e-03, -1.6870e-02, +1.9156e-01, +7.8548e-02, +2.4736e-02, +7.7904e-02, +1.2250e-01, +4.6226e-02, +1.2390e-01, +2.5220e-02, +1.7460e-01, -5.0803e-02, -8.0343e-02, -2.8362e-02, +4.1389e-02, +6.9712e-02, -9.4771e-04, +2.5298e-02, +4.6780e-02, -3.3580e-02, +5.6896e-02, -8.9915e-02, +7.1041e-03, -2.7686e-02, +1.4927e-01, +1.1617e-01, +4.9383e-02, -1.1267e-01, -1.8706e-02, +2.0808e-02
+7.3212e-02, -9.7833e-02, -2.3203e-02, -3.0316e-02, +6.5665e-02, -6.4756e-02, -8.3853e-04, -3.1740e-02, +4.5782e-02, +8.3148e-02, -1.1319e-01, -2.3145e-02, +1.1988e-02, -5.1428e-02, -3.8319e-02, -6.5228e-02, +1.1773e-02, -1.0000e+00, +8.2492e-02, -2.6589e-03, +1.0468e-02, +4.9032e-02, +1.4200e-02, +9.5020e-02, -6.3369e-02, -1.2738e-02, +9.6752e-03, -7.1991e-02, -3.1244e-02, +1.7251e-02, -1.3022e-02, -1.1098e-02, -7.0520e-02, +5.2336e-02, +9.3929e-03, -1.9979e-02, -2.2399e-02, -1.0655e-01, -7.5912e-03, -3.1374e-03, -3.1942e-02, -6.7341e-02, +2.4840e-02, +5.1142e-03, -1.4266e-02, +4.7055e-02, -6.3001e-02, +1.1924e-01, +4.7257e-02, +1.0300e-02
-7.9713e-03, -3.3883e-02, +2.9260e-02, -1.3120e-01, -1.0322e-01, -1.4484e-01, -4.0935e-02, -3.9098e-02, +3.4867e-02, -7.4660e-03, -1.8393e-01, -4.0864e-02, -1.9451e-02, -1.3433e-01, -1.0914e-01, -1.3780e-02, +1.2944e-01, +8.2492e-02, -1.0000e+00, -3.8306e-02, -5.4898e-03, -2.8627e-02, +1.6529e-01, -1.2107e-01, -9.0108e-02, -1.0523e-01, -1.3934e-01, -6.4569e-02, -7.8866e-03, -6.4773e-02, -1.4505e-01, +3.1273e-03, -6.8067e-03, -1.0561e-01, -6.9873e-02, -8.0979e-04, +1.9268e-01, -8.0074e-02, -1.3597e-01, -1.4346e-02, +1.1130e-02, +5.7099e-03, +4.0017e-03, -5.0465e-03, -9.9361e-02, -1.4227e-01, -1.9159e-01, +5.3354e-02, -6.9315e-02, +6.9530e-02
+3.2222e-02, -6.8259e-03, -7.9396e-02, -7.5171e-03, +8.4667e-03, +2.0772e-02, +5.3880e-02, -5.8743e-02, +3.6916e-02, +1.9990e-02, -1.1077e-02, +5.5421e-02, -2.5312e-02, +1.4050e-01, -8.4168e-03, -3.0157e-02, -8.0786e-04, -2.6589e-03, -3.8306e-02, -1.0000e+00, -3.1210e-02, -1.7304e-01, +1.9674e-02, -8.0287e-02, -5.9942e-02, +3.2034e-02, -8.3472e-02, +7.3030e-02, -1.1150e-02, -5.2879e-02, -9.9918e-02, -1.1286e-01, -7.9346e-03, +9.3336e-02, +1.2483e-02, +3.5722e-02, +7.4288e-03, -8.5430e-02, +8.0012e-03, -5.0105e-02, -9.7217e-02, +3.3321e-03, +3.0844e-02, -5.8942e-02, +1.3141e-02, +2.1656e-02, -9.4949e-02, +7.2309e-02, +4.8865e-02, -4.4285e-02
-6.3024e-02, +3.3366e-02, +4.8688e-02, +4.9374e-02, +2.8442e-02, +1.3962e-02, -4.6344e-03, -6.1702e-03, +3.5785e-03, +5.6466e-02, -5.5409e-02, +1.2071e-02, +1.8019e-03, -2.3507e-02, -1.6242e-02, +2.0597e-02, -6.3109e-03, +1.0468e-02, -5.4898e-03, -3.1210e-02, -1.0000e+00, +1.7582e-02, -3.6134e-02, +1.4296e-02, -3.3793e-03, -2.7788e-02, +5.2720e-02, +2.3947e-02, -2.8803e-02, -2.2458e-02, +3.9683e-02, -1.0627e-02, +1.8801e-03, +7.2230e-02, -1.3682e-02, +1.2653e-02, -2.5940e-03, -7.9733e-03, -1.6629e-02, -1.3093e-02, -1.6542e-03, -9.6347e-03, -5.1863e-02, +2.7556e-02, -2.5403e-02, +5.3714e-02, -5.4414e-02, -2.3006e-02, +4.0304e-02, +7.5635e-02
-1.0064e-02, +3.4346e-02, -5.6855e-02, +4.6566e-02, -1.2517e-02, -2.1104e-02, -1.4657e-02, +2.7288e-02, -4.8035e-02, -8.5661e-03, -1.4928e-02, +2.6239e-02, -1.4597e-02, +7.9139e-02, +1.6849e-02, +5.3712e-03, -1.6870e-02, +4.9032e-02, -2.8627e-02, -1.7304e-01, +1.7582e-02, -1.0000e+00, +4.3099e-02, -1.2369e-01, -3.4320e-02, +3.6122e-02, +7.0137e-03, +4.1749e-02, +5.3253e-02, +7.2619e-04, -7.1330e-02, +1.4261e-02, +3.1829e-02, +6.1758e-02, +9.3451e-03, +5.0700e-02, +2.8102e-02, +3.6182e-02, -9.1151e-03, +1.7137e-02, -9.3848e-02, +6.3264e-02, +4.6060e-02, +9.4105e-02, -2.2562e-02, -2.8449e-03, -3.4130e-02, +4.5635e-03, -3.5304e-02, +3.0929e-02
+5.8021e-02, +2.0130e-01, +4.3077e-02, +1.7924e-01, +4.7679e-02, +5.3334e-02, +1.3809e-01, +2.7300e-01, +1.1878e-01, +2.8775e-01, +1.4041e-01, +8.5000e-02, +7.5518e-02, +1.2629e-01, -1.7769e-01, -1.0381e-01, +1.9156e-01, +1.4200e-02, +1.6529e-01, +1.9674e-02, -3.6134e-02, +4.3099e-02, -1.0000e+00, +4.8752e-03, -1.2460e-02, +1.2220e-01, +7.3926e-02, +1.0821e-01, +2.3367e-02, +5.9704e-02, +6.9345e-02, +2.7437e-02, -5.2393e-02, -9.3980e-02, +1.0042e-01, -2.8907e-02, -1.9895e-02, +1.9875e-02, -3.6639e-02, -5.8307e-02, +8.9182e-02, -1.8240e-01, -3.6298e-02, -1.0772e-01, +1.8100e-01, +9.9676e-02, +1.4013e-01, -1.1642e-01, +4.9911e-02, +1.1524e-01
+5.3653e-03, -3.6677e-02, -2.3000e-02, -1.6966e-02, -1.1831e-01, -9.5449e-03, -9.3300e-02, +1.8760e-02, +7.5434e-03, +7.1910e-02, +2.2185e-02, -4.1001e-02, -4.4767e-02, -1.2961e-03, -8.2640e-02, +1.7184e-02, +7.8548e-02, +9.5020e-02, -1.2107e-01, -8.0286e-02, +1.4296e-02, -1.2369e-01, +4.8752e-03, -1.0000e+00, -3.0965e-02, -7.6874e-02, -1.0917e-01, -2.8528e-02, +4.4048e-02, -3.9321e-02, -1.3484e-01, -1.7408e-02, -3.3875e-02, +9.4655e-02, -1.0936e-01, +4.1007e-02, +8.2450e-02, -9.3825e-03, -8.2901e-02, +2.9416e-02, +5.3913e-02, -8.9109e-02, +1.5951e-02, -3.9612e-02, +5.0364e-02, -1.3330e-01, -4.2328e-02, +2.1917e-02, +1.5844e-02, +2.5092e-02
-9.4392e-02, +2.9940e-02, -3.3920e-02, -2.7324e-02, -3.2976e-02, -8.1418e-02, +1.6117e-02, +1.2719e-02, -7.9574e-02, +1.2012e-01, +6.1175e-03, -3.2519e-02, +3.9049e-02, -3.9068e-03, -2.5481e-02, +2.4617e-02, +2.4736e-02, -6.3369e-02, -9.0108e-02, -5.9942e-02, -3.3793e-03, -3.4320e-02, -1.2460e-02, -3.0965e-02, -1.0000e+00, -4.8940e-04, -9.4214e-02, -3.6353e-02, -4.9458e-03, -2.6146e-02, -3.9149e-02, +3.6059e-02, -6.2927e-02, +3.6590e-02, -6.8343e-02, -7.3249e-03, +5.5745e-02, +9.7301e-03, -3.2198e-02, -6.9719e-02, -6.0566e-02, -2.8841e-02, +4.2426e-02, -1.8829e-02, -5.2367e-02, -8.1298e-02, -1.0081e-01, +6.9623e-02, +1.0999e-01, +3.2943e-02
-2.8859e-02, -3.4891e-02, -2.3013e-02, -7.6043e-02, -4.3705e-03, -5.7352e-02, -7.5882e-02, -2.2201e-02, +5.2306e-04, -2.9485e-02, -8.3127e-02, -4.4432e-02, -6.2169e-02, -1.3311e-02, +4.7725e-02, +3.3686e-02, +7.7904e-02, -1.2738e-02, -1.0523e-01, +3.2034e-02, -2.7788e-02, +3.6122e-02, +1.2220e-01, -7.6874e-02, -4.8940e-04, -1.0000e+00, -9.9223e-02, -1.0886e-02, -6.1180e-02, -9.6197e-02, -1.1306e-01, -1.7611e-02, +1.3505e-04, +6.7891e-02, -2.7798e-03, +5.4202e-02, +6.3500e-02, +9.5751e-03, +1.5754e-03, +9.1757e-02, -8.9017e-02, -4.0216e-02, +2.6608e-03, +3.8872e-02, -7.4080e-02, -3.1439e-02, -8.7280e-02, +2.2744e-02, -1.5180e-03, +6.7480e-02
+2.3688e-02, -5.9709e-02, -3.5536e-02, -1.1305e-01, -1.4717e-01, -1.4692e-01, -9.5439e-02, -2.3097e-02, +6.8251e-02, +5.1745e-02, -1.0767e-01, -5.2535e-02, +2.8408e-02, -6.5497e-02, -8.4532e-02, -2.5017e-02, +1.2250e-01, +9.6752e-03, -1.3934e-01, -8.3472e-02, +5.2720e-02, +7.0137e-03, +7.3926e-02, -1.0917e-01, -9.4214e-02, -9.9223e-02, -1.0000e+00, -1.5690e-01, -1.7119e-01, -7.8092e-02, -1.5319e-01, -6.0392e-03, -8.1263e-02, +3.1225e-02, -3.6532e-02, +2.7502e-02, +1.6333e-01, -7.1082e-02, -5.8561e-02, +1.6694e-03, -8.6974e-02, -9.8844e-02, -6.0788e-03, -3.1352e-02, +2.3442e-03, -1.2266e-01, -1.7644e-01, +1.0173e-01, +3.8094e-02, +5.9548e-02
-4.5427e-02, -4.7119e-02, -4.4746e-02, -1.0759e-01, -1.2790e-01, -8.9225e-02, -3.0125e-02, +3.0393e-02, +3.7328e-02, +4.4012e-02, -5.0309e-02, -3.2707e-02, +4.4187e-02, -8.1285e-02, -4.6789e-02, +4.9493e-02, +4.6226e-02, -7.1991e-02, -6.4569e-02, +7.3030e-02, +2.3947e-02, +4.1749e-02, +1.0821e-01, -2.8528e-02, -3.6353e-02, -1.0886e-02, -1.5690e-01, -1.0000e+00, -9.6645e-02, +9.4929e-03, -1.0568e-01, -1.4688e-03, -8.8386e-02, -6.6882e-03, -9.6838e-02, +7.9405e-02, +1.2619e-01, -6.2413e-02, -4.4580e-02, -3.2893e-02, -1.1677e-03, -7.1059e-02, +4.9946e-03, -3.1722e-02, -3.7236e-02, -8.4925e-02, -8.6022e-02, +9.7880e-02, +3.8723e-02, -5.5956e-03
+1.1893e-02, -5.7047e-02, -4.4595e-02, -1.0816e-01, -7.5251e-02, -4.9457e-02, +3.0511e-02, -2.4560e-02, +1.3903e-01, +5.3851e-02, -2.8250e-02, -1.3337e-02, +3.5287e-02, -8.1170e-03, -1.5771e-02, -3.9838e-02, +1.2390e-01, -3.1244e-02, -7.8866e-03, -1.1150e-02, -2.8803e-02, +5.3253e-02, +2.3367e-02, +4.4048e-02, -4.9458e-03, -6.1180e-02, -1.7119e-01, -9.6645e-02, -1.0000e+00, -9.5197e-03, -8.3651e-02, -2.4943e-02, -4.8400e-02, +6.8905e-02, -2.4745e-02, -4.9519e-04, +3.3574e-02, -7.4936e-02, -3.8534e-02, +1.8325e-03, -4.6711e-02, -1.1998e-02, +3.0537e-02, +1.1213e-02, +2.2244e-02, +8.1393e-02, -4.8410e-02, +9.2252e-02, +6.2901e-03, +5.4589e-02
+8.1739e-03, +3.7877e-02, +4.5423e-02, -6.6684e-02, -1.0948e-01, -4.8557e-02, -6.6109e-02, -6.9291e-02, +4.3762e-02, +8.3444e-02, -5.6889e-02, +4.0191e-02, +1.1880e-02, +2.2905e-02, +2.0254e-02, -5.6304e-02, +2.5220e-02, +1.7251e-02, -6.4773e-02, -5.2879e-02, -2.2458e-02, +7.2619e-04, +5.9704e-02, -3.9321e-02, -2.6146e-02, -9.6197e-02, -7.8092e-02, +9.4929e-03, -9.5197e-03, -1.0000e+00, -6.4157e-02, -5.6298e-02, -3.1992e-02, +8.4473e-02, +2.4340e-02, +3.3736e-02, +8.6000e-02, -6.4970e-02, -5.0314e-02, -3.0128e-02, -2.9163e-02, -5.5228e-03, +4.5159e-03, -1.3163e-02, +1.8525e-02, -4.3116e-03, -1.1739e-01, +6.1841e-02, +1.8304e-03, +4.9085e-02
-1.0967e-03, -3.5406e-02, +4.1923e-02, -8.7780e-02, -1.1654e-01, -1.6142e-01, +4.1093e-03, +4.1977e-02, +1.1877e-01, -5.1422e-03, -8.2556e-02, -6.4090e-02, +3.2184e-02, -3.8741e-02, -6.8640e-02, -7.3666e-02, +1.7460e-01, -1.3022e-02, -1.4505e-01, -9.9918e-02, +3.9683e-02, -7.1330e-02, +6.9345e-02, -1.3484e-01, -3.9149e-02, -1.1306e-01, -1.5319e-01, -1.0568e-01, -8.3651e-02, -6.4157e-02, -1.0000e+00, -1.1158e-01, -9.7873e-02, +5.6490e-02, -9.7290e-03, +6.9022e-02, +1.1043e-01, -4.0503e-02, +2.4394e-02, +3.2303e-02, -1.0504e-01, -6.3636e-02, -4.0700e-02, +2.5428e-02, +7.0780e-02, -6.1197e-02, -1.2268e-01, +1.8197e-01, -3.5513e-02, +5.6181e-02
+4.8133e-02, +6.2255e-02, -2.0611e-02, +6.0087e-04, -3.8279e-02, -8.2272e-03, +4.7676e-02, +3.8409e-02, -1.3958e-02, +6.8929e-02, -4.9083e-03, +3.1789e-02, -1.3410e-02, -2.8034e-02, -7.1936e-03, +8.8720e-02, -5.0803e-02, -1.1098e-02, +3.1273e-03, -1.1286e-01, -1.0627e-02, +1.4261e-02, +2.7437e-02, -1.7408e-02, +3.6059e-02, -1.7611e-02, -6.0392e-03, -1.4688e-03, -2.4943e-02, -5.6298e-02, -1.1158e-01, -1.0000e+00, +5.1781e-02, +1.1312e-01, +2.4444e-03, +5.1971e-02, +2.0820e-02, -3.5936e-02, -6.4224e-02, +6.2579e-02, -8.4244e-02, -1.3280e-02, +1.0748e-02, +1.6868e-02, -3.1451e-03, -5.4269e-02, -2.5792e-02, +8.9584e-02, +3.5188e-02, +8.7432e-02
+4.6584e-02, +5.8123e-03, -9.7384e-03, +2.5744e-02, -3.9407e-02, -9.7367e-02, -2.1637e-02, +1.1000e-02, -4.3951e-03, +4.2872e-01, +2.6358e-02, -4.8914e-02, -3.7977e-03, +7.2136e-02, -4.4255e-02, +3.2607e-02, -8.0343e-02, -7.0520e-02, -6.8068e-03, -7.9346e-03, +1.8801e-03, +3.1829e-02, -5.2393e-02, -3.3875e-02, -6.2927e-02, +1.3505e-04, -8.1263e-02, -8.8386e-02, -4.8400e-02, -3.1992e-02, -9.7873e-02, +5.1781e-02, -1.0000e+00, -4.2491e-02, +1.9774e-02, +4.8199e-02, +6.3656e-02, -1.7440e-02, -5.3066e-03, -1.3391e-02, -4.3630e-02, -2.1861e-01, -3.3457e-02, +2.1237e-02, +1.6472e-01, -3.7417e-03, -8.9602e-02, +1.1842e-01, +6.9532e-02, +1.3545e-01
+3.8358e-02, +1.0291e-01, +5.3250e-02, -4.3595e-02, +1.9543e-02, +2.9568e-02, +5.7268e-02, +4.7037e-02, +1.7399e-02, -1.2489e-01, +1.1532e-01, +1.8449e-02, -2.4961e-03, -1.1684e-01, +1.4885e-01, -5.9984e-02, -2.8362e-02, +5.2336e-02, -1.0561e-01, +9.3336e-02, +7.2230e-02, +6.1758e-02, -9.3980e-02, +9.4655e-02, +3.6590e-02, +6.7891e-02, +3.1225e-02, -6.6882e-03, +6.8905e-02, +8.4473e-02, +5.6490e-02, +1.1312e-01, -4.2491e-02, -1.0000e+00, -3.6439e-02, -2.1985e-02, +7.4425e-02, +7.4593e-02, +5.1596e-02, -1.5668e-02, +2.0498e-02, -1.7509e-01, -2.3251e-02, -1.3909e-01, -5.3402e-02, +1.0679e-01, +1.2920e-01, -1.1210e-01, -7.3325e-02, -4.1025e-02
+1.2608e-02, +1.7892e-02, -7.1333e-02, -2.9506e-02, -1.0518e-01, -2.5395e-02, +1.9099e-02, -9.2080e-07, -1.4657e-02, +4.4624e-03, -3.1206e-02, -1.5765e-02, -3.1374e-02, -6.3408e-02, +4.1807e-03, +2.5459e-02, +4.1389e-02, +9.3929e-03, -6.9873e-02, +1.2483e-02, -1.3682e-02, +9.3451e-03, +1.0042e-01, -1.0936e-01, -6.8343e-02, -2.7798e-03, -3.6532e-02, -9.6838e-02, -2.4745e-02, +2.4340e-02, -9.7290e-03, +2.4444e-03, +1.9774e-02, -3.6439e-02, -1.0000e+00, +9.5464e-03, +1.7493e-02, -2.9750e-02, -3.7565e-03, +2.0728e-02, +4.1292e-02, -2.1040e-02, +3.8548e-02, -4.1810e-02, -7.6656e-02, -2.5270e-02, +3.6420e-02, +4.9995e-02, -7.1905e-03, -1.4168e-02
-2.1720e-02, +7.2933e-02, +5.8426e-02, +2.3420e-02, +1.0609e-02, +3.3422e-02, +6.7185e-02, -2.7018e-02, -4.9049e-02, +3.6448e-02, +5.8627e-03, -1.0143e-02, +1.1339e-02, -4.1308e-02, +4.0949e-02, +1.6294e-02, +6.9712e-02, -1.9979e-02, -8.0979e-04, +3.5722e-02, +1.2653e-02, +5.0700e-02, -2.8907e-02, +4.1007e-02, -7.3249e-03, +5.4202e-02, +2.7502e-02, +7.9405e-02, -4.9520e-04, +3.3736e-02, +6.9022e-02, +5.1971e-02, +4.8199e-02, -2.1985e-02, +9.5464e-03, -1.0000e+00, -4.6821e-02, +3.4090e-02, +3.3795e-02, -4.6228e-03, +2.2749e-02, +4.5396e-03, -4.2308e-02, -6.9685e-02, -5.8782e-02, -1.8328e-02, +5.7141e-02, -4.8080e-02, -1.5313e-02, +8.2673e-03
+1.2974e-02, -5.2831e-04, -1.9382e-02, +2.4952e-02, +3.4808e-02, +1.0116e-01, +6.5313e-02, -2.5263e-02, -4.3984e-02, -2.5251e-02, +1.0868e-01, -2.0751e-02, +3.5076e-02, +5.6162e-02, +6.4499e-02, +6.4596e-02, -9.4771e-04, -2.2399e-02, +1.9268e-01, +7.4288e-03, -2.5940e-03, +2.8102e-02, -1.9895e-02, +8.2450e-02, +5.5745e-02, +6.3500e-02, +1.6333e-01, +1.2619e-01, +3.3574e-02, +8.6000e-02, +1.1043e-01, +2.0820e-02, +6.3656e-02, +7.4425e-02, +1.7493e-02, -4.6821e-02, -1.0000e+00, +8.7304e-02, +7.6660e-02, -7.0944e-02, +9.8026e-03, +9.4574e-02, +6.6241e-02, +3.5981e-02, +1.9479e-02, +4.6712e-02, +6.6029e-02, +1.0584e-01, +2.0284e-02, -4.5634e-02
+6.5007e-02, -6.4397e-02, -1.1313e-02, -5.3193e-02, -1.3456e-02, -2.2565e-02, -5.0849e-02, -2.1172e-02, +6.2570e-02, +5.5830e-02, -1.5213e-01, -6.1099e-02, -3.0323e-02, -2.9699e-03, -5.1881e-02, -6.7735e-02, +2.5298e-02, -1.0655e-01, -8.0074e-02, -8.5430e-02, -7.9733e-03, +3.6182e-02, +1.9875e-02, -9.3825e-03, +9.7301e-03, +9.5751e-03, -7.1082e-02, -6.2413e-02, -7.4936e-02, -6.4970e-02, -4.0503e-02, -3.5936e-02, -1.7440e-02, +7.4593e-02, -2.9750e-02, +3.4090e-02, +8.7304e-02, -1.0000e+00, -6.2082e-02, -1.3768e-02, -5.8325e-02, -1.3321e-02, -8.6504e-03, -4.0359e-02, -1.6303e-02, +2.0202e-02, -5.9218e-02, +1.4800e-01, -3.7973e-02, +5.7352e-03
-4.1529e-02, -2.3815e-02, -1.4524e-02, -9.8728e-03, +2.8138e-02, -5.8701e-03, -3.9777e-02, +1.9040e-03, +6.3686e-02, +2.7187e-02, -3.0738e-02, -1.1242e-02, -4.1624e-02, +1.9960e-02, -6.1466e-02, -2.7121e-02, +4.6780e-02, -7.5912e-03, -1.3597e-01, +8.0012e-03, -1.6629e-02, -9.1151e-03, -3.6639e-02, -8.2901e-02, -3.2198e-02, +1.5754e-03, -5.8561e-02, -4.4580e-02, -3.8534e-02, -5.0314e-02, +2.4394e-02, -6.4224e-02, -5.3066e-03, +5.1596e-02, -3.7565e-03, +3.3795e-02, +7.6660e-02, -6.2082e-02, -1.0000e+00, -1.7020e-02, +9.5303e-02, -4.1627e-02, -2.4340e-02, -1.3756e-02, +7.8183e-02, +4.7489e-03, -1.9505e-01, +3.7665e-02, +1.7438e-02, +9.8541e-02
+4.3316e-02, +1.9511e-02, -1.8859e-02, -3.0116e-02, -2.4366e-02, +4.7867e-04, +2.8940e-02, +2.9310e-02, +4.7629e-02, +5.8244e-02, +3.0323e-03, +3.2180e-03, -1.7636e-02, +3.4177e-02, +1.5192e-02, -3.9592e-02, -3.3580e-02, -3.1374e-03, -1.4346e-02, -5.0105e-02, -1.3093e-02, +1.7137e-02, -5.8307e-02, +2.9416e-02, -6.9719e-02, +9.1757e-02, +1.6694e-03, -3.2893e-02, +1.8325e-03, -3.0128e-02, +3.2303e-02, +6.2579e-02, -1.3391e-02, -1.5668e-02, +2.0728e-02, -4.6229e-03, -7.0944e-02, -1.3768e-02, -1.7020e-02, -1.0000e+00, +4.0503e-02, +2.5414e-02, +7.7138e-02, -8.2524e-02, -1.4254e-02, +3.0320e-03, -1.6458e-02, -9.4084e-03, -1.0209e-01, +1.0558e-02
+1.6788e-02, +1.2672e-02, -5.8036e-02, +2.8685e-02, -2.7983e-02, +3.1812e-02, -1.7146e-02, -4.3986e-02, +2.7728e-02, -2.2559e-02, -8.3079e-02, +2.3004e-02, +8.8306e-02, +1.7071e-02, +1.0723e-03, -5.4082e-02, +5.6896e-02, -3.1942e-02, +1.1130e-02, -9.7217e-02, -1.6542e-03, -9.3848e-02, +8.9182e-02, +5.3913e-02, -6.0566e-02, -8.9017e-02, -8.6974e-02, -1.1677e-03, -4.6711e-02, -2.9163e-02, -1.0504e-01, -8.4244e-02, -4.3630e-02, +2.0498e-02, +4.1292e-02, +2.2749e-02, +9.8026e-03, -5.8325e-02, +9.5303e-02, +4.0503e-02, -1.0000e+00, +4.3272e-02, -7.9400e-02, +3.1186e-02, +2.8706e-02, +2.9141e-02, -1.0225e-01, +1.0024e-01, -4.2396e-02, +4.4954e-03
+1.8574e-02, +6.9053e-02, -6.0759e-02, -5.8737e-02, -7.6813e-02, -8.3952e-02, -9.8806e-02, +8.8669e-02, -3.4862e-02, +2.4714e-01, -4.4742e-02, -3.9405e-02, +2.7738e-02, -4.0312e-02, -3.0855e-02, -1.1579e-01, -8.9915e-02, -6.7341e-02, +5.7099e-03, +3.3321e-03, -9.6347e-03, +6.3264e-02, -1.8240e-01, -8.9109e-02, -2.8841e-02, -4.0216e-02, -9.8844e-02, -7.1059e-02, -1.1998e-02, -5.5228e-03, -6.3636e-02, -1.3280e-02, -2.1861e-01, -1.7509e-01, -2.1040e-02, +4.5397e-03, +9.4574e-02, -1.3321e-02, -4.1627e-02, +2.5414e-02, +4.3272e-02, -1.0000e+00, -8.7864e-02, -2.2799e-01, -3.6001e-03, -7.2330e-02, -5.0308e-02, -1.3169e-02, +1.4692e-01, +6.9592e-02
-4.8433e-03, -2.8465e-03, +2.2249e-02, -7.8132e-02, -5.9321e-03, -7.5286e-03, +2.0383e-02, -6.8117e-02, +8.6843e-03, +4.5389e-02, -3.1350e-02, +2.5962e-02, +5.5696e-03, +1.1092e-03, +2.7383e-02, -9.1298e-02, +7.1041e-03, +2.4840e-02, +4.0017e-03, +3.0844e-02, -5.1863e-02, +4.6060e-02, -3.6298e-02, +1.5951e-02, +4.2426e-02, +2.6608e-03, -6.0788e-03, +4.9946e-03, +3.0537e-02, +4.5159e-03, -4.0700e-02, +1.0748e-02, -3.3457e-02, -2.3251e-02, +3.8548e-02, -4.2308e-02, +6.6241e-02, -8.6504e-03, -2.4340e-02, +7.7138e-02, -7.9400e-02, -8.7864e-02, -1.0000e+00, +5.3362e-03, -4.8901e-02, +3.0741e-02, +4.9607e-02, +2.4838e-02, +3.1206e-02, +5.5880e-02
+2.1105e-02, +3.9395e-02, -3.2813e-02, -2.9153e-02, -2.4291e-02, -2.6476e-03, -7.8489e-02, -1.7440e-02, -1.9389e-02, +1.5923e-01, -5.3926e-02, +2.2033e-02, -2.6810e-02, -3.6103e-02, -1.1473e-02, -3.7298e-02, -2.7686e-02, +5.1142e-03, -5.0465e-03, -5.8942e-02, +2.7556e-02, +9.4105e-02, -1.0772e-01, -3.9612e-02, -1.8829e-02, +3.8872e-02, -3.1352e-02, -3.1722e-02, +1.1213e-02, -1.3163e-02, +2.5428e-02, +1.6868e-02, +2.1237e-02, -1.3909e-01, -4.1810e-02, -6.9685e-02, +3.5981e-02, -4.0359e-02, -1.3756e-02, -8.2524e-02, +3.1186e-02, -2.2799e-01, +5.3362e-03, -1.0000e+00, +3.3754e-02, -2.5235e-02, -8.4468e-03, -1.0188e-01, +3.3719e-02, -4.5543e-02
-5.7666e-03, -4.1106e-02, -1.3828e-02, -4.1852e-02, +4.9694e-02, +6.1517e-02, -7.5128e-02, -1.6307e-01, -9.3831e-02, -1.3714e-01, -8.9603e-02, -6.3788e-02, -1.7973e-01, -9.6709e-02, +5.5228e-02, -5.2924e-02, +1.4927e-01, -1.4266e-02, -9.9361e-02, +1.3141e-02, -2.5403e-02, -2.2562e-02, +1.8100e-01, +5.0364e-02, -5.2367e-02, -7.4080e-02, +2.3442e-03, -3.7236e-02, +2.2244e-02, +1.8525e-02, +7.0780e-02, -3.1451e-03, +1.6472e-01, -5.3402e-02, -7.6656e-02, -5.8782e-02, +1.9479e-02, -1.6303e-02, +7.8183e-02, -1.4254e-02, +2.8706e-02, -3.6001e-03, -4.8901e-02, +3.3754e-02, -1.0000e+00, -1.8856e-02, +4.5989e-02, +1.1854e-01, -1.2854e-01, -6.3126e-02
-4.5813e-02, -1.9932e-02, -6.0188e-03, -8.0779e-02, -6.3653e-02, -5.1899e-02, -7.9439e-02, +3.9274e-02, -2.7821e-02, +2.5911e-03, -8.5098e-02, -8.8128e-02, -7.0462e-02, -3.7837e-02, -2.3381e-02, -6.0421e-02, +1.1617e-01, +4.7055e-02, -1.4227e-01, +2.1656e-02, +5.3714e-02, -2.8449e-03, +9.9676e-02, -1.3330e-01, -8.1298e-02, -3.1439e-02, -1.2266e-01, -8.4925e-02, +8.1393e-02, -4.3116e-03, -6.1197e-02, -5.4269e-02, -3.7417e-03, +1.0679e-01, -2.5270e-02, -1.8328e-02, +4.6712e-02, +2.0202e-02, +4.7489e-03, +3.0319e-03, +2.9141e-02, -7.2330e-02, +3.0741e-02, -2.5235e-02, -1.8856e-02, -1.0000e+00, -4.6819e-02, +1.5614e-02, +9.4055e-02, -3.0323e-02
-7.4147e-02, -7.8544e-02, -1.4729e-02, -5.8699e-02, -1.2568e-02, -1.1933e-01, -5.7265e-02, -1.1097e-01, +4.5087e-02, +7.0618e-02, -1.8139e-01, -4.8286e-02, -2.2879e-02, +6.8577e-02, +1.2493e-02, -1.3958e-01, +4.9383e-02, -6.3001e-02, -1.9159e-01, -9.4949e-02, -5.4414e-02, -3.4130e-02, +1.4013e-01, -4.2328e-02, -1.0081e-01, -8.7280e-02, -1.7644e-01, -8.6022e-02, -4.8410e-02, -1.1739e-01, -1.2268e-01, -2.5792e-02, -8.9602e-02, +1.2920e-01, +3.6420e-02, +5.7141e-02, +6.6029e-02, -5.9218e-02, -1.9505e-01, -1.6458e-02, -1.0225e-01, -5.0308e-02, +4.9607e-02, -8.4467e-03, +4.5989e-02, -4.6819e-02, -1.0000e+00, +9.6329e-02, -8.6585e-03, +6.0512e-02
+7.8738e-02, +1.1747e-02, -5.1180e-03, +8.4902e-02, +1.3799e-01, +3.6940e-02, -6.7187e-02, -2.0119e-02, +5.4306e-02, -1.3858e-02, +5.8157e-02, +9.3499e-02, +3.6916e-02, -3.3141e-02, +1.3846e-01, +4.8570e-02, -1.1267e-01, +1.1924e-01, +5.3354e-02, +7.2309e-02, -2.3006e-02, +4.5635e-03, -1.1642e-01, +2.1917e-02, +6.9623e-02, +2.2744e-02, +1.0173e-01, +9.7880e-02, +9.2252e-02, +6.1841e-02, +1.8197e-01, +8.9584e-02, +1.1842e-01, -1.1210e-01, +4.9995e-02, -4.8080e-02, +1.0584e-01, +1.4800e-01, +3.7665e-02, -9.4084e-03, +1.0024e-01, -1.3169e-02, +2.4838e-02, -1.0188e-01, +1.1854e-01, +1.5614e-02, +9.6329e-02, -1.0000e+00, -4.0091e-02, +1.1683e-01
+2.6330e-02, +1.7296e-02, +3.8126e-02, -4.1581e-02, +1.0180e-01, +8.6755e-03, +3.8378e-02, +3.7011e-02, +3.0935e-02, -3.1904e-01, +7.5066e-04, +6.0801e-02, +6.5941e-02, -5.1222e-02, +8.5778e-03, -4.1282e-02, -1.8706e-02, +4.7257e-02, -6.9315e-02, +4.8865e-02, +4.0304e-02, -3.5304e-02, +4.9911e-02, +1.5844e-02, +1.0999e-01, -1.5180e-03, +3.8094e-02, +3.8723e-02, +6.2901e-03, +1.8304e-03, -3.5513e-02, +3.5188e-02, +6.9532e-02, -7.3325e-02, -7.1904e-03, -1.5313e-02, +2.0284e-02, -3.7973e-02, +1.7438e-02, -1.0209e-01, -4.2396e-02, +1.4692e-01, +3.1206e-02, +3.3719e-02, -1.2854e-01, +9.4055e-02, -8.6585e-03, -4.0091e-02, -1.0000e+00, -9.4988e-02
-3.4877e-02, -6.3208e-02, +7.1178e-02, +1.0615e-01, -3.4273e-02, +4.0637e-02, -2.5208e-02, +5.4550e-02, +2.8309e-03, -1.2977e-01, +7.1077e-02, +5.5775e-02, -1.8891e-02, -3.7346e-02, +7.4782e-02, +3.1366e-02, +2.0808e-02, +1.0300e-02, +6.9530e-02, -4.4285e-02, +7.5635e-02, +3.0929e-02, +1.1524e-01, +2.5092e-02, +3.2943e-02, +6.7480e-02, +5.9548e-02, -5.5956e-03, +5.4589e-02, +4.9085e-02, +5.6181e-02, +8.7432e-02, +1.3545e-01, -4.1025e-02, -1.4168e-02, +8.2673e-03, -4.5634e-02, +5.7352e-03, +9.8541e-02, +1.0558e-02, +4.4954e-03, +6.9592e-02, +5.5880e-02, -4.5543e-02, -6.3126e-02, -3.0323e-02, +6.0512e-02, +1.1683e-01, -9.4988e-02, -1.0000e+00
