-1.0000e+00, -1.0992e-02, -5.8027e-02, -2.1172e-02, +6.5535e-03, -4.1785e-02, -9.6734e-02, -1.9498e-02, -9.7851e-02, +4.4902e-02, -6.8301e-02, -4.3039e-02, -2.9833e-03, -2.8250e-02, -1.6596e-02, -1.6642e-02, +9.6031e-02, +3.4424e-03, +8.4863e-03, -2.5427e-02, +4.4111e-02, -2.1226e-02, -4.2924e-02, -1.3276e-02, -5.0002e-02, -7.4104e-02, -6.4012e-02, +3.3124e-03, +3.8729e-02, -8.0781e-02, -7.5048e-02, -3.7886e-02, +4.4250e-02, +7.7227e-02, -2.8861e-02, -6.3322e-03, +2.2265e-02, -2.8229e-02, -5.1668e-02, -7.6142e-02, -4.3137e-02, +2.3589e-02, -3.6900e-02, -2.7403e-02, +3.7803e-02, -2.8651e-02, -6.9661e-02, +9.4454e-02, +1.3480e-02, -4.4859e-02
-1.0992e-02, -1.0000e+00, -1.7978e-02, -6.0210e-02, +2.9692e-02, +1.3207e-02, +5.7903e-03, +9.8237e-02, +1.1036e-02, +7.5087e-02, -2.4577e-03, -1.2871e-01, -4.4715e-02, +2.8365e-02, -1.9119e-02, -5.4864e-02, +1.2856e-01, -8.3589e-02, +3.3420e-02, +4.5106e-03, -2.2299e-02, -2.3984e-02, +3.6899e-02, +5.8786e-02, -3.1753e-02, -1.4426e-01, +3.2589e-02, +1.0559e-01, -4.5658e-02, -8.3793e-03, +7.2521e-04, +8.3636e-02, -3.4589e-03, +2.4488e-02, +1.4750e-03, -3.2158e-02, -5.5084e-02, +1.0708e-01, -8.7786e-03, -2.9200e-02, +1.5863e-03, -8.0965e-03, -9.7851e-03, -5.9827e-02, -5.6596e-02, +1.6082e-02, +1.9872e-02, -9.9372e-03, +5.7097e-02, -5.1961e-02
-5.8027e-02, -1.7978e-02, -1.0000e+00, +9.0932e-02, +4.1200e-02, -1.1112e-01, +3.1721e-02, +1.6728e-02, -9.9255e-02, +6.3885e-02, -3.3516e-03, +4.5467e-02, +3.5018e-02, +9.3749e-02, +4.3950e-02, -5.4806e-02, +1.7811e-06, -3.8641e-02, -1.4989e-02, -3.5045e-02, -1.2823e-01, -1.8592e-02, -7.2253e-02, -2.4564e-02, -1.0040e-01, -3.2582e-02, -5.0205e-02, -1.1113e-01, -4.3027e-02, +1.0850e-02, +1.3825e-02, +1.8285e-02, -6.8949e-02, +2.5659e-02, +2.9825e-02, -1.0393e-01, -1.0702e-02, -1.2478e-02, -6.6063e-02, +3.3135e-02, +2.3799e-02, -3.8910e-02, -6.4158e-02, -6.9302e-02, +9.6988e-02, -6.7727e-02, -9.6477e-03, +1.0643e-01, +8.0177e-02, +1.0778e-01
-2.1172e-02, -6.0210e-02, +9.0932e-02, -1.0000e+00, -9.9300e-02, +4.3057e-02, -3.1992e-02, -2.8935e-02, +7.9301e-02, +5.1173e-02, -6.7614e-02, -1.0379e-01, -6.8069e-02, -6.4980e-02, -4.0244e-02, +3.0780e-02, +1.4843e-01, -1.2177e-02, +1.3180e-03, -1.0456e-02, -5.8359e-02, +9.0174e-03, +2.6925e-02, -5.0461e-02, -2.5258e-02, -6.9773e-02, +2.3046e-02, -7.0186e-02, -9.4535e-03, -1.0720e-01, -2.3549e-02, +1.9331e-02, -8.8694e-02, +4.0586e-02, -5.4546e-02, -2.0843e-02, +4.8131e-02, -2.7068e-02, -7.0433e-02, -1.6090e-02, +9.8782e-03, +3.3260e-02, +4.6393e-02, +2.0405e-02, -2.7322e-02, -3.6126e-02, +9.5406e-04, +3.3041e-02, +2.5124e-03, +9.5877e-02
+6.5535e-03, +2.9692e-02, +4.1200e-02, -9.9300e-02, -1.0000e+00, -2.7205e-02, -1.0165e-04, -2.8649e-02, +2.4083e-04, +1.2851e-01, -1.0257e-03, -1.7497e-02, +2.2665e-02, -5.3618e-02, -1.1606e-01, +1.4194e-02, -1.4839e-01, -1.4784e-02, +6.1409e-03, -5.6270e-02, -3.7899e-02, -3.3532e-02, -2.9082e-02, -5.3940e-02, +6.2703e-02, +5.8086e-02, -5.2888e-02, -1.0919e-01, -3.0513e-02, -1.1449e-01, +3.2720e-02, -5.3083e-04, -2.7165e-03, -3.7267e-02, -3.3477e-02, -2.6960e-02, -2.1144e-02, +2.1630e-02, +5.4525e-02, -1.3140e-02, +6.7449e-05, -2.6562e-02, +5.2027e-02, -6.4190e-02, +2.3050e-02, -8.0385e-03, -9.6295e-02, +4.8550e-02, -4.1820e-02, +1.4450e-01
-4.1785e-02, +1.3207e-02, -1.1112e-01, +4.3057e-02, -2.7205e-02, -1.0000e+00, -4.1902e-02, -1.1729e-02, +1.5493e-02, +3.9934e-02, -7.9978e-02, +7.4352e-02, +3.5160e-02, +9.2047e-02, -1.3288e-01, -5.0407e-02, -8.0508e-02, -1.8069e-02, +1.0511e-02, -9.4807e-02, -2.4589e-02, -5.8326e-03, -7.4639e-02, -4.7457e-02, -2.2582e-02, -1.3194e-01, -1.0648e-01, -5.5885e-02, -6.2105e-02, -4.5090e-02, -7.8834e-02, -1.5378e-02, -8.5176e-02, -2.8196e-02, +6.2707e-02, -5.0693e-02, +7.3900e-02, -1.2795e-01, -2.3629e-02, +5.1720e-02, -4.7609e-02, -1.9466e-02, -7.3484e-03, -9.8848e-02, +7.4781e-02, +5.0284e-03, -1.9755e-01, +9.7177e-02, -2.5115e-03, +6.4236e-02
-9.6734e-02, +5.7903e-03, +3.1721e-02, -3.1992e-02, -1.0165e-04, -4.1902e-02, -1.0000e+00, -1.2409e-01, -3.8053e-02, +1.9551e-02, -2.2706e-02, -1.4639e-01, -1.0138e-01, -6.5888e-02, +2.7900e-02, +2.2123e-02, +2.9020e-01, -1.0094e-01, -4.8172e-03, +4.3238e-02, +3.9803e-03, +6.6503e-03, +4.3790e-02, +2.2009e-02, -4.5637e-02, -9.6976e-02, -5.0986e-03, -3.9040e-03, -2.8048e-02, -4.9683e-02, -1.2741e-01, -2.4975e-03, +8.4454e-03, +1.1370e-01, -7.4402e-03, +4.6444e-02, -9.2834e-03, -1.7847e-02, -1.2296e-02, -5.7151e-03, -6.6850e-02, -6.6260e-02, -3.7973e-03, +3.2084e-02, -1.8573e-02, -3.8288e-03, -1.9403e-02, -4.5354e-02, +1.7581e-02, +2.3549e-02
-1.9498e-02, +9.8237e-02, +1.6728e-02, -2.8935e-02, -2.8649e-02, -1.1729e-02, -1.2409e-01, -1.0000e+00, -1.8413e-02, +4.0363e-02, -2.1939e-02, -1.1517e-02, -7.1309e-02, -7.5380e-02, +1.9716e-02, +3.6866e-02, +2.1650e-01, -9.2707e-02, -1.9503e-02, +2.3722e-02, -8.2246e-02, +7.7406e-03, +4.8336e-02, +4.1889e-05, -6.2882e-02, -5.8328e-02, -1.0354e-02, +5.5946e-03, -5.2771e-02, -6.2658e-02, -3.9955e-02, -2.8869e-01, +2.7834e-02, +2.0824e-01, -5.2639e-02, +7.4513e-02, +7.5713e-02, -1.0162e-01, -6.6183e-02, -5.8653e-02, -2.4127e-02, +3.8149e-02, -1.6009e-01, +7.0316e-02, +8.0089e-02, +5.7825e-03, +6.6406e-03, -6.4968e-02, -3.7037e-02, +5.1896e-02
-9.7851e-02, +1.1036e-02, -9.9255e-02, +7.9301e-02, +2.4083e-04, +1.5493e-02, -3.8053e-02, -1.8413e-02, -1.0000e+00, +1.1730e-01, +9.9101e-02, +1.2240e-01, +1.4514e-02, +2.9269e-02, +8.1389e-03, -4.0734e-02, -1.8957e-01, +7.5520e-02, +5.3650e-02, -8.0297e-02, +7.6065e-03, -3.7769e-03, -6.0066e-02, +3.0442e-02, -1.0243e-01, -1.1688e-02, +5.3844e-02, +4.5163e-02, +9.4618e-02, +3.7342e-02, +1.1318e-01, +4.6616e-03, -2.1545e-02, -2.6669e-02, -3.6597e-02, -5.1208e-02, +6.3942e-02, +5.7976e-02, +1.3744e-01, -3.9765e-02, +3.4362e-02, -1.7752e-02, -9.1912e-03, -4.2123e-02, +1.8551e-03, +2.8128e-02, +4.6073e-02, +1.7071e-02, +1.3157e-03, -3.5883e-02
+4.4902e-02, +7.5087e-02, +6.3885e-02, +5.1173e-02, +1.2851e-01, +3.9934e-02, +1.9551e-02, +4.0363e-02, +1.1730e-01, -1.0000e+00, -1.3864e-01, +1.0212e-01, +3.1624e-02, +1.2067e-01, +2.0502e-01, -5.2560e-02, +1.4480e-01, +1.2770e-01, -3.6153e-02, -5.3223e-02, +4.2848e-02, -7.2648e-02, +1.8687e-01, -6.3236e-02, +2.0707e-02, +1.9021e-01, -2.5486e-02, +4.0729e-02, +1.2733e-01, +9.4444e-02, +1.1935e-02, +5.5581e-02, -1.2642e-02, -1.8761e-01, +7.8879e-02, +6.5798e-02, +8.2990e-02, +6.8684e-02, +1.0953e-01, +9.2824e-02, +7.4580e-02, -4.8835e-03, +1.8508e-01, -2.4003e-02, +1.5983e-02, +1.7154e-01, +2.1522e-01, +7.3503e-02, -7.6091e-02, +1.1333e-01
-6.8301e-02, -2.4577e-03, -3.3516e-03, -6.7614e-02, -1.0257e-03, -7.9978e-02, -2.2706e-02, -2.1939e-02, +9.9101e-02, -1.3864e-01, -1.0000e+00, +1.1021e-02, -6.5638e-02, +3.1997e-02, -1.0971e-01, -4.0295e-02, -4.9404e-03, -5.1760e-02, -1.3469e-02, -6.2109e-02, -2.8517e-02, +2.0979e-02, +1.4115e-03, +2.6729e-02, +3.1114e-02, -1.3158e-01, -1.2136e-01, -8.0474e-02, -9.0755e-03, -7.6376e-02, -6.6303e-02, -1.1348e-01, -4.1227e-02, -4.9786e-02, -5.0392e-03, -1.2194e-02, +5.3889e-03, -6.9310e-02, -3.2134e-02, +5.3705e-02, -6.8227e-02, -5.8753e-02, -1.4665e-02, -8.4142e-02, -2.3604e-02, +4.5267e-02, -1.0489e-01, +1.8769e-01, +6.0477e-03, +6.9325e-02
-4.3039e-02, -1.2871e-01, +4.5467e-02, -1.0379e-01, -1.7497e-02, +7.4352e-02, -1.4639e-01, -1.1517e-02, +1.2240e-01, +1.0212e-01, +1.1021e-02, -1.0000e+00, -1.6918e-01, -1.1092e-01, +6.0815e-02, -3.4342e-02, +3.9024e-01, -1.5171e-01, -4.2987e-03, +1.0794e-01, -1.2130e-02, +1.8563e-02, +3.7952e-02, +5.4079e-02, -8.1846e-02, -6.1042e-02, +1.0065e-02, +9.7208e-02, +3.0753e-03, -2.7762e-02, -2.7777e-02, -1.1258e-01, +6.2878e-02, +1.1102e-01, -2.2740e-02, -3.8519e-02, -1.3351e-01, +1.2127e-01, -1.1543e-02, -2.7025e-02, -6.1153e-02, +4.3035e-02, +2.3771e-02, +5.8208e-02, -5.3818e-02, +3.3037e-02, +1.3873e-03, -3.7504e-02, -4.5580e-02, +5.6769e-02
-2.9833e-03, -4.4715e-02, +3.5018e-02, -6.8069e-02, +2.2665e-02, +3.5160e-02, -1.0138e-01, -7.1309e-02, +1.4514e-02, +3.1624e-02, -6.5638e-02, -1.6918e-01, -1.0000e+00, -6.9285e-02, +3.7698e-02, -8.0642e-03, +3.4999e-01, -1.7589e-01, -2.1810e-02, +1.7368e-02, +2.5076e-02, -1.4212e-02, +8.7588e-02, -4.7840e-03, -8.5752e-02, -1.5428e-01, -6.8381e-02, +1.5674e-02, -1.6305e-02, -4.3411e-02, -5.8756e-02, -6.4435e-02, +1.7166e-02, +1.3331e-01, +4.0223e-02, +6.1333e-02, -2.1271e-02, +1.4752e-01, -5.1144e-02, -2.7674e-02, +4.1323e-03, +4.8534e-02, +4.5165e-02, +4.8576e-02, -1.3285e-01, +4.0109e-02, -1.6215e-02, -1.5698e-01, +1.5088e-02, +4.4552e-02
-2.8250e-02, +2.8365e-02, +9.3749e-02, -6.4980e-02, -5.3618e-02, +9.2047e-02, -6.5888e-02, -7.5380e-02, +2.9269e-02, +1.2067e-01, +3.1997e-02, -1.1092e-01, -6.9285e-02, -1.0000e+00, +2.0345e-05, -4.0082e-03, +2.1060e-01, -1.2968e-02, -5.6119e-02, -7.0857e-02, -3.7207e-02, -8.1474e-02, +4.2001e-03, -5.4989e-02, -6.2260e-02, -2.7076e-03, -5.7694e-02, -4.5393e-02, +4.1802e-02, -1.2593e-01, +5.1502e-03, -1.5967e-01, -8.8070e-03, +9.7936e-02, -7.5707e-02, -5.8638e-02, +1.1063e-01, +1.4196e-02, -4.3895e-02, -5.5305e-02, -1.9602e-02, +1.2834e-03, -3.5561e-02, +3.3002e-02, -3.2455e-03, -4.9076e-02, +2.7392e-02, +1.9952e-02, +1.9400e-03, +5.9397e-02
-1.6596e-02, -1.9119e-02, +4.3950e-02, -4.0244e-02, -1.1606e-01, -1.3288e-01, +2.7900e-02, +1.9716e-02, +8.1389e-03, +2.0502e-01, -1.0971e-01, +6.0815e-02, +3.7698e-02, +2.0359e-05, -1.0000e+00, -1.9721e-02, -1.6618e-01, +2.7425e-02, -3.3460e-02, -5.3928e-02, -5.7294e-02, +2.7223e-03, -4.8294e-02, -5.4279e-02, +5.8176e-02, -6.4147e-02, -6.1024e-02, -5.6428e-02, -8.7384e-02, -4.6492e-03, -2.0049e-02, -2.7047e-02, -2.9878e-02, -3.4340e-02, -7.6747e-02, +5.2389e-03, +1.4229e-01, -1.1034e-04, -5.1209e-02, -2.9382e-02, -5.3399e-02, -3.2617e-02, -5.4593e-02, -5.3430e-02, +4.9748e-02, -1.6924e-02, -4.3011e-02, +3.1330e-02, +6.8503e-02, +4.1644e-02
-1.6642e-02, -5.4864e-02, -5.4806e-02, +3.0780e-02, +1.4194e-02, -5.0407e-02, +2.2123e-02, +3.6866e-02, -4.0734e-02, -5.2560e-02, -4.0295e-02, -3.4342e-02, -8.0642e-03, -4.0082e-03, -1.9721e-02, -1.0000e+00, +4.7751e-02, -8.2138e-03, -1.7915e-03, +3.0479e-02, -4.1950e-02, +9.3172e-03, +4.3117e-02, -2.8953e-02, -1.3217e-02, -4.4949e-02, -1.4101e-02, -1.8878e-03, -1.4415e-03, -2.3954e-03, -1.0364e-02, +9.6245e-02, +2.8508e-02, -4.0303e-02, -1.2508e-04, +7.7025e-02, -8.5155e-02, +1.1538e-02, +2.6936e-02, +4.7832e-02, -1.3329e-02, +2.0097e-02, +1.8897e-03, +1.8239e-03, +1.8376e-02, +5.8246e-02, -3.7006e-02, -3.4109e-02, -9.5646e-03, +1.2733e-01
+9.6031e-02, +1.2856e-01, +1.7754e-06, +1.4843e-01, -1.4839e-01, -8.0508e-02, +2.9020e-01, +2.1650e-01, -1.8957e-01, +1.4480e-01, -4.9404e-03, +3.9024e-01, +3.4999e-01, +2.1060e-01, -1.6618e-01, +4.7751e-02, -1.0000e+00, +2.2232e-01, +5.2654e-02, -4.9733e-02, +1.3819e-02, +5.5069e-02, -1.8671e-01, +3.4887e-02, +1.2123e-01, +1.3549e-01, +1.1254e-02, -7.6748e-02, +1.0257e-01, +1.7984e-01, +9.9071e-02, +1.4131e-01, -3.7462e-02, -2.8613e-01, +7.1026e-02, +2.1748e-02, -1.5629e-02, -2.3331e-01, +1.4029e-01, +1.4167e-02, +4.5618e-02, -7.5118e-02, -6.3810e-02, -6.6355e-02, +2.6529e-01, +8.2681e-02, -5.5620e-02, +6.4071e-02, +5.4293e-02, +2.1669e-02
+3.4424e-03, -8.3589e-02, -3.8641e-02, -1.2177e-02, -1.4784e-02, -1.8069e-02, -1.0094e-01, -9.2707e-02, +7.5520e-02, +1.2770e-01, -5.1760e-02, -1.5171e-01, -1.7589e-01, -1.2968e-02, +2.7425e-02, -8.2138e-03, +2.2232e-01, -1.0000e+00, -1.0245e-02, -5.6647e-02, -7.8654e-02, -2.3976e-02, +3.3084e-02, +1.2294e-01, -1.6183e-02, -1.6998e-01, +9.5098e-04, -2.2072e-02, -4.9150e-02, -1.2541e-01, -3.9280e-02, -3.1623e-02, +1.2645e-02, +5.5054e-02, +2.1476e-02, -2.6725e-02, -3.2399e-02, +4.5643e-04, -2.2366e-02, -3.7763e-02, +7.8955e-03, -6.3856e-03, +1.3680e-02, -5.0065e-02, -6.2433e-02, +7.7097e-02, -4.6049e-02, -7.0147e-02, -2.9727e-02, +2.5547e-03
+8.4863e-03, +3.3420e-02, -1.4989e-02, +1.3180e-03, +6.1408e-03, +1.0511e-02, -4.8172e-03, -1.9503e-02, +5.3650e-02, -3.6153e-02, -1.3469e-02, -4.2987e-03, -2.1810e-02, -5.6119e-02, -3.3460e-02, -1.7915e-03, +5.2654e-02, -1.0245e-02, -1.0000e+00, +1.9088e-02, +6.2433e-03, -1.2319e-01, +1.7300e-02, -4.1858e-02, +4.2956e-03, -4.7346e-02, -5.3703e-02, +5.6922e-02, +8.7602e-03, -8.8315e-03, -3.8331e-02, -7.2652e-02, +4.2237e-02, +1.8005e-02, -1.6026e-02, +5.8278e-02, +9.4470e-02, +1.6256e-02, -1.0529e-01, -2.8472e-02, -2.2706e-03, -6.2805e-03, +5.0579e-02, +1.1257e-02, +6.5180e-02, -4.2098e-02, -2.6306e-02, +3.7406e-02, +2.3336e-02, +6.9022e-02
-2.5427e-02, +4.5106e-03, -3.5045e-02, -1.0456e-02, -5.6270e-02, -9.4807e-02, +4.3238e-02, +2.3722e-02, -8.0297e-02, -5.3223e-02, -6.2109e-02, +1.0794e-01, +1.7368e-02, -7.0857e-02, -5.3928e-02, +3.0479e-02, -4.9733e-02, -5.6647e-02, +1.9088e-02, -1.0000e+00, -5.7428e-02, -1.9082e-01, -1.0044e-01, -7.2609e-02, +4.8495e-03, +7.1081e-03, -1.0108e-01, -6.2121e-02, -4.6778e-02, -6.6925e-02, -4.5144e-02, -3.6541e-03, -1.0460e-01, -3.3276e-02, -3.8767e-02, -4.7430e-02, +1.9220e-01, -1.5166e-01, +2.5389e-02, -7.9107e-03, -2.7976e-02, +6.9783e-02, +1.2650e-02, +4.6319e-03, -5.3369e-02, +2.5640e-02, -7.7977e-02, +1.0157e-01, -1.6886e-02, +8.6142e-02
+4.4111e-02, -2.2299e-02, -1.2823e-01, -5.8359e-02, -3.7899e-02, -2.4589e-02, +3.9803e-03, -8.2246e-02, +7.6065e-03, +4.2848e-02, -2.8517e-02, -1.2130e-02, +2.5076e-02, -3.7207e-02, -5.7294e-02, -4.1950e-02, +1.3819e-02, -7.8654e-02, +6.2433e-03, -5.7428e-02, -1.0000e+00, +2.9239e-03, +9.4342e-03, -6.4255e-03, +3.9781e-02, -2.3220e-02, -6.9655e-02, -7.3624e-02, -2.7575e-02, +2.7201e-02, -5.6335e-03, -6.2131e-04, +9.9782e-02, -2.4662e-02, -3.5288e-03, -1.2373e-01, +1.2096e-01, -3.3785e-02, -6.0254e-02, -4.8142e-02, +8.2625e-03, -1.1389e-01, -6.7439e-02, -8.1518e-02, +7.1373e-02, -3.4181e-02, -2.3730e-02, +7.2267e-03, +4.4982e-02, +1.2964e-01
-2.1226e-02, -2.3984e-02, -1.8592e-02, +9.0174e-03, -3.3532e-02, -5.8326e-03, +6.6503e-03, +7.7406e-03, -3.7769e-03, -7.2648e-02, +2.0979e-02, +1.8563e-02, -1.4212e-02, -8.1474e-02, +2.7223e-03, +9.3172e-03, +5.5069e-02, -2.3976e-02, -1.2319e-01, -1.9082e-01, +2.9239e-03, -1.0000e+00, +2.2549e-02, -2.6194e-02, -2.9052e-02, -4.3193e-02, -5.6644e-02, +1.5844e-02, -4.3038e-02, -5.0988e-02, -9.7129e-02, +7.7479e-02, +3.9829e-03, +3.5399e-02, +7.5592e-03, +5.7646e-02, +7.2202e-02, -4.1887e-02, -4.3491e-02, +3.2532e-03, -1.1666e-02, -7.9271e-02, +6.9924e-03, +4.1339e-02, -4.8420e-02, +5.2837e-02, -7.3078e-02, -1.5691e-02, -5.6938e-02, +6.6087e-02
-4.2924e-02, +3.6899e-02, -7.2253e-02, +2.6925e-02, -2.9082e-02, -7.4639e-02, +4.3790e-02, +4.8336e-02, -6.0066e-02, +1.8687e-01, +1.4115e-03, +3.7952e-02, +8.7588e-02, +4.2001e-03, -4.8294e-02, +4.3117e-02, -1.8671e-01, +3.3084e-02, +1.7300e-02, -1.0044e-01, +9.4342e-03, +2.2549e-02, -1.0000e+00, -3.3446e-02, +6.4966e-03, -1.6141e-02, -1.4564e-02, -7.8314e-02, -1.3751e-02, -9.1714e-03, +1.6080e-02, -2.4252e-02, -5.0646e-02, -4.0025e-02, -4.8648e-02, -1.2361e-01, -5.8130e-02, -5.7236e-02, +2.7901e-02, -2.5825e-02, -7.8142e-02, +1.4738e-02, -1.0405e-01, -9.5048e-02, +9.5303e-02, -5.8388e-02, -9.5864e-02, +1.3797e-01, +2.7876e-02, -6.6715e-02
-1.3276e-02, +5.8786e-02, -2.4564e-02, -5.0461e-02, -5.3940e-02, -4.7457e-02, +2.2009e-02, +4.1883e-05, +3.0442e-02, -6.3236e-02, +2.6729e-02, +5.4079e-02, -4.7840e-03, -5.4989e-02, -5.4279e-02, -2.8953e-02, +3.4887e-02, +1.2294e-01, -4.1858e-02, -7.2609e-02, -6.4255e-03, -2.6194e-02, -3.3446e-02, -1.0000e+00, +2.4929e-02, -3.7125e-02, -8.6198e-02, -1.2409e-02, +8.4620e-02, -5.3042e-02, -9.4088e-02, -1.8061e-01, -1.1621e-02, +7.7993e-02, -7.8558e-02, +2.8600e-02, +4.3057e-02, -3.9509e-02, -5.6734e-02, -3.5074e-02, -2.0350e-02, -4.8145e-03, +8.5044e-02, +1.1134e-02, -4.4190e-03, -7.4585e-02, -9.1647e-02, +2.1678e-01, -1.8103e-02, -5.7701e-04
-5.0002e-02, -3.1753e-02, -1.0040e-01, -2.5258e-02, +6.2703e-02, -2.2582e-02, -4.5637e-02, -6.2882e-02, -1.0243e-01, +2.0707e-02, +3.1114e-02, -8.1846e-02, -8.5752e-02, -6.2259e-02, +5.8176e-02, -1.3217e-02, +1.2123e-01, -1.6183e-02, +4.2956e-03, +4.8495e-03, +3.9781e-02, -2.9052e-02, +6.4966e-03, +2.4929e-02, -1.0000e+00, +3.1077e-02, +2.8047e-02, +6.2850e-02, -1.4413e-02, +2.2148e-02, +2.3905e-02, -3.9447e-02, -2.8812e-02, -3.2285e-02, -1.5359e-02, -5.1550e-02, -1.2920e-01, +9.2942e-02, -2.8701e-02, -6.6817e-02, -9.9836e-03, +6.9854e-02, +4.2106e-02, +2.3830e-02, -3.9516e-02, -9.7390e-03, +6.1455e-02, +1.0135e-01, -4.0511e-02, -3.1382e-02
-7.4104e-02, -1.4426e-01, -3.2582e-02, -6.9773e-02, +5.8086e-02, -1.3194e-01, -9.6976e-02, -5.8328e-02, -1.1688e-02, +1.9021e-01, -1.3158e-01, -6.1042e-02, -1.5428e-01, -2.7076e-03, -6.4147e-02, -4.4949e-02, +1.3549e-01, -1.6998e-01, -4.7346e-02, +7.1081e-03, -2.3220e-02, -4.3193e-02, -1.6141e-02, -3.7125e-02, +3.1077e-02, -1.0000e+00, -9.3507e-02, +6.0620e-02, -4.5827e-02, -7.0618e-02, -1.3577e-01, -2.0347e-02, +4.2396e-02, +7.9786e-02, +1.2545e-02, +6.5011e-02, +2.3457e-02, +4.7392e-02, -5.7309e-02, +2.2962e-02, -1.1073e-01, +5.9114e-02, +3.7685e-02, +6.7815e-03, -8.2663e-02, +2.8274e-02, -1.7986e-01, -1.1104e-01, +3.4850e-02, +4.9776e-02
-6.4012e-02, +3.2589e-02, -5.0205e-02, +2.3046e-02, -5.2888e-02, -1.0648e-01, -5.0986e-03, -1.0354e-02, +5.3844e-02, -2.5486e-02, -1.2136e-01, +1.0065e-02, -6.8381e-02, -5.7694e-02, -6.1024e-02, -1.4101e-02, +1.1254e-02, +9.5097e-04, -5.3703e-02, -1.0108e-01, -6.9655e-02, -5.6644e-02, -1.4564e-02, -8.6198e-02, +2.8047e-02, -9.3507e-02, -1.0000e+00, -6.1476e-02, -7.9987e-02, -5.7171e-02, -8.2416e-02, -1.4818e-01, -6.5773e-02, -3.6207e-02, -2.1169e-02, +2.4785e-02, +2.9821e-02, +3.8601e-03, -1.2979e-01, +2.0089e-02, -3.9470e-02, -1.3859e-02, +5.0617e-02, -4.4154e-02, +1.0180e-02, -3.3595e-02, -1.9065e-01, +1.0990e-01, +3.3584e-02, +7.8110e-02
+3.3124e-03, +1.0559e-01, -1.1113e-01, -7.0186e-02, -1.0919e-01, -5.5885e-02, -3.9040e-03, +5.5946e-03, +4.5163e-02, +4.0729e-02, -8.0474e-02, +9.7208e-02, +1.5674e-02, -4.5393e-02, -5.6428e-02, -1.8879e-03, -7.6748e-02, -2.2072e-02, +5.6922e-02, -6.2121e-02, -7.3624e-02, +1.5844e-02, -7.8314e-02, -1.2409e-02, +6.2850e-02, +6.0620e-02, -6.1476e-02, -1.0000e+00, -1.9787e-02, -5.5033e-02, -3.3801e-02, -8.3382e-03, -5.1594e-02, +2.9285e-02, +2.7779e-02, -6.2831e-02, +2.2516e-02, -4.9343e-02, -4.4553e-02, -2.7759e-03, -2.7793e-02, -6.1212e-03, -3.2735e-02, -5.5757e-02, +6.3986e-02, +7.0943e-03, -7.0753e-02, +1.8912e-01, +2.2682e-02, +1.0110e-01
+3.8729e-02, -4.5658e-02, -4.3027e-02, -9.4535e-03, -3.0513e-02, -6.2105e-02, -2.8048e-02, -5.2771e-02, +9.4618e-02, +1.2733e-01, -9.0755e-03, +3.0753e-03, -1.6305e-02, +4.1802e-02, -8.7384e-02, -1.4415e-03, +1.0257e-01, -4.9150e-02, +8.7602e-03, -4.6778e-02, -2.7575e-02, -4.3038e-02, -1.3751e-02, +8.4620e-02, -1.4413e-02, -4.5827e-02, -7.9987e-02, -1.9787e-02, -1.0000e+00, -5.3940e-02, -8.1979e-02, -2.7153e-02, -1.2020e-02, +4.3921e-02, -4.8440e-02, -1.1749e-01, +2.9985e-02, -3.6149e-02, -1.0786e-01, -1.1815e-02, +4.4447e-02, +2.0007e-02, -8.2019e-03, +1.6336e-02, +1.9055e-02, -3.1623e-02, -4.4396e-02, -1.8152e-03, +5.2968e-02, -2.9236e-03
-8.0781e-02, -8.3793e-03, +1.0850e-02, -1.0720e-01, -1.1449e-01, -4.5090e-02, -4.9683e-02, -6.2658e-02, +3.7342e-02, +9.4444e-02, -7.6376e-02, -2.7762e-02, -4.3411e-02, -1.2593e-01, -4.6492e-03, -2.3954e-03, +1.7984e-01, -1.2541e-01, -8.8315e-03, -6.6925e-02, +2.7201e-02, -5.0988e-02, -9.1715e-03, -5.3042e-02, +2.2148e-02, -7.0618e-02, -5.7171e-02, -5.5033e-02, -5.3940e-02, -1.0000e+00, +6.2242e-03, -4.6234e-02, +5.1307e-03, +7.8951e-02, -1.6415e-02, -4.4778e-02, +4.2530e-02, +2.0330e-02, -7.7684e-03, -8.1018e-02, +2.6856e-02, +7.7945e-03, -1.7757e-02, +7.1808e-03, -7.3300e-02, -8.0976e-02, -4.8860e-02, +5.9045e-02, +6.9228e-03, +1.7649e-02
-7.5048e-02, +7.2521e-04, +1.3825e-02, -2.3549e-02, +3.2720e-02, -7.8834e-02, -1.2741e-01, -3.9955e-02, +1.1318e-01, +1.1935e-02, -6.6303e-02, -2.7777e-02, -5.8756e-02, +5.1502e-03, -2.0049e-02, -1.0364e-02, +9.9071e-02, -3.9280e-02, -3.8331e-02, -4.5144e-02, -5.6335e-03, -9.7129e-02, +1.6080e-02, -9.4088e-02, +2.3905e-02, -1.3577e-01, -8.2416e-02, -3.3801e-02, -8.1979e-02, +6.2242e-03, -1.0000e+00, -6.3775e-02, -1.2307e-02, +9.4158e-02, +4.4125e-02, -3.4754e-02, +1.1394e-01, -6.5765e-02, -1.2471e-01, -8.4447e-03, -2.0070e-01, -1.9342e-02, +9.2627e-02, -6.0193e-02, -3.5035e-02, +2.5043e-02, -8.0636e-02, +8.4460e-02, -5.7964e-02, +2.8594e-02
-3.7886e-02, +8.3636e-02, +1.8285e-02, +1.9331e-02, -5.3083e-04, -1.5378e-02, -2.4975e-03, -2.8869e-01, +4.6616e-03, +5.5581e-02, -1.1348e-01, -1.1258e-01, -6.4435e-02, -1.5967e-01, -2.7047e-02, +9.6245e-02, +1.4131e-01, -3.1623e-02, -7.2652e-02, -3.6541e-03, -6.2131e-04, +7.7479e-02, -2.4252e-02, -1.8061e-01, -3.9447e-02, -2.0347e-02, -1.4818e-01, -8.3382e-03, -2.7153e-02, -4.6234e-02, -6.3775e-02, -1.0000e+00, +1.1236e-01, +2.3976e-01, -1.1482e-01, +1.0133e-01, +2.3500e-02, -1.1471e-01, -7.1924e-02, +3.7756e-02, -7.6605e-02, +4.4325e-02, +8.1318e-02, +1.2479e-01, -3.8362e-02, -4.3306e-02, -1.1204e-01, +2.9795e-01, +9.8126e-02, -1.5149e-01
+4.4250e-02, -3.4589e-03, -6.8949e-02, -8.8694e-02, -2.7166e-03, -8.5176e-02, +8.4454e-03, +2.7834e-02, -2.1545e-02, -1.2642e-02, -4.1227e-02, +6.2878e-02, +1.7166e-02, -8.8070e-03, -2.9878e-02, +2.8508e-02, -3.7462e-02, +1.2645e-02, +4.2237e-02, -1.0460e-01, +9.9782e-02, +3.9830e-03, -5.0646e-02, -1.1621e-02, -2.8812e-02, +4.2396e-02, -6.5773e-02, -5.1594e-02, -1.2020e-02, +5.1307e-03, -1.2307e-02, +1.1236e-01, -1.0000e+00, +1.3537e-02, -1.6496e-02, -1.6895e-02, +8.7153e-02, -5.7132e-02, -4.2015e-02, +8.0441e-02, -3.3315e-02, +3.5542e-03, +9.8032e-03, -3.4583e-02, +6.5174e-03, -5.2236e-02, -9.0155e-02, +1.1374e-02, +4.3654e-02, +1.9308e-01
+7.7227e-02, +2.4488e-02, +2.5659e-02, +4.0586e-02, -3.7267e-02, -2.8196e-02, +1.1370e-01, +2.0824e-01, -2.6669e-02, -1.8761e-01, -4.9786e-02, +1.1102e-01, +1.3331e-01, +9.7936e-02, -3.4340e-02, -4.0303e-02, -2.8613e-01, +5.5054e-02, +1.8005e-02, -3.3276e-02, -2.4662e-02, +3.5399e-02, -4.0025e-02, +7.7993e-02, -3.2285e-02, +7.9786e-02, -3.6207e-02, +2.9285e-02, +4.3921e-02, +7.8951e-02, +9.4158e-02, +2.3976e-01, +1.3537e-02, -1.0000e+00, +6.2511e-02, -5.1680e-02, -4.0424e-02, -1.8749e-02, +5.3288e-02, -6.1678e-02, +6.5371e-02, +1.4529e-02, +7.4659e-02, -8.6490e-02, +7.7047e-02, +7.0756e-02, +1.7635e-02, -4.6301e-02, -3.3052e-02, +1.2189e-01
-2.8861e-02, +1.4750e-03, +2.9825e-02, -5.4546e-02, -3.3477e-02, +6.2707e-02, -7.4402e-03, -5.2639e-02, -3.6597e-02, +7.8879e-02, -5.0392e-03, -2.2740e-02, +4.0223e-02, -7.5707e-02, -7.6747e-02, -1.2507e-04, +7.1026e-02, +2.1476e-02, -1.6026e-02, -3.8768e-02, -3.5288e-03, +7.5592e-03, -4.8648e-02, -7.8558e-02, -1.5359e-02, +1.2545e-02, -2.1169e-02, +2.7779e-02, -4.8440e-02, -1.6415e-02, +4.4125e-02, -1.1482e-01, -1.6496e-02, +6.2511e-02, -1.0000e+00, +1.3621e-02, -6.9037e-02, -5.3557e-03, -2.2697e-02, +5.3746e-04, -1.2622e-02, -9.4906e-03, -2.4335e-02, +6.4563e-02, -2.0527e-02, -3.3635e-02, -1.1007e-02, +5.7701e-02, +6.2597e-02, -2.2013e-02
-6.3322e-03, -3.2158e-02, -1.0393e-01, -2.0843e-02, -2.6960e-02, -5.0693e-02, +4.6444e-02, +7.4513e-02, -5.1208e-02, +6.5798e-02, -1.2194e-02, -3.8519e-02, +6.1333e-02, -5.8638e-02, +5.2389e-03, +7.7025e-02, +2.1748e-02, -2.6725e-02, +5.8278e-02, -4.7430e-02, -1.2373e-01, +5.7646e-02, -1.2361e-01, +2.8600e-02, -5.1550e-02, +6.5011e-02, +2.4785e-02, -6.2831e-02, -1.1749e-01, -4.4778e-02, -3.4754e-02, +1.0133e-01, -1.6895e-02, -5.1680e-02, +1.3621e-02, -1.0000e+00, -4.4654e-02, -5.5083e-02, -8.6601e-02, +7.9133e-02, -1.0112e-02, +2.3220e-03, +2.7920e-02, -8.2035e-02, -1.2481e-03, -7.5947e-02, -1.1127e-01, +1.1358e-01, +3.2698e-02, +5.2299e-02
+2.2265e-02, -5.5084e-02, -1.0702e-02, +4.8131e-02, -2.1144e-02, +7.3900e-02, -9.2834e-03, +7.5713e-02, +6.3942e-02, +8.2990e-02, +5.3889e-03, -1.3351e-01, -2.1271e-02, +1.1063e-01, +1.4229e-01, -8.5155e-02, -1.5629e-02, -3.2399e-02, +9.4470e-02, +1.9220e-01, +1.2096e-01, +7.2202e-02, -5.8130e-02, +4.3057e-02, -1.2920e-01, +2.3457e-02, +2.9821e-02, +2.2516e-02, +2.9985e-02, +4.2530e-02, +1.1394e-01, +2.3500e-02, +8.7153e-02, -4.0424e-02, -6.9037e-02, -4.4654e-02, -1.0000e+00, +1.4260e-01, +6.3419e-02, +2.2008e-01, +6.9601e-02, +5.4373e-02, +1.4121e-01, +1.3174e-01, +4.5480e-04, +1.1700e-01, +2.7387e-02, +2.0374e-01, -7.5284e-02, -1.7073e-01
-2.8229e-02, +1.0708e-01, -1.2478e-02, -2.7068e-02, +2.1630e-02, -1.2795e-01, -1.7847e-02, -1.0162e-01, +5.7976e-02, +6.8684e-02, -6.9310e-02, +1.2127e-01, +1.4752e-01, +1.4196e-02, -1.1035e-04, +1.1538e-02, -2.3331e-01, +4.5643e-04, +1.6256e-02, -1.5166e-01, -3.3785e-02, -4.1887e-02, -5.7236e-02, -3.9509e-02, +9.2942e-02, +4.7392e-02, +3.8601e-03, -4.9343e-02, -3.6149e-02, +2.0330e-02, -6.5765e-02, -1.1471e-01, -5.7132e-02, -1.8749e-02, -5.3557e-03, -5.5083e-02, +1.4260e-01, -1.0000e+00, -5.7502e-03, -2.6069e-02, -1.2662e-02, -5.2343e-02, -3.0055e-02, -3.8388e-02, +6.1088e-02, +7.7726e-02, -9.5171e-02, +1.2015e-01, +6.0926e-02, +1.6522e-02
-5.1668e-02, -8.7786e-03, -6.6063e-02, -7.0433e-02, +5.4525e-02, -2.3629e-02, -1.2296e-02, -6.6183e-02, +1.3744e-01, +1.0953e-01, -3.2134e-02, -1.1543e-02, -5.1144e-02, -4.3895e-02, -5.1209e-02, +2.6936e-02, +1.4029e-01, -2.2366e-02, -1.0529e-01, +2.5389e-02, -6.0254e-02, -4.3491e-02, +2.7901e-02, -5.6734e-02, -2.8701e-02, -5.7309e-02, -1.2979e-01, -4.4553e-02, -1.0786e-01, -7.7684e-03, -1.2471e-01, -7.1924e-02, -4.2015e-02, +5.3288e-02, -2.2697e-02, -8.6601e-02, +6.3419e-02, -5.7502e-03, -1.0000e+00, -1.3005e-02, -3.1394e-02, +2.8031e-02, -1.6966e-03, +8.4452e-03, +5.7943e-02, -4.1354e-02, -1.4296e-01, +4.6336e-02, -2.1750e-03, +2.2779e-02
-7.6142e-02, -2.9200e-02, +3.3135e-02, -1.6090e-02, -1.3140e-02, +5.1720e-02, -5.7151e-03, -5.8653e-02, -3.9765e-02, +9.2824e-02, +5.3705e-02, -2.7025e-02, -2.7674e-02, -5.5305e-02, -2.9382e-02, +4.7832e-02, +1.4167e-02, -3.7763e-02, -2.8472e-02, -7.9107e-03, -4.8142e-02, +3.2532e-03, -2.5825e-02, -3.5074e-02, -6.6817e-02, +2.2962e-02, +2.0089e-02, -2.7759e-03, -1.1815e-02, -8.1018e-02, -8.4447e-03, +3.7756e-02, +8.0441e-02, -6.1678e-02, +5.3746e-04, +7.9133e-02, +2.2008e-01, -2.6069e-02, -1.3005e-02, -1.0000e+00, -2.3413e-02, -9.7540e-02, +2.2641e-02, -9.8992e-02, +5.2030e-02, -6.6047e-02, -2.0143e-02, +4.1587e-02, -6.1800e-02, +1.3995e-01
-4.3137e-02, +1.5863e-03, +2.3799e-02, +9.8782e-03, +6.7420e-05, -4.7609e-02, -6.6850e-02, -2.4127e-02, +3.4362e-02, +7.4580e-02, -6.8227e-02, -6.1153e-02, +4.1323e-03, -1.9602e-02, -5.3399e-02, -1.3329e-02, +4.5618e-02, +7.8955e-03, -2.2706e-03, -2.7976e-02, +8.2625e-03, -1.1666e-02, -7.8142e-02, -2.0350e-02, -9.9835e-03, -1.1073e-01, -3.9470e-02, -2.7793e-02, +4.4447e-02, +2.6856e-02, -2.0070e-01, -7.6605e-02, -3.3315e-02, +6.5371e-02, -1.2622e-02, -1.0112e-02, +6.9601e-02, -1.2662e-02, -3.1394e-02, -2.3413e-02, -1.0000e+00, +3.6482e-02, -3.2049e-02, -8.0880e-02, -1.0412e-03, +7.3356e-03, -1.2528e-02, +6.5993e-02, +3.2848e-02, +2.3804e-02
+2.3589e-02, -8.0965e-03, -3.8910e-02, +3.3260e-02, -2.6562e-02, -1.9466e-02, -6.6260e-02, +3.8149e-02, -1.7752e-02, -4.8835e-03, -5.8753e-02, +4.3035e-02, +4.8534e-02, +1.2834e-03, -3.2617e-02, +2.0097e-02, -7.5118e-02, -6.3856e-03, -6.2805e-03, +6.9783e-02, -1.1389e-01, -7.9271e-02, +1.4738e-02, -4.8145e-03, +6.9854e-02, +5.9114e-02, -1.3859e-02, -6.1212e-03, +2.0007e-02, +7.7945e-03, -1.9342e-02, +4.4325e-02, +3.5542e-03, +1.4529e-02, -9.4906e-03, +2.3220e-03, +5.4373e-02, -5.2343e-02, +2.8031e-02, -9.7540e-02, +3.6482e-02, -1.0000e+00, -1.4571e-03, -1.9119e-02, -2.7266e-02, -2.3406e-03, -2.5160e-02, +1.8926e-02, +5.9451e-03, -5.8273e-03
-3.6900e-02, -9.7851e-03, -6.4158e-02, +4.6393e-02, +5.2027e-02, -7.3484e-03, -3.7973e-03, -1.6009e-01, -9.1912e-03, +1.8508e-01, -1.4665e-02, +2.3771e-02, +4.5165e-02, -3.5561e-02, -5.4593e-02, +1.8897e-03, -6.3810e-02, +1.3680e-02, +5.0579e-02, +1.2650e-02, -6.7439e-02, +6.9924e-03, -1.0405e-01, +8.5044e-02, +4.2106e-02, +3.7685e-02, +5.0617e-02, -3.2735e-02, -8.2019e-03, -1.7757e-02, +9.2627e-02, +8.1318e-02, +9.8032e-03, +7.4659e-02, -2.4335e-02, +2.7920e-02, +1.4121e-01, -3.0055e-02, -1.6966e-03, +2.2641e-02, -3.2049e-02, -1.4570e-03, -1.0000e+00, +1.8332e-02, +4.7469e-02, -9.4236e-02, -5.2534e-02, +7.5089e-03, +1.6174e-01, +1.6211e-01
-2.7403e-02, -5.9827e-02, -6.9302e-02, +2.0405e-02, -6.4190e-02, -9.8848e-02, +3.2084e-02, +7.0316e-02, -4.2123e-02, -2.4003e-02, -8.4142e-02, +5.8208e-02, +4.8576e-02, +3.3002e-02, -5.3430e-02, +1.8239e-03, -6.6355e-02, -5.0065e-02, +1.1257e-02, +4.6319e-03, -8.1518e-02, +4.1339e-02, -9.5048e-02, +1.1134e-02, +2.3830e-02, +6.7815e-03, -4.4154e-02, -5.5757e-02, +1.6336e-02, +7.1808e-03, -6.0193e-02, +1.2479e-01, -3.4583e-02, -8.6490e-02, +6.4563e-02, -8.2035e-02, +1.3174e-01, -3.8388e-02, +8.4452e-03, -9.8992e-02, -8.0880e-02, -1.9119e-02, +1.8332e-02, -1.0000e+00, -6.6838e-02, -4.8442e-02, -2.3995e-02, +1.6320e-01, +5.3227e-02, +6.4761e-02
+3.7803e-02, -5.6596e-02, +9.6988e-02, -2.7322e-02, +2.3050e-02, +7.4781e-02, -1.8573e-02, +8.0089e-02, +1.8551e-03, +1.5983e-02, -2.3604e-02, -5.3818e-02, -1.3285e-01, -3.2455e-03, +4.9748e-02, +1.8376e-02, +2.6529e-01, -6.2433e-02, +6.5180e-02, -5.3369e-02, +7.1373e-02, -4.8420e-02, +9.5303e-02, -4.4190e-03, -3.9516e-02, -8.2663e-02, +1.0180e-02, +6.3986e-02, +1.9055e-02, -7.3300e-02, -3.5035e-02, -3.8362e-02, +6.5174e-03, +7.7047e-02, -2.0527e-02, -1.2481e-03, +4.5480e-04, +6.1088e-02, +5.7943e-02, +5.2030e-02, -1.0412e-03, -2.7266e-02, +4.7469e-02, -6.6838e-02, -1.0000e+00, -2.7451e-02, +1.1743e-02, +8.4104e-02, +4.0225e-03, -6.8491e-02
-2.8651e-02, +1.6082e-02, -6.7727e-02, -3.6126e-02, -8.0385e-03, +5.0284e-03, -3.8288e-03, +5.7825e-03, +2.8128e-02, +1.7154e-01, +4.5267e-02, +3.3037e-02, +4.0109e-02, -4.9076e-02, -1.6924e-02, +5.8246e-02, +8.2681e-02, +7.7097e-02, -4.2098e-02, +2.5640e-02, -3.4181e-02, +5.2837e-02, -5.8388e-02, -7.4585e-02, -9.7390e-03, +2.8274e-02, -3.3595e-02, +7.0943e-03, -3.1623e-02, -8.0976e-02, +2.5043e-02, -4.3306e-02, -5.2236e-02, +7.0756e-02, -3.3635e-02, -7.5947e-02, +1.1700e-01, +7.7726e-02, -4.1354e-02, -6.6047e-02, +7.3356e-03, -2.3406e-03, -9.4236e-02, -4.8442e-02, -2.7451e-02, -1.0000e+00, -4.2997e-02, +1.2634e-01, +4.1364e-02, -1.9859e-02
-6.9661e-02, +1.9872e-02, -9.6477e-03, +9.5407e-04, -9.6295e-02, -1.9755e-01, -1.9403e-02, +6.6406e-03, +4.6073e-02, +2.1522e-01, -1.0489e-01, +1.3873e-03, -1.6215e-02, +2.7392e-02, -4.3011e-02, -3.7006e-02, -5.5620e-02, -4.6049e-02, -2.6306e-02, -7.7977e-02, -2.3730e-02, -7.3078e-02, -9.5864e-02, -9.1647e-02, +6.1455e-02, -1.7986e-01, -1.9065e-01, -7.0753e-02, -4.4396e-02, -4.8860e-02, -8.0636e-02, -1.1204e-01, -9.0155e-02, +1.7635e-02, -1.1007e-02, -1.1127e-01, +2.7387e-02, -9.5171e-02, -1.4296e-01, -2.0143e-02, -1.2528e-02, -2.5160e-02, -5.2534e-02, -2.3995e-02, +1.1743e-02, -4.2997e-02, -1.0000e+00, +1.0950e-01, +1.1712e-01, +9.9086e-02
+9.4454e-02, -9.9372e-03, +1.0643e-01, +3.3041e-02, +4.8550e-02, +9.7177e-02, -4.5354e-02, -6.4968e-02, +1.7071e-02, +7.3503e-02, +1.8769e-01, -3.7504e-02, -1.5698e-01, +1.9952e-02, +3.1330e-02, -3.4109e-02, +6.4071e-02, -7.0147e-02, +3.7406e-02, +1.0157e-01, +7.2267e-03, -1.5691e-02, +1.3797e-01, +2.1678e-01, +1.0135e-01, -1.1104e-01, +1.0990e-01, +1.8912e-01, -1.8152e-03, +5.9045e-02, +8.4460e-02, +2.9795e-01, +1.1374e-02, -4.6301e-02, +5.7701e-02, +1.1358e-01, +2.0374e-01, +1.2015e-01, +4.6336e-02, +4.1587e-02, +6.5993e-02, +1.8926e-02, +7.5089e-03, +1.6320e-01, +8.4104e-02, +1.2634e-01, +1.0950e-01, -1.0000e+00, -5.4267e-02, +2.3493e-01
+1.3480e-02, +5.7097e-02, +8.0177e-02, +2.5124e-03, -4.1820e-02, -2.5115e-03, +1.7581e-02, -3.7037e-02, +1.3157e-03, -7.6091e-02, +6.0477e-03, -4.5580e-02, +1.5088e-02, +1.9400e-03, +6.8503e-02, -9.5646e-03, +5.4293e-02, -2.9727e-02, +2.3336e-02, -1.6886e-02, +4.4982e-02, -5.6938e-02, +2.7876e-02, -1.8103e-02, -4.0511e-02, +3.4850e-02, +3.3584e-02, +2.2682e-02, +5.2968e-02, +6.9228e-03, -5.7964e-02, +9.8126e-02, +4.3654e-02, -3.3052e-02, +6.2597e-02, +3.2698e-02, -7.5284e-02, +6.0926e-02, -2.1750e-03, -6.1800e-02, +3.2848e-02, +5.9451e-03, +1.6174e-01, +5.3227e-02, +4.0225e-03, +4.1364e-02, +1.1712e-01, -5.4267e-02, -1.0000e+00, +1.3915e-01
-4.4859e-02, -5.1961e-02, +1.0778e-01, +9.5877e-02, +1.4450e-01, +6.4236e-02, +2.3549e-02, +5.1896e-02, -3.5883e-02, +1.1333e-01, +6.9325e-02, +5.6769e-02, +4.4552e-02, +5.9397e-02, +4.1644e-02, +1.2733e-01, +2.1669e-02, +2.5547e-03, +6.9022e-02, +8.6142e-02, +1.2964e-01, +6.6087e-02, -6.6715e-02, -5.7702e-04, -3.1382e-02, +4.9776e-02, +7.8110e-02, +1.0109e-01, -2.9236e-03, +1.7649e-02, +2.8594e-02, -1.5149e-01, +1.9308e-01, +1.2189e-01, -2.2013e-02, +5.2299e-02, -1.7073e-01, +1.6522e-02, +2.2779e-02, +1.3995e-01, +2.3804e-02, -5.8273e-03, +1.6211e-01, +6.4761e-02, -6.8491e-02, -1.9859e-02, +9.9086e-02, +2.3493e-01, +1.3915e-01, -1.0000e+00
