-1.0000e+00, -3.5661e-02, -1.5013e-01, -7.6980e-04, -6.9961e-02, -9.7474e-03, -3.1685e-02, -6.9405e-02, -1.5894e-01, +6.9123e-02, -5.5292e-02, +5.8630e-02, -9.3938e-02, -2.6883e-02, +9.9794e-04, -1.1068e-01, +1.8895e-02, -5.2656e-02, +2.8171e-02, -1.0801e-01, +6.6114e-02, -7.7871e-02, +4.6887e-02, -5.7501e-03, -6.4841e-02, +2.5131e-02, -7.3464e-02, -5.0405e-02, +8.2445e-03, -7.8472e-03, -2.2422e-02, -1.0794e-01, -3.7732e-02, +6.4287e-02, -2.7776e-02, +9.6300e-02, +8.4514e-04, +4.7678e-02, -4.0372e-02, +9.6153e-03, +4.9764e-02, -7.0146e-02, -7.6464e-02, +2.8779e-02, -6.1418e-02, +9.3989e-02, +1.3961e-03, +2.3129e-01, +1.9449e-02, +1.4050e-01
-3.5661e-02, -1.0000e+00, -1.0549e-01, -2.9635e-02, -2.4494e-02, -1.0208e-01, +9.2140e-02, -9.0748e-03, -2.6191e-02, -1.7821e-02, -8.6471e-02, -9.2830e-02, +9.0390e-02, -4.3451e-02, -7.2217e-02, -1.2829e-01, -3.6913e-03, -2.1741e-02, -8.4328e-02, -4.9374e-03, -3.6269e-03, -1.4491e-01, +4.0500e-02, -2.9197e-02, -8.4482e-02, +2.3126e-02, +3.5667e-02, -5.2785e-02, -2.4681e-03, -2.8772e-02, +3.3399e-02, -5.6869e-02, +5.1330e-03, +1.8160e-02, +2.8653e-03, +3.1105e-02, +1.5763e-01, -1.0874e-01, +4.3423e-02, -2.7620e-02, +3.9498e-02, +6.6038e-02, +7.1255e-02, -5.0731e-02, -1.2255e-02, -7.8306e-02, -8.7091e-02, +1.0882e-01, +3.0278e-02, +2.1454e-02
-1.5013e-01, -1.0549e-01, -1.0000e+00, -2.6312e-02, +7.9031e-02, -1.3965e-01, -1.0653e-01, +1.4485e-02, -3.4606e-02, +2.6867e-02, -9.9173e-02, -3.7384e-02, -1.5623e-01, -2.5826e-02, +1.4561e-02, -1.0540e-02, +5.4009e-02, -8.8527e-02, +3.7501e-02, +3.4193e-02, -4.1332e-02, +1.9309e-02, +9.4103e-02, -6.3629e-02, -1.1935e-01, -1.6308e-01, -1.4671e-01, -1.2685e-01, -1.4337e-02, +6.4745e-02, -2.9918e-02, +3.2754e-02, +3.8371e-02, -7.7181e-02, -6.4620e-02, +6.9834e-02, -1.4271e-01, +1.0076e-02, -1.3667e-02, -2.4476e-02, +1.0032e-01, -3.4806e-02, -1.0133e-02, -1.1176e-01, -1.5296e-01, +2.0758e-02, -8.7041e-02, +1.2073e-02, -5.1175e-02, +9.7801e-02
-7.6980e-04, -2.9635e-02, -2.6312e-02, -1.0000e+00, +1.0274e-01, -7.9840e-02, -1.3882e-01, +1.0137e-01, +1.3499e-01, +7.9225e-02, -1.1952e-01, -2.9583e-02, -1.5934e-01, -1.6534e-01, +1.5114e-03, +3.9960e-02, +4.6990e-02, -1.8870e-02, -4.7926e-02, +2.1795e-03, -3.8594e-02, +7.4706e-02, +7.4696e-02, -2.2049e-01, +1.6767e-03, -2.1576e-01, -2.4785e-05, -7.1029e-02, -1.1825e-02, -5.9264e-02, -1.3602e-01, +3.2073e-01, +6.1479e-02, -1.3038e-02, -5.5434e-02, -1.5485e-02, +3.9152e-02, +2.3925e-02, -9.2113e-02, -8.1103e-03, +4.4406e-02, +1.2308e-01, -6.1107e-02, +3.2846e-02, -5.7176e-02, -1.7543e-01, -1.2516e-01, -1.5972e-01, +2.2679e-02, -1.2851e-01
-6.9961e-02, -2.4494e-02, +7.9031e-02, +1.0274e-01, -1.0000e+00, -4.0211e-02, +1.0161e-01, +2.1568e-02, -9.4420e-03, +3.7135e-02, +4.9654e-02, +6.1797e-03, +7.3085e-03, +2.1235e-02, -2.0274e-03, -8.2650e-02, -1.1427e-01, +4.1390e-02, -7.4513e-02, -1.9206e-01, -4.8774e-03, -1.5738e-01, -1.3013e-01, -8.7921e-02, -7.2518e-02, +1.4895e-01, +5.6758e-02, +5.9668e-02, -8.5447e-02, -2.6998e-02, +5.5669e-02, -8.8838e-02, -1.2599e-01, +9.0119e-02, -1.4034e-01, -3.0046e-03, -9.0152e-02, +2.0990e-02, +1.6503e-02, -2.3440e-02, +5.2224e-02, -8.8330e-02, -2.6155e-02, +1.0403e-01, +1.1766e-01, +1.0909e-01, +1.3885e-02, +2.8318e-01, +6.9457e-03, +1.1491e-01
-9.7474e-03, -1.0208e-01, -1.3965e-01, -7.9840e-02, -4.0211e-02, -1.0000e+00, -4.0446e-02, +6.0277e-02, +4.7242e-02, +3.5092e-02, -8.1831e-02, +4.6280e-02, -7.9942e-02, -7.7582e-02, -1.1406e-01, -2.4360e-02, +3.6810e-02, -7.7797e-02, -8.3445e-02, -8.5826e-02, -7.1469e-02, -5.4897e-02, +1.5979e-02, -1.4346e-01, -1.8517e-02, -1.5087e-01, -4.4268e-02, -7.8676e-02, -2.7388e-03, -2.2108e-02, -1.0040e-01, +1.2479e-01, +3.5055e-02, -9.3179e-04, +3.8872e-02, +3.9768e-02, +1.3944e-01, -4.4483e-02, +3.7616e-03, -1.5699e-02, -9.2247e-02, +3.3036e-03, -2.4574e-02, +8.0509e-02, +8.7529e-02, -7.0624e-02, -1.9188e-01, -4.2861e-03, +3.4378e-02, -1.8051e-02
-3.1685e-02, +9.2140e-02, -1.0653e-01, -1.3882e-01, +1.0161e-01, -4.0446e-02, -1.0000e+00, +7.7592e-03, +5.0278e-02, +5.4178e-02, -3.4068e-02, -3.3132e-02, -6.3287e-02, -5.4592e-02, -3.7631e-02, +4.0421e-02, +3.2480e-02, +2.4358e-02, +2.1475e-02, +3.0966e-02, -1.4638e-03, +1.4268e-01, +6.8421e-02, -7.5998e-02, +2.4359e-02, -4.0594e-02, -1.1431e-01, -1.9492e-02, -6.1901e-02, -1.0990e-01, -1.1788e-02, +1.2861e-01, +1.1185e-01, -4.2645e-02, -6.0874e-02, -7.0193e-02, +1.6058e-02, +2.0687e-02, -7.0389e-02, +1.7287e-02, -3.7873e-02, -1.1516e-02, -3.3570e-03, -7.0634e-02, -8.4164e-02, -8.7938e-02, -1.2458e-01, -1.9822e-01, +7.2226e-03, +1.1146e-01
-6.9405e-02, -9.0748e-03, +1.4485e-02, +1.0137e-01, +2.1568e-02, +6.0277e-02, +7.7592e-03, -1.0000e+00, +2.2274e-02, +3.5454e-01, +1.0644e-01, +3.1206e-03, +5.1824e-02, +5.2070e-02, +1.7037e-01, +2.3760e-01, -2.0905e-02, -4.2125e-02, -3.6604e-04, -7.3287e-02, +1.4253e-01, +1.1572e-01, +2.1464e-01, +9.3607e-02, +4.4720e-02, +1.3075e-01, +7.2867e-02, -4.7815e-02, +3.9271e-02, -6.7207e-03, +2.9176e-02, -1.6926e-01, +2.9714e-02, -4.2228e-02, +1.7176e-02, +5.6267e-02, -1.7208e-01, +4.7429e-02, +3.7294e-03, +1.5696e-02, +3.1300e-02, -1.0714e-01, +2.9084e-02, +3.4904e-02, +4.6605e-02, -1.7057e-03, +2.0764e-01, +1.2271e-01, +4.8551e-02, +1.2005e-01
-1.5894e-01, -2.6191e-02, -3.4606e-02, +1.3499e-01, -9.4420e-03, +4.7242e-02, +5.0278e-02, +2.2274e-02, -1.0000e+00, -3.3750e-03, +7.6235e-02, +4.7444e-02, +2.4891e-02, +1.1043e-01, +1.8158e-02, -1.3381e-01, -1.1726e-01, +5.4652e-02, +7.3618e-02, -8.0891e-03, -1.1853e-03, -1.1981e-01, -1.2201e-01, +1.0806e-01, -7.6559e-02, +7.6633e-02, +5.3947e-02, -1.4246e-02, +6.3611e-02, +8.0573e-02, -5.0534e-02, -2.4848e-01, -1.3558e-01, +5.5680e-02, +7.5689e-02, +8.3182e-02, -4.7522e-02, +5.3273e-02, +7.6090e-02, -4.1928e-02, +3.6055e-02, -1.3858e-01, -2.8184e-02, +4.5019e-02, +4.0728e-02, +8.8673e-02, +6.8019e-02, +1.9931e-01, -3.6895e-02, +1.8859e-01
+6.9123e-02, -1.7821e-02, +2.6867e-02, +7.9225e-02, +3.7135e-02, +3.5092e-02, +5.4178e-02, +3.5454e-01, -3.3750e-03, -1.0000e+00, -9.9543e-02, -6.5105e-02, -2.2611e-02, +9.8873e-02, +4.4407e-02, -5.7292e-02, +2.5412e-01, +1.1270e-02, +1.6513e-02, +4.0163e-02, +5.9646e-03, -1.6129e-02, +1.3067e-01, -1.7655e-03, -5.2987e-02, -8.2372e-02, -8.4095e-03, +6.4100e-02, -2.3723e-02, +7.0724e-02, +1.9509e-02, -7.0803e-03, -6.4912e-03, +1.8206e-01, +6.6429e-03, -1.1091e-01, +2.8220e-02, -1.0226e-03, +6.0390e-02, -2.0690e-02, -5.8594e-02, +1.6062e-02, +6.5759e-01, +1.5780e-01, +2.0906e-01, +5.5487e-02, -1.0966e-01, +3.0921e-02, -3.6107e-02, -4.4733e-02
-5.5292e-02, -8.6471e-02, -9.9173e-02, -1.1952e-01, +4.9654e-02, -8.1831e-02, -3.4068e-02, +1.0644e-01, +7.6235e-02, -9.9543e-02, -1.0000e+00, +3.6556e-03, -2.5367e-01, -5.6496e-02, -8.3558e-02, -1.2618e-01, +4.2426e-02, -1.0592e-01, -6.3315e-02, -1.5682e-01, -3.1799e-02, -1.4126e-01, +1.2111e-01, +5.6604e-03, -1.1433e-01, -1.9145e-01, -1.0197e-01, -8.8427e-02, -6.4647e-02, -2.5816e-02, -1.0205e-01, +1.4765e-01, +5.7202e-02, +8.9852e-02, -5.5572e-02, +6.1562e-02, +1.4348e-01, -4.1851e-02, -6.6372e-02, -5.1715e-02, +4.9153e-02, -1.0244e-02, +3.2178e-02, +1.1459e-01, -3.2358e-03, +1.3115e-02, -1.8758e-01, +7.4584e-02, -2.9147e-02, +7.9123e-02
+5.8630e-02, -9.2830e-02, -3.7384e-02, -2.9583e-02, +6.1797e-03, +4.6280e-02, -3.3132e-02, +3.1206e-03, +4.7444e-02, -6.5105e-02, +3.6556e-03, -1.0000e+00, -6.3873e-02, -6.6576e-02, +6.5083e-02, +4.0439e-02, +8.1857e-02, -3.5396e-02, +3.0676e-02, +8.2486e-02, -4.9757e-02, +1.2981e-02, +1.0002e-01, -7.8798e-02, -8.8066e-02, -4.3102e-02, -9.0833e-03, -5.9976e-02, -5.9382e-03, +2.8536e-02, -2.3955e-02, +3.5977e-03, +5.1837e-03, +3.5451e-02, -4.1292e-02, +1.2218e-02, -5.2121e-02, -8.8683e-03, -1.8000e-02, +1.9957e-02, -3.7601e-02, +2.7391e-02, +9.5540e-02, -2.8568e-02, -4.8524e-02, +5.1630e-02, -1.7734e-02, -2.6044e-02, -3.9559e-02, -1.2423e-01
-9.3938e-02, +9.0390e-02, -1.5623e-01, -1.5934e-01, +7.3085e-03, -7.9942e-02, -6.3287e-02, +5.1824e-02, +2.4891e-02, -2.2611e-02, -2.5367e-01, -6.3873e-02, -1.0000e+00, -7.2230e-03, -5.5061e-02, -9.3193e-02, +1.8515e-01, +7.2506e-03, -1.0871e-01, +1.7183e-01, -1.3772e-02, -1.2261e-01, +2.6721e-01, -3.4651e-02, -1.3296e-01, -1.0703e-01, -6.7440e-02, -1.6168e-01, -1.5741e-01, +2.1297e-02, -4.5073e-02, -1.2592e-01, +9.4065e-02, +2.3210e-02, -1.0970e-01, -7.5121e-03, +1.5564e-01, +5.1836e-02, -1.4024e-01, -8.6537e-03, +1.8453e-02, -3.8379e-02, -3.0321e-02, -7.5175e-02, -2.4385e-01, -1.2958e-02, -7.4106e-02, +9.4786e-02, -1.0179e-01, -2.6540e-02
-2.6883e-02, -4.3451e-02, -2.5826e-02, -1.6534e-01, +2.1235e-02, -7.7582e-02, -5.4592e-02, +5.2070e-02, +1.1043e-01, +9.8873e-02, -5.6496e-02, -6.6576e-02, -7.2230e-03, -1.0000e+00, -5.4447e-02, -4.1374e-02, +1.8889e-02, -9.3733e-02, -1.2167e-01, -2.3029e-02, -5.9808e-02, -8.6128e-03, +1.2119e-02, -1.3553e-01, -7.0579e-02, -1.0444e-01, -8.6342e-02, -1.1040e-01, -5.2006e-02, -1.2125e-01, -1.9731e-01, +1.3372e-01, +4.6933e-03, -1.1471e-01, +4.1481e-02, +4.8391e-02, +3.3113e-01, -1.4044e-01, -6.1046e-02, +3.9778e-02, -8.6489e-02, +8.8411e-02, -6.4570e-02, -2.5002e-02, -2.0154e-02, -8.2146e-02, -9.3015e-02, -2.3535e-02, +4.4003e-02, -8.7008e-02
+9.9794e-04, -7.2217e-02, +1.4561e-02, +1.5114e-03, -2.0274e-03, -1.1406e-01, -3.7631e-02, +1.7037e-01, +1.8158e-02, +4.4407e-02, -8.3558e-02, +6.5083e-02, -5.5061e-02, -5.4447e-02, -1.0000e+00, -1.0953e-01, -1.2063e-01, -1.0102e-01, -1.0162e-01, +6.4128e-03, -8.4747e-02, -1.0960e-02, -8.8469e-02, +7.3636e-02, -4.0029e-02, +2.6326e-02, -1.2984e-01, -1.3301e-01, -6.1788e-02, +5.8891e-02, +7.1503e-03, +1.0067e-01, -3.3004e-02, -4.2793e-02, +7.0609e-02, +2.8552e-02, +2.5260e-01, +4.3424e-03, -5.3231e-03, +7.5210e-03, -4.9401e-02, +5.9085e-02, -7.0297e-02, -1.2285e-01, -5.1591e-03, +3.1671e-02, -5.7747e-02, +3.0275e-03, +6.2506e-03, +4.7108e-02
-1.1068e-01, -1.2829e-01, -1.0540e-02, +3.9960e-02, -8.2650e-02, -2.4360e-02, +4.0421e-02, +2.3760e-01, -1.3381e-01, -5.7292e-02, -1.2618e-01, +4.0439e-02, -9.3193e-02, -4.1374e-02, -1.0953e-01, -1.0000e+00, +2.4078e-02, -1.0767e-01, +7.6678e-02, -2.6528e-01, +3.9074e-03, -1.8427e-01, +2.4530e-02, -2.0563e-02, -9.1379e-02, +3.8445e-03, -4.0772e-02, +4.6329e-02, -7.8277e-02, -3.4211e-02, -2.4276e-02, -5.1608e-02, -2.1314e-01, +9.6319e-02, -1.2415e-01, -3.3231e-02, +2.8091e-01, -9.4441e-02, +2.8391e-02, -8.2383e-02, +1.2155e-01, +3.5617e-02, -6.1771e-02, +3.3033e-02, -7.6387e-02, +1.1913e-01, -4.2002e-02, +4.0943e-01, +8.4176e-02, +2.2015e-01
+1.8895e-02, -3.6913e-03, +5.4009e-02, +4.6990e-02, -1.1427e-01, +3.6810e-02, +3.2480e-02, -2.0905e-02, -1.1726e-01, +2.5412e-01, +4.2426e-02, +8.1857e-02, +1.8515e-01, +1.8889e-02, -1.2063e-01, +2.4078e-02, -1.0000e+00, +3.0324e-02, +3.7708e-02, +8.9376e-03, -4.8355e-02, -1.3135e-01, +1.3979e-01, +9.1159e-02, +3.2756e-02, +2.4080e-02, +5.6563e-02, +3.3383e-02, +9.0041e-02, +4.3447e-02, +1.2046e-01, +2.2108e-02, -7.6407e-02, +2.5765e-03, +7.2458e-03, +3.8819e-02, -5.9218e-04, -1.5014e-02, +6.7598e-02, -2.5020e-02, -3.5560e-02, +3.7603e-02, +2.6503e-03, -4.1635e-02, +3.0425e-01, +7.7962e-02, -2.7065e-03, -2.4328e-02, -1.2653e-01, +3.7529e-02
-5.2656e-02, -2.1741e-02, -8.8527e-02, -1.8870e-02, +4.1389e-02, -7.7797e-02, +2.4358e-02, -4.2125e-02, +5.4652e-02, +1.1270e-02, -1.0592e-01, -3.5396e-02, +7.2506e-03, -9.3733e-02, -1.0102e-01, -1.0767e-01, +3.0324e-02, -1.0000e+00, -1.5056e-03, -7.0751e-02, -2.5195e-02, -6.7891e-02, +6.1766e-02, +2.7476e-02, -8.1524e-02, -7.7176e-02, -1.6732e-03, -1.0833e-01, +6.4687e-02, +2.0255e-02, -9.0161e-02, +2.0901e-02, -8.6013e-02, -4.4136e-02, +3.4023e-02, +7.5591e-02, +1.5389e-01, -7.2990e-02, +4.8121e-02, -2.6101e-02, +2.6218e-03, +4.4595e-02, -2.3532e-02, +3.1789e-03, -1.5370e-02, +4.7185e-03, -5.9926e-02, +1.1606e-01, +5.2682e-02, -2.1130e-02
+2.8171e-02, -8.4328e-02, +3.7501e-02, -4.7926e-02, -7.4512e-02, -8.3445e-02, +2.1475e-02, -3.6604e-04, +7.3618e-02, +1.6513e-02, -6.3315e-02, +3.0676e-02, -1.0871e-01, -1.2167e-01, -1.0162e-01, +7.6678e-02, +3.7708e-02, -1.5056e-03, -1.0000e+00, -1.1982e-01, -3.5753e-02, -9.2789e-02, +1.0827e-02, -1.1338e-01, -2.2416e-02, -1.2003e-01, -8.7551e-03, -1.5099e-01, -2.5560e-02, -1.7305e-02, -7.2562e-02, +1.5818e-01, +1.2518e-02, -5.8690e-02, +5.6059e-03, +2.3666e-02, +2.7462e-01, -2.0584e-02, -1.5139e-01, +8.4328e-03, -4.2738e-02, +6.1517e-02, +4.1118e-02, -3.1213e-02, +4.2869e-02, -7.7139e-02, -1.1371e-01, +8.9054e-02, +1.6506e-02, -1.4466e-01
-1.0801e-01, -4.9374e-03, +3.4193e-02, +2.1795e-03, -1.9206e-01, -8.5826e-02, +3.0966e-02, -7.3287e-02, -8.0891e-03, +4.0163e-02, -1.5682e-01, +8.2486e-02, +1.7183e-01, -2.3029e-02, +6.4128e-03, -2.6528e-01, +8.9376e-03, -7.0751e-02, -1.1982e-01, -1.0000e+00, +7.3868e-03, +4.2965e-02, -5.5026e-02, -1.6049e-01, -1.2277e-01, +6.0368e-03, -1.5447e-02, -1.3029e-02, -2.7322e-02, -5.6340e-02, -1.9418e-01, +4.1536e-01, -3.1373e-01, +6.7006e-02, -7.3421e-02, +1.0841e-01, +2.5454e-02, -7.5433e-02, -4.0000e-02, -9.3389e-02, +1.3211e-01, -1.2656e-02, -1.0251e-01, +1.8725e-01, +3.2609e-02, -6.1967e-02, -1.0727e-01, +4.8451e-01, +3.8231e-01, +2.8532e-01
+6.6114e-02, -3.6269e-03, -4.1332e-02, -3.8594e-02, -4.8774e-03, -7.1469e-02, -1.4638e-03, +1.4253e-01, -1.1853e-03, +5.9646e-03, -3.1799e-02, -4.9757e-02, -1.3772e-02, -5.9808e-02, -8.4747e-02, +3.9074e-03, -4.8355e-02, -2.5195e-02, -3.5753e-02, +7.3868e-03, -1.0000e+00, +4.5195e-02, -4.2235e-02, -2.2281e-02, -6.8669e-02, -4.8266e-02, -7.9285e-02, -9.6897e-02, +3.4075e-02, -1.8930e-02, -1.1373e-01, +1.6244e-01, +5.8609e-02, -2.4393e-02, +4.2642e-02, -5.5462e-02, +4.1886e-02, +9.1622e-04, -7.8145e-02, +3.8989e-03, -8.7229e-02, +6.7865e-02, +2.3523e-03, -5.2244e-02, +5.3682e-03, -1.1787e-01, -1.4996e-01, -9.6827e-02, -1.6516e-02, -5.2106e-02
-7.7871e-02, -1.4491e-01, +1.9309e-02, +7.4706e-02, -1.5738e-01, -5.4897e-02, +1.4268e-01, +1.1572e-01, -1.1981e-01, -1.6129e-02, -1.4126e-01, +1.2981e-02, -1.2261e-01, -8.6128e-03, -1.0960e-02, -1.8427e-01, -1.3135e-01, -6.7891e-02, -9.2789e-02, +4.2965e-02, +4.5195e-02, -1.0000e+00, -1.9902e-01, -2.0770e-03, -4.4684e-03, -3.6746e-02, +1.0258e-01, +1.4902e-01, +3.0362e-03, +1.6870e-02, +8.5915e-02, -4.1767e-01, -5.5173e-02, +1.0629e-01, -5.1083e-02, +7.4326e-02, +2.1303e-01, +3.5235e-02, -3.3908e-02, +7.5737e-03, +5.8892e-02, +1.6133e-01, +3.6314e-02, +2.2179e-01, +2.3273e-01, +2.0777e-01, -1.5908e-02, +3.4657e-01, -2.6491e-01, -1.6310e-01
+4.6887e-02, +4.0500e-02, +9.4103e-02, +7.4696e-02, -1.3013e-01, +1.5979e-02, +6.8421e-02, +2.1464e-01, -1.2201e-01, +1.3067e-01, +1.2111e-01, +1.0002e-01, +2.6721e-01, +1.2119e-02, -8.8469e-02, +2.4530e-02, +1.3979e-01, +6.1766e-02, +1.0827e-02, -5.5026e-02, -4.2235e-02, -1.9902e-01, -1.0000e+00, -9.6411e-02, +5.3715e-02, +2.4734e-02, -6.7192e-03, +1.3772e-01, +1.0212e-01, +4.9140e-02, +9.1296e-02, -5.6481e-02, -8.9268e-03, -2.6787e-02, +3.1009e-02, +9.5636e-03, +9.1212e-03, +4.4567e-02, +8.0959e-02, -1.8277e-02, -1.0725e-02, +8.1304e-02, -8.2466e-02, -1.1186e-01, +2.5461e-01, -1.2715e-02, +3.4601e-03, -1.0024e-01, -2.9083e-02, +1.9105e-02
-5.7501e-03, -2.9197e-02, -6.3629e-02, -2.2049e-01, -8.7921e-02, -1.4346e-01, -7.5998e-02, +9.3607e-02, +1.0806e-01, -1.7655e-03, +5.6604e-03, -7.8798e-02, -3.4651e-02, -1.3553e-01, +7.3636e-02, -2.0563e-02, +9.1159e-02, +2.7476e-02, -1.1338e-01, -1.6049e-01, -2.2281e-02, -2.0770e-03, -9.6411e-02, -1.0000e+00, -6.1182e-02, -1.4906e-01, -3.4947e-02, +3.3555e-02, -1.4439e-02, -8.1202e-03, -1.3461e-01, +2.8994e-01, -2.3740e-02, +7.2903e-02, -2.0272e-01, +1.4107e-02, +2.1815e-02, -8.5901e-02, -1.0356e-01, -3.3172e-02, +1.2219e-01, +7.6302e-02, +1.7152e-02, +3.7354e-02, +4.1684e-02, -1.0085e-01, -1.5098e-01, +2.1677e-02, +1.1488e-01, -1.1899e-01
-6.4841e-02, -8.4482e-02, -1.1935e-01, +1.6767e-03, -7.2518e-02, -1.8517e-02, +2.4359e-02, +4.4720e-02, -7.6559e-02, -5.2987e-02, -1.1433e-01, -8.8066e-02, -1.3296e-01, -7.0579e-02, -4.0029e-02, -9.1379e-02, +3.2756e-02, -8.1524e-02, -2.2416e-02, -1.2277e-01, -6.8669e-02, -4.4684e-03, +5.3715e-02, -6.1182e-02, -1.0000e+00, -6.2345e-02, -1.5141e-01, -1.8980e-02, -2.7339e-02, -2.6200e-02, -1.6757e-01, +6.6987e-02, -1.4418e-01, +2.2429e-02, -6.5835e-02, +5.5379e-02, -8.1509e-02, -3.3133e-02, -2.0407e-02, -3.1330e-02, +1.8959e-02, +4.8357e-02, +6.6556e-03, -2.6955e-02, -5.3875e-02, -8.1438e-03, -6.5567e-02, +2.3452e-01, +6.7000e-03, -9.7242e-02
+2.5131e-02, +2.3126e-02, -1.6308e-01, -2.1576e-01, +1.4895e-01, -1.5087e-01, -4.0594e-02, +1.3075e-01, +7.6633e-02, -8.2372e-02, -1.9145e-01, -4.3102e-02, -1.0703e-01, -1.0444e-01, +2.6326e-02, +3.8445e-03, +2.4080e-02, -7.7176e-02, -1.2003e-01, +6.0368e-03, -4.8266e-02, -3.6746e-02, +2.4734e-02, -1.4906e-01, -6.2345e-02, -1.0000e+00, -1.2791e-01, -5.2836e-02, +8.7275e-03, -1.7027e-02, -1.3134e-01, +1.3113e-01, +7.8726e-02, -4.2696e-02, +1.3839e-02, -2.8524e-03, +1.2558e-01, -1.4047e-02, +9.5990e-02, +2.5184e-02, -7.4316e-02, +1.2227e-01, +1.3177e-01, -5.1843e-02, +2.0432e-02, +8.2586e-02, -1.1107e-01, -5.3047e-02, -8.5876e-02, -7.2540e-02
-7.3464e-02, +3.5667e-02, -1.4671e-01, -2.4773e-05, +5.6758e-02, -4.4268e-02, -1.1431e-01, +7.2867e-02, +5.3947e-02, -8.4095e-03, -1.0197e-01, -9.0833e-03, -6.7440e-02, -8.6342e-02, -1.2984e-01, -4.0772e-02, +5.6563e-02, -1.6731e-03, -8.7550e-03, -1.5447e-02, -7.9285e-02, +1.0258e-01, -6.7191e-03, -3.4947e-02, -1.5141e-01, -1.2791e-01, -1.0000e+00, -1.4555e-01, -1.1025e-01, -3.7929e-02, -9.7638e-02, +1.3657e-01, +4.7458e-03, -3.4821e-02, -6.2422e-03, +5.7980e-02, +1.1709e-01, -2.3172e-03, -4.6329e-02, -1.9065e-02, -6.9265e-02, -3.2974e-02, -1.4694e-02, -1.5340e-01, -9.0228e-02, -3.6372e-02, -1.0888e-01, -6.8290e-03, +3.7983e-02, +3.3416e-02
-5.0405e-02, -5.2785e-02, -1.2685e-01, -7.1029e-02, +5.9668e-02, -7.8676e-02, -1.9492e-02, -4.7815e-02, -1.4246e-02, +6.4100e-02, -8.8427e-02, -5.9976e-02, -1.6168e-01, -1.1040e-01, -1.3301e-01, +4.6329e-02, +3.3384e-02, -1.0833e-01, -1.5099e-01, -1.3029e-02, -9.6897e-02, +1.4902e-01, +1.3772e-01, +3.3555e-02, -1.8980e-02, -5.2836e-02, -1.4555e-01, -1.0000e+00, -1.4547e-03, +3.7521e-02, -9.2976e-02, +1.4626e-01, +2.0408e-01, -1.1213e-01, +1.2040e-01, -1.6740e-02, +2.3827e-01, -3.7010e-02, -6.8029e-02, -3.1306e-03, -1.2727e-01, -9.4405e-02, +6.8028e-03, -2.7497e-01, -1.8287e-01, +5.3520e-03, -1.4713e-01, -7.1271e-02, -6.4575e-03, +1.8703e-01
+8.2445e-03, -2.4681e-03, -1.4337e-02, -1.1825e-02, -8.5447e-02, -2.7388e-03, -6.1901e-02, +3.9271e-02, +6.3611e-02, -2.3723e-02, -6.4647e-02, -5.9382e-03, -1.5741e-01, -5.2006e-02, -6.1788e-02, -7.8277e-02, +9.0041e-02, +6.4687e-02, -2.5560e-02, -2.7322e-02, +3.4075e-02, +3.0362e-03, +1.0212e-01, -1.4439e-02, -2.7339e-02, +8.7275e-03, -1.1025e-01, -1.4547e-03, -1.0000e+00, +5.1758e-02, -4.8382e-02, +4.2282e-02, +9.6925e-02, -2.9120e-02, -5.6937e-02, +3.0387e-02, +1.2347e-01, -2.9813e-02, -5.8029e-02, +7.7419e-04, -9.3371e-03, -6.9182e-02, +9.6554e-03, -5.0933e-02, -1.1440e-01, -6.3438e-02, -7.1849e-02, +5.5140e-03, +1.3544e-02, +1.2919e-01
-7.8472e-03, -2.8772e-02, +6.4745e-02, -5.9264e-02, -2.6998e-02, -2.2108e-02, -1.0990e-01, -6.7207e-03, +8.0573e-02, +7.0724e-02, -2.5816e-02, +2.8536e-02, +2.1297e-02, -1.2125e-01, +5.8891e-02, -3.4211e-02, +4.3447e-02, +2.0255e-02, -1.7305e-02, -5.6340e-02, -1.8930e-02, +1.6870e-02, +4.9140e-02, -8.1202e-03, -2.6200e-02, -1.7027e-02, -3.7929e-02, +3.7521e-02, +5.1758e-02, -1.0000e+00, -7.4429e-02, +5.9679e-02, -2.2307e-02, -1.5263e-02, +4.8116e-03, -2.1991e-02, +7.4156e-03, +2.4128e-02, -4.0387e-02, +7.2477e-02, +2.1167e-02, +6.1710e-02, -7.6826e-02, +2.7838e-02, -6.0193e-02, +1.0506e-02, -4.0307e-02, +2.9597e-02, +5.7187e-02, -1.7844e-02
-2.2422e-02, +3.3399e-02, -2.9918e-02, -1.3602e-01, +5.5669e-02, -1.0040e-01, -1.1788e-02, +2.9176e-02, -5.0534e-02, +1.9509e-02, -1.0205e-01, -2.3955e-02, -4.5073e-02, -1.9731e-01, +7.1503e-03, -2.4276e-02, +1.2046e-01, -9.0161e-02, -7.2562e-02, -1.9418e-01, -1.1373e-01, +8.5915e-02, +9.1296e-02, -1.3461e-01, -1.6757e-01, -1.3134e-01, -9.7638e-02, -9.2976e-02, -4.8382e-02, -7.4429e-02, -1.0000e+00, +2.6425e-01, -8.6176e-02, -9.1647e-03, +6.3774e-02, +5.4902e-02, +1.3096e-01, +2.1069e-02, -6.4181e-02, -3.8221e-02, -1.6912e-01, -2.5762e-03, -1.0284e-01, +9.1572e-02, -8.3475e-02, -7.0466e-02, -1.2857e-01, +9.7726e-02, +1.0068e-01, -2.7682e-02
-1.0794e-01, -5.6869e-02, +3.2754e-02, +3.2073e-01, -8.8838e-02, +1.2479e-01, +1.2861e-01, -1.6926e-01, -2.4848e-01, -7.0803e-03, +1.4765e-01, +3.5977e-03, -1.2592e-01, +1.3372e-01, +1.0067e-01, -5.1608e-02, +2.2108e-02, +2.0901e-02, +1.5818e-01, +4.1536e-01, +1.6244e-01, -4.1767e-01, -5.6481e-02, +2.8994e-01, +6.6987e-02, +1.3113e-01, +1.3657e-01, +1.4626e-01, +4.2282e-02, +5.9679e-02, +2.6425e-01, -1.0000e+00, -6.9167e-02, +1.8315e-01, +5.3570e-02, +1.3578e-01, +5.4507e-02, +7.7794e-02, +8.8330e-02, +3.8621e-02, +1.1262e-02, -1.6937e-01, +2.2849e-02, +5.0171e-02, +1.1775e-02, +3.1285e-01, +2.8741e-01, +2.7636e-01, -2.6652e-01, +1.1538e-01
-3.7732e-02, +5.1330e-03, +3.8371e-02, +6.1479e-02, -1.2599e-01, +3.5055e-02, +1.1185e-01, +2.9714e-02, -1.3558e-01, -6.4912e-03, +5.7202e-02, +5.1837e-03, +9.4065e-02, +4.6933e-03, -3.3004e-02, -2.1314e-01, -7.6407e-02, -8.6013e-02, +1.2518e-02, -3.1373e-01, +5.8609e-02, -5.5173e-02, -8.9268e-03, -2.3740e-02, -1.4418e-01, +7.8726e-02, +4.7458e-03, +2.0408e-01, +9.6925e-02, -2.2307e-02, -8.6176e-02, -6.9167e-02, -1.0000e+00, +5.0418e-02, -5.5363e-02, +1.7025e-01, +6.4018e-02, +3.4595e-02, +3.5017e-02, +9.7017e-03, +1.3399e-01, +1.5777e-01, -1.1585e-01, +1.6834e-01, +4.0058e-02, +5.2772e-02, +1.1848e-01, +5.6168e-01, +2.7899e-01, -2.1524e-01
+6.4287e-02, +1.8160e-02, -7.7181e-02, -1.3038e-02, +9.0119e-02, -9.3180e-04, -4.2645e-02, -4.2228e-02, +5.5680e-02, +1.8206e-01, +8.9852e-02, +3.5451e-02, +2.3210e-02, -1.1471e-01, -4.2793e-02, +9.6319e-02, +2.5765e-03, -4.4136e-02, -5.8690e-02, +6.7006e-02, -2.4393e-02, +1.0629e-01, -2.6787e-02, +7.2903e-02, +2.2429e-02, -4.2696e-02, -3.4821e-02, -1.1213e-01, -2.9120e-02, -1.5263e-02, -9.1647e-03, +1.8315e-01, +5.0418e-02, -1.0000e+00, +8.0490e-02, +6.0731e-03, -6.8749e-03, -1.9466e-02, -1.3442e-03, +3.0991e-02, -3.6020e-03, +2.0400e-01, -1.1899e-01, -3.6971e-01, -1.9333e-01, -1.0243e-01, +1.4405e-02, +1.3092e-02, -8.1347e-02, -1.6428e-01
-2.7776e-02, +2.8653e-03, -6.4620e-02, -5.5434e-02, -1.4034e-01, +3.8872e-02, -6.0874e-02, +1.7176e-02, +7.5689e-02, +6.6429e-03, -5.5572e-02, -4.1292e-02, -1.0970e-01, +4.1481e-02, +7.0609e-02, -1.2415e-01, +7.2458e-03, +3.4023e-02, +5.6059e-03, -7.3421e-02, +4.2642e-02, -5.1083e-02, +3.1009e-02, -2.0272e-01, -6.5835e-02, +1.3839e-02, -6.2422e-03, +1.2040e-01, -5.6937e-02, +4.8116e-03, +6.3774e-02, +5.3570e-02, -5.5363e-02, +8.0490e-02, -1.0000e+00, +1.7465e-02, -1.9083e-01, +2.7161e-02, -3.0870e-02, -1.9482e-03, +2.2357e-01, +6.0470e-03, +1.0783e-02, +3.2283e-02, -2.0511e-02, +3.8496e-02, +1.5078e-02, +5.9550e-02, -2.9705e-02, +2.1594e-02
+9.6300e-02, +3.1105e-02, +6.9834e-02, -1.5485e-02, -3.0046e-03, +3.9768e-02, -7.0193e-02, +5.6267e-02, +8.3182e-02, -1.1091e-01, +6.1562e-02, +1.2218e-02, -7.5121e-03, +4.8391e-02, +2.8552e-02, -3.3231e-02, +3.8819e-02, +7.5591e-02, +2.3666e-02, +1.0841e-01, -5.5462e-02, +7.4326e-02, +9.5636e-03, +1.4107e-02, +5.5379e-02, -2.8524e-03, +5.7980e-02, -1.6740e-02, +3.0387e-02, -2.1991e-02, +5.4902e-02, +1.3578e-01, +1.7025e-01, +6.0731e-03, +1.7465e-02, -1.0000e+00, -9.4462e-02, -4.9107e-02, -1.1564e-02, -5.3655e-02, -9.0764e-02, +9.8190e-02, +1.4097e-01, -2.3338e-02, +4.7548e-02, -1.3016e-02, -7.7118e-03, -2.1241e-01, -7.5555e-02, -1.1178e-02
+8.4514e-04, +1.5763e-01, -1.4271e-01, +3.9152e-02, -9.0152e-02, +1.3944e-01, +1.6058e-02, -1.7208e-01, -4.7522e-02, +2.8220e-02, +1.4348e-01, -5.2121e-02, +1.5564e-01, +3.3113e-01, +2.5260e-01, +2.8091e-01, -5.9218e-04, +1.5389e-01, +2.7462e-01, +2.5454e-02, +4.1886e-02, +2.1303e-01, +9.1212e-03, +2.1815e-02, -8.1509e-02, +1.2558e-01, +1.1709e-01, +2.3827e-01, +1.2347e-01, +7.4156e-03, +1.3096e-01, +5.4507e-02, +6.4018e-02, -6.8749e-03, -1.9083e-01, -9.4462e-02, -1.0000e+00, +1.3061e-01, +6.2707e-02, -9.1903e-03, +2.7032e-01, -2.6300e-02, +3.7462e-02, +2.4113e-02, -3.7036e-02, +9.4299e-02, +1.5522e-01, -9.3860e-02, -1.6990e-01, -1.3165e-01
+4.7678e-02, -1.0874e-01, +1.0076e-02, +2.3925e-02, +2.0990e-02, -4.4483e-02, +2.0687e-02, +4.7429e-02, +5.3273e-02, -1.0226e-03, -4.1851e-02, -8.8683e-03, +5.1836e-02, -1.4044e-01, +4.3424e-03, -9.4441e-02, -1.5014e-02, -7.2990e-02, -2.0584e-02, -7.5433e-02, +9.1624e-04, +3.5235e-02, +4.4567e-02, -8.5901e-02, -3.3133e-02, -1.4047e-02, -2.3172e-03, -3.7010e-02, -2.9813e-02, +2.4128e-02, +2.1069e-02, +7.7794e-02, +3.4595e-02, -1.9466e-02, +2.7161e-02, -4.9107e-02, +1.3061e-01, -1.0000e+00, -2.2293e-02, -1.7717e-02, +2.6760e-02, +5.8973e-02, -4.3828e-03, -1.4580e-01, -9.9556e-02, -4.9444e-02, -1.1243e-01, +4.2547e-02, -1.1712e-02, +5.5881e-02
-4.0372e-02, +4.3423e-02, -1.3667e-02, -9.2113e-02, +1.6503e-02, +3.7616e-03, -7.0389e-02, +3.7294e-03, +7.6090e-02, +6.0390e-02, -6.6372e-02, -1.8000e-02, -1.4024e-01, -6.1046e-02, -5.3232e-03, +2.8391e-02, +6.7598e-02, +4.8121e-02, -1.5139e-01, -4.0000e-02, -7.8145e-02, -3.3908e-02, +8.0959e-02, -1.0356e-01, -2.0407e-02, +9.5990e-02, -4.6329e-02, -6.8029e-02, -5.8029e-02, -4.0387e-02, -6.4181e-02, +8.8330e-02, +3.5017e-02, -1.3443e-03, -3.0870e-02, -1.1564e-02, +6.2707e-02, -2.2293e-02, -1.0000e+00, -2.8417e-02, +4.0126e-02, +1.1031e-02, -7.8255e-02, -2.3276e-02, -8.5139e-02, -9.0048e-02, -9.8720e-02, +2.4303e-02, +9.8149e-03, -7.5087e-02
+9.6153e-03, -2.7620e-02, -2.4476e-02, -8.1103e-03, -2.3440e-02, -1.5699e-02, +1.7287e-02, +1.5696e-02, -4.1928e-02, -2.0690e-02, -5.1715e-02, +1.9957e-02, -8.6537e-03, +3.9778e-02, +7.5210e-03, -8.2383e-02, -2.5020e-02, -2.6101e-02, +8.4328e-03, -9.3389e-02, +3.8989e-03, +7.5737e-03, -1.8277e-02, -3.3172e-02, -3.1330e-02, +2.5184e-02, -1.9065e-02, -3.1306e-03, +7.7420e-04, +7.2477e-02, -3.8221e-02, +3.8621e-02, +9.7017e-03, +3.0991e-02, -1.9482e-03, -5.3655e-02, -9.1903e-03, -1.7717e-02, -2.8417e-02, -1.0000e+00, -6.2407e-03, -1.1999e-02, +3.7391e-02, +6.2326e-02, +5.0189e-02, +1.7155e-02, -6.5671e-02, +8.8035e-03, +2.3233e-02, +8.0530e-02
+4.9764e-02, +3.9498e-02, +1.0032e-01, +4.4406e-02, +5.2224e-02, -9.2247e-02, -3.7873e-02, +3.1300e-02, +3.6055e-02, -5.8594e-02, +4.9153e-02, -3.7601e-02, +1.8453e-02, -8.6489e-02, -4.9401e-02, +1.2155e-01, -3.5560e-02, +2.6217e-03, -4.2738e-02, +1.3211e-01, -8.7229e-02, +5.8892e-02, -1.0725e-02, +1.2219e-01, +1.8959e-02, -7.4316e-02, -6.9265e-02, -1.2727e-01, -9.3371e-03, +2.1167e-02, -1.6912e-01, +1.1262e-02, +1.3399e-01, -3.6019e-03, +2.2357e-01, -9.0764e-02, +2.7032e-01, +2.6760e-02, +4.0126e-02, -6.2407e-03, -1.0000e+00, -9.4257e-02, +6.3240e-02, +6.1788e-02, +1.5360e-01, -3.2923e-02, -9.1818e-03, -2.1151e-01, -1.5582e-02, +3.4907e-02
-7.0146e-02, +6.6038e-02, -3.4806e-02, +1.2308e-01, -8.8330e-02, +3.3035e-03, -1.1516e-02, -1.0714e-01, -1.3858e-01, +1.6062e-02, -1.0244e-02, +2.7391e-02, -3.8379e-02, +8.8411e-02, +5.9085e-02, +3.5617e-02, +3.7603e-02, +4.4595e-02, +6.1517e-02, -1.2656e-02, +6.7865e-02, +1.6133e-01, +8.1304e-02, +7.6302e-02, +4.8357e-02, +1.2227e-01, -3.2974e-02, -9.4405e-02, -6.9182e-02, +6.1710e-02, -2.5762e-03, -1.6937e-01, +1.5777e-01, +2.0400e-01, +6.0470e-03, +9.8190e-02, -2.6300e-02, +5.8973e-02, +1.1031e-02, -1.1999e-02, -9.4257e-02, -1.0000e+00, -1.0805e-02, +5.1772e-02, -9.1376e-02, +6.4173e-02, +6.9704e-02, -8.0929e-02, +6.7033e-02, +4.7951e-01
-7.6464e-02, +7.1255e-02, -1.0133e-02, -6.1107e-02, -2.6155e-02, -2.4574e-02, -3.3570e-03, +2.9084e-02, -2.8184e-02, +6.5759e-01, +3.2178e-02, +9.5540e-02, -3.0321e-02, -6.4570e-02, -7.0297e-02, -6.1771e-02, +2.6503e-03, -2.3532e-02, +4.1118e-02, -1.0251e-01, +2.3523e-03, +3.6314e-02, -8.2466e-02, +1.7152e-02, +6.6556e-03, +1.3177e-01, -1.4694e-02, +6.8028e-03, +9.6554e-03, -7.6826e-02, -1.0284e-01, +2.2849e-02, -1.1585e-01, -1.1899e-01, +1.0783e-02, +1.4097e-01, +3.7462e-02, -4.3828e-03, -7.8256e-02, +3.7391e-02, +6.3240e-02, -1.0805e-02, -1.0000e+00, +6.3832e-02, -3.5287e-01, -2.7302e-02, +1.1832e-01, +4.3625e-02, +1.7746e-01, -5.9974e-03
+2.8779e-02, -5.0731e-02, -1.1176e-01, +3.2846e-02, +1.0403e-01, +8.0509e-02, -7.0634e-02, +3.4904e-02, +4.5018e-02, +1.5780e-01, +1.1459e-01, -2.8568e-02, -7.5175e-02, -2.5002e-02, -1.2285e-01, +3.3033e-02, -4.1635e-02, +3.1789e-03, -3.1213e-02, +1.8725e-01, -5.2244e-02, +2.2179e-01, -1.1186e-01, +3.7354e-02, -2.6955e-02, -5.1843e-02, -1.5340e-01, -2.7497e-01, -5.0933e-02, +2.7838e-02, +9.1572e-02, +5.0171e-02, +1.6834e-01, -3.6971e-01, +3.2283e-02, -2.3338e-02, +2.4113e-02, -1.4580e-01, -2.3276e-02, +6.2326e-02, +6.1788e-02, +5.1772e-02, +6.3832e-02, -1.0000e+00, -4.7868e-01, -6.7467e-02, -1.4004e-01, +4.9185e-02, -2.5670e-01, +9.3105e-02
-6.1418e-02, -1.2255e-02, -1.5296e-01, -5.7176e-02, +1.1766e-01, +8.7529e-02, -8.4164e-02, +4.6605e-02, +4.0728e-02, +2.0906e-01, -3.2358e-03, -4.8524e-02, -2.4385e-01, -2.0154e-02, -5.1591e-03, -7.6387e-02, +3.0425e-01, -1.5370e-02, +4.2870e-02, +3.2609e-02, +5.3682e-03, +2.3273e-01, +2.5461e-01, +4.1684e-02, -5.3875e-02, +2.0432e-02, -9.0228e-02, -1.8287e-01, -1.1440e-01, -6.0193e-02, -8.3475e-02, +1.1775e-02, +4.0058e-02, -1.9333e-01, -2.0511e-02, +4.7548e-02, -3.7036e-02, -9.9556e-02, -8.5139e-02, +5.0189e-02, +1.5360e-01, -9.1377e-02, -3.5287e-01, -4.7868e-01, -1.0000e+00, -2.4405e-02, -5.9078e-02, +1.4158e-01, -4.7154e-02, +1.5444e-01
+9.3989e-02, -7.8306e-02, +2.0758e-02, -1.7543e-01, +1.0909e-01, -7.0624e-02, -8.7938e-02, -1.7057e-03, +8.8673e-02, +5.5487e-02, +1.3115e-02, +5.1630e-02, -1.2958e-02, -8.2146e-02, +3.1671e-02, +1.1913e-01, +7.7962e-02, +4.7185e-03, -7.7139e-02, -6.1967e-02, -1.1787e-01, +2.0777e-01, -1.2715e-02, -1.0085e-01, -8.1438e-03, +8.2586e-02, -3.6372e-02, +5.3520e-03, -6.3438e-02, +1.0506e-02, -7.0466e-02, +3.1285e-01, +5.2772e-02, -1.0243e-01, +3.8496e-02, -1.3016e-02, +9.4299e-02, -4.9444e-02, -9.0048e-02, +1.7155e-02, -3.2923e-02, +6.4173e-02, -2.7302e-02, -6.7467e-02, -2.4405e-02, -1.0000e+00, -1.2554e-01, -1.5935e-01, +2.4043e-01, -8.4032e-02
+1.3961e-03, -8.7091e-02, -8.7041e-02, -1.2516e-01, +1.3885e-02, -1.9188e-01, -1.2458e-01, +2.0764e-01, +6.8019e-02, -1.0966e-01, -1.8758e-01, -1.7734e-02, -7.4106e-02, -9.3015e-02, -5.7747e-02, -4.2002e-02, -2.7065e-03, -5.9926e-02, -1.1371e-01, -1.0727e-01, -1.4996e-01, -1.5908e-02, +3.4602e-03, -1.5098e-01, -6.5567e-02, -1.1107e-01, -1.0888e-01, -1.4713e-01, -7.1849e-02, -4.0307e-02, -1.2857e-01, +2.8741e-01, +1.1848e-01, +1.4405e-02, +1.5078e-02, -7.7118e-03, +1.5522e-01, -1.1243e-01, -9.8720e-02, -6.5671e-02, -9.1818e-03, +6.9704e-02, +1.1832e-01, -1.4004e-01, -5.9078e-02, -1.2554e-01, -1.0000e+00, -7.6232e-02, -1.1916e-02, +1.2607e-01
+2.3129e-01, +1.0882e-01, +1.2073e-02, -1.5972e-01, +2.8318e-01, -4.2861e-03, -1.9822e-01, +1.2271e-01, +1.9931e-01, +3.0921e-02, +7.4584e-02, -2.6044e-02, +9.4786e-02, -2.3535e-02, +3.0276e-03, +4.0943e-01, -2.4328e-02, +1.1606e-01, +8.9054e-02, +4.8451e-01, -9.6827e-02, +3.4657e-01, -1.0024e-01, +2.1677e-02, +2.3452e-01, -5.3047e-02, -6.8290e-03, -7.1271e-02, +5.5140e-03, +2.9597e-02, +9.7726e-02, +2.7636e-01, +5.6168e-01, +1.3092e-02, +5.9550e-02, -2.1241e-01, -9.3860e-02, +4.2547e-02, +2.4303e-02, +8.8035e-03, -2.1151e-01, -8.0929e-02, +4.3625e-02, +4.9185e-02, +1.4158e-01, -1.5935e-01, -7.6232e-02, -1.0000e+00, -1.1166e-01, +4.0240e-02
+1.9449e-02, +3.0278e-02, -5.1175e-02, +2.2679e-02, +6.9457e-03, +3.4378e-02, +7.2226e-03, +4.8551e-02, -3.6895e-02, -3.6107e-02, -2.9147e-02, -3.9559e-02, -1.0179e-01, +4.4003e-02, +6.2506e-03, +8.4176e-02, -1.2653e-01, +5.2682e-02, +1.6506e-02, +3.8231e-01, -1.6516e-02, -2.6491e-01, -2.9083e-02, +1.1488e-01, +6.7000e-03, -8.5876e-02, +3.7983e-02, -6.4575e-03, +1.3544e-02, +5.7187e-02, +1.0068e-01, -2.6652e-01, +2.7899e-01, -8.1347e-02, -2.9705e-02, -7.5555e-02, -1.6990e-01, -1.1712e-02, +9.8149e-03, +2.3233e-02, -1.5582e-02, +6.7033e-02, +1.7746e-01, -2.5670e-01, -4.7154e-02, +2.4043e-01, -1.1916e-02, -1.1166e-01, -1.0000e+00, -4.3593e-02
+1.4050e-01, +2.1454e-02, +9.7801e-02, -1.2851e-01, +1.1491e-01, -1.8051e-02, +1.1146e-01, +1.2005e-01, +1.8859e-01, -4.4733e-02, +7.9123e-02, -1.2423e-01, -2.6540e-02, -8.7008e-02, +4.7108e-02, +2.2015e-01, +3.7529e-02, -2.1130e-02, -1.4466e-01, +2.8532e-01, -5.2106e-02, -1.6310e-01, +1.9105e-02, -1.1899e-01, -9.7242e-02, -7.2540e-02, +3.3416e-02, +1.8703e-01, +1.2919e-01, -1.7844e-02, -2.7682e-02, +1.1538e-01, -2.1524e-01, -1.6428e-01, +2.1594e-02, -1.1178e-02, -1.3165e-01, +5.5881e-02, -7.5087e-02, +8.0530e-02, +3.4907e-02, +4.7951e-01, -5.9974e-03, +9.3105e-02, +1.5444e-01, -8.4032e-02, +1.2607e-01, +4.0240e-02, -4.3593e-02, -1.0000e+00
