-1.0000e+00, -1.4953e-02, -5.2712e-02, -4.4062e-02, +1.3370e-02, +3.5469e-02, -5.2001e-03, +2.2308e-02, -1.7373e-01, +5.4733e-02, +3.1439e-02, -4.0810e-02, +2.8034e-02, -4.8774e-02, -6.4317e-02, +1.9388e-02, +3.8182e-02, +1.0479e-02, -4.0835e-02, +5.1202e-02, +1.8873e-02, +3.3994e-02, -5.7316e-02, +6.6190e-02, -1.5287e-02, -2.8405e-02, +1.7514e-02, -6.6779e-02, +9.8289e-03, +9.2558e-03, -1.1914e-02, +1.6105e-02, +3.6917e-02, -1.8386e-02, -4.9969e-02, +4.8093e-02, +6.1393e-02, +3.5552e-02, -6.8761e-03, +1.9670e-02, +2.8109e-02, +9.4931e-04, +2.5868e-02, +5.9457e-02, -8.5465e-02, +6.2775e-03, -8.0600e-02, +1.9332e-01, +2.3428e-02, +2.2819e-02
-1.4953e-02, -1.0000e+00, -5.9467e-02, -4.9111e-02, -9.1030e-03, -1.2381e-02, +2.2044e-02, +1.8336e-02, -9.7812e-03, +5.3740e-02, +9.4789e-02, -8.8667e-02, +5.9634e-02, +4.1208e-02, +1.1627e-02, +5.2845e-02, +4.8664e-03, -2.2583e-02, +8.3902e-02, -3.6969e-03, -1.2734e-02, +3.4168e-03, -2.4334e-02, -8.1108e-03, -1.4084e-02, +1.1983e-01, +1.9749e-03, +1.6134e-02, -2.5556e-03, -7.2734e-02, +2.6418e-02, -3.9946e-02, +1.9965e-02, +2.8389e-02, +2.6933e-02, -3.0509e-02, +1.0430e-02, +9.4669e-03, -1.3570e-02, +1.8002e-02, -2.4190e-03, -2.3485e-02, -3.7321e-02, +2.0568e-02, +3.4616e-03, +4.9377e-03, +2.2803e-02, +1.1395e-02, +1.9879e-02, +3.9358e-02
-5.2712e-02, -5.9467e-02, -1.0000e+00, +7.1086e-02, +1.1780e-02, -1.1186e-02, -2.2847e-02, -2.0168e-02, -2.0306e-02, +5.6073e-02, +1.6450e-02, +4.3818e-02, +8.2571e-03, -2.7408e-02, +7.4542e-02, -2.6384e-02, +8.7365e-03, -4.5490e-02, +2.0716e-02, +3.0857e-02, +8.0766e-02, -4.9213e-02, +2.7870e-03, +7.3239e-03, -7.7505e-02, -2.4318e-02, -1.1531e-03, -2.8733e-03, +1.0934e-02, +5.3685e-02, +1.5158e-01, -4.9969e-02, +4.7170e-02, +7.0179e-02, +2.9527e-02, +7.1825e-02, -6.2815e-02, +2.2254e-02, +8.9511e-04, -1.0226e-02, +1.7238e-03, -1.7195e-03, +3.4256e-02, -7.6688e-02, -6.0242e-02, -9.7278e-02, +4.6985e-03, -1.4675e-02, -3.6883e-02, -2.3689e-02
-4.4062e-02, -4.9110e-02, +7.1086e-02, -1.0000e+00, -4.2799e-02, +2.7666e-02, -6.1708e-02, +3.1165e-02, +1.4167e-02, +5.7992e-02, -5.2148e-02, -5.8381e-02, +1.9191e-02, -1.9816e-02, -9.0923e-03, +7.3772e-03, +2.7630e-02, -3.5939e-03, +1.8216e-02, -4.4005e-02, +4.0538e-02, +4.5969e-03, +3.2380e-02, -3.0094e-02, -5.2254e-02, -3.6920e-02, +3.7423e-02, -3.1903e-02, -4.5100e-02, -1.8966e-02, -6.8841e-03, -2.5172e-02, -5.2617e-02, +2.2525e-02, +4.5950e-02, -8.2324e-03, +2.7571e-02, -1.2603e-02, -8.0450e-02, +1.9450e-04, -6.0361e-02, +5.2958e-03, +3.8844e-02, -4.6157e-02, -6.0873e-02, -8.6657e-02, +9.7833e-03, +5.1776e-02, -6.4897e-02, +7.8824e-04
+1.3370e-02, -9.1030e-03, +1.1780e-02, -4.2799e-02, -1.0000e+00, -6.6614e-02, -3.7129e-02, -1.1471e-02, +1.5872e-01, +5.5203e-02, -5.0906e-02, +4.9369e-02, -2.8219e-02, -1.3421e-02, -3.7262e-02, +4.9977e-02, +1.6684e-02, +3.0670e-04, -3.7941e-02, -1.7778e-02, -6.5139e-02, +1.1203e-02, +5.8464e-02, -1.5502e-01, +2.7848e-02, -2.1468e-02, -5.7021e-02, -4.8540e-02, -7.4613e-02, -1.4839e-01, +5.9018e-03, -5.3851e-02, -1.3702e-02, +1.4061e-02, -2.9395e-02, +5.2763e-02, +6.9009e-03, +7.7960e-02, +1.8226e-04, -1.0410e-02, -1.6635e-02, +6.0798e-02, -1.2647e-02, +4.7188e-02, -1.9809e-02, -5.7681e-02, -2.7507e-02, +1.0662e-01, +4.2443e-02, -1.5345e-02
+3.5469e-02, -1.2381e-02, -1.1186e-02, +2.7666e-02, -6.6614e-02, -1.0000e+00, +9.2159e-02, -1.0759e-02, +9.1505e-02, +6.5001e-02, -2.0528e-02, -7.5051e-03, -3.7516e-02, -2.5983e-02, -1.0265e-01, +1.5515e-02, +5.3831e-03, -2.3400e-02, -7.0936e-02, -3.8367e-02, -2.1531e-03, -3.2985e-02, +2.1721e-02, -2.2762e-02, +1.1867e-02, -3.3855e-02, -3.2117e-02, -1.3563e-02, -1.1052e-01, -5.9395e-02, -1.2119e-01, -1.2850e-02, -1.4258e-02, +2.3104e-02, -1.2680e-02, -2.6481e-02, +4.7360e-02, -1.5018e-03, +3.0023e-02, -7.0479e-02, +3.9773e-03, +7.7600e-02, -2.0769e-02, +2.9281e-02, +1.4224e-02, -1.7010e-02, -7.8144e-02, +2.4520e-02, +9.4729e-03, -1.7556e-02
-5.2001e-03, +2.2044e-02, -2.2847e-02, -6.1708e-02, -3.7129e-02, +9.2159e-02, -1.0000e+00, -1.7388e-02, -7.4618e-02, +2.7520e-02, +4.7097e-03, +9.1596e-02, +3.7156e-02, +1.0747e-01, -1.9641e-02, +3.2246e-02, +4.2022e-02, +1.9443e-02, +8.5929e-03, -1.4190e-02, -3.7185e-02, +4.2821e-02, +7.3241e-02, -2.4457e-02, +6.7569e-02, -5.0656e-02, -9.9009e-03, -3.9614e-02, +6.4343e-02, -1.5064e-02, -1.2389e-02, -3.8606e-03, -3.6313e-02, -2.0816e-02, +3.5450e-02, -2.5579e-02, -5.3068e-03, +8.1991e-02, -2.8064e-02, +2.9446e-02, -6.9796e-02, +3.8746e-03, +4.5551e-02, -6.0775e-02, -8.8901e-02, -9.6821e-02, -2.6576e-03, -3.9895e-02, -6.7029e-03, -3.6780e-02
+2.2308e-02, +1.8336e-02, -2.0168e-02, +3.1165e-02, -1.1471e-02, -1.0759e-02, -1.7388e-02, -1.0000e+00, -2.2896e-02, +5.5923e-02, -3.3808e-02, +1.1040e-02, -1.1114e-02, +3.4447e-03, +5.2308e-03, -6.4951e-02, -3.2686e-02, -5.9590e-02, -1.9383e-02, -5.7332e-03, -1.8299e-03, -1.4581e-02, -4.0076e-02, +1.2107e-02, +4.0541e-02, -5.6737e-03, -4.1873e-02, +5.2237e-02, +4.6518e-04, +3.3237e-02, -5.3268e-02, -4.4843e-03, -3.2577e-02, -1.4608e-02, +1.5748e-02, -6.0798e-03, +4.5018e-02, -1.6299e-02, +4.3062e-02, +1.5336e-01, -3.0703e-02, +3.8551e-02, +3.7435e-02, +8.2952e-02, -5.8387e-02, +4.6097e-02, -8.3911e-04, -5.4492e-02, +5.0177e-02, -2.7472e-03
-1.7373e-01, -9.7813e-03, -2.0306e-02, +1.4167e-02, +1.5872e-01, +9.1505e-02, -7.4618e-02, -2.2896e-02, -1.0000e+00, -1.3427e-02, +1.3432e-01, +3.2934e-02, -4.3961e-03, -1.2481e-01, +5.0176e-02, -3.0458e-02, -2.6884e-04, +6.5942e-02, +1.2791e-02, -5.2219e-02, -9.2069e-03, +2.0595e-02, -6.4219e-02, +7.5230e-02, -7.0766e-02, +5.5354e-02, +5.7183e-02, +3.9007e-02, +8.3080e-02, +1.8302e-02, +1.0864e-02, -1.9338e-02, -4.5201e-02, -3.6599e-03, +1.0223e-02, +3.9859e-02, +1.1245e-02, +1.5648e-02, +4.2577e-02, -2.1337e-02, +4.3207e-02, +6.6832e-02, +6.0472e-03, -2.4015e-02, -4.0278e-02, +4.3208e-03, -3.7860e-02, +1.6458e-01, +3.7811e-02, -4.6101e-03
+5.4733e-02, +5.3740e-02, +5.6073e-02, +5.7992e-02, +5.5203e-02, +6.5001e-02, +2.7520e-02, +5.5923e-02, -1.3427e-02, -1.0000e+00, -7.0537e-02, +1.1497e-01, +6.7769e-02, +1.9209e-02, +6.5644e-02, -1.3412e-02, -3.4899e-03, +4.2689e-02, +1.3466e-02, -1.5186e-02, -7.2816e-03, -8.2835e-05, +1.1382e-01, -8.3731e-02, +7.7506e-03, +4.1689e-02, -3.4739e-03, +5.0142e-02, +6.5702e-02, +2.7700e-02, -2.9693e-02, -1.6361e-02, +3.3859e-02, -1.2825e-02, -1.2544e-03, +1.9821e-02, +2.2057e-02, +3.1025e-02, +6.7787e-02, +2.2027e-02, +8.1648e-02, +1.0128e-03, -6.9439e-03, -7.5376e-02, +1.1924e-01, +6.5704e-02, +1.1150e-01, -5.9821e-02, +4.0854e-03, +2.9292e-02
+3.1439e-02, +9.4789e-02, +1.6450e-02, -5.2148e-02, -5.0906e-02, -2.0528e-02, +4.7097e-03, -3.3808e-02, +1.3432e-01, -7.0537e-02, -1.0000e+00, +7.2498e-02, -5.8847e-03, -3.0417e-02, -1.0034e-01, +9.3749e-03, -1.3822e-02, -6.7545e-02, -1.3396e-01, -4.9790e-02, -4.6713e-02, +2.4271e-02, +1.1788e-02, +3.5446e-02, +6.2329e-02, -2.5058e-03, -5.7478e-02, -6.6168e-02, -1.2948e-01, -1.0109e-01, -9.4486e-02, +2.8198e-03, -5.3394e-02, +5.2928e-02, -3.3347e-02, -3.7346e-02, +9.1723e-02, -6.1325e-02, +3.6228e-02, -7.5173e-03, -1.9908e-03, +1.1937e-02, -2.1691e-02, -2.7543e-02, -5.5453e-02, +4.5460e-02, -3.3290e-02, +9.1367e-02, -3.1564e-02, +6.3853e-02
-4.0810e-02, -8.8667e-02, +4.3818e-02, -5.8381e-02, +4.9369e-02, -7.5051e-03, +9.1596e-02, +1.1040e-02, +3.2934e-02, +1.1497e-01, +7.2498e-02, -1.0000e+00, +1.9261e-02, +5.1102e-02, +6.3275e-02, +8.6199e-04, +9.1048e-02, +8.4027e-03, +4.2436e-02, +6.0924e-03, -2.8894e-02, -2.9367e-02, +2.4929e-02, +7.0831e-03, -9.9311e-02, +5.5754e-02, +3.1571e-02, +1.5306e-02, +2.0571e-02, +8.0513e-02, +6.4481e-02, -1.6801e-03, -1.9256e-02, +1.3161e-01, +2.4746e-02, -4.8002e-03, +2.0086e-02, +2.5102e-02, -3.8800e-03, -1.0019e-03, -1.5944e-02, +7.4701e-02, +7.4834e-03, -7.3508e-02, +1.1064e-01, -1.8030e-02, -2.7982e-02, +5.8930e-02, -2.0460e-02, +2.9777e-01
+2.8034e-02, +5.9634e-02, +8.2571e-03, +1.9191e-02, -2.8219e-02, -3.7516e-02, +3.7156e-02, -1.1114e-02, -4.3961e-03, +6.7769e-02, -5.8847e-03, +1.9261e-02, -1.0000e+00, -4.7092e-02, -4.2518e-02, +7.0229e-03, +6.5730e-02, -3.6853e-02, -1.4581e-02, +1.4957e-02, -1.6217e-02, -6.5537e-04, -4.2105e-02, +2.8575e-02, +1.1562e-02, -7.7936e-02, -2.4085e-02, -2.0109e-02, +2.0988e-02, -1.2844e-02, +9.5121e-03, +7.9786e-03, -1.4235e-02, +3.5235e-02, +1.8115e-02, -2.1572e-02, +1.8306e-02, +8.8044e-03, +1.5443e-02, -6.3822e-02, +2.1314e-02, +4.1437e-02, +1.9375e-03, +7.7395e-02, -8.0231e-02, -3.2526e-02, -2.6483e-02, -1.0550e-01, -6.9974e-03, -5.3190e-02
-4.8774e-02, +4.1208e-02, -2.7408e-02, -1.9816e-02, -1.3421e-02, -2.5983e-02, +1.0747e-01, +3.4447e-03, -1.2481e-01, +1.9209e-02, -3.0417e-02, +5.1102e-02, -4.7092e-02, -1.0000e+00, -4.6790e-02, -3.1135e-02, -2.5344e-02, -1.5432e-02, -1.6589e-03, +3.6042e-02, -9.2317e-03, +4.1577e-02, +5.5036e-02, -3.8942e-03, -8.3074e-02, +6.9225e-03, +4.2264e-03, +1.2895e-02, +4.4077e-02, +2.4794e-02, -2.7214e-02, -3.1343e-02, -8.2140e-03, +6.1339e-02, +1.4207e-02, +2.4327e-02, +1.8643e-02, +1.6565e-02, +3.5121e-02, +2.1374e-02, -2.8563e-02, -9.2329e-02, +3.5410e-02, -4.2785e-02, -9.9955e-02, +5.7518e-03, -1.0741e-02, -9.0665e-03, -3.2473e-02, -6.3850e-02
-6.4317e-02, +1.1627e-02, +7.4542e-02, -9.0923e-03, -3.7262e-02, -1.0265e-01, -1.9641e-02, +5.2308e-03, +5.0176e-02, +6.5644e-02, -1.0034e-01, +6.3275e-02, -4.2518e-02, -4.6790e-02, -1.0000e+00, +1.1700e-02, -3.5236e-02, -5.6947e-02, -1.3449e-01, -4.7998e-02, -4.5295e-02, +1.3888e-02, -6.0257e-02, -1.5954e-02, +3.8829e-02, -5.9196e-03, -1.0110e-01, -4.4756e-02, -9.9982e-02, -1.0765e-01, -7.5098e-02, +3.9719e-02, +4.8060e-03, -9.5600e-03, +2.0870e-02, +1.3041e-02, +8.1265e-02, +4.7776e-05, +7.5602e-03, -1.8950e-02, -2.4162e-02, +7.3737e-02, +5.3275e-02, +1.5354e-02, -1.0632e-01, +5.9174e-02, -3.6688e-02, +2.0542e-01, +7.1598e-03, +8.4868e-04
+1.9388e-02, +5.2845e-02, -2.6384e-02, +7.3773e-03, +4.9977e-02, +1.5515e-02, +3.2246e-02, -6.4951e-02, -3.0458e-02, -1.3412e-02, +9.3749e-03, +8.6199e-04, +7.0229e-03, -3.1135e-02, +1.1700e-02, -1.0000e+00, +1.5119e-02, +8.4111e-04, -4.8829e-03, -6.7353e-02, -1.4896e-03, +6.4667e-03, +3.6439e-02, +7.5376e-02, -2.4572e-03, -4.2781e-02, -3.7530e-03, -2.3549e-02, -1.3177e-02, +2.5061e-02, -2.6423e-03, -3.8915e-02, +1.8524e-02, -5.7624e-02, +1.7706e-03, +6.1701e-02, +3.6640e-02, -3.2204e-02, +1.5237e-02, +1.4607e-02, -2.9900e-02, +1.7089e-02, -7.5532e-02, -4.4446e-02, +2.3410e-02, -1.8954e-02, +1.4336e-02, -1.4279e-02, -3.0482e-02, -4.6213e-02
+3.8182e-02, +4.8664e-03, +8.7365e-03, +2.7630e-02, +1.6684e-02, +5.3830e-03, +4.2022e-02, -3.2686e-02, -2.6884e-04, -3.4899e-03, -1.3822e-02, +9.1048e-02, +6.5730e-02, -2.5344e-02, -3.5236e-02, +1.5119e-02, -1.0000e+00, -1.3615e-01, +6.4864e-02, +5.9626e-02, -4.6231e-02, +2.9648e-02, +1.0051e-01, -3.9306e-02, -2.3891e-02, +8.2380e-02, -2.0181e-02, +5.1382e-03, +3.8291e-02, +1.5926e-02, -8.0685e-02, +8.4730e-03, +1.7961e-02, +4.3637e-05, +1.6490e-02, -6.3391e-02, -3.0160e-02, -1.3662e-02, +2.1774e-03, +3.3457e-02, -9.0948e-03, +1.5548e-02, +1.3181e-02, +3.3951e-02, -1.0947e-02, +4.7311e-02, +6.4373e-02, -1.0572e-01, -1.8617e-02, +9.0667e-02
+1.0479e-02, -2.2583e-02, -4.5490e-02, -3.5939e-03, +3.0670e-04, -2.3400e-02, +1.9443e-02, -5.9590e-02, +6.5942e-02, +4.2689e-02, -6.7545e-02, +8.4027e-03, -3.6853e-02, -1.5432e-02, -5.6947e-02, +8.4110e-04, -1.3615e-01, -1.0000e+00, +2.9663e-02, +4.0290e-02, -5.0496e-02, +5.1875e-02, +6.7210e-02, +3.8374e-02, -2.5564e-03, +3.4392e-02, +8.0597e-03, +6.1436e-02, -1.4943e-02, -1.5074e-02, -3.8472e-02, -3.6708e-02, +1.7622e-02, +2.7128e-02, -3.4142e-02, +2.2140e-02, +8.0410e-02, -6.4785e-02, +8.6926e-02, +1.0877e-02, -4.3946e-02, +1.0957e-02, -5.7492e-02, +3.7517e-02, -2.9797e-02, +7.2101e-02, +1.1564e-02, -8.0811e-02, +2.6399e-02, +2.5812e-02
-4.0835e-02, +8.3902e-02, +2.0716e-02, +1.8216e-02, -3.7941e-02, -7.0936e-02, +8.5929e-03, -1.9383e-02, +1.2791e-02, +1.3466e-02, -1.3396e-01, +4.2436e-02, -1.4581e-02, -1.6589e-03, -1.3449e-01, -4.8829e-03, +6.4864e-02, +2.9663e-02, -1.0000e+00, -2.7864e-02, -1.0036e-02, +5.2432e-02, +5.5810e-03, -3.8060e-03, +1.8388e-02, -2.6742e-02, -1.1565e-02, +2.0981e-02, +2.5914e-03, -3.8131e-02, -2.6611e-02, -8.4279e-03, -6.1285e-02, -8.2576e-04, +1.2081e-02, +3.8259e-03, +1.0442e-01, -5.0235e-04, -3.3693e-02, +3.1770e-03, -2.0348e-02, -5.2286e-02, -6.7010e-03, -1.2858e-03, -3.5331e-02, -9.5207e-03, -7.5179e-02, +1.1839e-01, +9.6493e-04, -1.4362e-02
+5.1202e-02, -3.6969e-03, +3.0857e-02, -4.4005e-02, -1.7778e-02, -3.8367e-02, -1.4190e-02, -5.7332e-03, -5.2219e-02, -1.5186e-02, -4.9790e-02, +6.0924e-03, +1.4957e-02, +3.6042e-02, -4.7998e-02, -6.7353e-02, +5.9626e-02, +4.0290e-02, -2.7864e-02, -1.0000e+00, -3.4419e-02, -2.8614e-02, -2.9827e-02, -1.9074e-02, +4.6453e-02, -3.0696e-02, -4.8770e-02, +3.8199e-03, -1.1162e-01, -8.4193e-03, -3.0132e-02, -1.7301e-02, -8.5662e-02, +2.4074e-02, +2.1029e-02, -1.7120e-02, +6.9720e-02, +4.0187e-03, -1.4165e-02, -1.2708e-02, +1.9629e-02, +4.3353e-02, -1.6208e-02, +5.8026e-02, -2.0457e-02, +1.3031e-02, -1.4895e-02, +4.9524e-02, +8.3264e-03, -3.4642e-02
+1.8873e-02, -1.2734e-02, +8.0766e-02, +4.0538e-02, -6.5139e-02, -2.1531e-03, -3.7185e-02, -1.8299e-03, -9.2069e-03, -7.2816e-03, -4.6713e-02, -2.8894e-02, -1.6217e-02, -9.2317e-03, -4.5295e-02, -1.4896e-03, -4.6231e-02, -5.0496e-02, -1.0036e-02, -3.4419e-02, -1.0000e+00, -1.2276e-02, +1.6329e-02, +6.5478e-02, -2.6569e-02, -1.7237e-02, -4.3171e-02, -3.8947e-02, -3.7683e-02, -4.0081e-02, -2.9075e-02, +4.1921e-02, -5.8558e-02, +6.5842e-02, -2.3675e-02, -1.2954e-02, +5.7321e-02, -6.6568e-02, +5.0344e-03, +3.8559e-02, +2.1477e-02, +2.4636e-03, +7.2067e-02, -1.0638e-01, -2.1250e-02, -1.4800e-02, +3.9235e-02, +6.3399e-02, -1.7188e-02, -5.0108e-02
+3.3994e-02, +3.4168e-03, -4.9213e-02, +4.5969e-03, +1.1203e-02, -3.2985e-02, +4.2821e-02, -1.4581e-02, +2.0595e-02, -8.2836e-05, +2.4271e-02, -2.9367e-02, -6.5537e-04, +4.1577e-02, +1.3888e-02, +6.4667e-03, +2.9648e-02, +5.1875e-02, +5.2432e-02, -2.8614e-02, -1.2276e-02, -1.0000e+00, +4.1143e-02, -9.6802e-02, -3.4548e-02, -5.4147e-02, +6.4030e-02, +4.5215e-02, +1.6197e-03, -3.4988e-02, -1.1860e-02, -3.4843e-02, -1.1975e-01, +6.5583e-02, +2.0795e-02, -5.7321e-03, +1.4541e-02, -2.1166e-02, -5.1715e-02, +3.0937e-02, +6.0604e-03, -7.4779e-02, -3.8816e-03, +5.4145e-02, -1.3955e-02, +1.6179e-02, +1.4361e-02, -3.7243e-02, -3.0753e-02, +2.7395e-02
-5.7316e-02, -2.4334e-02, +2.7870e-03, +3.2380e-02, +5.8464e-02, +2.1721e-02, +7.3241e-02, -4.0076e-02, -6.4219e-02, +1.1382e-01, +1.1788e-02, +2.4929e-02, -4.2105e-02, +5.5036e-02, -6.0257e-02, +3.6439e-02, +1.0051e-01, +6.7210e-02, +5.5810e-03, -2.9827e-02, +1.6329e-02, +4.1143e-02, -1.0000e+00, +1.9366e-02, -8.8142e-03, -2.4126e-02, -6.6420e-03, +2.1175e-02, +6.4178e-03, +7.9604e-02, +2.8370e-02, -2.4883e-02, -5.1205e-03, +1.1402e-01, -2.7906e-02, -2.3485e-02, -4.3134e-02, -9.6329e-03, +1.5086e-02, +7.9335e-02, -6.0215e-03, -1.2914e-01, -6.5786e-03, -8.3425e-04, +1.2685e-02, +2.6065e-02, -9.6288e-03, +1.0350e-01, -4.0521e-03, -8.2519e-02
+6.6190e-02, -8.1108e-03, +7.3239e-03, -3.0094e-02, -1.5502e-01, -2.2762e-02, -2.4457e-02, +1.2107e-02, +7.5230e-02, -8.3731e-02, +3.5446e-02, +7.0831e-03, +2.8575e-02, -3.8942e-03, -1.5954e-02, +7.5376e-02, -3.9306e-02, +3.8374e-02, -3.8060e-03, -1.9074e-02, +6.5478e-02, -9.6802e-02, +1.9366e-02, -1.0000e+00, +1.0089e-02, -5.2521e-02, -2.6996e-02, +2.4682e-03, +3.6370e-02, -8.6884e-02, -7.8256e-02, -5.4735e-02, -1.4860e-01, -1.6300e-02, -2.6536e-02, -3.1643e-02, +3.0837e-02, -9.5407e-04, -3.0617e-02, -2.8667e-02, +2.6880e-02, +9.5864e-04, +5.1750e-02, +7.4464e-02, -4.3136e-03, -6.6546e-02, +1.9889e-02, +2.9929e-03, -4.2921e-02, +2.7289e-02
-1.5287e-02, -1.4084e-02, -7.7505e-02, -5.2254e-02, +2.7848e-02, +1.1867e-02, +6.7569e-02, +4.0541e-02, -7.0766e-02, +7.7506e-03, +6.2329e-02, -9.9311e-02, +1.1562e-02, -8.3074e-02, +3.8829e-02, -2.4572e-03, -2.3891e-02, -2.5564e-03, +1.8388e-02, +4.6453e-02, -2.6569e-02, -3.4548e-02, -8.8142e-03, +1.0089e-02, -1.0000e+00, +7.2482e-02, -2.7450e-02, +4.9256e-02, +2.5288e-02, +8.9147e-02, +4.6360e-02, -1.7963e-02, -1.1971e-01, +6.2550e-02, +4.1345e-02, +4.5569e-02, +2.0164e-03, -1.7265e-02, +2.2157e-02, +3.5488e-03, +2.3156e-02, +1.7042e-02, +1.7432e-02, -7.8037e-02, -5.5892e-02, -1.0861e-02, -1.0679e-02, -5.2657e-02, +1.2188e-02, +4.0744e-02
-2.8405e-02, +1.1983e-01, -2.4318e-02, -3.6920e-02, -2.1468e-02, -3.3855e-02, -5.0656e-02, -5.6737e-03, +5.5354e-02, +4.1689e-02, -2.5058e-03, +5.5754e-02, -7.7936e-02, +6.9225e-03, -5.9196e-03, -4.2781e-02, +8.2380e-02, +3.4392e-02, -2.6742e-02, -3.0696e-02, -1.7237e-02, -5.4147e-02, -2.4126e-02, -5.2521e-02, +7.2482e-02, -1.0000e+00, -8.0951e-02, +1.3772e-02, -3.6183e-02, -1.2779e-01, -4.5164e-03, +1.4738e-02, -7.2561e-02, +6.9265e-02, +3.9026e-02, -8.4019e-03, -4.6721e-03, +4.4871e-02, -7.9484e-02, -6.6764e-03, -6.5452e-03, -1.5430e-02, +2.6950e-02, +2.6475e-02, -2.2666e-02, -7.7654e-03, -3.0957e-02, -2.5612e-03, -2.0287e-02, +4.0786e-03
+1.7514e-02, +1.9749e-03, -1.1531e-03, +3.7423e-02, -5.7021e-02, -3.2117e-02, -9.9010e-03, -4.1873e-02, +5.7183e-02, -3.4739e-03, -5.7478e-02, +3.1571e-02, -2.4085e-02, +4.2264e-03, -1.0110e-01, -3.7530e-03, -2.0181e-02, +8.0597e-03, -1.1565e-02, -4.8770e-02, -4.3171e-02, +6.4030e-02, -6.6420e-03, -2.6996e-02, -2.7450e-02, -8.0951e-02, -1.0000e+00, -3.5027e-02, -1.0419e-01, -5.9508e-02, -9.1079e-02, -1.8137e-02, -1.2380e-01, +5.5333e-02, -4.7633e-02, -2.5764e-02, -2.4705e-02, -1.8612e-02, +3.1448e-02, -1.0668e-03, +2.8151e-02, +1.0880e-02, -4.9945e-02, -3.8721e-02, -1.0390e-02, -8.2176e-03, +4.1395e-02, -2.0273e-03, -1.4044e-02, +4.6029e-04
-6.6779e-02, +1.6134e-02, -2.8733e-03, -3.1903e-02, -4.8540e-02, -1.3563e-02, -3.9614e-02, +5.2237e-02, +3.9007e-02, +5.0142e-02, -6.6168e-02, +1.5306e-02, -2.0109e-02, +1.2895e-02, -4.4756e-02, -2.3549e-02, +5.1382e-03, +6.1436e-02, +2.0981e-02, +3.8199e-03, -3.8947e-02, +4.5215e-02, +2.1175e-02, +2.4682e-03, +4.9256e-02, +1.3772e-02, -3.5027e-02, -1.0000e+00, -3.7560e-02, -3.5494e-02, -5.2047e-02, +1.5833e-02, -1.9970e-02, -4.6441e-02, +7.2680e-02, +1.1870e-02, +5.1951e-02, -3.9758e-03, +1.1207e-03, -2.3629e-03, +2.3620e-02, +4.6348e-02, -8.7326e-03, -3.6711e-02, -5.4662e-02, -8.2452e-02, -1.5029e-03, +7.0184e-02, +4.4164e-04, -6.0869e-02
+9.8290e-03, -2.5556e-03, +1.0934e-02, -4.5100e-02, -7.4613e-02, -1.1052e-01, +6.4343e-02, +4.6518e-04, +8.3080e-02, +6.5702e-02, -1.2948e-01, +2.0571e-02, +2.0988e-02, +4.4077e-02, -9.9982e-02, -1.3177e-02, +3.8291e-02, -1.4943e-02, +2.5914e-03, -1.1162e-01, -3.7683e-02, +1.6197e-03, +6.4178e-03, +3.6370e-02, +2.5288e-02, -3.6183e-02, -1.0419e-01, -3.7560e-02, -1.0000e+00, -5.3357e-02, -6.6223e-02, +5.5900e-02, -4.4764e-03, +3.5626e-02, -4.2203e-02, -1.4798e-02, +5.7086e-02, -1.2305e-01, +5.3690e-02, -2.1116e-02, +7.3893e-02, -6.2885e-03, -5.5396e-02, +2.3671e-02, -2.8524e-02, +1.2747e-01, -3.4652e-02, +1.2218e-01, +3.1740e-02, -6.5046e-03
+9.2558e-03, -7.2734e-02, +5.3685e-02, -1.8966e-02, -1.4839e-01, -5.9395e-02, -1.5064e-02, +3.3236e-02, +1.8302e-02, +2.7700e-02, -1.0109e-01, +8.0513e-02, -1.2844e-02, +2.4794e-02, -1.0765e-01, +2.5061e-02, +1.5926e-02, -1.5074e-02, -3.8131e-02, -8.4193e-03, -4.0081e-02, -3.4988e-02, +7.9604e-02, -8.6884e-02, +8.9147e-02, -1.2779e-01, -5.9508e-02, -3.5494e-02, -5.3357e-02, -1.0000e+00, -8.8238e-02, -5.7508e-02, -5.9189e-02, +2.0129e-02, -3.6310e-02, -7.0864e-02, +2.8755e-02, +4.9372e-02, -6.7842e-02, +3.4519e-02, +1.9349e-02, +3.1422e-02, -5.3775e-03, +5.4978e-02, -1.6906e-02, +4.9602e-02, +1.3199e-02, +5.9969e-02, -3.6772e-02, -3.1387e-02
-1.1914e-02, +2.6418e-02, +1.5158e-01, -6.8841e-03, +5.9018e-03, -1.2119e-01, -1.2389e-02, -5.3268e-02, +1.0864e-02, -2.9693e-02, -9.4486e-02, +6.4481e-02, +9.5121e-03, -2.7214e-02, -7.5098e-02, -2.6423e-03, -8.0685e-02, -3.8472e-02, -2.6611e-02, -3.0132e-02, -2.9074e-02, -1.1860e-02, +2.8370e-02, -7.8256e-02, +4.6360e-02, -4.5164e-03, -9.1079e-02, -5.2047e-02, -6.6223e-02, -8.8238e-02, -1.0000e+00, +1.8479e-02, -5.4936e-02, -6.1066e-02, +6.5311e-03, -2.3516e-02, +8.2668e-02, -5.3913e-02, +6.5197e-02, -2.6734e-02, -8.5498e-02, +6.8769e-02, -2.1495e-03, +5.9934e-02, -2.9816e-02, +5.1428e-02, -3.4398e-02, +1.3278e-01, -1.0938e-02, +2.6583e-02
+1.6105e-02, -3.9946e-02, -4.9969e-02, -2.5172e-02, -5.3851e-02, -1.2850e-02, -3.8606e-03, -4.4843e-03, -1.9338e-02, -1.6361e-02, +2.8198e-03, -1.6801e-03, +7.9786e-03, -3.1343e-02, +3.9719e-02, -3.8915e-02, +8.4730e-03, -3.6708e-02, -8.4279e-03, -1.7301e-02, +4.1921e-02, -3.4843e-02, -2.4883e-02, -5.4735e-02, -1.7963e-02, +1.4738e-02, -1.8137e-02, +1.5833e-02, +5.5900e-02, -5.7508e-02, +1.8479e-02, -1.0000e+00, -6.3303e-02, +6.8634e-03, -1.7698e-03, +8.0614e-03, +3.5375e-02, +1.3743e-02, -1.9631e-02, -1.4695e-02, +1.5166e-02, +7.4340e-02, +1.0471e-02, +5.8448e-02, +8.9343e-03, -1.1255e-02, +4.8096e-03, -8.4532e-02, -2.0324e-02, +6.2470e-02
+3.6917e-02, +1.9965e-02, +4.7170e-02, -5.2617e-02, -1.3702e-02, -1.4258e-02, -3.6313e-02, -3.2577e-02, -4.5201e-02, +3.3859e-02, -5.3394e-02, -1.9256e-02, -1.4235e-02, -8.2140e-03, +4.8060e-03, +1.8524e-02, +1.7961e-02, +1.7622e-02, -6.1285e-02, -8.5662e-02, -5.8558e-02, -1.1975e-01, -5.1205e-03, -1.4860e-01, -1.1971e-01, -7.2561e-02, -1.2380e-01, -1.9970e-02, -4.4764e-03, -5.9189e-02, -5.4936e-02, -6.3303e-02, -1.0000e+00, -4.0640e-02, +6.9135e-02, -2.1254e-03, +7.6338e-02, -6.5785e-02, -1.2081e-01, +3.2560e-02, +3.4278e-02, -1.1607e-02, +3.3900e-02, -3.1388e-03, -5.2464e-02, +2.5410e-02, +2.4975e-02, -1.2602e-01, -1.5470e-02, +9.8827e-02
-1.8386e-02, +2.8389e-02, +7.0179e-02, +2.2525e-02, +1.4061e-02, +2.3104e-02, -2.0816e-02, -1.4608e-02, -3.6599e-03, -1.2825e-02, +5.2928e-02, +1.3161e-01, +3.5235e-02, +6.1339e-02, -9.5600e-03, -5.7624e-02, +4.3628e-05, +2.7128e-02, -8.2576e-04, +2.4074e-02, +6.5842e-02, +6.5583e-02, +1.1402e-01, -1.6300e-02, +6.2550e-02, +6.9265e-02, +5.5333e-02, -4.6441e-02, +3.5626e-02, +2.0129e-02, -6.1066e-02, +6.8634e-03, -4.0640e-02, -1.0000e+00, +1.2964e-02, +6.6864e-02, -2.6055e-02, +1.5286e-02, +1.1314e-01, +4.4612e-02, -4.8994e-02, +3.6442e-01, +1.8524e-03, -3.2812e-02, +1.2821e-03, -7.6691e-03, +2.5949e-02, +4.9052e-02, +3.2025e-02, +1.8462e-02
-4.9969e-02, +2.6933e-02, +2.9527e-02, +4.5950e-02, -2.9395e-02, -1.2680e-02, +3.5450e-02, +1.5748e-02, +1.0223e-02, -1.2544e-03, -3.3347e-02, +2.4746e-02, +1.8115e-02, +1.4207e-02, +2.0870e-02, +1.7706e-03, +1.6490e-02, -3.4142e-02, +1.2081e-02, +2.1029e-02, -2.3675e-02, +2.0795e-02, -2.7906e-02, -2.6536e-02, +4.1345e-02, +3.9026e-02, -4.7633e-02, +7.2680e-02, -4.2203e-02, -3.6310e-02, +6.5311e-03, -1.7697e-03, +6.9135e-02, +1.2964e-02, -1.0000e+00, -2.1355e-02, -9.6169e-02, +5.0275e-02, -4.5041e-02, +1.7434e-02, -4.7753e-02, -2.0190e-02, +5.2438e-02, +9.6330e-02, +4.1764e-02, +2.4800e-02, +4.0758e-02, +7.3777e-02, -8.6318e-03, +3.2911e-03
+4.8093e-02, -3.0509e-02, +7.1825e-02, -8.2324e-03, +5.2763e-02, -2.6481e-02, -2.5579e-02, -6.0797e-03, +3.9859e-02, +1.9821e-02, -3.7346e-02, -4.8002e-03, -2.1572e-02, +2.4327e-02, +1.3041e-02, +6.1701e-02, -6.3391e-02, +2.2140e-02, +3.8259e-03, -1.7120e-02, -1.2954e-02, -5.7321e-03, -2.3485e-02, -3.1643e-02, +4.5569e-02, -8.4019e-03, -2.5764e-02, +1.1870e-02, -1.4798e-02, -7.0864e-02, -2.3516e-02, +8.0614e-03, -2.1254e-03, +6.6864e-02, -2.1355e-02, -1.0000e+00, +3.3864e-02, -2.8784e-03, +5.9406e-03, +7.6103e-03, +3.9397e-03, -2.6990e-02, -1.2709e-02, -9.1078e-03, +1.6985e-02, +8.1813e-03, +1.3527e-03, -1.0761e-01, +2.0229e-02, -1.5409e-02
+6.1393e-02, +1.0430e-02, -6.2815e-02, +2.7571e-02, +6.9009e-03, +4.7360e-02, -5.3068e-03, +4.5018e-02, +1.1245e-02, +2.2057e-02, +9.1723e-02, +2.0086e-02, +1.8306e-02, +1.8643e-02, +8.1265e-02, +3.6640e-02, -3.0160e-02, +8.0410e-02, +1.0442e-01, +6.9720e-02, +5.7321e-02, +1.4541e-02, -4.3134e-02, +3.0837e-02, +2.0164e-03, -4.6721e-03, -2.4705e-02, +5.1951e-02, +5.7086e-02, +2.8755e-02, +8.2668e-02, +3.5375e-02, +7.6338e-02, -2.6055e-02, -9.6169e-02, +3.3864e-02, -1.0000e+00, +4.3169e-02, -2.2816e-02, +1.7041e-02, -1.6984e-02, -2.4272e-02, +2.0012e-02, +8.8225e-02, -4.0764e-02, -3.3098e-02, -2.3277e-02, +4.7735e-02, +6.6349e-02, -6.2019e-02
+3.5552e-02, +9.4669e-03, +2.2254e-02, -1.2603e-02, +7.7960e-02, -1.5018e-03, +8.1991e-02, -1.6299e-02, +1.5648e-02, +3.1025e-02, -6.1325e-02, +2.5102e-02, +8.8044e-03, +1.6565e-02, +4.7789e-05, -3.2204e-02, -1.3662e-02, -6.4785e-02, -5.0235e-04, +4.0187e-03, -6.6568e-02, -2.1166e-02, -9.6330e-03, -9.5407e-04, -1.7265e-02, +4.4871e-02, -1.8612e-02, -3.9758e-03, -1.2305e-01, +4.9372e-02, -5.3913e-02, +1.3743e-02, -6.5785e-02, +1.5286e-02, +5.0275e-02, -2.8784e-03, +4.3169e-02, -1.0000e+00, +3.8524e-03, -3.8214e-02, -4.3049e-02, -3.4173e-02, -7.8481e-03, -5.4845e-02, -2.2592e-02, +8.6759e-02, +5.2563e-02, +2.8632e-02, -1.5266e-02, -1.4702e-02
-6.8761e-03, -1.3570e-02, +8.9511e-04, -8.0450e-02, +1.8226e-04, +3.0023e-02, -2.8064e-02, +4.3062e-02, +4.2577e-02, +6.7787e-02, +3.6228e-02, -3.8800e-03, +1.5443e-02, +3.5121e-02, +7.5602e-03, +1.5237e-02, +2.1774e-03, +8.6926e-02, -3.3693e-02, -1.4165e-02, +5.0344e-03, -5.1715e-02, +1.5086e-02, -3.0617e-02, +2.2158e-02, -7.9484e-02, +3.1448e-02, +1.1207e-03, +5.3690e-02, -6.7842e-02, +6.5197e-02, -1.9631e-02, -1.2081e-01, +1.1314e-01, -4.5041e-02, +5.9405e-03, -2.2816e-02, +3.8524e-03, -1.0000e+00, +1.2241e-02, +6.8490e-02, -1.0777e-01, +2.3202e-02, +5.3225e-02, -3.3721e-04, -1.0123e-02, -9.6652e-02, -2.0135e-02, +1.9025e-02, +1.5292e-02
+1.9670e-02, +1.8002e-02, -1.0226e-02, +1.9449e-04, -1.0410e-02, -7.0479e-02, +2.9446e-02, +1.5336e-01, -2.1337e-02, +2.2027e-02, -7.5173e-03, -1.0019e-03, -6.3822e-02, +2.1374e-02, -1.8950e-02, +1.4607e-02, +3.3457e-02, +1.0877e-02, +3.1770e-03, -1.2708e-02, +3.8559e-02, +3.0937e-02, +7.9335e-02, -2.8667e-02, +3.5488e-03, -6.6764e-03, -1.0668e-03, -2.3629e-03, -2.1116e-02, +3.4519e-02, -2.6734e-02, -1.4695e-02, +3.2560e-02, +4.4612e-02, +1.7434e-02, +7.6103e-03, +1.7041e-02, -3.8214e-02, +1.2241e-02, -1.0000e+00, -5.7354e-02, -9.8945e-03, +1.4655e-03, +1.5499e-02, +8.7172e-03, -3.4988e-02, -4.0312e-02, +4.9392e-02, -4.2276e-02, +1.4910e-02
+2.8109e-02, -2.4190e-03, +1.7238e-03, -6.0361e-02, -1.6635e-02, +3.9773e-03, -6.9796e-02, -3.0703e-02, +4.3207e-02, +8.1648e-02, -1.9907e-03, -1.5944e-02, +2.1314e-02, -2.8563e-02, -2.4162e-02, -2.9900e-02, -9.0948e-03, -4.3946e-02, -2.0348e-02, +1.9629e-02, +2.1477e-02, +6.0604e-03, -6.0215e-03, +2.6880e-02, +2.3156e-02, -6.5452e-03, +2.8151e-02, +2.3620e-02, +7.3893e-02, +1.9349e-02, -8.5498e-02, +1.5166e-02, +3.4278e-02, -4.8994e-02, -4.7753e-02, +3.9397e-03, -1.6984e-02, -4.3049e-02, +6.8490e-02, -5.7354e-02, -1.0000e+00, +1.7794e-02, -2.9541e-02, +3.4591e-02, -1.0455e-02, -1.6146e-02, -7.9165e-02, +7.9815e-02, +6.8706e-02, -1.3200e-02
+9.4931e-04, -2.3485e-02, -1.7195e-03, +5.2958e-03, +6.0798e-02, +7.7600e-02, +3.8746e-03, +3.8551e-02, +6.6832e-02, +1.0128e-03, +1.1937e-02, +7.4701e-02, +4.1437e-02, -9.2329e-02, +7.3737e-02, +1.7089e-02, +1.5548e-02, +1.0957e-02, -5.2286e-02, +4.3353e-02, +2.4636e-03, -7.4779e-02, -1.2914e-01, +9.5865e-04, +1.7042e-02, -1.5430e-02, +1.0880e-02, +4.6348e-02, -6.2885e-03, +3.1422e-02, +6.8769e-02, +7.4340e-02, -1.1607e-02, +3.6442e-01, -2.0190e-02, -2.6990e-02, -2.4272e-02, -3.4173e-02, -1.0777e-01, -9.8945e-03, +1.7794e-02, -1.0000e+00, +4.4696e-02, +5.5833e-03, -1.4049e-02, +3.5741e-02, -3.0149e-02, +7.4104e-02, -4.0380e-02, +9.1566e-02
+2.5868e-02, -3.7321e-02, +3.4256e-02, +3.8844e-02, -1.2647e-02, -2.0769e-02, +4.5551e-02, +3.7435e-02, +6.0472e-03, -6.9439e-03, -2.1691e-02, +7.4834e-03, +1.9375e-03, +3.5410e-02, +5.3275e-02, -7.5532e-02, +1.3181e-02, -5.7492e-02, -6.7010e-03, -1.6208e-02, +7.2067e-02, -3.8816e-03, -6.5786e-03, +5.1750e-02, +1.7432e-02, +2.6950e-02, -4.9945e-02, -8.7326e-03, -5.5396e-02, -5.3775e-03, -2.1495e-03, +1.0471e-02, +3.3900e-02, +1.8524e-03, +5.2438e-02, -1.2709e-02, +2.0012e-02, -7.8481e-03, +2.3202e-02, +1.4655e-03, -2.9541e-02, +4.4696e-02, -1.0000e+00, +1.7085e-02, +1.8504e-02, +6.8240e-02, +3.7299e-02, -2.3534e-02, -2.5505e-02, +1.6675e-02
+5.9457e-02, +2.0568e-02, -7.6688e-02, -4.6157e-02, +4.7188e-02, +2.9281e-02, -6.0775e-02, +8.2952e-02, -2.4015e-02, -7.5376e-02, -2.7543e-02, -7.3508e-02, +7.7395e-02, -4.2785e-02, +1.5354e-02, -4.4446e-02, +3.3951e-02, +3.7517e-02, -1.2858e-03, +5.8026e-02, -1.0638e-01, +5.4145e-02, -8.3425e-04, +7.4464e-02, -7.8037e-02, +2.6475e-02, -3.8721e-02, -3.6711e-02, +2.3671e-02, +5.4978e-02, +5.9934e-02, +5.8448e-02, -3.1388e-03, -3.2812e-02, +9.6330e-02, -9.1078e-03, +8.8225e-02, -5.4845e-02, +5.3225e-02, +1.5499e-02, +3.4591e-02, +5.5833e-03, +1.7085e-02, -1.0000e+00, -2.6131e-02, -1.3732e-01, +1.2808e-02, -8.6946e-03, -2.5717e-02, +3.2625e-02
-8.5465e-02, +3.4616e-03, -6.0242e-02, -6.0873e-02, -1.9809e-02, +1.4224e-02, -8.8901e-02, -5.8387e-02, -4.0278e-02, +1.1924e-01, -5.5453e-02, +1.1064e-01, -8.0231e-02, -9.9955e-02, -1.0632e-01, +2.3410e-02, -1.0947e-02, -2.9797e-02, -3.5331e-02, -2.0457e-02, -2.1250e-02, -1.3955e-02, +1.2685e-02, -4.3136e-03, -5.5892e-02, -2.2666e-02, -1.0390e-02, -5.4662e-02, -2.8524e-02, -1.6906e-02, -2.9816e-02, +8.9343e-03, -5.2464e-02, +1.2821e-03, +4.1764e-02, +1.6985e-02, -4.0764e-02, -2.2592e-02, -3.3721e-04, +8.7172e-03, -1.0455e-02, -1.4049e-02, +1.8504e-02, -2.6131e-02, -1.0000e+00, -2.0674e-02, -6.5752e-02, +6.1200e-02, -2.0704e-03, -1.0552e-01
+6.2776e-03, +4.9377e-03, -9.7278e-02, -8.6657e-02, -5.7681e-02, -1.7010e-02, -9.6821e-02, +4.6097e-02, +4.3208e-03, +6.5704e-02, +4.5460e-02, -1.8030e-02, -3.2526e-02, +5.7518e-03, +5.9174e-02, -1.8954e-02, +4.7311e-02, +7.2101e-02, -9.5207e-03, +1.3031e-02, -1.4800e-02, +1.6179e-02, +2.6065e-02, -6.6546e-02, -1.0861e-02, -7.7654e-03, -8.2176e-03, -8.2452e-02, +1.2747e-01, +4.9602e-02, +5.1428e-02, -1.1255e-02, +2.5410e-02, -7.6691e-03, +2.4800e-02, +8.1813e-03, -3.3098e-02, +8.6759e-02, -1.0123e-02, -3.4988e-02, -1.6146e-02, +3.5741e-02, +6.8240e-02, -1.3732e-01, -2.0674e-02, -1.0000e+00, +5.9470e-03, -7.9459e-02, +5.3174e-02, -4.8420e-02
-8.0600e-02, +2.2803e-02, +4.6986e-03, +9.7833e-03, -2.7507e-02, -7.8144e-02, -2.6576e-03, -8.3911e-04, -3.7860e-02, +1.1150e-01, -3.3290e-02, -2.7982e-02, -2.6483e-02, -1.0741e-02, -3.6688e-02, +1.4336e-02, +6.4373e-02, +1.1564e-02, -7.5179e-02, -1.4895e-02, +3.9235e-02, +1.4361e-02, -9.6288e-03, +1.9889e-02, -1.0679e-02, -3.0957e-02, +4.1395e-02, -1.5029e-03, -3.4652e-02, +1.3199e-02, -3.4398e-02, +4.8096e-03, +2.4975e-02, +2.5949e-02, +4.0758e-02, +1.3527e-03, -2.3277e-02, +5.2563e-02, -9.6652e-02, -4.0312e-02, -7.9165e-02, -3.0149e-02, +3.7299e-02, +1.2808e-02, -6.5752e-02, +5.9470e-03, -1.0000e+00, +1.5555e-01, +2.8821e-02, -3.6650e-02
+1.9332e-01, +1.1395e-02, -1.4675e-02, +5.1776e-02, +1.0662e-01, +2.4520e-02, -3.9895e-02, -5.4492e-02, +1.6458e-01, -5.9821e-02, +9.1367e-02, +5.8930e-02, -1.0550e-01, -9.0665e-03, +2.0542e-01, -1.4279e-02, -1.0572e-01, -8.0811e-02, +1.1839e-01, +4.9523e-02, +6.3399e-02, -3.7243e-02, +1.0350e-01, +2.9928e-03, -5.2657e-02, -2.5612e-03, -2.0273e-03, +7.0184e-02, +1.2218e-01, +5.9969e-02, +1.3278e-01, -8.4532e-02, -1.2602e-01, +4.9052e-02, +7.3777e-02, -1.0761e-01, +4.7735e-02, +2.8632e-02, -2.0135e-02, +4.9392e-02, +7.9815e-02, +7.4104e-02, -2.3534e-02, -8.6946e-03, +6.1200e-02, -7.9459e-02, +1.5555e-01, -1.0000e+00, +4.6271e-02, +9.5519e-02
+2.3428e-02, +1.9879e-02, -3.6883e-02, -6.4897e-02, +4.2443e-02, +9.4729e-03, -6.7029e-03, +5.0177e-02, +3.7811e-02, +4.0854e-03, -3.1564e-02, -2.0460e-02, -6.9973e-03, -3.2473e-02, +7.1598e-03, -3.0482e-02, -1.8617e-02, +2.6399e-02, +9.6494e-04, +8.3264e-03, -1.7188e-02, -3.0753e-02, -4.0521e-03, -4.2921e-02, +1.2188e-02, -2.0287e-02, -1.4044e-02, +4.4164e-04, +3.1740e-02, -3.6772e-02, -1.0938e-02, -2.0324e-02, -1.5470e-02, +3.2025e-02, -8.6317e-03, +2.0229e-02, +6.6349e-02, -1.5266e-02, +1.9025e-02, -4.2276e-02, +6.8706e-02, -4.0380e-02, -2.5505e-02, -2.5717e-02, -2.0704e-03, +5.3174e-02, +2.8821e-02, +4.6271e-02, -1.0000e+00, -6.8769e-03
+2.2819e-02, +3.9358e-02, -2.3689e-02, +7.8824e-04, -1.5345e-02, -1.7556e-02, -3.6780e-02, -2.7472e-03, -4.6101e-03, +2.9292e-02, +6.3853e-02, +2.9777e-01, -5.3190e-02, -6.3850e-02, +8.4868e-04, -4.6213e-02, +9.0667e-02, +2.5812e-02, -1.4362e-02, -3.4642e-02, -5.0108e-02, +2.7395e-02, -8.2519e-02, +2.7289e-02, +4.0744e-02, +4.0786e-03, +4.6029e-04, -6.0869e-02, -6.5046e-03, -3.1387e-02, +2.6583e-02, +6.2470e-02, +9.8827e-02, +1.8462e-02, +3.2911e-03, -1.5409e-02, -6.2019e-02, -1.4702e-02, +1.5292e-02, +1.4910e-02, -1.3200e-02, +9.1566e-02, +1.6675e-02, +3.2625e-02, -1.0552e-01, -4.8420e-02, -3.6650e-02, +9.5519e-02, -6.8769e-03, -1.0000e+00
