-1.0000e+00, +3.0804e-02, +4.1650e-02, -3.9598e-02, +8.0234e-02, +1.1032e-02, +1.6924e-02, +6.5901e-03, -1.0406e-01, -2.0354e-02, +6.0104e-02, +5.2220e-03, -1.3823e-02, -9.0085e-02, -1.9724e-02, -3.3424e-02, -1.0762e-02, +4.4003e-02, +1.2502e-02, +4.7846e-02, +7.8439e-02, +4.3495e-02, -6.7970e-03, -9.7707e-03, -2.6833e-02, -2.6581e-02, +8.5411e-02, +8.6329e-03, +8.7732e-03, -2.6739e-03, -2.9766e-04, +7.4361e-02, +2.3618e-02, -4.8718e-02, +4.1410e-02, +6.1568e-03, -6.0236e-02, +5.6711e-02, +2.1956e-02, -8.3645e-02, +8.7680e-02, -1.3213e-02, -1.4260e-02, +5.3682e-02, -1.0259e-01, -3.2330e-02, +5.6022e-02, +1.2044e-01, -4.1321e-02, -6.6120e-02
+3.0804e-02, -1.0000e+00, -4.7425e-02, -6.6136e-02, -5.8623e-02, +5.9648e-02, +4.0552e-02, +1.2475e-01, -4.0844e-03, -5.3361e-03, -3.2782e-02, -2.1517e-02, +1.1322e-01, +1.4412e-02, -3.5395e-03, -8.0345e-02, +8.9946e-02, +5.1129e-02, +3.8490e-02, +2.6109e-02, +3.4950e-02, +2.1176e-02, +1.2859e-01, +4.1903e-02, -1.6550e-01, +3.7203e-02, -2.7336e-02, -6.2924e-03, +6.9383e-04, +6.1086e-02, +1.7184e-02, +3.9087e-02, -4.3299e-02, -3.7299e-02, -6.1995e-02, -9.7446e-02, -1.1193e-01, +4.2927e-03, +1.5957e-03, +3.1187e-02, +2.9289e-02, +2.2846e-02, +3.2521e-02, -4.8764e-03, +1.0104e-02, +1.7308e-02, -1.0733e-01, -7.9598e-02, -6.4685e-03, -1.1569e-01
+4.1650e-02, -4.7425e-02, -1.0000e+00, -4.1202e-02, -7.7207e-02, -4.2683e-02, -1.0331e-01, +6.6949e-02, -4.3033e-02, -3.7986e-02, +1.6160e-02, -7.5190e-02, +4.2857e-02, -3.0022e-02, -4.0813e-02, -4.5460e-02, +3.8401e-02, +1.4747e-02, +4.6714e-04, -4.2198e-02, +9.3448e-03, -1.6667e-02, +6.0940e-02, -5.8959e-02, -1.7113e-01, +7.0191e-02, +8.1240e-03, +3.4991e-03, -3.0001e-02, +5.0579e-02, +1.1627e-02, -6.6560e-02, -4.6158e-02, +7.9066e-02, +6.8556e-02, -8.9862e-02, -1.7168e-01, +5.5379e-02, +3.4032e-02, -1.0905e-02, +2.1857e-03, -1.4583e-01, +1.7169e-02, -2.2988e-02, +5.6789e-02, -5.7188e-02, -1.0498e-02, +5.6814e-02, +3.3541e-02, +3.3360e-02
-3.9598e-02, -6.6136e-02, -4.1202e-02, -1.0000e+00, -8.1444e-02, -1.0335e-01, -9.4412e-02, -4.0034e-02, -1.7906e-03, -2.7365e-02, -4.8263e-02, -8.6978e-02, -9.9187e-02, -7.4344e-02, +1.0643e-02, +5.0043e-02, +4.3784e-02, -6.4836e-02, +3.0552e-02, +7.1021e-02, +5.3645e-02, +9.0354e-02, +2.4560e-02, -7.4993e-02, -1.1773e-01, +1.6860e-02, -3.2148e-02, -1.3224e-01, -9.1849e-02, -3.9742e-02, +7.9593e-03, +5.7576e-02, +1.0053e-01, +1.0161e-02, -7.4376e-03, -1.6061e-02, -1.2575e-01, -8.9951e-02, +2.1698e-02, -4.2324e-02, +4.9276e-02, -2.8904e-01, +3.8554e-02, +1.0174e-01, +8.6008e-02, -1.1994e-01, -1.2246e-02, +2.1203e-02, +2.3164e-03, -1.1028e-01
+8.0234e-02, -5.8623e-02, -7.7207e-02, -8.1444e-02, -1.0000e+00, -4.0363e-02, -1.6740e-02, +2.9797e-02, +6.7461e-03, -3.4874e-02, -1.9315e-02, -8.9187e-02, -6.4462e-02, -1.1522e-01, +4.8457e-02, +5.1748e-02, +7.2568e-02, +2.0574e-03, -8.8495e-02, +1.7118e-02, -5.5995e-03, +1.7974e-02, +2.7469e-02, -1.6366e-02, -1.6646e-02, +6.6846e-02, -8.0385e-02, -5.0609e-02, -1.1181e-01, -9.2171e-02, +2.2715e-02, +8.0779e-03, +4.4872e-02, +1.8898e-02, -1.6137e-01, -1.0233e-02, -1.0859e-01, +6.0603e-02, +5.3313e-02, +1.1309e-02, -1.1440e-02, -8.6212e-03, -3.3975e-03, +2.2834e-02, -6.0090e-02, -8.1778e-02, -1.1459e-01, +7.0916e-02, +9.5769e-02, +4.4996e-04
+1.1032e-02, +5.9648e-02, -4.2683e-02, -1.0335e-01, -4.0363e-02, -1.0000e+00, -1.1359e-02, -7.1797e-02, +3.8489e-02, +4.6527e-02, -4.4193e-02, -2.4910e-02, -2.5722e-02, -9.7628e-02, -4.1076e-02, +9.2937e-02, +2.0710e-02, -2.9279e-02, -7.4918e-02, -5.1442e-02, +6.9899e-02, -1.7568e-03, +4.6977e-02, -2.2822e-02, -6.5342e-02, -9.3185e-02, -4.6039e-02, -2.1336e-02, +1.6712e-02, -5.1005e-02, -9.1490e-02, -3.4521e-04, -1.7919e-03, -9.5996e-03, +2.8262e-02, +2.0211e-02, -2.5042e-03, -4.8169e-02, +4.5106e-02, +1.2756e-02, +9.0963e-03, -1.8493e-01, +3.1032e-02, +6.1932e-02, +3.7421e-02, +1.2226e-02, -7.6446e-02, +9.2975e-03, +9.8611e-03, +2.5002e-02
+1.6924e-02, +4.0552e-02, -1.0331e-01, -9.4412e-02, -1.6740e-02, -1.1359e-02, -1.0000e+00, +5.8634e-03, +7.9701e-03, -1.2130e-02, +3.6736e-02, -5.7379e-02, -7.0819e-02, -4.9600e-02, -1.3890e-02, -3.8219e-02, +8.2705e-02, +7.7470e-03, -2.7963e-02, +1.5168e-02, +9.8617e-02, +9.7717e-05, +9.1928e-02, -1.0089e-01, -7.8764e-02, +3.9341e-02, -6.5622e-02, +4.0703e-02, -3.1400e-02, -3.3397e-02, -8.5252e-02, +7.6893e-03, +4.3547e-02, -5.4755e-03, +4.1392e-02, -7.9418e-02, -1.3178e-01, +9.8585e-02, +2.5885e-02, -1.4400e-02, -3.1411e-02, -1.0177e-01, +6.6945e-02, +4.9256e-02, +8.3231e-03, -3.1490e-03, +6.7877e-02, +2.0485e-02, +9.6056e-02, -4.5764e-02
+6.5901e-03, +1.2475e-01, +6.6949e-02, -4.0034e-02, +2.9797e-02, -7.1797e-02, +5.8634e-03, -1.0000e+00, +4.9343e-04, +4.8032e-02, -1.4577e-02, +3.7732e-02, -2.8837e-02, -4.0305e-02, -4.9040e-03, +1.3698e-02, +9.9189e-02, -9.7989e-02, -9.3607e-03, +2.3115e-02, +5.3935e-02, +4.9327e-03, +1.2082e-01, +4.7467e-02, +2.1648e-02, -1.3573e-01, -3.0039e-02, -9.8641e-02, -3.1908e-02, -2.6947e-02, -5.4787e-03, -1.1385e-02, -4.8193e-02, +1.7386e-01, +6.9538e-02, -8.8789e-02, +2.7709e-01, -4.9801e-02, -7.5680e-02, +6.6901e-04, -5.2590e-02, -7.5543e-02, +8.9226e-02, +1.7445e-03, +5.0465e-02, +1.4452e-01, -4.1753e-02, -2.9289e-01, -3.4377e-02, +1.6620e-03
-1.0406e-01, -4.0843e-03, -4.3033e-02, -1.7906e-03, +6.7461e-03, +3.8489e-02, +7.9701e-03, +4.9344e-04, -1.0000e+00, +1.2727e-01, +8.3863e-02, +1.9075e-02, -2.4515e-02, +1.2713e-02, +4.4217e-02, +1.1566e-01, -2.6906e-02, +8.1203e-02, +6.1752e-02, +3.3882e-02, -6.7941e-02, +3.1312e-02, -6.0066e-02, +7.6161e-02, +2.1233e-02, +3.4665e-02, +2.2209e-02, +3.0620e-02, +9.5188e-02, -4.4199e-02, +3.4813e-02, -7.4697e-03, +2.3146e-02, +3.3587e-02, +3.7875e-02, -3.3170e-02, -2.2316e-02, +1.1803e-01, +2.5902e-02, +3.9833e-02, +3.9640e-02, -1.1618e-02, -6.5477e-02, -5.4156e-02, +4.1393e-02, +4.1818e-02, +9.5139e-02, +2.1307e-04, -1.0665e-03, +6.9414e-02
-2.0354e-02, -5.3361e-03, -3.7986e-02, -2.7365e-02, -3.4874e-02, +4.6527e-02, -1.2130e-02, +4.8032e-02, +1.2727e-01, -1.0000e+00, +1.0558e-02, -1.3371e-02, -1.9203e-02, +5.0506e-02, -1.3188e-03, -5.7357e-02, -2.0560e-02, -4.6908e-02, -2.9499e-03, +4.5802e-02, +1.6186e-02, -1.2831e-01, +3.2455e-02, -2.2581e-02, -4.6619e-02, +9.1629e-02, +4.5074e-02, +1.4664e-02, +1.7273e-02, -1.3444e-03, -5.0941e-02, -3.8371e-02, -3.2074e-02, -2.8532e-02, +7.8562e-02, -6.7940e-02, -9.2536e-02, -5.5677e-02, -7.0598e-02, +5.0288e-02, +1.8096e-02, +7.7347e-03, +2.8301e-02, +2.8931e-02, -8.8089e-03, -3.3732e-02, -1.7692e-02, +6.0329e-02, -1.8261e-02, -6.3440e-02
+6.0104e-02, -3.2782e-02, +1.6160e-02, -4.8263e-02, -1.9315e-02, -4.4193e-02, +3.6736e-02, -1.4577e-02, +8.3863e-02, +1.0558e-02, -1.0000e+00, -6.0781e-02, -9.5903e-02, +9.4446e-03, -3.8212e-02, +7.1279e-02, -5.3735e-02, -1.7725e-01, +1.1499e-02, +1.1784e-02, -2.8599e-02, -1.3967e-02, +7.5929e-02, +1.5083e-01, -4.5492e-02, -7.8270e-02, -7.8125e-03, -6.2319e-02, -9.9007e-02, -9.5883e-02, -7.1726e-03, -8.4751e-03, +4.7656e-03, +2.2948e-03, -1.4348e-02, +3.1112e-02, -1.4586e-01, -2.9878e-02, +9.0528e-02, -3.3096e-02, +4.1572e-02, +7.3639e-02, -3.2478e-02, -1.2563e-01, -5.7693e-02, +9.7737e-02, -1.2400e-01, +2.0514e-01, +1.0412e-01, -4.2645e-02
+5.2220e-03, -2.1517e-02, -7.5190e-02, -8.6978e-02, -8.9187e-02, -2.4910e-02, -5.7379e-02, +3.7732e-02, +1.9075e-02, -1.3371e-02, -6.0781e-02, -1.0000e+00, -1.1021e-02, -3.3182e-02, -1.0483e-02, +5.1883e-03, +5.3477e-02, -3.2268e-02, -3.1405e-02, +4.2832e-02, +9.1895e-02, +7.9471e-02, +8.1067e-02, -9.2873e-02, -1.7295e-01, +3.8412e-02, +4.1040e-02, -4.0833e-02, -4.4875e-02, +1.9982e-02, +5.1399e-03, +1.6575e-02, -3.2777e-02, +9.3506e-02, +4.9530e-02, -5.9591e-02, -1.6672e-01, -4.1622e-02, -9.8090e-02, -5.4932e-02, -1.7316e-02, -6.8547e-02, +5.3622e-02, +4.9895e-02, +9.6905e-02, -5.0460e-02, -2.6927e-02, +3.6728e-02, +2.4783e-02, -1.1468e-01
-1.3823e-02, +1.1322e-01, +4.2857e-02, -9.9187e-02, -6.4462e-02, -2.5722e-02, -7.0819e-02, -2.8837e-02, -2.4515e-02, -1.9203e-02, -9.5903e-02, -1.1021e-02, -1.0000e+00, +9.9488e-02, +4.2571e-02, +7.8829e-02, +9.9892e-02, -1.2589e-02, +5.1475e-02, +1.0863e-01, -2.1491e-02, +2.0294e-03, +2.0817e-01, +1.2644e-02, -2.9754e-02, -2.1433e-02, -6.4552e-02, +3.6103e-02, +1.9256e-04, -7.8919e-02, -8.9163e-03, -6.7512e-02, +2.6188e-02, -1.7763e-02, +3.6793e-02, -8.8350e-02, -1.6015e-01, -3.6255e-02, +2.5042e-02, -1.4753e-02, +3.7352e-02, -1.3523e-01, -1.1027e-01, +3.3049e-02, -1.1319e-01, -6.8309e-02, +7.8873e-02, +1.7109e-02, -1.7402e-02, -4.0777e-02
-9.0085e-02, +1.4412e-02, -3.0022e-02, -7.4344e-02, -1.1522e-01, -9.7628e-02, -4.9600e-02, -4.0305e-02, +1.2713e-02, +5.0506e-02, +9.4447e-03, -3.3182e-02, +9.9488e-02, -1.0000e+00, -2.7524e-02, -9.0434e-02, +8.3501e-02, -1.8840e-02, -7.7519e-02, +2.6943e-02, +1.7945e-02, +1.1096e-01, +5.8932e-02, -5.4071e-02, -7.6540e-02, -1.0234e-01, -5.8870e-02, -2.7972e-02, +1.0584e-02, -1.9990e-02, -7.5865e-02, -2.0931e-02, -2.4251e-03, +4.4352e-02, -4.9658e-02, -8.8654e-03, +5.5534e-02, +1.7145e-02, +2.6683e-03, -4.3400e-02, +2.4141e-02, -1.8919e-01, +7.2577e-02, +5.3516e-02, +3.1647e-02, -5.7081e-02, -7.1976e-02, -1.7296e-01, -2.8066e-02, -9.2059e-02
-1.9724e-02, -3.5395e-03, -4.0813e-02, +1.0643e-02, +4.8457e-02, -4.1076e-02, -1.3890e-02, -4.9040e-03, +4.4217e-02, -1.3187e-03, -3.8212e-02, -1.0483e-02, +4.2571e-02, -2.7524e-02, -1.0000e+00, +2.8698e-02, -8.6765e-02, -5.0031e-02, -1.1489e-01, -4.6646e-02, -3.4314e-02, -4.3480e-02, -9.9846e-02, -4.3220e-02, -7.9147e-03, -1.5222e-02, +1.3434e-02, -8.7080e-02, -6.2460e-03, +2.5047e-02, +2.2173e-02, -2.5267e-02, -1.9800e-02, +9.1818e-02, +4.7368e-02, +9.8777e-02, +1.0439e-01, -2.6068e-02, +2.6551e-02, -2.4369e-02, -8.2570e-02, -5.5092e-02, -1.2120e-03, -1.2884e-02, +1.0247e-01, -1.2421e-02, -1.7346e-02, +2.2938e-02, +3.4579e-02, +9.2405e-02
-3.3424e-02, -8.0345e-02, -4.5460e-02, +5.0043e-02, +5.1748e-02, +9.2937e-02, -3.8219e-02, +1.3698e-02, +1.1566e-01, -5.7357e-02, +7.1279e-02, +5.1883e-03, +7.8829e-02, -9.0433e-02, +2.8698e-02, -1.0000e+00, -4.0760e-02, +7.1193e-02, +3.0229e-02, -1.3726e-02, -8.3140e-02, +1.4869e-01, -7.8665e-02, -1.6311e-02, +9.2188e-02, +8.8381e-02, +3.7884e-02, +4.0931e-02, +3.9453e-02, +1.4545e-02, +8.1447e-02, +7.3541e-02, -1.7101e-02, +9.9944e-03, -4.6257e-02, +1.6663e-02, -5.3148e-03, -1.8546e-02, -3.6406e-02, +3.4996e-02, +4.5000e-02, +2.5473e-03, -2.3485e-02, +9.2331e-03, +4.3685e-02, -1.0072e-01, -5.5969e-02, +3.2474e-02, +1.1513e-01, -1.7658e-02
-1.0762e-02, +8.9946e-02, +3.8401e-02, +4.3784e-02, +7.2568e-02, +2.0710e-02, +8.2705e-02, +9.9189e-02, -2.6906e-02, -2.0560e-02, -5.3735e-02, +5.3477e-02, +9.9892e-02, +8.3501e-02, -8.6765e-02, -4.0760e-02, -1.0000e+00, +1.0912e-03, +2.7197e-02, -1.7279e-01, -3.9269e-02, +4.4218e-02, +1.3132e-01, +4.0046e-02, +6.8892e-02, +2.6495e-02, +2.8159e-03, +2.5242e-02, +5.5302e-02, -1.9472e-02, +5.5308e-02, -4.0167e-02, -4.4494e-02, -1.1889e-02, -4.9336e-02, +7.6661e-02, +1.1856e-01, -1.2695e-02, +6.7484e-02, -4.6631e-02, +6.2142e-03, -4.6682e-02, -6.0625e-02, -4.3866e-02, +1.0562e-01, +5.1590e-02, -1.4809e-02, +8.2481e-03, -1.7160e-02, +5.2279e-02
+4.4003e-02, +5.1129e-02, +1.4747e-02, -6.4837e-02, +2.0574e-03, -2.9279e-02, +7.7470e-03, -9.7989e-02, +8.1203e-02, -4.6908e-02, -1.7725e-01, -3.2267e-02, -1.2589e-02, -1.8840e-02, -5.0031e-02, +7.1193e-02, +1.0912e-03, -1.0000e+00, +1.1602e-03, -6.4660e-02, -7.0658e-02, -5.5315e-02, +7.2592e-02, +7.9995e-02, +1.0526e-02, -7.5920e-02, -4.4200e-03, -8.6293e-02, -9.7735e-02, -1.0037e-01, +3.0387e-02, -6.1118e-02, -2.4728e-03, +1.1359e-01, +6.5430e-02, -5.4419e-04, +1.2271e-01, -1.0244e-01, -1.3544e-03, -1.7155e-02, -8.4148e-04, -3.6154e-02, +1.6830e-02, +5.2631e-02, +4.8564e-02, +1.1509e-01, -4.6863e-02, +2.6988e-02, +4.7128e-02, +1.7319e-02
+1.2502e-02, +3.8490e-02, +4.6713e-04, +3.0552e-02, -8.8495e-02, -7.4918e-02, -2.7963e-02, -9.3607e-03, +6.1752e-02, -2.9499e-03, +1.1499e-02, -3.1405e-02, +5.1475e-02, -7.7519e-02, -1.1489e-01, +3.0229e-02, +2.7197e-02, +1.1602e-03, -1.0000e+00, -6.4264e-02, -1.1008e-02, -5.5563e-03, +1.7577e-02, -7.4163e-02, +2.8447e-02, -5.9443e-02, +1.0759e-02, -4.8786e-02, -6.1055e-02, -2.5314e-03, -1.0444e-01, -6.2065e-02, +6.8647e-02, +2.6914e-03, -2.3890e-02, -4.1979e-03, +1.2754e-01, -2.4409e-03, -1.2628e-01, -3.7158e-02, -6.9295e-02, -2.9834e-02, +2.4092e-02, -1.9086e-02, +3.2904e-03, -3.3540e-03, -3.3331e-02, -2.7327e-02, +7.8655e-02, -1.1670e-02
+4.7846e-02, +2.6109e-02, -4.2198e-02, +7.1021e-02, +1.7118e-02, -5.1442e-02, +1.5168e-02, +2.3115e-02, +3.3882e-02, +4.5802e-02, +1.1784e-02, +4.2832e-02, +1.0863e-01, +2.6943e-02, -4.6646e-02, -1.3726e-02, -1.7279e-01, -6.4660e-02, -6.4264e-02, -1.0000e+00, +3.9892e-02, -2.1149e-01, -4.7710e-02, -5.0869e-02, +3.5994e-02, -6.5528e-02, -2.1674e-02, -3.1732e-02, -1.8447e-02, +2.6563e-02, +3.7143e-02, -9.5590e-02, -7.0617e-02, +6.2826e-02, -3.0349e-03, +7.7130e-02, +2.0228e-01, -4.1844e-02, +3.9081e-02, -1.4015e-02, -8.6506e-02, -2.9818e-02, +9.5068e-03, +8.2478e-02, +4.8473e-02, +1.1859e-01, -3.4901e-02, -1.7936e-02, +7.7234e-02, +2.8612e-02
+7.8439e-02, +3.4950e-02, +9.3448e-03, +5.3645e-02, -5.5995e-03, +6.9899e-02, +9.8617e-02, +5.3935e-02, -6.7941e-02, +1.6186e-02, -2.8599e-02, +9.1895e-02, -2.1491e-02, +1.7946e-02, -3.4314e-02, -8.3140e-02, -3.9269e-02, -7.0658e-02, -1.1008e-02, +3.9892e-02, -1.0000e+00, -2.7675e-02, -2.4535e-02, +1.7001e-01, +1.2802e-01, -3.7016e-02, -5.5499e-02, +2.7117e-02, -1.3149e-02, +2.0857e-02, +1.5181e-01, +5.4155e-02, -8.7466e-02, +6.6676e-02, +5.0008e-02, +8.0938e-02, +2.2795e-01, -3.8583e-02, -6.6352e-02, +4.6342e-02, -6.6157e-02, +1.2035e-01, -1.2635e-01, -2.6420e-01, -1.5166e-02, -3.9724e-02, -6.4623e-02, -1.8023e-01, -8.1448e-02, +3.3929e-02
+4.3495e-02, +2.1176e-02, -1.6667e-02, +9.0354e-02, +1.7974e-02, -1.7568e-03, +9.7709e-05, +4.9326e-03, +3.1312e-02, -1.2831e-01, -1.3967e-02, +7.9471e-02, +2.0294e-03, +1.1096e-01, -4.3480e-02, +1.4869e-01, +4.4218e-02, -5.5315e-02, -5.5563e-03, -2.1149e-01, -2.7675e-02, -1.0000e+00, +1.7562e-03, +1.9862e-02, +6.5026e-02, -3.4706e-02, +5.8956e-02, +2.1578e-02, -6.7044e-03, +2.6851e-02, +1.2987e-03, -4.8048e-02, +5.6203e-02, -6.2807e-02, +6.2991e-02, +7.3585e-02, +1.0284e-01, -3.6820e-02, +1.9099e-02, -4.8092e-02, -3.8091e-02, +9.3118e-02, -6.3666e-02, -2.8096e-02, -7.7921e-02, +5.4604e-02, -4.4794e-02, +8.7369e-02, -8.5779e-03, -5.7034e-02
-6.7970e-03, +1.2859e-01, +6.0940e-02, +2.4560e-02, +2.7469e-02, +4.6977e-02, +9.1928e-02, +1.2082e-01, -6.0066e-02, +3.2455e-02, +7.5929e-02, +8.1067e-02, +2.0817e-01, +5.8932e-02, -9.9846e-02, -7.8665e-02, +1.3132e-01, +7.2592e-02, +1.7577e-02, -4.7710e-02, -2.4535e-02, +1.7562e-03, -1.0000e+00, -4.9614e-02, +1.4653e-02, +1.4738e-02, +3.2214e-02, +5.6063e-02, +1.0195e-01, -2.4155e-02, +3.1387e-02, -3.4361e-02, -1.5218e-02, +7.5056e-02, -3.1936e-02, +3.3882e-01, +5.2051e-02, -3.1484e-02, +3.8317e-02, -1.0026e-02, -1.0661e-02, +1.7552e-02, -7.0391e-02, -9.4839e-02, +1.8685e-01, +1.3145e-02, -3.6215e-02, +6.5585e-02, +2.8446e-02, +8.2507e-02
-9.7707e-03, +4.1903e-02, -5.8959e-02, -7.4993e-02, -1.6366e-02, -2.2822e-02, -1.0089e-01, +4.7467e-02, +7.6161e-02, -2.2581e-02, +1.5083e-01, -9.2873e-02, +1.2644e-02, -5.4071e-02, -4.3220e-02, -1.6311e-02, +4.0046e-02, +7.9995e-02, -7.4163e-02, -5.0869e-02, +1.7001e-01, +1.9862e-02, -4.9614e-02, -1.0000e+00, -7.9099e-02, +5.0676e-02, -5.9632e-02, -6.2615e-02, -7.6117e-02, +5.7564e-02, -8.6113e-02, +5.0214e-02, +2.9167e-02, -4.3209e-02, -4.8475e-02, -1.6090e-02, -1.5723e-01, -6.2434e-02, -4.3075e-02, +1.0247e-02, +2.2015e-02, -1.0287e-01, +5.4673e-02, +1.2340e-01, +1.2709e-02, -1.9443e-01, -9.7301e-03, +1.6597e-01, +7.5150e-02, +2.9257e-02
-2.6833e-02, -1.6550e-01, -1.7113e-01, -1.1773e-01, -1.6646e-02, -6.5342e-02, -7.8764e-02, +2.1648e-02, +2.1233e-02, -4.6619e-02, -4.5492e-02, -1.7295e-01, -2.9754e-02, -7.6540e-02, -7.9147e-03, +9.2188e-02, +6.8892e-02, +1.0526e-02, +2.8447e-02, +3.5994e-02, +1.2802e-01, +6.5026e-02, +1.4653e-02, -7.9099e-02, -1.0000e+00, +1.1934e-01, -1.9724e-03, -7.8883e-02, -1.9082e-02, -3.7972e-02, -2.5383e-02, +3.0029e-02, +2.8293e-02, +1.5355e-02, -1.8166e-02, +1.4211e-02, -2.8944e-01, -5.4914e-02, +1.5952e-02, +1.8244e-02, +3.8923e-02, -1.7482e-01, -3.9513e-02, +5.2905e-02, +9.8805e-03, -2.4663e-02, -1.9364e-02, +2.0772e-01, +8.4257e-02, -2.1610e-02
-2.6581e-02, +3.7203e-02, +7.0191e-02, +1.6860e-02, +6.6846e-02, -9.3185e-02, +3.9341e-02, -1.3573e-01, +3.4665e-02, +9.1629e-02, -7.8270e-02, +3.8412e-02, -2.1433e-02, -1.0234e-01, -1.5222e-02, +8.8381e-02, +2.6495e-02, -7.5920e-02, -5.9443e-02, -6.5528e-02, -3.7016e-02, -3.4706e-02, +1.4738e-02, +5.0676e-02, +1.1934e-01, -1.0000e+00, -5.6050e-02, -3.4414e-02, -7.1155e-02, -6.1969e-02, -2.5985e-02, -1.8469e-03, +9.2270e-02, +2.0693e-02, +3.1837e-02, -1.1621e-02, +1.8023e-01, -1.8670e-02, +5.1007e-02, -4.0117e-02, -7.5035e-02, +9.0177e-04, -2.2107e-02, -5.5940e-02, +1.8483e-02, +4.9054e-02, -6.7333e-02, -9.4007e-02, -5.6406e-02, +6.2320e-02
+8.5411e-02, -2.7336e-02, +8.1240e-03, -3.2148e-02, -8.0385e-02, -4.6039e-02, -6.5622e-02, -3.0039e-02, +2.2209e-02, +4.5074e-02, -7.8125e-03, +4.1040e-02, -6.4552e-02, -5.8870e-02, +1.3434e-02, +3.7884e-02, +2.8159e-03, -4.4199e-03, +1.0759e-02, -2.1674e-02, -5.5499e-02, +5.8956e-02, +3.2214e-02, -5.9632e-02, -1.9724e-03, -5.6050e-02, -1.0000e+00, -2.1729e-02, -4.7204e-02, -2.3681e-02, -1.6683e-02, -4.9482e-02, +1.7965e-02, -5.4647e-02, -3.8246e-02, +2.7823e-02, -9.3403e-02, -3.0150e-03, +2.6719e-02, -4.5861e-02, -3.1491e-02, +2.6694e-03, +1.9503e-02, +2.8212e-02, -1.1035e-02, -4.4067e-02, +2.0905e-02, +4.8089e-02, +8.8826e-02, -4.4025e-03
+8.6329e-03, -6.2924e-03, +3.4991e-03, -1.3224e-01, -5.0609e-02, -2.1336e-02, +4.0703e-02, -9.8641e-02, +3.0620e-02, +1.4664e-02, -6.2319e-02, -4.0833e-02, +3.6103e-02, -2.7972e-02, -8.7080e-02, +4.0931e-02, +2.5242e-02, -8.6293e-02, -4.8786e-02, -3.1732e-02, +2.7117e-02, +2.1578e-02, +5.6063e-02, -6.2615e-02, -7.8883e-02, -3.4414e-02, -2.1729e-02, -1.0000e+00, -3.8732e-02, -4.4899e-02, -2.9032e-02, +1.3756e-03, +4.6383e-02, +5.0096e-02, -5.3919e-02, +2.5788e-02, +6.6079e-02, -3.2394e-02, -6.3735e-02, -5.4440e-02, -5.1953e-02, -6.1829e-02, +5.1997e-02, +6.5066e-02, +6.4821e-02, +5.1048e-02, -1.0659e-01, +3.2349e-02, -4.9969e-02, -4.3041e-02
+8.7732e-03, +6.9384e-04, -3.0001e-02, -9.1849e-02, -1.1181e-01, +1.6712e-02, -3.1400e-02, -3.1908e-02, +9.5188e-02, +1.7273e-02, -9.9007e-02, -4.4875e-02, +1.9254e-04, +1.0584e-02, -6.2460e-03, +3.9453e-02, +5.5302e-02, -9.7735e-02, -6.1055e-02, -1.8447e-02, -1.3149e-02, -6.7044e-03, +1.0195e-01, -7.6117e-02, -1.9082e-02, -7.1155e-02, -4.7204e-02, -3.8732e-02, -1.0000e+00, -2.9482e-02, -4.0534e-02, -7.9488e-02, -2.4666e-02, +4.1654e-02, -1.4399e-02, +4.9091e-03, -1.6126e-02, -1.0511e-01, +2.0473e-02, -1.2004e-01, -5.4865e-03, -1.2934e-02, -2.1357e-03, +5.3026e-03, -2.3493e-02, +3.0697e-02, -1.1892e-01, +8.5615e-02, +7.2454e-02, +8.8326e-03
-2.6739e-03, +6.1086e-02, +5.0579e-02, -3.9742e-02, -9.2171e-02, -5.1005e-02, -3.3397e-02, -2.6947e-02, -4.4199e-02, -1.3444e-03, -9.5883e-02, +1.9982e-02, -7.8919e-02, -1.9990e-02, +2.5047e-02, +1.4545e-02, -1.9472e-02, -1.0037e-01, -2.5314e-03, +2.6563e-02, +2.0857e-02, +2.6851e-02, -2.4155e-02, +5.7564e-02, -3.7972e-02, -6.1969e-02, -2.3681e-02, -4.4899e-02, -2.9482e-02, -1.0000e+00, +5.5559e-02, -6.8804e-02, +6.1840e-03, +7.2233e-02, -1.3112e-02, +4.0822e-03, -6.1793e-02, +1.1683e-02, +5.3425e-02, -4.5221e-02, +4.0251e-02, -6.4375e-02, +4.8538e-02, +5.2980e-02, +1.7594e-03, +8.2249e-02, -3.8952e-02, +8.2076e-02, -2.6589e-02, -6.0999e-03
-2.9767e-04, +1.7184e-02, +1.1627e-02, +7.9593e-03, +2.2715e-02, -9.1490e-02, -8.5252e-02, -5.4787e-03, +3.4813e-02, -5.0941e-02, -7.1726e-03, +5.1399e-03, -8.9163e-03, -7.5865e-02, +2.2173e-02, +8.1447e-02, +5.5308e-02, +3.0387e-02, -1.0444e-01, +3.7143e-02, +1.5181e-01, +1.2987e-03, +3.1387e-02, -8.6113e-02, -2.5383e-02, -2.5985e-02, -1.6683e-02, -2.9032e-02, -4.0534e-02, +5.5559e-02, -1.0000e+00, -3.9897e-02, -2.5852e-02, +8.7010e-03, +2.3906e-02, +5.3262e-02, -5.4471e-02, -2.7035e-02, -3.7858e-02, -6.3952e-02, -5.8136e-02, +7.8775e-02, +3.4331e-02, +2.8266e-03, -7.1391e-02, +9.7923e-02, +8.1089e-02, +1.2228e-01, +1.1281e-01, -1.7262e-02
+7.4361e-02, +3.9087e-02, -6.6560e-02, +5.7576e-02, +8.0779e-03, -3.4520e-04, +7.6893e-03, -1.1385e-02, -7.4697e-03, -3.8371e-02, -8.4751e-03, +1.6575e-02, -6.7512e-02, -2.0931e-02, -2.5267e-02, +7.3541e-02, -4.0167e-02, -6.1118e-02, -6.2065e-02, -9.5590e-02, +5.4155e-02, -4.8048e-02, -3.4361e-02, +5.0214e-02, +3.0029e-02, -1.8469e-03, -4.9482e-02, +1.3756e-03, -7.9488e-02, -6.8804e-02, -3.9897e-02, -1.0000e+00, +1.0222e-01, -4.7452e-02, +1.3015e-02, +5.2669e-02, +6.3632e-03, -6.5176e-02, -2.8013e-02, -6.5844e-03, -4.4001e-02, +9.1813e-02, -1.0098e-01, -5.8577e-02, -7.3952e-03, +3.4576e-02, -1.4478e-01, +4.0821e-02, +3.7839e-02, +2.7881e-03
+2.3618e-02, -4.3299e-02, -4.6158e-02, +1.0053e-01, +4.4872e-02, -1.7919e-03, +4.3547e-02, -4.8193e-02, +2.3146e-02, -3.2074e-02, +4.7656e-03, -3.2777e-02, +2.6188e-02, -2.4251e-03, -1.9800e-02, -1.7101e-02, -4.4494e-02, -2.4728e-03, +6.8647e-02, -7.0617e-02, -8.7466e-02, +5.6203e-02, -1.5218e-02, +2.9167e-02, +2.8293e-02, +9.2270e-02, +1.7966e-02, +4.6383e-02, -2.4666e-02, +6.1840e-03, -2.5852e-02, +1.0222e-01, -1.0000e+00, +5.6517e-01, +2.8989e-02, +1.0423e-02, +1.9683e-02, +7.6923e-02, -7.3646e-03, +5.2174e-02, +1.7801e-02, +5.2931e-02, -6.0597e-02, -3.7094e-02, -1.1153e-02, +2.6008e-02, -3.0603e-02, +3.6810e-02, -5.9839e-03, +4.9893e-02
-4.8718e-02, -3.7299e-02, +7.9066e-02, +1.0161e-02, +1.8898e-02, -9.5996e-03, -5.4755e-03, +1.7386e-01, +3.3587e-02, -2.8532e-02, +2.2948e-03, +9.3506e-02, -1.7763e-02, +4.4352e-02, +9.1818e-02, +9.9944e-03, -1.1889e-02, +1.1359e-01, +2.6915e-03, +6.2826e-02, +6.6676e-02, -6.2807e-02, +7.5056e-02, -4.3209e-02, +1.5355e-02, +2.0693e-02, -5.4647e-02, +5.0096e-02, +4.1654e-02, +7.2233e-02, +8.7010e-03, -4.7452e-02, +5.6517e-01, -1.0000e+00, -5.9742e-02, +3.5361e-03, -2.5068e-01, -4.8448e-02, -2.3338e-02, +2.0228e-01, -9.2604e-03, +5.6755e-02, -1.4157e-02, +7.8786e-02, +8.5840e-02, -7.5043e-02, +1.4537e-01, +7.8901e-02, -1.4149e-02, +5.8366e-02
+4.1410e-02, -6.1995e-02, +6.8556e-02, -7.4376e-03, -1.6137e-01, +2.8262e-02, +4.1392e-02, +6.9538e-02, +3.7875e-02, +7.8562e-02, -1.4348e-02, +4.9530e-02, +3.6793e-02, -4.9658e-02, +4.7368e-02, -4.6257e-02, -4.9336e-02, +6.5430e-02, -2.3890e-02, -3.0349e-03, +5.0008e-02, +6.2991e-02, -3.1936e-02, -4.8475e-02, -1.8166e-02, +3.1837e-02, -3.8246e-02, -5.3919e-02, -1.4399e-02, -1.3112e-02, +2.3906e-02, +1.3015e-02, +2.8989e-02, -5.9742e-02, -1.0000e+00, +3.5733e-02, -3.6460e-02, +4.0313e-04, +1.5719e-02, -1.7923e-02, +2.9048e-02, +3.4853e-02, -4.1958e-03, +5.1483e-02, +2.9263e-02, -2.0552e-02, -7.6299e-02, +5.0806e-02, +1.0960e-02, -2.7355e-02
+6.1568e-03, -9.7446e-02, -8.9862e-02, -1.6061e-02, -1.0233e-02, +2.0211e-02, -7.9418e-02, -8.8789e-02, -3.3170e-02, -6.7940e-02, +3.1112e-02, -5.9591e-02, -8.8350e-02, -8.8654e-03, +9.8777e-02, +1.6663e-02, +7.6661e-02, -5.4418e-04, -4.1979e-03, +7.7130e-02, +8.0938e-02, +7.3585e-02, +3.3882e-01, -1.6090e-02, +1.4211e-02, -1.1621e-02, +2.7823e-02, +2.5788e-02, +4.9091e-03, +4.0822e-03, +5.3262e-02, +5.2669e-02, +1.0423e-02, +3.5361e-03, +3.5733e-02, -1.0000e+00, -2.5913e-02, -3.2989e-02, +3.5604e-02, -4.6083e-02, +7.8943e-02, -1.2300e-01, +4.1042e-02, -1.0706e-01, -4.3785e-02, -2.2004e-02, +1.2310e-03, -1.1538e-01, +2.7066e-02, +2.2187e-02
-6.0236e-02, -1.1193e-01, -1.7168e-01, -1.2575e-01, -1.0859e-01, -2.5042e-03, -1.3178e-01, +2.7709e-01, -2.2316e-02, -9.2536e-02, -1.4586e-01, -1.6672e-01, -1.6015e-01, +5.5534e-02, +1.0439e-01, -5.3148e-03, +1.1856e-01, +1.2271e-01, +1.2754e-01, +2.0228e-01, +2.2795e-01, +1.0284e-01, +5.2051e-02, -1.5723e-01, -2.8944e-01, +1.8023e-01, -9.3403e-02, +6.6079e-02, -1.6126e-02, -6.1793e-02, -5.4471e-02, +6.3631e-03, +1.9683e-02, -2.5068e-01, -3.6460e-02, -2.5913e-02, -1.0000e+00, +8.1054e-02, +5.5806e-02, -5.7268e-03, +1.8225e-01, +4.1756e-02, -5.2191e-02, +7.6744e-02, -1.5351e-01, -1.6892e-01, +1.5681e-01, +7.2015e-01, +1.1449e-01, -1.2438e-01
+5.6711e-02, +4.2927e-03, +5.5379e-02, -8.9951e-02, +6.0603e-02, -4.8169e-02, +9.8585e-02, -4.9801e-02, +1.1803e-01, -5.5677e-02, -2.9878e-02, -4.1622e-02, -3.6255e-02, +1.7145e-02, -2.6068e-02, -1.8546e-02, -1.2695e-02, -1.0244e-01, -2.4409e-03, -4.1844e-02, -3.8583e-02, -3.6820e-02, -3.1484e-02, -6.2434e-02, -5.4914e-02, -1.8670e-02, -3.0150e-03, -3.2394e-02, -1.0511e-01, +1.1683e-02, -2.7035e-02, -6.5176e-02, +7.6923e-02, -4.8448e-02, +4.0312e-04, -3.2989e-02, +8.1054e-02, -1.0000e+00, +2.9733e-02, -1.6084e-02, +2.9694e-02, -1.4507e-01, -5.1723e-03, +4.8717e-03, +1.0527e-01, +2.5160e-02, -1.6241e-02, -6.2119e-02, -1.0824e-02, -3.4923e-02
+2.1956e-02, +1.5957e-03, +3.4032e-02, +2.1698e-02, +5.3313e-02, +4.5106e-02, +2.5885e-02, -7.5680e-02, +2.5901e-02, -7.0598e-02, +9.0528e-02, -9.8090e-02, +2.5042e-02, +2.6683e-03, +2.6551e-02, -3.6406e-02, +6.7484e-02, -1.3544e-03, -1.2628e-01, +3.9081e-02, -6.6352e-02, +1.9099e-02, +3.8317e-02, -4.3075e-02, +1.5952e-02, +5.1007e-02, +2.6719e-02, -6.3735e-02, +2.0473e-02, +5.3425e-02, -3.7858e-02, -2.8013e-02, -7.3646e-03, -2.3338e-02, +1.5719e-02, +3.5604e-02, +5.5806e-02, +2.9733e-02, -1.0000e+00, -7.4885e-02, +9.4912e-03, +8.5138e-02, -2.3873e-02, -2.5289e-02, -1.5303e-02, -3.9295e-02, +8.8030e-03, -2.1570e-02, +1.5210e-02, +1.3617e-02
-8.3645e-02, +3.1187e-02, -1.0905e-02, -4.2324e-02, +1.1309e-02, +1.2756e-02, -1.4400e-02, +6.6901e-04, +3.9833e-02, +5.0288e-02, -3.3096e-02, -5.4932e-02, -1.4753e-02, -4.3400e-02, -2.4369e-02, +3.4996e-02, -4.6631e-02, -1.7155e-02, -3.7158e-02, -1.4015e-02, +4.6342e-02, -4.8092e-02, -1.0026e-02, +1.0247e-02, +1.8244e-02, -4.0117e-02, -4.5861e-02, -5.4440e-02, -1.2004e-01, -4.5221e-02, -6.3952e-02, -6.5844e-03, +5.2174e-02, +2.0228e-01, -1.7923e-02, -4.6083e-02, -5.7268e-03, -1.6084e-02, -7.4885e-02, -1.0000e+00, -4.7082e-02, +3.7784e-02, +6.7761e-02, +6.8211e-03, -1.5315e-02, +2.2605e-02, -5.5900e-02, +1.3898e-01, +7.6133e-02, -5.9869e-02
+8.7680e-02, +2.9289e-02, +2.1857e-03, +4.9276e-02, -1.1440e-02, +9.0963e-03, -3.1411e-02, -5.2590e-02, +3.9640e-02, +1.8096e-02, +4.1572e-02, -1.7316e-02, +3.7352e-02, +2.4141e-02, -8.2570e-02, +4.5000e-02, +6.2142e-03, -8.4149e-04, -6.9295e-02, -8.6506e-02, -6.6157e-02, -3.8091e-02, -1.0661e-02, +2.2015e-02, +3.8923e-02, -7.5035e-02, -3.1491e-02, -5.1953e-02, -5.4865e-03, +4.0251e-02, -5.8136e-02, -4.4001e-02, +1.7801e-02, -9.2604e-03, +2.9048e-02, +7.8943e-02, +1.8225e-01, +2.9694e-02, +9.4912e-03, -4.7082e-02, -1.0000e+00, +4.6176e-02, -3.9112e-02, -5.8442e-02, +3.0792e-02, +7.8904e-02, +2.9334e-02, -1.0663e-01, +3.7918e-02, +1.0074e-01
-1.3213e-02, +2.2846e-02, -1.4583e-01, -2.8904e-01, -8.6212e-03, -1.8493e-01, -1.0178e-01, -7.5543e-02, -1.1618e-02, +7.7347e-03, +7.3639e-02, -6.8547e-02, -1.3523e-01, -1.8919e-01, -5.5092e-02, +2.5473e-03, -4.6682e-02, -3.6154e-02, -2.9834e-02, -2.9818e-02, +1.2035e-01, +9.3118e-02, +1.7552e-02, -1.0287e-01, -1.7482e-01, +9.0176e-04, +2.6694e-03, -6.1829e-02, -1.2934e-02, -6.4375e-02, +7.8775e-02, +9.1813e-02, +5.2931e-02, +5.6755e-02, +3.4853e-02, -1.2300e-01, +4.1756e-02, -1.4507e-01, +8.5138e-02, +3.7784e-02, +4.6176e-02, -1.0000e+00, +1.0758e-01, +3.1709e-01, +2.9714e-01, -8.1009e-02, -5.1372e-03, -2.0162e-01, -3.2549e-02, -2.2162e-02
-1.4260e-02, +3.2521e-02, +1.7169e-02, +3.8554e-02, -3.3976e-03, +3.1032e-02, +6.6945e-02, +8.9226e-02, -6.5477e-02, +2.8301e-02, -3.2478e-02, +5.3622e-02, -1.1027e-01, +7.2577e-02, -1.2120e-03, -2.3485e-02, -6.0625e-02, +1.6830e-02, +2.4092e-02, +9.5068e-03, -1.2635e-01, -6.3666e-02, -7.0391e-02, +5.4673e-02, -3.9513e-02, -2.2107e-02, +1.9503e-02, +5.1997e-02, -2.1357e-03, +4.8538e-02, +3.4331e-02, -1.0098e-01, -6.0597e-02, -1.4156e-02, -4.1958e-03, +4.1042e-02, -5.2191e-02, -5.1723e-03, -2.3873e-02, +6.7761e-02, -3.9112e-02, +1.0758e-01, -1.0000e+00, -4.4733e-02, -1.9792e-02, +2.4097e-03, +1.1870e-01, +1.3379e-01, +5.4938e-02, -6.5262e-02
+5.3682e-02, -4.8764e-03, -2.2988e-02, +1.0174e-01, +2.2834e-02, +6.1932e-02, +4.9256e-02, +1.7445e-03, -5.4156e-02, +2.8931e-02, -1.2563e-01, +4.9895e-02, +3.3049e-02, +5.3516e-02, -1.2884e-02, +9.2331e-03, -4.3866e-02, +5.2631e-02, -1.9086e-02, +8.2478e-02, -2.6420e-01, -2.8096e-02, -9.4839e-02, +1.2340e-01, +5.2905e-02, -5.5940e-02, +2.8212e-02, +6.5066e-02, +5.3026e-03, +5.2980e-02, +2.8266e-03, -5.8577e-02, -3.7094e-02, +7.8786e-02, +5.1483e-02, -1.0706e-01, +7.6744e-02, +4.8717e-03, -2.5289e-02, +6.8210e-03, -5.8442e-02, +3.1709e-01, -4.4733e-02, -1.0000e+00, -1.0879e-01, -4.2703e-02, -6.8032e-02, -7.5388e-02, +8.1848e-02, +3.5350e-02
-1.0259e-01, +1.0104e-02, +5.6789e-02, +8.6008e-02, -6.0090e-02, +3.7421e-02, +8.3231e-03, +5.0465e-02, +4.1393e-02, -8.8089e-03, -5.7693e-02, +9.6905e-02, -1.1319e-01, +3.1647e-02, +1.0247e-01, +4.3685e-02, +1.0562e-01, +4.8564e-02, +3.2904e-03, +4.8473e-02, -1.5166e-02, -7.7921e-02, +1.8685e-01, +1.2709e-02, +9.8805e-03, +1.8483e-02, -1.1035e-02, +6.4821e-02, -2.3493e-02, +1.7594e-03, -7.1390e-02, -7.3952e-03, -1.1153e-02, +8.5840e-02, +2.9263e-02, -4.3785e-02, -1.5351e-01, +1.0527e-01, -1.5303e-02, -1.5315e-02, +3.0792e-02, +2.9714e-01, -1.9792e-02, -1.0879e-01, -1.0000e+00, -5.4379e-02, +2.5226e-02, +1.4635e-01, +6.4291e-02, -2.0006e-02
-3.2330e-02, +1.7308e-02, -5.7188e-02, -1.1994e-01, -8.1778e-02, +1.2226e-02, -3.1490e-03, +1.4452e-01, +4.1818e-02, -3.3732e-02, +9.7737e-02, -5.0460e-02, -6.8309e-02, -5.7081e-02, -1.2421e-02, -1.0072e-01, +5.1590e-02, +1.1509e-01, -3.3539e-03, +1.1859e-01, -3.9724e-02, +5.4604e-02, +1.3145e-02, -1.9443e-01, -2.4663e-02, +4.9054e-02, -4.4067e-02, +5.1048e-02, +3.0697e-02, +8.2249e-02, +9.7923e-02, +3.4576e-02, +2.6008e-02, -7.5043e-02, -2.0552e-02, -2.2004e-02, -1.6892e-01, +2.5160e-02, -3.9295e-02, +2.2605e-02, +7.8904e-02, -8.1009e-02, +2.4097e-03, -4.2703e-02, -5.4379e-02, -1.0000e+00, +3.8924e-02, +4.6432e-02, +2.4610e-02, -6.3013e-04
+5.6022e-02, -1.0733e-01, -1.0498e-02, -1.2246e-02, -1.1459e-01, -7.6446e-02, +6.7877e-02, -4.1753e-02, +9.5139e-02, -1.7692e-02, -1.2400e-01, -2.6927e-02, +7.8873e-02, -7.1976e-02, -1.7346e-02, -5.5969e-02, -1.4809e-02, -4.6863e-02, -3.3331e-02, -3.4901e-02, -6.4623e-02, -4.4794e-02, -3.6215e-02, -9.7301e-03, -1.9364e-02, -6.7333e-02, +2.0905e-02, -1.0659e-01, -1.1892e-01, -3.8952e-02, +8.1089e-02, -1.4478e-01, -3.0603e-02, +1.4537e-01, -7.6299e-02, +1.2310e-03, +1.5681e-01, -1.6241e-02, +8.8030e-03, -5.5900e-02, +2.9334e-02, -5.1372e-03, +1.1870e-01, -6.8032e-02, +2.5226e-02, +3.8924e-02, -1.0000e+00, -1.1444e-01, +1.1569e-02, +1.7463e-02
+1.2044e-01, -7.9598e-02, +5.6814e-02, +2.1203e-02, +7.0916e-02, +9.2975e-03, +2.0485e-02, -2.9289e-01, +2.1307e-04, +6.0329e-02, +2.0514e-01, +3.6728e-02, +1.7109e-02, -1.7296e-01, +2.2938e-02, +3.2474e-02, +8.2481e-03, +2.6988e-02, -2.7327e-02, -1.7936e-02, -1.8023e-01, +8.7369e-02, +6.5585e-02, +1.6597e-01, +2.0772e-01, -9.4007e-02, +4.8089e-02, +3.2349e-02, +8.5615e-02, +8.2076e-02, +1.2228e-01, +4.0821e-02, +3.6810e-02, +7.8901e-02, +5.0806e-02, -1.1538e-01, +7.2015e-01, -6.2119e-02, -2.1570e-02, +1.3898e-01, -1.0663e-01, -2.0162e-01, +1.3379e-01, -7.5388e-02, +1.4635e-01, +4.6432e-02, -1.1444e-01, -1.0000e+00, -2.3886e-01, +9.1095e-02
-4.1321e-02, -6.4685e-03, +3.3541e-02, +2.3164e-03, +9.5769e-02, +9.8611e-03, +9.6056e-02, -3.4377e-02, -1.0665e-03, -1.8261e-02, +1.0412e-01, +2.4783e-02, -1.7402e-02, -2.8066e-02, +3.4579e-02, +1.1513e-01, -1.7160e-02, +4.7129e-02, +7.8655e-02, +7.7234e-02, -8.1448e-02, -8.5779e-03, +2.8446e-02, +7.5150e-02, +8.4257e-02, -5.6406e-02, +8.8826e-02, -4.9969e-02, +7.2454e-02, -2.6589e-02, +1.1281e-01, +3.7839e-02, -5.9839e-03, -1.4149e-02, +1.0960e-02, +2.7066e-02, +1.1449e-01, -1.0824e-02, +1.5210e-02, +7.6133e-02, +3.7918e-02, -3.2549e-02, +5.4938e-02, +8.1848e-02, +6.4291e-02, +2.4610e-02, +1.1569e-02, -2.3886e-01, -1.0000e+00, +3.7700e-02
-6.6120e-02, -1.1569e-01, +3.3360e-02, -1.1028e-01, +4.4996e-04, +2.5002e-02, -4.5764e-02, +1.6620e-03, +6.9414e-02, -6.3440e-02, -4.2645e-02, -1.1468e-01, -4.0777e-02, -9.2059e-02, +9.2405e-02, -1.7658e-02, +5.2279e-02, +1.7319e-02, -1.1670e-02, +2.8612e-02, +3.3929e-02, -5.7034e-02, +8.2507e-02, +2.9257e-02, -2.1610e-02, +6.2320e-02, -4.4025e-03, -4.3041e-02, +8.8326e-03, -6.0999e-03, -1.7262e-02, +2.7881e-03, +4.9893e-02, +5.8366e-02, -2.7355e-02, +2.2187e-02, -1.2438e-01, -3.4923e-02, +1.3617e-02, -5.9869e-02, +1.0074e-01, -2.2162e-02, -6.5262e-02, +3.5350e-02, -2.0006e-02, -6.3014e-04, +1.7463e-02, +9.1095e-02, +3.7700e-02, -1.0000e+00
