-1.0000e+00, -1.5282e-01, +5.0607e-02, +1.8556e-04, -5.3885e-02, -8.6804e-04, +2.6069e-02, +1.9318e-02, -1.5338e-01, +2.8509e-02, -3.3400e-03, -2.3833e-02, +4.8847e-02, -9.8669e-02, +3.3443e-02, +1.2322e-02, +8.9592e-03, +9.6339e-02, +2.7887e-02, +9.0985e-02, +1.2076e-02, -3.9784e-02, -5.4216e-02, +5.8001e-02, -1.0981e-01, -2.0682e-02, -9.1026e-02, -5.1188e-02, +1.9015e-02, +2.1246e-02, -1.1663e-01, +5.4284e-02, -2.0245e-03, -4.6117e-02, -5.3109e-02, +3.1859e-02, +1.1305e-02, -7.9246e-02, -1.7551e-02, -7.5744e-02, -4.9583e-03, +2.7362e-02, +1.5855e-02, +9.0932e-02, +1.0425e-02, -2.2765e-02, +3.2684e-02, +2.7520e-01, +3.3302e-02, +6.7438e-02
-1.5282e-01, -1.0000e+00, +1.1051e-01, +7.7823e-03, -1.8095e-02, +2.4430e-03, -7.5092e-02, -1.4417e-01, -1.3702e-01, +4.2669e-02, -1.6558e-03, -2.9405e-02, -3.1209e-02, -9.6781e-02, -2.2449e-02, -3.8375e-02, +1.0424e-01, -1.6371e-02, -2.5801e-02, -1.0708e-01, +3.8116e-02, +5.3541e-03, +1.0896e-01, +1.0710e-02, -5.9990e-02, +2.9545e-02, -7.3986e-02, -6.4195e-02, -4.4753e-02, -9.5647e-02, -3.9284e-02, -2.3280e-03, -4.0789e-02, -6.0968e-02, -7.7082e-02, -4.0333e-02, +1.2167e-02, +9.2486e-04, -8.9837e-02, -1.9121e-01, -8.5253e-02, -2.1749e-02, -2.2963e-02, +1.3430e-02, -6.5785e-02, +3.5356e-02, +4.0291e-02, +2.2848e-01, +3.2606e-02, +1.7912e-01
+5.0607e-02, +1.1051e-01, -1.0000e+00, -4.4007e-03, +1.1790e-03, -1.2448e-02, +5.5893e-02, +8.1921e-03, +2.1746e-01, +9.0712e-02, +2.2129e-02, +1.0194e-01, -1.5392e-02, -2.2852e-02, +2.0687e-01, +1.0687e-01, +7.4114e-02, -6.4611e-03, +3.2191e-02, -6.6224e-02, -1.8485e-02, +9.1886e-02, +6.4203e-02, +2.4675e-02, +1.6309e-02, -3.1096e-02, +9.8112e-03, -4.2981e-02, +3.0079e-03, -3.0826e-02, +6.6897e-02, -7.8813e-02, +7.3602e-03, +3.0558e-02, +6.5539e-02, +3.1795e-02, +4.5037e-02, +5.0916e-02, -4.7028e-02, -9.3305e-02, +6.5428e-02, +2.1548e-02, -2.2539e-02, -6.6910e-02, +5.0378e-02, +2.6888e-02, +2.6246e-02, -5.2692e-02, +2.7241e-02, -7.2746e-03
+1.8556e-04, +7.7823e-03, -4.4007e-03, -1.0000e+00, -3.5935e-02, -2.2086e-02, +1.5374e-02, -4.0124e-02, +3.3836e-02, +6.2988e-02, -8.0752e-02, -6.1103e-02, -1.3640e-01, +7.3288e-02, +4.1534e-02, -4.6413e-02, +7.0972e-02, +1.1839e-03, +1.7662e-02, +4.1034e-02, -4.4244e-02, -2.2507e-02, +1.9034e-02, +1.8664e-02, -2.4040e-02, -1.2272e-01, +7.6304e-02, -2.5495e-02, -6.9851e-02, -1.3367e-01, +4.6188e-03, -6.5147e-02, +5.1260e-02, -1.0256e-02, +3.2648e-02, -1.7556e-02, -3.7674e-02, +4.2799e-02, -1.6587e-02, -5.8311e-02, -1.2742e-02, -6.5901e-02, -2.5216e-02, -1.8039e-02, -3.7182e-02, -2.7071e-02, -1.2116e-02, +2.5237e-02, +3.8859e-02, +5.0410e-02
-5.3885e-02, -1.8095e-02, +1.1790e-03, -3.5935e-02, -1.0000e+00, -3.2972e-02, +8.4908e-03, -2.7863e-02, +1.7808e-02, +4.8954e-02, -4.9470e-02, -1.5860e-04, -1.0302e-01, +3.3893e-02, -8.7774e-02, -2.8188e-02, +3.4472e-02, -1.3641e-02, -9.7793e-02, +8.5911e-03, -1.5650e-02, -2.1142e-02, +1.4637e-02, -1.1483e-02, +7.9179e-02, -1.8296e-02, -2.8367e-02, -5.9663e-02, -3.2839e-02, -2.0635e-02, -9.9250e-03, +2.1189e-02, +1.2597e-03, -1.9495e-02, -2.0703e-02, +2.5149e-02, +3.7610e-02, +8.7506e-02, +6.4671e-02, -2.3359e-02, +4.8270e-02, +2.4938e-02, +4.7385e-02, -2.9614e-02, -5.2142e-02, -2.2085e-02, -1.1338e-02, +2.0584e-01, -4.4247e-02, -1.7253e-02
-8.6804e-04, +2.4430e-03, -1.2448e-02, -2.2086e-02, -3.2972e-02, -1.0000e+00, -2.7867e-02, +5.3128e-02, -3.2308e-02, +8.5016e-02, -1.7942e-01, +6.4619e-02, -7.7574e-02, +9.9909e-02, -1.7306e-01, +6.9877e-02, +2.7543e-02, -3.3262e-02, -1.5918e-01, -5.0863e-02, -1.1578e-01, +1.3250e-02, +9.1665e-04, -3.1822e-02, +4.1856e-02, -3.5774e-02, -1.4820e-01, -9.7022e-02, -7.7830e-02, +7.0961e-03, -1.4769e-01, -4.3082e-02, -8.9679e-02, -1.9369e-02, -3.3471e-02, -4.6423e-04, -2.4864e-02, -5.1595e-02, +6.2916e-03, +4.8861e-04, -6.1935e-02, +5.1986e-03, +4.0406e-03, +4.8176e-02, +1.2239e-02, -5.2672e-05, -1.9396e-01, +2.3497e-01, +1.0769e-01, +2.1735e-03
+2.6069e-02, -7.5092e-02, +5.5893e-02, +1.5374e-02, +8.4908e-03, -2.7867e-02, -1.0000e+00, -2.6944e-04, -1.2524e-01, +9.0732e-02, -3.1034e-02, -2.4525e-02, -6.2149e-02, +5.2821e-02, +2.0251e-02, -2.6664e-02, +1.5232e-01, +3.2814e-02, -2.7854e-02, +2.5569e-02, -4.5881e-03, +4.5352e-02, -1.1615e-02, -3.8506e-02, -1.0606e-02, +2.9445e-02, -2.1703e-02, +4.7176e-02, +4.3651e-02, -2.5228e-02, -1.8741e-02, -4.7276e-02, +3.6796e-02, +1.6808e-02, -2.8563e-02, +1.6552e-03, -7.1465e-02, +7.0776e-03, -5.8766e-02, -6.3914e-02, -4.5237e-02, -6.7630e-02, -1.5689e-01, +2.8986e-02, -1.3161e-02, -8.0305e-02, -1.4074e-03, +1.7965e-02, +2.2716e-02, +9.9598e-02
+1.9318e-02, -1.4417e-01, +8.1921e-03, -4.0124e-02, -2.7863e-02, +5.3128e-02, -2.6944e-04, -1.0000e+00, +9.8184e-02, +4.7097e-02, -3.1745e-02, +1.4753e-02, -4.8054e-02, -3.3672e-02, -3.2693e-02, +2.6626e-02, +4.6846e-02, +7.2049e-03, +6.3932e-03, +3.4397e-02, +3.2109e-03, +1.8644e-02, +2.6862e-02, +5.7495e-02, +1.3270e-03, +5.1584e-02, +5.6865e-02, +2.2089e-03, -5.6991e-03, +3.0443e-03, -5.1759e-02, +5.7793e-03, +1.4750e-02, -2.7659e-02, -4.1048e-02, -1.3999e-02, -1.7377e-02, -5.5751e-02, -2.8480e-03, -1.1781e-01, -6.2195e-02, -1.2599e-03, +3.6849e-03, -2.7423e-02, -8.5410e-02, +1.0134e-01, -1.6449e-03, +6.7021e-02, +8.4117e-02, +6.3697e-02
-1.5338e-01, -1.3702e-01, +2.1746e-01, +3.3836e-02, +1.7808e-02, -3.2308e-02, -1.2524e-01, +9.8184e-02, -1.0000e+00, +6.9303e-02, -6.9104e-02, -2.9801e-03, +5.0362e-02, +1.4883e-01, -1.3402e-01, -4.5905e-02, +3.6851e-02, -7.1108e-03, -1.2593e-01, -2.2760e-02, -5.8212e-02, +2.3890e-02, +1.6461e-02, -8.4595e-02, -5.4281e-02, -1.7981e-02, -2.2960e-01, -2.4891e-03, +2.1070e-02, +5.9993e-02, -1.6282e-01, -4.1905e-02, -4.5651e-02, -9.3209e-03, -9.3374e-02, -1.9813e-02, +3.1386e-02, +4.3451e-03, -4.7104e-02, -5.3380e-02, -5.8604e-02, +4.3540e-03, +6.2196e-02, +2.8229e-02, +2.9837e-02, -9.1217e-02, -8.3695e-03, +3.9154e-01, -4.0601e-02, +4.1417e-01
+2.8509e-02, +4.2669e-02, +9.0712e-02, +6.2988e-02, +4.8954e-02, +8.5016e-02, +9.0732e-02, +4.7097e-02, +6.9303e-02, -1.0000e+00, -1.2414e-01, +5.3160e-02, +7.3240e-02, -2.0234e-02, +5.4716e-02, +5.1042e-03, +8.0808e-02, +3.7566e-02, -1.8793e-02, +1.5548e-02, -1.5709e-02, -1.7314e-03, +1.1387e-01, -1.1148e-01, +2.6797e-02, +9.1026e-02, -1.9766e-02, +5.8646e-02, +1.1118e-01, +5.2546e-02, -5.6958e-02, +1.2268e-02, +1.4223e-02, +4.5197e-03, +1.1630e-02, +1.0429e-02, -8.9378e-03, +2.8625e-02, +5.1118e-02, +6.7778e-02, +4.1968e-02, +1.9977e-04, +4.4667e-02, -2.8597e-02, +3.8485e-02, +8.5388e-02, +6.8639e-02, -2.7767e-02, -4.4389e-03, +8.2485e-02
-3.3400e-03, -1.6558e-03, +2.2129e-02, -8.0752e-02, -4.9470e-02, -1.7942e-01, -3.1034e-02, -3.1745e-02, -6.9104e-02, -1.2414e-01, -1.0000e+00, -4.4748e-02, -1.2043e-01, +6.4835e-02, -1.1214e-01, +5.1694e-02, +7.1280e-02, -6.7363e-02, -1.6869e-01, +7.5751e-02, -8.5291e-02, +6.9899e-02, +1.5810e-01, -1.1865e-02, +6.5566e-02, -1.8125e-01, -1.1035e-01, -6.6433e-02, -5.2602e-02, -1.7085e-02, -1.5025e-01, -2.9918e-02, -4.6114e-03, -4.3944e-02, -5.3975e-02, +7.8905e-02, +3.5326e-02, -1.0978e-01, +8.8011e-03, +1.6682e-01, -1.2098e-01, -7.5332e-02, +3.3038e-02, +1.3392e-02, -4.5505e-02, +5.6123e-02, -1.3547e-01, +2.8202e-01, +7.0742e-02, -7.4409e-02
-2.3833e-02, -2.9405e-02, +1.0194e-01, -6.1103e-02, -1.5859e-04, +6.4619e-02, -2.4525e-02, +1.4753e-02, -2.9801e-03, +5.3160e-02, -4.4748e-02, -1.0000e+00, +3.5142e-02, +1.4525e-01, +3.1133e-02, -1.1168e-01, +2.3675e-01, -5.2587e-02, +7.1965e-02, +5.9696e-02, +4.5029e-02, -9.5321e-02, +2.2637e-01, +7.6867e-02, -1.0007e-01, +3.6177e-02, +2.0734e-02, +2.1937e-02, -1.5734e-01, -5.6006e-02, +2.2959e-02, +1.4330e-01, +2.4398e-02, +3.4592e-02, +4.0995e-02, -8.7681e-03, -4.3115e-02, -6.0261e-02, -1.3747e-02, -8.6903e-03, -4.1349e-02, -8.6752e-02, -9.7601e-03, +3.2467e-02, +2.8136e-02, +1.9194e-02, +1.1569e-01, -1.0403e-01, -5.5345e-02, +5.4577e-02
+4.8847e-02, -3.1209e-02, -1.5392e-02, -1.3640e-01, -1.0302e-01, -7.7574e-02, -6.2149e-02, -4.8054e-02, +5.0362e-02, +7.3240e-02, -1.2043e-01, +3.5142e-02, -1.0000e+00, +4.6616e-02, +7.9479e-04, +1.1307e-01, +1.3174e-01, -6.3654e-02, -1.8125e-02, +4.2888e-02, -1.7564e-03, +4.0471e-02, +1.5740e-01, -4.8332e-02, +3.2197e-02, -1.2355e-01, +1.2760e-02, -5.8411e-02, -7.6075e-02, -4.3404e-02, -1.0360e-01, +8.1076e-02, -8.7618e-03, -4.1364e-02, +3.4818e-02, +4.9929e-02, +5.4975e-03, +7.0942e-02, -3.4566e-02, +1.9797e-02, -3.0903e-02, -5.9522e-02, +2.5312e-03, -1.6978e-02, -1.8172e-01, -2.1037e-02, -6.4201e-02, +1.5857e-01, +3.2751e-02, -4.2963e-02
-9.8669e-02, -9.6781e-02, -2.2852e-02, +7.3288e-02, +3.3893e-02, +9.9909e-02, +5.2821e-02, -3.3672e-02, +1.4883e-01, -2.0234e-02, +6.4835e-02, +1.4525e-01, +4.6616e-02, -1.0000e+00, +2.9836e-02, +8.2182e-02, +7.4614e-02, +3.6751e-02, +6.0033e-03, -1.2589e-02, +1.5218e-02, +2.3288e-02, +5.1423e-02, +1.9155e-02, -2.6869e-02, +2.0522e-02, +9.2403e-02, -3.9400e-03, +1.0246e-01, +5.7125e-02, +6.4865e-02, +9.2580e-02, +3.6219e-02, +6.5717e-02, -8.5499e-03, +3.0047e-02, +3.8703e-03, -4.1025e-02, +1.3148e-02, -1.0057e-01, +5.8563e-02, +1.4769e-02, -5.4330e-02, -4.5308e-02, -7.5076e-03, -1.9644e-03, -6.4863e-02, +1.2249e-01, -5.6063e-02, -3.5779e-02
+3.3443e-02, -2.2449e-02, +2.0687e-01, +4.1534e-02, -8.7774e-02, -1.7306e-01, +2.0251e-02, -3.2693e-02, -1.3402e-01, +5.4716e-02, -1.1214e-01, +3.1133e-02, +7.9479e-04, +2.9836e-02, -1.0000e+00, -6.5813e-03, -8.3377e-02, -7.4699e-02, -2.2750e-01, -4.5882e-02, -5.5515e-02, +3.0334e-02, -1.8719e-01, -8.8140e-02, +9.9074e-02, +2.2298e-02, -1.6689e-01, -3.4255e-02, -5.3769e-02, +4.8050e-02, -2.0854e-01, -1.0582e-02, -4.7356e-02, -6.6368e-03, -1.1577e-01, +1.6624e-02, +6.5766e-02, -3.5396e-02, +1.1941e-03, -6.7729e-02, -9.8948e-02, +3.9100e-02, -8.6348e-03, +1.0643e-02, -1.6129e-02, +1.7623e-03, -8.8454e-02, +3.5700e-01, +7.3417e-03, +9.3408e-02
+1.2322e-02, -3.8375e-02, +1.0687e-01, -4.6413e-02, -2.8188e-02, +6.9877e-02, -2.6664e-02, +2.6626e-02, -4.5905e-02, +5.1042e-03, +5.1694e-02, -1.1168e-01, +1.1307e-01, +8.2182e-02, -6.5813e-03, -1.0000e+00, -2.2479e-03, -1.6558e-02, +5.7828e-02, -1.8470e-03, -5.6891e-02, +3.3049e-02, +1.4218e-03, -2.0768e-02, -5.9040e-03, -2.8985e-02, +1.8740e-02, +5.1849e-02, +3.0241e-02, +2.9805e-02, +3.2914e-02, -2.9894e-02, -2.7729e-02, -1.2268e-02, +1.0495e-02, +2.4150e-03, +2.1128e-02, +4.1119e-02, -2.1981e-02, +1.0920e-02, +5.8119e-02, -5.4565e-02, -6.3825e-03, -5.2792e-03, -1.9592e-02, -3.1842e-02, +7.5497e-02, -2.0759e-02, -2.6409e-02, -2.2706e-02
+8.9592e-03, +1.0424e-01, +7.4114e-02, +7.0972e-02, +3.4472e-02, +2.7543e-02, +1.5232e-01, +4.6846e-02, +3.6851e-02, +8.0808e-02, +7.1280e-02, +2.3675e-01, +1.3174e-01, +7.4614e-02, -8.3377e-02, -2.2479e-03, -1.0000e+00, +1.8968e-02, +3.2739e-02, -4.4730e-02, -7.0519e-02, -7.4151e-03, +1.0235e-01, +2.3900e-02, +4.2565e-02, +3.0617e-02, +2.9788e-02, +2.9803e-02, +1.0258e-01, +7.1756e-02, +6.2381e-02, -8.7857e-02, -2.9903e-02, +1.2150e-02, -2.0076e-02, +2.5529e-02, +1.3027e-02, +1.8800e-03, +7.0354e-02, -6.5720e-02, -4.0203e-02, -8.1046e-03, +2.6433e-02, -5.7218e-03, +7.8323e-02, +3.4446e-02, +1.1063e-02, -5.2161e-02, -2.5932e-02, -1.6803e-02
+9.6339e-02, -1.6371e-02, -6.4611e-03, +1.1838e-03, -1.3641e-02, -3.3262e-02, +3.2814e-02, +7.2049e-03, -7.1108e-03, +3.7566e-02, -6.7363e-02, -5.2587e-02, -6.3654e-02, +3.6751e-02, -7.4699e-02, -1.6558e-02, +1.8968e-02, -1.0000e+00, +1.3471e-02, -3.1723e-02, -7.9279e-02, +4.0903e-02, +8.5783e-02, +4.7183e-02, +5.1249e-02, -8.6429e-04, -4.7858e-02, -6.1877e-02, -5.4742e-02, -4.9779e-02, -4.4265e-02, +2.8677e-02, -1.0706e-02, +7.2692e-03, +4.8493e-03, -1.3476e-02, +2.6120e-02, -4.6162e-02, +1.4891e-02, -2.6906e-02, -7.0940e-02, +1.6396e-02, -2.5832e-02, -1.5349e-02, -1.5637e-02, +3.0476e-03, -4.4974e-02, +4.7450e-02, -5.6903e-02, +2.7739e-02
+2.7887e-02, -2.5801e-02, +3.2191e-02, +1.7662e-02, -9.7793e-02, -1.5918e-01, -2.7854e-02, +6.3932e-03, -1.2593e-01, -1.8793e-02, -1.6869e-01, +7.1965e-02, -1.8125e-02, +6.0033e-03, -2.2750e-01, +5.7828e-02, +3.2739e-02, +1.3471e-02, -1.0000e+00, -3.3319e-02, -7.6245e-02, +7.8428e-02, +1.3903e-03, -8.5109e-02, +8.8235e-02, -1.0269e-01, -7.8474e-02, -8.1406e-02, -7.8550e-02, -7.6194e-02, -9.3155e-02, -2.3580e-02, -6.6804e-02, -1.2707e-02, -1.1375e-01, +1.9714e-02, +9.4314e-02, -8.9918e-02, -7.1282e-02, +9.9119e-02, -3.8361e-02, -1.5680e-02, -1.7944e-02, -2.3531e-03, -5.9450e-02, -1.7188e-02, -1.8594e-01, +3.6352e-01, +3.2289e-02, -5.0085e-02
+9.0985e-02, -1.0708e-01, -6.6224e-02, +4.1034e-02, +8.5911e-03, -5.0863e-02, +2.5569e-02, +3.4397e-02, -2.2760e-02, +1.5548e-02, +7.5751e-02, +5.9696e-02, +4.2888e-02, -1.2589e-02, -4.5882e-02, -1.8470e-03, -4.4730e-02, -3.1723e-02, -3.3319e-02, -1.0000e+00, +1.7498e-02, +1.1495e-02, -2.3842e-02, -2.8598e-02, -3.8237e-02, +1.8205e-02, -2.9817e-02, +6.3942e-02, -3.5725e-02, -3.0287e-02, -3.9071e-04, -3.4819e-02, -6.4003e-02, +2.7530e-02, -4.1255e-02, -1.3670e-02, +7.7820e-03, -3.5262e-03, -2.4124e-02, -1.3028e-01, -9.1276e-03, +2.8449e-02, +3.3405e-03, +3.6144e-02, +5.4719e-02, -2.0631e-03, -4.2388e-02, +8.8100e-02, -6.7245e-02, +1.2695e-01
+1.2076e-02, +3.8116e-02, -1.8485e-02, -4.4244e-02, -1.5650e-02, -1.1578e-01, -4.5881e-03, +3.2109e-03, -5.8212e-02, -1.5709e-02, -8.5291e-02, +4.5029e-02, -1.7564e-03, +1.5218e-02, -5.5515e-02, -5.6891e-02, -7.0519e-02, -7.9279e-02, -7.6245e-02, +1.7498e-02, -1.0000e+00, +6.5090e-04, -2.1934e-02, +3.2060e-04, +3.7498e-02, -2.2626e-02, -7.4557e-02, -4.7171e-02, -2.6483e-02, -2.7920e-02, -1.8725e-02, -7.6024e-03, -1.4905e-02, +3.7331e-03, -6.1242e-03, +2.7193e-02, +8.1513e-02, -9.5836e-02, -1.5846e-02, +5.6978e-02, -3.5492e-03, -2.7936e-04, +3.8033e-03, -1.0256e-01, -5.3592e-02, -5.8495e-02, -4.3701e-02, +6.5712e-02, +5.0927e-02, +2.5014e-02
-3.9784e-02, +5.3541e-03, +9.1886e-02, -2.2507e-02, -2.1142e-02, +1.3250e-02, +4.5352e-02, +1.8644e-02, +2.3890e-02, -1.7314e-03, +6.9899e-02, -9.5321e-02, +4.0471e-02, +2.3288e-02, +3.0334e-02, +3.3049e-02, -7.4151e-03, +4.0903e-02, +7.8428e-02, +1.1495e-02, +6.5092e-04, -1.0000e+00, -3.1646e-02, -2.3191e-02, -3.1801e-02, +4.1078e-02, +2.4572e-02, +2.6603e-02, -2.4801e-02, -2.2142e-02, +2.7475e-02, +9.3585e-03, -2.1671e-04, -2.2242e-02, +1.1399e-02, -5.9057e-02, -4.2304e-02, -1.4041e-02, +9.2622e-02, +3.9297e-02, +1.1054e-02, -3.1276e-02, +1.2001e-02, -4.3023e-02, +4.0249e-02, +1.1495e-02, +3.0346e-02, -3.9842e-02, -4.4498e-02, -4.2059e-02
-5.4216e-02, +1.0896e-01, +6.4203e-02, +1.9034e-02, +1.4637e-02, +9.1664e-04, -1.1615e-02, +2.6862e-02, +1.6461e-02, +1.1387e-01, +1.5810e-01, +2.2637e-01, +1.5740e-01, +5.1423e-02, -1.8719e-01, +1.4218e-03, +1.0235e-01, +8.5783e-02, +1.3903e-03, -2.3842e-02, -2.1934e-02, -3.1646e-02, -1.0000e+00, -1.2043e-02, +1.1375e-03, -3.5312e-02, -1.0610e-02, +3.4483e-02, +1.2801e-01, +9.1822e-02, +3.6485e-02, -1.1606e-01, -1.1054e-02, -5.2509e-03, +1.6525e-02, -2.3359e-02, +2.6603e-02, +1.9599e-02, +2.5840e-02, -7.6843e-03, -1.9232e-02, +5.7566e-02, +3.4953e-02, -6.3339e-02, +5.5942e-02, -2.0928e-02, -7.7902e-03, -1.0279e-01, -3.4121e-02, +4.9773e-02
+5.8001e-02, +1.0710e-02, +2.4675e-02, +1.8664e-02, -1.1483e-02, -3.1822e-02, -3.8506e-02, +5.7495e-02, -8.4595e-02, -1.1148e-01, -1.1865e-02, +7.6867e-02, -4.8332e-02, +1.9155e-02, -8.8140e-02, -2.0768e-02, +2.3900e-02, +4.7183e-02, -8.5109e-02, -2.8598e-02, +3.2060e-04, -2.3191e-02, -1.2043e-02, -1.0000e+00, +7.1859e-02, -4.6174e-02, -9.0807e-02, -1.7062e-02, +8.6814e-02, -8.1749e-03, -1.7707e-01, -5.6246e-03, -1.7025e-02, +8.3087e-03, -5.7507e-02, +5.4628e-03, -1.9683e-02, +1.4035e-02, -3.8043e-02, +8.4777e-02, +6.0361e-02, -8.0874e-03, +3.9149e-02, +2.4502e-02, -1.9929e-02, -8.5591e-02, -9.9827e-02, +2.3341e-01, +4.8040e-02, -1.7386e-02
-1.0981e-01, -5.9990e-02, +1.6309e-02, -2.4040e-02, +7.9179e-02, +4.1856e-02, -1.0606e-02, +1.3270e-03, -5.4281e-02, +2.6797e-02, +6.5566e-02, -1.0007e-01, +3.2197e-02, -2.6869e-02, +9.9074e-02, -5.9040e-03, +4.2565e-02, +5.1249e-02, +8.8235e-02, -3.8237e-02, +3.7498e-02, -3.1801e-02, +1.1375e-03, +7.1859e-02, -1.0000e+00, +8.4927e-02, +1.0224e-01, -1.2182e-02, +1.1684e-01, +9.9366e-03, -1.6075e-02, -2.8867e-02, +1.3854e-02, -9.9570e-02, -2.1772e-02, -5.4613e-02, +1.6075e-02, -2.5020e-02, -1.3649e-02, -3.8913e-02, -1.6699e-02, -6.1474e-02, -7.5717e-02, +1.3013e-02, +8.2222e-03, +1.1357e-02, +4.3489e-02, +2.9325e-02, -6.5504e-03, +1.0255e-02
-2.0682e-02, +2.9545e-02, -3.1096e-02, -1.2272e-01, -1.8296e-02, -3.5774e-02, +2.9445e-02, +5.1584e-02, -1.7981e-02, +9.1026e-02, -1.8125e-01, +3.6177e-02, -1.2355e-01, +2.0522e-02, +2.2298e-02, -2.8985e-02, +3.0617e-02, -8.6428e-04, -1.0269e-01, +1.8205e-02, -2.2626e-02, +4.1078e-02, -3.5312e-02, -4.6174e-02, +8.4927e-02, -1.0000e+00, -6.0972e-02, +1.8828e-03, -6.1249e-02, -1.0060e-02, -3.1453e-02, -3.2983e-02, -2.4292e-02, -1.9350e-02, +7.6816e-03, -3.0485e-02, +6.6483e-03, +5.1688e-02, +1.0088e-02, +9.8981e-02, -7.0829e-02, -3.5964e-03, +8.7004e-02, -8.5566e-02, -7.8857e-02, -1.0165e-02, -1.3261e-01, +1.9203e-01, +6.6437e-02, -6.2990e-02
-9.1026e-02, -7.3986e-02, +9.8112e-03, +7.6304e-02, -2.8367e-02, -1.4820e-01, -2.1703e-02, +5.6865e-02, -2.2960e-01, -1.9766e-02, -1.1035e-01, +2.0734e-02, +1.2760e-02, +9.2403e-02, -1.6689e-01, +1.8740e-02, +2.9788e-02, -4.7858e-02, -7.8474e-02, -2.9817e-02, -7.4557e-02, +2.4572e-02, -1.0610e-02, -9.0807e-02, +1.0224e-01, -6.0971e-02, -1.0000e+00, -1.4811e-01, -1.6576e-01, -1.1530e-02, -1.6444e-01, -3.9611e-02, -3.8608e-02, +2.4218e-03, -3.2356e-02, +2.4548e-02, +4.8417e-02, -4.5302e-02, -5.3533e-02, +5.9112e-02, -5.2911e-02, +4.0447e-02, +1.0576e-01, +4.4791e-02, -1.5712e-02, -1.0014e-01, -1.5585e-01, +2.9192e-01, +5.4989e-02, +2.5307e-02
-5.1188e-02, -6.4195e-02, -4.2981e-02, -2.5495e-02, -5.9663e-02, -9.7022e-02, +4.7176e-02, +2.2089e-03, -2.4891e-03, +5.8646e-02, -6.6433e-02, +2.1937e-02, -5.8411e-02, -3.9400e-03, -3.4255e-02, +5.1849e-02, +2.9803e-02, -6.1877e-02, -8.1406e-02, +6.3942e-02, -4.7171e-02, +2.6603e-02, +3.4483e-02, -1.7062e-02, -1.2182e-02, +1.8828e-03, -1.4811e-01, -1.0000e+00, -4.1216e-02, +3.8833e-02, -6.5131e-02, +1.4429e-03, +2.7801e-03, -1.5948e-02, -5.4469e-02, -5.6074e-03, +1.0636e-01, -2.3750e-02, -4.1775e-02, +3.4472e-02, +2.2639e-02, +3.0126e-02, -9.5552e-03, +4.2703e-02, -2.9014e-02, -6.5924e-02, -6.0283e-02, +1.4864e-01, +6.1996e-03, -2.8573e-02
+1.9015e-02, -4.4753e-02, +3.0079e-03, -6.9851e-02, -3.2839e-02, -7.7830e-02, +4.3651e-02, -5.6991e-03, +2.1070e-02, +1.1118e-01, -5.2602e-02, -1.5734e-01, -7.6075e-02, +1.0246e-01, -5.3769e-02, +3.0241e-02, +1.0258e-01, -5.4742e-02, -7.8550e-02, -3.5725e-02, -2.6483e-02, -2.4801e-02, +1.2801e-01, +8.6814e-02, +1.1684e-01, -6.1249e-02, -1.6576e-01, -4.1216e-02, -1.0000e+00, -8.4693e-02, -9.3267e-02, +8.4826e-03, -2.3638e-02, -1.4604e-02, -5.4210e-02, +1.7317e-02, +2.4534e-02, -7.6772e-02, +6.7741e-03, +3.4434e-02, -4.2636e-03, -2.9539e-03, +5.0175e-02, +5.9219e-02, -5.1546e-02, +3.8976e-02, -5.0624e-02, +1.0826e-01, +3.4209e-03, -4.9289e-02
+2.1246e-02, -9.5647e-02, -3.0826e-02, -1.3367e-01, -2.0635e-02, +7.0961e-03, -2.5228e-02, +3.0443e-03, +5.9993e-02, +5.2546e-02, -1.7085e-02, -5.6006e-02, -4.3404e-02, +5.7125e-02, +4.8050e-02, +2.9805e-02, +7.1756e-02, -4.9779e-02, -7.6194e-02, -3.0287e-02, -2.7920e-02, -2.2142e-02, +9.1822e-02, -8.1749e-03, +9.9366e-03, -1.0060e-02, -1.1530e-02, +3.8833e-02, -8.4693e-02, -1.0000e+00, +4.9625e-02, +1.6702e-02, +3.5518e-02, +1.0796e-02, +4.6574e-02, +2.2015e-02, +1.0427e-01, +6.2359e-02, -5.0373e-02, -5.8701e-02, +3.1811e-02, -3.2612e-02, +6.3756e-02, +2.1082e-02, +6.5040e-03, +2.2861e-02, -4.6745e-02, +1.8935e-02, +4.7914e-02, +4.4476e-02
-1.1663e-01, -3.9284e-02, +6.6897e-02, +4.6188e-03, -9.9250e-03, -1.4769e-01, -1.8741e-02, -5.1759e-02, -1.6282e-01, -5.6958e-02, -1.5025e-01, +2.2959e-02, -1.0360e-01, +6.4865e-02, -2.0854e-01, +3.2914e-02, +6.2381e-02, -4.4265e-02, -9.3155e-02, -3.9071e-04, -1.8725e-02, +2.7475e-02, +3.6485e-02, -1.7707e-01, -1.6075e-02, -3.1453e-02, -1.6444e-01, -6.5131e-02, -9.3267e-02, +4.9625e-02, -1.0000e+00, +2.2407e-02, -3.1952e-02, -5.3009e-03, -5.9546e-02, +2.7350e-02, -9.6215e-03, -6.5721e-02, +4.7018e-02, +1.0461e-01, -1.8565e-01, +1.0540e-02, -2.0606e-02, +5.8910e-02, -7.3208e-02, +1.2279e-02, -1.2331e-01, +4.5022e-01, +4.3492e-02, -4.0261e-02
+5.4284e-02, -2.3280e-03, -7.8813e-02, -6.5147e-02, +2.1189e-02, -4.3082e-02, -4.7276e-02, +5.7793e-03, -4.1905e-02, +1.2268e-02, -2.9918e-02, +1.4330e-01, +8.1076e-02, +9.2580e-02, -1.0582e-02, -2.9894e-02, -8.7857e-02, +2.8677e-02, -2.3580e-02, -3.4819e-02, -7.6024e-03, +9.3585e-03, -1.1606e-01, -5.6246e-03, -2.8867e-02, -3.2983e-02, -3.9611e-02, +1.4429e-03, +8.4826e-03, +1.6702e-02, +2.2407e-02, -1.0000e+00, -1.2605e-02, +1.7207e-02, -3.3160e-02, -3.4487e-02, -4.8789e-02, -2.0105e-02, +2.5362e-02, -2.3139e-02, -1.8271e-02, +1.0694e-01, +4.0241e-02, -1.9815e-02, +2.3474e-02, +4.5285e-02, +1.4395e-02, -1.0718e-02, +4.4894e-02, +5.0803e-02
-2.0245e-03, -4.0789e-02, +7.3602e-03, +5.1260e-02, +1.2597e-03, -8.9679e-02, +3.6796e-02, +1.4750e-02, -4.5651e-02, +1.4223e-02, -4.6114e-03, +2.4398e-02, -8.7618e-03, +3.6219e-02, -4.7356e-02, -2.7729e-02, -2.9903e-02, -1.0706e-02, -6.6804e-02, -6.4003e-02, -1.4905e-02, -2.1670e-04, -1.1054e-02, -1.7025e-02, +1.3854e-02, -2.4292e-02, -3.8608e-02, +2.7801e-03, -2.3638e-02, +3.5518e-02, -3.1952e-02, -1.2605e-02, -1.0000e+00, +3.3668e-02, -7.4708e-02, +1.6658e-02, -9.3665e-03, -1.9341e-02, -1.5378e-03, +6.4777e-03, -2.4439e-02, -4.4136e-02, -2.5691e-02, -4.1061e-03, +1.1601e-02, +1.7001e-02, -2.5132e-02, +4.9574e-02, +4.2110e-02, +5.9475e-03
-4.6117e-02, -6.0968e-02, +3.0558e-02, -1.0256e-02, -1.9495e-02, -1.9369e-02, +1.6808e-02, -2.7659e-02, -9.3209e-03, +4.5197e-03, -4.3944e-02, +3.4592e-02, -4.1364e-02, +6.5717e-02, -6.6369e-03, -1.2268e-02, +1.2150e-02, +7.2692e-03, -1.2707e-02, +2.7530e-02, +3.7331e-03, -2.2242e-02, -5.2509e-03, +8.3087e-03, -9.9570e-02, -1.9350e-02, +2.4218e-03, -1.5948e-02, -1.4604e-02, +1.0796e-02, -5.3009e-03, +1.7207e-02, +3.3668e-02, -1.0000e+00, -1.6835e-02, -2.5888e-03, -9.6034e-03, -4.4444e-03, -2.7932e-02, +7.8207e-02, -5.8600e-05, -1.4243e-02, +1.1816e-01, +7.8528e-03, -2.0274e-02, +3.1845e-03, +5.6075e-02, -3.8381e-02, +1.9721e-03, -3.4662e-02
-5.3110e-02, -7.7082e-02, +6.5539e-02, +3.2648e-02, -2.0703e-02, -3.3471e-02, -2.8563e-02, -4.1048e-02, -9.3374e-02, +1.1630e-02, -5.3975e-02, +4.0995e-02, +3.4818e-02, -8.5499e-03, -1.1577e-01, +1.0495e-02, -2.0076e-02, +4.8493e-03, -1.1375e-01, -4.1255e-02, -6.1243e-03, +1.1399e-02, +1.6525e-02, -5.7507e-02, -2.1772e-02, +7.6816e-03, -3.2356e-02, -5.4469e-02, -5.4210e-02, +4.6574e-02, -5.9546e-02, -3.3160e-02, -7.4708e-02, -1.6835e-02, -1.0000e+00, -2.1400e-04, +3.0578e-02, -7.6509e-02, +2.9196e-02, -3.1492e-02, +3.2174e-02, +4.9270e-03, -4.8066e-02, +2.7466e-02, -3.5307e-02, -9.0358e-03, -1.6312e-02, +1.8776e-01, +2.4339e-02, +5.5490e-02
+3.1859e-02, -4.0333e-02, +3.1795e-02, -1.7556e-02, +2.5149e-02, -4.6423e-04, +1.6552e-03, -1.3999e-02, -1.9813e-02, +1.0429e-02, +7.8905e-02, -8.7681e-03, +4.9929e-02, +3.0047e-02, +1.6624e-02, +2.4150e-03, +2.5529e-02, -1.3476e-02, +1.9714e-02, -1.3670e-02, +2.7193e-02, -5.9057e-02, -2.3359e-02, +5.4628e-03, -5.4613e-02, -3.0485e-02, +2.4548e-02, -5.6074e-03, +1.7317e-02, +2.2015e-02, +2.7350e-02, -3.4487e-02, +1.6658e-02, -2.5888e-03, -2.1400e-04, -1.0000e+00, +4.5379e-02, +4.2489e-02, +1.9583e-02, -1.3100e-02, -4.7468e-03, +1.3913e-03, +3.0639e-02, +2.3039e-03, -5.5390e-03, +4.9512e-03, +3.4859e-02, -8.5243e-02, -4.9782e-02, +2.4457e-02
+1.1305e-02, +1.2167e-02, +4.5037e-02, -3.7674e-02, +3.7610e-02, -2.4864e-02, -7.1465e-02, -1.7377e-02, +3.1386e-02, -8.9378e-03, +3.5326e-02, -4.3115e-02, +5.4975e-03, +3.8703e-03, +6.5766e-02, +2.1128e-02, +1.3027e-02, +2.6120e-02, +9.4314e-02, +7.7820e-03, +8.1513e-02, -4.2304e-02, +2.6603e-02, -1.9683e-02, +1.6075e-02, +6.6483e-03, +4.8417e-02, +1.0636e-01, +2.4534e-02, +1.0427e-01, -9.6215e-03, -4.8789e-02, -9.3665e-03, -9.6034e-03, +3.0578e-02, +4.5379e-02, -1.0000e+00, +1.7474e-02, +3.3562e-02, +1.2083e-02, -3.2487e-02, -4.3932e-02, -4.7173e-03, +2.1321e-02, -2.8743e-03, +3.3925e-02, +3.6594e-02, -6.9029e-02, -1.9456e-02, -2.2230e-02
-7.9246e-02, +9.2486e-04, +5.0916e-02, +4.2799e-02, +8.7506e-02, -5.1595e-02, +7.0776e-03, -5.5751e-02, +4.3451e-03, +2.8625e-02, -1.0978e-01, -6.0261e-02, +7.0942e-02, -4.1025e-02, -3.5396e-02, +4.1119e-02, +1.8800e-03, -4.6162e-02, -8.9918e-02, -3.5262e-03, -9.5836e-02, -1.4041e-02, +1.9599e-02, +1.4035e-02, -2.5020e-02, +5.1688e-02, -4.5302e-02, -2.3750e-02, -7.6772e-02, +6.2359e-02, -6.5721e-02, -2.0105e-02, -1.9341e-02, -4.4444e-03, -7.6509e-02, +4.2489e-02, +1.7474e-02, -1.0000e+00, -5.9945e-02, +9.8113e-02, -7.9126e-02, +4.1335e-02, -8.7445e-02, +9.6594e-03, +3.7403e-02, -5.4810e-02, -4.5235e-02, +1.5309e-01, +2.2818e-03, -1.2311e-01
-1.7551e-02, -8.9837e-02, -4.7028e-02, -1.6587e-02, +6.4671e-02, +6.2916e-03, -5.8766e-02, -2.8480e-03, -4.7104e-02, +5.1118e-02, +8.8011e-03, -1.3747e-02, -3.4566e-02, +1.3148e-02, +1.1941e-03, -2.1981e-02, +7.0354e-02, +1.4891e-02, -7.1282e-02, -2.4124e-02, -1.5846e-02, +9.2622e-02, +2.5840e-02, -3.8043e-02, -1.3649e-02, +1.0088e-02, -5.3533e-02, -4.1775e-02, +6.7741e-03, -5.0373e-02, +4.7018e-02, +2.5362e-02, -1.5378e-03, -2.7932e-02, +2.9196e-02, +1.9583e-02, +3.3562e-02, -5.9945e-02, -1.0000e+00, -2.9002e-02, -4.7762e-02, -7.8369e-02, -3.5362e-02, -3.9988e-03, -2.4342e-02, -5.4573e-02, -2.7814e-02, +8.1051e-02, +2.7645e-03, +5.6242e-02
-7.5744e-02, -1.9121e-01, -9.3305e-02, -5.8311e-02, -2.3359e-02, +4.8860e-04, -6.3914e-02, -1.1781e-01, -5.3380e-02, +6.7778e-02, +1.6682e-01, -8.6903e-03, +1.9797e-02, -1.0057e-01, -6.7729e-02, +1.0920e-02, -6.5720e-02, -2.6906e-02, +9.9119e-02, -1.3028e-01, +5.6978e-02, +3.9297e-02, -7.6843e-03, +8.4777e-02, -3.8913e-02, +9.8981e-02, +5.9112e-02, +3.4472e-02, +3.4434e-02, -5.8701e-02, +1.0461e-01, -2.3139e-02, +6.4777e-03, +7.8207e-02, -3.1492e-02, -1.3100e-02, +1.2083e-02, +9.8113e-02, -2.9002e-02, -1.0000e+00, +9.9956e-03, +4.7748e-02, -1.2228e-01, -7.6994e-02, +3.8753e-02, +4.5668e-02, -2.7829e-02, -3.9746e-02, -6.5426e-02, +8.3807e-01
-4.9583e-03, -8.5253e-02, +6.5428e-02, -1.2742e-02, +4.8270e-02, -6.1935e-02, -4.5237e-02, -6.2195e-02, -5.8604e-02, +4.1968e-02, -1.2098e-01, -4.1349e-02, -3.0903e-02, +5.8563e-02, -9.8948e-02, +5.8119e-02, -4.0203e-02, -7.0940e-02, -3.8361e-02, -9.1276e-03, -3.5492e-03, +1.1054e-02, -1.9232e-02, +6.0361e-02, -1.6699e-02, -7.0829e-02, -5.2911e-02, +2.2639e-02, -4.2636e-03, +3.1811e-02, -1.8565e-01, -1.8271e-02, -2.4439e-02, -5.8601e-05, +3.2174e-02, -4.7468e-03, -3.2487e-02, -7.9126e-02, -4.7762e-02, +9.9956e-03, -1.0000e+00, -3.9825e-02, +3.7771e-02, +1.9545e-02, -1.1817e-02, +1.0963e-01, -5.0239e-02, +1.3485e-01, +7.4138e-03, +5.5091e-03
+2.7362e-02, -2.1749e-02, +2.1548e-02, -6.5901e-02, +2.4938e-02, +5.1986e-03, -6.7630e-02, -1.2600e-03, +4.3540e-03, +1.9977e-04, -7.5332e-02, -8.6752e-02, -5.9522e-02, +1.4769e-02, +3.9100e-02, -5.4565e-02, -8.1045e-03, +1.6396e-02, -1.5680e-02, +2.8450e-02, -2.7937e-04, -3.1276e-02, +5.7566e-02, -8.0874e-03, -6.1474e-02, -3.5964e-03, +4.0447e-02, +3.0126e-02, -2.9539e-03, -3.2612e-02, +1.0540e-02, +1.0694e-01, -4.4136e-02, -1.4243e-02, +4.9270e-03, +1.3913e-03, -4.3932e-02, +4.1335e-02, -7.8369e-02, +4.7748e-02, -3.9825e-02, -1.0000e+00, +3.6549e-03, +1.3780e-02, +2.9171e-02, +1.6180e-02, +6.2105e-03, -5.2753e-02, +2.8555e-02, -7.5408e-03
+1.5855e-02, -2.2963e-02, -2.2539e-02, -2.5216e-02, +4.7385e-02, +4.0406e-03, -1.5689e-01, +3.6849e-03, +6.2196e-02, +4.4667e-02, +3.3038e-02, -9.7601e-03, +2.5312e-03, -5.4330e-02, -8.6349e-03, -6.3825e-03, +2.6433e-02, -2.5832e-02, -1.7944e-02, +3.3405e-03, +3.8033e-03, +1.2001e-02, +3.4953e-02, +3.9149e-02, -7.5717e-02, +8.7004e-02, +1.0576e-01, -9.5552e-03, +5.0175e-02, +6.3756e-02, -2.0606e-02, +4.0241e-02, -2.5691e-02, +1.1816e-01, -4.8066e-02, +3.0639e-02, -4.7173e-03, -8.7445e-02, -3.5362e-02, -1.2228e-01, +3.7771e-02, +3.6549e-03, -1.0000e+00, -7.2444e-02, +1.2791e-02, +6.7357e-02, +1.1641e-02, +1.0405e-02, +3.0848e-02, +3.1290e-02
+9.0932e-02, +1.3430e-02, -6.6910e-02, -1.8039e-02, -2.9614e-02, +4.8176e-02, +2.8986e-02, -2.7423e-02, +2.8229e-02, -2.8597e-02, +1.3392e-02, +3.2467e-02, -1.6978e-02, -4.5308e-02, +1.0643e-02, -5.2792e-03, -5.7218e-03, -1.5349e-02, -2.3531e-03, +3.6144e-02, -1.0256e-01, -4.3023e-02, -6.3339e-02, +2.4502e-02, +1.3013e-02, -8.5566e-02, +4.4791e-02, +4.2703e-02, +5.9219e-02, +2.1082e-02, +5.8910e-02, -1.9815e-02, -4.1061e-03, +7.8528e-03, +2.7466e-02, +2.3039e-03, +2.1321e-02, +9.6594e-03, -3.9987e-03, -7.6994e-02, +1.9545e-02, +1.3780e-02, -7.2444e-02, -1.0000e+00, +2.4824e-02, +4.4918e-02, -1.0650e-02, +3.2819e-02, -5.7696e-02, +6.4031e-02
+1.0425e-02, -6.5785e-02, +5.0378e-02, -3.7182e-02, -5.2142e-02, +1.2239e-02, -1.3161e-02, -8.5410e-02, +2.9837e-02, +3.8485e-02, -4.5505e-02, +2.8136e-02, -1.8172e-01, -7.5075e-03, -1.6129e-02, -1.9592e-02, +7.8323e-02, -1.5637e-02, -5.9450e-02, +5.4719e-02, -5.3592e-02, +4.0250e-02, +5.5942e-02, -1.9929e-02, +8.2222e-03, -7.8857e-02, -1.5712e-02, -2.9014e-02, -5.1546e-02, +6.5040e-03, -7.3208e-02, +2.3474e-02, +1.1601e-02, -2.0274e-02, -3.5307e-02, -5.5390e-03, -2.8743e-03, +3.7403e-02, -2.4342e-02, +3.8753e-02, -1.1817e-02, +2.9171e-02, +1.2791e-02, +2.4824e-02, -1.0000e+00, -4.0363e-02, -8.6576e-02, +1.8493e-01, +5.3131e-02, -6.0549e-02
-2.2765e-02, +3.5356e-02, +2.6888e-02, -2.7071e-02, -2.2085e-02, -5.2672e-05, -8.0305e-02, +1.0134e-01, -9.1217e-02, +8.5388e-02, +5.6123e-02, +1.9194e-02, -2.1037e-02, -1.9644e-03, +1.7623e-03, -3.1842e-02, +3.4446e-02, +3.0476e-03, -1.7188e-02, -2.0631e-03, -5.8495e-02, +1.1495e-02, -2.0928e-02, -8.5591e-02, +1.1357e-02, -1.0165e-02, -1.0014e-01, -6.5924e-02, +3.8976e-02, +2.2861e-02, +1.2279e-02, +4.5285e-02, +1.7001e-02, +3.1845e-03, -9.0358e-03, +4.9512e-03, +3.3925e-02, -5.4810e-02, -5.4573e-02, +4.5668e-02, +1.0963e-01, +1.6180e-02, +6.7357e-02, +4.4918e-02, -4.0363e-02, -1.0000e+00, -7.5166e-02, +5.8082e-02, +2.3334e-02, -1.7316e-02
+3.2684e-02, +4.0291e-02, +2.6246e-02, -1.2116e-02, -1.1338e-02, -1.9396e-01, -1.4074e-03, -1.6449e-03, -8.3695e-03, +6.8639e-02, -1.3547e-01, +1.1569e-01, -6.4201e-02, -6.4863e-02, -8.8454e-02, +7.5497e-02, +1.1063e-02, -4.4974e-02, -1.8594e-01, -4.2388e-02, -4.3701e-02, +3.0346e-02, -7.7902e-03, -9.9827e-02, +4.3489e-02, -1.3261e-01, -1.5585e-01, -6.0283e-02, -5.0624e-02, -4.6745e-02, -1.2331e-01, +1.4395e-02, -2.5132e-02, +5.6075e-02, -1.6312e-02, +3.4859e-02, +3.6594e-02, -4.5235e-02, -2.7814e-02, -2.7829e-02, -5.0239e-02, +6.2105e-03, +1.1641e-02, -1.0650e-02, -8.6576e-02, -7.5166e-02, -1.0000e+00, +2.6090e-01, +7.5888e-02, +3.8380e-02
+2.7520e-01, +2.2848e-01, -5.2692e-02, +2.5237e-02, +2.0584e-01, +2.3497e-01, +1.7965e-02, +6.7021e-02, +3.9154e-01, -2.7767e-02, +2.8202e-01, -1.0403e-01, +1.5857e-01, +1.2249e-01, +3.5700e-01, -2.0759e-02, -5.2161e-02, +4.7450e-02, +3.6352e-01, +8.8100e-02, +6.5712e-02, -3.9842e-02, -1.0279e-01, +2.3341e-01, +2.9325e-02, +1.9203e-01, +2.9192e-01, +1.4864e-01, +1.0826e-01, +1.8935e-02, +4.5022e-01, -1.0718e-02, +4.9574e-02, -3.8381e-02, +1.8776e-01, -8.5243e-02, -6.9029e-02, +1.5309e-01, +8.1051e-02, -3.9746e-02, +1.3485e-01, -5.2753e-02, +1.0405e-02, +3.2819e-02, +1.8493e-01, +5.8082e-02, +2.6090e-01, -1.0000e+00, -9.0895e-02, -6.1180e-03
+3.3302e-02, +3.2606e-02, +2.7241e-02, +3.8859e-02, -4.4247e-02, +1.0769e-01, +2.2716e-02, +8.4117e-02, -4.0601e-02, -4.4389e-03, +7.0742e-02, -5.5345e-02, +3.2751e-02, -5.6063e-02, +7.3417e-03, -2.6409e-02, -2.5932e-02, -5.6903e-02, +3.2289e-02, -6.7245e-02, +5.0927e-02, -4.4498e-02, -3.4121e-02, +4.8040e-02, -6.5504e-03, +6.6437e-02, +5.4989e-02, +6.1996e-03, +3.4209e-03, +4.7914e-02, +4.3492e-02, +4.4894e-02, +4.2110e-02, +1.9721e-03, +2.4339e-02, -4.9782e-02, -1.9456e-02, +2.2818e-03, +2.7645e-03, -6.5426e-02, +7.4138e-03, +2.8555e-02, +3.0848e-02, -5.7696e-02, +5.3131e-02, +2.3334e-02, +7.5888e-02, -9.0895e-02, -1.0000e+00, +6.7015e-02
+6.7438e-02, +1.7912e-01, -7.2746e-03, +5.0410e-02, -1.7253e-02, +2.1734e-03, +9.9598e-02, +6.3697e-02, +4.1417e-01, +8.2485e-02, -7.4409e-02, +5.4577e-02, -4.2963e-02, -3.5779e-02, +9.3408e-02, -2.2706e-02, -1.6803e-02, +2.7739e-02, -5.0085e-02, +1.2695e-01, +2.5014e-02, -4.2059e-02, +4.9773e-02, -1.7386e-02, +1.0255e-02, -6.2990e-02, +2.5307e-02, -2.8573e-02, -4.9289e-02, +4.4476e-02, -4.0261e-02, +5.0803e-02, +5.9475e-03, -3.4662e-02, +5.5490e-02, +2.4457e-02, -2.2230e-02, -1.2311e-01, +5.6242e-02, +8.3807e-01, +5.5091e-03, -7.5408e-03, +3.1290e-02, +6.4031e-02, -6.0549e-02, -1.7316e-02, +3.8380e-02, -6.1180e-03, +6.7015e-02, -1.0000e+00
