-1.0000e+00, +6.0322e-02, +5.4322e-03, -4.2854e-02, +2.4056e-02, +1.8710e-02, -9.1396e-03, +3.2661e-02, -1.2737e-01, -2.7899e-02, -2.3903e-03, -4.6105e-02, +4.8799e-02, -7.2832e-02, -1.0743e-02, +3.7428e-02, +3.4155e-02, +2.2098e-02, +5.1180e-04, +6.6155e-03, +3.7220e-02, -9.7773e-03, +1.5668e-02, +2.0782e-02, +3.0125e-02, +1.2516e-02, +1.3753e-03, -1.1019e-02, +2.2863e-02, +1.2927e-02, -2.5242e-03, -8.2828e-03, +1.7570e-02, -2.1821e-02, -2.0945e-02, -1.6761e-02, +2.5906e-02, +3.1297e-02, -6.6883e-02, +4.1091e-02, +1.8551e-02, +1.0133e-01, +2.3355e-02, +2.4405e-02, +3.6876e-02, +8.6157e-03, -1.3420e-01, +5.1231e-05, +3.9967e-02, -3.9461e-02
+6.0322e-02, -1.0000e+00, -3.9010e-02, -3.1402e-02, +1.4343e-02, +4.4754e-02, +2.2714e-02, -7.6749e-02, +2.0158e-02, -3.0453e-02, -1.8057e-02, +2.2833e-02, -4.2046e-02, +7.6144e-02, +5.0138e-03, -8.3091e-03, +4.4752e-02, -8.6199e-03, +4.8319e-02, +1.4795e-02, +1.1707e-02, +4.6670e-02, +4.4858e-02, +6.9116e-02, +1.1805e-02, +2.0234e-02, +2.8607e-02, +3.1333e-02, +1.3459e-02, -4.1957e-02, -2.4744e-02, +6.2725e-02, -1.0120e-02, +1.1992e-01, +5.0800e-02, +2.4259e-02, +8.7429e-02, +2.4817e-02, +8.6538e-03, -3.0591e-02, +4.1493e-02, -5.6565e-02, +7.6603e-02, -5.6572e-02, +7.8910e-02, +1.7709e-02, +1.0624e-01, -3.6607e-02, +1.3829e-02, -1.6262e-02
+5.4322e-03, -3.9010e-02, -1.0000e+00, +9.0305e-02, +6.4140e-02, -4.3821e-03, +3.4907e-02, -3.0457e-02, -3.0188e-02, -1.5997e-01, +6.4769e-02, +5.7976e-03, +4.1841e-03, +1.9923e-02, +3.7850e-02, -4.2141e-04, -5.1296e-02, +3.3202e-02, +5.9304e-02, -1.3264e-01, -3.5822e-03, -2.3840e-02, -5.8990e-02, +2.0855e-02, -4.0150e-02, -3.2110e-02, -7.2961e-02, +1.9272e-02, -3.3988e-02, +2.9628e-02, +1.0373e-02, -2.8291e-02, -2.5928e-02, -1.3372e-02, +1.1865e-02, -2.5984e-02, -8.9277e-02, +4.1966e-04, +8.8635e-03, -1.3511e-01, +2.6348e-02, +1.8228e-02, -9.5384e-03, -1.0045e-01, -7.2338e-02, -7.9096e-03, -4.3875e-02, +4.0763e-02, +5.6936e-03, -1.6840e-02
-4.2854e-02, -3.1402e-02, +9.0305e-02, -1.0000e+00, -2.3112e-02, -4.3838e-02, -1.0885e-01, +3.8296e-02, +1.0332e-01, +2.9736e-02, +2.6585e-03, +6.1292e-02, -9.4683e-03, +9.5726e-02, -3.7372e-02, -7.6472e-02, +5.6658e-03, +3.3900e-02, -3.3972e-03, -3.7834e-02, -1.3963e-02, -9.1723e-02, -7.8512e-02, -1.0798e-01, -1.1406e-01, -6.1932e-02, -1.0444e-01, -1.2321e-01, -3.5284e-02, +4.8994e-02, -1.0527e-02, -4.2975e-02, -8.3813e-02, +4.9354e-02, -4.3731e-02, -2.4600e-02, +8.5877e-02, -7.8271e-02, -9.3615e-02, -6.7824e-02, +3.0881e-02, +4.8133e-02, +6.5986e-02, -9.0638e-02, -1.3284e-01, -1.2145e-01, -1.1777e-01, -8.0679e-02, -4.2881e-02, +8.5726e-02
+2.4056e-02, +1.4343e-02, +6.4140e-02, -2.3112e-02, -1.0000e+00, -8.0386e-02, -2.0286e-02, +4.4341e-02, -1.3630e-02, -2.3640e-02, -1.2062e-02, -6.1416e-02, -9.3209e-02, +4.2073e-02, +2.9449e-03, -3.9382e-02, -1.3635e-02, +6.1375e-02, -5.9643e-02, -1.1028e-02, +4.7815e-02, -2.9567e-02, -2.0709e-02, -1.0250e-01, +5.5457e-02, -4.3233e-02, -5.0631e-02, -4.6198e-02, -8.6815e-02, +1.5930e-02, +1.1820e-01, +1.7496e-02, -1.3742e-02, -7.5330e-02, -7.6613e-02, +9.4889e-02, -2.1727e-02, +4.7002e-02, -2.9420e-02, +2.2946e-02, -4.8494e-02, +1.1017e-01, +9.6109e-02, -1.8690e-02, +1.7705e-03, -3.5778e-02, -2.3316e-02, +7.4463e-02, +1.8273e-02, +1.0581e-01
+1.8710e-02, +4.4754e-02, -4.3821e-03, -4.3838e-02, -8.0386e-02, -1.0000e+00, +3.4479e-02, +8.1839e-02, +7.9838e-02, +4.8840e-02, -1.1965e-01, +1.1203e-01, +5.3337e-02, -5.8819e-03, -1.2958e-01, +4.4308e-02, -1.2775e-01, -3.0425e-02, -9.3271e-02, -1.0826e-01, -4.3332e-02, -2.2488e-02, +6.3282e-03, +7.9287e-04, +6.0349e-02, -7.4848e-02, -5.4812e-02, +4.4443e-03, -1.7492e-02, -4.1448e-02, +2.6968e-03, -9.9860e-02, -3.4694e-02, -7.4486e-02, +4.4790e-03, -7.0673e-03, +1.2186e-01, -7.8419e-02, -3.6552e-02, +1.8193e-02, +5.8428e-03, +3.0677e-02, +5.6151e-02, -6.9478e-02, +6.6759e-02, +3.9853e-02, -1.7053e-01, -9.5096e-02, -3.0742e-03, +1.0736e-01
-9.1396e-03, +2.2714e-02, +3.4907e-02, -1.0885e-01, -2.0286e-02, +3.4479e-02, -1.0000e+00, +3.8603e-02, -3.3746e-03, -3.6979e-03, +2.6886e-02, -1.1434e-02, -6.7827e-03, +8.0680e-02, -1.3452e-02, -4.7332e-02, +4.0450e-02, -4.6631e-03, -1.1684e-02, -3.7463e-02, -2.8451e-03, -4.9793e-02, -1.0212e-01, -5.0515e-02, -5.1179e-02, -2.4121e-02, +3.5098e-03, -4.5577e-02, -3.7375e-02, +2.4057e-02, +2.6143e-02, +2.1954e-02, -5.0744e-02, +7.9080e-03, -3.8985e-02, +3.0337e-02, +6.6012e-02, +3.5799e-02, -1.2675e-02, -1.1381e-02, -1.0913e-02, -2.6040e-02, +7.0627e-02, -7.7556e-02, -1.2872e-01, -1.7874e-02, +1.9933e-02, -7.8833e-03, +1.4595e-02, -5.0949e-03
+3.2661e-02, -7.6749e-02, -3.0457e-02, +3.8296e-02, +4.4341e-02, +8.1839e-02, +3.8603e-02, -1.0000e+00, -3.8712e-02, +4.9241e-03, -8.1219e-03, +4.9497e-02, +4.9894e-02, +8.7068e-03, -1.2197e-02, -4.5784e-02, -7.1160e-02, -3.6909e-02, +5.6179e-04, -1.1791e-02, +1.7151e-02, +1.0721e-02, -1.1434e-01, +5.9549e-02, -1.4453e-02, +2.3690e-02, -5.0260e-02, -1.5031e-02, -2.3199e-02, +6.0507e-02, +2.2286e-02, -1.8516e-02, +1.5411e-03, +6.2589e-02, +2.6456e-02, +1.0340e-03, +8.2753e-02, -6.6161e-02, +1.6525e-02, -4.6833e-02, -8.0986e-03, -1.2257e-01, +2.5580e-02, +2.4879e-02, -4.3329e-02, +1.0436e-01, -1.1989e-02, -8.3746e-02, +6.3231e-03, +2.0384e-02
-1.2737e-01, +2.0158e-02, -3.0188e-02, +1.0331e-01, -1.3630e-02, +7.9838e-02, -3.3746e-03, -3.8712e-02, -1.0000e+00, +1.0003e-02, -1.6639e-02, -6.0536e-02, +2.9640e-02, +2.3763e-03, +6.1300e-03, -7.1677e-03, +6.5699e-02, +3.9175e-02, +1.3225e-02, -5.2446e-02, +2.9448e-02, -2.8885e-03, -2.0513e-02, +5.1823e-03, -1.6298e-01, +2.5682e-02, +7.6387e-02, -1.3222e-02, +2.6042e-03, +2.2091e-02, +3.8341e-02, -6.1872e-02, -4.2628e-03, -5.6649e-02, -8.1464e-03, -1.6105e-02, -1.0082e-02, +7.1708e-02, +2.9949e-02, +1.8673e-01, +2.5586e-02, +6.9120e-02, +8.8751e-04, -3.0492e-02, +1.4595e-02, +5.2410e-02, +5.2759e-03, +6.9508e-02, +2.5820e-02, -2.0760e-02
-2.7899e-02, -3.0453e-02, -1.5997e-01, +2.9736e-02, -2.3640e-02, +4.8840e-02, -3.6979e-03, +4.9241e-03, +1.0003e-02, -1.0000e+00, +2.6977e-03, -2.8357e-02, -1.8211e-03, +1.0365e-02, -7.9394e-02, -5.7828e-03, -5.4704e-02, -9.4238e-02, -4.4175e-02, +2.1876e-02, +4.3941e-02, +7.5796e-03, -7.4020e-02, +1.0498e-02, -5.0436e-02, +2.8275e-02, -5.5362e-03, -8.8677e-02, -4.6001e-02, -3.7190e-02, -3.9358e-02, -2.6985e-02, -7.4231e-03, -1.9404e-02, +1.8784e-04, +3.0181e-02, +1.7697e-02, -9.0494e-02, -2.7472e-02, +2.8238e-03, -1.8449e-02, +1.0566e-01, +1.0097e-01, -3.9053e-02, -2.1141e-02, +8.3473e-03, -5.6763e-03, +5.5921e-02, -4.8756e-02, -4.7945e-02
-2.3903e-03, -1.8057e-02, +6.4769e-02, +2.6585e-03, -1.2062e-02, -1.1965e-01, +2.6886e-02, -8.1219e-03, -1.6639e-02, +2.6977e-03, -1.0000e+00, -1.4781e-02, -1.3466e-02, +9.7747e-02, -5.1470e-02, -7.2593e-02, -3.6389e-02, -1.3643e-01, -3.1545e-02, -5.8055e-02, +2.5119e-02, +1.8609e-02, +6.9667e-03, +1.5372e-01, +5.0548e-02, -6.4353e-02, -3.6083e-04, +2.5130e-02, -5.2550e-02, -6.0006e-02, +2.3754e-03, -8.0682e-02, -3.8356e-02, -4.7531e-02, +1.3108e-02, +1.0395e-01, +8.5814e-03, -1.1507e-01, -5.5632e-02, +9.5369e-02, +8.3717e-03, +5.4554e-02, +1.9847e-01, +4.2894e-02, +6.4173e-02, +2.6995e-02, -3.5447e-02, -3.4550e-02, -2.1425e-02, +1.2221e-01
-4.6105e-02, +2.2833e-02, +5.7976e-03, +6.1292e-02, -6.1416e-02, +1.1203e-01, -1.1434e-02, +4.9497e-02, -6.0536e-02, -2.8357e-02, -1.4781e-02, -1.0000e+00, -3.1497e-02, +2.2271e-01, +3.0475e-02, -4.7149e-02, +4.0069e-01, -2.4537e-02, +1.8962e-02, -1.4017e-02, -4.0858e-02, +1.0978e-01, -2.1329e-01, +6.3642e-02, -3.2043e-02, +1.2730e-01, +1.5068e-01, +6.6893e-02, +6.8493e-02, +1.6332e-01, +6.2145e-02, -1.0183e-01, +1.0909e-02, +6.6992e-02, +3.4869e-02, +4.4545e-02, -5.1942e-02, +4.8770e-02, +6.4199e-02, -3.4000e-02, +1.5474e-01, +3.2492e-01, -3.3862e-02, -7.9376e-03, +3.1305e-02, +2.4695e-02, +6.7027e-02, +1.7776e-01, +5.2277e-02, -3.9784e-02
+4.8799e-02, -4.2046e-02, +4.1841e-03, -9.4683e-03, -9.3209e-02, +5.3337e-02, -6.7827e-03, +4.9894e-02, +2.9640e-02, -1.8211e-03, -1.3466e-02, -3.1497e-02, -1.0000e+00, +6.1767e-02, -3.0388e-02, -2.9112e-02, +7.9596e-03, -3.5542e-02, +3.6416e-02, +1.5870e-02, -2.0965e-02, +3.3253e-03, -8.7958e-03, -1.0667e-02, +8.4410e-02, -9.0200e-02, +8.7942e-03, +3.4069e-02, +3.1872e-02, +1.3158e-02, +5.0783e-03, -4.1870e-03, +5.8169e-02, +8.0414e-03, -2.1015e-02, +7.9680e-02, +4.0363e-02, +8.9538e-02, +3.1753e-02, -5.7216e-02, +2.2547e-02, -1.3141e-02, +7.8124e-02, -4.0170e-02, -2.1388e-02, +2.9340e-02, +1.2423e-01, -3.1812e-02, +2.6109e-02, -2.3411e-02
-7.2832e-02, +7.6144e-02, +1.9923e-02, +9.5726e-02, +4.2073e-02, -5.8819e-03, +8.0680e-02, +8.7067e-03, +2.3763e-03, +1.0365e-02, +9.7747e-02, +2.2271e-01, +6.1767e-02, -1.0000e+00, -1.4017e-01, +1.8165e-02, -1.1719e-01, -4.3584e-02, -4.7731e-02, +4.9277e-02, +7.0236e-02, +9.0092e-03, -8.1129e-02, +2.9078e-02, -5.0416e-02, -7.9410e-02, +9.5430e-03, +3.6289e-02, -4.1269e-04, -3.7043e-02, -3.2086e-02, +6.0704e-02, -1.2933e-02, -1.1520e-01, -5.4336e-02, -2.1216e-01, +6.7890e-02, -5.5411e-02, +2.0970e-02, +1.5431e-01, -6.6256e-02, -1.2537e-01, -5.5595e-01, -4.7203e-02, -4.4961e-03, +3.2399e-02, +9.3765e-02, -5.8728e-03, -2.7921e-02, -1.9683e-01
-1.0743e-02, +5.0138e-03, +3.7850e-02, -3.7372e-02, +2.9449e-03, -1.2958e-01, -1.3452e-02, -1.2197e-02, +6.1300e-03, -7.9394e-02, -5.1470e-02, +3.0475e-02, -3.0388e-02, -1.4017e-01, -1.0000e+00, +5.5481e-02, -6.8200e-02, -7.5128e-02, -7.0434e-02, -3.6349e-02, +3.4646e-02, +5.1177e-02, -1.1657e-01, -6.4235e-02, +1.8353e-02, -3.7934e-02, -3.9671e-02, -5.3849e-02, -9.3737e-02, -3.2769e-02, +3.8431e-04, -4.2049e-02, +8.0052e-02, -7.1688e-02, +4.0238e-02, -2.7047e-02, +1.3659e-02, -2.5744e-02, +1.6561e-02, +1.3474e-01, -5.8574e-03, -1.9025e-02, -1.1039e-01, -1.4959e-02, -3.4622e-02, -2.8165e-03, +4.4726e-02, +1.1693e-01, -3.0874e-02, +6.5069e-02
+3.7428e-02, -8.3091e-03, -4.2141e-04, -7.6472e-02, -3.9382e-02, +4.4308e-02, -4.7332e-02, -4.5784e-02, -7.1677e-03, -5.7828e-03, -7.2593e-02, -4.7149e-02, -2.9112e-02, +1.8165e-02, +5.5481e-02, -1.0000e+00, -1.2928e-01, -2.3992e-02, -2.1162e-02, -8.5124e-02, +5.5778e-02, +1.1264e-02, -2.1267e-01, -5.5341e-02, +6.9506e-02, -9.3150e-02, +3.0791e-02, +3.2274e-02, +1.0728e-01, -3.2909e-02, -5.5551e-02, -4.0160e-03, +8.6561e-03, +3.1375e-02, +6.2757e-02, +6.1886e-02, -4.7166e-02, +9.6651e-03, -2.4112e-02, -1.1769e-01, +4.0886e-02, -7.1121e-04, +1.6868e-01, +9.2641e-02, +1.0124e-02, -5.7153e-03, -1.7317e-02, +4.4692e-02, -1.4969e-02, +4.7213e-02
+3.4155e-02, +4.4752e-02, -5.1296e-02, +5.6658e-03, -1.3635e-02, -1.2775e-01, +4.0450e-02, -7.1160e-02, +6.5699e-02, -5.4704e-02, -3.6389e-02, +4.0069e-01, +7.9597e-03, -1.1719e-01, -6.8200e-02, -1.2928e-01, -1.0000e+00, +3.8265e-02, -6.5734e-02, -4.6300e-02, +3.6367e-02, -4.7091e-02, -2.3596e-01, -1.9934e-02, +8.6829e-02, -1.0555e-01, -1.3444e-01, -1.3914e-01, -6.1355e-02, -3.6830e-02, -4.8300e-02, -5.8689e-02, -1.0690e-01, -4.6740e-02, +4.3532e-03, -2.5186e-02, +5.5539e-02, -4.6830e-02, -5.6757e-02, -6.9757e-02, -1.0844e-01, -8.3276e-02, +4.4815e-02, +1.0594e-01, -5.9787e-05, -3.3978e-02, -5.7071e-02, +6.4943e-02, -4.2553e-02, +8.7238e-02
+2.2098e-02, -8.6199e-03, +3.3202e-02, +3.3900e-02, +6.1375e-02, -3.0425e-02, -4.6631e-03, -3.6909e-02, +3.9175e-02, -9.4238e-02, -1.3643e-01, -2.4537e-02, -3.5542e-02, -4.3584e-02, -7.5128e-02, -2.3992e-02, +3.8265e-02, -1.0000e+00, -3.1818e-02, +7.5252e-02, -2.1113e-02, +1.4632e-02, -1.7898e-03, +5.9375e-02, +2.1254e-02, -7.8758e-02, +2.1887e-02, +5.2097e-02, +1.8759e-02, +7.3327e-02, +2.6728e-02, -1.8044e-02, -2.0188e-02, -8.6287e-02, -1.5445e-02, +7.7540e-03, +2.7281e-02, -1.1891e-02, -2.5466e-02, +1.9390e-02, +1.5578e-02, +8.9873e-03, -3.3667e-02, -2.9780e-02, -2.2362e-02, +4.4363e-02, +1.6078e-02, +8.1409e-02, +4.6657e-02, -3.5407e-02
+5.1180e-04, +4.8319e-02, +5.9304e-02, -3.3972e-03, -5.9643e-02, -9.3271e-02, -1.1684e-02, +5.6178e-04, +1.3225e-02, -4.4175e-02, -3.1545e-02, +1.8962e-02, +3.6416e-02, -4.7731e-02, -7.0434e-02, -2.1162e-02, -6.5734e-02, -3.1818e-02, -1.0000e+00, -5.2862e-02, +1.0859e-03, +7.4272e-04, -1.8960e-02, -9.0190e-02, +7.4991e-05, -4.0636e-02, -1.4529e-02, +5.3142e-02, +3.2508e-02, -1.7639e-02, +1.1431e-02, +7.1096e-03, +8.9038e-03, -6.3491e-02, -3.8158e-02, +3.5708e-02, +4.5491e-02, -1.2025e-02, -2.3618e-02, +1.4739e-03, -7.6826e-02, +6.6151e-02, +2.3809e-02, +1.9931e-02, +9.8342e-02, +3.6736e-02, -6.8856e-02, -4.6937e-02, +1.9170e-04, -8.5292e-03
+6.6155e-03, +1.4795e-02, -1.3264e-01, -3.7834e-02, -1.1028e-02, -1.0826e-01, -3.7463e-02, -1.1791e-02, -5.2446e-02, +2.1876e-02, -5.8055e-02, -1.4017e-02, +1.5870e-02, +4.9277e-02, -3.6349e-02, -8.5124e-02, -4.6300e-02, +7.5252e-02, -5.2862e-02, -1.0000e+00, -8.7475e-03, -1.0275e-01, -1.1122e-01, -6.5947e-02, +5.4702e-03, +6.7030e-03, -9.4256e-02, -4.7187e-02, -6.0516e-02, -2.9252e-02, -1.1416e-01, -1.6648e-01, -9.5859e-02, +3.9767e-02, +7.1081e-02, +1.0371e-01, +1.3392e-01, -1.2231e-01, -9.1650e-02, -1.1196e-01, +7.5061e-03, +7.5765e-03, +1.3927e-01, +7.0738e-02, -5.0854e-02, +1.6969e-02, -2.4398e-02, -2.3319e-02, -2.1046e-02, +1.3969e-02
+3.7220e-02, +1.1707e-02, -3.5822e-03, -1.3963e-02, +4.7815e-02, -4.3332e-02, -2.8451e-03, +1.7151e-02, +2.9448e-02, +4.3941e-02, +2.5119e-02, -4.0858e-02, -2.0965e-02, +7.0236e-02, +3.4646e-02, +5.5778e-02, +3.6367e-02, -2.1113e-02, +1.0859e-03, -8.7475e-03, -1.0000e+00, +4.3211e-02, +1.2500e-01, +9.7116e-05, +9.5269e-02, -1.4624e-02, +5.8302e-03, +4.3634e-02, +1.7134e-02, +9.5405e-03, +8.2748e-02, +4.5592e-02, +1.9344e-02, +1.8705e-02, +2.3465e-02, +4.7939e-02, +5.0442e-02, -1.9475e-02, +5.0764e-02, +5.0235e-03, -5.9864e-03, +1.0602e-01, +9.6354e-02, -3.4597e-02, +7.2444e-02, +4.6357e-02, +6.4127e-03, -7.7752e-02, -3.0706e-03, +1.6385e-02
-9.7773e-03, +4.6670e-02, -2.3840e-02, -9.1723e-02, -2.9567e-02, -2.2488e-02, -4.9793e-02, +1.0721e-02, -2.8885e-03, +7.5796e-03, +1.8609e-02, +1.0978e-01, +3.3253e-03, +9.0092e-03, +5.1177e-02, +1.1264e-02, -4.7091e-02, +1.4632e-02, +7.4270e-04, -1.0275e-01, +4.3210e-02, -1.0000e+00, -8.1510e-03, -1.0645e-01, +8.3631e-03, -4.7125e-02, -2.6004e-02, -2.8884e-02, -2.7223e-02, +2.0187e-03, -7.0516e-02, -5.2021e-02, -2.5491e-03, -1.2320e-02, +2.5876e-02, +7.5589e-02, +6.6279e-02, -6.9261e-02, -1.8265e-02, -6.2540e-02, -3.1515e-02, -5.4642e-02, +1.0273e-01, +7.8588e-02, -5.0872e-03, -4.9473e-04, -4.7354e-02, -9.7261e-02, +1.8379e-02, -1.0098e-02
+1.5668e-02, +4.4858e-02, -5.8990e-02, -7.8512e-02, -2.0709e-02, +6.3282e-03, -1.0212e-01, -1.1434e-01, -2.0513e-02, -7.4020e-02, +6.9667e-03, -2.1329e-01, -8.7958e-03, -8.1129e-02, -1.1657e-01, -2.1267e-01, -2.3596e-01, -1.7898e-03, -1.8960e-02, -1.1122e-01, +1.2500e-01, -8.1509e-03, -1.0000e+00, -5.1804e-02, +1.0403e-01, -9.5087e-02, -5.9663e-02, +1.4452e-02, -1.3848e-02, +1.4952e-03, -9.2826e-02, -1.0898e-01, -4.2983e-02, -4.1476e-02, -2.9082e-03, +1.3341e-01, +1.5150e-01, -8.2791e-02, +4.5639e-03, -9.3778e-02, -2.0842e-02, -4.7186e-01, -9.6520e-02, -9.2365e-02, -1.7471e-01, +2.2651e-02, -7.9854e-02, -5.2543e-02, +4.0962e-02, -5.0509e-02
+2.0782e-02, +6.9116e-02, +2.0855e-02, -1.0798e-01, -1.0250e-01, +7.9286e-04, -5.0515e-02, +5.9549e-02, +5.1823e-03, +1.0498e-02, +1.5372e-01, +6.3642e-02, -1.0667e-02, +2.9078e-02, -6.4235e-02, -5.5341e-02, -1.9934e-02, +5.9375e-02, -9.0190e-02, -6.5947e-02, +9.7122e-05, -1.0645e-01, -5.1804e-02, -1.0000e+00, +4.0156e-02, -6.7475e-02, -8.7210e-02, +1.6745e-02, +1.3475e-02, -2.7966e-02, -9.3259e-02, +1.1796e-02, +5.2898e-02, -1.3574e-02, -8.0588e-03, +1.2752e-02, +6.6956e-02, -7.3132e-02, +1.6451e-02, +1.0827e-01, -2.7871e-02, -2.0070e-02, +7.2392e-02, -9.1569e-02, +1.3087e-02, -3.8306e-02, -6.9749e-03, -1.0105e-03, +1.5998e-02, +7.5902e-03
+3.0125e-02, +1.1805e-02, -4.0150e-02, -1.1406e-01, +5.5457e-02, +6.0349e-02, -5.1179e-02, -1.4453e-02, -1.6298e-01, -5.0436e-02, +5.0548e-02, -3.2043e-02, +8.4410e-02, -5.0416e-02, +1.8353e-02, +6.9506e-02, +8.6829e-02, +2.1254e-02, +7.4988e-05, +5.4702e-03, +9.5269e-02, +8.3631e-03, +1.0403e-01, +4.0156e-02, -1.0000e+00, -3.9727e-03, -3.3607e-02, +1.9239e-02, -2.2289e-02, +7.6378e-02, +3.3239e-02, +1.8992e-02, +2.5066e-02, +2.2371e-03, -9.4506e-02, -2.6936e-02, +3.5828e-02, +2.0445e-02, +3.6019e-02, +2.0796e-02, -4.5843e-02, +9.9238e-02, -4.3818e-02, -4.6757e-02, -9.2018e-02, -1.2323e-01, +7.4601e-03, -4.3494e-04, -8.2167e-02, -6.3552e-02
+1.2516e-02, +2.0234e-02, -3.2110e-02, -6.1932e-02, -4.3233e-02, -7.4848e-02, -2.4121e-02, +2.3690e-02, +2.5682e-02, +2.8275e-02, -6.4353e-02, +1.2730e-01, -9.0200e-02, -7.9410e-02, -3.7934e-02, -9.3150e-02, -1.0555e-01, -7.8758e-02, -4.0636e-02, +6.7029e-03, -1.4624e-02, -4.7125e-02, -9.5087e-02, -6.7475e-02, -3.9727e-03, -1.0000e+00, -5.1581e-02, -1.0170e-01, -3.6390e-02, -7.3896e-02, -3.2572e-02, -2.0535e-02, -2.3770e-02, -1.0141e-01, +1.8112e-02, +7.3630e-02, +4.5506e-02, +5.2787e-02, -3.3781e-02, +2.1173e-02, -2.9330e-02, -1.6562e-02, -8.9280e-02, +1.6757e-02, -8.8473e-02, +4.5673e-02, +4.9886e-02, +1.3138e-02, -1.6694e-03, +1.3369e-02
+1.3753e-03, +2.8607e-02, -7.2961e-02, -1.0444e-01, -5.0631e-02, -5.4812e-02, +3.5098e-03, -5.0260e-02, +7.6387e-02, -5.5362e-03, -3.6082e-04, +1.5068e-01, +8.7942e-03, +9.5430e-03, -3.9671e-02, +3.0791e-02, -1.3444e-01, +2.1887e-02, -1.4529e-02, -9.4256e-02, +5.8302e-03, -2.6004e-02, -5.9663e-02, -8.7210e-02, -3.3607e-02, -5.1581e-02, -1.0000e+00, -9.6363e-02, -8.9361e-02, -7.7784e-02, -6.9491e-03, -5.6687e-02, -1.0318e-02, -1.0332e-01, -2.4602e-02, +1.8916e-02, +6.0349e-02, -8.2833e-02, -1.1579e-01, +3.1444e-02, -5.1324e-02, -2.2375e-02, +8.7959e-02, -6.0932e-02, +1.8114e-02, -1.3764e-03, -1.6621e-01, -8.8559e-02, -4.2076e-02, +1.6232e-01
-1.1019e-02, +3.1333e-02, +1.9272e-02, -1.2321e-01, -4.6198e-02, +4.4443e-03, -4.5577e-02, -1.5031e-02, -1.3222e-02, -8.8677e-02, +2.5130e-02, +6.6893e-02, +3.4069e-02, +3.6289e-02, -5.3849e-02, +3.2274e-02, -1.3914e-01, +5.2097e-02, +5.3142e-02, -4.7187e-02, +4.3634e-02, -2.8884e-02, +1.4452e-02, +1.6745e-02, +1.9239e-02, -1.0170e-01, -9.6363e-02, -1.0000e+00, -5.2492e-02, +4.6798e-02, +2.7496e-02, +9.7670e-02, +1.2698e-02, -2.3257e-02, +2.1473e-02, -9.5297e-03, +2.0357e-02, -2.3055e-02, -5.9542e-02, -6.9137e-02, -3.2661e-02, +6.9002e-02, +2.2292e-02, +1.2068e-02, +8.5975e-03, +6.0032e-03, -8.9544e-02, +1.3444e-01, +1.9002e-02, -2.7239e-02
+2.2863e-02, +1.3459e-02, -3.3988e-02, -3.5284e-02, -8.6815e-02, -1.7492e-02, -3.7375e-02, -2.3199e-02, +2.6042e-03, -4.6001e-02, -5.2550e-02, +6.8493e-02, +3.1872e-02, -4.1270e-04, -9.3737e-02, +1.0728e-01, -6.1355e-02, +1.8759e-02, +3.2508e-02, -6.0516e-02, +1.7134e-02, -2.7223e-02, -1.3848e-02, +1.3475e-02, -2.2289e-02, -3.6390e-02, -8.9361e-02, -5.2492e-02, -1.0000e+00, +2.0507e-02, -5.5953e-03, -6.9943e-02, -1.8263e-02, +1.8062e-03, -3.2366e-02, +2.1765e-03, +7.2751e-02, -1.3796e-02, +5.7039e-02, +1.1543e-01, +1.3809e-03, +1.4572e-02, -1.9657e-02, +2.1428e-02, -1.9821e-02, -4.4620e-02, -1.2211e-02, -2.9830e-02, +1.2121e-03, +3.2544e-02
+1.2927e-02, -4.1957e-02, +2.9628e-02, +4.8994e-02, +1.5930e-02, -4.1448e-02, +2.4057e-02, +6.0507e-02, +2.2091e-02, -3.7190e-02, -6.0006e-02, +1.6332e-01, +1.3158e-02, -3.7043e-02, -3.2769e-02, -3.2909e-02, -3.6830e-02, +7.3327e-02, -1.7639e-02, -2.9252e-02, +9.5405e-03, +2.0187e-03, +1.4951e-03, -2.7966e-02, +7.6378e-02, -7.3896e-02, -7.7784e-02, +4.6798e-02, +2.0507e-02, -1.0000e+00, -8.1010e-02, -9.2843e-02, +5.2742e-03, -5.8104e-02, +1.7754e-02, +8.3066e-02, +9.3083e-02, +4.6605e-02, -6.4960e-02, +1.1249e-01, +1.6512e-03, -5.3573e-02, +3.6252e-02, -2.0931e-02, +2.9316e-02, +1.1250e-01, +5.7755e-02, -1.1394e-01, -3.3185e-02, -4.2243e-02
-2.5242e-03, -2.4744e-02, +1.0373e-02, -1.0527e-02, +1.1820e-01, +2.6968e-03, +2.6143e-02, +2.2286e-02, +3.8341e-02, -3.9358e-02, +2.3754e-03, +6.2145e-02, +5.0783e-03, -3.2086e-02, +3.8432e-04, -5.5551e-02, -4.8300e-02, +2.6728e-02, +1.1431e-02, -1.1416e-01, +8.2748e-02, -7.0516e-02, -9.2826e-02, -9.3259e-02, +3.3239e-02, -3.2572e-02, -6.9491e-03, +2.7496e-02, -5.5953e-03, -8.1010e-02, -1.0000e+00, -4.3771e-03, -2.4995e-02, -7.2336e-02, +5.9237e-02, -3.9090e-02, +8.1911e-02, +4.8385e-02, -8.2546e-02, -4.5104e-02, -7.4444e-02, -9.5077e-02, +7.6921e-02, +1.0922e-02, +3.1272e-02, +6.2159e-02, +1.0170e-01, +2.5862e-02, -3.8121e-02, -1.0382e-02
-8.2828e-03, +6.2725e-02, -2.8291e-02, -4.2975e-02, +1.7496e-02, -9.9860e-02, +2.1954e-02, -1.8516e-02, -6.1872e-02, -2.6985e-02, -8.0682e-02, -1.0183e-01, -4.1870e-03, +6.0704e-02, -4.2049e-02, -4.0160e-03, -5.8689e-02, -1.8044e-02, +7.1096e-03, -1.6648e-01, +4.5592e-02, -5.2021e-02, -1.0898e-01, +1.1796e-02, +1.8992e-02, -2.0535e-02, -5.6687e-02, +9.7670e-02, -6.9943e-02, -9.2843e-02, -4.3771e-03, -1.0000e+00, -8.9347e-02, -9.2355e-03, +3.8864e-02, +2.8578e-02, +2.7308e-02, -1.2059e-02, -1.1363e-02, -1.5153e-02, +2.0700e-02, +4.3330e-02, +1.8832e-01, -9.8343e-03, -6.2232e-03, -8.5041e-03, -6.6193e-02, -2.3198e-02, -9.6274e-03, +7.4838e-02
+1.7570e-02, -1.0120e-02, -2.5928e-02, -8.3813e-02, -1.3742e-02, -3.4694e-02, -5.0744e-02, +1.5411e-03, -4.2628e-03, -7.4231e-03, -3.8356e-02, +1.0909e-02, +5.8169e-02, -1.2933e-02, +8.0052e-02, +8.6561e-03, -1.0690e-01, -2.0188e-02, +8.9038e-03, -9.5859e-02, +1.9344e-02, -2.5490e-03, -4.2983e-02, +5.2898e-02, +2.5066e-02, -2.3770e-02, -1.0318e-02, +1.2698e-02, -1.8263e-02, +5.2742e-03, -2.4995e-02, -8.9347e-02, -1.0000e+00, +3.3393e-02, -8.9906e-03, +3.4571e-02, +7.4624e-02, -5.8475e-02, -8.1731e-02, -2.9707e-02, +3.1770e-02, +4.1969e-03, +4.7769e-02, +1.4760e-02, -1.7082e-02, +4.3769e-02, -4.7222e-02, -3.8838e-02, +7.1416e-02, -1.7973e-02
-2.1821e-02, +1.1992e-01, -1.3372e-02, +4.9354e-02, -7.5330e-02, -7.4486e-02, +7.9080e-03, +6.2589e-02, -5.6649e-02, -1.9404e-02, -4.7531e-02, +6.6992e-02, +8.0414e-03, -1.1520e-01, -7.1688e-02, +3.1375e-02, -4.6740e-02, -8.6287e-02, -6.3491e-02, +3.9767e-02, +1.8705e-02, -1.2320e-02, -4.1476e-02, -1.3574e-02, +2.2371e-03, -1.0141e-01, -1.0332e-01, -2.3257e-02, +1.8062e-03, -5.8104e-02, -7.2336e-02, -9.2355e-03, +3.3393e-02, -1.0000e+00, +3.4317e-02, +7.0314e-02, +1.5982e-01, -5.6115e-02, -8.3570e-03, +1.4478e-01, -1.1861e-01, -5.2942e-03, +3.4397e-02, +4.9246e-02, -4.6483e-02, +3.0963e-02, -1.1379e-01, +9.7106e-02, +3.4104e-02, -6.3054e-02
-2.0945e-02, +5.0800e-02, +1.1865e-02, -4.3731e-02, -7.6613e-02, +4.4790e-03, -3.8985e-02, +2.6456e-02, -8.1464e-03, +1.8783e-04, +1.3108e-02, +3.4869e-02, -2.1015e-02, -5.4336e-02, +4.0238e-02, +6.2757e-02, +4.3532e-03, -1.5445e-02, -3.8158e-02, +7.1081e-02, +2.3465e-02, +2.5876e-02, -2.9082e-03, -8.0588e-03, -9.4506e-02, +1.8112e-02, -2.4602e-02, +2.1473e-02, -3.2366e-02, +1.7754e-02, +5.9237e-02, +3.8864e-02, -8.9906e-03, +3.4317e-02, -1.0000e+00, -5.6934e-02, +2.4020e-02, +4.5367e-02, +3.0223e-02, +5.4250e-02, -2.3790e-02, +6.4878e-02, -1.2761e-01, -9.7871e-02, -2.9465e-02, -6.3696e-02, +3.1342e-02, -4.7771e-02, -2.8496e-02, -2.6676e-02
-1.6761e-02, +2.4259e-02, -2.5984e-02, -2.4600e-02, +9.4889e-02, -7.0673e-03, +3.0337e-02, +1.0340e-03, -1.6105e-02, +3.0181e-02, +1.0395e-01, +4.4545e-02, +7.9680e-02, -2.1216e-01, -2.7047e-02, +6.1886e-02, -2.5186e-02, +7.7540e-03, +3.5708e-02, +1.0371e-01, +4.7939e-02, +7.5589e-02, +1.3341e-01, +1.2752e-02, -2.6936e-02, +7.3630e-02, +1.8916e-02, -9.5297e-03, +2.1765e-03, +8.3066e-02, -3.9090e-02, +2.8578e-02, +3.4571e-02, +7.0314e-02, -5.6934e-02, -1.0000e+00, +5.7557e-02, -5.0951e-02, -1.2963e-02, +6.6596e-02, +2.1244e-02, +1.0660e-01, -3.9222e-01, -2.2131e-02, -6.7278e-03, -7.3299e-02, +4.2997e-02, +1.2175e-01, -3.8933e-02, -5.9252e-02
+2.5906e-02, +8.7429e-02, -8.9277e-02, +8.5877e-02, -2.1727e-02, +1.2186e-01, +6.6012e-02, +8.2753e-02, -1.0082e-02, +1.7697e-02, +8.5814e-03, -5.1942e-02, +4.0363e-02, +6.7890e-02, +1.3659e-02, -4.7166e-02, +5.5539e-02, +2.7281e-02, +4.5491e-02, +1.3392e-01, +5.0442e-02, +6.6279e-02, +1.5150e-01, +6.6956e-02, +3.5828e-02, +4.5506e-02, +6.0349e-02, +2.0357e-02, +7.2751e-02, +9.3083e-02, +8.1911e-02, +2.7308e-02, +7.4624e-02, +1.5982e-01, +2.4020e-02, +5.7557e-02, -1.0000e+00, +1.4155e-01, +6.0454e-02, -1.1954e-04, +1.3449e-02, +1.5489e-02, +8.0335e-02, +2.3650e-01, +1.0507e-01, -3.5575e-02, +7.0941e-02, +9.6047e-02, +1.5784e-02, -3.8112e-02
+3.1297e-02, +2.4817e-02, +4.1965e-04, -7.8271e-02, +4.7002e-02, -7.8419e-02, +3.5799e-02, -6.6161e-02, +7.1708e-02, -9.0494e-02, -1.1507e-01, +4.8770e-02, +8.9538e-02, -5.5411e-02, -2.5744e-02, +9.6651e-03, -4.6830e-02, -1.1891e-02, -1.2025e-02, -1.2231e-01, -1.9475e-02, -6.9261e-02, -8.2791e-02, -7.3132e-02, +2.0445e-02, +5.2787e-02, -8.2833e-02, -2.3055e-02, -1.3796e-02, +4.6605e-02, +4.8385e-02, -1.2059e-02, -5.8475e-02, -5.6115e-02, +4.5367e-02, -5.0951e-02, +1.4155e-01, -1.0000e+00, -8.5206e-02, +1.6717e-02, -1.5423e-02, -5.1246e-02, -7.6797e-02, -1.0604e-01, -1.7917e-02, +6.6702e-02, -2.6488e-02, +5.9487e-02, -4.9625e-03, +4.1398e-02
-6.6883e-02, +8.6538e-03, +8.8635e-03, -9.3615e-02, -2.9420e-02, -3.6552e-02, -1.2675e-02, +1.6525e-02, +2.9949e-02, -2.7472e-02, -5.5632e-02, +6.4199e-02, +3.1753e-02, +2.0970e-02, +1.6561e-02, -2.4112e-02, -5.6757e-02, -2.5466e-02, -2.3618e-02, -9.1650e-02, +5.0764e-02, -1.8265e-02, +4.5639e-03, +1.6451e-02, +3.6019e-02, -3.3781e-02, -1.1579e-01, -5.9542e-02, +5.7039e-02, -6.4960e-02, -8.2546e-02, -1.1363e-02, -8.1731e-02, -8.3570e-03, +3.0223e-02, -1.2963e-02, +6.0454e-02, -8.5206e-02, -1.0000e+00, -4.3670e-03, +3.5010e-02, +4.1022e-02, +5.0874e-02, +1.0726e-02, +2.1593e-02, +4.5585e-02, -1.1472e-01, +1.1408e-02, +3.0366e-02, +5.3611e-02
+4.1091e-02, -3.0591e-02, -1.3511e-01, -6.7824e-02, +2.2946e-02, +1.8193e-02, -1.1381e-02, -4.6833e-02, +1.8673e-01, +2.8238e-03, +9.5369e-02, -3.4000e-02, -5.7216e-02, +1.5431e-01, +1.3474e-01, -1.1769e-01, -6.9757e-02, +1.9390e-02, +1.4739e-03, -1.1196e-01, +5.0235e-03, -6.2540e-02, -9.3778e-02, +1.0827e-01, +2.0796e-02, +2.1173e-02, +3.1444e-02, -6.9137e-02, +1.1543e-01, +1.1249e-01, -4.5104e-02, -1.5153e-02, -2.9707e-02, +1.4478e-01, +5.4250e-02, +6.6596e-02, -1.1955e-04, +1.6717e-02, -4.3670e-03, -1.0000e+00, +3.5260e-02, +1.6215e-02, +1.6840e-01, -3.9855e-02, -8.1841e-02, +4.2471e-02, -4.5931e-03, -7.2392e-02, +4.7196e-02, +2.3034e-01
+1.8551e-02, +4.1492e-02, +2.6348e-02, +3.0881e-02, -4.8494e-02, +5.8428e-03, -1.0913e-02, -8.0986e-03, +2.5586e-02, -1.8449e-02, +8.3717e-03, +1.5474e-01, +2.2547e-02, -6.6256e-02, -5.8574e-03, +4.0886e-02, -1.0844e-01, +1.5578e-02, -7.6826e-02, +7.5061e-03, -5.9864e-03, -3.1515e-02, -2.0842e-02, -2.7871e-02, -4.5843e-02, -2.9330e-02, -5.1324e-02, -3.2661e-02, +1.3809e-03, +1.6512e-03, -7.4444e-02, +2.0700e-02, +3.1770e-02, -1.1861e-01, -2.3790e-02, +2.1244e-02, +1.3449e-02, -1.5423e-02, +3.5010e-02, +3.5260e-02, -1.0000e+00, -5.3975e-02, +4.7776e-02, -7.7815e-02, -8.6616e-03, -4.0938e-02, -6.8165e-02, +4.5888e-02, -2.5614e-02, +6.9010e-02
+1.0133e-01, -5.6565e-02, +1.8228e-02, +4.8133e-02, +1.1017e-01, +3.0677e-02, -2.6040e-02, -1.2257e-01, +6.9120e-02, +1.0566e-01, +5.4554e-02, +3.2492e-01, -1.3141e-02, -1.2537e-01, -1.9025e-02, -7.1120e-04, -8.3276e-02, +8.9873e-03, +6.6151e-02, +7.5765e-03, +1.0602e-01, -5.4642e-02, -4.7186e-01, -2.0070e-02, +9.9238e-02, -1.6562e-02, -2.2375e-02, +6.9002e-02, +1.4572e-02, -5.3573e-02, -9.5077e-02, +4.3330e-02, +4.1969e-03, -5.2943e-03, +6.4878e-02, +1.0660e-01, +1.5489e-02, -5.1246e-02, +4.1022e-02, +1.6215e-02, -5.3975e-02, -1.0000e+00, -9.1235e-02, +1.0145e-02, -1.3500e-01, +7.3656e-02, +7.9306e-03, -2.0753e-02, +1.5843e-02, -6.6056e-04
+2.3355e-02, +7.6603e-02, -9.5384e-03, +6.5986e-02, +9.6109e-02, +5.6151e-02, +7.0627e-02, +2.5580e-02, +8.8751e-04, +1.0097e-01, +1.9847e-01, -3.3862e-02, +7.8124e-02, -5.5595e-01, -1.1039e-01, +1.6868e-01, +4.4815e-02, -3.3667e-02, +2.3809e-02, +1.3927e-01, +9.6354e-02, +1.0273e-01, -9.6520e-02, +7.2392e-02, -4.3818e-02, -8.9280e-02, +8.7959e-02, +2.2292e-02, -1.9657e-02, +3.6252e-02, +7.6921e-02, +1.8832e-01, +4.7769e-02, +3.4397e-02, -1.2761e-01, -3.9222e-01, +8.0335e-02, -7.6797e-02, +5.0874e-02, +1.6840e-01, +4.7776e-02, -9.1235e-02, -1.0000e+00, +1.2304e-01, -1.1825e-01, +4.4414e-02, +1.3115e-01, +2.7741e-01, +1.5743e-02, -2.5026e-01
+2.4405e-02, -5.6572e-02, -1.0045e-01, -9.0638e-02, -1.8690e-02, -6.9478e-02, -7.7556e-02, +2.4879e-02, -3.0492e-02, -3.9053e-02, +4.2894e-02, -7.9376e-03, -4.0170e-02, -4.7203e-02, -1.4959e-02, +9.2641e-02, +1.0594e-01, -2.9780e-02, +1.9931e-02, +7.0738e-02, -3.4597e-02, +7.8588e-02, -9.2365e-02, -9.1569e-02, -4.6757e-02, +1.6757e-02, -6.0932e-02, +1.2068e-02, +2.1428e-02, -2.0931e-02, +1.0922e-02, -9.8342e-03, +1.4760e-02, +4.9246e-02, -9.7871e-02, -2.2131e-02, +2.3650e-01, -1.0604e-01, +1.0726e-02, -3.9855e-02, -7.7815e-02, +1.0145e-02, +1.2304e-01, -1.0000e+00, -9.0421e-02, -4.5521e-02, -9.3819e-02, -1.8856e-01, -2.0759e-02, -1.3631e-02
+3.6876e-02, +7.8910e-02, -7.2338e-02, -1.3284e-01, +1.7705e-03, +6.6759e-02, -1.2872e-01, -4.3329e-02, +1.4595e-02, -2.1141e-02, +6.4173e-02, +3.1305e-02, -2.1388e-02, -4.4961e-03, -3.4622e-02, +1.0124e-02, -5.9801e-05, -2.2362e-02, +9.8342e-02, -5.0854e-02, +7.2444e-02, -5.0872e-03, -1.7471e-01, +1.3087e-02, -9.2018e-02, -8.8473e-02, +1.8114e-02, +8.5975e-03, -1.9821e-02, +2.9316e-02, +3.1272e-02, -6.2232e-03, -1.7082e-02, -4.6483e-02, -2.9465e-02, -6.7278e-03, +1.0507e-01, -1.7917e-02, +2.1593e-02, -8.1841e-02, -8.6616e-03, -1.3500e-01, -1.1825e-01, -9.0421e-02, -1.0000e+00, +4.9960e-03, +6.3257e-02, +9.8692e-02, +2.1559e-02, -6.5833e-02
+8.6157e-03, +1.7709e-02, -7.9096e-03, -1.2145e-01, -3.5778e-02, +3.9853e-02, -1.7874e-02, +1.0436e-01, +5.2410e-02, +8.3473e-03, +2.6995e-02, +2.4695e-02, +2.9340e-02, +3.2399e-02, -2.8165e-03, -5.7153e-03, -3.3978e-02, +4.4363e-02, +3.6736e-02, +1.6969e-02, +4.6357e-02, -4.9473e-04, +2.2651e-02, -3.8306e-02, -1.2323e-01, +4.5673e-02, -1.3764e-03, +6.0032e-03, -4.4620e-02, +1.1250e-01, +6.2159e-02, -8.5041e-03, +4.3769e-02, +3.0963e-02, -6.3696e-02, -7.3299e-02, -3.5575e-02, +6.6702e-02, +4.5585e-02, +4.2471e-02, -4.0938e-02, +7.3656e-02, +4.4414e-02, -4.5521e-02, +4.9960e-03, -1.0000e+00, -4.5850e-03, -8.4532e-02, -2.6938e-02, +2.6664e-02
-1.3420e-01, +1.0624e-01, -4.3875e-02, -1.1777e-01, -2.3316e-02, -1.7053e-01, +1.9933e-02, -1.1989e-02, +5.2759e-03, -5.6763e-03, -3.5447e-02, +6.7027e-02, +1.2423e-01, +9.3765e-02, +4.4726e-02, -1.7317e-02, -5.7071e-02, +1.6078e-02, -6.8856e-02, -2.4398e-02, +6.4127e-03, -4.7354e-02, -7.9854e-02, -6.9749e-03, +7.4601e-03, +4.9886e-02, -1.6621e-01, -8.9544e-02, -1.2211e-02, +5.7755e-02, +1.0170e-01, -6.6192e-02, -4.7222e-02, -1.1379e-01, +3.1342e-02, +4.2997e-02, +7.0941e-02, -2.6488e-02, -1.1472e-01, -4.5931e-03, -6.8165e-02, +7.9306e-03, +1.3115e-01, -9.3819e-02, +6.3257e-02, -4.5850e-03, -1.0000e+00, -7.6827e-02, -3.0873e-02, +1.4144e-01
+5.1231e-05, -3.6607e-02, +4.0763e-02, -8.0679e-02, +7.4463e-02, -9.5096e-02, -7.8833e-03, -8.3746e-02, +6.9508e-02, +5.5921e-02, -3.4550e-02, +1.7776e-01, -3.1812e-02, -5.8727e-03, +1.1693e-01, +4.4692e-02, +6.4943e-02, +8.1409e-02, -4.6937e-02, -2.3319e-02, -7.7752e-02, -9.7261e-02, -5.2543e-02, -1.0105e-03, -4.3494e-04, +1.3138e-02, -8.8559e-02, +1.3444e-01, -2.9830e-02, -1.1394e-01, +2.5862e-02, -2.3198e-02, -3.8838e-02, +9.7106e-02, -4.7771e-02, +1.2175e-01, +9.6047e-02, +5.9487e-02, +1.1408e-02, -7.2392e-02, +4.5888e-02, -2.0753e-02, +2.7741e-01, -1.8856e-01, +9.8692e-02, -8.4532e-02, -7.6827e-02, -1.0000e+00, -2.3736e-02, +2.6326e-01
+3.9967e-02, +1.3829e-02, +5.6936e-03, -4.2881e-02, +1.8273e-02, -3.0742e-03, +1.4595e-02, +6.3231e-03, +2.5820e-02, -4.8756e-02, -2.1425e-02, +5.2278e-02, +2.6109e-02, -2.7921e-02, -3.0874e-02, -1.4969e-02, -4.2553e-02, +4.6657e-02, +1.9170e-04, -2.1046e-02, -3.0706e-03, +1.8379e-02, +4.0962e-02, +1.5998e-02, -8.2167e-02, -1.6694e-03, -4.2076e-02, +1.9002e-02, +1.2121e-03, -3.3185e-02, -3.8121e-02, -9.6274e-03, +7.1416e-02, +3.4104e-02, -2.8496e-02, -3.8933e-02, +1.5784e-02, -4.9625e-03, +3.0366e-02, +4.7196e-02, -2.5614e-02, +1.5843e-02, +1.5743e-02, -2.0759e-02, +2.1559e-02, -2.6938e-02, -3.0873e-02, -2.3736e-02, -1.0000e+00, +1.7723e-03
-3.9461e-02, -1.6262e-02, -1.6840e-02, +8.5726e-02, +1.0581e-01, +1.0736e-01, -5.0949e-03, +2.0384e-02, -2.0760e-02, -4.7945e-02, +1.2221e-01, -3.9784e-02, -2.3411e-02, -1.9683e-01, +6.5069e-02, +4.7213e-02, +8.7238e-02, -3.5407e-02, -8.5292e-03, +1.3969e-02, +1.6385e-02, -1.0098e-02, -5.0509e-02, +7.5902e-03, -6.3552e-02, +1.3369e-02, +1.6232e-01, -2.7239e-02, +3.2544e-02, -4.2243e-02, -1.0382e-02, +7.4838e-02, -1.7973e-02, -6.3054e-02, -2.6676e-02, -5.9253e-02, -3.8112e-02, +4.1398e-02, +5.3611e-02, +2.3034e-01, +6.9010e-02, -6.6056e-04, -2.5026e-01, -1.3631e-02, -6.5833e-02, +2.6664e-02, +1.4144e-01, +2.6326e-01, +1.7723e-03, -1.0000e+00
