-1.0000e+00, -4.9322e-02, +6.0150e-02, +2.8782e-02, -1.5805e-02, -1.2611e-02, -6.3049e-02, -5.8085e-02, -1.4134e-01, +2.1521e-03, -1.3716e-02, -8.5394e-02, +1.5340e-01, +1.3098e-02, -1.4008e-01, +8.9310e-02, +1.6921e-02, -3.7617e-02, -9.8159e-02, +1.1271e-01, -3.3929e-02, -7.0712e-02, +3.7485e-02, -2.5829e-02, +4.9964e-02, -7.8015e-02, -1.2972e-01, -1.2699e-01, -1.3391e-01, -1.1216e-01, -1.2948e-01, -4.9181e-03, +8.8127e-02, -2.2752e-02, -5.8875e-02, +1.4841e-01, +6.6824e-02, -5.3683e-02, -7.9238e-02, -5.4451e-02, -6.7521e-02, -2.9615e-03, -4.0989e-02, +6.3770e-02, -9.2256e-02, -5.5450e-02, -7.3560e-02, +3.3890e-01, -5.6113e-02, -4.1156e-02
-4.9322e-02, -1.0000e+00, -5.7649e-02, -1.5685e-01, -4.5550e-02, -3.2383e-02, +5.6973e-02, -5.0847e-02, +4.2828e-02, +7.2607e-02, +8.2709e-03, -6.7548e-02, +3.3132e-02, -5.3966e-03, +3.0940e-02, -2.6752e-02, +6.4277e-02, -1.0563e-01, -5.6286e-02, +1.5906e-02, -8.8159e-02, -7.0889e-02, -1.7393e-02, -5.7106e-03, -6.4172e-02, -3.6635e-02, -3.0330e-02, -7.4217e-02, -5.1277e-02, -1.9554e-02, -6.0720e-03, +3.0886e-02, -4.5832e-02, +7.1305e-02, -2.8817e-02, -2.0523e-02, +3.5052e-02, +6.8054e-03, -1.1076e-01, +6.8926e-03, -2.6644e-02, -1.1856e-02, -1.3181e-02, -3.0313e-02, -4.3454e-02, -2.3229e-02, -2.0571e-02, +1.2730e-01, +4.2421e-02, +2.5406e-03
+6.0150e-02, -5.7649e-02, -1.0000e+00, +8.3506e-03, +1.1176e-01, -1.8082e-01, +6.5483e-03, +4.5912e-02, -4.6831e-02, +1.2376e-01, -1.6165e-01, +3.3272e-02, -1.6144e-01, -7.6365e-02, -5.7968e-02, +4.2358e-04, +8.5360e-03, -1.3845e-01, -1.5191e-02, -6.9776e-02, -2.3427e-02, +7.0448e-02, +1.3902e-03, -1.6432e-01, -1.3472e-02, -7.2348e-02, -1.0918e-01, -5.5514e-02, -6.0036e-02, +1.3326e-02, -8.9531e-02, +2.9789e-02, -1.2213e-01, +1.8629e-02, +1.3924e-01, +1.8173e-01, -3.0622e-02, +2.3632e-02, +4.1113e-02, -1.0235e-02, -2.6892e-02, +2.1990e-03, +1.8381e-02, -4.9402e-04, -5.3693e-02, -1.8827e-02, -1.0157e-01, -1.2458e-01, +6.2014e-02, -2.7865e-03
+2.8782e-02, -1.5685e-01, +8.3506e-03, -1.0000e+00, -7.6765e-02, -1.4747e-02, +1.5774e-03, -8.1343e-02, -3.3957e-02, +6.6183e-02, -1.0878e-01, -8.0702e-02, -5.9823e-02, +1.9963e-02, +2.9572e-02, +1.2289e-02, +1.4674e-01, -3.6301e-02, -4.7418e-02, -9.3226e-02, -6.1038e-02, -4.5817e-02, +1.8452e-02, -6.2140e-02, -7.8355e-02, -4.3388e-02, +7.9922e-03, -1.8405e-01, -2.1686e-02, -6.0283e-02, -8.5856e-02, -7.3347e-03, -9.7239e-02, +2.7197e-02, -4.6181e-02, +6.1935e-02, +9.3949e-03, -7.4449e-02, -1.0764e-01, +4.8802e-02, -4.0809e-02, +5.2792e-02, -5.0513e-02, -4.4170e-02, -8.5077e-02, -2.3662e-02, -1.2906e-01, +7.6540e-02, +1.1290e-01, +2.1220e-02
-1.5805e-02, -4.5550e-02, +1.1176e-01, -7.6765e-02, -1.0000e+00, +1.4295e-02, -5.1859e-02, -1.0053e-01, +9.4229e-04, +7.1487e-02, +6.8925e-02, -1.1603e-01, +1.3111e-01, +1.7367e-02, -7.6515e-02, +2.7369e-02, +2.1477e-02, -8.4795e-02, -2.7870e-02, -2.1739e-02, -9.8625e-02, -1.1068e-01, +2.8854e-02, +1.9095e-03, -7.9726e-02, +2.5946e-02, +2.4473e-02, -1.9710e-01, -5.0444e-02, +2.4975e-03, +3.0260e-02, +2.1283e-02, +2.1921e-02, +2.2349e-02, -9.2962e-02, +7.7498e-02, -1.2894e-01, +6.7525e-02, -2.7334e-02, -5.8647e-02, +1.9781e-02, +6.4884e-04, -1.9804e-02, +2.3004e-02, -7.9443e-02, -6.3900e-02, -1.7650e-02, +3.1014e-01, -4.8304e-02, -1.6151e-02
-1.2611e-02, -3.2383e-02, -1.8082e-01, -1.4747e-02, +1.4295e-02, -1.0000e+00, -8.8615e-03, -1.2790e-01, +7.7736e-02, +6.6679e-02, -1.5462e-01, +2.8952e-02, -8.4102e-02, -1.0305e-01, -2.5924e-01, +4.1485e-02, +3.5855e-02, -4.5457e-02, -1.9881e-01, +8.2279e-03, +3.0977e-03, +9.9668e-02, -4.5484e-02, -6.2625e-02, -9.7221e-02, -6.5773e-02, -1.8565e-01, -6.9865e-02, -8.8005e-02, +2.5823e-02, -2.1507e-01, -3.0845e-03, +2.0361e-01, -9.9569e-02, +2.5818e-02, -1.5498e-02, +6.4811e-02, -1.0960e-01, +5.2564e-02, -4.9911e-02, -1.1206e-01, -2.0723e-02, +2.4950e-03, +2.2266e-02, -3.6705e-02, -6.7065e-02, -1.8655e-01, +1.4312e-02, +1.1220e-01, -5.1140e-02
-6.3049e-02, +5.6973e-02, +6.5483e-03, +1.5773e-03, -5.1859e-02, -8.8615e-03, -1.0000e+00, -7.6255e-02, +2.7682e-02, -5.4910e-03, -7.6023e-02, +1.0220e-02, +1.0249e-01, +4.9638e-03, +1.0542e-03, +5.8982e-02, +9.6534e-02, -7.1223e-02, +1.7987e-02, +6.0713e-02, -8.1733e-04, -1.0410e-02, -1.9260e-02, -2.7525e-02, -5.9716e-02, +1.6205e-02, -5.9709e-02, -9.5394e-02, -3.7470e-02, +2.8221e-02, -1.8584e-04, +6.3769e-02, +1.8213e-02, -6.4263e-02, +2.9348e-02, -4.4701e-02, -6.6045e-02, -2.9101e-02, +3.4295e-02, -3.8149e-02, +8.4768e-03, +3.0274e-02, +2.4064e-04, +5.1954e-02, +4.7936e-02, -6.6581e-02, -9.9553e-02, -5.7601e-02, +1.9021e-02, -2.4036e-03
-5.8085e-02, -5.0847e-02, +4.5912e-02, -8.1343e-02, -1.0053e-01, -1.2790e-01, -7.6255e-02, -1.0000e+00, +1.3455e-01, +1.0166e-01, -3.0101e-03, -8.7350e-03, +9.0483e-02, -2.7332e-02, +2.5139e-02, +9.5438e-02, +3.3208e-01, -1.1394e-01, -3.7802e-03, +6.7761e-02, -2.2811e-02, +9.2519e-02, -4.0950e-02, +1.3592e-01, -2.3239e-02, +9.9816e-04, +4.8810e-03, -7.0471e-02, -5.3307e-02, -1.0372e-02, -3.1157e-02, +1.6877e-02, +1.8681e-02, +4.0363e-02, -4.6207e-02, -1.1494e-01, -9.7240e-02, +8.8845e-04, -8.5007e-02, -1.1030e-01, -5.0114e-02, +1.4000e-02, +4.2161e-02, +2.9502e-02, +7.1370e-02, +7.2830e-03, -9.8519e-02, +1.2159e-01, +7.4576e-02, -2.3217e-02
-1.4134e-01, +4.2828e-02, -4.6831e-02, -3.3957e-02, +9.4229e-04, +7.7736e-02, +2.7682e-02, +1.3455e-01, -1.0000e+00, +4.4534e-02, +1.8546e-02, +1.9355e-03, +4.6916e-02, +1.5753e-02, -9.1905e-02, +7.7136e-02, -1.9319e-01, +5.2343e-02, -4.6526e-02, -6.0603e-02, -6.9991e-02, -5.6837e-02, +1.0983e-02, +2.8461e-02, -7.8824e-02, +3.3870e-02, +3.6201e-02, -8.1255e-02, +2.7893e-02, -9.9319e-03, -2.8767e-02, +3.5006e-02, +1.7290e-02, -3.9455e-02, -7.8295e-03, +1.0848e-01, -2.4903e-02, +2.8073e-02, -3.0480e-02, +5.8952e-03, -2.1837e-02, +2.4083e-02, -7.3188e-02, -6.6126e-02, -5.7650e-02, -5.8903e-02, -5.6162e-02, +2.4277e-01, -4.5425e-02, -8.3627e-03
+2.1521e-03, +7.2607e-02, +1.2376e-01, +6.6183e-02, +7.1487e-02, +6.6679e-02, -5.4910e-03, +1.0166e-01, +4.4534e-02, -1.0000e+00, -1.0324e-01, +1.5975e-01, +5.2368e-02, +1.4035e-03, +1.2934e-01, -6.2495e-03, +9.6788e-02, +5.4121e-02, -5.4372e-03, -6.2874e-02, +6.6582e-03, +3.2134e-02, +1.5705e-01, -1.6867e-01, +4.6823e-02, +4.4227e-02, -4.6963e-02, +1.0254e-01, +5.6937e-02, +1.6656e-02, -6.0064e-02, +5.7066e-02, -2.2204e-03, +3.2449e-02, +5.9415e-03, -5.4729e-03, -9.8454e-03, +3.8028e-02, +6.1945e-02, +2.6172e-02, +9.1325e-02, +2.2998e-02, +2.2634e-02, +4.2423e-02, +3.9188e-02, +5.1820e-02, +9.7823e-02, -2.3145e-02, -1.9482e-01, -2.9212e-03
-1.3716e-02, +8.2709e-03, -1.6165e-01, -1.0878e-01, +6.8925e-02, -1.5462e-01, -7.6023e-02, -3.0101e-03, +1.8546e-02, -1.0324e-01, -1.0000e+00, +3.7249e-03, -1.2223e-01, -6.2979e-02, -9.7975e-02, +3.6078e-02, +1.5706e-01, -6.5259e-02, -7.7366e-02, +1.2830e-03, -9.3771e-03, +6.1365e-02, +5.3830e-02, -7.2085e-02, -2.0511e-02, -6.8460e-02, -1.2901e-01, -9.4164e-02, -3.8477e-02, -2.1293e-02, -9.6852e-02, -4.7784e-02, -2.2159e-02, -2.1475e-02, +7.0885e-02, +2.4775e-01, -6.7168e-02, -5.6742e-02, -3.4758e-03, +2.1343e-02, -7.2179e-02, +3.2445e-02, +2.2653e-03, -3.9349e-02, -9.2822e-02, +2.1070e-02, -1.3284e-01, -8.1457e-03, +6.6882e-02, -2.7254e-02
-8.5394e-02, -6.7548e-02, +3.3272e-02, -8.0702e-02, -1.1603e-01, +2.8952e-02, +1.0220e-02, -8.7350e-03, +1.9355e-03, +1.5975e-01, +3.7249e-03, -1.0000e+00, +4.0068e-02, +1.5503e-02, +1.6587e-02, +7.3060e-02, +3.4961e-01, -4.4813e-02, +6.1732e-03, +3.8444e-02, -9.5235e-03, +1.7556e-02, -3.8478e-02, +8.3481e-02, -1.7113e-02, +2.4469e-02, -1.1165e-02, -1.5111e-01, -6.1275e-02, -1.0149e-02, -2.5063e-03, +9.7786e-02, +1.1725e-01, +3.1298e-02, +7.2791e-03, +1.5890e-01, -9.6380e-02, -1.0780e-01, -1.4506e-01, -7.6861e-03, -1.9794e-02, -2.0989e-02, -2.5117e-02, -2.6494e-02, -2.1679e-02, -1.2958e-01, +7.1315e-03, +2.8485e-01, -1.9597e-01, -2.6726e-02
+1.5340e-01, +3.3132e-02, -1.6144e-01, -5.9823e-02, +1.3111e-01, -8.4102e-02, +1.0249e-01, +9.0483e-02, +4.6916e-02, +5.2368e-02, -1.2223e-01, +4.0068e-02, -1.0000e+00, +4.2056e-03, -6.1250e-02, -3.3894e-03, +6.8280e-02, +6.8241e-03, +4.1295e-02, -1.1215e-01, +9.5846e-02, +1.0053e-01, +2.2032e-02, -5.8896e-02, -7.4350e-02, -1.2538e-01, -6.9605e-02, +5.0613e-02, -2.7134e-02, -3.9075e-02, -6.3582e-02, -8.4781e-03, +9.4923e-02, -4.0167e-02, +4.4190e-02, +7.3716e-02, +4.2877e-02, -2.1189e-02, +7.3171e-02, +5.8663e-03, -7.8273e-02, +5.0983e-02, -1.4404e-02, +7.7263e-03, -1.9063e-02, +7.4796e-02, -6.4002e-02, -2.1996e-01, -7.9373e-02, -1.0085e-03
+1.3098e-02, -5.3966e-03, -7.6365e-02, +1.9963e-02, +1.7367e-02, -1.0305e-01, +4.9638e-03, -2.7332e-02, +1.5753e-02, +1.4035e-03, -6.2979e-02, +1.5503e-02, +4.2056e-03, -1.0000e+00, -3.4777e-02, -3.4713e-04, +7.3604e-02, -6.1523e-02, -6.6345e-02, +2.6417e-02, +8.4907e-04, +8.1115e-03, +8.8707e-03, -1.0043e-01, +1.4883e-02, -1.5439e-02, -8.7921e-02, -8.1553e-02, +4.0323e-03, +5.8978e-04, -1.1630e-01, -2.4793e-02, +5.8094e-02, -5.6672e-03, +1.4680e-02, +7.0776e-02, -2.2004e-02, -3.7814e-02, +1.0948e-01, +2.8727e-02, -6.8518e-02, -1.5958e-02, -2.8719e-02, +3.2149e-02, -5.6559e-02, -2.7548e-02, -1.1152e-01, -1.5537e-02, +6.1943e-02, +3.0525e-02
-1.4008e-01, +3.0940e-02, -5.7968e-02, +2.9572e-02, -7.6515e-02, -2.5924e-01, +1.0542e-03, +2.5139e-02, -9.1905e-02, +1.2934e-01, -9.7975e-02, +1.6587e-02, -6.1250e-02, -3.4777e-02, -1.0000e+00, -8.4874e-02, -1.2387e-01, -7.5073e-02, -1.8261e-01, -1.2224e-01, -1.2481e-01, -3.3928e-02, -2.1781e-02, -5.9193e-02, -5.9616e-03, -6.2265e-02, -1.9712e-01, -1.1527e-01, -7.5726e-02, +2.9110e-04, -1.4709e-01, -1.9407e-02, +1.8401e-01, -5.7029e-02, -1.1149e-03, +2.7196e-01, +4.2548e-02, -3.7554e-02, +5.8131e-03, -2.5576e-02, -1.0503e-01, +8.1810e-03, -5.2275e-02, -6.5682e-03, -1.1832e-01, -6.0337e-02, -9.8341e-02, +2.6460e-01, -3.1829e-02, -3.8339e-02
+8.9310e-02, -2.6752e-02, +4.2359e-04, +1.2289e-02, +2.7369e-02, +4.1485e-02, +5.8982e-02, +9.5438e-02, +7.7136e-02, -6.2495e-03, +3.6078e-02, +7.3060e-02, -3.3894e-03, -3.4714e-04, -8.4874e-02, -1.0000e+00, -5.1255e-02, +5.2911e-02, -1.2517e-03, +1.8257e-02, -5.2380e-02, -6.4937e-02, +1.2492e-02, +2.6979e-02, -9.6018e-03, +3.5615e-02, +6.4988e-02, +7.8559e-02, -6.1610e-03, +1.4480e-02, +1.0141e-01, +3.5955e-03, -1.4599e-01, -3.2699e-02, -3.8698e-02, +8.2000e-02, +6.8749e-02, +1.9160e-02, +2.9712e-02, +2.3862e-02, +1.2519e-01, -6.2122e-03, +4.1736e-02, -1.9409e-02, +4.3374e-02, -1.0023e-02, +5.2351e-02, -3.9194e-02, -2.9186e-02, +4.1827e-02
+1.6921e-02, +6.4277e-02, +8.5360e-03, +1.4674e-01, +2.1477e-02, +3.5855e-02, +9.6534e-02, +3.3208e-01, -1.9319e-01, +9.6788e-02, +1.5706e-01, +3.4961e-01, +6.8280e-02, +7.3604e-02, -1.2387e-01, -5.1255e-02, -1.0000e+00, +1.3743e-01, -6.6133e-04, +3.6351e-02, -1.1640e-01, +1.0415e-01, +5.3620e-02, -3.0459e-02, +3.3670e-02, +5.4326e-02, +7.0312e-02, +4.1981e-02, +1.0506e-01, +2.5646e-02, +1.8600e-02, -5.5315e-02, -8.5748e-02, -7.8801e-02, -4.5549e-02, -3.3876e-02, +6.4442e-02, +7.0133e-02, +7.7760e-02, +1.0128e-02, +5.2038e-02, +2.6857e-02, -6.7021e-02, -4.6312e-02, +2.1960e-01, +3.7767e-02, +6.0292e-02, +1.6815e-01, -2.5095e-01, -1.7043e-02
-3.7617e-02, -1.0563e-01, -1.3845e-01, -3.6301e-02, -8.4795e-02, -4.5457e-02, -7.1223e-02, -1.1394e-01, +5.2343e-02, +5.4121e-02, -6.5259e-02, -4.4813e-02, +6.8241e-03, -6.1523e-02, -7.5072e-02, +5.2911e-02, +1.3743e-01, -1.0000e+00, -7.9250e-03, -1.1662e-01, -2.8459e-02, -1.0374e-01, +2.7493e-02, -4.1245e-02, -5.4819e-02, -8.5810e-02, -4.9000e-02, -1.6121e-01, -1.3638e-01, -2.0445e-02, -5.6567e-02, +2.4743e-02, -4.7635e-02, +2.6419e-02, -4.1416e-02, +1.2151e-01, +1.6806e-02, -5.8801e-02, +6.5342e-02, -2.4880e-02, -7.1923e-04, -4.7096e-03, -1.6597e-02, -4.8452e-03, -8.6881e-02, +2.5480e-03, -7.5535e-02, +8.1932e-02, +6.1326e-02, +9.7790e-03
-9.8159e-02, -5.6286e-02, -1.5191e-02, -4.7419e-02, -2.7870e-02, -1.9881e-01, +1.7987e-02, -3.7802e-03, -4.6526e-02, -5.4372e-03, -7.7366e-02, +6.1732e-03, +4.1295e-02, -6.6345e-02, -1.8261e-01, -1.2517e-03, -6.6133e-04, -7.9250e-03, -1.0000e+00, -8.1765e-02, -5.2282e-02, -1.7396e-02, -1.9189e-02, -1.4490e-01, -1.2184e-02, -7.9879e-02, -8.0941e-02, -5.5726e-02, +1.2391e-02, -4.2317e-02, -7.1244e-02, +4.9324e-03, +1.5626e-01, -4.7409e-02, -2.5152e-02, +3.4543e-02, +2.3906e-01, -1.0413e-01, -2.2904e-02, -2.2894e-02, +5.9330e-03, +4.1884e-02, -4.8917e-02, -8.1992e-02, -7.5705e-02, -1.3816e-01, -1.0158e-01, +9.7388e-02, +3.4567e-02, -6.2430e-03
+1.1271e-01, +1.5906e-02, -6.9776e-02, -9.3226e-02, -2.1739e-02, +8.2279e-03, +6.0713e-02, +6.7761e-02, -6.0603e-02, -6.2874e-02, +1.2830e-03, +3.8444e-02, -1.1215e-01, +2.6417e-02, -1.2224e-01, +1.8257e-02, +3.6351e-02, -1.1662e-01, -8.1765e-02, -1.0000e+00, -8.6987e-02, -9.9311e-02, -1.5979e-02, -4.0635e-02, +3.7049e-02, -7.2608e-02, -2.9075e-02, -6.2751e-02, -1.1958e-02, -1.0652e-01, -6.0516e-02, -2.8812e-02, +9.7274e-02, -8.7065e-02, -4.2475e-02, +7.7944e-02, +1.7036e-01, -5.3302e-02, -1.5672e-02, +3.1510e-02, -1.9945e-02, +7.8310e-02, -4.5685e-02, -7.0345e-02, -1.7884e-01, +1.2044e-02, -5.8147e-02, +4.8132e-02, -2.1319e-03, +7.7373e-02
-3.3929e-02, -8.8159e-02, -2.3427e-02, -6.1038e-02, -9.8625e-02, +3.0977e-03, -8.1732e-04, -2.2811e-02, -6.9991e-02, +6.6582e-03, -9.3771e-03, -9.5235e-03, +9.5846e-02, +8.4907e-04, -1.2481e-01, -5.2380e-02, -1.1640e-01, -2.8459e-02, -5.2282e-02, -8.6987e-02, -1.0000e+00, +5.3342e-02, -1.6394e-03, +1.0666e-02, +4.1938e-02, +1.3254e-02, +2.1123e-02, -1.9048e-02, +1.8933e-02, -2.1190e-02, -1.5357e-02, +4.1243e-02, -1.2030e-01, +2.0652e-02, -7.4251e-02, +1.0331e-01, +6.5467e-04, -4.7165e-02, +4.4021e-03, +3.4469e-03, +2.2461e-02, +1.0889e-01, +3.5587e-03, -5.7370e-02, -1.1310e-01, +1.4372e-02, -1.6701e-02, +2.1458e-01, +9.8319e-02, +7.4676e-02
-7.0712e-02, -7.0889e-02, +7.0448e-02, -4.5817e-02, -1.1068e-01, +9.9668e-02, -1.0410e-02, +9.2519e-02, -5.6837e-02, +3.2134e-02, +6.1365e-02, +1.7556e-02, +1.0053e-01, +8.1115e-03, -3.3928e-02, -6.4937e-02, +1.0415e-01, -1.0374e-01, -1.7396e-02, -9.9311e-02, +5.3342e-02, -1.0000e+00, +5.4679e-02, +2.1608e-02, -2.3806e-02, -7.4898e-02, +6.3966e-02, -1.2094e-01, -5.4363e-02, -6.4227e-02, -7.8371e-02, +8.7564e-02, -1.4244e-01, +8.1932e-02, +9.8892e-03, +2.3955e-01, +6.2974e-03, -1.1943e-02, -1.1851e-01, +5.6900e-02, +5.8482e-02, -9.1471e-02, +4.7736e-02, -6.2459e-02, -9.6456e-02, +4.6492e-02, -3.0616e-02, +2.7745e-01, +3.7781e-03, +5.7007e-02
+3.7485e-02, -1.7393e-02, +1.3902e-03, +1.8452e-02, +2.8854e-02, -4.5484e-02, -1.9260e-02, -4.0950e-02, +1.0983e-02, +1.5705e-01, +5.3830e-02, -3.8478e-02, +2.2032e-02, +8.8707e-03, -2.1781e-02, +1.2492e-02, +5.3620e-02, +2.7493e-02, -1.9189e-02, -1.5979e-02, -1.6394e-03, +5.4679e-02, -1.0000e+00, -1.1361e-02, -1.3809e-02, -2.6677e-02, -4.0948e-02, +1.2504e-03, -4.8938e-02, +2.9614e-02, +2.6173e-02, -2.9362e-02, +1.2104e-01, -2.4041e-02, -7.8173e-03, -8.1292e-02, +4.0653e-02, -1.0830e-02, +1.7471e-03, -4.5760e-02, -3.4109e-02, -6.8940e-02, -2.5195e-03, -1.6934e-02, -2.4949e-02, -4.3126e-02, -6.4161e-02, -2.2307e-02, +4.7842e-02, +1.0219e-02
-2.5829e-02, -5.7106e-03, -1.6432e-01, -6.2140e-02, +1.9095e-03, -6.2625e-02, -2.7525e-02, +1.3592e-01, +2.8461e-02, -1.6867e-01, -7.2085e-02, +8.3481e-02, -5.8896e-02, -1.0043e-01, -5.9193e-02, +2.6979e-02, -3.0459e-02, -4.1245e-02, -1.4490e-01, -4.0635e-02, +1.0666e-02, +2.1608e-02, -1.1361e-02, -1.0000e+00, -1.1865e-02, -4.7753e-02, -1.2100e-01, -7.0613e-03, +4.9265e-02, +8.4835e-02, -1.3442e-01, -6.7870e-02, -1.9216e-02, +3.6941e-03, +8.5889e-02, +1.2049e-01, +6.4939e-02, -6.7763e-03, +8.1185e-02, +4.1538e-04, -1.4600e-02, +2.2912e-02, -2.6644e-02, +8.7844e-02, -6.3404e-03, -5.6749e-02, -1.1315e-01, -8.2271e-02, +8.3066e-02, -2.9075e-02
+4.9964e-02, -6.4172e-02, -1.3472e-02, -7.8355e-02, -7.9726e-02, -9.7221e-02, -5.9716e-02, -2.3239e-02, -7.8824e-02, +4.6823e-02, -2.0511e-02, -1.7113e-02, -7.4350e-02, +1.4883e-02, -5.9616e-03, -9.6018e-03, +3.3670e-02, -5.4819e-02, -1.2184e-02, +3.7049e-02, +4.1938e-02, -2.3806e-02, -1.3809e-02, -1.1865e-02, -1.0000e+00, +7.0323e-04, -1.6825e-02, -1.5158e-01, -3.8670e-02, +3.9776e-02, +9.7835e-03, -1.9757e-03, -3.7841e-02, +2.5162e-02, +2.5145e-03, +4.5274e-02, -1.9761e-02, +3.0263e-02, +4.4156e-02, -2.3397e-02, -5.6272e-02, +1.1090e-01, +1.2793e-02, -4.1803e-02, -9.7917e-03, -8.6794e-03, -1.3439e-02, +4.2230e-02, +4.6870e-03, +5.1961e-02
-7.8015e-02, -3.6635e-02, -7.2348e-02, -4.3388e-02, +2.5946e-02, -6.5773e-02, +1.6205e-02, +9.9816e-04, +3.3870e-02, +4.4227e-02, -6.8460e-02, +2.4469e-02, -1.2538e-01, -1.5439e-02, -6.2265e-02, +3.5615e-02, +5.4326e-02, -8.5810e-02, -7.9879e-02, -7.2608e-02, +1.3254e-02, -7.4898e-02, -2.6677e-02, -4.7753e-02, +7.0323e-04, -1.0000e+00, -7.2918e-02, +8.6851e-03, -5.9445e-02, -1.2768e-01, -3.1308e-02, +4.8573e-02, +8.2237e-02, -7.5916e-02, -2.0924e-02, +5.4796e-02, +5.4340e-02, +2.7054e-03, +3.5696e-02, +3.5807e-02, -8.9323e-02, -1.2086e-02, -4.6964e-02, -5.1253e-02, -8.5217e-02, +5.5415e-02, -6.4111e-03, +1.5171e-02, +2.2972e-02, +6.6293e-03
-1.2972e-01, -3.0330e-02, -1.0918e-01, +7.9922e-03, +2.4473e-02, -1.8565e-01, -5.9709e-02, +4.8810e-03, +3.6201e-02, -4.6963e-02, -1.2901e-01, -1.1165e-02, -6.9605e-02, -8.7921e-02, -1.9712e-01, +6.4988e-02, +7.0312e-02, -4.9000e-02, -8.0941e-02, -2.9075e-02, +2.1123e-02, +6.3966e-02, -4.0948e-02, -1.2100e-01, -1.6825e-02, -7.2918e-02, -1.0000e+00, -8.0672e-02, -1.3410e-01, -1.8991e-02, -2.2219e-01, +5.1839e-02, +3.3603e-01, -1.0911e-01, +6.5827e-03, +2.6171e-02, -2.3450e-03, -2.3572e-02, +1.3937e-02, -3.8341e-02, -1.7142e-01, +3.6928e-02, -2.1900e-02, +3.3026e-02, -4.9407e-02, -1.0469e-01, -1.6784e-01, +2.5153e-02, +6.1769e-02, -2.6813e-02
-1.2699e-01, -7.4217e-02, -5.5514e-02, -1.8405e-01, -1.9710e-01, -6.9865e-02, -9.5394e-02, -7.0471e-02, -8.1255e-02, +1.0254e-01, -9.4164e-02, -1.5111e-01, +5.0613e-02, -8.1553e-02, -1.1527e-01, +7.8559e-02, +4.1981e-02, -1.6121e-01, -5.5726e-02, -6.2751e-02, -1.9048e-02, -1.2094e-01, +1.2505e-03, -7.0613e-03, -1.5158e-01, +8.6851e-03, -8.0672e-02, -1.0000e+00, -1.3198e-01, +2.1373e-02, -1.1333e-01, +3.6348e-02, +2.6022e-02, +1.3133e-02, -5.9082e-02, +1.9382e-01, +2.2289e-02, -6.8593e-02, -5.0255e-02, -5.5173e-02, -8.4961e-02, +3.0128e-02, -4.0229e-02, -3.1084e-03, -4.8291e-02, -2.0891e-02, -1.4490e-01, +2.9892e-01, -1.1155e-01, -5.6446e-02
-1.3391e-01, -5.1277e-02, -6.0036e-02, -2.1686e-02, -5.0444e-02, -8.8005e-02, -3.7470e-02, -5.3307e-02, +2.7893e-02, +5.6937e-02, -3.8477e-02, -6.1275e-02, -2.7134e-02, +4.0323e-03, -7.5726e-02, -6.1610e-03, +1.0506e-01, -1.3638e-01, +1.2391e-02, -1.1958e-02, +1.8933e-02, -5.4363e-02, -4.8938e-02, +4.9265e-02, -3.8670e-02, -5.9445e-02, -1.3410e-01, -1.3198e-01, -1.0000e+00, -2.2318e-03, -1.4674e-01, -5.4651e-02, +7.3694e-02, -1.2368e-02, -5.1893e-02, +1.2322e-01, -1.2916e-02, -5.6155e-02, +1.6285e-02, -1.0244e-02, +1.0944e-02, +2.4811e-02, +7.5715e-03, +3.6804e-02, -5.3144e-02, -1.2892e-02, -4.6872e-02, +1.0426e-01, -4.1265e-02, -2.0052e-03
-1.1216e-01, -1.9554e-02, +1.3326e-02, -6.0282e-02, +2.4975e-03, +2.5823e-02, +2.8221e-02, -1.0372e-02, -9.9319e-03, +1.6656e-02, -2.1293e-02, -1.0149e-02, -3.9075e-02, +5.8979e-04, +2.9110e-04, +1.4480e-02, +2.5646e-02, -2.0445e-02, -4.2317e-02, -1.0652e-01, -2.1190e-02, -6.4227e-02, +2.9614e-02, +8.4835e-02, +3.9776e-02, -1.2768e-01, -1.8991e-02, +2.1373e-02, -2.2318e-03, -1.0000e+00, +3.0066e-02, +4.1692e-02, -1.2952e-01, +5.0519e-02, -4.0260e-02, -1.3997e-02, +8.5633e-02, +3.5622e-02, -9.9465e-02, +6.6034e-02, +3.8045e-02, +9.4507e-02, +1.6931e-02, -8.6176e-02, -5.6077e-02, +1.0507e-01, -2.5566e-02, +6.0260e-02, -7.8216e-03, +4.5649e-02
-1.2948e-01, -6.0720e-03, -8.9531e-02, -8.5856e-02, +3.0260e-02, -2.1507e-01, -1.8584e-04, -3.1157e-02, -2.8767e-02, -6.0064e-02, -9.6852e-02, -2.5063e-03, -6.3582e-02, -1.1630e-01, -1.4709e-01, +1.0141e-01, +1.8600e-02, -5.6567e-02, -7.1244e-02, -6.0516e-02, -1.5357e-02, -7.8371e-02, +2.6173e-02, -1.3442e-01, +9.7835e-03, -3.1308e-02, -2.2219e-01, -1.1333e-01, -1.4674e-01, +3.0066e-02, -1.0000e+00, -1.6291e-02, +1.9632e-01, -4.5764e-02, +2.2742e-02, +1.4953e-01, -8.0985e-02, -1.9678e-02, +4.2519e-03, +6.3764e-04, -2.3220e-01, -9.6354e-03, -2.4589e-02, +2.4863e-02, -3.6856e-02, -3.4065e-02, -1.8715e-01, +1.8942e-01, -3.1795e-02, -3.5134e-02
-4.9181e-03, +3.0886e-02, +2.9789e-02, -7.3347e-03, +2.1283e-02, -3.0845e-03, +6.3769e-02, +1.6877e-02, +3.5006e-02, +5.7066e-02, -4.7784e-02, +9.7786e-02, -8.4781e-03, -2.4793e-02, -1.9407e-02, +3.5955e-03, -5.5315e-02, +2.4743e-02, +4.9324e-03, -2.8812e-02, +4.1243e-02, +8.7564e-02, -2.9362e-02, -6.7870e-02, -1.9757e-03, +4.8573e-02, +5.1839e-02, +3.6348e-02, -5.4651e-02, +4.1692e-02, -1.6291e-02, -1.0000e+00, -9.7127e-02, +1.7646e-01, -3.0010e-02, +8.0019e-02, +7.0714e-03, -3.3492e-02, -1.2843e-02, +5.5793e-02, +5.2770e-02, -8.1104e-03, +9.8005e-03, +1.0783e-01, -6.0407e-03, +3.5560e-02, +1.6517e-02, -1.7046e-02, -3.1060e-02, -1.3465e-03
+8.8127e-02, -4.5832e-02, -1.2213e-01, -9.7239e-02, +2.1921e-02, +2.0361e-01, +1.8213e-02, +1.8681e-02, +1.7290e-02, -2.2204e-03, -2.2159e-02, +1.1725e-01, +9.4923e-02, +5.8094e-02, +1.8401e-01, -1.4599e-01, -8.5748e-02, -4.7635e-02, +1.5626e-01, +9.7274e-02, -1.2030e-01, -1.4244e-01, +1.2104e-01, -1.9216e-02, -3.7841e-02, +8.2237e-02, +3.3603e-01, +2.6022e-02, +7.3694e-02, -1.2952e-01, +1.9632e-01, -9.7127e-02, -1.0000e+00, +3.5702e-01, +4.9406e-02, +1.2807e-01, +6.6505e-02, +1.0147e-02, -1.5307e-01, +1.3232e-01, +2.2586e-01, +4.2540e-02, +6.4004e-02, -7.7458e-02, +5.6712e-02, +7.5776e-02, +8.4914e-02, -9.4594e-02, +8.8225e-02, +3.5083e-02
-2.2752e-02, +7.1305e-02, +1.8629e-02, +2.7197e-02, +2.2349e-02, -9.9569e-02, -6.4263e-02, +4.0363e-02, -3.9455e-02, +3.2449e-02, -2.1475e-02, +3.1298e-02, -4.0167e-02, -5.6673e-03, -5.7029e-02, -3.2699e-02, -7.8801e-02, +2.6419e-02, -4.7409e-02, -8.7065e-02, +2.0652e-02, +8.1932e-02, -2.4041e-02, +3.6941e-03, +2.5161e-02, -7.5916e-02, -1.0911e-01, +1.3133e-02, -1.2368e-02, +5.0519e-02, -4.5764e-02, +1.7646e-01, +3.5702e-01, -1.0000e+00, -2.8037e-02, -4.6270e-03, -5.9005e-02, -8.6180e-03, +1.1855e-01, -7.9489e-02, -8.0320e-02, +8.8725e-02, -4.1874e-02, -3.6661e-03, +1.7714e-02, -2.7406e-02, -2.4539e-02, -2.9457e-02, -4.8499e-02, -1.9433e-02
-5.8875e-02, -2.8817e-02, +1.3924e-01, -4.6181e-02, -9.2962e-02, +2.5818e-02, +2.9348e-02, -4.6207e-02, -7.8295e-03, +5.9415e-03, +7.0885e-02, +7.2791e-03, +4.4190e-02, +1.4680e-02, -1.1149e-03, -3.8698e-02, -4.5549e-02, -4.1416e-02, -2.5152e-02, -4.2475e-02, -7.4251e-02, +9.8892e-03, -7.8173e-03, +8.5889e-02, +2.5145e-03, -2.0924e-02, +6.5827e-03, -5.9082e-02, -5.1893e-02, -4.0260e-02, +2.2742e-02, -3.0010e-02, +4.9406e-02, -2.8037e-02, -1.0000e+00, -7.2695e-02, -1.8222e-02, +1.9766e-02, -2.1860e-02, -1.5937e-02, +1.3049e-02, +6.5597e-02, -4.1036e-02, -7.5841e-04, -3.7237e-02, +2.8017e-02, -1.0596e-02, +1.6626e-01, +4.6122e-04, +1.3908e-02
+1.4841e-01, -2.0523e-02, +1.8173e-01, +6.1935e-02, +7.7498e-02, -1.5498e-02, -4.4701e-02, -1.1494e-01, +1.0848e-01, -5.4729e-03, +2.4775e-01, +1.5890e-01, +7.3716e-02, +7.0776e-02, +2.7196e-01, +8.2000e-02, -3.3876e-02, +1.2151e-01, +3.4543e-02, +7.7944e-02, +1.0331e-01, +2.3955e-01, -8.1292e-02, +1.2049e-01, +4.5274e-02, +5.4796e-02, +2.6171e-02, +1.9382e-01, +1.2322e-01, -1.3997e-02, +1.4953e-01, +8.0019e-02, +1.2807e-01, -4.6270e-03, -7.2695e-02, -1.0000e+00, +1.8384e-01, +9.6940e-02, -1.6761e-02, +7.2118e-03, -5.5451e-03, -1.0591e-01, +4.0813e-02, +1.2564e-01, +3.1660e-01, +4.1620e-02, +1.2412e-01, -5.0123e-01, +3.8834e-01, +6.8360e-02
+6.6824e-02, +3.5052e-02, -3.0622e-02, +9.3949e-03, -1.2894e-01, +6.4811e-02, -6.6045e-02, -9.7240e-02, -2.4903e-02, -9.8454e-03, -6.7168e-02, -9.6380e-02, +4.2877e-02, -2.2004e-02, +4.2548e-02, +6.8749e-02, +6.4442e-02, +1.6806e-02, +2.3906e-01, +1.7036e-01, +6.5467e-04, +6.2974e-03, +4.0653e-02, +6.4939e-02, -1.9761e-02, +5.4340e-02, -2.3450e-03, +2.2289e-02, -1.2916e-02, +8.5633e-02, -8.0985e-02, +7.0715e-03, +6.6505e-02, -5.9005e-02, -1.8222e-02, +1.8384e-01, -1.0000e+00, +1.1728e-01, -5.2490e-02, +4.3132e-03, -5.0469e-02, -1.0319e-02, +7.4859e-02, +1.3112e-01, -6.7541e-02, +5.7223e-02, -3.0586e-03, +2.6003e-01, -8.2390e-02, -8.4694e-02
-5.3683e-02, +6.8054e-03, +2.3632e-02, -7.4449e-02, +6.7525e-02, -1.0960e-01, -2.9101e-02, +8.8845e-04, +2.8073e-02, +3.8028e-02, -5.6742e-02, -1.0780e-01, -2.1189e-02, -3.7814e-02, -3.7554e-02, +1.9160e-02, +7.0132e-02, -5.8801e-02, -1.0413e-01, -5.3302e-02, -4.7165e-02, -1.1942e-02, -1.0830e-02, -6.7764e-03, +3.0263e-02, +2.7054e-03, -2.3572e-02, -6.8593e-02, -5.6155e-02, +3.5622e-02, -1.9678e-02, -3.3492e-02, +1.0147e-02, -8.6180e-03, +1.9766e-02, +9.6940e-02, +1.1728e-01, -1.0000e+00, -1.3973e-02, +2.5898e-02, -8.8510e-03, +2.2513e-02, -1.4330e-03, -4.0605e-02, -6.2111e-02, -1.4413e-02, -4.2895e-02, +5.9400e-02, +6.7976e-03, -2.9663e-02
-7.9238e-02, -1.1076e-01, +4.1113e-02, -1.0764e-01, -2.7334e-02, +5.2564e-02, +3.4295e-02, -8.5007e-02, -3.0480e-02, +6.1945e-02, -3.4758e-03, -1.4506e-01, +7.3171e-02, +1.0948e-01, +5.8131e-03, +2.9712e-02, +7.7760e-02, +6.5342e-02, -2.2904e-02, -1.5672e-02, +4.4021e-03, -1.1851e-01, +1.7471e-03, +8.1185e-02, +4.4156e-02, +3.5696e-02, +1.3937e-02, -5.0255e-02, +1.6285e-02, -9.9465e-02, +4.2519e-03, -1.2843e-02, -1.5307e-01, +1.1855e-01, -2.1860e-02, -1.6761e-02, -5.2490e-02, -1.3973e-02, -1.0000e+00, +2.1636e-02, +3.3704e-02, -3.6143e-02, +4.5375e-02, -1.6316e-02, -3.5972e-02, -8.0579e-03, -5.0510e-02, +1.5468e-01, +1.8298e-02, -1.0861e-02
-5.4451e-02, +6.8926e-03, -1.0235e-02, +4.8802e-02, -5.8647e-02, -4.9911e-02, -3.8149e-02, -1.1030e-01, +5.8952e-03, +2.6172e-02, +2.1343e-02, -7.6861e-03, +5.8663e-03, +2.8727e-02, -2.5576e-02, +2.3862e-02, +1.0128e-02, -2.4880e-02, -2.2894e-02, +3.1510e-02, +3.4469e-03, +5.6900e-02, -4.5760e-02, +4.1539e-04, -2.3397e-02, +3.5807e-02, -3.8341e-02, -5.5173e-02, -1.0244e-02, +6.6034e-02, +6.3764e-04, +5.5793e-02, +1.3232e-01, -7.9489e-02, -1.5937e-02, +7.2118e-03, +4.3132e-03, +2.5898e-02, +2.1636e-02, -1.0000e+00, +1.0526e-02, +7.1009e-02, -2.7433e-02, -4.0524e-02, +4.4998e-02, -6.5959e-02, -4.7754e-02, +8.5695e-02, -1.5025e-01, +9.4559e-02
-6.7521e-02, -2.6644e-02, -2.6892e-02, -4.0808e-02, +1.9781e-02, -1.1206e-01, +8.4768e-03, -5.0114e-02, -2.1837e-02, +9.1325e-02, -7.2179e-02, -1.9794e-02, -7.8273e-02, -6.8518e-02, -1.0503e-01, +1.2519e-01, +5.2038e-02, -7.1922e-04, +5.9330e-03, -1.9945e-02, +2.2461e-02, +5.8482e-02, -3.4109e-02, -1.4600e-02, -5.6272e-02, -8.9323e-02, -1.7142e-01, -8.4961e-02, +1.0944e-02, +3.8045e-02, -2.3220e-01, +5.2770e-02, +2.2586e-01, -8.0320e-02, +1.3049e-02, -5.5451e-03, -5.0469e-02, -8.8510e-03, +3.3704e-02, +1.0526e-02, -1.0000e+00, -3.6191e-02, -1.4939e-05, +7.6119e-03, -3.3502e-02, -6.8980e-02, -8.9983e-02, +6.2262e-02, +4.2251e-02, +1.2488e-03
-2.9615e-03, -1.1856e-02, +2.1990e-03, +5.2792e-02, +6.4882e-04, -2.0723e-02, +3.0274e-02, +1.4000e-02, +2.4083e-02, +2.2998e-02, +3.2445e-02, -2.0989e-02, +5.0983e-02, -1.5958e-02, +8.1810e-03, -6.2123e-03, +2.6857e-02, -4.7096e-03, +4.1884e-02, +7.8310e-02, +1.0889e-01, -9.1471e-02, -6.8940e-02, +2.2912e-02, +1.1090e-01, -1.2086e-02, +3.6928e-02, +3.0128e-02, +2.4811e-02, +9.4507e-02, -9.6354e-03, -8.1104e-03, +4.2540e-02, +8.8725e-02, +6.5597e-02, -1.0591e-01, -1.0319e-02, +2.2513e-02, -3.6143e-02, +7.1009e-02, -3.6191e-02, -1.0000e+00, -2.6325e-02, +3.6250e-02, +4.1412e-02, +1.3430e-02, +2.9581e-02, -4.4311e-02, +5.2259e-02, +1.1790e-01
-4.0989e-02, -1.3181e-02, +1.8381e-02, -5.0513e-02, -1.9804e-02, +2.4950e-03, +2.4064e-04, +4.2161e-02, -7.3188e-02, +2.2634e-02, +2.2653e-03, -2.5117e-02, -1.4404e-02, -2.8719e-02, -5.2275e-02, +4.1736e-02, -6.7021e-02, -1.6597e-02, -4.8917e-02, -4.5685e-02, +3.5587e-03, +4.7736e-02, -2.5195e-03, -2.6644e-02, +1.2793e-02, -4.6964e-02, -2.1900e-02, -4.0229e-02, +7.5715e-03, +1.6931e-02, -2.4589e-02, +9.8005e-03, +6.4004e-02, -4.1874e-02, -4.1036e-02, +4.0813e-02, +7.4859e-02, -1.4330e-03, +4.5375e-02, -2.7433e-02, -1.4939e-05, -2.6325e-02, -1.0000e+00, -1.9210e-02, -2.0266e-02, -5.9971e-03, -1.3254e-02, +6.7280e-02, -3.9942e-02, -1.1995e-02
+6.3770e-02, -3.0313e-02, -4.9401e-04, -4.4170e-02, +2.3004e-02, +2.2266e-02, +5.1954e-02, +2.9502e-02, -6.6126e-02, +4.2423e-02, -3.9349e-02, -2.6494e-02, +7.7263e-03, +3.2149e-02, -6.5682e-03, -1.9409e-02, -4.6312e-02, -4.8452e-03, -8.1992e-02, -7.0345e-02, -5.7370e-02, -6.2459e-02, -1.6934e-02, +8.7844e-02, -4.1803e-02, -5.1253e-02, +3.3026e-02, -3.1084e-03, +3.6804e-02, -8.6176e-02, +2.4863e-02, +1.0783e-01, -7.7458e-02, -3.6661e-03, -7.5841e-04, +1.2564e-01, +1.3112e-01, -4.0605e-02, -1.6316e-02, -4.0524e-02, +7.6119e-03, +3.6250e-02, -1.9210e-02, -1.0000e+00, -5.2838e-02, -5.3130e-02, -3.6656e-02, +1.2149e-01, -4.8576e-02, +6.5000e-02
-9.2256e-02, -4.3454e-02, -5.3693e-02, -8.5077e-02, -7.9443e-02, -3.6705e-02, +4.7936e-02, +7.1370e-02, -5.7650e-02, +3.9188e-02, -9.2822e-02, -2.1679e-02, -1.9063e-02, -5.6559e-02, -1.1832e-01, +4.3374e-02, +2.1960e-01, -8.6881e-02, -7.5705e-02, -1.7884e-01, -1.1310e-01, -9.6456e-02, -2.4949e-02, -6.3404e-03, -9.7917e-03, -8.5217e-02, -4.9407e-02, -4.8291e-02, -5.3144e-02, -5.6077e-02, -3.6856e-02, -6.0407e-03, +5.6712e-02, +1.7714e-02, -3.7237e-02, +3.1660e-01, -6.7541e-02, -6.2111e-02, -3.5972e-02, +4.4998e-02, -3.3502e-02, +4.1412e-02, -2.0266e-02, -5.2838e-02, -1.0000e+00, +1.2239e-02, -1.0920e-01, +2.1142e-01, +3.1986e-02, -9.8521e-03
-5.5450e-02, -2.3229e-02, -1.8827e-02, -2.3662e-02, -6.3900e-02, -6.7065e-02, -6.6581e-02, +7.2830e-03, -5.8903e-02, +5.1820e-02, +2.1070e-02, -1.2958e-01, +7.4796e-02, -2.7548e-02, -6.0337e-02, -1.0023e-02, +3.7767e-02, +2.5480e-03, -1.3816e-01, +1.2044e-02, +1.4372e-02, +4.6492e-02, -4.3126e-02, -5.6749e-02, -8.6794e-03, +5.5415e-02, -1.0469e-01, -2.0891e-02, -1.2892e-02, +1.0507e-01, -3.4065e-02, +3.5560e-02, +7.5776e-02, -2.7406e-02, +2.8017e-02, +4.1620e-02, +5.7223e-02, -1.4413e-02, -8.0579e-03, -6.5959e-02, -6.8980e-02, +1.3430e-02, -5.9971e-03, -5.3130e-02, +1.2239e-02, -1.0000e+00, -8.4176e-02, +5.2863e-02, -3.3473e-02, +5.5971e-02
-7.3560e-02, -2.0571e-02, -1.0157e-01, -1.2906e-01, -1.7650e-02, -1.8655e-01, -9.9553e-02, -9.8519e-02, -5.6162e-02, +9.7823e-02, -1.3284e-01, +7.1315e-03, -6.4002e-02, -1.1152e-01, -9.8341e-02, +5.2351e-02, +6.0292e-02, -7.5535e-02, -1.0158e-01, -5.8147e-02, -1.6701e-02, -3.0616e-02, -6.4161e-02, -1.1315e-01, -1.3439e-02, -6.4111e-03, -1.6784e-01, -1.4490e-01, -4.6872e-02, -2.5566e-02, -1.8715e-01, +1.6517e-02, +8.4914e-02, -2.4539e-02, -1.0596e-02, +1.2412e-01, -3.0586e-03, -4.2895e-02, -5.0510e-02, -4.7754e-02, -8.9983e-02, +2.9581e-02, -1.3254e-02, -3.6656e-02, -1.0920e-01, -8.4176e-02, -1.0000e+00, +1.5357e-01, +2.4079e-02, +4.4578e-02
+3.3890e-01, +1.2730e-01, -1.2458e-01, +7.6540e-02, +3.1014e-01, +1.4312e-02, -5.7601e-02, +1.2159e-01, +2.4277e-01, -2.3145e-02, -8.1457e-03, +2.8485e-01, -2.1996e-01, -1.5537e-02, +2.6460e-01, -3.9194e-02, +1.6815e-01, +8.1932e-02, +9.7388e-02, +4.8132e-02, +2.1458e-01, +2.7745e-01, -2.2307e-02, -8.2271e-02, +4.2230e-02, +1.5171e-02, +2.5153e-02, +2.9892e-01, +1.0426e-01, +6.0260e-02, +1.8942e-01, -1.7046e-02, -9.4594e-02, -2.9457e-02, +1.6626e-01, -5.0123e-01, +2.6003e-01, +5.9400e-02, +1.5468e-01, +8.5695e-02, +6.2262e-02, -4.4311e-02, +6.7280e-02, +1.2149e-01, +2.1142e-01, +5.2863e-02, +1.5357e-01, -1.0000e+00, +5.0396e-01, +2.3711e-02
-5.6113e-02, +4.2421e-02, +6.2014e-02, +1.1290e-01, -4.8304e-02, +1.1220e-01, +1.9021e-02, +7.4576e-02, -4.5425e-02, -1.9482e-01, +6.6882e-02, -1.9597e-01, -7.9373e-02, +6.1943e-02, -3.1829e-02, -2.9186e-02, -2.5095e-01, +6.1326e-02, +3.4567e-02, -2.1319e-03, +9.8319e-02, +3.7781e-03, +4.7842e-02, +8.3066e-02, +4.6870e-03, +2.2972e-02, +6.1769e-02, -1.1155e-01, -4.1265e-02, -7.8216e-03, -3.1795e-02, -3.1060e-02, +8.8225e-02, -4.8499e-02, +4.6122e-04, +3.8834e-01, -8.2390e-02, +6.7976e-03, +1.8298e-02, -1.5025e-01, +4.2251e-02, +5.2259e-02, -3.9942e-02, -4.8576e-02, +3.1986e-02, -3.3473e-02, +2.4079e-02, +5.0396e-01, -1.0000e+00, +7.1649e-02
-4.1156e-02, +2.5406e-03, -2.7865e-03, +2.1220e-02, -1.6151e-02, -5.1140e-02, -2.4036e-03, -2.3217e-02, -8.3627e-03, -2.9212e-03, -2.7254e-02, -2.6726e-02, -1.0085e-03, +3.0525e-02, -3.8339e-02, +4.1827e-02, -1.7043e-02, +9.7790e-03, -6.2430e-03, +7.7373e-02, +7.4676e-02, +5.7007e-02, +1.0219e-02, -2.9075e-02, +5.1961e-02, +6.6293e-03, -2.6813e-02, -5.6446e-02, -2.0052e-03, +4.5649e-02, -3.5134e-02, -1.3466e-03, +3.5083e-02, -1.9433e-02, +1.3908e-02, +6.8360e-02, -8.4694e-02, -2.9663e-02, -1.0861e-02, +9.4559e-02, +1.2489e-03, +1.1790e-01, -1.1995e-02, +6.5000e-02, -9.8521e-03, +5.5971e-02, +4.4578e-02, +2.3711e-02, +7.1649e-02, -1.0000e+00
