-1.0000e+00, +8.0155e-03, -6.4987e-02, -5.1614e-02, +4.6991e-02, -4.7687e-02, +1.3702e-02, +2.3406e-02, -1.4503e-01, -6.4574e-02, -9.6115e-03, -2.2887e-02, +4.0203e-02, -5.6126e-02, -1.3161e-02, +9.6352e-03, -2.4750e-02, -1.8865e-02, +8.3849e-03, +7.3466e-02, +3.3546e-02, -2.5725e-03, +2.8622e-02, -1.0551e-02, -4.6754e-02, -2.9115e-02, +1.1671e-02, -5.2864e-02, -1.9530e-02, -7.0956e-02, -2.5287e-02, -4.4479e-02, -2.9776e-02, -6.3309e-02, +9.9395e-03, -5.5016e-03, +4.9052e-02, +1.7100e-02, +1.3789e-02, +6.6513e-03, +5.0775e-03, +3.8035e-02, +2.8872e-02, -2.8729e-02, -3.0976e-02, -5.6940e-02, +5.3213e-03, +1.1506e-01, +1.7471e-02, +3.1829e-02
+8.0155e-03, -1.0000e+00, +4.0280e-03, -7.4628e-03, -3.0929e-03, +8.6773e-02, +5.8065e-02, -4.7261e-02, -6.6836e-03, +4.4115e-02, +6.4313e-02, -6.4202e-02, +3.8692e-02, +4.5845e-02, -8.8322e-03, +1.5604e-02, +8.7026e-02, -1.2128e-02, +5.0157e-02, -1.2682e-02, +1.4696e-02, +2.7796e-03, +4.9163e-02, +3.9345e-03, +3.3672e-02, +1.8830e-02, +3.1603e-02, +2.6322e-02, -1.1539e-02, +2.1214e-02, +8.0566e-02, +2.0163e-02, -5.4502e-02, -2.2227e-02, -6.1849e-02, +6.9810e-02, -5.2135e-02, +1.5101e-02, +5.2854e-02, +4.1775e-02, +2.9880e-02, -4.2536e-02, +4.1787e-03, +9.1259e-02, -2.9072e-02, -3.5304e-02, -1.7407e-03, -1.0365e-01, +5.4772e-03, -9.0482e-03
-6.4987e-02, +4.0280e-03, -1.0000e+00, -1.2512e-01, -7.7751e-02, -8.6014e-02, -2.3468e-02, +1.0035e-01, -1.0058e-01, +1.2553e-01, -4.2309e-02, -1.7715e-01, +2.2603e-02, -5.1527e-02, +6.0629e-02, -8.9820e-03, +1.1608e-01, +2.0993e-02, -4.9818e-02, -5.9057e-02, -6.2876e-02, +4.8267e-02, +7.1620e-02, +2.7266e-02, -6.4794e-02, -5.5512e-03, -2.3387e-02, -2.0430e-01, -7.1965e-02, -1.7789e-03, -1.6540e-02, -1.0797e-02, +2.1546e-02, +4.1971e-02, +1.1863e-01, -5.7841e-02, +3.4288e-03, +2.0308e-02, -1.7245e-02, +1.9585e-02, +4.0283e-02, +4.5720e-02, -7.2978e-03, -1.2042e-01, -1.5618e-02, -6.5313e-02, -6.4917e-02, +1.2914e-01, -6.4696e-02, -3.3536e-02
-5.1614e-02, -7.4628e-03, -1.2512e-01, -1.0000e+00, -3.2172e-02, -7.6093e-02, -9.9762e-02, +9.0999e-03, +2.0135e-02, +7.8732e-02, -1.1015e-01, -1.0791e-01, -1.0168e-01, -2.5926e-02, +1.1601e-02, +8.8847e-03, +1.0513e-01, +1.8280e-02, -9.3852e-02, -1.3658e-01, -1.7245e-02, +7.9739e-03, +1.6502e-01, -7.4599e-02, -1.5030e-01, -9.6226e-02, +3.4857e-02, -2.9181e-02, -4.9864e-02, -1.0774e-01, -1.3739e-01, +2.9826e-03, -3.3421e-02, -5.5224e-02, +1.1289e-01, -4.2541e-02, +6.5977e-02, +1.0967e-02, -1.2049e-01, +9.4005e-02, -1.0001e-01, +4.0076e-03, -7.7652e-03, -4.2414e-02, -9.6478e-02, -3.2263e-02, +3.3119e-02, +1.1551e-01, +1.8855e-02, -1.6630e-02
+4.6991e-02, -3.0929e-03, -7.7751e-02, -3.2172e-02, -1.0000e+00, -5.1800e-02, -2.4269e-02, -1.4960e-02, +1.0396e-01, +3.4271e-02, -5.2909e-02, -6.7456e-02, -7.2956e-02, +8.1575e-03, -1.7363e-02, +2.0883e-02, +2.9633e-02, -4.5775e-02, -1.4362e-01, -4.8699e-02, +8.7276e-03, -7.6928e-03, +8.1228e-02, -6.3008e-02, +1.7632e-02, -3.9490e-02, -1.4938e-02, -2.5776e-02, -1.9480e-02, -7.4658e-02, +2.8578e-02, -5.2608e-02, -9.4310e-03, +1.1691e-02, +3.9758e-02, +2.7286e-03, +1.5833e-02, +1.1334e-01, -2.3967e-02, +1.4009e-02, +4.5922e-02, +9.6296e-03, +3.0288e-02, +1.0344e-02, +7.1263e-03, +1.0748e-02, -1.5416e-02, +1.1918e-01, +5.8179e-02, -6.7116e-02
-4.7687e-02, +8.6773e-02, -8.6014e-02, -7.6093e-02, -5.1800e-02, -1.0000e+00, +2.4461e-02, +5.5887e-02, +1.9411e-02, +3.3627e-02, -6.7968e-02, +5.6762e-02, +8.9169e-02, -4.5485e-02, -1.0462e-01, -2.1309e-02, -4.9555e-02, -3.5985e-02, -2.2873e-01, -9.9313e-02, +1.0034e-02, -1.6565e-02, -9.1126e-02, -2.2680e-02, -4.0051e-02, -1.8673e-02, -1.0222e-01, -8.1036e-02, -4.3302e-02, -4.2832e-02, -1.1679e-01, -1.0681e-02, -5.8680e-02, -4.7968e-02, -5.4322e-02, -1.6114e-02, +6.8543e-02, -1.4253e-02, -1.1468e-01, -7.6506e-02, -7.8953e-02, +6.0514e-02, -4.2125e-02, -1.6659e-02, +5.8913e-02, +1.4488e-02, -9.9454e-02, +1.7985e-01, +3.9234e-02, +1.6042e-02
+1.3702e-02, +5.8065e-02, -2.3468e-02, -9.9762e-02, -2.4269e-02, +2.4461e-02, -1.0000e+00, -3.2610e-02, -4.1421e-02, +5.3118e-02, -6.3942e-02, +1.2771e-03, +4.1988e-03, -1.0604e-02, -6.2093e-02, +5.6510e-02, +7.0358e-02, +2.7439e-02, -3.0843e-02, +2.5419e-02, +2.7492e-02, -2.5964e-02, +1.1661e-01, -3.5003e-02, +1.4360e-02, +3.2452e-02, -3.5813e-02, -7.4002e-02, +3.7102e-03, -3.0879e-02, -6.7832e-02, +1.1011e-02, -1.1221e-02, -8.1348e-03, +8.3035e-02, -1.0056e-03, +3.2843e-02, +6.8321e-02, -4.8759e-02, +6.9784e-02, -3.2930e-02, -1.1438e-02, +1.0300e-02, -1.5873e-02, -6.7185e-02, -4.4350e-02, +1.4180e-02, -8.6365e-03, -2.6544e-02, -8.7160e-02
+2.3406e-02, -4.7261e-02, +1.0035e-01, +9.0999e-03, -1.4960e-02, +5.5887e-02, -3.2610e-02, -1.0000e+00, +7.5913e-02, -8.5384e-03, -8.2090e-02, +2.7394e-02, -4.9219e-02, -1.3203e-04, -5.2003e-02, -4.9321e-02, +9.1974e-02, -2.7188e-02, +3.7981e-02, -2.0308e-02, +1.1505e-01, +4.6176e-02, +1.4624e-01, -5.7432e-02, -3.7310e-02, +8.4433e-02, +2.0364e-03, -3.2198e-02, +1.1375e-02, -1.4822e-02, -1.9247e-02, -5.9314e-02, -9.6255e-02, -4.6521e-02, -7.7057e-03, +4.5981e-02, -9.2642e-02, +5.1110e-02, -3.5596e-02, -6.7609e-02, +8.8659e-03, -5.3599e-02, -1.1081e-01, +1.2498e-01, +8.6350e-02, -1.9733e-02, +5.0931e-02, +4.4622e-03, -4.7410e-02, +1.2288e-01
-1.4503e-01, -6.6836e-03, -1.0058e-01, +2.0135e-02, +1.0396e-01, +1.9411e-02, -4.1421e-02, +7.5913e-02, -1.0000e+00, -2.7933e-02, +1.0095e-01, +4.0804e-02, +8.7412e-02, +7.3503e-02, +2.7028e-02, +7.4431e-03, -1.5178e-01, +4.1670e-02, +5.0244e-02, -1.0059e-01, -3.7387e-02, -7.6824e-02, -1.6688e-01, -5.5258e-03, -7.8577e-02, +7.4247e-02, +5.0005e-02, -1.8613e-02, +2.6883e-02, -1.3649e-02, -2.8282e-02, -1.2182e-02, +6.6061e-02, -1.1317e-01, +1.6126e-02, +4.2241e-02, +4.0267e-02, -3.2450e-02, +5.8584e-02, -1.7501e-02, +6.1818e-02, -3.0932e-02, -5.2031e-02, -1.0060e-01, -1.6656e-02, +6.7325e-02, +1.1395e-02, +1.1595e-01, -7.4704e-02, +4.8836e-02
-6.4574e-02, +4.4115e-02, +1.2553e-01, +7.8732e-02, +3.4271e-02, +3.3627e-02, +5.3118e-02, -8.5384e-03, -2.7933e-02, -1.0000e+00, -1.7272e-01, +9.9867e-02, +1.1525e-01, +8.0659e-03, +8.0371e-02, -1.0303e-02, +9.7357e-02, -2.7223e-02, -2.1753e-02, -5.5130e-03, -1.1296e-02, +2.7144e-02, +1.1746e-01, -1.9018e-01, +4.0561e-02, +2.6779e-03, -5.8154e-02, +1.3276e-01, +1.1440e-01, +9.1402e-02, -1.5804e-01, +7.7042e-03, +4.8536e-02, +4.5980e-02, -5.7036e-02, +3.4647e-01, +2.6689e-02, -7.4059e-03, +1.0405e-01, +1.7957e-02, +6.0130e-02, -3.4102e-02, -1.2369e-02, -4.9865e-04, +1.1511e-01, +3.4277e-02, +6.9764e-02, -4.1648e-02, +8.9621e-02, -2.7301e-02
-9.6115e-03, +6.4313e-02, -4.2309e-02, -1.1015e-01, -5.2909e-02, -6.7968e-02, -6.3942e-02, -8.2090e-02, +1.0095e-01, -1.7272e-01, -1.0000e+00, -4.2105e-02, -1.0636e-01, -3.1429e-03, -7.7933e-03, -2.8384e-02, +1.2500e-01, -5.0771e-02, -1.6911e-01, -4.7302e-02, -2.6105e-02, +1.3158e-02, +1.9085e-01, +4.1289e-02, -2.6452e-02, -9.1867e-02, -2.3116e-02, -5.2932e-02, -1.2542e-02, +5.7990e-02, -9.6073e-02, -1.9005e-02, -4.9529e-02, -3.7513e-02, +5.5442e-02, +7.6121e-02, +1.5924e-02, +8.4421e-03, +1.1903e-02, -1.0430e-02, -5.2602e-02, -8.2803e-03, -6.2685e-02, -1.2676e-02, +8.1794e-02, +4.5491e-04, +6.6764e-03, +2.8019e-02, +1.1007e-02, -3.0948e-02
-2.2887e-02, -6.4202e-02, -1.7715e-01, -1.0791e-01, -6.7456e-02, +5.6762e-02, +1.2771e-03, +2.7394e-02, +4.0804e-02, +9.9867e-02, -4.2105e-02, -1.0000e+00, -6.9202e-02, -9.3341e-03, -1.2695e-02, -7.8878e-03, +1.3199e-01, -8.2243e-03, -8.0366e-03, +6.4260e-03, -2.0918e-02, +1.0473e-02, +1.1080e-01, -9.8129e-03, -6.9556e-02, -5.3075e-02, +4.4830e-02, -1.0116e-02, +3.1736e-02, +1.2620e-03, +3.3030e-02, -6.7429e-02, +1.9922e-02, +2.3278e-02, +3.0785e-02, +2.5150e-04, +6.5499e-03, -2.1732e-02, +5.1980e-02, +3.4949e-02, +5.3714e-02, -1.5163e-02, +1.6686e-02, -1.1516e-01, -3.7425e-02, -5.9264e-02, -9.4144e-03, -3.7367e-02, +1.0150e-02, -7.9427e-02
+4.0203e-02, +3.8692e-02, +2.2603e-02, -1.0168e-01, -7.2956e-02, +8.9169e-02, +4.1988e-03, -4.9219e-02, +8.7412e-02, +1.1525e-01, -1.0636e-01, -6.9202e-02, -1.0000e+00, +1.8630e-01, -5.0468e-02, -6.7838e-02, +1.7259e-01, -1.2935e-02, +3.1546e-02, +2.5551e-02, +3.3466e-02, +3.5383e-03, +2.8369e-01, -7.2177e-03, +2.8444e-03, -1.2935e-01, +7.3350e-03, +9.2369e-02, +6.4954e-03, +3.5195e-02, -7.6220e-03, -1.2253e-02, -3.9312e-02, +4.7174e-03, +1.1539e-01, -5.6280e-03, -1.0464e-02, +1.5227e-01, -3.5957e-02, +8.4424e-02, +4.4431e-02, -3.8653e-02, +1.4617e-02, -1.6167e-02, -1.6043e-01, -3.2179e-02, +5.0454e-02, -5.7356e-02, -6.0660e-03, -8.7090e-02
-5.6126e-02, +4.5845e-02, -5.1527e-02, -2.5926e-02, +8.1575e-03, -4.5485e-02, -1.0604e-02, -1.3203e-04, +7.3503e-02, +8.0659e-03, -3.1429e-03, -9.3341e-03, +1.8630e-01, -1.0000e+00, -9.6915e-03, -3.4745e-02, +1.5697e-01, -2.9997e-02, -1.4869e-01, +4.7568e-02, -4.2013e-03, +1.7510e-02, -2.8099e-02, +3.6729e-02, -1.4849e-01, +1.5130e-02, -9.0390e-02, -1.3049e-01, -4.2843e-02, -4.0364e-02, -7.5419e-02, +6.0756e-02, -9.7023e-03, -5.9653e-02, +7.3796e-03, +2.0483e-02, -5.3243e-02, -2.8174e-02, -5.1725e-02, -2.4568e-02, -5.3131e-02, +2.6597e-02, +3.7126e-03, -1.0125e-01, -2.7875e-02, -8.4228e-03, -5.5497e-02, +1.1598e-01, -6.1890e-02, +6.2437e-02
-1.3161e-02, -8.8322e-03, +6.0629e-02, +1.1601e-02, -1.7363e-02, -1.0462e-01, -6.2093e-02, -5.2003e-02, +2.7028e-02, +8.0371e-02, -7.7933e-03, -1.2695e-02, -5.0468e-02, -9.6915e-03, -1.0000e+00, +2.1322e-02, -5.0704e-02, -4.9693e-02, -9.7770e-02, -4.5733e-02, +5.3235e-03, -6.9961e-04, -4.3464e-02, +1.8856e-02, +4.9088e-02, +2.4822e-02, -1.1097e-01, -4.5579e-02, -2.0137e-02, -1.6288e-02, -1.6972e-03, +3.6517e-02, +4.7651e-02, -1.1062e-02, -9.0037e-02, -1.6663e-02, +4.9340e-02, +4.9628e-02, -4.1681e-02, +3.8747e-02, -4.9446e-02, -8.1429e-03, -3.2113e-02, -9.6728e-03, -1.2012e-02, +9.3658e-04, +1.6150e-02, +1.5928e-02, -4.0956e-02, +1.9732e-02
+9.6352e-03, +1.5604e-02, -8.9820e-03, +8.8847e-03, +2.0883e-02, -2.1309e-02, +5.6510e-02, -4.9321e-02, +7.4431e-03, -1.0303e-02, -2.8384e-02, -7.8879e-03, -6.7838e-02, -3.4745e-02, +2.1322e-02, -1.0000e+00, +4.4565e-02, -2.2616e-02, -1.2383e-02, +3.1198e-02, +3.5655e-03, -6.8068e-03, -4.9376e-02, -3.2125e-02, +4.0086e-02, +2.4222e-02, -2.6345e-02, +4.1360e-02, -4.4531e-03, +3.8383e-03, -3.1966e-02, +8.1720e-02, +8.1248e-02, +1.3019e-01, +5.4871e-03, -6.3093e-02, +3.0722e-02, -4.4841e-03, -5.4453e-02, +2.6899e-02, -1.1686e-02, +5.8088e-02, -2.8880e-02, +1.4737e-02, +3.1025e-02, +6.0952e-03, -1.9605e-02, +1.4049e-01, +6.1000e-02, +1.8182e-01
-2.4750e-02, +8.7026e-02, +1.1608e-01, +1.0513e-01, +2.9633e-02, -4.9555e-02, +7.0358e-02, +9.1974e-02, -1.5178e-01, +9.7357e-02, +1.2500e-01, +1.3199e-01, +1.7259e-01, +1.5697e-01, -5.0704e-02, +4.4565e-02, -1.0000e+00, -2.2899e-02, +9.0340e-02, -3.0100e-02, -6.6869e-03, -6.0007e-02, +1.4898e-01, +7.6865e-02, +5.2186e-02, +6.8128e-02, -9.3006e-03, +5.6305e-02, +1.3706e-01, -2.7796e-02, -2.4726e-02, +2.2914e-02, +5.1580e-02, -3.7741e-02, -7.4849e-02, +1.5416e-02, +3.4871e-02, -6.9779e-02, +6.2595e-02, -4.0779e-02, -3.5159e-02, +2.6978e-03, -5.7475e-02, -8.1197e-02, +1.0999e-01, +5.8535e-02, +1.5508e-02, -1.0688e-01, -1.0881e-02, +5.9897e-02
-1.8865e-02, -1.2128e-02, +2.0993e-02, +1.8280e-02, -4.5775e-02, -3.5985e-02, +2.7439e-02, -2.7188e-02, +4.1670e-02, -2.7223e-02, -5.0771e-02, -8.2243e-03, -1.2935e-02, -2.9997e-02, -4.9693e-02, -2.2616e-02, -2.2899e-02, -1.0000e+00, +1.0479e-01, -8.7931e-02, -1.9371e-02, +1.6397e-02, +1.6661e-02, +2.8487e-02, -4.4082e-02, -1.8657e-02, -2.1640e-03, -4.8206e-03, -6.8937e-03, -1.9646e-02, +3.8238e-02, +5.7403e-03, -2.5334e-02, -2.8377e-02, -1.0283e-02, +7.9437e-03, +1.4691e-02, +8.8135e-03, -4.5958e-03, -6.3297e-02, -3.5567e-02, +3.5568e-02, -8.1585e-03, -4.1705e-02, +2.7916e-02, +7.3807e-02, +4.8639e-02, +7.6962e-02, -3.6927e-02, -8.6831e-03
+8.3849e-03, +5.0157e-02, -4.9818e-02, -9.3852e-02, -1.4362e-01, -2.2873e-01, -3.0843e-02, +3.7981e-02, +5.0244e-02, -2.1753e-02, -1.6911e-01, -8.0366e-03, +3.1546e-02, -1.4869e-01, -9.7770e-02, -1.2383e-02, +9.0340e-02, +1.0479e-01, -1.0000e+00, -1.9317e-02, +4.0472e-02, -1.9000e-03, +7.8146e-03, +1.9795e-02, -5.2655e-02, -3.1033e-02, -1.8462e-02, -1.3127e-01, +2.0635e-02, -4.0423e-02, -7.7371e-02, -9.9233e-03, -7.0397e-03, -1.9459e-02, -4.7943e-02, +6.8113e-02, +2.4122e-02, -1.4118e-02, -1.2112e-01, +5.4782e-02, -2.9381e-02, -1.7598e-02, -1.4590e-02, -6.5588e-03, +3.2345e-02, -3.7906e-02, -1.1508e-01, +1.2656e-01, +9.0434e-03, +2.0736e-02
+7.3466e-02, -1.2682e-02, -5.9057e-02, -1.3658e-01, -4.8699e-02, -9.9313e-02, +2.5419e-02, -2.0308e-02, -1.0059e-01, -5.5130e-03, -4.7302e-02, +6.4260e-03, +2.5551e-02, +4.7568e-02, -4.5733e-02, +3.1198e-02, -3.0100e-02, -8.7931e-02, -1.9317e-02, -1.0000e+00, +2.4287e-02, -1.3212e-01, +4.0458e-02, -8.0189e-02, -2.1446e-02, -6.2242e-02, -3.1631e-02, -6.3311e-02, -8.4282e-02, -5.8867e-02, -4.8727e-02, -8.2144e-02, -1.8001e-02, -2.5307e-02, -5.0793e-02, -6.3922e-02, +1.2718e-01, -8.3650e-02, +4.1225e-03, -7.4963e-02, -7.7910e-02, +1.2045e-02, -9.3795e-03, +1.9247e-01, +1.0937e-01, +1.5271e-01, +4.7349e-02, +1.4450e-01, -2.9298e-02, -4.5490e-02
+3.3546e-02, +1.4696e-02, -6.2876e-02, -1.7245e-02, +8.7276e-03, +1.0034e-02, +2.7492e-02, +1.1505e-01, -3.7387e-02, -1.1296e-02, -2.6105e-02, -2.0918e-02, +3.3466e-02, -4.2013e-03, +5.3235e-03, +3.5655e-03, -6.6869e-03, -1.9371e-02, +4.0472e-02, +2.4287e-02, -1.0000e+00, +3.5286e-02, -7.3098e-02, +3.9225e-02, +5.0136e-02, +6.6948e-03, -7.8979e-02, -1.6187e-02, -1.9091e-02, -1.3685e-02, +4.7670e-03, +3.4407e-02, +3.7192e-03, +9.9946e-03, -1.7590e-02, -5.1346e-03, +2.8853e-02, -5.7434e-02, +4.5338e-02, +2.6695e-02, -6.1566e-02, +2.4796e-02, +5.6350e-02, -1.8305e-01, +1.7749e-03, +2.1344e-02, +1.5602e-02, +1.8679e-02, +8.2643e-03, -9.3596e-03
-2.5725e-03, +2.7796e-03, +4.8267e-02, +7.9739e-03, -7.6928e-03, -1.6565e-02, -2.5964e-02, +4.6176e-02, -7.6824e-02, +2.7144e-02, +1.3158e-02, +1.0473e-02, +3.5383e-03, +1.7510e-02, -6.9961e-04, -6.8068e-03, -6.0007e-02, +1.6397e-02, -1.9000e-03, -1.3212e-01, +3.5286e-02, -1.0000e+00, -3.8251e-02, -3.5652e-02, -1.8894e-02, +5.3806e-03, +4.6631e-02, +4.3254e-02, +2.0612e-02, -2.4439e-02, -1.2635e-02, -4.3967e-02, -6.7138e-03, +1.8353e-02, +4.7387e-02, -6.7347e-02, +3.9491e-02, -2.6721e-02, +2.4746e-02, +7.6050e-04, -2.7311e-02, -2.3910e-02, -5.2495e-02, +4.6017e-02, +4.0026e-03, +4.4482e-02, +1.3471e-02, -1.1163e-02, +1.8035e-02, +2.3195e-02
+2.8622e-02, +4.9163e-02, +7.1620e-02, +1.6502e-01, +8.1228e-02, -9.1126e-02, +1.1661e-01, +1.4624e-01, -1.6688e-01, +1.1746e-01, +1.9085e-01, +1.1080e-01, +2.8369e-01, -2.8099e-02, -4.3464e-02, -4.9376e-02, +1.4898e-01, +1.6661e-02, +7.8146e-03, +4.0458e-02, -7.3098e-02, -3.8251e-02, -1.0000e+00, +2.7534e-02, -9.1082e-03, +8.7557e-02, +2.7758e-02, +1.3595e-01, +6.3305e-02, +1.2740e-01, +9.4473e-02, +1.7788e-02, +1.1665e-01, -4.9695e-02, -1.8852e-01, -4.4823e-02, -1.2327e-02, -9.6244e-02, +2.6733e-02, -8.4787e-02, -6.3795e-02, -1.5807e-02, -8.0314e-02, -5.3081e-02, +1.0273e-01, +5.9503e-02, +5.2185e-03, -1.2937e-01, -2.3308e-02, +1.7201e-01
-1.0551e-02, +3.9345e-03, +2.7266e-02, -7.4599e-02, -6.3008e-02, -2.2680e-02, -3.5003e-02, -5.7432e-02, -5.5258e-03, -1.9018e-01, +4.1289e-02, -9.8129e-03, -7.2177e-03, +3.6729e-02, +1.8856e-02, -3.2125e-02, +7.6865e-02, +2.8487e-02, +1.9795e-02, -8.0189e-02, +3.9225e-02, -3.5652e-02, +2.7534e-02, -1.0000e+00, +3.2050e-03, -5.4734e-02, -1.2015e-02, +4.0677e-02, +1.0404e-01, +1.5207e-02, -1.0675e-01, -3.1454e-02, -4.2383e-02, -6.3909e-06, +1.4790e-02, +3.0069e-02, +1.5500e-02, -2.7280e-02, +1.7567e-02, +3.9049e-02, +6.3104e-02, -5.6744e-03, -9.5773e-03, +6.9420e-02, +2.3038e-02, +2.5379e-02, +1.0056e-02, -1.0404e-02, -2.9379e-02, +2.0383e-02
-4.6754e-02, +3.3672e-02, -6.4794e-02, -1.5030e-01, +1.7632e-02, -4.0051e-02, +1.4360e-02, -3.7310e-02, -7.8577e-02, +4.0561e-02, -2.6452e-02, -6.9556e-02, +2.8444e-03, -1.4849e-01, +4.9088e-02, +4.0086e-02, +5.2186e-02, -4.4082e-02, -5.2655e-02, -2.1446e-02, +5.0136e-02, -1.8894e-02, -9.1082e-03, +3.2050e-03, -1.0000e+00, -1.8786e-02, -1.5560e-02, -1.1723e-01, -2.5784e-02, -5.1393e-02, -5.6354e-02, -1.4329e-02, -4.7170e-02, -9.8914e-03, +2.8758e-02, +2.1096e-03, +9.4682e-03, -5.8514e-02, -3.3335e-02, +1.8016e-02, -2.0342e-02, -6.3093e-02, -4.6058e-02, -7.7762e-02, -1.9167e-02, +5.0798e-02, -6.3109e-03, +1.6940e-01, -1.4977e-01, -1.6169e-02
-2.9115e-02, +1.8830e-02, -5.5512e-03, -9.6226e-02, -3.9490e-02, -1.8673e-02, +3.2452e-02, +8.4433e-02, +7.4247e-02, +2.6779e-03, -9.1867e-02, -5.3075e-02, -1.2935e-01, +1.5130e-02, +2.4822e-02, +2.4222e-02, +6.8128e-02, -1.8657e-02, -3.1033e-02, -6.2242e-02, +6.6948e-03, +5.3806e-03, +8.7557e-02, -5.4734e-02, -1.8786e-02, -1.0000e+00, -3.2458e-02, -1.6323e-02, -1.3115e-01, -2.0221e-02, -1.0777e-03, -1.7848e-02, -3.3986e-02, -7.5097e-03, +6.1950e-02, +3.0922e-02, +5.6844e-02, +8.4614e-02, +7.7571e-02, +7.1424e-02, +1.0254e-02, -9.1711e-03, +8.5588e-03, -4.1407e-02, -7.5087e-02, -2.3417e-02, -6.5951e-04, -2.2257e-02, -4.3261e-02, -4.7310e-02
+1.1671e-02, +3.1603e-02, -2.3387e-02, +3.4857e-02, -1.4938e-02, -1.0222e-01, -3.5813e-02, +2.0364e-03, +5.0005e-02, -5.8154e-02, -2.3116e-02, +4.4830e-02, +7.3350e-03, -9.0390e-02, -1.1097e-01, -2.6345e-02, -9.3006e-03, -2.1640e-03, -1.8462e-02, -3.1631e-02, -7.8979e-02, +4.6631e-02, +2.7758e-02, -1.2015e-02, -1.5560e-02, -3.2458e-02, -1.0000e+00, -7.8192e-02, -1.1239e-01, -3.1666e-02, -4.2979e-02, -8.1360e-03, +3.4842e-02, -7.1761e-02, -3.7671e-02, +1.6745e-02, +8.9459e-02, -3.4914e-02, -3.9953e-02, -3.0037e-02, -2.1501e-02, +1.5199e-02, -1.7386e-02, -4.7705e-02, -3.4450e-02, -6.1041e-02, -4.4733e-02, +8.8833e-02, +2.7797e-02, +1.4631e-02
-5.2864e-02, +2.6322e-02, -2.0430e-01, -2.9181e-02, -2.5776e-02, -8.1036e-02, -7.4002e-02, -3.2198e-02, -1.8613e-02, +1.3276e-01, -5.2932e-02, -1.0116e-02, +9.2369e-02, -1.3049e-01, -4.5579e-02, +4.1360e-02, +5.6305e-02, -4.8206e-03, -1.3127e-01, -6.3311e-02, -1.6187e-02, +4.3254e-02, +1.3595e-01, +4.0677e-02, -1.1723e-01, -1.6323e-02, -7.8192e-02, -1.0000e+00, -1.1951e-01, -1.6148e-02, -6.4591e-02, +2.3251e-02, -4.6676e-02, -2.8424e-02, -2.8637e-02, -5.4375e-02, +7.7865e-02, -8.8007e-02, -2.8680e-02, -3.5039e-02, -1.2376e-02, +5.7792e-02, +2.5943e-02, -9.1303e-02, +6.4186e-02, -7.0207e-02, -3.9849e-02, +1.5867e-01, -5.0283e-02, -5.8324e-02
-1.9530e-02, -1.1539e-02, -7.1965e-02, -4.9864e-02, -1.9480e-02, -4.3302e-02, +3.7102e-03, +1.1375e-02, +2.6883e-02, +1.1440e-01, -1.2542e-02, +3.1736e-02, +6.4954e-03, -4.2843e-02, -2.0137e-02, -4.4531e-03, +1.3706e-01, -6.8937e-03, +2.0635e-02, -8.4282e-02, -1.9091e-02, +2.0612e-02, +6.3305e-02, +1.0404e-01, -2.5784e-02, -1.3115e-01, -1.1239e-01, -1.1951e-01, -1.0000e+00, -6.3909e-02, -4.3299e-02, -3.4378e-02, +1.2240e-02, +5.7935e-02, +3.1476e-02, -1.1967e-01, +2.0059e-02, -1.5824e-03, +3.9127e-02, +4.2134e-02, +7.4962e-02, +1.3199e-02, -1.1467e-02, +5.3679e-03, -4.1273e-02, +3.1183e-02, -3.6676e-02, +1.8280e-01, -3.2874e-02, -9.3676e-02
-7.0956e-02, +2.1214e-02, -1.7789e-03, -1.0774e-01, -7.4658e-02, -4.2832e-02, -3.0879e-02, -1.4822e-02, -1.3649e-02, +9.1402e-02, +5.7990e-02, +1.2620e-03, +3.5195e-02, -4.0364e-02, -1.6288e-02, +3.8383e-03, -2.7796e-02, -1.9646e-02, -4.0423e-02, -5.8867e-02, -1.3685e-02, -2.4439e-02, +1.2740e-01, +1.5207e-02, -5.1393e-02, -2.0221e-02, -3.1666e-02, -1.6148e-02, -6.3909e-02, -1.0000e+00, +3.5262e-02, -1.3335e-02, -3.8103e-03, -1.0288e-02, +7.9582e-02, -4.6708e-02, +2.7481e-03, +2.4487e-02, -3.0563e-02, -1.2883e-02, -5.1025e-03, -1.5098e-02, +6.2074e-02, +4.8965e-02, -1.3632e-02, +6.8200e-02, -1.1445e-02, +8.1348e-02, +3.7893e-02, -4.2277e-02
-2.5287e-02, +8.0566e-02, -1.6540e-02, -1.3739e-01, +2.8578e-02, -1.1679e-01, -6.7832e-02, -1.9247e-02, -2.8282e-02, -1.5804e-01, -9.6073e-02, +3.3030e-02, -7.6220e-03, -7.5419e-02, -1.6972e-03, -3.1966e-02, -2.4726e-02, +3.8238e-02, -7.7371e-02, -4.8727e-02, +4.7670e-03, -1.2635e-02, +9.4473e-02, -1.0675e-01, -5.6354e-02, -1.0777e-03, -4.2979e-02, -6.4591e-02, -4.3299e-02, +3.5262e-02, -1.0000e+00, -7.1484e-02, +1.3306e-02, +2.4271e-02, +1.0358e-01, +1.8395e-02, +1.0704e-02, -4.3434e-02, -8.5712e-02, +3.3525e-02, -9.2879e-02, -8.4598e-03, -3.7944e-02, -6.0464e-02, +4.3307e-02, -1.9012e-02, -7.4280e-03, +2.1005e-01, +2.0150e-02, -6.0290e-02
-4.4479e-02, +2.0163e-02, -1.0797e-02, +2.9826e-03, -5.2608e-02, -1.0681e-02, +1.1011e-02, -5.9314e-02, -1.2182e-02, +7.7042e-03, -1.9005e-02, -6.7429e-02, -1.2253e-02, +6.0756e-02, +3.6517e-02, +8.1720e-02, +2.2914e-02, +5.7403e-03, -9.9233e-03, -8.2144e-02, +3.4407e-02, -4.3967e-02, +1.7788e-02, -3.1454e-02, -1.4329e-02, -1.7848e-02, -8.1360e-03, +2.3251e-02, -3.4378e-02, -1.3335e-02, -7.1484e-02, -1.0000e+00, +6.6877e-02, -6.9610e-03, +1.8110e-02, +5.8045e-02, +5.0035e-02, -4.7421e-02, -2.0839e-02, -1.0895e-02, -2.8300e-02, -3.7197e-02, -6.2053e-03, -2.5863e-02, -1.4467e-02, -7.2111e-02, -2.7767e-02, +8.3132e-02, -1.5294e-02, -6.5240e-02
-2.9776e-02, -5.4502e-02, +2.1546e-02, -3.3421e-02, -9.4310e-03, -5.8680e-02, -1.1221e-02, -9.6255e-02, +6.6061e-02, +4.8536e-02, -4.9529e-02, +1.9922e-02, -3.9312e-02, -9.7023e-03, +4.7651e-02, +8.1248e-02, +5.1580e-02, -2.5334e-02, -7.0397e-03, -1.8001e-02, +3.7192e-03, -6.7138e-03, +1.1665e-01, -4.2383e-02, -4.7170e-02, -3.3986e-02, +3.4842e-02, -4.6676e-02, +1.2240e-02, -3.8103e-03, +1.3306e-02, +6.6877e-02, -1.0000e+00, -6.9218e-02, -4.3719e-02, +2.1731e-02, -5.5628e-02, +3.1401e-02, -2.4795e-02, +4.6740e-02, -5.6022e-02, +8.6929e-02, +1.3122e-01, +2.9885e-02, -3.8585e-02, +3.4923e-02, +6.1140e-02, -4.7125e-02, -3.0695e-02, +1.0791e-01
-6.3309e-02, -2.2227e-02, +4.1971e-02, -5.5224e-02, +1.1691e-02, -4.7968e-02, -8.1348e-03, -4.6521e-02, -1.1317e-01, +4.5979e-02, -3.7513e-02, +2.3278e-02, +4.7174e-03, -5.9653e-02, -1.1062e-02, +1.3019e-01, -3.7741e-02, -2.8377e-02, -1.9459e-02, -2.5307e-02, +9.9946e-03, +1.8353e-02, -4.9695e-02, -6.3907e-06, -9.8914e-03, -7.5097e-03, -7.1761e-02, -2.8424e-02, +5.7935e-02, -1.0288e-02, +2.4271e-02, -6.9611e-03, -6.9218e-02, -1.0000e+00, -6.2436e-02, +1.1882e-01, +3.6089e-02, +4.4307e-02, -5.1651e-02, -2.1083e-01, -7.7187e-02, +6.8065e-02, -9.6864e-03, -8.0920e-03, +7.2606e-02, -3.2651e-02, +3.5550e-02, +1.1729e-01, -5.3479e-02, +3.1614e-02
+9.9395e-03, -6.1849e-02, +1.1863e-01, +1.1289e-01, +3.9758e-02, -5.4322e-02, +8.3035e-02, -7.7057e-03, +1.6126e-02, -5.7036e-02, +5.5442e-02, +3.0785e-02, +1.1539e-01, +7.3796e-03, -9.0037e-02, +5.4871e-03, -7.4849e-02, -1.0283e-02, -4.7943e-02, -5.0793e-02, -1.7590e-02, +4.7387e-02, -1.8852e-01, +1.4790e-02, +2.8758e-02, +6.1950e-02, -3.7671e-02, -2.8637e-02, +3.1476e-02, +7.9582e-02, +1.0358e-01, +1.8110e-02, -4.3719e-02, -6.2436e-02, -1.0000e+00, +9.3206e-02, -2.6898e-02, -4.3614e-02, +4.6626e-02, +7.4950e-02, -1.7988e-03, -8.1195e-03, -8.6603e-03, +4.4078e-02, +7.0509e-02, +1.6613e-02, +3.3338e-02, -7.4088e-02, -1.7268e-02, +9.0378e-02
-5.5016e-03, +6.9810e-02, -5.7841e-02, -4.2541e-02, +2.7286e-03, -1.6114e-02, -1.0056e-03, +4.5981e-02, +4.2241e-02, +3.4647e-01, +7.6121e-02, +2.5150e-04, -5.6280e-03, +2.0483e-02, -1.6663e-02, -6.3093e-02, +1.5416e-02, +7.9437e-03, +6.8113e-02, -6.3922e-02, -5.1346e-03, -6.7347e-02, -4.4823e-02, +3.0069e-02, +2.1096e-03, +3.0922e-02, +1.6745e-02, -5.4375e-02, -1.1967e-01, -4.6708e-02, +1.8395e-02, +5.8045e-02, +2.1731e-02, +1.1882e-01, +9.3206e-02, -1.0000e+00, +5.9104e-03, +1.2247e-02, -4.1467e-03, +1.3495e-01, +2.9981e-02, +1.4031e-02, +1.9792e-02, -2.2183e-02, +8.0237e-02, -5.7704e-02, -7.9200e-02, +1.2057e-01, +1.1506e-02, +7.5458e-02
+4.9052e-02, -5.2135e-02, +3.4288e-03, +6.5977e-02, +1.5833e-02, +6.8543e-02, +3.2843e-02, -9.2642e-02, +4.0267e-02, +2.6689e-02, +1.5924e-02, +6.5499e-03, -1.0464e-02, -5.3243e-02, +4.9340e-02, +3.0722e-02, +3.4871e-02, +1.4691e-02, +2.4122e-02, +1.2718e-01, +2.8853e-02, +3.9491e-02, -1.2327e-02, +1.5500e-02, +9.4682e-03, +5.6844e-02, +8.9459e-02, +7.7865e-02, +2.0059e-02, +2.7481e-03, +1.0704e-02, +5.0035e-02, -5.5628e-02, +3.6089e-02, -2.6898e-02, +5.9104e-03, -1.0000e+00, +2.5851e-02, -1.6954e-02, +3.1140e-02, +7.1777e-02, -3.1122e-02, +1.8263e-02, +3.6465e-02, +3.6612e-02, -5.0451e-02, +1.9779e-02, +2.0025e-02, -1.1862e-02, -2.3638e-02
+1.7100e-02, +1.5101e-02, +2.0308e-02, +1.0967e-02, +1.1334e-01, -1.4253e-02, +6.8321e-02, +5.1110e-02, -3.2450e-02, -7.4059e-03, +8.4421e-03, -2.1732e-02, +1.5227e-01, -2.8174e-02, +4.9628e-02, -4.4841e-03, -6.9779e-02, +8.8135e-03, -1.4118e-02, -8.3650e-02, -5.7434e-02, -2.6721e-02, -9.6244e-02, -2.7280e-02, -5.8514e-02, +8.4614e-02, -3.4914e-02, -8.8007e-02, -1.5824e-03, +2.4487e-02, -4.3434e-02, -4.7421e-02, +3.1401e-02, +4.4307e-02, -4.3614e-02, +1.2247e-02, +2.5851e-02, -1.0000e+00, +9.8329e-03, -4.4744e-03, -4.1206e-02, +5.8995e-02, +2.1337e-02, -5.4937e-02, +4.0035e-03, +4.6419e-02, +1.3984e-04, +9.9878e-02, -4.4440e-02, +1.9653e-03
+1.3789e-02, +5.2854e-02, -1.7245e-02, -1.2049e-01, -2.3967e-02, -1.1468e-01, -4.8759e-02, -3.5596e-02, +5.8584e-02, +1.0405e-01, +1.1903e-02, +5.1980e-02, -3.5957e-02, -5.1725e-02, -4.1681e-02, -5.4453e-02, +6.2595e-02, -4.5959e-03, -1.2112e-01, +4.1225e-03, +4.5338e-02, +2.4746e-02, +2.6733e-02, +1.7567e-02, -3.3335e-02, +7.7571e-02, -3.9953e-02, -2.8680e-02, +3.9127e-02, -3.0563e-02, -8.5712e-02, -2.0839e-02, -2.4795e-02, -5.1651e-02, +4.6626e-02, -4.1467e-03, -1.6954e-02, +9.8329e-03, -1.0000e+00, -5.6966e-02, -1.0248e-01, +2.2993e-02, +1.2129e-02, +5.3243e-02, -8.2825e-02, +6.9508e-03, -6.3473e-02, +2.2117e-01, -6.6616e-03, +4.9612e-02
+6.6513e-03, +4.1775e-02, +1.9585e-02, +9.4005e-02, +1.4009e-02, -7.6506e-02, +6.9784e-02, -6.7609e-02, -1.7501e-02, +1.7957e-02, -1.0430e-02, +3.4949e-02, +8.4424e-02, -2.4568e-02, +3.8747e-02, +2.6899e-02, -4.0779e-02, -6.3297e-02, +5.4782e-02, -7.4962e-02, +2.6695e-02, +7.6050e-04, -8.4787e-02, +3.9049e-02, +1.8016e-02, +7.1424e-02, -3.0037e-02, -3.5039e-02, +4.2134e-02, -1.2883e-02, +3.3525e-02, -1.0895e-02, +4.6740e-02, -2.1083e-01, +7.4950e-02, +1.3495e-01, +3.1140e-02, -4.4744e-03, -5.6966e-02, -1.0000e+00, -1.2596e-01, +4.7019e-02, +3.9843e-02, +5.6096e-02, +1.8491e-01, +3.7819e-02, -5.8643e-02, +1.8663e-01, +6.6968e-02, -2.7833e-04
+5.0775e-03, +2.9880e-02, +4.0283e-02, -1.0001e-01, +4.5922e-02, -7.8953e-02, -3.2930e-02, +8.8659e-03, +6.1819e-02, +6.0130e-02, -5.2602e-02, +5.3714e-02, +4.4431e-02, -5.3131e-02, -4.9446e-02, -1.1686e-02, -3.5159e-02, -3.5567e-02, -2.9381e-02, -7.7910e-02, -6.1566e-02, -2.7311e-02, -6.3795e-02, +6.3104e-02, -2.0342e-02, +1.0254e-02, -2.1501e-02, -1.2376e-02, +7.4962e-02, -5.1025e-03, -9.2879e-02, -2.8300e-02, -5.6022e-02, -7.7187e-02, -1.7988e-03, +2.9981e-02, +7.1777e-02, -4.1206e-02, -1.0248e-01, -1.2596e-01, -1.0000e+00, -1.1931e-02, -3.8644e-02, +1.6702e-02, +2.5882e-02, +4.3356e-02, +2.2125e-03, +1.1193e-01, -4.3707e-02, +1.2062e-02
+3.8035e-02, -4.2536e-02, +4.5720e-02, +4.0076e-03, +9.6296e-03, +6.0514e-02, -1.1438e-02, -5.3599e-02, -3.0932e-02, -3.4102e-02, -8.2803e-03, -1.5163e-02, -3.8653e-02, +2.6597e-02, -8.1429e-03, +5.8088e-02, +2.6978e-03, +3.5568e-02, -1.7598e-02, +1.2045e-02, +2.4796e-02, -2.3910e-02, -1.5807e-02, -5.6744e-03, -6.3093e-02, -9.1711e-03, +1.5199e-02, +5.7792e-02, +1.3199e-02, -1.5098e-02, -8.4598e-03, -3.7197e-02, +8.6929e-02, +6.8065e-02, -8.1195e-03, +1.4031e-02, -3.1122e-02, +5.8995e-02, +2.2993e-02, +4.7019e-02, -1.1931e-02, -1.0000e+00, -1.1010e-01, +1.2174e-02, -5.1253e-02, -2.0072e-03, -1.2129e-02, -6.9551e-02, -3.5413e-02, -9.0839e-03
+2.8872e-02, +4.1787e-03, -7.2978e-03, -7.7652e-03, +3.0288e-02, -4.2125e-02, +1.0300e-02, -1.1081e-01, -5.2031e-02, -1.2369e-02, -6.2685e-02, +1.6686e-02, +1.4617e-02, +3.7126e-03, -3.2113e-02, -2.8880e-02, -5.7475e-02, -8.1585e-03, -1.4590e-02, -9.3795e-03, +5.6350e-02, -5.2495e-02, -8.0314e-02, -9.5773e-03, -4.6058e-02, +8.5588e-03, -1.7386e-02, +2.5943e-02, -1.1467e-02, +6.2074e-02, -3.7944e-02, -6.2053e-03, +1.3122e-01, -9.6864e-03, -8.6603e-03, +1.9792e-02, +1.8263e-02, +2.1337e-02, +1.2129e-02, +3.9843e-02, -3.8644e-02, -1.1010e-01, -1.0000e+00, -2.3653e-02, +8.7291e-02, -3.3635e-02, -1.1785e-01, +3.0833e-02, -3.6852e-02, +3.0210e-02
-2.8729e-02, +9.1259e-02, -1.2042e-01, -4.2414e-02, +1.0344e-02, -1.6659e-02, -1.5873e-02, +1.2498e-01, -1.0060e-01, -4.9865e-04, -1.2676e-02, -1.1516e-01, -1.6167e-02, -1.0125e-01, -9.6727e-03, +1.4737e-02, -8.1197e-02, -4.1705e-02, -6.5588e-03, +1.9247e-01, -1.8305e-01, +4.6017e-02, -5.3081e-02, +6.9420e-02, -7.7762e-02, -4.1407e-02, -4.7705e-02, -9.1303e-02, +5.3679e-03, +4.8965e-02, -6.0464e-02, -2.5863e-02, +2.9885e-02, -8.0920e-03, +4.4078e-02, -2.2183e-02, +3.6465e-02, -5.4937e-02, +5.3243e-02, +5.6096e-02, +1.6702e-02, +1.2174e-02, -2.3653e-02, -1.0000e+00, -5.4042e-02, -1.4270e-01, +1.6382e-04, +8.8695e-02, +4.7228e-02, +3.1599e-02
-3.0976e-02, -2.9072e-02, -1.5618e-02, -9.6478e-02, +7.1263e-03, +5.8913e-02, -6.7185e-02, +8.6350e-02, -1.6656e-02, +1.1511e-01, +8.1794e-02, -3.7425e-02, -1.6043e-01, -2.7875e-02, -1.2012e-02, +3.1025e-02, +1.0999e-01, +2.7916e-02, +3.2345e-02, +1.0937e-01, +1.7749e-03, +4.0026e-03, +1.0273e-01, +2.3038e-02, -1.9167e-02, -7.5087e-02, -3.4450e-02, +6.4186e-02, -4.1273e-02, -1.3632e-02, +4.3307e-02, -1.4467e-02, -3.8585e-02, +7.2606e-02, +7.0509e-02, +8.0237e-02, +3.6612e-02, +4.0035e-03, -8.2825e-02, +1.8491e-01, +2.5882e-02, -5.1253e-02, +8.7291e-02, -5.4042e-02, -1.0000e+00, -8.2288e-02, +1.4357e-02, +1.1464e-03, +1.8553e-02, +1.2703e-01
-5.6940e-02, -3.5304e-02, -6.5313e-02, -3.2263e-02, +1.0748e-02, +1.4488e-02, -4.4350e-02, -1.9733e-02, +6.7325e-02, +3.4277e-02, +4.5491e-04, -5.9264e-02, -3.2179e-02, -8.4228e-03, +9.3658e-04, +6.0952e-03, +5.8535e-02, +7.3807e-02, -3.7906e-02, +1.5271e-01, +2.1344e-02, +4.4482e-02, +5.9503e-02, +2.5379e-02, +5.0798e-02, -2.3417e-02, -6.1041e-02, -7.0207e-02, +3.1183e-02, +6.8200e-02, -1.9012e-02, -7.2111e-02, +3.4923e-02, -3.2651e-02, +1.6613e-02, -5.7704e-02, -5.0451e-02, +4.6419e-02, +6.9508e-03, +3.7819e-02, +4.3356e-02, -2.0072e-03, -3.3635e-02, -1.4270e-01, -8.2288e-02, -1.0000e+00, -6.5469e-02, -2.6941e-02, +1.7950e-02, -2.7400e-02
+5.3213e-03, -1.7407e-03, -6.4917e-02, +3.3119e-02, -1.5416e-02, -9.9454e-02, +1.4180e-02, +5.0931e-02, +1.1395e-02, +6.9764e-02, +6.6764e-03, -9.4144e-03, +5.0454e-02, -5.5497e-02, +1.6150e-02, -1.9605e-02, +1.5508e-02, +4.8639e-02, -1.1508e-01, +4.7349e-02, +1.5602e-02, +1.3471e-02, +5.2185e-03, +1.0056e-02, -6.3109e-03, -6.5951e-04, -4.4733e-02, -3.9849e-02, -3.6676e-02, -1.1445e-02, -7.4280e-03, -2.7767e-02, +6.1140e-02, +3.5550e-02, +3.3338e-02, -7.9200e-02, +1.9779e-02, +1.3985e-04, -6.3473e-02, -5.8643e-02, +2.2125e-03, -1.2129e-02, -1.1785e-01, +1.6382e-04, +1.4357e-02, -6.5469e-02, -1.0000e+00, +4.3054e-03, -4.3438e-03, -8.0213e-03
+1.1506e-01, -1.0365e-01, +1.2914e-01, +1.1551e-01, +1.1918e-01, +1.7985e-01, -8.6365e-03, +4.4622e-03, +1.1595e-01, -4.1648e-02, +2.8019e-02, -3.7367e-02, -5.7356e-02, +1.1598e-01, +1.5928e-02, +1.4049e-01, -1.0688e-01, +7.6962e-02, +1.2656e-01, +1.4450e-01, +1.8679e-02, -1.1163e-02, -1.2937e-01, -1.0404e-02, +1.6940e-01, -2.2257e-02, +8.8833e-02, +1.5867e-01, +1.8280e-01, +8.1348e-02, +2.1005e-01, +8.3132e-02, -4.7125e-02, +1.1729e-01, -7.4088e-02, +1.2057e-01, +2.0025e-02, +9.9878e-02, +2.2117e-01, +1.8663e-01, +1.1193e-01, -6.9551e-02, +3.0833e-02, +8.8695e-02, +1.1464e-03, -2.6941e-02, +4.3054e-03, -1.0000e+00, -7.4990e-02, +1.7744e-01
+1.7471e-02, +5.4772e-03, -6.4696e-02, +1.8855e-02, +5.8179e-02, +3.9234e-02, -2.6544e-02, -4.7410e-02, -7.4704e-02, +8.9621e-02, +1.1007e-02, +1.0150e-02, -6.0660e-03, -6.1890e-02, -4.0956e-02, +6.1000e-02, -1.0881e-02, -3.6927e-02, +9.0434e-03, -2.9298e-02, +8.2643e-03, +1.8035e-02, -2.3308e-02, -2.9379e-02, -1.4977e-01, -4.3261e-02, +2.7797e-02, -5.0283e-02, -3.2874e-02, +3.7893e-02, +2.0150e-02, -1.5294e-02, -3.0695e-02, -5.3479e-02, -1.7268e-02, +1.1506e-02, -1.1862e-02, -4.4440e-02, -6.6616e-03, +6.6968e-02, -4.3707e-02, -3.5413e-02, -3.6852e-02, +4.7228e-02, +1.8553e-02, +1.7950e-02, -4.3438e-03, -7.4990e-02, -1.0000e+00, -1.1238e-02
+3.1829e-02, -9.0482e-03, -3.3536e-02, -1.6630e-02, -6.7116e-02, +1.6042e-02, -8.7160e-02, +1.2288e-01, +4.8836e-02, -2.7301e-02, -3.0948e-02, -7.9427e-02, -8.7090e-02, +6.2437e-02, +1.9732e-02, +1.8182e-01, +5.9897e-02, -8.6831e-03, +2.0736e-02, -4.5490e-02, -9.3596e-03, +2.3195e-02, +1.7201e-01, +2.0383e-02, -1.6169e-02, -4.7310e-02, +1.4631e-02, -5.8324e-02, -9.3676e-02, -4.2277e-02, -6.0290e-02, -6.5240e-02, +1.0791e-01, +3.1614e-02, +9.0378e-02, +7.5458e-02, -2.3638e-02, +1.9653e-03, +4.9612e-02, -2.7832e-04, +1.2062e-02, -9.0839e-03, +3.0210e-02, +3.1599e-02, +1.2703e-01, -2.7400e-02, -8.0213e-03, +1.7744e-01, -1.1238e-02, -1.0000e+00
