-1.0000e+00, -1.7839e-02, -2.4923e-02, -6.6925e-02, +7.8719e-03, -1.7766e-02, +4.3791e-02, +2.2575e-02, -2.7443e-04, +5.3210e-02, -1.8442e-02, +5.2379e-02, +2.9747e-02, -1.0348e-01, -7.9556e-02, -3.2185e-02, +5.5052e-02, -2.2241e-02, +2.1123e-02, -9.3271e-02, -1.1799e-02, -8.7253e-02, +2.5797e-02, +1.9950e-02, +1.3709e-03, -9.1125e-03, +8.5964e-03, -7.1410e-02, +9.2412e-02, -1.4298e-04, -5.4189e-02, -4.9178e-02, -1.6698e-02, +1.3864e-02, -3.2922e-02, -6.6263e-02, +1.2485e-01, -6.0604e-02, +3.3480e-03, +5.6530e-02, +5.5632e-02, +4.0916e-03, +6.9376e-02, +4.4762e-02, -1.2335e-01, -1.0009e-02, -8.3578e-02, +1.6608e-01, -1.9929e-02, +2.9853e-02
-1.7839e-02, -1.0000e+00, -4.9645e-02, -2.0945e-02, +1.5583e-03, +4.7034e-02, +5.3811e-02, +6.1591e-02, -6.2327e-04, +2.8727e-02, +1.2634e-02, +5.4169e-02, +8.0123e-02, -8.9580e-03, +6.5896e-03, +3.8631e-02, -9.2252e-03, +3.5211e-02, +6.9222e-02, -1.1860e-02, +6.6502e-03, +4.5041e-02, -1.5995e-02, +6.0734e-02, -7.8476e-02, +1.0756e-02, +5.4947e-02, +4.2926e-02, +2.5697e-02, +1.6753e-02, +8.8797e-02, -9.6622e-02, +2.3920e-02, +9.8487e-02, -1.9197e-02, +2.0320e-02, -7.1287e-02, +3.7924e-02, +8.0984e-03, +1.0726e-02, +2.6507e-03, +1.4588e-02, +3.7061e-02, +3.6887e-02, -1.4459e-02, +3.2251e-02, -2.2357e-02, +5.1449e-02, -3.7686e-02, +8.5408e-03
-2.4923e-02, -4.9645e-02, -1.0000e+00, +1.2996e-02, +2.8074e-02, -7.4307e-02, -2.0066e-02, +9.6446e-02, +1.9565e-02, +1.2660e-02, -6.4289e-02, -1.0406e-02, -3.1331e-02, -2.9436e-02, -5.3708e-02, +5.9552e-02, +6.9756e-02, +1.4551e-02, -5.3816e-02, -5.4790e-02, +1.0010e-02, -8.8354e-02, -4.7192e-02, -3.0150e-02, +2.9238e-02, -8.9299e-02, -2.0634e-02, -7.9341e-03, -3.8321e-03, +4.2299e-02, -2.7628e-03, -1.0682e-02, -6.4546e-02, +1.1304e-01, +4.7749e-02, +3.3377e-02, -4.7932e-02, +5.6773e-02, -1.6514e-02, +1.4440e-01, -2.2388e-02, -4.4366e-02, +3.4807e-02, +6.7316e-02, +6.5122e-02, -5.9655e-02, -4.0861e-02, +1.4396e-02, -4.3516e-02, +3.2818e-02
-6.6925e-02, -2.0945e-02, +1.2996e-02, -1.0000e+00, +8.7568e-03, -6.6215e-03, +4.3756e-02, +9.7276e-03, +1.9266e-02, -4.0544e-02, -1.0987e-01, +5.2150e-02, -3.3846e-02, -4.1609e-02, -1.0486e-02, +4.6683e-02, -5.7714e-03, +4.0255e-02, -4.3008e-02, +6.7773e-04, -5.2396e-02, -6.1418e-02, +3.5715e-03, -3.5265e-02, -7.4099e-02, -8.4140e-02, +1.1208e-03, -8.6490e-02, +1.5452e-02, -5.8558e-02, +1.8490e-02, -8.9132e-03, +1.7214e-02, -5.9272e-02, +2.7493e-02, +3.2714e-02, +2.8011e-02, -7.2365e-02, -2.0920e-02, -4.8696e-02, -3.7212e-02, -6.0500e-02, -2.3209e-02, +1.4241e-02, +6.7695e-02, -3.4892e-02, -5.5493e-02, +2.0293e-02, -1.6040e-02, +4.4543e-02
+7.8718e-03, +1.5583e-03, +2.8074e-02, +8.7568e-03, -1.0000e+00, -3.7739e-02, -7.7578e-03, -3.8279e-02, +4.5626e-02, +3.2055e-04, -6.2596e-02, -4.5064e-02, -3.4516e-03, -1.1744e-02, -1.3286e-01, +5.4187e-02, +2.7323e-02, -2.8782e-03, -3.9990e-02, -2.6291e-02, +4.3692e-02, +2.3273e-02, -3.9907e-02, -8.6092e-02, +7.9175e-02, +5.9468e-02, +3.6116e-02, -1.0702e-01, -3.9318e-02, -1.0328e-01, -8.7760e-02, +2.6703e-02, +5.8669e-02, -5.5485e-02, -2.8058e-02, +6.6202e-03, +2.4194e-02, +6.8137e-02, +5.6548e-02, -9.8703e-02, +1.1439e-02, -4.4725e-02, +2.0444e-02, +3.5934e-02, +2.0355e-03, -3.1180e-02, -1.0878e-01, +1.8059e-01, -2.4323e-02, +9.1012e-02
-1.7766e-02, +4.7034e-02, -7.4307e-02, -6.6215e-03, -3.7739e-02, -1.0000e+00, -3.9368e-02, -2.2979e-02, +5.6354e-03, -1.4685e-02, -3.5988e-02, +1.0053e-01, +1.1029e-01, -1.1019e-02, -8.0270e-02, -4.1765e-02, +4.2852e-02, -8.2476e-03, -1.2173e-01, +1.5611e-01, -7.7519e-03, -3.4610e-02, +6.4179e-02, +3.1451e-02, +4.8281e-02, -1.4542e-02, -1.1566e-01, +5.6054e-02, -4.8617e-02, +8.3093e-02, -1.8845e-01, +1.1170e-01, +2.2772e-02, -6.4774e-02, +9.2072e-02, -2.5826e-02, +1.2894e-01, -1.0241e-01, -3.5855e-02, +1.7300e-01, -1.2734e-01, -5.4228e-02, +4.4858e-02, +1.5633e-02, +8.8745e-02, +1.3350e-02, -5.5253e-02, -7.7797e-02, +4.8289e-02, +6.8250e-03
+4.3791e-02, +5.3811e-02, -2.0066e-02, +4.3756e-02, -7.7578e-03, -3.9368e-02, -1.0000e+00, +1.2907e-01, -5.2672e-03, -1.7125e-02, +4.0577e-02, -8.9490e-02, +2.9702e-02, +5.5167e-02, -7.9328e-02, +2.4078e-02, +3.0387e-02, +5.9028e-02, +4.5183e-03, -1.1561e-02, +7.9309e-02, +6.0387e-03, +1.6347e-02, -3.6847e-02, +4.9727e-02, +6.2730e-02, -3.2474e-02, +3.8601e-02, +1.1966e-02, +5.5080e-02, -5.8662e-02, +1.3923e-02, -3.2664e-02, +5.7327e-02, +5.5228e-02, +2.5201e-02, -4.1935e-02, +1.5328e-02, -3.2086e-02, +4.6848e-02, -3.7065e-02, -3.6248e-02, +2.2495e-02, +3.7739e-02, -1.3712e-02, -1.8027e-03, -9.4538e-03, -1.9389e-02, +1.8286e-02, -6.5790e-03
+2.2575e-02, +6.1591e-02, +9.6446e-02, +9.7276e-03, -3.8279e-02, -2.2979e-02, +1.2907e-01, -1.0000e+00, -3.7373e-02, +3.0529e-02, -2.9091e-02, -1.5934e-02, +9.0800e-02, +4.6205e-02, -5.9733e-02, -6.7912e-02, +3.9472e-02, +3.2559e-02, +7.7023e-02, -6.8864e-03, -2.7413e-02, -7.1188e-02, +2.1180e-02, +4.8583e-02, -1.2907e-02, +8.2921e-02, +1.4152e-02, -6.9099e-02, +3.2337e-02, +2.8894e-03, -3.6421e-02, -4.4396e-02, +1.9992e-02, -3.2029e-02, +8.3241e-02, +2.7248e-02, +2.7741e-02, -3.6816e-02, +6.3943e-02, -3.1705e-02, +1.4941e-02, -2.7688e-03, -3.1002e-03, +5.2143e-02, -7.9838e-02, +6.2976e-02, +2.3301e-02, +8.0449e-02, -1.4923e-03, -8.8044e-02
-2.7442e-04, -6.2326e-04, +1.9565e-02, +1.9266e-02, +4.5626e-02, +5.6354e-03, -5.2672e-03, -3.7373e-02, -1.0000e+00, +6.4463e-02, +7.2833e-05, +3.7111e-03, -1.0464e-01, +3.1706e-02, +5.2944e-02, -6.8281e-02, +8.8656e-02, +3.3252e-02, +5.0854e-02, -2.9200e-02, -1.2309e-03, -5.0701e-02, -1.0399e-01, -5.0825e-03, -1.0605e-01, +4.6897e-02, +3.9316e-02, -6.1534e-02, +6.3008e-02, -2.4787e-02, -1.5980e-02, -1.0484e-01, -2.6828e-02, -2.4504e-02, +1.0162e-02, -3.1234e-02, -8.6691e-02, +7.7837e-03, +1.1862e-02, +2.9100e-02, +2.7848e-02, +1.6673e-02, +3.2182e-03, +6.8076e-02, -1.0626e-01, -5.3901e-02, +1.6249e-02, +1.5241e-01, -4.5443e-03, +3.7780e-04
+5.3210e-02, +2.8727e-02, +1.2660e-02, -4.0544e-02, +3.2055e-04, -1.4685e-02, -1.7125e-02, +3.0529e-02, +6.4463e-02, -1.0000e+00, +8.8111e-02, -2.7327e-02, -3.1799e-02, +8.2914e-02, +8.4397e-02, +9.1723e-02, -3.5840e-01, -3.3689e-01, +3.9958e-02, +6.7406e-02, +8.3589e-02, +1.0829e-01, +1.4228e-01, -2.7446e-02, -2.3094e-02, -1.2327e-02, -3.2094e-03, +3.4958e-02, +8.2673e-02, -7.9542e-02, +1.6045e-01, +4.5904e-02, +9.4175e-02, +1.5130e-02, -3.4881e-02, +1.2292e-02, -5.6360e-02, +6.9218e-02, +9.1574e-02, -2.6922e-01, +5.8071e-02, +2.3523e-02, +5.9594e-02, +5.4234e-02, +2.4385e-01, +6.7272e-02, +3.8629e-02, -2.9569e-01, +1.0980e-01, -4.2463e-02
-1.8442e-02, +1.2634e-02, -6.4289e-02, -1.0987e-01, -6.2596e-02, -3.5988e-02, +4.0577e-02, -2.9091e-02, +7.2829e-05, +8.8111e-02, -1.0000e+00, +2.3358e-02, -6.9000e-02, -4.4064e-02, -1.5269e-01, -6.3671e-02, +8.5405e-02, +4.5693e-03, -1.1014e-01, -1.1648e-01, -2.3220e-02, -7.4460e-02, +3.7755e-03, +3.2652e-02, -3.9541e-04, -6.7445e-02, +2.8424e-02, -7.0596e-02, -1.5947e-02, -3.1384e-02, -9.5001e-02, -8.7997e-03, -3.3965e-02, -4.6165e-02, -5.7142e-02, -2.1510e-03, -4.7105e-02, -4.1973e-02, -1.5624e-02, -5.0725e-02, +3.3589e-04, -1.1329e-01, -1.4859e-02, -6.5068e-02, -1.1186e-01, +5.5061e-02, -2.0553e-01, +3.1084e-01, -8.6700e-03, +2.7397e-02
+5.2379e-02, +5.4168e-02, -1.0406e-02, +5.2150e-02, -4.5064e-02, +1.0053e-01, -8.9490e-02, -1.5934e-02, +3.7111e-03, -2.7327e-02, +2.3358e-02, -1.0000e+00, +5.7120e-02, +2.4871e-02, -4.1802e-02, +7.0891e-02, -2.9164e-02, +1.9924e-01, +1.6491e-02, -2.7674e-02, +1.1239e-02, +7.2001e-02, -4.5124e-02, +1.1458e-03, -1.7864e-02, +2.3557e-03, +2.5944e-02, +5.7695e-02, +3.4472e-02, +2.0637e-02, +6.0182e-03, -1.8016e-02, -1.1717e-01, +5.7301e-02, +5.7645e-02, +2.8628e-02, -2.9913e-02, +4.1183e-02, +2.4200e-02, +1.0768e-02, +3.2560e-02, +3.6127e-03, -5.2512e-02, +2.0051e-02, +2.6742e-01, +2.6672e-02, -3.5113e-02, -1.6488e-01, +1.6297e-02, -8.4173e-02
+2.9747e-02, +8.0123e-02, -3.1331e-02, -3.3846e-02, -3.4516e-03, +1.1029e-01, +2.9702e-02, +9.0800e-02, -1.0464e-01, -3.1799e-02, -6.9000e-02, +5.7120e-02, -1.0000e+00, -1.7536e-02, -8.3561e-02, -1.6584e-01, +6.2788e-02, -1.1132e-01, +4.3334e-02, -4.4151e-02, +2.8500e-02, -9.3040e-03, -1.5087e-02, +3.7664e-02, -2.3296e-02, -5.7443e-02, +2.9395e-02, +3.8580e-02, +9.9573e-02, -1.4727e-02, +2.5227e-02, -3.9282e-03, +2.0113e-02, +3.6392e-02, -4.1775e-02, +1.2664e-02, -6.6721e-02, +1.0226e-01, +3.4181e-02, -7.3793e-02, +3.7879e-02, +2.8440e-02, +8.1433e-03, -2.3789e-02, -1.4011e-01, -2.8034e-02, -1.8079e-02, +1.4457e-01, -1.3749e-01, -5.0922e-02
-1.0348e-01, -8.9580e-03, -2.9436e-02, -4.1609e-02, -1.1744e-02, -1.1019e-02, +5.5167e-02, +4.6205e-02, +3.1706e-02, +8.2914e-02, -4.4064e-02, +2.4871e-02, -1.7536e-02, -1.0000e+00, -1.0336e-01, -1.6695e-01, +8.6012e-02, +3.5300e-02, -9.7291e-02, -4.6638e-02, +2.2035e-02, -6.8672e-02, -1.1170e-02, -7.7573e-02, -3.9471e-03, -3.9402e-02, -3.5423e-02, -3.2237e-02, +2.3920e-02, -5.5430e-02, -1.4228e-01, -2.5634e-02, -9.5125e-02, +6.1396e-02, +3.5867e-02, +5.0009e-02, +1.2238e-01, -8.1440e-02, +6.1028e-02, +7.8691e-02, -1.1330e-01, -6.7449e-02, -4.2303e-02, +6.2313e-03, +4.4783e-02, +2.2821e-02, -5.6108e-02, +1.3528e-01, +3.1755e-02, +6.0991e-02
-7.9556e-02, +6.5896e-03, -5.3708e-02, -1.0486e-02, -1.3286e-01, -8.0270e-02, -7.9328e-02, -5.9733e-02, +5.2944e-02, +8.4397e-02, -1.5269e-01, -4.1802e-02, -8.3561e-02, -1.0336e-01, -1.0000e+00, -3.0317e-02, +7.0396e-02, +2.6828e-02, -8.7508e-02, -8.5623e-02, -3.2593e-02, -7.3651e-02, -6.8762e-02, -6.1860e-02, +9.1168e-02, -3.6762e-02, -7.2581e-02, -1.3987e-01, -4.5485e-02, +5.6253e-02, -2.0669e-01, +1.0710e-03, -2.2769e-02, -5.3246e-02, +3.5303e-02, +1.7998e-02, +1.0293e-01, -5.6603e-03, +2.7504e-03, +5.4162e-02, -5.2111e-02, -4.6233e-02, +1.5619e-02, -8.8494e-03, -1.1437e-01, -1.9651e-02, -9.0715e-02, +2.4497e-01, -2.3860e-02, +8.3982e-02
-3.2185e-02, +3.8631e-02, +5.9552e-02, +4.6683e-02, +5.4187e-02, -4.1765e-02, +2.4078e-02, -6.7912e-02, -6.8281e-02, +9.1723e-02, -6.3671e-02, +7.0891e-02, -1.6584e-01, -1.6695e-01, -3.0317e-02, -1.0000e+00, +1.6691e-01, -1.1580e-02, -1.1268e-01, -6.9326e-02, -8.7639e-02, -3.0115e-02, -2.0183e-02, -2.7150e-02, +7.1893e-03, -2.3314e-02, -6.6741e-02, -7.3542e-02, -1.0156e-02, -1.1789e-02, -1.5760e-01, +1.0230e-01, +8.8664e-02, +5.2528e-02, +5.7880e-02, +8.6438e-02, +9.6115e-02, -8.4193e-02, -1.8108e-02, -2.3148e-02, -1.0454e-01, -5.1388e-02, -2.6322e-02, -8.9919e-02, -9.3758e-02, -2.3350e-02, -1.0668e-01, +3.4125e-01, -5.0001e-02, +1.0804e-01
+5.5052e-02, -9.2252e-03, +6.9756e-02, -5.7714e-03, +2.7323e-02, +4.2852e-02, +3.0387e-02, +3.9472e-02, +8.8656e-02, -3.5840e-01, +8.5405e-02, -2.9164e-02, +6.2788e-02, +8.6012e-02, +7.0396e-02, +1.6691e-01, -1.0000e+00, +4.2368e-02, +3.9184e-02, +6.8929e-02, +1.5467e-02, +9.8532e-02, +1.5573e-01, +4.9404e-02, -7.8809e-02, +3.8445e-02, -1.2786e-02, +5.5945e-02, -3.3175e-02, -1.4289e-02, +1.6321e-01, +1.3145e-01, -2.6224e-01, +4.2975e-02, -4.9761e-02, -2.2265e-02, -1.1004e-01, +3.0556e-02, -4.1793e-02, -7.8713e-02, +6.5619e-02, +2.0968e-02, -1.3222e-02, +3.1045e-03, +4.1041e-01, +7.2553e-02, +6.7668e-02, -2.5334e-01, +3.4754e-02, +1.0613e-02
-2.2241e-02, +3.5211e-02, +1.4551e-02, +4.0255e-02, -2.8782e-03, -8.2476e-03, +5.9028e-02, +3.2559e-02, +3.3252e-02, -3.3689e-01, +4.5693e-03, +1.9924e-01, -1.1132e-01, +3.5300e-02, +2.6828e-02, -1.1580e-02, +4.2368e-02, -1.0000e+00, -5.1964e-02, +2.4278e-02, +4.5589e-02, -2.1073e-02, +1.1788e-01, -1.4719e-02, -3.3089e-02, +3.6814e-02, +4.1886e-03, -5.7374e-02, +3.0598e-03, +4.3984e-03, -2.3710e-02, +1.3051e-01, -1.1264e-01, +1.4561e-02, +3.6610e-02, +4.1709e-02, +4.8413e-02, -3.0746e-02, +4.8703e-02, -1.0395e-01, -5.7581e-02, +1.5751e-04, +5.2553e-02, -8.3179e-02, +4.1438e-02, -3.1686e-03, +4.3554e-03, +6.4664e-02, +6.8424e-02, +4.5609e-02
+2.1123e-02, +6.9222e-02, -5.3816e-02, -4.3008e-02, -3.9990e-02, -1.2173e-01, +4.5183e-03, +7.7023e-02, +5.0854e-02, +3.9958e-02, -1.1014e-01, +1.6491e-02, +4.3334e-02, -9.7291e-02, -8.7508e-02, -1.1268e-01, +3.9184e-02, -5.1964e-02, -1.0000e+00, -6.4049e-03, -2.6233e-03, -3.4306e-02, +7.9325e-02, -5.8287e-02, +3.8403e-02, +3.5748e-04, -2.2338e-02, +3.7757e-02, +4.5365e-03, +2.1073e-02, -1.7256e-01, -1.2740e-02, -8.3731e-02, -3.0091e-02, +3.6417e-02, +1.9728e-02, +1.4942e-01, -5.4550e-02, -1.2781e-01, +6.2876e-02, -1.6537e-01, -2.7577e-02, +9.2407e-04, -4.2106e-02, +1.8026e-02, -2.9183e-02, -6.8762e-02, +9.5061e-02, +1.7848e-02, +1.2958e-02
-9.3271e-02, -1.1860e-02, -5.4790e-02, +6.7772e-04, -2.6291e-02, +1.5611e-01, -1.1561e-02, -6.8864e-03, -2.9200e-02, +6.7406e-02, -1.1648e-01, -2.7674e-02, -4.4151e-02, -4.6638e-02, -8.5623e-02, -6.9326e-02, +6.8929e-02, +2.4278e-02, -6.4049e-03, -1.0000e+00, -3.4095e-02, -1.3831e-01, -8.7582e-02, -1.1575e-01, -2.7957e-02, -3.5754e-02, +6.0270e-03, -9.1382e-02, +5.1276e-02, +8.5893e-03, -5.1351e-02, -1.4558e-01, -1.7067e-01, +5.9601e-02, -2.1675e-02, +1.5596e-01, -1.4671e-01, -3.3771e-02, -6.2075e-02, -4.0231e-02, -8.9632e-02, -1.9146e-02, +1.7962e-02, -2.6531e-03, -1.8723e-01, -4.7266e-02, -1.9202e-01, +3.2458e-01, -1.0254e-01, -3.9917e-02
-1.1799e-02, +6.6502e-03, +1.0010e-02, -5.2396e-02, +4.3692e-02, -7.7519e-03, +7.9309e-02, -2.7413e-02, -1.2309e-03, +8.3589e-02, -2.3220e-02, +1.1239e-02, +2.8500e-02, +2.2035e-02, -3.2593e-02, -8.7639e-02, +1.5467e-02, +4.5589e-02, -2.6233e-03, -3.4095e-02, -1.0000e+00, +1.3649e-02, +2.5239e-02, +2.5048e-02, -3.4238e-02, -3.2127e-02, -9.1362e-04, -4.8370e-02, -6.2797e-02, +6.7226e-02, -6.1783e-02, -7.7346e-02, -7.8283e-02, +5.9954e-02, +6.3715e-02, +6.2216e-02, +1.1074e-01, -7.8809e-02, +6.2105e-02, -5.0674e-02, -3.3353e-02, -2.3307e-02, -1.4707e-01, -4.6569e-02, -5.6999e-02, -1.1187e-02, -9.0178e-02, +1.2311e-01, +8.0974e-03, +6.3993e-03
-8.7253e-02, +4.5041e-02, -8.8354e-02, -6.1418e-02, +2.3273e-02, -3.4610e-02, +6.0387e-03, -7.1188e-02, -5.0701e-02, +1.0829e-01, -7.4460e-02, +7.2001e-02, -9.3040e-03, -6.8672e-02, -7.3651e-02, -3.0115e-02, +9.8532e-02, -2.1073e-02, -3.4306e-02, -1.3831e-01, +1.3649e-02, -1.0000e+00, -5.1842e-02, -2.4651e-02, -3.9654e-02, -2.6261e-02, -1.7735e-02, -4.3428e-02, +2.2768e-02, +2.8889e-02, -1.6274e-01, +2.1027e-02, -1.1461e-01, +1.8095e-02, +5.3032e-02, +3.3602e-02, +1.5268e-01, -7.2958e-02, -4.7943e-02, +2.3653e-01, -1.3350e-01, -8.5996e-02, +4.8068e-02, -1.7179e-02, -1.5470e-01, +1.5144e-02, -8.8951e-02, +1.7261e-01, -1.2352e-02, +4.7002e-03
+2.5797e-02, -1.5995e-02, -4.7192e-02, +3.5715e-03, -3.9907e-02, +6.4179e-02, +1.6347e-02, +2.1180e-02, -1.0399e-01, +1.4228e-01, +3.7755e-03, -4.5124e-02, -1.5087e-02, -1.1170e-02, -6.8762e-02, -2.0183e-02, +1.5573e-01, +1.1788e-01, +7.9325e-02, -8.7582e-02, +2.5239e-02, -5.1842e-02, -1.0000e+00, -2.1252e-02, +2.0650e-03, +5.6571e-03, +4.3148e-02, +2.9571e-02, +6.8785e-02, -2.5231e-02, -3.0760e-02, -2.5521e-01, -3.0211e-02, -7.5430e-03, +6.3421e-02, -7.4304e-02, -7.0453e-02, -5.8484e-03, +5.8035e-02, +4.9329e-02, -1.4839e-02, +1.2248e-01, -4.7122e-02, +7.5311e-02, -4.2176e-02, +4.8206e-02, +3.1805e-03, +5.7571e-02, +1.6222e-02, +3.4027e-02
+1.9950e-02, +6.0734e-02, -3.0150e-02, -3.5265e-02, -8.6092e-02, +3.1451e-02, -3.6847e-02, +4.8583e-02, -5.0825e-03, -2.7446e-02, +3.2652e-02, +1.1458e-03, +3.7664e-02, -7.7573e-02, -6.1860e-02, -2.7150e-02, +4.9404e-02, -1.4719e-02, -5.8287e-02, -1.1575e-01, +2.5048e-02, -2.4651e-02, -2.1252e-02, -1.0000e+00, +5.8056e-02, -6.5227e-02, +2.4805e-03, +3.3836e-02, +9.3455e-02, -4.9777e-02, -1.1445e-01, -5.7022e-02, -8.2982e-02, +4.5304e-02, -7.5305e-02, +5.0926e-02, -4.2054e-02, -3.7467e-02, +8.7553e-02, -2.8976e-02, -4.8183e-02, -7.3177e-02, -3.3928e-03, +1.7148e-02, -8.7356e-02, -8.0578e-02, -1.4820e-01, +1.7990e-01, -1.8752e-02, +8.6805e-03
+1.3709e-03, -7.8476e-02, +2.9238e-02, -7.4099e-02, +7.9175e-02, +4.8281e-02, +4.9727e-02, -1.2907e-02, -1.0605e-01, -2.3094e-02, -3.9540e-04, -1.7864e-02, -2.3296e-02, -3.9471e-03, +9.1168e-02, +7.1893e-03, -7.8809e-02, -3.3089e-02, +3.8403e-02, -2.7957e-02, -3.4238e-02, -3.9654e-02, +2.0650e-03, +5.8056e-02, -1.0000e+00, +6.4091e-02, +5.8618e-02, -6.3967e-03, +3.4035e-02, +9.3877e-03, -3.2709e-03, -4.6427e-02, -3.7882e-02, -1.6983e-03, -6.9477e-02, -2.5518e-02, -1.4115e-01, -2.9667e-03, -8.2707e-02, -1.7872e-01, -3.7302e-02, +6.8654e-02, -9.0103e-02, +1.3299e-03, +3.7392e-02, -6.5777e-02, -4.5156e-02, +1.2551e-01, +3.7612e-02, -1.4571e-02
-9.1125e-03, +1.0756e-02, -8.9299e-02, -8.4140e-02, +5.9468e-02, -1.4542e-02, +6.2730e-02, +8.2921e-02, +4.6897e-02, -1.2327e-02, -6.7445e-02, +2.3557e-03, -5.7443e-02, -3.9402e-02, -3.6762e-02, -2.3314e-02, +3.8445e-02, +3.6814e-02, +3.5747e-04, -3.5754e-02, -3.2127e-02, -2.6261e-02, +5.6571e-03, -6.5227e-02, +6.4091e-02, -1.0000e+00, +5.3726e-05, +3.0939e-02, +5.1347e-02, -2.6791e-02, -4.3506e-02, +5.0306e-02, +4.1470e-02, +1.3746e-02, +4.2310e-03, -7.4300e-03, +6.7674e-02, -7.4009e-02, +6.7538e-02, +9.8541e-02, -4.5295e-02, -8.8482e-02, +2.7346e-02, +3.7759e-02, +2.5389e-02, -8.9988e-03, -5.7888e-02, -4.2730e-02, -5.3908e-02, +9.2575e-02
+8.5964e-03, +5.4947e-02, -2.0634e-02, +1.1208e-03, +3.6116e-02, -1.1566e-01, -3.2474e-02, +1.4152e-02, +3.9316e-02, -3.2094e-03, +2.8424e-02, +2.5944e-02, +2.9395e-02, -3.5423e-02, -7.2581e-02, -6.6741e-02, -1.2786e-02, +4.1886e-03, -2.2338e-02, +6.0270e-03, -9.1363e-04, -1.7735e-02, +4.3148e-02, +2.4805e-03, +5.8618e-02, +5.3742e-05, -1.0000e+00, -1.3983e-02, -1.3605e-01, +5.8910e-02, -1.5704e-01, +6.7921e-02, -2.7720e-02, -4.3652e-02, -2.9843e-02, -6.2002e-03, +1.0832e-01, -5.9712e-02, +1.9742e-02, +9.8587e-02, -6.8131e-02, -2.6648e-02, -4.1161e-02, -2.6314e-02, +6.4725e-02, -1.9232e-02, -1.1304e-03, -4.9248e-02, +4.5399e-02, -1.0495e-02
-7.1410e-02, +4.2926e-02, -7.9341e-03, -8.6490e-02, -1.0702e-01, +5.6054e-02, +3.8601e-02, -6.9099e-02, -6.1534e-02, +3.4958e-02, -7.0596e-02, +5.7695e-02, +3.8580e-02, -3.2237e-02, -1.3987e-01, -7.3542e-02, +5.5945e-02, -5.7374e-02, +3.7757e-02, -9.1382e-02, -4.8370e-02, -4.3428e-02, +2.9571e-02, +3.3836e-02, -6.3967e-03, +3.0939e-02, -1.3983e-02, -1.0000e+00, +4.2556e-04, +3.2825e-03, -6.7972e-02, -6.0183e-02, -8.3105e-03, -4.8241e-02, +3.8728e-02, +6.6707e-02, +8.6145e-02, -3.4358e-02, +3.7749e-02, +1.5208e-02, -6.3234e-02, -6.3292e-03, -3.3319e-02, +3.5240e-03, -2.1058e-02, +4.1055e-02, -1.2388e-01, +1.7818e-01, +7.8699e-03, -5.2649e-02
+9.2412e-02, +2.5697e-02, -3.8321e-03, +1.5452e-02, -3.9318e-02, -4.8617e-02, +1.1966e-02, +3.2337e-02, +6.3008e-02, +8.2673e-02, -1.5947e-02, +3.4472e-02, +9.9573e-02, +2.3920e-02, -4.5485e-02, -1.0156e-02, -3.3175e-02, +3.0598e-03, +4.5365e-03, +5.1276e-02, -6.2797e-02, +2.2768e-02, +6.8785e-02, +9.3455e-02, +3.4035e-02, +5.1347e-02, -1.3605e-01, +4.2556e-04, -1.0000e+00, +1.2344e-01, -1.4213e-01, +9.2976e-02, +2.6031e-02, +2.4905e-02, +1.0985e-02, +3.0674e-02, +7.3050e-02, -1.0942e-01, +7.4508e-03, +3.3729e-02, +4.4365e-03, +3.5035e-02, -4.9405e-02, -3.8918e-02, +7.0496e-02, +2.4727e-02, +4.3417e-02, -1.3680e-02, +7.8581e-03, -6.9146e-02
-1.4297e-04, +1.6753e-02, +4.2299e-02, -5.8558e-02, -1.0328e-01, +8.3093e-02, +5.5080e-02, +2.8894e-03, -2.4787e-02, -7.9542e-02, -3.1384e-02, +2.0637e-02, -1.4727e-02, -5.5430e-02, +5.6253e-02, -1.1789e-02, -1.4289e-02, +4.3984e-03, +2.1073e-02, +8.5893e-03, +6.7226e-02, +2.8889e-02, -2.5231e-02, -4.9777e-02, +9.3877e-03, -2.6791e-02, +5.8910e-02, +3.2825e-03, +1.2344e-01, -1.0000e+00, +7.0073e-02, -3.3651e-02, +6.2577e-02, +1.6561e-02, -4.2440e-02, -3.4591e-02, -6.6288e-02, +1.0767e-01, +4.0841e-02, -1.5218e-02, +6.7302e-02, -3.1449e-02, +2.5805e-02, +2.2698e-02, +5.6523e-02, -2.6461e-02, -7.0563e-02, +4.8557e-02, -4.7908e-02, +7.8743e-02
-5.4189e-02, +8.8797e-02, -2.7628e-03, +1.8490e-02, -8.7760e-02, -1.8845e-01, -5.8662e-02, -3.6421e-02, -1.5980e-02, +1.6045e-01, -9.5001e-02, +6.0182e-03, +2.5227e-02, -1.4228e-01, -2.0669e-01, -1.5760e-01, +1.6321e-01, -2.3710e-02, -1.7256e-01, -5.1351e-02, -6.1783e-02, -1.6274e-01, -3.0760e-02, -1.1445e-01, -3.2709e-03, -4.3506e-02, -1.5704e-01, -6.7972e-02, -1.4213e-01, +7.0073e-02, -1.0000e+00, -2.0573e-03, -1.0629e-01, -1.0473e-01, +8.5365e-02, -7.8438e-03, +2.4694e-01, -9.5062e-02, -1.3502e-01, +1.8422e-01, -2.2754e-01, -6.6852e-02, -1.4664e-01, -5.7412e-02, -1.3571e-01, -1.3655e-01, -7.9488e-02, +3.3469e-01, +5.8272e-02, +3.3777e-03
-4.9178e-02, -9.6622e-02, -1.0682e-02, -8.9132e-03, +2.6703e-02, +1.1170e-01, +1.3923e-02, -4.4396e-02, -1.0484e-01, +4.5904e-02, -8.7997e-03, -1.8016e-02, -3.9282e-03, -2.5634e-02, +1.0710e-03, +1.0230e-01, +1.3145e-01, +1.3051e-01, -1.2740e-02, -1.4558e-01, -7.7346e-02, +2.1027e-02, -2.5521e-01, -5.7022e-02, -4.6427e-02, +5.0306e-02, +6.7921e-02, -6.0183e-02, +9.2976e-02, -3.3651e-02, -2.0573e-03, -1.0000e+00, -1.1018e-01, -7.0669e-03, -9.1817e-03, +2.2740e-02, -1.1836e-01, +1.9507e-03, -1.1332e-02, +1.8151e-02, -4.5926e-02, +1.4174e-01, -1.7415e-02, -1.6345e-01, -2.1794e-01, +7.4593e-04, -1.4276e-01, +2.9913e-01, -3.5397e-02, -2.0158e-02
-1.6698e-02, +2.3920e-02, -6.4546e-02, +1.7214e-02, +5.8669e-02, +2.2772e-02, -3.2664e-02, +1.9992e-02, -2.6828e-02, +9.4175e-02, -3.3965e-02, -1.1717e-01, +2.0113e-02, -9.5125e-02, -2.2769e-02, +8.8664e-02, -2.6224e-01, -1.1264e-01, -8.3731e-02, -1.7067e-01, -7.8283e-02, -1.1461e-01, -3.0211e-02, -8.2982e-02, -3.7882e-02, +4.1470e-02, -2.7720e-02, -8.3105e-03, +2.6031e-02, +6.2577e-02, -1.0629e-01, -1.1018e-01, -1.0000e+00, +2.8290e-02, -2.7831e-03, +3.3810e-02, -7.2556e-02, -5.0961e-02, -4.7723e-02, +1.2303e-02, -1.1717e-01, -2.0094e-01, -8.7584e-02, -1.1697e-01, +2.5560e-02, -5.5823e-02, -7.2264e-02, +8.6739e-02, -3.1319e-02, -4.3633e-02
+1.3864e-02, +9.8487e-02, +1.1304e-01, -5.9272e-02, -5.5485e-02, -6.4774e-02, +5.7327e-02, -3.2029e-02, -2.4504e-02, +1.5130e-02, -4.6165e-02, +5.7301e-02, +3.6392e-02, +6.1396e-02, -5.3246e-02, +5.2528e-02, +4.2975e-02, +1.4561e-02, -3.0091e-02, +5.9601e-02, +5.9954e-02, +1.8095e-02, -7.5430e-03, +4.5304e-02, -1.6983e-03, +1.3746e-02, -4.3652e-02, -4.8241e-02, +2.4905e-02, +1.6561e-02, -1.0473e-01, -7.0669e-03, +2.8290e-02, -1.0000e+00, +3.3810e-02, +8.1988e-02, +6.2739e-02, +3.4690e-02, -5.0573e-02, +9.5924e-02, -1.4509e-02, -2.2524e-02, +1.8004e-02, +3.1448e-02, -5.2451e-02, +3.6620e-02, -7.1356e-02, +1.9856e-02, +1.0075e-01, -2.2160e-02
-3.2922e-02, -1.9197e-02, +4.7749e-02, +2.7493e-02, -2.8058e-02, +9.2072e-02, +5.5228e-02, +8.3241e-02, +1.0162e-02, -3.4881e-02, -5.7142e-02, +5.7645e-02, -4.1775e-02, +3.5867e-02, +3.5303e-02, +5.7880e-02, -4.9761e-02, +3.6610e-02, +3.6417e-02, -2.1675e-02, +6.3715e-02, +5.3032e-02, +6.3421e-02, -7.5305e-02, -6.9477e-02, +4.2310e-03, -2.9843e-02, +3.8728e-02, +1.0985e-02, -4.2440e-02, +8.5365e-02, -9.1817e-03, -2.7831e-03, +3.3810e-02, -1.0000e+00, +2.5395e-02, -2.0201e-01, +3.0921e-02, +1.5855e-04, -1.2030e-01, +1.1726e-01, -2.4290e-02, +8.3364e-02, +3.2667e-02, -4.0458e-03, +9.2913e-03, +2.1979e-02, +5.6812e-02, -7.1822e-02, -5.3866e-02
-6.6263e-02, +2.0320e-02, +3.3377e-02, +3.2714e-02, +6.6202e-03, -2.5826e-02, +2.5201e-02, +2.7248e-02, -3.1234e-02, +1.2292e-02, -2.1510e-03, +2.8628e-02, +1.2664e-02, +5.0009e-02, +1.7998e-02, +8.6438e-02, -2.2265e-02, +4.1709e-02, +1.9728e-02, +1.5596e-01, +6.2216e-02, +3.3602e-02, -7.4304e-02, +5.0926e-02, -2.5518e-02, -7.4300e-03, -6.2002e-03, +6.6707e-02, +3.0674e-02, -3.4591e-02, -7.8438e-03, +2.2740e-02, +3.3810e-02, +8.1988e-02, +2.5395e-02, -1.0000e+00, +1.0330e-01, +4.0373e-02, +1.6979e-02, +9.7489e-02, +1.7584e-02, +8.0462e-03, +1.1044e-02, +1.6682e-03, +3.5440e-02, -6.6224e-03, +2.1944e-02, -8.3597e-02, +9.9827e-02, +5.3943e-02
+1.2485e-01, -7.1287e-02, -4.7932e-02, +2.8011e-02, +2.4194e-02, +1.2894e-01, -4.1935e-02, +2.7741e-02, -8.6691e-02, -5.6360e-02, -4.7105e-02, -2.9913e-02, -6.6721e-02, +1.2238e-01, +1.0293e-01, +9.6115e-02, -1.1004e-01, +4.8413e-02, +1.4942e-01, -1.4671e-01, +1.1074e-01, +1.5268e-01, -7.0453e-02, -4.2054e-02, -1.4115e-01, +6.7674e-02, +1.0832e-01, +8.6145e-02, +7.3050e-02, -6.6288e-02, +2.4694e-01, -1.1836e-01, -7.2556e-02, +6.2739e-02, -2.0201e-01, +1.0330e-01, -1.0000e+00, +1.0775e-01, +5.7125e-02, -1.5716e-01, +1.6480e-01, +1.7539e-02, +5.2131e-02, +1.5311e-02, -8.7245e-02, -2.2898e-02, -1.1879e-01, +1.1185e-01, -6.9062e-02, -1.4217e-01
-6.0604e-02, +3.7924e-02, +5.6773e-02, -7.2365e-02, +6.8137e-02, -1.0241e-01, +1.5328e-02, -3.6816e-02, +7.7837e-03, +6.9218e-02, -4.1973e-02, +4.1183e-02, +1.0226e-01, -8.1440e-02, -5.6603e-03, -8.4193e-02, +3.0556e-02, -3.0746e-02, -5.4550e-02, -3.3771e-02, -7.8809e-02, -7.2958e-02, -5.8484e-03, -3.7467e-02, -2.9667e-03, -7.4009e-02, -5.9712e-02, -3.4357e-02, -1.0942e-01, +1.0767e-01, -9.5062e-02, +1.9507e-03, -5.0961e-02, +3.4690e-02, +3.0921e-02, +4.0373e-02, +1.0775e-01, -1.0000e+00, -1.9464e-02, +8.9383e-02, -1.0847e-01, -2.8312e-02, -1.2129e-01, -2.5054e-02, +2.6871e-03, +6.7493e-02, -5.9931e-02, +8.5327e-02, +2.6992e-02, -4.3144e-02
+3.3480e-03, +8.0984e-03, -1.6514e-02, -2.0920e-02, +5.6548e-02, -3.5855e-02, -3.2086e-02, +6.3943e-02, +1.1862e-02, +9.1575e-02, -1.5624e-02, +2.4200e-02, +3.4181e-02, +6.1028e-02, +2.7504e-03, -1.8108e-02, -4.1793e-02, +4.8703e-02, -1.2781e-01, -6.2075e-02, +6.2105e-02, -4.7943e-02, +5.8035e-02, +8.7553e-02, -8.2707e-02, +6.7538e-02, +1.9742e-02, +3.7749e-02, +7.4508e-03, +4.0841e-02, -1.3502e-01, -1.1332e-02, -4.7723e-02, -5.0572e-02, +1.5855e-04, +1.6979e-02, +5.7125e-02, -1.9464e-02, -1.0000e+00, +1.3542e-01, -4.9262e-02, +5.7766e-03, -2.8844e-03, -9.1422e-03, +9.8206e-03, +7.2557e-02, -3.2871e-02, +2.8323e-02, +1.0489e-02, +5.2869e-02
+5.6530e-02, +1.0726e-02, +1.4440e-01, -4.8696e-02, -9.8703e-02, +1.7300e-01, +4.6848e-02, -3.1705e-02, +2.9100e-02, -2.6922e-01, -5.0725e-02, +1.0768e-02, -7.3793e-02, +7.8691e-02, +5.4162e-02, -2.3148e-02, -7.8713e-02, -1.0395e-01, +6.2876e-02, -4.0231e-02, -5.0674e-02, +2.3653e-01, +4.9329e-02, -2.8976e-02, -1.7872e-01, +9.8541e-02, +9.8587e-02, +1.5208e-02, +3.3729e-02, -1.5218e-02, +1.8422e-01, +1.8151e-02, +1.2303e-02, +9.5924e-02, -1.2030e-01, +9.7489e-02, -1.5716e-01, +8.9383e-02, +1.3542e-01, -1.0000e+00, +1.3323e-01, +3.3827e-02, -6.4726e-02, +4.9679e-02, +4.5334e-02, -1.5948e-02, -2.6778e-02, +1.5341e-01, +2.8420e-02, -6.2600e-04
+5.5632e-02, +2.6506e-03, -2.2388e-02, -3.7212e-02, +1.1439e-02, -1.2734e-01, -3.7065e-02, +1.4940e-02, +2.7848e-02, +5.8071e-02, +3.3589e-04, +3.2560e-02, +3.7879e-02, -1.1330e-01, -5.2111e-02, -1.0454e-01, +6.5619e-02, -5.7581e-02, -1.6537e-01, -8.9632e-02, -3.3353e-02, -1.3350e-01, -1.4839e-02, -4.8183e-02, -3.7302e-02, -4.5295e-02, -6.8131e-02, -6.3234e-02, +4.4364e-03, +6.7302e-02, -2.2754e-01, -4.5926e-02, -1.1717e-01, -1.4509e-02, +1.1726e-01, +1.7584e-02, +1.6480e-01, -1.0847e-01, -4.9262e-02, +1.3323e-01, -1.0000e+00, -1.9761e-02, -1.4776e-01, -4.3531e-02, +5.3361e-04, -1.1756e-01, -7.6860e-02, +1.0142e-01, +4.9241e-02, +5.7374e-02
+4.0916e-03, +1.4588e-02, -4.4366e-02, -6.0500e-02, -4.4725e-02, -5.4228e-02, -3.6248e-02, -2.7688e-03, +1.6673e-02, +2.3523e-02, -1.1329e-01, +3.6127e-03, +2.8440e-02, -6.7449e-02, -4.6233e-02, -5.1388e-02, +2.0968e-02, +1.5751e-04, -2.7577e-02, -1.9146e-02, -2.3307e-02, -8.5996e-02, +1.2248e-01, -7.3177e-02, +6.8654e-02, -8.8482e-02, -2.6648e-02, -6.3292e-03, +3.5035e-02, -3.1449e-02, -6.6852e-02, +1.4174e-01, -2.0094e-01, -2.2524e-02, -2.4290e-02, +8.0462e-03, +1.7539e-02, -2.8312e-02, +5.7766e-03, +3.3827e-02, -1.9761e-02, -1.0000e+00, -9.6791e-03, -3.3946e-02, -4.4527e-02, -6.5324e-02, -2.0181e-02, +6.6655e-02, -2.6441e-02, +4.8631e-02
+6.9376e-02, +3.7061e-02, +3.4807e-02, -2.3209e-02, +2.0444e-02, +4.4858e-02, +2.2495e-02, -3.1002e-03, +3.2182e-03, +5.9594e-02, -1.4859e-02, -5.2512e-02, +8.1433e-03, -4.2303e-02, +1.5619e-02, -2.6322e-02, -1.3222e-02, +5.2553e-02, +9.2407e-04, +1.7963e-02, -1.4707e-01, +4.8068e-02, -4.7122e-02, -3.3928e-03, -9.0103e-02, +2.7346e-02, -4.1161e-02, -3.3319e-02, -4.9405e-02, +2.5805e-02, -1.4664e-01, -1.7415e-02, -8.7584e-02, +1.8004e-02, +8.3364e-02, +1.1044e-02, +5.2131e-02, -1.2129e-01, -2.8844e-03, -6.4726e-02, -1.4776e-01, -9.6791e-03, -1.0000e+00, -1.0143e-01, -9.4014e-03, -7.4898e-02, -2.0844e-02, +4.5683e-02, +3.1441e-02, -5.9176e-02
+4.4762e-02, +3.6887e-02, +6.7316e-02, +1.4241e-02, +3.5934e-02, +1.5633e-02, +3.7739e-02, +5.2143e-02, +6.8076e-02, +5.4234e-02, -6.5068e-02, +2.0051e-02, -2.3789e-02, +6.2313e-03, -8.8494e-03, -8.9919e-02, +3.1045e-03, -8.3179e-02, -4.2106e-02, -2.6531e-03, -4.6569e-02, -1.7179e-02, +7.5311e-02, +1.7148e-02, +1.3299e-03, +3.7759e-02, -2.6314e-02, +3.5240e-03, -3.8918e-02, +2.2698e-02, -5.7412e-02, -1.6345e-01, -1.1697e-01, +3.1448e-02, +3.2667e-02, +1.6682e-03, +1.5311e-02, -2.5054e-02, -9.1422e-03, +4.9679e-02, -4.3531e-02, -3.3946e-02, -1.0143e-01, -1.0000e+00, -4.5836e-02, +4.4253e-02, +4.2952e-03, +1.5850e-01, -2.0651e-03, +2.4326e-02
-1.2335e-01, -1.4459e-02, +6.5122e-02, +6.7695e-02, +2.0355e-03, +8.8745e-02, -1.3712e-02, -7.9838e-02, -1.0626e-01, +2.4385e-01, -1.1186e-01, +2.6742e-01, -1.4011e-01, +4.4783e-02, -1.1437e-01, -9.3758e-02, +4.1041e-01, +4.1438e-02, +1.8026e-02, -1.8723e-01, -5.6999e-02, -1.5470e-01, -4.2176e-02, -8.7356e-02, +3.7392e-02, +2.5389e-02, +6.4725e-02, -2.1058e-02, +7.0496e-02, +5.6523e-02, -1.3571e-01, -2.1794e-01, +2.5560e-02, -5.2451e-02, -4.0458e-03, +3.5440e-02, -8.7245e-02, +2.6871e-03, +9.8205e-03, +4.5334e-02, +5.3361e-04, -4.4527e-02, -9.4014e-03, -4.5836e-02, -1.0000e+00, -4.9358e-02, -4.4307e-02, +5.3704e-01, -8.3389e-02, +1.2506e-02
-1.0009e-02, +3.2251e-02, -5.9655e-02, -3.4892e-02, -3.1180e-02, +1.3350e-02, -1.8027e-03, +6.2976e-02, -5.3901e-02, +6.7272e-02, +5.5061e-02, +2.6672e-02, -2.8034e-02, +2.2821e-02, -1.9651e-02, -2.3350e-02, +7.2553e-02, -3.1686e-03, -2.9183e-02, -4.7266e-02, -1.1187e-02, +1.5144e-02, +4.8206e-02, -8.0578e-02, -6.5777e-02, -8.9988e-03, -1.9232e-02, +4.1055e-02, +2.4727e-02, -2.6461e-02, -1.3655e-01, +7.4593e-04, -5.5823e-02, +3.6620e-02, +9.2913e-03, -6.6224e-03, -2.2898e-02, +6.7493e-02, +7.2557e-02, -1.5948e-02, -1.1756e-01, -6.5324e-02, -7.4898e-02, +4.4253e-02, -4.9358e-02, -1.0000e+00, -2.0456e-02, +8.8067e-02, +4.3091e-02, -2.6057e-02
-8.3578e-02, -2.2357e-02, -4.0861e-02, -5.5493e-02, -1.0878e-01, -5.5253e-02, -9.4538e-03, +2.3301e-02, +1.6249e-02, +3.8629e-02, -2.0553e-01, -3.5113e-02, -1.8079e-02, -5.6108e-02, -9.0715e-02, -1.0668e-01, +6.7668e-02, +4.3554e-03, -6.8762e-02, -1.9202e-01, -9.0178e-02, -8.8951e-02, +3.1805e-03, -1.4820e-01, -4.5156e-02, -5.7888e-02, -1.1304e-03, -1.2388e-01, +4.3417e-02, -7.0563e-02, -7.9488e-02, -1.4276e-01, -7.2264e-02, -7.1356e-02, +2.1979e-02, +2.1944e-02, -1.1879e-01, -5.9931e-02, -3.2871e-02, -2.6778e-02, -7.6860e-02, -2.0181e-02, -2.0844e-02, +4.2953e-03, -4.4307e-02, -2.0456e-02, -1.0000e+00, +3.1253e-01, +3.6449e-03, -6.7612e-02
+1.6608e-01, +5.1449e-02, +1.4396e-02, +2.0293e-02, +1.8059e-01, -7.7797e-02, -1.9389e-02, +8.0449e-02, +1.5241e-01, -2.9569e-01, +3.1084e-01, -1.6488e-01, +1.4457e-01, +1.3528e-01, +2.4497e-01, +3.4125e-01, -2.5334e-01, +6.4664e-02, +9.5061e-02, +3.2458e-01, +1.2311e-01, +1.7261e-01, +5.7571e-02, +1.7990e-01, +1.2551e-01, -4.2730e-02, -4.9248e-02, +1.7818e-01, -1.3680e-02, +4.8557e-02, +3.3469e-01, +2.9913e-01, +8.6739e-02, +1.9856e-02, +5.6812e-02, -8.3597e-02, +1.1185e-01, +8.5327e-02, +2.8323e-02, +1.5341e-01, +1.0142e-01, +6.6655e-02, +4.5683e-02, +1.5850e-01, +5.3704e-01, +8.8067e-02, +3.1253e-01, -1.0000e+00, +8.2870e-02, +5.1899e-02
-1.9929e-02, -3.7686e-02, -4.3516e-02, -1.6040e-02, -2.4323e-02, +4.8289e-02, +1.8286e-02, -1.4923e-03, -4.5443e-03, +1.0980e-01, -8.6700e-03, +1.6297e-02, -1.3749e-01, +3.1755e-02, -2.3860e-02, -5.0001e-02, +3.4754e-02, +6.8424e-02, +1.7848e-02, -1.0254e-01, +8.0974e-03, -1.2352e-02, +1.6222e-02, -1.8752e-02, +3.7612e-02, -5.3908e-02, +4.5399e-02, +7.8699e-03, +7.8581e-03, -4.7908e-02, +5.8272e-02, -3.5397e-02, -3.1319e-02, +1.0075e-01, -7.1822e-02, +9.9827e-02, -6.9062e-02, +2.6992e-02, +1.0489e-02, +2.8420e-02, +4.9241e-02, -2.6441e-02, +3.1441e-02, -2.0651e-03, -8.3389e-02, +4.3091e-02, +3.6449e-03, +8.2870e-02, -1.0000e+00, +7.3654e-03
+2.9853e-02, +8.5408e-03, +3.2818e-02, +4.4543e-02, +9.1012e-02, +6.8250e-03, -6.5790e-03, -8.8044e-02, +3.7781e-04, -4.2463e-02, +2.7397e-02, -8.4173e-02, -5.0922e-02, +6.0991e-02, +8.3982e-02, +1.0804e-01, +1.0613e-02, +4.5609e-02, +1.2958e-02, -3.9917e-02, +6.3993e-03, +4.7002e-03, +3.4027e-02, +8.6805e-03, -1.4571e-02, +9.2575e-02, -1.0495e-02, -5.2649e-02, -6.9146e-02, +7.8743e-02, +3.3777e-03, -2.0158e-02, -4.3633e-02, -2.2160e-02, -5.3866e-02, +5.3943e-02, -1.4217e-01, -4.3144e-02, +5.2869e-02, -6.2600e-04, +5.7374e-02, +4.8631e-02, -5.9176e-02, +2.4326e-02, +1.2506e-02, -2.6057e-02, -6.7612e-02, +5.1899e-02, +7.3654e-03, -1.0000e+00
