-1.0000e+00, +4.7331e-03, -2.5632e-02, -6.7573e-02, -2.9842e-02, -1.0971e-02, -3.5474e-02, -5.5083e-02, -1.1087e-01, +4.2526e-03, -1.0572e-01, -9.4776e-02, +4.2317e-02, -1.1499e-01, -9.5872e-02, -2.1836e-01, -8.7637e-02, -6.1537e-02, -1.3928e-01, -4.3776e-03, +8.6926e-02, -5.1300e-02, +9.6079e-02, -1.2259e-02, -5.5269e-02, -4.3806e-04, -3.7877e-02, -8.2251e-02, -8.7346e-02, -6.8403e-02, -8.9845e-02, +2.0775e-02, -3.4779e-02, -3.5662e-03, -7.4751e-03, +7.8255e-02, -9.4385e-03, +2.0513e-02, -2.7223e-02, -3.1351e-02, -4.5674e-02, +1.0228e-01, -7.8238e-02, -1.1248e-01, -1.4003e-01, +1.2043e-02, -1.4940e-01, +2.6617e-01, -8.5800e-02, -3.9036e-02
+4.7331e-03, -1.0000e+00, +6.2989e-02, +8.3526e-02, +5.8567e-02, +7.1365e-02, +8.1761e-03, -1.0153e-01, +1.2960e-01, -1.8420e-01, +1.6697e-01, +1.3698e-01, +7.3135e-02, +4.8719e-02, +1.1250e-02, +1.6069e-01, -6.5470e-02, +9.8177e-02, +1.0952e-01, -7.4563e-03, -3.4858e-02, +4.1000e-02, +4.6553e-02, -9.4200e-03, -5.4154e-02, -2.5712e-03, +6.3538e-02, +4.2739e-02, +1.1072e-01, +1.3682e-01, +9.5794e-02, -4.4363e-02, +1.7288e-01, -5.5619e-02, +4.4324e-02, -5.5014e-02, -8.6644e-04, +2.5754e-03, +2.3784e-02, +1.8502e-01, +8.2145e-02, +8.1611e-02, -2.7601e-02, -1.9579e-03, +4.3076e-02, -4.8418e-02, +1.4018e-01, -1.7867e-01, +1.4404e-03, +8.4610e-02
-2.5632e-02, +6.2989e-02, -1.0000e+00, -3.2388e-02, -8.7652e-02, -1.8054e-01, +2.2038e-02, +6.9880e-02, -2.4049e-04, +5.9260e-02, -1.5999e-01, -1.7396e-01, -2.6759e-02, -1.0094e-01, -8.8317e-02, -1.9536e-01, -1.3308e-02, -1.2399e-01, -4.5384e-02, -1.0050e-01, +1.3668e-01, -4.9991e-02, +8.6779e-02, +6.9392e-03, -4.1732e-02, -1.4728e-02, -3.4372e-02, -8.9584e-02, -4.4478e-02, -4.1776e-02, +4.0766e-02, +4.0789e-02, -1.3610e-01, +8.0824e-02, -1.7515e-01, +2.2837e-02, -1.4893e-02, +1.2120e-01, -8.1209e-03, +6.6461e-02, -5.5059e-02, -2.5760e-02, +1.8443e-02, -6.0626e-02, -1.2500e-01, -1.6004e-03, -6.4791e-02, +1.9199e-01, -7.0742e-02, -2.9126e-02
-6.7573e-02, +8.3526e-02, -3.2388e-02, -1.0000e+00, -8.3627e-02, -1.0893e-01, -4.6107e-03, -2.5250e-02, +1.6112e-02, +9.2483e-02, -1.3929e-01, -1.2128e-01, -5.5600e-02, -1.2398e-01, -5.3053e-02, -1.3756e-01, +1.2292e-01, -9.0994e-02, -4.0741e-02, -5.9189e-03, +6.6885e-02, -6.4568e-02, +1.5705e-01, -4.2430e-02, -1.7687e-02, -1.2227e-01, -5.3087e-02, -1.4513e-01, -1.1446e-01, -1.0077e-01, -8.1372e-02, +2.0549e-02, -3.5962e-02, +1.4588e-02, -4.6074e-02, -1.7990e-02, +7.7037e-02, +2.1828e-02, -3.8339e-02, +1.4321e-02, -9.2805e-02, -1.3120e-01, +1.2247e-01, -2.4090e-02, -1.7370e-01, -3.3860e-03, -6.8571e-02, +8.0550e-02, -9.0070e-02, -1.7751e-02
-2.9842e-02, +5.8567e-02, -8.7652e-02, -8.3627e-02, -1.0000e+00, -7.6401e-02, +3.9921e-02, -8.4243e-02, +1.7122e-02, +5.7308e-02, -1.8701e-01, -2.3070e-01, -2.8276e-02, -1.1900e-01, -1.3584e-01, -2.4987e-01, +9.0580e-02, -1.7189e-01, -1.4754e-01, -4.6619e-02, +1.9958e-02, -3.7587e-02, +5.9082e-02, -5.7540e-02, -1.3975e-02, -1.2768e-03, -6.0380e-02, -1.1901e-01, -2.3553e-01, -1.6951e-01, -8.0137e-02, +5.7518e-02, -5.1347e-02, -5.8001e-02, -1.3515e-01, -4.5511e-03, -3.3367e-02, +7.5292e-02, -5.2484e-02, -9.2069e-03, -9.3186e-02, +1.2818e-01, -1.1936e-01, -1.2927e-01, -1.6750e-01, -7.1243e-04, -1.0997e-01, +3.3772e-01, -3.1393e-02, -6.2887e-03
-1.0971e-02, +7.1365e-02, -1.8054e-01, -1.0893e-01, -7.6401e-02, -1.0000e+00, +7.3050e-02, +1.0346e-01, -2.1205e-02, +1.0327e-01, -2.5486e-01, -1.1755e-01, -2.6807e-02, -1.5134e-01, -1.6388e-01, -1.3545e-01, +6.0732e-02, -2.1724e-01, -2.1313e-01, -1.0271e-01, +1.4962e-01, +2.4258e-02, +5.0277e-02, -2.1298e-02, -7.4665e-02, -1.2039e-01, -1.9698e-01, -1.2504e-01, -1.8456e-01, -6.2971e-02, -2.3912e-01, +7.7089e-02, -1.1935e-01, +2.2321e-02, -3.9994e-02, -6.3251e-02, +5.8526e-02, -3.8046e-02, +4.1616e-02, -3.6793e-03, -1.7398e-01, -1.1729e-01, +4.8386e-02, -7.8889e-02, -1.1283e-01, +4.8143e-02, -2.4533e-01, +1.7180e-01, -3.2753e-02, +2.3225e-02
-3.5474e-02, +8.1761e-03, +2.2038e-02, -4.6107e-03, +3.9921e-02, +7.3050e-02, -1.0000e+00, -7.8704e-02, -1.0304e-01, -1.8313e-02, +5.1829e-02, -1.7828e-02, +4.6672e-02, +2.9290e-02, +1.1947e-02, +1.5895e-02, +1.2045e-01, +1.1274e-02, +3.9587e-02, +6.1631e-02, +5.9488e-03, -3.0638e-02, +3.1357e-02, -4.2584e-02, +5.9880e-02, +4.1854e-02, +5.1437e-02, +4.5648e-02, +2.0867e-02, +3.0964e-02, +7.0889e-02, +1.5298e-02, +6.2472e-02, -3.1857e-02, +1.8731e-02, +2.8250e-03, +6.2753e-03, -1.9670e-02, +6.9954e-02, +2.5573e-03, +4.0445e-02, -2.5348e-02, +4.8094e-02, +1.5739e-03, -3.2310e-02, +3.0842e-02, +5.1552e-02, -5.3499e-02, +4.7770e-02, +5.9453e-02
-5.5083e-02, -1.0153e-01, +6.9880e-02, -2.5250e-02, -8.4243e-02, +1.0346e-01, -7.8704e-02, -1.0000e+00, -8.3154e-03, -4.0661e-01, -4.8299e-02, -7.0241e-02, -1.5737e-01, +3.2835e-02, -1.0645e-01, -7.6525e-02, +3.3985e-01, +6.6463e-02, +4.5236e-02, +2.0366e-01, -3.4930e-01, +7.5300e-02, +2.4042e-01, -1.4028e-02, +2.7613e-02, +9.5835e-03, +2.8248e-02, -6.8850e-02, -7.5493e-02, +7.7474e-03, +2.4803e-02, +6.6502e-04, +2.2242e-01, -1.5654e-01, +5.1673e-02, -1.9215e-01, +5.2200e-02, +3.6704e-02, -8.9777e-03, +1.6758e-02, +1.5935e-01, +5.5737e-01, -2.0270e-01, -2.9192e-02, -1.1975e-01, -1.0774e-01, +1.0984e-03, +1.2482e-01, +2.7437e-02, -7.0027e-03
-1.1087e-01, +1.2960e-01, -2.4049e-04, +1.6112e-02, +1.7122e-02, -2.1205e-02, -1.0304e-01, -8.3155e-03, -1.0000e+00, -2.6840e-03, -6.1800e-02, -4.3894e-02, +1.0596e-02, -5.6958e-02, -8.9640e-02, -9.1109e-02, -1.2631e-01, -5.3442e-02, -5.0017e-02, +1.6114e-02, +1.1578e-02, +8.4099e-03, +6.2930e-03, -6.1432e-03, -6.7464e-02, +7.6620e-02, -1.1729e-02, -2.3702e-02, -3.1462e-03, -3.6789e-02, -1.2147e-02, +4.5825e-02, -1.6533e-01, -5.6175e-02, -2.8097e-02, +2.4225e-03, -2.3002e-02, +5.2842e-02, +4.5651e-02, +1.7812e-02, +6.2323e-03, +1.5865e-01, +1.2166e-03, +7.7627e-03, -3.0603e-02, +6.1417e-03, -7.7922e-02, +2.0104e-01, +2.1956e-02, -5.5132e-02
+4.2526e-03, -1.8420e-01, +5.9260e-02, +9.2483e-02, +5.7308e-02, +1.0327e-01, -1.8313e-02, -4.0661e-01, -2.6840e-03, -1.0000e+00, +1.3784e-01, +1.8147e-01, -3.8724e-02, +2.5616e-03, -4.0782e-02, +2.0623e-01, -4.9656e-02, +1.9965e-01, +9.9002e-02, +1.5577e-01, -2.7396e-01, +1.0350e-01, +2.8284e-01, +6.4515e-02, +1.9334e-02, +6.0116e-02, +1.8552e-02, +3.8516e-02, +6.9129e-02, +1.1229e-01, +1.1761e-01, -9.9627e-02, +2.3381e-01, -1.2533e-01, +9.5231e-02, -8.2218e-02, +1.2205e-01, -1.9529e-02, +5.1132e-02, +7.5118e-02, +2.5640e-01, +4.5986e-01, -1.9384e-01, +7.0238e-02, -8.1161e-02, -1.3299e-01, +1.0084e-01, -1.1799e-01, +3.4335e-02, -7.8915e-02
-1.0572e-01, +1.6697e-01, -1.5999e-01, -1.3929e-01, -1.8701e-01, -2.5486e-01, +5.1829e-02, -4.8299e-02, -6.1800e-02, +1.3784e-01, -1.0000e+00, -2.7455e-01, -8.4826e-02, -1.4567e-01, -2.8371e-01, -2.7322e-01, +9.7892e-02, -3.4762e-01, -2.6210e-01, -9.0504e-02, +2.4533e-02, -1.9935e-02, -1.7275e-02, +8.2433e-02, -3.1972e-02, -1.7977e-01, -2.0153e-01, -2.3356e-01, -2.4968e-01, -1.7529e-01, -2.4936e-01, +5.1296e-02, -2.0681e-01, +1.0915e-03, -1.1627e-01, -1.0947e-01, -1.4026e-03, +7.0206e-03, -4.1160e-02, -7.7634e-02, -1.7675e-01, +1.0454e-01, -1.0846e-01, -8.3823e-02, -1.2715e-01, +7.7900e-02, -2.8880e-01, +4.4307e-01, -6.0554e-02, +8.9694e-02
-9.4776e-02, +1.3698e-01, -1.7396e-01, -1.2128e-01, -2.3070e-01, -1.1755e-01, -1.7828e-02, -7.0241e-02, -4.3894e-02, +1.8147e-01, -2.7455e-01, -1.0000e+00, -1.0829e-01, -1.4799e-01, -1.6165e-01, -4.7281e-01, +4.2294e-01, -2.2474e-01, -1.4473e-01, -5.1205e-02, +4.7117e-02, -7.6729e-02, -5.0739e-03, -9.8728e-02, -4.4037e-02, -7.6796e-02, -8.2485e-02, -1.4564e-01, -3.4150e-01, -1.6485e-01, -2.1906e-01, +4.4849e-02, -2.7278e-01, -6.0668e-03, -1.1072e-01, +2.3458e-01, -1.4917e-02, +1.0486e-01, -1.2532e-01, -7.7909e-02, -1.1028e-01, +2.0879e-01, -4.8211e-03, -1.5802e-01, -1.1255e-01, -7.7083e-04, -1.5685e-01, +5.5889e-01, -2.0553e-02, +3.3836e-02
+4.2317e-02, +7.3135e-02, -2.6759e-02, -5.5600e-02, -2.8276e-02, -2.6807e-02, +4.6672e-02, -1.5737e-01, +1.0596e-02, -3.8724e-02, -8.4826e-02, -1.0829e-01, -1.0000e+00, +5.7654e-02, -1.1223e-01, -3.3515e-02, +3.9152e-01, -3.1032e-02, -8.7514e-03, -5.2878e-02, -1.1931e-01, +1.2351e-01, -5.5737e-02, +4.1793e-03, +3.2208e-03, -3.5245e-02, -9.1645e-02, -5.2380e-02, -9.2792e-02, -2.9448e-02, -8.2211e-02, +3.0879e-02, +1.4494e-01, -5.2125e-02, +2.5075e-02, +1.6129e-02, +7.8513e-02, -1.4426e-03, +1.5101e-03, +1.2165e-01, +1.0334e-03, +1.1660e-01, +1.5761e-02, -7.9497e-02, +4.0550e-03, -1.5386e-02, +4.9509e-03, -1.0161e-02, -3.1001e-02, +2.4045e-02
-1.1499e-01, +4.8719e-02, -1.0094e-01, -1.2398e-01, -1.1900e-01, -1.5134e-01, +2.9290e-02, +3.2835e-02, -5.6958e-02, +2.5616e-03, -1.4567e-01, -1.4799e-01, +5.7654e-02, -1.0000e+00, -1.1409e-01, -2.4001e-01, +2.4069e-02, -1.9645e-01, -1.6164e-01, -7.7958e-02, +9.6762e-02, +3.7221e-03, +2.5748e-02, -1.1638e-01, -5.2664e-02, -1.1437e-01, -1.1097e-01, -5.3125e-02, -2.2522e-01, -1.0287e-01, -2.5322e-01, +4.9772e-02, -1.5668e-01, -3.8339e-02, -3.6873e-02, -4.8919e-03, +4.6670e-02, +2.5475e-02, -7.5791e-02, +4.1612e-02, -1.4481e-01, +7.7459e-02, +4.9784e-02, -9.6911e-02, -1.5108e-01, -9.5815e-02, -1.7831e-01, +2.8741e-01, +4.9442e-02, -6.8070e-02
-9.5872e-02, +1.1250e-02, -8.8317e-02, -5.3053e-02, -1.3584e-01, -1.6388e-01, +1.1947e-02, -1.0645e-01, -8.9640e-02, -4.0782e-02, -2.8371e-01, -1.6165e-01, -1.1223e-01, -1.1409e-01, -1.0000e+00, -2.2379e-01, -1.3022e-02, -1.8955e-01, -1.9456e-01, -5.5219e-02, +1.7311e-02, -1.6837e-03, +9.8409e-02, -1.3926e-02, -7.6762e-02, -4.4207e-02, -2.1223e-01, -9.7133e-02, -2.1253e-01, -1.1483e-01, -1.5970e-01, +1.7437e-02, -5.0607e-02, -5.1033e-02, -5.7938e-02, +1.8258e-02, +1.0408e-01, +6.3547e-02, -1.7076e-02, -4.5199e-03, -7.4859e-02, +2.0129e-01, -1.0168e-01, -5.1673e-02, -1.3579e-01, +1.5007e-02, -1.5493e-01, +3.4222e-01, -4.8119e-02, +6.0300e-04
-2.1836e-01, +1.6069e-01, -1.9536e-01, -1.3756e-01, -2.4987e-01, -1.3545e-01, +1.5895e-02, -7.6525e-02, -9.1109e-02, +2.0623e-01, -2.7322e-01, -4.7281e-01, -3.3515e-02, -2.4001e-01, -2.2379e-01, -1.0000e+00, +9.9889e-02, -2.9215e-01, -1.6407e-01, -1.5570e-05, +2.7985e-01, -1.2177e-01, -3.0333e-02, -9.4949e-03, -8.0224e-02, -1.2630e-01, -5.8747e-02, -9.6237e-02, -3.4440e-01, -1.8053e-01, -1.0668e-01, +3.0075e-03, -1.8404e-01, -2.0580e-02, -1.8742e-01, +3.5861e-01, +7.8719e-04, +9.9790e-02, -1.3593e-01, +4.0831e-02, -1.6880e-01, +2.3019e-01, -5.2350e-02, -2.4798e-01, -1.8234e-01, +1.2805e-01, -2.1810e-01, +7.5490e-01, -1.7118e-02, -7.9760e-02
-8.7637e-02, -6.5470e-02, -1.3308e-02, +1.2292e-01, +9.0580e-02, +6.0732e-02, +1.2045e-01, +3.3985e-01, -1.2631e-01, -4.9656e-02, +9.7892e-02, +4.2294e-01, +3.9152e-01, +2.4069e-02, -1.3022e-02, +9.9889e-02, -1.0000e+00, +5.8539e-02, +6.5429e-02, +9.5851e-02, +1.0476e-01, -5.0296e-02, +2.5610e-02, +1.1133e-01, +6.2652e-02, +7.2702e-02, +4.9525e-02, +7.4623e-02, +2.3685e-01, +7.6644e-02, +2.0665e-01, -5.8230e-02, -8.6109e-02, +8.3036e-03, -4.2903e-02, -1.3783e-02, -8.5611e-02, -4.1650e-02, +7.9850e-02, -1.2200e-02, +3.0600e-02, +5.5488e-03, -1.6093e-01, +6.5208e-02, +1.2023e-01, +1.0831e-01, +1.6972e-02, -3.0491e-02, -3.7920e-02, -1.1412e-01
-6.1537e-02, +9.8177e-02, -1.2399e-01, -9.0994e-02, -1.7189e-01, -2.1724e-01, +1.1274e-02, +6.6463e-02, -5.3442e-02, +1.9965e-01, -3.4762e-01, -2.2474e-01, -3.1032e-02, -1.9645e-01, -1.8955e-01, -2.9215e-01, +5.8539e-02, -1.0000e+00, -1.6625e-01, -8.8121e-02, +1.4718e-01, -9.2428e-02, +1.8516e-02, -3.0489e-02, -6.0110e-03, -1.7046e-01, -1.5104e-01, -1.5846e-01, -1.9676e-01, -1.1024e-01, -1.6828e-01, +8.4042e-02, -1.9341e-01, +6.3652e-02, -6.1001e-02, +3.2371e-02, -6.3789e-02, -3.5349e-02, -1.3065e-02, -6.8290e-02, -2.0653e-01, -4.8362e-02, -4.4042e-02, -4.7549e-02, -1.4097e-01, +6.8420e-02, -1.5422e-01, +3.4321e-01, -2.7761e-02, +6.6632e-02
-1.3928e-01, +1.0952e-01, -4.5384e-02, -4.0741e-02, -1.4754e-01, -2.1313e-01, +3.9587e-02, +4.5236e-02, -5.0017e-02, +9.9002e-02, -2.6210e-01, -1.4473e-01, -8.7513e-03, -1.6164e-01, -1.9456e-01, -1.6407e-01, +6.5429e-02, -1.6625e-01, -1.0000e+00, -9.3978e-02, +9.2149e-02, -4.3909e-03, +5.3901e-02, -1.2940e-01, -1.3637e-01, -1.3975e-01, -1.3440e-01, -8.2214e-02, -2.0802e-01, -1.6141e-01, -2.9458e-01, +3.8967e-03, -5.3537e-02, -5.1099e-02, -5.1649e-02, -5.1076e-03, +5.7462e-02, -6.3970e-02, +7.1222e-03, -2.4149e-02, -2.6424e-01, -1.8219e-02, +2.6469e-02, -8.5033e-02, -1.5256e-01, -5.3354e-03, -2.4519e-01, +2.5662e-01, +5.4698e-04, -4.4171e-03
-4.3776e-03, -7.4563e-03, -1.0050e-01, -5.9189e-03, -4.6619e-02, -1.0271e-01, +6.1631e-02, +2.0366e-01, +1.6114e-02, +1.5577e-01, -9.0504e-02, -5.1205e-02, -5.2878e-02, -7.7957e-02, -5.5219e-02, -1.5570e-05, +9.5851e-02, -8.8121e-02, -9.3978e-02, -1.0000e+00, +2.0334e-01, -7.6582e-02, -9.6050e-02, -3.4551e-02, -3.4585e-02, -1.9967e-02, -1.0170e-01, -1.2462e-01, -1.4449e-01, -1.1136e-01, -5.0548e-02, +1.7588e-02, +3.0667e-02, +8.9598e-02, -8.2838e-02, +1.3109e-01, -2.2513e-02, -9.5682e-03, -9.4903e-02, +1.9982e-02, -3.3764e-02, -2.3078e-01, +6.4455e-02, -2.2832e-02, +1.4972e-02, +5.2419e-02, -1.5598e-01, +5.1889e-03, -5.9741e-02, -2.2406e-02
+8.6926e-02, -3.4858e-02, +1.3668e-01, +6.6885e-02, +1.9958e-02, +1.4962e-01, +5.9488e-03, -3.4930e-01, +1.1578e-02, -2.7396e-01, +2.4533e-02, +4.7117e-02, -1.1931e-01, +9.6762e-02, +1.7311e-02, +2.7985e-01, +1.0476e-01, +1.4718e-01, +9.2149e-02, +2.0334e-01, -1.0000e+00, +4.5922e-02, +7.0497e-02, +5.9972e-02, +8.9017e-02, +1.1070e-01, +5.3781e-02, -3.3244e-02, +1.0223e-01, +8.9098e-02, -3.0729e-03, +3.1588e-02, +8.2210e-02, -7.1636e-02, +1.2606e-01, -7.6527e-02, +2.7467e-02, -2.5922e-02, +9.9970e-02, +3.9298e-02, +1.0743e-01, +4.2619e-01, -1.3661e-01, +1.8898e-01, +4.1862e-02, -1.8321e-01, +4.3386e-02, -5.9598e-02, +3.9024e-02, +4.7699e-02
-5.1300e-02, +4.1000e-02, -4.9991e-02, -6.4568e-02, -3.7587e-02, +2.4258e-02, -3.0638e-02, +7.5300e-02, +8.4099e-03, +1.0350e-01, -1.9935e-02, -7.6729e-02, +1.2351e-01, +3.7221e-03, -1.6837e-03, -1.2177e-01, -5.0296e-02, -9.2428e-02, -4.3909e-03, -7.6582e-02, +4.5922e-02, -1.0000e+00, -4.3756e-02, +5.0205e-02, -5.3289e-02, -8.0435e-02, +3.3371e-02, -1.5054e-02, -9.9372e-03, -8.2878e-02, +1.1835e-01, +5.5596e-02, -6.2597e-02, -3.6989e-02, -1.6364e-02, +1.3236e-01, -4.9503e-02, -1.5601e-02, -2.2378e-02, +8.1262e-02, +1.5144e-02, -7.0204e-02, +7.9625e-03, +3.1323e-02, -8.4671e-03, +7.3711e-02, -7.0733e-02, +1.1590e-01, +2.9821e-02, +9.0626e-02
+9.6079e-02, +4.6553e-02, +8.6779e-02, +1.5705e-01, +5.9082e-02, +5.0277e-02, +3.1357e-02, +2.4042e-01, +6.2930e-03, +2.8284e-01, -1.7275e-02, -5.0739e-03, -5.5737e-02, +2.5748e-02, +9.8409e-02, -3.0333e-02, +2.5610e-02, +1.8516e-02, +5.3901e-02, -9.6050e-02, +7.0497e-02, -4.3756e-02, -1.0000e+00, +2.9470e-02, +1.5663e-03, -4.6086e-02, -1.3444e-02, +8.7910e-02, -2.7684e-02, -6.9637e-02, -1.2679e-01, +2.1365e-02, -8.5197e-02, +4.6182e-02, +2.0171e-02, +8.3469e-03, -1.1866e-02, +6.0081e-03, -1.9914e-04, +8.2223e-03, +1.7399e-03, -7.3471e-02, -1.1200e-02, +4.1143e-02, +6.8717e-01, -1.0865e-03, +5.1532e-03, +5.8105e-02, +9.9009e-03, +2.5283e-03
-1.2259e-02, -9.4200e-03, +6.9392e-03, -4.2430e-02, -5.7540e-02, -2.1298e-02, -4.2584e-02, -1.4028e-02, -6.1432e-03, +6.4515e-02, +8.2433e-02, -9.8728e-02, +4.1793e-03, -1.1638e-01, -1.3926e-02, -9.4950e-03, +1.1133e-01, -3.0489e-02, -1.2940e-01, -3.4551e-02, +5.9972e-02, +5.0205e-02, +2.9470e-02, -1.0000e+00, -6.0193e-02, -7.9682e-02, +3.3590e-02, +5.0371e-02, -8.7511e-02, -6.1458e-02, -1.9748e-01, +3.0105e-02, +2.0615e-02, +5.9338e-02, -9.7501e-04, -3.4759e-02, +2.6291e-02, -1.5129e-02, -3.2484e-02, +7.2206e-02, -1.4120e-01, -4.3640e-02, +5.0507e-02, -8.0782e-02, -5.9405e-02, -9.3645e-02, -5.6588e-03, +4.7462e-02, -2.0574e-02, -3.5746e-03
-5.5269e-02, -5.4154e-02, -4.1732e-02, -1.7687e-02, -1.3975e-02, -7.4665e-02, +5.9880e-02, +2.7613e-02, -6.7464e-02, +1.9334e-02, -3.1972e-02, -4.4037e-02, +3.2208e-03, -5.2664e-02, -7.6762e-02, -8.0224e-02, +6.2652e-02, -6.0110e-03, -1.3637e-01, -3.4585e-02, +8.9017e-02, -5.3289e-02, +1.5663e-03, -6.0193e-02, -1.0000e+00, -5.2817e-02, -4.2102e-02, +1.1778e-02, -9.1515e-02, +4.4739e-02, -1.1772e-01, +1.5149e-02, -2.8003e-02, -3.0749e-02, -1.0969e-02, +1.8846e-03, +4.7459e-02, -8.4593e-03, -2.0903e-02, +1.1950e-01, -6.7947e-02, +1.3667e-02, -9.8725e-03, -1.7676e-02, -7.5429e-02, -9.4607e-02, -7.1102e-02, +9.5021e-02, -1.0284e-01, -3.0504e-02
-4.3805e-04, -2.5712e-03, -1.4728e-02, -1.2227e-01, -1.2768e-03, -1.2039e-01, +4.1854e-02, +9.5835e-03, +7.6620e-02, +6.0116e-02, -1.7977e-01, -7.6796e-02, -3.5245e-02, -1.1437e-01, -4.4207e-02, -1.2630e-01, +7.2702e-02, -1.7046e-01, -1.3975e-01, -1.9967e-02, +1.1070e-01, -8.0435e-02, -4.6086e-02, -7.9682e-02, -5.2817e-02, -1.0000e+00, -1.0299e-01, -3.6913e-02, -1.5182e-01, -6.8826e-02, -1.5569e-01, +1.5521e-02, -2.4359e-02, -6.4604e-02, +1.7042e-03, -5.6890e-02, +1.3064e-02, -6.3239e-03, +3.3900e-02, +1.4657e-02, -1.1830e-01, -4.7203e-02, -4.6350e-02, -9.8413e-02, -2.9881e-02, +4.0977e-02, -1.0098e-01, +1.3982e-01, -3.8097e-02, +1.3730e-02
-3.7877e-02, +6.3538e-02, -3.4372e-02, -5.3087e-02, -6.0380e-02, -1.9698e-01, +5.1437e-02, +2.8248e-02, -1.1729e-02, +1.8552e-02, -2.0153e-01, -8.2485e-02, -9.1645e-02, -1.1097e-01, -2.1223e-01, -5.8747e-02, +4.9525e-02, -1.5104e-01, -1.3440e-01, -1.0170e-01, +5.3781e-02, +3.3371e-02, -1.3444e-02, +3.3590e-02, -4.2102e-02, -1.0299e-01, -1.0000e+00, -8.0597e-02, -2.5714e-01, -8.3665e-02, -3.3467e-01, +6.8150e-02, -8.5847e-02, -2.5602e-02, +1.0850e-03, -1.1384e-01, +1.5123e-02, -5.2491e-02, +3.6281e-02, -1.8880e-02, -1.9805e-01, +5.4802e-02, +7.0729e-03, -1.7585e-02, -6.4774e-02, -8.0211e-02, -2.3662e-01, +1.8536e-01, -4.0961e-02, -7.1928e-03
-8.2251e-02, +4.2739e-02, -8.9584e-02, -1.4513e-01, -1.1901e-01, -1.2504e-01, +4.5648e-02, -6.8850e-02, -2.3702e-02, +3.8516e-02, -2.3356e-01, -1.4564e-01, -5.2380e-02, -5.3125e-02, -9.7133e-02, -9.6237e-02, +7.4623e-02, -1.5846e-01, -8.2214e-02, -1.2462e-01, -3.3244e-02, -1.5054e-02, +8.7910e-02, +5.0371e-02, +1.1778e-02, -3.6913e-02, -8.0597e-02, -1.0000e+00, -1.3250e-01, -3.5612e-02, -1.2574e-01, +4.3761e-02, -1.1579e-01, +3.4045e-02, -2.1433e-03, +5.0425e-02, +7.7764e-03, -8.7201e-03, +3.1367e-02, -7.0621e-02, -1.0691e-01, +6.3951e-02, -1.2440e-02, -3.5854e-02, -1.3208e-01, +4.8627e-02, -1.2667e-01, +2.0241e-01, -4.6007e-02, -6.7518e-02
-8.7346e-02, +1.1072e-01, -4.4478e-02, -1.1446e-01, -2.3553e-01, -1.8456e-01, +2.0867e-02, -7.5493e-02, -3.1462e-03, +6.9129e-02, -2.4968e-01, -3.4150e-01, -9.2792e-02, -2.2522e-01, -2.1253e-01, -3.4440e-01, +2.3685e-01, -1.9676e-01, -2.0802e-01, -1.4449e-01, +1.0223e-01, -9.9372e-03, -2.7684e-02, -8.7511e-02, -9.1515e-02, -1.5182e-01, -2.5714e-01, -1.3250e-01, -1.0000e+00, -1.7427e-01, -3.1499e-01, +6.5719e-02, -9.4839e-02, -4.6456e-02, -7.1181e-02, +9.7596e-02, +1.2805e-02, -2.2150e-02, -4.7158e-02, -2.1426e-02, -1.6242e-01, +1.7080e-01, -4.2665e-02, -2.0063e-01, -1.5715e-01, -1.5806e-02, -2.6373e-01, +4.6590e-01, -4.4199e-02, -7.7955e-02
-6.8403e-02, +1.3682e-01, -4.1776e-02, -1.0077e-01, -1.6951e-01, -6.2971e-02, +3.0964e-02, +7.7474e-03, -3.6789e-02, +1.1229e-01, -1.7529e-01, -1.6485e-01, -2.9448e-02, -1.0287e-01, -1.1483e-01, -1.8053e-01, +7.6644e-02, -1.1024e-01, -1.6141e-01, -1.1136e-01, +8.9098e-02, -8.2878e-02, -6.9637e-02, -6.1458e-02, +4.4739e-02, -6.8826e-02, -8.3665e-02, -3.5612e-02, -1.7427e-01, -1.0000e+00, -1.2791e-01, +5.4146e-02, -9.2152e-02, -2.2327e-02, -5.7027e-02, -8.2686e-03, -2.2315e-03, +4.7718e-02, -7.3395e-02, -2.6230e-02, -6.6211e-02, -1.0208e-02, -5.9083e-02, -3.8453e-02, -2.2711e-02, +6.9803e-02, -1.3708e-01, +2.2619e-01, -4.3738e-02, -4.0531e-02
-8.9845e-02, +9.5794e-02, +4.0766e-02, -8.1372e-02, -8.0137e-02, -2.3912e-01, +7.0889e-02, +2.4803e-02, -1.2147e-02, +1.1761e-01, -2.4936e-01, -2.1906e-01, -8.2211e-02, -2.5322e-01, -1.5970e-01, -1.0668e-01, +2.0665e-01, -1.6828e-01, -2.9458e-01, -5.0548e-02, -3.0729e-03, +1.1835e-01, -1.2679e-01, -1.9748e-01, -1.1772e-01, -1.5569e-01, -3.3467e-01, -1.2574e-01, -3.1499e-01, -1.2791e-01, -1.0000e+00, +4.5493e-02, -1.3692e-01, +1.1760e-02, +1.5883e-01, +2.9869e-02, +9.9188e-02, -1.2845e-01, +6.1654e-02, -9.5991e-02, -4.8684e-01, +1.4015e-01, -6.2749e-02, +1.2795e-03, -1.6895e-02, -1.3498e-01, -2.1603e-01, +3.4482e-01, -5.2753e-02, +5.2294e-02
+2.0775e-02, -4.4363e-02, +4.0788e-02, +2.0549e-02, +5.7518e-02, +7.7089e-02, +1.5298e-02, +6.6502e-04, +4.5825e-02, -9.9627e-02, +5.1296e-02, +4.4849e-02, +3.0879e-02, +4.9772e-02, +1.7437e-02, +3.0075e-03, -5.8230e-02, +8.4042e-02, +3.8967e-03, +1.7588e-02, +3.1588e-02, +5.5596e-02, +2.1365e-02, +3.0105e-02, +1.5149e-02, +1.5521e-02, +6.8150e-02, +4.3761e-02, +6.5719e-02, +5.4146e-02, +4.5493e-02, -1.0000e+00, +6.2520e-02, +3.7815e-02, +1.9039e-02, +5.8968e-02, +1.9940e-02, -1.4839e-04, +3.6278e-04, +6.2499e-02, +2.7941e-02, +8.3212e-03, +4.8465e-02, +1.7005e-02, +1.7560e-03, -1.1461e-02, +5.5146e-02, -5.0629e-02, -7.7046e-03, +1.6738e-02
-3.4779e-02, +1.7288e-01, -1.3610e-01, -3.5962e-02, -5.1347e-02, -1.1935e-01, +6.2472e-02, +2.2242e-01, -1.6533e-01, +2.3381e-01, -2.0681e-01, -2.7278e-01, +1.4494e-01, -1.5668e-01, -5.0607e-02, -1.8404e-01, -8.6109e-02, -1.9341e-01, -5.3537e-02, +3.0667e-02, +8.2210e-02, -6.2597e-02, -8.5197e-02, +2.0615e-02, -2.8003e-02, -2.4359e-02, -8.5847e-02, -1.1579e-01, -9.4839e-02, -9.2152e-02, -1.3692e-01, +6.2520e-02, -1.0000e+00, +6.1033e-02, -4.6897e-02, +1.4556e-01, -4.6277e-02, +6.0636e-02, -1.1885e-02, -2.7290e-01, -1.0962e-01, +7.2444e-02, +5.9091e-02, -2.3954e-02, -4.9500e-02, -1.1342e-02, -7.1966e-02, +4.4571e-01, -5.6476e-02, -1.5284e-02
-3.5662e-03, -5.5619e-02, +8.0824e-02, +1.4588e-02, -5.8001e-02, +2.2321e-02, -3.1857e-02, -1.5654e-01, -5.6175e-02, -1.2533e-01, +1.0915e-03, -6.0668e-03, -5.2125e-02, -3.8339e-02, -5.1033e-02, -2.0580e-02, +8.3036e-03, +6.3652e-02, -5.1099e-02, +8.9598e-02, -7.1636e-02, -3.6989e-02, +4.6182e-02, +5.9338e-02, -3.0749e-02, -6.4604e-02, -2.5602e-02, +3.4045e-02, -4.6456e-02, -2.2327e-02, +1.1760e-02, +3.7815e-02, +6.1033e-02, -1.0000e+00, -4.0888e-02, -1.0405e-01, +4.4481e-03, -1.4241e-02, +1.9503e-02, +5.1652e-02, +5.4599e-02, +1.9579e-01, -6.4616e-02, -6.6279e-02, -3.4108e-02, -1.0579e-02, -3.4451e-02, +5.7247e-02, +6.0910e-02, -3.1850e-02
-7.4751e-03, +4.4324e-02, -1.7515e-01, -4.6074e-02, -1.3515e-01, -3.9994e-02, +1.8731e-02, +5.1673e-02, -2.8097e-02, +9.5231e-02, -1.1627e-01, -1.1072e-01, +2.5075e-02, -3.6873e-02, -5.7938e-02, -1.8742e-01, -4.2903e-02, -6.1001e-02, -5.1649e-02, -8.2838e-02, +1.2606e-01, -1.6364e-02, +2.0171e-02, -9.7501e-04, -1.0969e-02, +1.7042e-03, +1.0849e-03, -2.1433e-03, -7.1181e-02, -5.7027e-02, +1.5883e-01, +1.9039e-02, -4.6897e-02, -4.0888e-02, -1.0000e+00, -4.8410e-02, -8.3045e-02, +3.3030e-02, -1.1730e-01, +8.5321e-02, +9.5828e-02, -3.9251e-02, -1.0216e-02, -1.2567e-01, -6.3450e-02, +5.0990e-02, -8.8068e-02, +1.4461e-01, -1.0446e-02, -2.0131e-02
+7.8256e-02, -5.5014e-02, +2.2837e-02, -1.7990e-02, -4.5511e-03, -6.3251e-02, +2.8250e-03, -1.9215e-01, +2.4225e-03, -8.2218e-02, -1.0947e-01, +2.3458e-01, +1.6129e-02, -4.8919e-03, +1.8258e-02, +3.5861e-01, -1.3783e-02, +3.2371e-02, -5.1076e-03, +1.3109e-01, -7.6527e-02, +1.3236e-01, +8.3468e-03, -3.4759e-02, +1.8846e-03, -5.6890e-02, -1.1384e-01, +5.0425e-02, +9.7596e-02, -8.2686e-03, +2.9869e-02, +5.8968e-02, +1.4556e-01, -1.0405e-01, -4.8410e-02, -1.0000e+00, +8.2742e-02, +6.2396e-03, -3.0001e-02, -2.9595e-02, +4.9100e-02, -1.1994e-01, +8.3464e-03, -1.2806e-01, +2.6354e-02, -1.0361e-01, +1.7728e-02, -3.0598e-01, +5.3134e-02, +8.6101e-02
-9.4385e-03, -8.6643e-04, -1.4893e-02, +7.7037e-02, -3.3367e-02, +5.8526e-02, +6.2753e-03, +5.2200e-02, -2.3002e-02, +1.2205e-01, -1.4026e-03, -1.4917e-02, +7.8513e-02, +4.6670e-02, +1.0408e-01, +7.8719e-04, -8.5611e-02, -6.3789e-02, +5.7462e-02, -2.2513e-02, +2.7467e-02, -4.9503e-02, -1.1866e-02, +2.6291e-02, +4.7459e-02, +1.3064e-02, +1.5123e-02, +7.7764e-03, +1.2805e-02, -2.2315e-03, +9.9188e-02, +1.9940e-02, -4.6277e-02, +4.4481e-03, -8.3045e-02, +8.2742e-02, -1.0000e+00, +8.0041e-02, -4.5251e-03, +2.7831e-02, +4.0455e-02, -2.7847e-02, -1.6348e-02, +9.5717e-02, -3.0597e-02, -7.8580e-03, -8.6761e-02, +9.7018e-02, +7.4173e-02, +8.8331e-02
+2.0513e-02, +2.5754e-03, +1.2120e-01, +2.1828e-02, +7.5292e-02, -3.8046e-02, -1.9670e-02, +3.6704e-02, +5.2842e-02, -1.9529e-02, +7.0206e-03, +1.0486e-01, -1.4426e-03, +2.5475e-02, +6.3547e-02, +9.9790e-02, -4.1650e-02, -3.5349e-02, -6.3970e-02, -9.5682e-03, -2.5922e-02, -1.5601e-02, +6.0081e-03, -1.5129e-02, -8.4593e-03, -6.3239e-03, -5.2491e-02, -8.7201e-03, -2.2150e-02, +4.7718e-02, -1.2845e-01, -1.4838e-04, +6.0636e-02, -1.4241e-02, +3.3030e-02, +6.2396e-03, +8.0041e-02, -1.0000e+00, +7.2478e-02, +9.1113e-02, -1.0050e-01, -1.5558e-02, +1.9074e-02, +4.6133e-02, +1.7068e-02, +3.3666e-03, -6.0908e-02, -1.0230e-01, +1.7499e-02, +2.5989e-02
-2.7223e-02, +2.3784e-02, -8.1209e-03, -3.8339e-02, -5.2484e-02, +4.1616e-02, +6.9954e-02, -8.9777e-03, +4.5651e-02, +5.1132e-02, -4.1160e-02, -1.2532e-01, +1.5101e-03, -7.5791e-02, -1.7076e-02, -1.3593e-01, +7.9850e-02, -1.3065e-02, +7.1222e-03, -9.4903e-02, +9.9970e-02, -2.2378e-02, -1.9914e-04, -3.2484e-02, -2.0903e-02, +3.3900e-02, +3.6281e-02, +3.1367e-02, -4.7158e-02, -7.3395e-02, +6.1654e-02, +3.6278e-04, -1.1885e-02, +1.9503e-02, -1.1730e-01, -3.0001e-02, -4.5251e-03, +7.2478e-02, -1.0000e+00, +3.2023e-02, +2.9014e-02, -6.2982e-02, +5.3024e-02, -5.0250e-02, -3.7012e-02, +3.0922e-02, -1.8058e-02, +7.0957e-02, -8.2915e-02, -5.3562e-02
-3.1351e-02, +1.8502e-01, +6.6461e-02, +1.4321e-02, -9.2069e-03, -3.6793e-03, +2.5573e-03, +1.6758e-02, +1.7812e-02, +7.5118e-02, -7.7634e-02, -7.7909e-02, +1.2165e-01, +4.1612e-02, -4.5199e-03, +4.0831e-02, -1.2200e-02, -6.8290e-02, -2.4149e-02, +1.9982e-02, +3.9298e-02, +8.1262e-02, +8.2223e-03, +7.2206e-02, +1.1950e-01, +1.4657e-02, -1.8880e-02, -7.0621e-02, -2.1426e-02, -2.6230e-02, -9.5991e-02, +6.2499e-02, -2.7290e-01, +5.1652e-02, +8.5321e-02, -2.9595e-02, +2.7831e-02, +9.1113e-02, +3.2023e-02, -1.0000e+00, -3.5937e-02, -5.6510e-02, +9.6085e-04, +3.5762e-03, -1.3301e-02, +5.3135e-02, +6.1686e-02, +9.4320e-02, -2.8331e-02, -3.2299e-02
-4.5674e-02, +8.2145e-02, -5.5059e-02, -9.2805e-02, -9.3186e-02, -1.7398e-01, +4.0445e-02, +1.5935e-01, +6.2323e-03, +2.5640e-01, -1.7675e-01, -1.1028e-01, +1.0334e-03, -1.4481e-01, -7.4859e-02, -1.6880e-01, +3.0600e-02, -2.0653e-01, -2.6424e-01, -3.3764e-02, +1.0743e-01, +1.5144e-02, +1.7399e-03, -1.4120e-01, -6.7947e-02, -1.1830e-01, -1.9805e-01, -1.0691e-01, -1.6242e-01, -6.6211e-02, -4.8684e-01, +2.7941e-02, -1.0962e-01, +5.4599e-02, +9.5828e-02, +4.9100e-02, +4.0455e-02, -1.0050e-01, +2.9014e-02, -3.5937e-02, -1.0000e+00, -1.1740e-01, +2.6855e-02, -6.3664e-02, -8.6407e-02, +1.2427e-02, -2.1769e-01, +2.2465e-01, -4.3576e-02, +4.6817e-02
+1.0228e-01, +8.1611e-02, -2.5760e-02, -1.3120e-01, +1.2818e-01, -1.1729e-01, -2.5348e-02, +5.5737e-01, +1.5865e-01, +4.5986e-01, +1.0454e-01, +2.0879e-01, +1.1660e-01, +7.7459e-02, +2.0129e-01, +2.3019e-01, +5.5488e-03, -4.8362e-02, -1.8219e-02, -2.3078e-01, +4.2619e-01, -7.0204e-02, -7.3471e-02, -4.3640e-02, +1.3667e-02, -4.7203e-02, +5.4802e-02, +6.3951e-02, +1.7080e-01, -1.0208e-02, +1.4015e-01, +8.3212e-03, +7.2444e-02, +1.9579e-01, -3.9251e-02, -1.1994e-01, -2.7847e-02, -1.5558e-02, -6.2982e-02, -5.6510e-02, -1.1740e-01, -1.0000e+00, +3.6119e-01, +5.3342e-02, +4.3345e-02, +1.8693e-01, +6.4901e-02, -5.3598e-01, +4.3580e-02, +4.6614e-02
-7.8238e-02, -2.7601e-02, +1.8443e-02, +1.2247e-01, -1.1936e-01, +4.8386e-02, +4.8094e-02, -2.0270e-01, +1.2166e-03, -1.9384e-01, -1.0846e-01, -4.8211e-03, +1.5761e-02, +4.9784e-02, -1.0168e-01, -5.2350e-02, -1.6093e-01, -4.4042e-02, +2.6469e-02, +6.4455e-02, -1.3661e-01, +7.9625e-03, -1.1200e-02, +5.0507e-02, -9.8725e-03, -4.6350e-02, +7.0729e-03, -1.2440e-02, -4.2665e-02, -5.9083e-02, -6.2749e-02, +4.8465e-02, +5.9091e-02, -6.4616e-02, -1.0216e-02, +8.3464e-03, -1.6348e-02, +1.9074e-02, +5.3024e-02, +9.6086e-04, +2.6855e-02, +3.6119e-01, -1.0000e+00, -6.9302e-02, +5.6342e-02, +2.9976e-02, -5.2279e-02, +2.2152e-01, -1.2615e-01, +6.1489e-03
-1.1248e-01, -1.9579e-03, -6.0626e-02, -2.4090e-02, -1.2927e-01, -7.8889e-02, +1.5739e-03, -2.9192e-02, +7.7627e-03, +7.0238e-02, -8.3823e-02, -1.5802e-01, -7.9497e-02, -9.6911e-02, -5.1673e-02, -2.4798e-01, +6.5208e-02, -4.7549e-02, -8.5033e-02, -2.2832e-02, +1.8898e-01, +3.1323e-02, +4.1143e-02, -8.0782e-02, -1.7676e-02, -9.8413e-02, -1.7585e-02, -3.5854e-02, -2.0063e-01, -3.8453e-02, +1.2795e-03, +1.7005e-02, -2.3954e-02, -6.6279e-02, -1.2567e-01, -1.2806e-01, +9.5717e-02, +4.6133e-02, -5.0250e-02, +3.5762e-03, -6.3664e-02, +5.3342e-02, -6.9302e-02, -1.0000e+00, -1.1775e-01, +2.7545e-02, -6.1496e-02, +2.2821e-01, +3.8539e-02, -5.3529e-02
-1.4003e-01, +4.3076e-02, -1.2500e-01, -1.7370e-01, -1.6750e-01, -1.1283e-01, -3.2310e-02, -1.1975e-01, -3.0603e-02, -8.1161e-02, -1.2715e-01, -1.1255e-01, +4.0550e-03, -1.5108e-01, -1.3579e-01, -1.8234e-01, +1.2023e-01, -1.4097e-01, -1.5256e-01, +1.4972e-02, +4.1862e-02, -8.4671e-03, +6.8717e-01, -5.9405e-02, -7.5429e-02, -2.9881e-02, -6.4774e-02, -1.3208e-01, -1.5715e-01, -2.2711e-02, -1.6895e-02, +1.7560e-03, -4.9500e-02, -3.4108e-02, -6.3450e-02, +2.6354e-02, -3.0597e-02, +1.7068e-02, -3.7012e-02, -1.3301e-02, -8.6407e-02, +4.3345e-02, +5.6342e-02, -1.1775e-01, -1.0000e+00, +7.7709e-03, -1.1598e-01, +1.8415e-01, -3.3931e-02, +4.4133e-03
+1.2043e-02, -4.8418e-02, -1.6004e-03, -3.3860e-03, -7.1244e-04, +4.8143e-02, +3.0842e-02, -1.0774e-01, +6.1417e-03, -1.3299e-01, +7.7900e-02, -7.7083e-04, -1.5386e-02, -9.5815e-02, +1.5007e-02, +1.2805e-01, +1.0831e-01, +6.8420e-02, -5.3354e-03, +5.2419e-02, -1.8321e-01, +7.3711e-02, -1.0865e-03, -9.3645e-02, -9.4607e-02, +4.0977e-02, -8.0211e-02, +4.8627e-02, -1.5806e-02, +6.9803e-02, -1.3498e-01, -1.1461e-02, -1.1342e-02, -1.0579e-02, +5.0990e-02, -1.0361e-01, -7.8580e-03, +3.3666e-03, +3.0922e-02, +5.3135e-02, +1.2427e-02, +1.8693e-01, +2.9976e-02, +2.7545e-02, +7.7709e-03, -1.0000e+00, -5.8752e-02, -1.4694e-02, +2.6990e-02, -1.3572e-02
-1.4940e-01, +1.4018e-01, -6.4791e-02, -6.8571e-02, -1.0997e-01, -2.4533e-01, +5.1552e-02, +1.0984e-03, -7.7922e-02, +1.0084e-01, -2.8880e-01, -1.5685e-01, +4.9509e-03, -1.7831e-01, -1.5493e-01, -2.1810e-01, +1.6972e-02, -1.5422e-01, -2.4519e-01, -1.5598e-01, +4.3386e-02, -7.0733e-02, +5.1532e-03, -5.6588e-03, -7.1102e-02, -1.0098e-01, -2.3662e-01, -1.2667e-01, -2.6373e-01, -1.3708e-01, -2.1603e-01, +5.5146e-02, -7.1966e-02, -3.4451e-02, -8.8068e-02, +1.7728e-02, -8.6761e-02, -6.0908e-02, -1.8058e-02, +6.1686e-02, -2.1769e-01, +6.4901e-02, -5.2279e-02, -6.1496e-02, -1.1598e-01, -5.8752e-02, -1.0000e+00, +3.3392e-01, -1.4886e-02, +8.2940e-03
+2.6617e-01, -1.7867e-01, +1.9199e-01, +8.0550e-02, +3.3772e-01, +1.7180e-01, -5.3499e-02, +1.2482e-01, +2.0104e-01, -1.1799e-01, +4.4307e-01, +5.5889e-01, -1.0161e-02, +2.8741e-01, +3.4222e-01, +7.5490e-01, -3.0491e-02, +3.4321e-01, +2.5662e-01, +5.1889e-03, -5.9598e-02, +1.1590e-01, +5.8105e-02, +4.7462e-02, +9.5021e-02, +1.3982e-01, +1.8536e-01, +2.0241e-01, +4.6590e-01, +2.2619e-01, +3.4482e-01, -5.0629e-02, +4.4571e-01, +5.7247e-02, +1.4461e-01, -3.0598e-01, +9.7018e-02, -1.0230e-01, +7.0957e-02, +9.4320e-02, +2.2465e-01, -5.3598e-01, +2.2152e-01, +2.2821e-01, +1.8415e-01, -1.4694e-02, +3.3392e-01, -1.0000e+00, +9.2159e-02, +8.5153e-02
-8.5800e-02, +1.4404e-03, -7.0742e-02, -9.0070e-02, -3.1393e-02, -3.2753e-02, +4.7770e-02, +2.7437e-02, +2.1956e-02, +3.4335e-02, -6.0554e-02, -2.0553e-02, -3.1001e-02, +4.9442e-02, -4.8119e-02, -1.7118e-02, -3.7920e-02, -2.7761e-02, +5.4698e-04, -5.9741e-02, +3.9024e-02, +2.9821e-02, +9.9009e-03, -2.0574e-02, -1.0284e-01, -3.8097e-02, -4.0961e-02, -4.6007e-02, -4.4199e-02, -4.3738e-02, -5.2753e-02, -7.7046e-03, -5.6476e-02, +6.0910e-02, -1.0446e-02, +5.3134e-02, +7.4173e-02, +1.7499e-02, -8.2915e-02, -2.8331e-02, -4.3576e-02, +4.3580e-02, -1.2615e-01, +3.8539e-02, -3.3931e-02, +2.6990e-02, -1.4886e-02, +9.2159e-02, -1.0000e+00, -7.2141e-02
-3.9036e-02, +8.4610e-02, -2.9126e-02, -1.7751e-02, -6.2887e-03, +2.3225e-02, +5.9453e-02, -7.0027e-03, -5.5132e-02, -7.8915e-02, +8.9694e-02, +3.3836e-02, +2.4045e-02, -6.8070e-02, +6.0300e-04, -7.9760e-02, -1.1412e-01, +6.6632e-02, -4.4171e-03, -2.2406e-02, +4.7699e-02, +9.0626e-02, +2.5283e-03, -3.5746e-03, -3.0504e-02, +1.3730e-02, -7.1928e-03, -6.7518e-02, -7.7955e-02, -4.0531e-02, +5.2294e-02, +1.6738e-02, -1.5284e-02, -3.1850e-02, -2.0131e-02, +8.6101e-02, +8.8331e-02, +2.5989e-02, -5.3562e-02, -3.2299e-02, +4.6817e-02, +4.6614e-02, +6.1489e-03, -5.3529e-02, +4.4133e-03, -1.3572e-02, +8.2940e-03, +8.5153e-02, -7.2141e-02, -1.0000e+00
