-1.0000e+00, -3.4306e-02, -3.5042e-02, -9.0929e-03, +4.2464e-02, -6.9318e-02, +7.5840e-02, +1.0230e-01, -2.1913e-02, +9.3853e-03, +4.3752e-02, -9.7259e-03, -9.0846e-02, -6.1440e-02, -4.4466e-02, +9.6510e-02, +7.9155e-03, +2.8986e-02, +4.2022e-02, +5.9053e-02, +1.0336e-02, +7.2430e-03, -3.2204e-03, +7.0646e-02, -5.5974e-02, +2.9031e-02, -3.0311e-02, -1.1751e-02, -1.9845e-02, -5.4610e-02, -1.1373e-02, +4.8593e-02, -1.3985e-02, +3.7940e-02, -1.6349e-01, -7.1729e-03, -1.0144e-01, -1.0434e-01, +1.0239e-02, -9.0307e-03, -1.5751e-02, +6.9453e-03, -5.3605e-02, -9.1845e-03, -2.0490e-02, -9.2460e-02, -6.3569e-02, +1.6159e-01, -2.1548e-02, -2.2665e-02
-3.4306e-02, -1.0000e+00, -2.0204e-02, -1.1476e-01, -9.1850e-02, -8.2332e-03, +5.2196e-02, +6.3367e-02, -2.5227e-02, +4.5472e-02, -1.2496e-02, +1.4593e-02, -1.4426e-01, -6.0592e-02, -3.7481e-02, +2.1966e-02, +6.6290e-03, -4.4503e-02, -1.2162e-02, +1.1072e-01, +4.6611e-02, +1.5286e-01, +9.8469e-02, -5.8025e-02, +7.6921e-02, +2.5956e-02, +3.7438e-02, -3.3408e-02, -1.7546e-02, +3.2047e-02, -2.4284e-02, +1.9289e-04, +1.8288e-02, +8.4300e-02, -5.7675e-02, +9.5647e-03, +3.2400e-02, -1.6092e-03, +1.9625e-03, +4.8000e-02, +1.2161e-03, +1.4051e-02, +6.1103e-03, -2.0732e-02, +3.7094e-02, -4.9476e-02, +1.0647e-03, +4.1797e-02, -8.4503e-03, -6.7509e-02
-3.5042e-02, -2.0204e-02, -1.0000e+00, +1.7220e-02, +8.8078e-02, +3.4107e-02, -6.3417e-02, -6.4198e-02, +4.8881e-02, +1.6469e-01, -7.6949e-02, -8.2765e-02, -3.7347e-02, -5.5601e-02, +7.3332e-02, -7.9212e-02, +1.5651e-01, -1.3046e-02, -1.0173e-01, -7.0320e-02, +2.1541e-02, +5.3238e-02, +3.2630e-01, +7.8167e-02, -1.5588e-01, +3.4059e-02, -3.0107e-02, -5.4959e-04, +5.0575e-03, +5.6440e-02, +6.9796e-02, +8.2839e-02, -1.9997e-02, -2.2329e-02, +6.3385e-02, +9.4549e-02, -1.9073e-01, +1.4632e-01, -5.2701e-02, +1.2211e-01, +4.7939e-02, -4.5718e-02, -6.6286e-02, +1.9874e-02, -5.0678e-02, -4.2758e-03, +1.1935e-01, +2.6434e-01, -6.9250e-02, -2.8741e-02
-9.0929e-03, -1.1476e-01, +1.7220e-02, -1.0000e+00, +3.8177e-02, -4.3869e-02, +9.2412e-02, -7.6834e-02, -8.7010e-02, +5.6877e-02, -4.7917e-02, -3.7975e-03, -1.6216e-01, +1.8877e-01, -8.5752e-02, -3.6268e-02, +5.0459e-02, -4.8231e-02, +2.4515e-03, +7.9876e-02, +6.5720e-02, +9.9341e-02, +1.9715e-02, -6.9149e-02, -1.4235e-01, -1.1779e-01, -1.1547e-03, +6.7725e-03, -1.3296e-01, +6.8400e-03, -5.7853e-02, -1.4699e-02, -3.5829e-02, +9.7773e-02, -1.0059e-01, +3.0546e-02, +4.6990e-02, -7.4657e-02, -5.1503e-02, -1.0756e-01, -3.6161e-02, +2.5443e-02, +7.2731e-02, -3.1252e-02, -2.0278e-02, -1.0199e-01, -1.2150e-02, +1.0711e-01, +3.5184e-02, +8.9245e-02
+4.2464e-02, -9.1850e-02, +8.8078e-02, +3.8177e-02, -1.0000e+00, -1.3434e-01, -3.9422e-02, -1.2741e-02, +7.5106e-02, +5.4264e-02, -1.1308e-01, -7.7122e-02, +5.6895e-03, -7.0059e-02, -1.2277e-01, +4.0728e-02, +7.3690e-02, -6.2396e-02, -8.0282e-02, -6.0032e-03, +2.9553e-02, +4.9942e-02, +1.6488e-02, -6.6216e-02, +4.0746e-03, +3.1525e-02, -5.1213e-02, -1.0194e-01, -8.3550e-02, -6.1485e-02, -9.1947e-02, -3.5870e-02, +1.7382e-02, +3.3195e-02, -4.2279e-02, +3.2248e-04, -3.1057e-02, +3.7852e-02, -1.9065e-02, -5.8357e-02, -9.7236e-03, -4.9128e-03, +1.3416e-02, -2.2799e-03, -1.5431e-01, -9.8315e-02, -1.0991e-01, +2.1590e-01, +1.8268e-02, -3.3776e-02
-6.9318e-02, -8.2332e-03, +3.4107e-02, -4.3869e-02, -1.3434e-01, -1.0000e+00, -4.8039e-02, -9.3815e-03, +8.8353e-02, +3.4133e-02, -3.2997e-02, +3.1590e-02, +4.4977e-02, -7.5851e-02, -1.3250e-01, +6.1972e-02, +2.8578e-02, -7.3122e-02, -5.4922e-02, -1.8562e-02, +4.1216e-02, -3.6339e-02, +1.8617e-02, -6.8751e-03, -5.5148e-02, -2.9361e-02, +4.9419e-02, -1.5481e-01, -1.1769e-01, +3.9432e-02, -1.3929e-01, +3.6510e-03, +4.4545e-02, +4.8245e-02, -5.8966e-02, -1.0728e-02, +4.5485e-02, -5.6984e-02, -1.8177e-02, +3.8268e-02, +3.2000e-02, -4.6351e-02, -1.0055e-02, -1.8838e-03, -1.3854e-01, -7.3060e-02, -1.7284e-01, +7.9873e-02, -2.5567e-04, +1.4358e-02
+7.5840e-02, +5.2196e-02, -6.3417e-02, +9.2412e-02, -3.9422e-02, -4.8039e-02, -1.0000e+00, -6.7845e-02, -1.0184e-02, +9.6532e-03, -3.8606e-02, -2.0462e-02, +3.1558e-01, -7.0487e-02, +3.0899e-02, -3.2778e-02, +1.2151e-01, -1.4214e-01, -8.9158e-02, -1.0193e-01, -1.6827e-02, -1.1476e-02, +1.3488e-01, -1.8058e-02, +2.2828e-01, +1.6832e-01, -1.2207e-01, -1.2364e-01, -6.4041e-02, +5.0374e-03, -5.9734e-02, +4.4593e-03, +1.8295e-02, -1.2747e-02, +1.3638e-01, +8.6600e-02, +7.9226e-03, -7.2036e-02, -2.7681e-02, +7.6192e-02, -6.6195e-02, -2.8410e-02, -2.8543e-02, +1.9826e-02, -1.0656e-01, -8.8073e-02, +7.0396e-02, -4.8977e-03, -5.7155e-02, -5.2441e-02
+1.0230e-01, +6.3367e-02, -6.4198e-02, -7.6834e-02, -1.2741e-02, -9.3815e-03, -6.7845e-02, -1.0000e+00, -5.9652e-02, +6.7870e-02, -1.0676e-01, -4.6215e-02, +7.2174e-02, +1.3529e-02, +5.4658e-02, +2.1494e-02, +1.2104e-01, -1.4892e-01, -1.8423e-02, -1.3542e-01, +1.3483e-01, -7.1236e-02, +8.9610e-02, +1.0436e-01, -8.1536e-02, -4.2743e-02, -4.5627e-02, -9.6979e-02, -6.0183e-02, -7.4305e-02, -1.0376e-01, +1.5778e-02, +2.9598e-02, +2.1094e-02, +5.4479e-02, -1.6683e-02, -9.9264e-02, +1.4709e-02, -1.2731e-01, -9.5840e-02, -1.4879e-02, -3.8070e-02, +3.0127e-02, +5.5620e-02, -1.1818e-01, +8.4657e-02, -4.3877e-02, +2.0642e-01, -2.1796e-02, -3.2216e-02
-2.1913e-02, -2.5227e-02, +4.8881e-02, -8.7010e-02, +7.5106e-02, +8.8353e-02, -1.0184e-02, -5.9652e-02, -1.0000e+00, +1.0584e-01, +3.3591e-02, -5.4855e-02, +6.2689e-02, +3.7820e-02, +5.0956e-02, -2.3010e-02, -2.0397e-02, -4.8562e-02, +7.5907e-03, -1.1783e-02, -4.3525e-02, -6.3155e-03, +8.3048e-02, +1.1372e-01, -4.1494e-03, -3.0997e-02, +4.2915e-02, +7.6210e-02, -6.8020e-03, -5.1842e-02, +8.0405e-02, +1.8745e-02, -7.6618e-02, +7.7615e-02, +1.3507e-02, +1.4446e-01, +8.7872e-02, +5.3763e-03, +1.4769e-02, -1.0009e-01, +6.7533e-03, -5.3589e-02, -5.8378e-02, -5.0851e-02, -2.9807e-02, +2.9475e-03, +7.5336e-02, +1.1579e-02, +2.5011e-02, -1.6741e-01
+9.3853e-03, +4.5472e-02, +1.6469e-01, +5.6877e-02, +5.4264e-02, +3.4133e-02, +9.6532e-03, +6.7870e-02, +1.0584e-01, -1.0000e+00, -1.4905e-01, +7.9402e-02, +1.3303e-01, +1.4542e-02, +1.2781e-01, -2.2662e-02, +8.2722e-02, +1.0158e-01, +5.6758e-04, -3.2755e-02, +1.8961e-02, -3.4024e-03, +1.1443e-01, -1.3279e-01, +1.6648e-02, +6.1851e-02, -5.3666e-02, +1.0179e-01, +8.6843e-02, +6.9748e-03, -5.3120e-02, -3.4739e-02, +1.0381e-02, -9.5841e-04, -3.0545e-02, +4.7648e-02, +7.5543e-02, +4.6925e-02, +2.6580e-02, +2.8257e-02, +9.1899e-02, +7.9458e-02, +8.7801e-03, +1.5121e-02, +6.1066e-02, +1.0186e-01, +1.2599e-01, -9.2674e-02, -5.1523e-04, +2.1509e-02
+4.3752e-02, -1.2496e-02, -7.6949e-02, -4.7917e-02, -1.1308e-01, -3.2997e-02, -3.8606e-02, -1.0676e-01, +3.3591e-02, -1.4905e-01, -1.0000e+00, -8.2353e-02, -1.1095e-01, -6.5216e-02, +1.1772e-02, +6.7245e-02, +1.0252e-01, -1.9708e-01, -3.7959e-02, -2.9348e-03, +2.7124e-02, +5.5164e-02, +2.8380e-01, +7.0903e-02, -4.8731e-02, -8.8728e-02, -1.5050e-01, -8.4544e-02, -1.1348e-01, -8.1011e-02, -1.4282e-01, +9.9369e-05, +4.3791e-02, +3.1720e-03, -1.1527e-01, -6.5707e-02, -5.1907e-03, -1.2212e-01, +3.0066e-02, -7.8218e-02, -5.5476e-02, +7.6901e-03, +3.3969e-02, +4.7735e-02, -1.6824e-01, +3.4874e-02, -8.2073e-02, +1.7137e-01, +2.3300e-02, +3.9453e-02
-9.7259e-03, +1.4593e-02, -8.2765e-02, -3.7975e-03, -7.7122e-02, +3.1590e-02, -2.0462e-02, -4.6215e-02, -5.4855e-02, +7.9402e-02, -8.2353e-02, -1.0000e+00, +2.7862e-02, -5.5030e-02, +1.1131e-02, +1.2012e-02, +1.3977e-01, -5.4864e-02, -7.5152e-02, +4.7007e-04, -8.8249e-02, -3.5445e-02, +7.6347e-02, +3.4917e-02, -5.4088e-02, +2.5672e-02, -6.5773e-02, -1.7931e-02, -1.0696e-01, +2.7313e-02, -8.3396e-02, +4.1394e-02, +3.2235e-02, +2.4647e-02, +6.3074e-02, +7.1264e-03, +4.9538e-02, -9.7969e-02, -6.3194e-02, -3.8953e-02, +1.2357e-02, -1.1651e-01, -3.6168e-02, +1.2178e-01, -1.0393e-01, -1.3021e-01, -1.1665e-02, +9.5956e-02, -8.5527e-03, +2.7053e-02
-9.0846e-02, -1.4426e-01, -3.7347e-02, -1.6216e-01, +5.6895e-03, +4.4977e-02, +3.1558e-01, +7.2174e-02, +6.2689e-02, +1.3303e-01, -1.1095e-01, +2.7862e-02, -1.0000e+00, +1.1576e-01, -5.9762e-02, +3.3994e-02, +2.0929e-01, +5.2394e-02, +1.4463e-01, +1.3423e-01, +1.3727e-01, +1.8396e-01, +1.9370e-01, +1.1204e-02, -2.7532e-01, -3.0423e-01, -9.6508e-02, +6.3357e-02, -6.6596e-02, -4.8409e-03, -1.2010e-01, +4.5311e-02, -2.9911e-03, -2.5497e-02, -3.1231e-01, -8.9411e-02, -1.6049e-01, -1.5890e-01, -9.2455e-02, +1.6869e-02, -6.4556e-02, +1.6254e-01, +1.0554e-01, +7.4074e-02, +1.3360e-01, -6.7491e-02, -4.1232e-01, -2.4062e-01, +7.8849e-02, +6.5568e-02
-6.1440e-02, -6.0592e-02, -5.5601e-02, +1.8877e-01, -7.0059e-02, -7.5851e-02, -7.0487e-02, +1.3529e-02, +3.7820e-02, +1.4542e-02, -6.5216e-02, -5.5030e-02, +1.1576e-01, -1.0000e+00, -4.9549e-02, +2.4827e-02, +8.6420e-02, -9.5814e-02, -1.5586e-01, +1.2847e-02, -1.8079e-02, -6.4113e-02, +7.8139e-02, -7.1653e-02, +1.0927e-01, +5.8138e-02, -9.3200e-02, -4.7195e-02, +3.5784e-02, -3.4480e-02, +5.9094e-02, +2.2347e-02, +2.6896e-04, -1.7671e-02, +1.7664e-02, +1.3105e-02, +7.3927e-02, +5.7985e-02, +1.8038e-02, +1.1344e-01, -6.5348e-03, -6.7867e-02, +1.7315e-02, +6.1933e-02, -1.0534e-01, -4.6195e-02, -1.9445e-02, -5.6837e-02, -3.9973e-02, -2.9303e-02
-4.4466e-02, -3.7481e-02, +7.3332e-02, -8.5752e-02, -1.2277e-01, -1.3250e-01, +3.0899e-02, +5.4658e-02, +5.0956e-02, +1.2781e-01, +1.1772e-02, +1.1131e-02, -5.9762e-02, -4.9549e-02, -1.0000e+00, -1.8757e-02, -7.5852e-02, +9.8959e-03, -2.5559e-02, -1.6655e-02, +3.2441e-02, +2.8604e-02, -7.4168e-02, -1.1938e-01, +2.3007e-02, -3.1443e-02, -1.8243e-02, -3.7405e-02, -5.1655e-02, +2.7027e-02, -4.2102e-02, -2.3299e-02, -3.8099e-02, +1.2252e-02, -1.0980e-01, -1.0540e-02, +2.5900e-02, +2.9845e-02, -5.1732e-02, +4.4947e-02, -2.7291e-02, -1.8046e-02, +1.8303e-02, -7.1646e-02, -7.1806e-02, -8.5087e-02, -1.4383e-01, +8.4215e-02, +3.9165e-02, +5.5383e-02
+9.6510e-02, +2.1966e-02, -7.9212e-02, -3.6268e-02, +4.0728e-02, +6.1972e-02, -3.2778e-02, +2.1494e-02, -2.3010e-02, -2.2662e-02, +6.7245e-02, +1.2012e-02, +3.3994e-02, +2.4827e-02, -1.8757e-02, -1.0000e+00, +3.5138e-03, +2.4601e-02, +3.8216e-02, -7.2570e-02, -2.0602e-02, +2.2933e-02, -6.9563e-03, -2.1752e-02, -1.5006e-02, +3.9267e-02, +2.2094e-02, +8.5912e-02, -8.9680e-03, -1.6542e-03, +1.9648e-02, +3.4133e-02, +5.2881e-02, -6.9742e-02, +4.4810e-02, +1.5018e-02, -2.5341e-02, +6.8827e-02, +2.2569e-02, +1.0007e-01, +2.8747e-02, +4.0608e-02, -6.4832e-02, -2.3829e-02, +9.2781e-02, -2.5097e-02, +1.2764e-01, +9.7072e-02, +1.9525e-02, -1.4554e-03
+7.9155e-03, +6.6290e-03, +1.5651e-01, +5.0459e-02, +7.3690e-02, +2.8578e-02, +1.2151e-01, +1.2104e-01, -2.0397e-02, +8.2722e-02, +1.0252e-01, +1.3977e-01, +2.0929e-01, +8.6420e-02, -7.5852e-02, +3.5138e-03, -1.0000e+00, +3.7269e-02, +1.7238e-01, -5.3978e-02, -9.1127e-02, -4.9390e-02, +1.1355e-01, +8.8954e-02, +3.3852e-02, +5.9415e-02, +2.1106e-01, +2.6336e-02, +6.0329e-02, -2.3991e-02, +1.9296e-01, -7.6578e-02, -8.3253e-03, -1.2130e-02, -5.9718e-02, +2.6961e-02, +1.5611e-02, -1.0835e-02, +1.0543e-01, +2.8732e-03, -1.0397e-02, +6.9650e-02, -4.0651e-02, -3.8799e-03, +1.2532e-01, +1.0798e-01, +2.4306e-02, +6.4744e-03, +4.2743e-03, +2.4599e-02
+2.8986e-02, -4.4503e-02, -1.3046e-02, -4.8231e-02, -6.2396e-02, -7.3122e-02, -1.4214e-01, -1.4892e-01, -4.8562e-02, +1.0158e-01, -1.9708e-01, -5.4864e-02, +5.2394e-02, -9.5814e-02, +9.8959e-03, +2.4601e-02, +3.7269e-02, -1.0000e+00, -1.0531e-02, -2.2405e-02, -8.7099e-02, -5.6424e-02, +2.0729e-01, -1.3222e-02, -2.9040e-02, -3.0100e-02, -8.9079e-02, -1.3043e-01, -1.3742e-01, -1.0558e-02, -1.4247e-01, +7.8435e-03, -3.7473e-02, +1.8044e-02, +9.8085e-02, +9.8604e-02, +2.7531e-01, -1.9276e-01, -1.2758e-02, -2.2477e-02, -4.4047e-02, -7.1253e-02, +2.6739e-02, -4.0327e-02, -1.4946e-01, -5.6302e-02, -1.1428e-01, +5.4386e-02, +3.4955e-02, -9.3300e-03
+4.2022e-02, -1.2162e-02, -1.0173e-01, +2.4515e-03, -8.0282e-02, -5.4922e-02, -8.9158e-02, -1.8423e-02, +7.5907e-03, +5.6758e-04, -3.7959e-02, -7.5152e-02, +1.4463e-01, -1.5586e-01, -2.5559e-02, +3.8216e-02, +1.7238e-01, -1.0531e-02, -1.0000e+00, -5.5951e-03, +3.6103e-02, -9.0736e-02, +1.4002e-01, -9.5499e-03, +2.9898e-02, -4.3060e-03, -1.1174e-01, -1.7894e-02, -8.7781e-02, +2.7765e-03, -5.5538e-02, +2.5359e-04, +6.1845e-02, +2.2533e-02, +1.4950e-01, -1.0969e-03, +1.9995e-01, +6.0380e-04, -1.4028e-01, +3.2613e-02, -7.9521e-03, -1.4525e-01, +5.3072e-03, -5.0711e-02, -1.0960e-01, -5.4863e-02, +8.2936e-02, -5.5579e-03, -4.5524e-02, +1.1751e-02
+5.9053e-02, +1.1072e-01, -7.0320e-02, +7.9876e-02, -6.0032e-03, -1.8562e-02, -1.0193e-01, -1.3542e-01, -1.1783e-02, -3.2755e-02, -2.9348e-03, +4.7006e-04, +1.3423e-01, +1.2847e-02, -1.6655e-02, -7.2570e-02, -5.3978e-02, -2.2405e-02, -5.5951e-03, -1.0000e+00, +6.7345e-02, -1.5813e-01, +3.4882e-02, -2.6251e-02, +1.3958e-02, -8.6178e-02, -3.2659e-02, -1.3962e-01, -4.3827e-02, -6.5805e-02, -6.6145e-02, +7.7735e-02, -8.6734e-02, +4.8127e-02, +7.1634e-02, -7.4926e-03, +2.6711e-02, -1.7089e-02, -7.6063e-02, -3.1383e-03, -8.9722e-02, +3.8372e-02, -2.9723e-03, +3.2285e-02, -7.3026e-02, +1.4002e-01, -6.9577e-02, +5.6916e-02, +2.0950e-02, +1.4233e-02
+1.0336e-02, +4.6611e-02, +2.1541e-02, +6.5720e-02, +2.9553e-02, +4.1216e-02, -1.6827e-02, +1.3483e-01, -4.3525e-02, +1.8961e-02, +2.7124e-02, -8.8249e-02, +1.3727e-01, -1.8079e-02, +3.2441e-02, -2.0602e-02, -9.1127e-02, -8.7099e-02, +3.6103e-02, +6.7345e-02, -1.0000e+00, +2.2115e-01, -8.6731e-02, -1.0904e-02, +3.7394e-02, +7.1930e-02, -5.9572e-02, -2.1420e-02, -1.4658e-02, -4.0237e-02, +7.1183e-02, -4.6619e-02, +1.7649e-01, -3.3296e-02, +6.1052e-02, +5.0160e-02, +2.7872e-01, +1.1974e-02, +2.7071e-02, +6.3320e-02, -4.8011e-02, -4.9654e-02, -1.6132e-01, -7.1086e-02, -1.7580e-02, -1.5113e-01, +1.0421e-01, -5.0548e-02, -1.5569e-02, +4.7258e-02
+7.2430e-03, +1.5286e-01, +5.3238e-02, +9.9341e-02, +4.9942e-02, -3.6339e-02, -1.1476e-02, -7.1236e-02, -6.3155e-03, -3.4024e-03, +5.5164e-02, -3.5445e-02, +1.8396e-01, -6.4113e-02, +2.8604e-02, +2.2933e-02, -4.9390e-02, -5.6424e-02, -9.0736e-02, -1.5813e-01, +2.2115e-01, -1.0000e+00, -4.0468e-02, -1.3866e-02, -4.8616e-02, +1.9128e-02, +3.2661e-02, -1.8295e-03, +3.3447e-02, -4.4289e-02, -6.2398e-02, +8.7031e-02, -5.3756e-02, -8.7332e-03, +8.8316e-02, +5.5252e-02, +9.3765e-02, +2.6475e-02, +9.7776e-03, -8.5880e-02, +1.4255e-02, -5.8179e-02, +1.3882e-01, +8.7730e-02, -8.2258e-02, +1.5627e-01, -6.0238e-02, +5.2761e-02, +5.0997e-02, -2.6770e-02
-3.2204e-03, +9.8469e-02, +3.2630e-01, +1.9715e-02, +1.6488e-02, +1.8617e-02, +1.3488e-01, +8.9610e-02, +8.3048e-02, +1.1443e-01, +2.8380e-01, +7.6347e-02, +1.9370e-01, +7.8139e-02, -7.4168e-02, -6.9563e-03, +1.1355e-01, +2.0729e-01, +1.4002e-01, +3.4882e-02, -8.6731e-02, -4.0468e-02, -1.0000e+00, -1.0007e-01, +8.4941e-02, +2.5002e-03, +1.7095e-01, +6.7295e-02, +1.4998e-01, +3.5466e-02, +1.1194e-01, -3.6880e-02, -2.1389e-02, -1.2083e-02, +8.8398e-02, -9.9266e-02, -5.3846e-03, +3.2326e-02, +8.3997e-02, -5.3789e-02, -1.6056e-02, +7.6070e-02, -7.1245e-02, -3.8940e-02, +1.4422e-01, +3.0914e-02, +6.6456e-02, -1.1070e-01, +2.1896e-03, +7.2175e-02
+7.0646e-02, -5.8025e-02, +7.8167e-02, -6.9149e-02, -6.6216e-02, -6.8751e-03, -1.8058e-02, +1.0436e-01, +1.1372e-01, -1.3279e-01, +7.0903e-02, +3.4917e-02, +1.1204e-02, -7.1653e-02, -1.1938e-01, -2.1752e-02, +8.8954e-02, -1.3222e-02, -9.5499e-03, -2.6251e-02, -1.0904e-02, -1.3866e-02, -1.0007e-01, -1.0000e+00, +4.4052e-02, -7.7152e-02, -7.5434e-02, +1.2805e-02, -2.1392e-05, +5.4809e-02, -5.9079e-02, -9.8447e-04, +1.3673e-02, -3.4658e-03, -2.5273e-02, -4.6707e-02, +1.6985e-01, -3.5637e-02, +5.0532e-02, +6.7973e-02, -7.6789e-03, -2.5171e-02, -5.4584e-02, -1.2175e-01, -3.5053e-02, -1.1697e-01, -4.9291e-02, -3.1819e-02, +5.6517e-02, +6.9656e-02
-5.5974e-02, +7.6921e-02, -1.5588e-01, -1.4235e-01, +4.0746e-03, -5.5148e-02, +2.2828e-01, -8.1536e-02, -4.1494e-03, +1.6648e-02, -4.8731e-02, -5.4088e-02, -2.7532e-01, +1.0927e-01, +2.3007e-02, -1.5006e-02, +3.3852e-02, -2.9040e-02, +2.9898e-02, +1.3958e-02, +3.7394e-02, -4.8616e-02, +8.4941e-02, +4.4052e-02, -1.0000e+00, -1.0022e-01, +1.1691e-02, -9.7957e-03, -7.4758e-02, +1.2176e-02, +1.3876e-02, -3.7234e-03, -2.4052e-02, +2.1472e-02, -7.1944e-02, -1.2831e-02, -8.6184e-02, +3.1302e-02, +1.1516e-02, -3.5350e-02, +1.2445e-02, +1.6835e-02, +9.5845e-03, +4.2341e-02, +1.0050e-01, -1.0633e-02, -8.5246e-02, +2.9194e-02, +6.0162e-03, +1.0122e-01
+2.9031e-02, +2.5956e-02, +3.4059e-02, -1.1779e-01, +3.1525e-02, -2.9361e-02, +1.6832e-01, -4.2743e-02, -3.0997e-02, +6.1851e-02, -8.8728e-02, +2.5672e-02, -3.0423e-01, +5.8138e-02, -3.1443e-02, +3.9267e-02, +5.9415e-02, -3.0100e-02, -4.3060e-03, -8.6178e-02, +7.1930e-02, +1.9128e-02, +2.5002e-03, -7.7152e-02, -1.0022e-01, -1.0000e+00, -2.2884e-02, -1.1489e-02, -1.1322e-01, -1.3305e-01, -1.3449e-01, +1.3884e-02, -5.6363e-02, -2.2366e-02, -1.0382e-01, +6.0641e-03, -1.9133e-02, -1.0595e-01, +1.6875e-02, +1.0851e-02, -6.9446e-02, +7.7196e-02, +7.2232e-02, -4.8197e-03, +1.1948e-02, +6.5706e-02, -1.8220e-01, +5.2862e-02, +1.1017e-01, +7.4493e-02
-3.0311e-02, +3.7438e-02, -3.0107e-02, -1.1547e-03, -5.1213e-02, +4.9419e-02, -1.2207e-01, -4.5627e-02, +4.2915e-02, -5.3666e-02, -1.5050e-01, -6.5773e-02, -9.6508e-02, -9.3200e-02, -1.8243e-02, +2.2094e-02, +2.1106e-01, -8.9079e-02, -1.1174e-01, -3.2659e-02, -5.9572e-02, +3.2661e-02, +1.7095e-01, -7.5434e-02, +1.1691e-02, -2.2884e-02, -1.0000e+00, -1.1987e-01, -2.8561e-01, -6.1550e-02, -1.7147e-01, +2.8757e-02, +5.3096e-02, +2.3653e-02, -5.1472e-02, -6.5684e-02, +1.6198e-01, -1.5361e-01, -2.3381e-02, +2.3990e-02, -5.7530e-02, +9.9639e-03, +2.4381e-02, -3.2154e-02, -1.7441e-01, -1.4995e-01, -1.5339e-01, +7.4485e-03, -1.7890e-02, +8.5235e-03
-1.1751e-02, -3.3408e-02, -5.4959e-04, +6.7725e-03, -1.0194e-01, -1.5481e-01, -1.2364e-01, -9.6979e-02, +7.6210e-02, +1.0179e-01, -8.4544e-02, -1.7931e-02, +6.3357e-02, -4.7195e-02, -3.7405e-02, +8.5912e-02, +2.6336e-02, -1.3043e-01, -1.7894e-02, -1.3962e-01, -2.1420e-02, -1.8295e-03, +6.7295e-02, +1.2805e-02, -9.7958e-03, -1.1489e-02, -1.1987e-01, -1.0000e+00, -2.0062e-01, +6.3548e-02, -5.5616e-02, -6.8999e-03, +1.8977e-02, +4.8809e-02, +2.9785e-02, -3.4711e-02, +1.2860e-01, -1.9057e-01, -8.9789e-02, -1.5606e-02, -8.2811e-02, +3.2097e-02, +3.6241e-02, +1.6792e-02, -9.4651e-02, -2.2815e-02, -4.9880e-02, +5.5699e-02, -1.7199e-02, +8.9848e-02
-1.9845e-02, -1.7546e-02, +5.0575e-03, -1.3296e-01, -8.3550e-02, -1.1769e-01, -6.4041e-02, -6.0183e-02, -6.8020e-03, +8.6843e-02, -1.1348e-01, -1.0696e-01, -6.6596e-02, +3.5784e-02, -5.1655e-02, -8.9680e-03, +6.0329e-02, -1.3742e-01, -8.7781e-02, -4.3827e-02, -1.4658e-02, +3.3447e-02, +1.4998e-01, -2.1378e-05, -7.4758e-02, -1.1322e-01, -2.8561e-01, -2.0062e-01, -1.0000e+00, +8.1555e-03, -1.2523e-01, +8.6930e-03, -7.5251e-03, +3.8673e-02, -5.2178e-02, -2.4668e-02, +1.7518e-01, -2.2514e-01, -4.7719e-02, +1.2985e-02, -3.7083e-02, -4.3899e-02, -8.6417e-03, -1.1311e-03, -8.3885e-02, -7.3051e-02, -6.6271e-02, +1.0361e-01, +5.9695e-02, +1.3581e-02
-5.4610e-02, +3.2047e-02, +5.6440e-02, +6.8400e-03, -6.1485e-02, +3.9432e-02, +5.0373e-03, -7.4305e-02, -5.1842e-02, +6.9748e-03, -8.1011e-02, +2.7313e-02, -4.8409e-03, -3.4480e-02, +2.7027e-02, -1.6542e-03, -2.3991e-02, -1.0558e-02, +2.7764e-03, -6.5805e-02, -4.0237e-02, -4.4289e-02, +3.5466e-02, +5.4809e-02, +1.2176e-02, -1.3305e-01, -6.1550e-02, +6.3548e-02, +8.1555e-03, -1.0000e+00, -9.8711e-02, +1.3030e-02, +9.3184e-03, +2.3262e-02, -3.4868e-02, -1.1577e-02, -1.7176e-02, +5.6825e-02, +2.8277e-02, -5.0875e-02, -6.0980e-02, -3.7528e-02, -8.9356e-03, +3.7646e-02, -1.2081e-01, +6.2208e-02, -3.7470e-02, +1.0199e-01, -7.8679e-03, -4.4649e-02
-1.1373e-02, -2.4284e-02, +6.9796e-02, -5.7853e-02, -9.1947e-02, -1.3929e-01, -5.9734e-02, -1.0376e-01, +8.0405e-02, -5.3120e-02, -1.4282e-01, -8.3396e-02, -1.2010e-01, +5.9094e-02, -4.2102e-02, +1.9648e-02, +1.9296e-01, -1.4247e-01, -5.5538e-02, -6.6145e-02, +7.1183e-02, -6.2398e-02, +1.1194e-01, -5.9079e-02, +1.3876e-02, -1.3449e-01, -1.7147e-01, -5.5616e-02, -1.2523e-01, -9.8711e-02, -1.0000e+00, +5.3470e-02, +1.3728e-02, -6.0507e-02, -3.0019e-02, +4.1226e-02, +7.6567e-02, -1.4302e-01, -1.0392e-02, -8.4149e-02, -1.5760e-01, +4.0115e-02, +1.0480e-02, -2.9208e-02, -1.6031e-01, -3.2744e-02, -1.6248e-01, +2.0005e-01, +6.0075e-02, -2.7847e-02
+4.8593e-02, +1.9289e-04, +8.2839e-02, -1.4699e-02, -3.5870e-02, +3.6510e-03, +4.4593e-03, +1.5778e-02, +1.8745e-02, -3.4739e-02, +9.9370e-05, +4.1394e-02, +4.5311e-02, +2.2347e-02, -2.3299e-02, +3.4133e-02, -7.6578e-02, +7.8435e-03, +2.5360e-04, +7.7735e-02, -4.6619e-02, +8.7031e-02, -3.6880e-02, -9.8447e-04, -3.7234e-03, +1.3884e-02, +2.8757e-02, -6.8999e-03, +8.6930e-03, +1.3030e-02, +5.3470e-02, -1.0000e+00, +4.6340e-02, +4.8096e-03, +4.0912e-02, -5.1536e-02, +3.2093e-02, -4.7198e-02, -2.3215e-02, -6.8527e-02, +6.0112e-02, -4.8043e-02, +1.8349e-02, +3.6501e-03, -1.0290e-02, +7.9748e-03, +1.6986e-02, -6.5422e-02, +1.7733e-04, +1.0118e-01
-1.3985e-02, +1.8288e-02, -1.9997e-02, -3.5829e-02, +1.7382e-02, +4.4545e-02, +1.8295e-02, +2.9598e-02, -7.6618e-02, +1.0381e-02, +4.3791e-02, +3.2235e-02, -2.9911e-03, +2.6896e-04, -3.8099e-02, +5.2881e-02, -8.3253e-03, -3.7473e-02, +6.1845e-02, -8.6734e-02, +1.7649e-01, -5.3756e-02, -2.1389e-02, +1.3673e-02, -2.4052e-02, -5.6363e-02, +5.3096e-02, +1.8977e-02, -7.5251e-03, +9.3184e-03, +1.3728e-02, +4.6340e-02, -1.0000e+00, +9.8037e-03, +3.6922e-02, +6.3576e-02, -6.1569e-02, +5.5184e-03, -2.6702e-02, +6.1311e-03, -2.9149e-02, -4.4365e-02, +3.9570e-02, -6.7109e-02, +4.7872e-02, +7.6152e-02, -1.2290e-01, +4.7581e-02, +2.0128e-02, -3.3175e-02
+3.7940e-02, +8.4300e-02, -2.2329e-02, +9.7773e-02, +3.3195e-02, +4.8245e-02, -1.2747e-02, +2.1094e-02, +7.7615e-02, -9.5841e-04, +3.1720e-03, +2.4647e-02, -2.5497e-02, -1.7671e-02, +1.2252e-02, -6.9742e-02, -1.2130e-02, +1.8044e-02, +2.2533e-02, +4.8127e-02, -3.3296e-02, -8.7332e-03, -1.2083e-02, -3.4658e-03, +2.1472e-02, -2.2366e-02, +2.3653e-02, +4.8809e-02, +3.8673e-02, +2.3262e-02, -6.0507e-02, +4.8096e-03, +9.8037e-03, -1.0000e+00, -2.1050e-02, -2.7712e-02, +3.3794e-02, +6.7455e-02, -1.9894e-02, +5.3451e-03, -1.7570e-03, -7.4310e-02, +2.5413e-02, -5.7819e-02, +2.2887e-03, +8.7285e-03, +1.8521e-02, +2.8651e-03, +3.4515e-02, -5.0432e-03
-1.6349e-01, -5.7675e-02, +6.3385e-02, -1.0059e-01, -4.2279e-02, -5.8966e-02, +1.3638e-01, +5.4479e-02, +1.3507e-02, -3.0545e-02, -1.1527e-01, +6.3074e-02, -3.1231e-01, +1.7664e-02, -1.0980e-01, +4.4810e-02, -5.9718e-02, +9.8085e-02, +1.4950e-01, +7.1634e-02, +6.1052e-02, +8.8316e-02, +8.8398e-02, -2.5273e-02, -7.1944e-02, -1.0382e-01, -5.1472e-02, +2.9785e-02, -5.2178e-02, -3.4868e-02, -3.0019e-02, +4.0912e-02, +3.6922e-02, -2.1050e-02, -1.0000e+00, -5.3055e-02, -1.0926e-01, -5.5817e-02, -1.3248e-02, -2.6167e-02, -3.0819e-02, +6.8232e-02, -1.8485e-02, -2.0230e-02, +1.5782e-02, -1.4594e-02, -9.6535e-02, +3.2952e-02, +4.5990e-02, +1.1384e-01
-7.1729e-03, +9.5647e-03, +9.4549e-02, +3.0546e-02, +3.2248e-04, -1.0728e-02, +8.6600e-02, -1.6683e-02, +1.4446e-01, +4.7648e-02, -6.5707e-02, +7.1264e-03, -8.9411e-02, +1.3105e-02, -1.0540e-02, +1.5018e-02, +2.6961e-02, +9.8604e-02, -1.0969e-03, -7.4926e-03, +5.0160e-02, +5.5252e-02, -9.9266e-02, -4.6707e-02, -1.2831e-02, +6.0641e-03, -6.5684e-02, -3.4711e-02, -2.4668e-02, -1.1577e-02, +4.1226e-02, -5.1536e-02, +6.3576e-02, -2.7712e-02, -5.3055e-02, -1.0000e+00, -1.4356e-01, -1.8499e-02, +2.3959e-02, +5.4962e-02, -1.1473e-02, +8.3920e-02, +2.9606e-02, +8.5893e-02, +3.6188e-02, -1.6934e-02, -2.9605e-02, +3.3848e-02, -1.7466e-02, -1.2321e-03
-1.0144e-01, +3.2400e-02, -1.9073e-01, +4.6990e-02, -3.1057e-02, +4.5485e-02, +7.9226e-03, -9.9264e-02, +8.7872e-02, +7.5543e-02, -5.1907e-03, +4.9538e-02, -1.6049e-01, +7.3927e-02, +2.5900e-02, -2.5341e-02, +1.5611e-02, +2.7531e-01, +1.9995e-01, +2.6711e-02, +2.7872e-01, +9.3765e-02, -5.3846e-03, +1.6985e-01, -8.6184e-02, -1.9133e-02, +1.6198e-01, +1.2860e-01, +1.7518e-01, -1.7176e-02, +7.6567e-02, +3.2093e-02, -6.1569e-02, +3.3794e-02, -1.0926e-01, -1.4356e-01, -1.0000e+00, +1.3560e-01, -1.2764e-02, +6.2917e-02, +4.0341e-02, +3.0573e-02, +4.3057e-02, +2.1083e-01, +2.0513e-02, +1.7965e-01, -3.3729e-02, +2.7192e-01, +7.9239e-03, -1.4909e-01
-1.0434e-01, -1.6092e-03, +1.4632e-01, -7.4657e-02, +3.7852e-02, -5.6984e-02, -7.2036e-02, +1.4709e-02, +5.3763e-03, +4.6925e-02, -1.2212e-01, -9.7969e-02, -1.5890e-01, +5.7985e-02, +2.9845e-02, +6.8827e-02, -1.0835e-02, -1.9276e-01, +6.0379e-04, -1.7089e-02, +1.1974e-02, +2.6475e-02, +3.2326e-02, -3.5637e-02, +3.1302e-02, -1.0595e-01, -1.5361e-01, -1.9057e-01, -2.2514e-01, +5.6825e-02, -1.4302e-01, -4.7198e-02, +5.5184e-03, +6.7455e-02, -5.5817e-02, -1.8499e-02, +1.3560e-01, -1.0000e+00, -6.7611e-02, -6.8611e-02, -6.0412e-02, +5.0292e-02, +1.9319e-02, -2.7597e-03, -6.8722e-02, -9.2332e-02, -1.4735e-01, -4.5910e-02, -1.6313e-02, +7.7591e-03
+1.0239e-02, +1.9625e-03, -5.2701e-02, -5.1503e-02, -1.9065e-02, -1.8177e-02, -2.7681e-02, -1.2731e-01, +1.4769e-02, +2.6580e-02, +3.0066e-02, -6.3194e-02, -9.2455e-02, +1.8038e-02, -5.1732e-02, +2.2569e-02, +1.0543e-01, -1.2758e-02, -1.4028e-01, -7.6063e-02, +2.7071e-02, +9.7776e-03, +8.3997e-02, +5.0532e-02, +1.1516e-02, +1.6875e-02, -2.3381e-02, -8.9789e-02, -4.7719e-02, +2.8277e-02, -1.0392e-02, -2.3215e-02, -2.6702e-02, -1.9894e-02, -1.3248e-02, +2.3959e-02, -1.2764e-02, -6.7611e-02, -1.0000e+00, -2.9760e-02, +7.0483e-02, -8.0140e-03, +3.6852e-02, +6.7112e-03, -6.1266e-02, +2.4411e-02, -1.4258e-01, +2.9404e-02, -4.5419e-02, +3.8414e-03
-9.0307e-03, +4.8000e-02, +1.2211e-01, -1.0756e-01, -5.8357e-02, +3.8268e-02, +7.6192e-02, -9.5840e-02, -1.0009e-01, +2.8257e-02, -7.8218e-02, -3.8953e-02, +1.6869e-02, +1.1344e-01, +4.4947e-02, +1.0007e-01, +2.8732e-03, -2.2477e-02, +3.2613e-02, -3.1383e-03, +6.3320e-02, -8.5880e-02, -5.3789e-02, +6.7973e-02, -3.5350e-02, +1.0851e-02, +2.3990e-02, -1.5606e-02, +1.2985e-02, -5.0875e-02, -8.4149e-02, -6.8527e-02, +6.1311e-03, +5.3451e-03, -2.6167e-02, +5.4962e-02, +6.2917e-02, -6.8611e-02, -2.9760e-02, -1.0000e+00, +3.7351e-02, +2.2255e-01, +7.5645e-02, +1.3744e-02, -4.9173e-02, -2.8038e-02, -2.9010e-02, +1.1110e-01, +2.0509e-02, +1.0536e-01
-1.5751e-02, +1.2161e-03, +4.7939e-02, -3.6161e-02, -9.7236e-03, +3.2000e-02, -6.6195e-02, -1.4879e-02, +6.7533e-03, +9.1899e-02, -5.5476e-02, +1.2357e-02, -6.4556e-02, -6.5348e-03, -2.7291e-02, +2.8747e-02, -1.0397e-02, -4.4047e-02, -7.9521e-03, -8.9722e-02, -4.8011e-02, +1.4255e-02, -1.6056e-02, -7.6789e-03, +1.2445e-02, -6.9446e-02, -5.7530e-02, -8.2811e-02, -3.7083e-02, -6.0980e-02, -1.5760e-01, +6.0112e-02, -2.9149e-02, -1.7570e-03, -3.0819e-02, -1.1473e-02, +4.0341e-02, -6.0412e-02, +7.0483e-02, +3.7351e-02, -1.0000e+00, +4.1783e-02, +2.0821e-02, -5.4951e-02, -5.6800e-02, +5.5367e-04, -1.3880e-01, -3.5237e-03, +1.3130e-02, +1.2621e-04
+6.9453e-03, +1.4051e-02, -4.5718e-02, +2.5443e-02, -4.9128e-03, -4.6351e-02, -2.8410e-02, -3.8070e-02, -5.3589e-02, +7.9458e-02, +7.6901e-03, -1.1651e-01, +1.6254e-01, -6.7867e-02, -1.8046e-02, +4.0608e-02, +6.9650e-02, -7.1253e-02, -1.4525e-01, +3.8372e-02, -4.9654e-02, -5.8179e-02, +7.6070e-02, -2.5171e-02, +1.6835e-02, +7.7196e-02, +9.9639e-03, +3.2097e-02, -4.3899e-02, -3.7528e-02, +4.0115e-02, -4.8043e-02, -4.4365e-02, -7.4310e-02, +6.8232e-02, +8.3920e-02, +3.0573e-02, +5.0292e-02, -8.0140e-03, +2.2255e-01, +4.1783e-02, -1.0000e+00, +2.8238e-02, +1.8518e-01, -7.3606e-02, +9.7033e-02, +8.7005e-02, +1.1335e-01, -3.8091e-02, -5.3690e-02
-5.3605e-02, +6.1103e-03, -6.6286e-02, +7.2731e-02, +1.3416e-02, -1.0055e-02, -2.8543e-02, +3.0127e-02, -5.8378e-02, +8.7801e-03, +3.3969e-02, -3.6168e-02, +1.0554e-01, +1.7315e-02, +1.8303e-02, -6.4832e-02, -4.0651e-02, +2.6739e-02, +5.3072e-03, -2.9723e-03, -1.6132e-01, +1.3882e-01, -7.1245e-02, -5.4584e-02, +9.5845e-03, +7.2232e-02, +2.4381e-02, +3.6241e-02, -8.6417e-03, -8.9356e-03, +1.0480e-02, +1.8349e-02, +3.9570e-02, +2.5413e-02, -1.8485e-02, +2.9606e-02, +4.3057e-02, +1.9319e-02, +3.6852e-02, +7.5645e-02, +2.0821e-02, +2.8238e-02, -1.0000e+00, -7.5798e-02, -3.7278e-03, -9.4295e-02, +3.2385e-02, +2.4894e-02, -1.8778e-02, +3.5382e-02
-9.1845e-03, -2.0732e-02, +1.9874e-02, -3.1252e-02, -2.2799e-03, -1.8838e-03, +1.9826e-02, +5.5620e-02, -5.0851e-02, +1.5121e-02, +4.7735e-02, +1.2178e-01, +7.4074e-02, +6.1933e-02, -7.1646e-02, -2.3829e-02, -3.8799e-03, -4.0327e-02, -5.0711e-02, +3.2285e-02, -7.1086e-02, +8.7730e-02, -3.8940e-02, -1.2175e-01, +4.2341e-02, -4.8197e-03, -3.2154e-02, +1.6792e-02, -1.1311e-03, +3.7646e-02, -2.9208e-02, +3.6501e-03, -6.7109e-02, -5.7819e-02, -2.0230e-02, +8.5893e-02, +2.1083e-01, -2.7597e-03, +6.7112e-03, +1.3744e-02, -5.4951e-02, +1.8518e-01, -7.5798e-02, -1.0000e+00, -1.2134e-02, -7.5302e-02, +3.4320e-02, +4.0734e-02, +2.9469e-02, +9.3126e-02
-2.0490e-02, +3.7094e-02, -5.0678e-02, -2.0278e-02, -1.5431e-01, -1.3854e-01, -1.0656e-01, -1.1818e-01, -2.9807e-02, +6.1066e-02, -1.6824e-01, -1.0393e-01, +1.3360e-01, -1.0534e-01, -7.1806e-02, +9.2781e-02, +1.2532e-01, -1.4946e-01, -1.0960e-01, -7.3026e-02, -1.7580e-02, -8.2258e-02, +1.4422e-01, -3.5053e-02, +1.0050e-01, +1.1948e-02, -1.7441e-01, -9.4651e-02, -8.3885e-02, -1.2081e-01, -1.6031e-01, -1.0290e-02, +4.7872e-02, +2.2887e-03, +1.5782e-02, +3.6188e-02, +2.0513e-02, -6.8722e-02, -6.1266e-02, -4.9173e-02, -5.6800e-02, -7.3606e-02, -3.7278e-03, -1.2134e-02, -1.0000e+00, -6.7172e-02, -1.1048e-01, +2.7865e-01, +5.7918e-03, -1.6484e-01
-9.2460e-02, -4.9476e-02, -4.2758e-03, -1.0199e-01, -9.8315e-02, -7.3060e-02, -8.8073e-02, +8.4657e-02, +2.9475e-03, +1.0186e-01, +3.4874e-02, -1.3021e-01, -6.7491e-02, -4.6195e-02, -8.5087e-02, -2.5097e-02, +1.0798e-01, -5.6302e-02, -5.4863e-02, +1.4002e-01, -1.5113e-01, +1.5627e-01, +3.0914e-02, -1.1697e-01, -1.0633e-02, +6.5706e-02, -1.4995e-01, -2.2815e-02, -7.3051e-02, +6.2208e-02, -3.2744e-02, +7.9748e-03, +7.6152e-02, +8.7285e-03, -1.4594e-02, -1.6934e-02, +1.7965e-01, -9.2332e-02, +2.4411e-02, -2.8038e-02, +5.5367e-04, +9.7033e-02, -9.4295e-02, -7.5302e-02, -6.7172e-02, -1.0000e+00, +1.2110e-02, -3.5935e-02, +1.3996e-02, +1.4429e-02
-6.3569e-02, +1.0647e-03, +1.1935e-01, -1.2150e-02, -1.0991e-01, -1.7284e-01, +7.0396e-02, -4.3877e-02, +7.5336e-02, +1.2599e-01, -8.2073e-02, -1.1665e-02, -4.1232e-01, -1.9445e-02, -1.4383e-01, +1.2764e-01, +2.4306e-02, -1.1428e-01, +8.2936e-02, -6.9577e-02, +1.0421e-01, -6.0239e-02, +6.6456e-02, -4.9291e-02, -8.5246e-02, -1.8220e-01, -1.5339e-01, -4.9880e-02, -6.6271e-02, -3.7470e-02, -1.6248e-01, +1.6986e-02, -1.2290e-01, +1.8521e-02, -9.6535e-02, -2.9605e-02, -3.3729e-02, -1.4735e-01, -1.4258e-01, -2.9010e-02, -1.3880e-01, +8.7005e-02, +3.2385e-02, +3.4320e-02, -1.1049e-01, +1.2110e-02, -1.0000e+00, -8.4326e-02, +8.2511e-02, +8.7468e-02
+1.6159e-01, +4.1797e-02, +2.6434e-01, +1.0711e-01, +2.1590e-01, +7.9872e-02, -4.8977e-03, +2.0642e-01, +1.1579e-02, -9.2674e-02, +1.7137e-01, +9.5956e-02, -2.4062e-01, -5.6837e-02, +8.4215e-02, +9.7072e-02, +6.4743e-03, +5.4386e-02, -5.5579e-03, +5.6916e-02, -5.0548e-02, +5.2761e-02, -1.1070e-01, -3.1819e-02, +2.9194e-02, +5.2862e-02, +7.4485e-03, +5.5699e-02, +1.0361e-01, +1.0199e-01, +2.0005e-01, -6.5422e-02, +4.7581e-02, +2.8651e-03, +3.2952e-02, +3.3848e-02, +2.7192e-01, -4.5910e-02, +2.9404e-02, +1.1110e-01, -3.5237e-03, +1.1335e-01, +2.4894e-02, +4.0734e-02, +2.7865e-01, -3.5935e-02, -8.4326e-02, -1.0000e+00, -1.2325e-02, +8.0643e-02
-2.1547e-02, -8.4503e-03, -6.9250e-02, +3.5184e-02, +1.8268e-02, -2.5567e-04, -5.7155e-02, -2.1796e-02, +2.5011e-02, -5.1523e-04, +2.3300e-02, -8.5527e-03, +7.8849e-02, -3.9973e-02, +3.9165e-02, +1.9525e-02, +4.2743e-03, +3.4955e-02, -4.5524e-02, +2.0950e-02, -1.5569e-02, +5.0997e-02, +2.1896e-03, +5.6517e-02, +6.0162e-03, +1.1017e-01, -1.7890e-02, -1.7199e-02, +5.9695e-02, -7.8679e-03, +6.0075e-02, +1.7733e-04, +2.0128e-02, +3.4515e-02, +4.5990e-02, -1.7466e-02, +7.9238e-03, -1.6313e-02, -4.5419e-02, +2.0509e-02, +1.3130e-02, -3.8091e-02, -1.8778e-02, +2.9469e-02, +5.7918e-03, +1.3996e-02, +8.2511e-02, -1.2325e-02, -1.0000e+00, +6.4512e-02
-2.2665e-02, -6.7509e-02, -2.8741e-02, +8.9245e-02, -3.3776e-02, +1.4358e-02, -5.2441e-02, -3.2216e-02, -1.6741e-01, +2.1509e-02, +3.9453e-02, +2.7053e-02, +6.5568e-02, -2.9303e-02, +5.5383e-02, -1.4554e-03, +2.4599e-02, -9.3300e-03, +1.1751e-02, +1.4233e-02, +4.7258e-02, -2.6770e-02, +7.2175e-02, +6.9656e-02, +1.0122e-01, +7.4493e-02, +8.5235e-03, +8.9848e-02, +1.3581e-02, -4.4649e-02, -2.7847e-02, +1.0118e-01, -3.3175e-02, -5.0432e-03, +1.1384e-01, -1.2321e-03, -1.4909e-01, +7.7591e-03, +3.8414e-03, +1.0536e-01, +1.2621e-04, -5.3690e-02, +3.5382e-02, +9.3126e-02, -1.6484e-01, +1.4429e-02, +8.7468e-02, +8.0643e-02, +6.4512e-02, -1.0000e+00
