-1.0000e+00, -4.5090e-02, -4.3742e-02, -9.2395e-03, -4.4154e-02, +4.9204e-02, -4.0090e-02, +1.4484e-02, -7.0801e-02, +8.1111e-03, -6.4317e-02, +1.5116e-02, -4.9960e-02, +9.9131e-03, +9.6100e-03, -6.1557e-02, +2.4713e-02, +1.0585e-01, -4.4877e-02, -1.0983e-02, -2.2213e-02, +2.7893e-02, +3.8326e-02, -6.5129e-02, -4.0338e-03, -9.0023e-02, -3.0787e-02, -1.4928e-02, -7.4260e-02, -3.5489e-02, +6.1002e-02, +4.9418e-02, +1.5008e-02, -4.3508e-02, -1.1398e-01, +2.5381e-03, +3.4202e-02, -1.5046e-02, -1.1561e-01, -4.2507e-02, +1.0852e-01, -3.2202e-03, -3.5534e-03, +9.8716e-05, +1.1224e-02, -9.3715e-02, +1.7888e-02, +1.5641e-01, +6.2993e-02, -1.5711e-02
-4.5090e-02, -1.0000e+00, +1.0490e-02, +6.7925e-02, +2.3097e-03, -6.7458e-02, -6.0010e-02, -2.7660e-02, +2.8986e-02, +8.6126e-02, +5.2548e-02, +4.5485e-02, +3.9860e-02, -3.2520e-02, -7.4379e-02, -2.0520e-02, -1.6522e-02, +4.8975e-02, -9.6689e-03, +2.2116e-01, -1.3956e-01, +5.2960e-02, +1.1416e-02, -6.3081e-02, -7.8432e-02, -3.3445e-03, -1.8287e-01, -6.7841e-02, -1.5995e-02, +2.5962e-02, -1.1613e-01, +1.4279e-01, +1.4298e-01, +1.9416e-02, +6.0870e-02, +7.3564e-03, -8.5221e-03, -1.6136e-02, -3.5484e-02, -2.9563e-02, -5.2871e-02, +1.5991e-02, +3.4825e-02, +2.5597e-02, +1.5811e-02, +2.2366e-03, -1.1664e-04, -4.8901e-02, -6.2196e-02, -4.9749e-02
-4.3742e-02, +1.0490e-02, -1.0000e+00, -1.3007e-01, +1.5611e-01, -7.3403e-02, +3.3514e-02, +1.0326e-01, -1.0755e-01, +6.6894e-02, -3.7218e-02, +1.1611e-02, +3.1879e-02, -1.4694e-02, -3.0775e-02, -5.8341e-02, -2.1059e-02, -6.9966e-03, -7.1302e-03, -1.5600e-01, -2.0644e-01, +6.4184e-02, +2.9782e-02, -6.5930e-02, -5.1127e-02, -8.8714e-03, +4.7139e-02, -2.9139e-02, -5.5163e-02, -3.3906e-02, +9.9609e-03, +9.1819e-03, -1.5626e-02, -6.9004e-02, -9.1420e-03, +1.9189e-02, +2.1042e-01, -1.0608e-01, -1.4746e-02, -4.8571e-02, +2.1371e-03, -5.9946e-02, +7.1666e-02, -1.2346e-01, +5.0407e-02, -8.2532e-02, -4.7328e-02, -2.1665e-02, -1.7623e-02, -2.0765e-02
-9.2394e-03, +6.7925e-02, -1.3007e-01, -1.0000e+00, +2.4860e-02, -2.2826e-02, +2.6676e-02, +4.2635e-02, -7.7802e-02, +2.2461e-02, -7.1775e-02, -9.1233e-02, +3.7614e-02, +9.5723e-03, +1.6477e-02, +1.1831e-02, +4.6623e-02, +8.0732e-02, -4.2659e-02, -1.9952e-01, -4.4900e-02, -1.0589e-01, +2.6584e-02, +7.8119e-04, -8.1871e-02, -1.1171e-01, +8.7144e-02, +9.4272e-02, -2.0398e-03, -8.0976e-02, +5.1901e-02, -3.5832e-02, -1.3142e-01, +4.1242e-03, -9.7955e-02, +4.2216e-03, +1.9558e-01, -9.2037e-02, -2.0124e-02, +4.9406e-02, +6.8881e-02, -1.0635e-01, +2.8298e-02, -3.9886e-02, -1.4468e-02, -6.4182e-02, -3.5651e-02, +1.0027e-01, +4.0135e-03, +2.9932e-02
-4.4154e-02, +2.3097e-03, +1.5611e-01, +2.4860e-02, -1.0000e+00, +3.8437e-02, -7.7592e-03, +1.4861e-03, -3.6148e-03, +6.1573e-02, -1.2627e-02, -8.3281e-02, -1.0160e-01, -2.6133e-02, -2.5384e-02, +1.5198e-02, +4.3280e-02, +5.6636e-02, -7.2121e-02, +7.5872e-02, +6.7236e-02, +3.2393e-02, +3.5585e-02, -8.2544e-02, -9.7919e-03, +5.1036e-02, -6.9588e-02, -1.4029e-01, -1.2540e-01, -1.0019e-01, -7.4753e-02, +6.1220e-02, +1.1768e-01, +2.1333e-02, -5.7969e-02, -4.0817e-02, -1.3459e-01, +1.2362e-01, -2.9175e-02, +3.8894e-02, -4.6829e-02, +1.5126e-03, -9.0106e-02, +1.8233e-02, -4.2907e-02, +3.7650e-03, -5.3534e-02, +2.3681e-01, +7.1213e-02, +1.6909e-02
+4.9204e-02, -6.7458e-02, -7.3403e-02, -2.2826e-02, +3.8437e-02, -1.0000e+00, +2.6321e-02, -5.8173e-02, +2.1427e-02, +1.6272e-01, -4.7825e-02, +8.4742e-02, +3.8985e-02, -5.2155e-02, -2.3034e-01, +6.4300e-02, -3.6944e-02, -1.1803e-01, -1.7526e-01, +2.1500e-01, +6.6757e-03, -4.9422e-02, -1.6668e-02, -7.6335e-02, +3.1455e-02, +1.0949e-02, -2.0277e-01, -1.3762e-01, -8.3440e-02, +2.4778e-02, -2.2889e-01, +2.1141e-01, -3.6892e-02, -5.5916e-02, +5.4837e-02, -3.4687e-02, -2.2236e-02, +5.3974e-02, -3.4582e-02, -6.4979e-02, -9.7798e-02, -1.7325e-01, +5.2461e-02, -3.3280e-02, +5.6235e-02, -8.6556e-03, -1.4257e-01, -5.2231e-02, -1.5416e-01, +2.7803e-02
-4.0090e-02, -6.0010e-02, +3.3514e-02, +2.6676e-02, -7.7592e-03, +2.6321e-02, -1.0000e+00, -2.1307e-02, +1.6380e-02, -3.1392e-02, +7.0424e-02, -6.4665e-02, +3.8483e-02, -9.0881e-03, +7.3791e-04, -6.5047e-02, +1.0748e-01, +1.1024e-01, -5.7409e-02, +6.5467e-02, -1.2480e-01, -2.9915e-02, +5.9292e-02, -7.3748e-02, +4.6613e-02, -3.4368e-02, -1.2602e-02, +5.1724e-02, -9.5450e-03, +2.0616e-02, +1.0844e-02, +6.6930e-02, +1.4800e-02, -2.2390e-02, +7.1488e-02, -7.4874e-03, +5.2661e-02, +2.5976e-02, -1.0050e-01, -1.9067e-02, +1.2577e-02, -1.1571e-02, +5.2852e-02, -7.6191e-03, -4.3886e-02, -8.2768e-02, +2.0201e-02, -2.6286e-02, -1.0074e-01, -9.1899e-02
+1.4484e-02, -2.7660e-02, +1.0326e-01, +4.2635e-02, +1.4861e-03, -5.8173e-02, -2.1307e-02, -1.0000e+00, +7.4539e-02, +7.7485e-02, +3.9235e-02, +6.1132e-02, -3.5635e-02, -7.4648e-02, -7.4645e-02, -2.8192e-02, +2.5306e-02, -4.1592e-02, -2.6338e-02, +2.2154e-01, -1.8223e-01, +7.6093e-02, -2.9765e-03, -1.5603e-02, +4.0685e-02, +4.3115e-02, -5.9294e-02, -5.6683e-02, -4.7318e-02, +5.2639e-02, -1.8329e-01, +1.1737e-01, +7.5691e-02, -2.5255e-02, +1.6349e-01, +4.5459e-04, -1.4603e-02, -3.9616e-02, +3.2666e-02, -4.3242e-02, -9.4755e-02, +7.3615e-02, +2.1024e-02, -1.8396e-02, -1.1299e-01, +1.4186e-01, -7.1418e-03, -1.1318e-02, -1.2141e-01, -1.1361e-02
-7.0801e-02, +2.8986e-02, -1.0755e-01, -7.7802e-02, -3.6148e-03, +2.1427e-02, +1.6380e-02, +7.4539e-02, -1.0000e+00, +4.9922e-02, +2.5275e-02, +9.4247e-03, +7.2488e-02, +3.6284e-02, +5.9718e-02, -7.4416e-06, -2.3174e-02, +1.0049e-01, +2.4930e-02, -4.7271e-02, -1.4592e-01, -3.5416e-02, -1.2937e-02, +4.1237e-02, -8.7662e-02, +3.1507e-02, +7.8735e-02, +1.9188e-02, -2.2689e-02, -6.4797e-03, +1.1983e-01, -3.8559e-02, -4.1774e-02, -3.2872e-02, -6.6534e-02, -6.3289e-02, +1.4401e-01, +3.7322e-03, +1.3498e-02, -5.5154e-02, +9.3680e-02, +2.1671e-02, +6.4908e-02, -1.4535e-02, +2.3883e-02, -1.1341e-01, -3.2052e-02, +6.8339e-02, +1.6366e-02, -1.1270e-01
+8.1111e-03, +8.6126e-02, +6.6894e-02, +2.2461e-02, +6.1573e-02, +1.6272e-01, -3.1392e-02, +7.7485e-02, +4.9922e-02, -1.0000e+00, -7.0971e-02, +1.2685e-01, +5.0554e-02, -3.2092e-02, +1.1725e-01, -3.0663e-02, +8.2760e-02, +8.7933e-02, +5.1218e-02, +1.4276e-01, +7.1087e-03, +1.1641e-02, +1.4653e-01, -1.3418e-01, -2.6160e-02, +1.3384e-01, +8.4332e-03, +4.8085e-02, +5.3921e-02, -6.8690e-03, +1.7824e-02, -2.7045e-01, +1.6358e-02, +3.1956e-03, +9.0691e-04, +9.6635e-03, -3.9874e-02, +3.6772e-02, +4.4190e-02, -4.9645e-03, +8.0640e-02, +1.9531e-02, +1.4342e-02, +1.6419e-02, +5.7445e-03, +3.8812e-02, +1.7941e-01, -2.2215e-02, -6.7382e-02, +7.0108e-02
-6.4317e-02, +5.2548e-02, -3.7218e-02, -7.1775e-02, -1.2627e-02, -4.7825e-02, +7.0424e-02, +3.9235e-02, +2.5275e-02, -7.0971e-02, -1.0000e+00, -7.4062e-02, -7.3359e-02, -7.1173e-02, -1.7724e-01, -6.7583e-03, +5.8709e-02, -1.9222e-01, +3.0959e-03, -6.8921e-02, +1.3252e-01, +5.1597e-02, +2.2095e-01, +9.9096e-02, -3.7081e-02, -2.5010e-02, -8.3288e-02, -1.2999e-01, -5.4169e-02, -1.1228e-01, -9.7101e-02, +2.5115e-02, +3.9035e-02, +4.4823e-02, +4.1925e-02, +2.0262e-02, -8.3252e-02, -1.4044e-02, -2.9279e-02, +3.2263e-02, -2.0954e-02, -1.7489e-02, +5.8169e-03, -1.8103e-02, -1.5935e-02, +1.2442e-01, +6.0235e-03, +3.0325e-01, +1.3388e-01, +9.9626e-02
+1.5116e-02, +4.5485e-02, +1.1611e-02, -9.1233e-02, -8.3281e-02, +8.4742e-02, -6.4665e-02, +6.1132e-02, +9.4247e-03, +1.2685e-01, -7.4062e-02, -1.0000e+00, +2.3533e-02, +5.7311e-02, +1.7033e-02, -6.5859e-02, +1.4468e-01, -4.3541e-02, -6.0247e-02, -1.8354e-01, +1.9080e-01, -4.8682e-02, +1.0848e-01, +2.1768e-02, -7.9936e-02, -6.4792e-02, +1.0459e-01, +7.2312e-02, +5.2302e-02, -1.0195e-01, +5.8435e-02, -3.6660e-02, -8.4430e-02, -8.3322e-02, +1.8249e-02, -4.2272e-02, +8.6460e-02, +3.0999e-03, -2.0205e-02, +3.3585e-02, +5.9258e-04, -9.5508e-02, -9.6301e-02, -9.6852e-02, -3.7426e-02, +1.1148e-03, -8.8502e-03, -3.2125e-02, -6.0736e-02, +1.0969e-01
-4.9960e-02, +3.9860e-02, +3.1879e-02, +3.7614e-02, -1.0160e-01, +3.8985e-02, +3.8483e-02, -3.5635e-02, +7.2488e-02, +5.0554e-02, -7.3359e-02, +2.3533e-02, -1.0000e+00, +4.4812e-02, -4.0126e-02, -7.5614e-02, +2.7394e-02, -5.9456e-02, -1.8606e-02, -5.2774e-02, +1.6387e-01, +9.9297e-02, +1.0791e-01, +8.2881e-02, +2.7844e-02, -8.3066e-02, -1.0230e-02, +4.6815e-02, -3.4716e-02, -2.7557e-02, -2.1638e-02, +7.9306e-02, +1.4617e-01, -5.1402e-02, -2.1164e-02, -2.2932e-02, +1.0189e-02, +1.8331e-02, -4.2665e-03, +2.1665e-02, -3.9140e-02, -4.0704e-02, -2.0791e-02, -9.5721e-03, -1.1335e-01, +1.2458e-01, +6.1956e-03, +2.9214e-03, +2.6093e-02, +7.6803e-02
+9.9132e-03, -3.2520e-02, -1.4694e-02, +9.5724e-03, -2.6133e-02, -5.2155e-02, -9.0881e-03, -7.4648e-02, +3.6284e-02, -3.2092e-02, -7.1173e-02, +5.7311e-02, +4.4812e-02, -1.0000e+00, -6.4655e-02, +3.7091e-05, +1.8212e-02, +3.3114e-02, -6.7752e-02, +2.6070e-01, -1.0353e-01, -1.2220e-02, +4.9131e-02, -1.3257e-01, -1.9927e-02, +7.8642e-02, -1.3372e-01, -1.2775e-01, +4.3598e-02, +6.1177e-02, -2.9388e-01, +3.6794e-02, +3.0052e-01, -1.7577e-01, +1.2130e-01, -3.6601e-02, -6.7201e-02, -5.3726e-02, +2.6785e-02, -6.0404e-02, -5.7415e-02, -3.5903e-02, -4.2198e-02, -6.1030e-02, -2.1228e-01, -9.1037e-02, -1.0316e-01, -3.9406e-02, -2.4991e-01, -5.1373e-02
+9.6100e-03, -7.4379e-02, -3.0775e-02, +1.6477e-02, -2.5384e-02, -2.3034e-01, +7.3791e-04, -7.4645e-02, +5.9718e-02, +1.1725e-01, -1.7724e-01, +1.7033e-02, -4.0126e-02, -6.4655e-02, -1.0000e+00, -1.0416e-01, +9.0909e-03, -1.3672e-01, -1.2167e-01, -2.2487e-02, +3.4187e-02, +3.7959e-02, -1.2597e-01, -9.4853e-02, +4.5531e-02, +8.2156e-03, -1.7242e-01, -2.2120e-01, -9.1720e-02, +3.5975e-02, -1.2002e-01, +3.1143e-04, +1.1897e-02, +1.6768e-03, -8.0936e-02, +3.4345e-03, +2.0825e-03, -3.2405e-02, -2.1293e-03, -9.5365e-03, -4.4748e-02, +3.6553e-02, +4.7340e-02, +2.8007e-03, -9.1516e-02, +5.2553e-02, -7.9028e-02, +3.5332e-01, +4.5726e-02, +5.1224e-02
-6.1557e-02, -2.0520e-02, -5.8341e-02, +1.1831e-02, +1.5198e-02, +6.4300e-02, -6.5047e-02, -2.8192e-02, -7.4131e-06, -3.0663e-02, -6.7584e-03, -6.5859e-02, -7.5614e-02, +3.7081e-05, -1.0416e-01, -1.0000e+00, -1.5804e-02, +1.7106e-02, -9.0603e-02, -8.1741e-02, -7.1552e-02, +1.6177e-02, -3.6964e-02, -2.0525e-03, +2.0946e-02, -4.3880e-02, +5.5147e-02, +2.5342e-02, -3.0290e-02, -4.2258e-02, +5.5717e-02, -2.2312e-02, -4.8901e-03, +4.6340e-03, +6.6167e-02, +1.7703e-02, +1.7657e-01, -7.8675e-02, -1.7557e-02, +9.9624e-02, -9.7713e-03, +6.3843e-03, +4.7334e-02, -2.1582e-02, -6.9312e-02, +4.7830e-02, -4.1638e-03, +1.9114e-02, +5.0806e-02, +1.2167e-02
+2.4713e-02, -1.6522e-02, -2.1059e-02, +4.6623e-02, +4.3280e-02, -3.6944e-02, +1.0748e-01, +2.5306e-02, -2.3174e-02, +8.2760e-02, +5.8709e-02, +1.4468e-01, +2.7394e-02, +1.8212e-02, +9.0910e-03, -1.5804e-02, -1.0000e+00, -7.1531e-02, +5.5027e-02, +1.4052e-03, -3.2073e-02, +2.5114e-02, +9.2004e-02, +4.3962e-02, +6.0971e-02, +6.1315e-02, +9.6047e-02, +2.1483e-02, +9.0487e-02, -2.3060e-02, +1.2231e-01, -1.3730e-01, -6.8611e-02, +6.4744e-03, -8.8496e-02, +4.2008e-04, -6.4961e-02, +1.9352e-02, +2.0111e-02, +3.1391e-02, +7.2288e-02, +2.2049e-02, +1.9549e-02, -2.1119e-02, +6.7095e-02, +2.1282e-02, +1.6499e-02, -2.2766e-02, +1.2998e-01, -5.5610e-02
+1.0585e-01, +4.8975e-02, -6.9966e-03, +8.0732e-02, +5.6636e-02, -1.1803e-01, +1.1024e-01, -4.1592e-02, +1.0049e-01, +8.7933e-02, -1.9222e-01, -4.3541e-02, -5.9456e-02, +3.3114e-02, -1.3672e-01, +1.7106e-02, -7.1531e-02, -1.0000e+00, -4.4283e-02, -9.6300e-02, +1.9856e-01, +6.4997e-02, +1.1534e-01, +1.7889e-01, +7.3664e-02, -4.2076e-02, -5.8496e-03, -1.2085e-01, -4.0476e-02, -6.1812e-02, -7.9283e-02, -2.8250e-02, -9.1884e-02, +1.9865e-02, +9.4930e-02, +4.4007e-03, -3.4263e-03, -4.8158e-02, -8.6985e-03, -5.3374e-02, -1.2273e-01, -1.2789e-01, +3.8095e-02, -3.3011e-02, -3.1917e-02, +2.2811e-01, -7.4778e-02, +8.3488e-02, -3.0922e-02, +1.1855e-01
-4.4877e-02, -9.6689e-03, -7.1302e-03, -4.2659e-02, -7.2121e-02, -1.7526e-01, -5.7409e-02, -2.6338e-02, +2.4930e-02, +5.1218e-02, +3.0959e-03, -6.0247e-02, -1.8606e-02, -6.7752e-02, -1.2167e-01, -9.0603e-02, +5.5027e-02, -4.4283e-02, -1.0000e+00, +6.8657e-02, +7.2104e-02, -1.6192e-01, +1.0585e-01, -9.2965e-02, -1.5594e-02, -8.2819e-02, -8.5734e-02, +3.0682e-02, +1.4669e-02, +3.7051e-02, -1.1299e-01, +1.3463e-01, -9.2016e-02, -9.8942e-02, +7.0720e-03, -4.0793e-03, -4.4375e-02, -4.5104e-02, -9.5919e-02, -4.1898e-02, -6.4687e-02, -1.1517e-01, +1.0430e-02, -1.7625e-02, -3.3717e-02, -4.3016e-02, -5.6841e-02, +4.5932e-02, -1.4204e-01, +7.3856e-03
-1.0983e-02, +2.2116e-01, -1.5600e-01, -1.9952e-01, +7.5872e-02, +2.1500e-01, +6.5467e-02, +2.2154e-01, -4.7271e-02, +1.4276e-01, -6.8921e-02, -1.8354e-01, -5.2774e-02, +2.6070e-01, -2.2487e-02, -8.1741e-02, +1.4052e-03, -9.6300e-02, +6.8657e-02, -1.0000e+00, +3.2831e-01, -6.3235e-02, +6.4252e-03, +2.2687e-01, +1.2421e-01, -1.2440e-01, +4.9424e-01, +1.7261e-01, +2.6735e-02, -1.7458e-01, +4.5084e-01, -1.9725e-01, -1.9842e-01, +6.4732e-02, -2.4260e-01, +8.8920e-02, +2.0891e-01, -1.0592e-01, +6.8961e-03, +5.1097e-02, +1.7589e-01, +9.9664e-02, -1.9799e-02, +2.8370e-01, +9.2986e-02, +1.2879e-01, +3.6547e-02, +8.0027e-02, +4.0976e-01, +9.2921e-02
-2.2213e-02, -1.3956e-01, -2.0644e-01, -4.4900e-02, +6.7236e-02, +6.6757e-03, -1.2480e-01, -1.8223e-01, -1.4592e-01, +7.1087e-03, +1.3252e-01, +1.9080e-01, +1.6387e-01, -1.0353e-01, +3.4187e-02, -7.1552e-02, -3.2073e-02, +1.9856e-01, +7.2104e-02, +3.2831e-01, -1.0000e+00, +4.1525e-02, -1.3470e-02, -2.4976e-01, -9.9488e-02, +1.5828e-01, -5.2705e-02, -9.7888e-02, -1.9523e-01, +1.4890e-01, -2.8177e-01, +2.1216e-02, +6.0744e-02, +7.4212e-02, +2.8061e-01, +1.1509e-02, +3.1207e-01, -2.1746e-01, -4.1644e-02, -2.2345e-02, -5.4537e-02, +3.9596e-02, +1.5767e-01, -5.3906e-02, -2.4052e-02, -3.0118e-01, -2.5220e-02, +9.9284e-02, -8.1838e-02, -4.6923e-01
+2.7893e-02, +5.2960e-02, +6.4184e-02, -1.0589e-01, +3.2393e-02, -4.9422e-02, -2.9915e-02, +7.6093e-02, -3.5416e-02, +1.1641e-02, +5.1597e-02, -4.8682e-02, +9.9297e-02, -1.2220e-02, +3.7959e-02, +1.6177e-02, +2.5114e-02, +6.4997e-02, -1.6192e-01, -6.3235e-02, +4.1525e-02, -1.0000e+00, +4.2823e-02, -9.1658e-02, +5.9960e-02, -4.7396e-02, +4.1077e-02, +4.3312e-02, -2.9760e-02, -5.4315e-02, -5.5571e-02, -1.6018e-03, -2.5594e-01, -7.9342e-03, -1.3470e-02, -2.9933e-03, +1.6890e-02, -1.4931e-02, -7.0695e-02, -9.5548e-02, +3.8517e-02, -3.4537e-02, -3.0679e-02, +5.1255e-02, +8.3106e-02, -9.3342e-02, -1.6738e-03, +3.5328e-02, +3.7026e-02, +6.0977e-02
+3.8326e-02, +1.1416e-02, +2.9782e-02, +2.6584e-02, +3.5585e-02, -1.6668e-02, +5.9292e-02, -2.9765e-03, -1.2937e-02, +1.4653e-01, +2.2095e-01, +1.0848e-01, +1.0791e-01, +4.9131e-02, -1.2597e-01, -3.6964e-02, +9.2004e-02, +1.1534e-01, +1.0585e-01, +6.4252e-03, -1.3470e-02, +4.2823e-02, -1.0000e+00, +3.4426e-02, +5.9854e-02, -9.4736e-02, +2.9428e-02, -3.6942e-02, +1.3609e-01, +4.1395e-02, +1.4965e-01, -3.5762e-01, -7.1353e-02, +3.5027e-02, -8.3681e-02, -1.3376e-02, +2.9966e-03, +1.9979e-02, +1.2422e-02, -3.6616e-03, +1.9048e-02, +1.9468e-02, +3.2278e-02, +3.6954e-03, -2.2526e-02, -1.0823e-01, -3.5521e-02, -1.9805e-02, -5.2617e-02, +3.2604e-02
-6.5129e-02, -6.3081e-02, -6.5930e-02, +7.8120e-04, -8.2544e-02, -7.6335e-02, -7.3748e-02, -1.5603e-02, +4.1237e-02, -1.3418e-01, +9.9096e-02, +2.1768e-02, +8.2881e-02, -1.3257e-01, -9.4853e-02, -2.0525e-03, +4.3962e-02, +1.7889e-01, -9.2965e-02, +2.2687e-01, -2.4976e-01, -9.1658e-02, +3.4426e-02, -1.0000e+00, -1.1048e-02, -5.0940e-02, -2.1200e-01, -1.0561e-01, -2.7983e-02, +2.8826e-02, -3.0323e-01, +3.5353e-02, +5.1179e-02, -9.1341e-02, +2.5371e-02, -2.1443e-02, +1.4096e-02, -4.8661e-02, -9.1012e-02, -5.1435e-02, -2.4106e-02, +7.9544e-03, -2.4122e-02, +5.7321e-02, -2.5866e-02, -1.3110e-01, -3.6229e-02, +1.3735e-01, -9.9130e-02, -1.4131e-01
-4.0338e-03, -7.8432e-02, -5.1127e-02, -8.1871e-02, -9.7919e-03, +3.1455e-02, +4.6613e-02, +4.0685e-02, -8.7662e-02, -2.6160e-02, -3.7081e-02, -7.9936e-02, +2.7844e-02, -1.9927e-02, +4.5531e-02, +2.0946e-02, +6.0971e-02, +7.3664e-02, -1.5594e-02, +1.2421e-01, -9.9488e-02, +5.9960e-02, +5.9854e-02, -1.1048e-02, -1.0000e+00, +1.0607e-01, -5.6172e-02, +4.5024e-02, +2.5054e-02, +1.2395e-02, -4.2906e-02, -3.0817e-02, +3.7866e-04, -8.4151e-02, +3.4641e-02, -1.5467e-02, +5.9487e-02, +2.6222e-02, -2.0475e-05, +2.0523e-02, -2.0558e-02, -2.0240e-02, +1.0229e-02, -4.0060e-02, +4.9978e-02, +4.1977e-02, +4.5920e-02, +4.4127e-02, -5.3209e-02, -6.0186e-03
-9.0023e-02, -3.3445e-03, -8.8714e-03, -1.1171e-01, +5.1036e-02, +1.0949e-02, -3.4368e-02, +4.3115e-02, +3.1507e-02, +1.3384e-01, -2.5010e-02, -6.4792e-02, -8.3066e-02, +7.8642e-02, +8.2156e-03, -4.3880e-02, +6.1315e-02, -4.2076e-02, -8.2819e-02, -1.2440e-01, +1.5828e-01, -4.7396e-02, -9.4736e-02, -5.0940e-02, +1.0607e-01, -1.0000e+00, -4.3579e-02, +9.4191e-02, -1.4839e-02, -8.0920e-02, +1.5441e-01, +1.6205e-02, -5.4817e-02, -5.0228e-02, -8.8570e-02, -6.3205e-02, +5.6158e-02, -1.3841e-02, -8.6991e-04, +1.1793e-02, +3.2562e-02, -2.4949e-02, -1.0976e-02, -3.5500e-02, -3.6994e-02, +5.7199e-02, +9.3674e-02, -4.1559e-02, -2.9711e-02, +7.4283e-02
-3.0787e-02, -1.8287e-01, +4.7139e-02, +8.7144e-02, -6.9588e-02, -2.0277e-01, -1.2602e-02, -5.9294e-02, +7.8735e-02, +8.4332e-03, -8.3288e-02, +1.0459e-01, -1.0230e-02, -1.3372e-01, -1.7242e-01, +5.5147e-02, +9.6047e-02, -5.8496e-03, -8.5734e-02, +4.9424e-01, -5.2705e-02, +4.1077e-02, +2.9428e-02, -2.1200e-01, -5.6172e-02, -4.3579e-02, -1.0000e+00, -1.8457e-01, -2.0652e-01, +3.2182e-02, -3.2376e-01, +2.3603e-01, +9.7261e-02, -1.2194e-01, +7.0531e-02, -1.1484e-01, -1.5296e-01, +3.1696e-02, -1.9954e-02, -2.1570e-02, -1.2768e-01, -3.2769e-02, -6.0525e-02, -2.9042e-02, +1.6426e-02, -7.3522e-02, -6.3789e-02, +1.6751e-02, -2.0355e-01, +2.7773e-02
-1.4928e-02, -6.7841e-02, -2.9139e-02, +9.4272e-02, -1.4029e-01, -1.3762e-01, +5.1724e-02, -5.6683e-02, +1.9188e-02, +4.8085e-02, -1.2999e-01, +7.2312e-02, +4.6815e-02, -1.2775e-01, -2.2120e-01, +2.5342e-02, +2.1483e-02, -1.2085e-01, +3.0682e-02, +1.7261e-01, -9.7888e-02, +4.3312e-02, -3.6942e-02, -1.0561e-01, +4.5024e-02, +9.4191e-02, -1.8457e-01, -1.0000e+00, -6.7037e-02, +1.0139e-01, -2.2323e-01, +8.6039e-02, +7.8009e-02, -3.4511e-02, +7.3536e-02, +4.5045e-02, -5.8327e-02, -3.8529e-02, -4.8053e-02, -4.8660e-02, -1.7470e-01, +3.9233e-02, +8.3576e-03, +1.2869e-02, -7.0004e-02, +4.0098e-02, -1.2531e-01, +1.8988e-01, +3.6125e-02, -4.3235e-02
-7.4260e-02, -1.5995e-02, -5.5163e-02, -2.0398e-03, -1.2540e-01, -8.3440e-02, -9.5449e-03, -4.7318e-02, -2.2689e-02, +5.3921e-02, -5.4169e-02, +5.2302e-02, -3.4716e-02, +4.3598e-02, -9.1720e-02, -3.0290e-02, +9.0487e-02, -4.0476e-02, +1.4669e-02, +2.6734e-02, -1.9523e-01, -2.9760e-02, +1.3609e-01, -2.7983e-02, +2.5054e-02, -1.4839e-02, -2.0652e-01, -6.7037e-02, -1.0000e+00, -4.6364e-03, -1.5725e-01, +1.4099e-01, -4.5149e-02, +4.7653e-02, +8.7017e-03, -6.0959e-03, +7.4663e-02, -1.1593e-01, -2.9100e-02, -1.4575e-02, +5.7018e-02, +9.4421e-03, +2.1783e-02, +7.3464e-02, +8.0284e-02, -1.6298e-02, -3.1910e-02, +1.6575e-01, +5.2953e-02, -8.7993e-02
-3.5489e-02, +2.5962e-02, -3.3906e-02, -8.0976e-02, -1.0019e-01, +2.4778e-02, +2.0616e-02, +5.2639e-02, -6.4797e-03, -6.8690e-03, -1.1228e-01, -1.0195e-01, -2.7557e-02, +6.1178e-02, +3.5975e-02, -4.2258e-02, -2.3060e-02, -6.1812e-02, +3.7051e-02, -1.7458e-01, +1.4890e-01, -5.4315e-02, +4.1395e-02, +2.8826e-02, +1.2395e-02, -8.0920e-02, +3.2182e-02, +1.0139e-01, -4.6364e-03, -1.0000e+00, +4.6288e-02, -2.7423e-02, -6.4797e-02, -8.6618e-02, -2.7703e-02, +1.9424e-02, +1.1131e-01, +2.9478e-03, -4.2137e-02, -3.1325e-02, -1.5272e-02, -2.9122e-02, -4.4488e-03, -4.7435e-02, +6.4551e-02, +1.2268e-01, +5.6550e-02, +2.0017e-03, +6.8981e-03, -7.8455e-03
+6.1002e-02, -1.1613e-01, +9.9609e-03, +5.1901e-02, -7.4753e-02, -2.2889e-01, +1.0844e-02, -1.8329e-01, +1.1983e-01, +1.7824e-02, -9.7101e-02, +5.8435e-02, -2.1638e-02, -2.9388e-01, -1.2002e-01, +5.5717e-02, +1.2231e-01, -7.9283e-02, -1.1299e-01, +4.5084e-01, -2.8177e-01, -5.5571e-02, +1.4965e-01, -3.0323e-01, -4.2906e-02, +1.5441e-01, -3.2376e-01, -2.2323e-01, -1.5725e-01, +4.6288e-02, -1.0000e+00, +2.2171e-01, +2.0398e-01, +6.4502e-02, +3.2866e-01, +4.8526e-02, -9.1530e-02, -7.1567e-03, -6.8552e-02, -6.4289e-02, -3.5099e-01, -6.9231e-02, -2.7231e-02, -2.4996e-02, -7.2885e-02, +3.2839e-03, -1.3880e-01, +2.0007e-01, -1.2097e-01, -1.5964e-01
+4.9418e-02, +1.4279e-01, +9.1819e-03, -3.5832e-02, +6.1220e-02, +2.1141e-01, +6.6930e-02, +1.1737e-01, -3.8559e-02, -2.7045e-01, +2.5115e-02, -3.6660e-02, +7.9306e-02, +3.6794e-02, +3.1142e-04, -2.2312e-02, -1.3730e-01, -2.8250e-02, +1.3463e-01, -1.9725e-01, +2.1216e-02, -1.6018e-03, -3.5762e-01, +3.5353e-02, -3.0817e-02, +1.6205e-02, +2.3603e-01, +8.6039e-02, +1.4099e-01, -2.7423e-02, +2.2171e-01, -1.0000e+00, -1.2923e-01, -1.5611e-02, -6.4701e-02, +1.6167e-01, +8.0667e-02, -4.5487e-02, +2.2075e-02, +8.7202e-02, +1.3509e-01, +1.0766e-01, -8.1813e-03, -1.3313e-01, -2.4508e-02, -3.3459e-02, +3.8414e-02, +2.6783e-01, +1.1232e-01, +1.8748e-02
+1.5008e-02, +1.4298e-01, -1.5626e-02, -1.3142e-01, +1.1768e-01, -3.6892e-02, +1.4800e-02, +7.5691e-02, -4.1774e-02, +1.6358e-02, +3.9035e-02, -8.4430e-02, +1.4617e-01, +3.0052e-01, +1.1897e-02, -4.8900e-03, -6.8611e-02, -9.1884e-02, -9.2016e-02, -1.9842e-01, +6.0744e-02, -2.5594e-01, -7.1353e-02, +5.1179e-02, +3.7866e-04, -5.4817e-02, +9.7261e-02, +7.8009e-02, -4.5149e-02, -6.4797e-02, +2.0398e-01, -1.2923e-01, -1.0000e+00, +3.0961e-03, -1.0787e-01, +3.4122e-02, +1.1263e-01, -6.0761e-02, +3.7965e-02, +4.4222e-02, +1.8604e-02, +1.1142e-02, +4.1169e-02, -5.8058e-03, +4.4092e-01, -1.0241e-01, +1.2454e-02, +7.8049e-02, -1.4439e-01, +2.5211e-02
-4.3508e-02, +1.9416e-02, -6.9004e-02, +4.1242e-03, +2.1333e-02, -5.5916e-02, -2.2390e-02, -2.5255e-02, -3.2872e-02, +3.1956e-03, +4.4823e-02, -8.3322e-02, -5.1402e-02, -1.7577e-01, +1.6768e-03, +4.6340e-03, +6.4744e-03, +1.9865e-02, -9.8942e-02, +6.4732e-02, +7.4212e-02, -7.9342e-03, +3.5027e-02, -9.1341e-02, -8.4151e-02, -5.0228e-02, -1.2194e-01, -3.4511e-02, +4.7653e-02, -8.6618e-02, +6.4502e-02, -1.5611e-02, +3.0961e-03, -1.0000e+00, -2.2569e-02, +2.7146e-02, +1.2392e-01, -1.0669e-02, +3.1546e-02, -3.2323e-03, +4.5046e-02, +7.0646e-02, -1.7215e-02, +7.2275e-02, -2.2993e-01, -1.0416e-01, -7.6940e-02, +5.0028e-02, -4.3867e-01, +4.4317e-02
-1.1398e-01, +6.0870e-02, -9.1420e-03, -9.7955e-02, -5.7969e-02, +5.4837e-02, +7.1488e-02, +1.6349e-01, -6.6534e-02, +9.0691e-04, +4.1925e-02, +1.8249e-02, -2.1164e-02, +1.2130e-01, -8.0936e-02, +6.6166e-02, -8.8496e-02, +9.4930e-02, +7.0720e-03, -2.4260e-01, +2.8061e-01, -1.3470e-02, -8.3681e-02, +2.5371e-02, +3.4641e-02, -8.8569e-02, +7.0531e-02, +7.3536e-02, +8.7017e-03, -2.7703e-02, +3.2866e-01, -6.4701e-02, -1.0787e-01, -2.2569e-02, -1.0000e+00, -9.5322e-02, -1.6673e-02, +2.6072e-02, -3.4687e-02, +3.1700e-02, +1.7514e-01, -4.0365e-02, -2.4731e-02, -1.0547e-01, +2.5001e-02, -6.5050e-02, +4.7252e-02, +6.9285e-02, +5.4860e-02, +1.6563e-01
+2.5381e-03, +7.3564e-03, +1.9189e-02, +4.2216e-03, -4.0817e-02, -3.4687e-02, -7.4874e-03, +4.5458e-04, -6.3289e-02, +9.6635e-03, +2.0262e-02, -4.2272e-02, -2.2932e-02, -3.6601e-02, +3.4345e-03, +1.7703e-02, +4.2008e-04, +4.4007e-03, -4.0793e-03, +8.8920e-02, +1.1509e-02, -2.9933e-03, -1.3376e-02, -2.1443e-02, -1.5467e-02, -6.3205e-02, -1.1484e-01, +4.5044e-02, -6.0959e-03, +1.9424e-02, +4.8526e-02, +1.6167e-01, +3.4122e-02, +2.7146e-02, -9.5322e-02, -1.0000e+00, +7.4010e-03, -1.3489e-02, -5.1876e-02, -2.0841e-02, +2.0574e-02, +3.5945e-03, -1.8752e-02, -1.4606e-02, -2.6115e-02, -9.5972e-02, -3.3669e-02, -1.4438e-01, -2.4492e-01, +7.5044e-02
+3.4202e-02, -8.5221e-03, +2.1042e-01, +1.9558e-01, -1.3459e-01, -2.2236e-02, +5.2661e-02, -1.4603e-02, +1.4401e-01, -3.9874e-02, -8.3252e-02, +8.6460e-02, +1.0189e-02, -6.7201e-02, +2.0825e-03, +1.7657e-01, -6.4961e-02, -3.4263e-03, -4.4375e-02, +2.0891e-01, +3.1207e-01, +1.6890e-02, +2.9966e-03, +1.4096e-02, +5.9487e-02, +5.6158e-02, -1.5296e-01, -5.8327e-02, +7.4663e-02, +1.1131e-01, -9.1530e-02, +8.0667e-02, +1.1263e-01, +1.2392e-01, -1.6673e-02, +7.4010e-03, -1.0000e+00, +1.6133e-01, +7.7793e-02, +2.2503e-03, -2.5548e-02, +4.3594e-03, -1.3774e-01, +2.0424e-01, +5.1992e-02, +6.8741e-02, -4.2445e-02, +9.0553e-02, +1.0443e-01, +1.3662e-01
-1.5046e-02, -1.6136e-02, -1.0608e-01, -9.2037e-02, +1.2362e-01, +5.3974e-02, +2.5976e-02, -3.9616e-02, +3.7322e-03, +3.6772e-02, -1.4044e-02, +3.0999e-03, +1.8331e-02, -5.3726e-02, -3.2405e-02, -7.8675e-02, +1.9352e-02, -4.8158e-02, -4.5104e-02, -1.0592e-01, -2.1746e-01, -1.4931e-02, +1.9979e-02, -4.8661e-02, +2.6222e-02, -1.3841e-02, +3.1696e-02, -3.8529e-02, -1.1593e-01, +2.9478e-03, -7.1567e-03, -4.5487e-02, -6.0761e-02, -1.0669e-02, +2.6072e-02, -1.3489e-02, +1.6133e-01, -1.0000e+00, -2.7135e-02, +5.1393e-03, +3.1118e-03, -1.9571e-02, +4.7567e-02, -5.3017e-02, -6.4366e-02, -6.3700e-02, -1.1730e-01, +1.1815e-01, -1.3216e-02, -1.1260e-01
-1.1561e-01, -3.5484e-02, -1.4746e-02, -2.0124e-02, -2.9175e-02, -3.4582e-02, -1.0050e-01, +3.2666e-02, +1.3498e-02, +4.4190e-02, -2.9279e-02, -2.0205e-02, -4.2665e-03, +2.6785e-02, -2.1293e-03, -1.7557e-02, +2.0111e-02, -8.6985e-03, -9.5919e-02, +6.8961e-03, -4.1644e-02, -7.0695e-02, +1.2422e-02, -9.1012e-02, -2.0484e-05, -8.6992e-04, -1.9954e-02, -4.8053e-02, -2.9100e-02, -4.2137e-02, -6.8552e-02, +2.2075e-02, +3.7965e-02, +3.1546e-02, -3.4687e-02, -5.1876e-02, +7.7793e-02, -2.7135e-02, -1.0000e+00, +4.1082e-02, +9.2753e-02, -1.5200e-02, -5.0235e-02, -4.9519e-02, -3.7786e-02, +5.0361e-02, -1.4765e-03, +2.1599e-02, -1.7033e-02, -3.3465e-02
-4.2507e-02, -2.9563e-02, -4.8571e-02, +4.9406e-02, +3.8894e-02, -6.4979e-02, -1.9067e-02, -4.3242e-02, -5.5154e-02, -4.9645e-03, +3.2263e-02, +3.3584e-02, +2.1665e-02, -6.0404e-02, -9.5365e-03, +9.9624e-02, +3.1391e-02, -5.3374e-02, -4.1898e-02, +5.1097e-02, -2.2345e-02, -9.5548e-02, -3.6616e-03, -5.1435e-02, +2.0523e-02, +1.1793e-02, -2.1570e-02, -4.8660e-02, -1.4575e-02, -3.1325e-02, -6.4289e-02, +8.7202e-02, +4.4222e-02, -3.2323e-03, +3.1700e-02, -2.0841e-02, +2.2503e-03, +5.1393e-03, +4.1082e-02, -1.0000e+00, -2.5411e-02, +1.2685e-02, -1.2821e-02, -5.3067e-02, +3.6262e-02, -3.1396e-02, +2.0042e-02, -3.7093e-02, -7.9327e-02, -8.5451e-02
+1.0852e-01, -5.2871e-02, +2.1371e-03, +6.8881e-02, -4.6829e-02, -9.7798e-02, +1.2577e-02, -9.4755e-02, +9.3680e-02, +8.0640e-02, -2.0954e-02, +5.9256e-04, -3.9140e-02, -5.7415e-02, -4.4748e-02, -9.7713e-03, +7.2288e-02, -1.2273e-01, -6.4687e-02, +1.7589e-01, -5.4537e-02, +3.8517e-02, +1.9048e-02, -2.4106e-02, -2.0558e-02, +3.2562e-02, -1.2768e-01, -1.7470e-01, +5.7018e-02, -1.5272e-02, -3.5099e-01, +1.3509e-01, +1.8604e-02, +4.5046e-02, +1.7514e-01, +2.0574e-02, -2.5548e-02, +3.1118e-03, +9.2753e-02, -2.5411e-02, -1.0000e+00, -3.9730e-02, +1.4220e-02, -7.1155e-02, -2.4176e-02, +1.7425e-02, -2.2589e-02, +1.0587e-02, -9.2119e-02, -3.1369e-03
-3.2202e-03, +1.5991e-02, -5.9946e-02, -1.0635e-01, +1.5126e-03, -1.7325e-01, -1.1571e-02, +7.3615e-02, +2.1671e-02, +1.9531e-02, -1.7489e-02, -9.5508e-02, -4.0704e-02, -3.5903e-02, +3.6553e-02, +6.3843e-03, +2.2049e-02, -1.2789e-01, -1.1517e-01, +9.9664e-02, +3.9596e-02, -3.4537e-02, +1.9468e-02, +7.9544e-03, -2.0240e-02, -2.4949e-02, -3.2769e-02, +3.9233e-02, +9.4421e-03, -2.9122e-02, -6.9231e-02, +1.0766e-01, +1.1142e-02, +7.0646e-02, -4.0365e-02, +3.5945e-03, +4.3594e-03, -1.9571e-02, -1.5200e-02, +1.2685e-02, -3.9730e-02, -1.0000e+00, -1.1563e-02, +7.9850e-02, -1.4188e-01, -2.0280e-02, -4.8521e-02, -1.7988e-02, -1.0208e-01, +1.1474e-01
-3.5534e-03, +3.4825e-02, +7.1666e-02, +2.8298e-02, -9.0106e-02, +5.2461e-02, +5.2852e-02, +2.1024e-02, +6.4908e-02, +1.4342e-02, +5.8169e-03, -9.6301e-02, -2.0791e-02, -4.2198e-02, +4.7340e-02, +4.7334e-02, +1.9549e-02, +3.8095e-02, +1.0430e-02, -1.9799e-02, +1.5767e-01, -3.0679e-02, +3.2278e-02, -2.4122e-02, +1.0229e-02, -1.0976e-02, -6.0525e-02, +8.3576e-03, +2.1783e-02, -4.4488e-03, -2.7231e-02, -8.1813e-03, +4.1169e-02, -1.7215e-02, -2.4731e-02, -1.8752e-02, -1.3774e-01, +4.7567e-02, -5.0235e-02, -1.2821e-02, +1.4220e-02, -1.1563e-02, -1.0000e+00, +3.4216e-02, -5.6187e-03, +1.9838e-02, -2.3582e-02, -4.4500e-02, -2.2989e-03, +6.3667e-02
+9.8718e-05, +2.5597e-02, -1.2346e-01, -3.9886e-02, +1.8233e-02, -3.3280e-02, -7.6191e-03, -1.8396e-02, -1.4535e-02, +1.6419e-02, -1.8103e-02, -9.6852e-02, -9.5721e-03, -6.1030e-02, +2.8007e-03, -2.1582e-02, -2.1119e-02, -3.3011e-02, -1.7625e-02, +2.8370e-01, -5.3906e-02, +5.1255e-02, +3.6954e-03, +5.7321e-02, -4.0060e-02, -3.5500e-02, -2.9042e-02, +1.2869e-02, +7.3464e-02, -4.7435e-02, -2.4996e-02, -1.3313e-01, -5.8058e-03, +7.2275e-02, -1.0547e-01, -1.4606e-02, +2.0424e-01, -5.3017e-02, -4.9519e-02, -5.3067e-02, -7.1155e-02, +7.9850e-02, +3.4216e-02, -1.0000e+00, -2.4415e-01, -8.0785e-02, -2.6476e-02, +8.6245e-03, -2.8599e-01, +4.2450e-02
+1.1224e-02, +1.5811e-02, +5.0407e-02, -1.4468e-02, -4.2907e-02, +5.6235e-02, -4.3886e-02, -1.1299e-01, +2.3883e-02, +5.7445e-03, -1.5935e-02, -3.7426e-02, -1.1335e-01, -2.1228e-01, -9.1516e-02, -6.9312e-02, +6.7095e-02, -3.1917e-02, -3.3717e-02, +9.2986e-02, -2.4052e-02, +8.3106e-02, -2.2526e-02, -2.5866e-02, +4.9978e-02, -3.6994e-02, +1.6426e-02, -7.0004e-02, +8.0284e-02, +6.4551e-02, -7.2885e-02, -2.4508e-02, +4.4092e-01, -2.2993e-01, +2.5001e-02, -2.6115e-02, +5.1992e-02, -6.4366e-02, -3.7786e-02, +3.6262e-02, -2.4176e-02, -1.4188e-01, -5.6187e-03, -2.4415e-01, -1.0000e+00, +3.0064e-02, -8.6070e-02, +6.8701e-02, -1.7565e-01, +4.5455e-02
-9.3715e-02, +2.2366e-03, -8.2532e-02, -6.4182e-02, +3.7650e-03, -8.6556e-03, -8.2768e-02, +1.4186e-01, -1.1341e-01, +3.8812e-02, +1.2442e-01, +1.1148e-03, +1.2458e-01, -9.1037e-02, +5.2553e-02, +4.7830e-02, +2.1282e-02, +2.2811e-01, -4.3016e-02, +1.2879e-01, -3.0118e-01, -9.3342e-02, -1.0823e-01, -1.3110e-01, +4.1977e-02, +5.7199e-02, -7.3522e-02, +4.0098e-02, -1.6298e-02, +1.2268e-01, +3.2840e-03, -3.3459e-02, -1.0241e-01, -1.0416e-01, -6.5050e-02, -9.5972e-02, +6.8741e-02, -6.3700e-02, +5.0361e-02, -3.1396e-02, +1.7425e-02, -2.0280e-02, +1.9838e-02, -8.0785e-02, +3.0064e-02, -1.0000e+00, -8.4206e-02, -3.0979e-02, -1.6290e-01, -1.7171e-01
+1.7888e-02, -1.1664e-04, -4.7328e-02, -3.5651e-02, -5.3534e-02, -1.4257e-01, +2.0201e-02, -7.1418e-03, -3.2052e-02, +1.7941e-01, +6.0235e-03, -8.8503e-03, +6.1956e-03, -1.0316e-01, -7.9028e-02, -4.1638e-03, +1.6499e-02, -7.4778e-02, -5.6841e-02, +3.6547e-02, -2.5220e-02, -1.6738e-03, -3.5521e-02, -3.6229e-02, +4.5920e-02, +9.3674e-02, -6.3789e-02, -1.2531e-01, -3.1910e-02, +5.6550e-02, -1.3880e-01, +3.8414e-02, +1.2454e-02, -7.6940e-02, +4.7252e-02, -3.3669e-02, -4.2445e-02, -1.1730e-01, -1.4765e-03, +2.0042e-02, -2.2589e-02, -4.8521e-02, -2.3582e-02, -2.6476e-02, -8.6070e-02, -8.4206e-02, -1.0000e+00, +1.2805e-01, -3.6982e-02, -3.3220e-02
+1.5641e-01, -4.8901e-02, -2.1665e-02, +1.0027e-01, +2.3681e-01, -5.2231e-02, -2.6286e-02, -1.1318e-02, +6.8339e-02, -2.2215e-02, +3.0325e-01, -3.2125e-02, +2.9214e-03, -3.9406e-02, +3.5332e-01, +1.9114e-02, -2.2766e-02, +8.3488e-02, +4.5932e-02, +8.0027e-02, +9.9284e-02, +3.5328e-02, -1.9805e-02, +1.3735e-01, +4.4127e-02, -4.1558e-02, +1.6751e-02, +1.8988e-01, +1.6575e-01, +2.0017e-03, +2.0007e-01, +2.6783e-01, +7.8049e-02, +5.0028e-02, +6.9285e-02, -1.4438e-01, +9.0553e-02, +1.1815e-01, +2.1599e-02, -3.7093e-02, +1.0587e-02, -1.7988e-02, -4.4500e-02, +8.6245e-03, +6.8701e-02, -3.0979e-02, +1.2805e-01, -1.0000e+00, -2.4297e-01, +1.0607e-01
+6.2993e-02, -6.2196e-02, -1.7623e-02, +4.0135e-03, +7.1213e-02, -1.5416e-01, -1.0074e-01, -1.2141e-01, +1.6366e-02, -6.7382e-02, +1.3388e-01, -6.0736e-02, +2.6093e-02, -2.4991e-01, +4.5726e-02, +5.0806e-02, +1.2998e-01, -3.0922e-02, -1.4204e-01, +4.0976e-01, -8.1838e-02, +3.7026e-02, -5.2617e-02, -9.9130e-02, -5.3209e-02, -2.9711e-02, -2.0355e-01, +3.6125e-02, +5.2953e-02, +6.8981e-03, -1.2097e-01, +1.1232e-01, -1.4439e-01, -4.3867e-01, +5.4860e-02, -2.4492e-01, +1.0443e-01, -1.3216e-02, -1.7033e-02, -7.9327e-02, -9.2119e-02, -1.0208e-01, -2.2989e-03, -2.8599e-01, -1.7565e-01, -1.6290e-01, -3.6982e-02, -2.4297e-01, -1.0000e+00, -3.8173e-02
-1.5711e-02, -4.9749e-02, -2.0765e-02, +2.9932e-02, +1.6909e-02, +2.7803e-02, -9.1899e-02, -1.1361e-02, -1.1270e-01, +7.0108e-02, +9.9626e-02, +1.0969e-01, +7.6803e-02, -5.1373e-02, +5.1224e-02, +1.2167e-02, -5.5610e-02, +1.1855e-01, +7.3856e-03, +9.2921e-02, -4.6923e-01, +6.0977e-02, +3.2604e-02, -1.4131e-01, -6.0187e-03, +7.4283e-02, +2.7773e-02, -4.3235e-02, -8.7993e-02, -7.8455e-03, -1.5964e-01, +1.8748e-02, +2.5211e-02, +4.4317e-02, +1.6563e-01, +7.5044e-02, +1.3662e-01, -1.1260e-01, -3.3465e-02, -8.5451e-02, -3.1369e-03, +1.1474e-01, +6.3667e-02, +4.2450e-02, +4.5455e-02, -1.7171e-01, -3.3220e-02, +1.0607e-01, -3.8173e-02, -1.0000e+00
