-1.0000e+00, -1.3219e-01, -9.9462e-02, -5.9845e-02, +3.3539e-02, +4.0510e-02, -3.6016e-02, -5.4489e-02, -1.3762e-01, +1.8931e-02, +3.4402e-02, +5.4227e-02, +6.0500e-02, -1.3151e-02, -2.3755e-02, +7.9644e-02, +1.0259e-03, +2.5167e-02, +3.1687e-02, +4.7797e-03, -2.6295e-03, +3.2302e-02, +3.6220e-02, +2.8847e-02, +2.3661e-02, -3.9521e-02, +4.5662e-02, -2.7968e-02, +2.3811e-02, -7.5385e-03, +6.1265e-02, +1.9683e-02, -8.7641e-02, -2.1454e-02, +5.2240e-02, +6.9302e-02, +7.4607e-02, +2.6009e-02, +7.1036e-02, -7.3940e-03, +6.6120e-02, -3.7493e-02, +5.8920e-02, +6.3397e-02, -1.8346e-02, +6.3335e-02, +5.9211e-03, +1.7508e-02, -1.6443e-02, -4.2040e-03
-1.3219e-01, -1.0000e+00, -1.4674e-01, -1.4420e-02, +3.0920e-02, +4.3611e-03, -1.0350e-02, +1.0427e-01, +3.7792e-03, +8.4580e-02, +5.4700e-02, -6.9652e-03, +1.2933e-01, +3.7245e-03, -1.6208e-02, +1.7073e-01, +3.4426e-02, -7.5784e-02, +3.7493e-02, +6.5490e-02, +2.8999e-02, +6.9311e-02, -5.4407e-03, +6.0792e-02, -5.4862e-02, -1.0238e-02, -2.1535e-02, +1.0637e-02, -2.2704e-02, -1.9264e-02, -8.0275e-03, +6.6280e-02, -1.1462e-01, +1.4981e-02, +9.1665e-02, -5.8854e-02, -3.0068e-02, -6.8037e-02, -1.3622e-02, +3.8373e-02, +2.6176e-03, +1.4424e-03, +3.5426e-02, -3.6841e-02, +5.2263e-02, +5.5533e-02, +3.3597e-02, -7.3327e-02, +3.0847e-03, -5.3147e-02
-9.9462e-02, -1.4674e-01, -1.0000e+00, -7.7522e-02, +1.0436e-01, -2.4785e-01, -2.3822e-01, -5.0552e-02, +9.2238e-03, +1.0428e-01, -4.5441e-02, -2.9385e-02, -2.3214e-02, +6.8656e-02, +6.2801e-04, +1.0166e-01, +6.0311e-02, -1.7194e-01, +7.2399e-04, -2.5429e-03, -6.4073e-02, -5.5534e-03, +9.7599e-02, -1.0862e-03, +2.2395e-02, -1.8410e-01, -1.3839e-01, -7.8512e-02, -4.4071e-02, -4.7400e-02, -2.2778e-02, +2.2035e-01, -1.3847e-01, -1.2984e-02, +9.7779e-03, +2.8417e-01, +5.0323e-02, +1.5870e-01, +7.0015e-02, -9.9536e-02, -4.1367e-02, -2.2285e-02, +1.0612e-01, -4.2026e-02, +3.1362e-02, -8.8196e-05, -9.2920e-02, +4.4336e-02, +2.2819e-02, +1.3737e-01
-5.9845e-02, -1.4420e-02, -7.7522e-02, -1.0000e+00, -3.6206e-02, -1.0061e-01, -1.1350e-01, -9.7869e-02, +4.9404e-02, +6.3022e-02, -1.0371e-01, -1.0501e-01, -1.5104e-01, -1.8336e-01, -8.1041e-02, +3.0408e-02, +4.7729e-02, +6.0867e-03, -3.0431e-02, +7.6312e-02, -3.7911e-02, +1.7311e-01, +6.2290e-02, -1.6375e-01, -2.5428e-02, -5.3011e-02, -2.2503e-02, -2.8652e-02, -4.2781e-02, -5.1552e-02, -5.0506e-02, -6.1392e-02, +1.4618e-02, +1.0409e-02, -5.7331e-02, -7.2553e-02, -1.0901e-02, +1.6073e-02, -1.3885e-01, -7.5529e-03, +3.4145e-02, -1.5161e-02, -5.7397e-02, -1.0774e-02, -5.7440e-03, -8.8178e-02, -4.5045e-02, -6.0577e-02, +5.9418e-02, +9.1428e-02
+3.3539e-02, +3.0920e-02, +1.0436e-01, -3.6206e-02, -1.0000e+00, -3.4812e-02, -3.4206e-02, +5.3300e-03, +6.1400e-02, +3.2685e-02, -3.2943e-02, -3.9466e-02, -7.0534e-02, -1.6501e-01, -1.0377e-01, -1.4575e-02, +3.6902e-02, -7.1795e-02, -1.1747e-01, -2.5065e-02, -7.3473e-02, +4.8425e-02, +4.4328e-02, -9.7241e-02, +8.2111e-02, +4.6285e-02, -9.8755e-02, -6.2466e-02, -1.0008e-01, -1.8788e-01, -4.3731e-02, -3.3235e-02, +2.7813e-03, -1.2843e-02, -2.3275e-02, -3.1616e-02, +3.1673e-02, +6.9492e-02, -3.2724e-02, -2.2536e-03, +5.5671e-02, -4.1521e-02, -2.3240e-02, +3.8089e-02, -1.2664e-01, -1.3457e-01, -4.5982e-02, +8.6136e-02, -1.6950e-02, +5.5573e-02
+4.0510e-02, +4.3611e-03, -2.4785e-01, -1.0061e-01, -3.4812e-02, -1.0000e+00, -1.1639e-01, -1.0544e-01, +5.3867e-02, +4.8091e-02, -1.3844e-01, -6.0916e-02, -6.4235e-02, -4.1525e-03, -1.7813e-01, +2.1827e-02, +7.6712e-03, -6.7387e-02, -7.3699e-02, -4.0056e-02, -5.7640e-02, -1.2320e-02, +4.6786e-02, -9.4664e-02, +2.0378e-02, -9.2668e-02, -1.3022e-01, -9.2112e-02, -4.7041e-02, +4.8963e-03, -1.2720e-01, +3.9700e-02, +1.8937e-02, -6.1308e-02, -4.4359e-03, +8.8307e-02, +7.2919e-02, -2.8229e-03, +4.4933e-02, -2.2668e-02, -1.6836e-02, -4.9674e-02, -2.3250e-02, -2.1632e-02, -3.7747e-02, +9.5496e-03, -2.2087e-01, +8.4354e-02, -4.0329e-02, +1.0414e-01
-3.6016e-02, -1.0350e-02, -2.3822e-01, -1.1350e-01, -3.4206e-02, -1.1639e-01, -1.0000e+00, -4.9477e-02, -1.5324e-02, +1.6098e-02, -1.4146e-01, -1.3416e-01, -2.2845e-01, -1.7214e-01, -4.9544e-02, +5.8485e-02, +1.7625e-01, -1.0430e-01, -6.4337e-03, +1.4787e-02, +2.6307e-02, -1.7492e-02, +2.6815e-01, -7.7525e-02, +9.1179e-03, +5.7991e-03, -4.9958e-02, -3.0879e-02, -1.0059e-02, -9.4944e-02, -5.2202e-02, +5.2924e-02, -4.2377e-02, -5.9056e-03, -5.1393e-02, +4.2195e-02, -5.1538e-02, +1.4717e-01, -4.0290e-03, -1.4384e-01, -8.2124e-02, +5.8875e-02, +3.7650e-02, +1.0998e-01, -1.8605e-01, -4.2081e-02, +3.3735e-02, +3.4126e-02, -1.3779e-03, +2.0039e-01
-5.4489e-02, +1.0427e-01, -5.0552e-02, -9.7869e-02, +5.3300e-03, -1.0544e-01, -4.9477e-02, -1.0000e+00, -2.6896e-04, +6.0348e-02, -1.7625e-01, -2.7607e-02, -1.1841e-01, -9.3813e-02, -6.0268e-02, +2.6503e-02, +7.8016e-02, -1.7515e-01, +3.3885e-02, +1.7159e-02, +6.0442e-02, +6.5911e-02, +1.0451e-01, -3.4257e-02, +1.1039e-03, -4.5060e-02, -7.0552e-02, -3.9210e-02, -4.1363e-02, -4.8997e-02, -4.7670e-02, +1.5225e-02, -2.7543e-02, +5.1549e-02, +2.3297e-02, +7.6579e-03, -7.8461e-02, +2.7537e-02, -3.1083e-03, -4.5588e-02, -8.6308e-02, +8.0529e-02, +1.3646e-02, +7.2394e-02, -7.8528e-02, +4.2129e-02, -1.9658e-02, +5.9337e-02, -1.0147e-02, +2.0936e-02
-1.3762e-01, +3.7792e-03, +9.2238e-03, +4.9404e-02, +6.1400e-02, +5.3867e-02, -1.5324e-02, -2.6897e-04, -1.0000e+00, +2.7615e-02, +1.4981e-01, +8.4486e-04, +1.3612e-01, -6.9765e-02, +1.3747e-01, -5.7048e-03, -2.6458e-02, +8.0838e-02, +8.5458e-02, -1.0579e-01, -4.3955e-02, +2.2056e-03, -1.0237e-02, +8.5842e-02, +5.1704e-03, +2.7551e-02, +1.0188e-01, -1.8954e-02, +5.5889e-02, +5.7592e-02, +8.5352e-02, +4.8302e-02, -9.3201e-03, +8.2430e-04, -1.2665e-02, +9.0935e-02, +9.5593e-02, +5.5346e-02, +6.9164e-02, +2.8985e-02, +2.2935e-02, -2.5604e-02, -3.0563e-02, -6.1898e-02, -3.3689e-02, +2.4551e-02, +6.0546e-02, +6.1828e-02, -1.8962e-02, -1.1310e-02
+1.8931e-02, +8.4580e-02, +1.0428e-01, +6.3022e-02, +3.2685e-02, +4.8091e-02, +1.6098e-02, +6.0348e-02, +2.7615e-02, -1.0000e+00, -6.5905e-02, +5.0446e-02, +5.6221e-02, -1.5579e-02, +9.2935e-02, +8.1068e-02, +8.0838e-02, +7.0187e-02, +7.7928e-03, +2.7946e-03, -9.6440e-03, -6.7983e-03, +1.3834e-01, -9.5154e-02, +3.3828e-02, +7.3989e-02, -1.7043e-02, +7.1523e-02, +6.0321e-02, +9.0026e-03, -2.5468e-02, -6.4712e-03, +5.8742e-03, -1.3897e-02, +1.0396e-02, -2.0009e-02, +5.1284e-02, +5.2786e-02, +4.2844e-02, +1.4282e-02, +5.6826e-02, +1.3284e-02, -2.5013e-03, -2.4662e-02, +1.5237e-01, +4.4786e-02, +2.0938e-01, -1.4064e-01, -3.1468e-03, +5.5184e-01
+3.4402e-02, +5.4700e-02, -4.5441e-02, -1.0371e-01, -3.2943e-02, -1.3844e-01, -1.4146e-01, -1.7625e-01, +1.4981e-01, -6.5905e-02, -1.0000e+00, -9.0051e-02, -3.6945e-01, -1.3031e-01, -1.0486e-01, -2.3708e-02, +1.4469e-02, -1.9371e-01, -8.1240e-02, +9.4337e-02, -2.1220e-02, +1.2700e-01, +1.8097e-01, -7.4198e-02, -1.3918e-03, -7.8400e-02, -9.7256e-02, -1.1689e-01, -9.2202e-02, -3.8182e-02, +9.4702e-03, -1.2685e-01, +1.3401e-03, -5.0211e-02, -5.1325e-02, -2.4559e-02, -7.0856e-02, +5.6669e-02, -1.1975e-02, -1.0645e-02, -7.5670e-02, +3.6695e-02, +5.3059e-02, +3.1111e-02, -1.6865e-01, +1.0122e-02, -5.6480e-02, +3.5523e-02, +1.8769e-02, +1.8538e-01
+5.4227e-02, -6.9652e-03, -2.9385e-02, -1.0501e-01, -3.9466e-02, -6.0916e-02, -1.3416e-01, -2.7607e-02, +8.4486e-04, +5.0446e-02, -9.0051e-02, -1.0000e+00, -6.4070e-02, -6.1509e-02, -3.4055e-02, +1.6468e-02, +8.2947e-02, -5.5980e-02, -4.8426e-02, +6.2229e-02, +6.4854e-02, -1.9047e-02, +7.6707e-02, -3.2483e-02, -1.4781e-01, +3.8433e-02, -5.8291e-02, -6.8414e-02, +1.4898e-02, -9.7284e-03, -8.9734e-03, +6.4096e-03, -1.8545e-02, +7.0428e-02, -2.4009e-02, -3.5456e-02, -1.6513e-02, +3.6770e-02, -4.1980e-02, +1.9501e-04, -3.7552e-02, +3.6453e-02, +2.4863e-02, +3.0223e-02, -1.9788e-02, -3.2060e-02, -9.4967e-02, -2.4686e-03, +5.6689e-02, +1.5993e-01
+6.0500e-02, +1.2933e-01, -2.3214e-02, -1.5104e-01, -7.0534e-02, -6.4235e-02, -2.2845e-01, -1.1841e-01, +1.3612e-01, +5.6221e-02, -3.6945e-01, -6.4070e-02, -1.0000e+00, -2.6772e-01, -1.0711e-01, -3.1661e-01, +1.2830e-01, -1.9303e-01, -1.4928e-01, +5.9546e-02, +2.4428e-02, +1.9711e-02, +1.6732e-01, -1.4812e-01, -1.1649e-01, -7.8523e-02, -1.8203e-01, -6.2036e-02, -2.0178e-02, -1.2865e-01, -2.8503e-02, -4.5154e-01, +9.1660e-02, -3.9538e-02, -1.3418e-01, -1.9876e-01, -1.4846e-01, +1.1591e-01, -1.0742e-01, -8.9180e-02, -5.4973e-02, +1.3149e-01, +9.8014e-02, +3.3544e-01, -5.3439e-02, -1.9632e-02, +3.2835e-01, -1.1207e-01, +2.7566e-02, +1.7148e-01
-1.3151e-02, +3.7245e-03, +6.8656e-02, -1.8336e-01, -1.6501e-01, -4.1525e-03, -1.7214e-01, -9.3813e-02, -6.9765e-02, -1.5579e-02, -1.3031e-01, -6.1509e-02, -2.6772e-01, -1.0000e+00, -5.3138e-02, -4.3172e-02, +2.2582e-01, -9.3487e-02, -1.0956e-01, +1.6885e-01, +9.7969e-02, +1.4761e-01, +4.3810e-01, -4.9282e-02, -8.4119e-02, +7.4483e-02, -6.2390e-02, -8.9454e-02, -3.7550e-02, -7.8450e-02, -8.5212e-02, -6.4403e-02, +1.6130e-02, +4.9466e-02, +4.2437e-02, -8.9035e-02, -3.6705e-02, +4.3459e-03, -1.1093e-01, +6.1814e-03, -8.0355e-02, +2.0741e-02, -2.7634e-02, +1.4035e-01, -2.9653e-01, -3.6995e-02, +1.6906e-01, +1.9971e-01, +4.1395e-02, +1.5599e-01
-2.3755e-02, -1.6208e-02, +6.2802e-04, -8.1041e-02, -1.0377e-01, -1.7813e-01, -4.9544e-02, -6.0268e-02, +1.3747e-01, +9.2935e-02, -1.0486e-01, -3.4055e-02, -1.0711e-01, -5.3138e-02, -1.0000e+00, +8.3040e-02, -9.0275e-02, -5.4957e-02, -1.1872e-01, -2.6589e-02, -1.7222e-04, +1.7127e-02, -5.8550e-02, -1.1331e-01, +4.4285e-02, +5.7886e-02, -8.3975e-02, -6.9433e-03, -4.6488e-02, -1.3391e-03, -7.3037e-02, -7.5415e-02, -1.0840e-01, +9.3961e-03, -7.9535e-02, -3.7657e-02, +4.1954e-02, +4.2065e-02, -5.5990e-02, -7.0025e-03, -4.0982e-02, -1.0075e-02, +2.5900e-03, +6.4074e-02, +7.6811e-02, -8.1560e-02, -5.1240e-02, -3.7787e-02, +4.3714e-02, +1.4574e-02
+7.9644e-02, +1.7073e-01, +1.0166e-01, +3.0408e-02, -1.4575e-02, +2.1827e-02, +5.8485e-02, +2.6503e-02, -5.7048e-03, +8.1068e-02, -2.3708e-02, +1.6468e-02, -3.1661e-01, -4.3172e-02, +8.3040e-02, -1.0000e+00, -1.2579e-01, -2.6446e-02, -7.5150e-02, -5.4465e-02, -5.5888e-02, -4.7577e-02, +2.1381e-02, -2.6001e-02, +5.2677e-02, -1.4450e-02, -9.0330e-03, -7.5323e-02, +1.8830e-02, -4.6478e-02, -2.1417e-02, -2.2528e-01, +1.2552e-01, +3.8741e-03, -1.6808e-02, -6.3397e-02, -1.8151e-02, -2.4091e-02, -2.4414e-02, +7.1512e-02, +8.8460e-03, +4.7587e-02, +6.6454e-02, +4.5670e-02, +2.1226e-02, +1.0117e-02, +1.2860e-01, +1.0829e-01, -2.9627e-02, -3.8200e-02
+1.0259e-03, +3.4426e-02, +6.0311e-02, +4.7729e-02, +3.6902e-02, +7.6712e-03, +1.7625e-01, +7.8016e-02, -2.6458e-02, +8.0838e-02, +1.4469e-02, +8.2947e-02, +1.2830e-01, +2.2582e-01, -9.0275e-02, -1.2579e-01, -1.0000e+00, +1.6386e-02, +5.7430e-02, -5.1952e-02, -2.9403e-02, +9.7948e-03, +1.4992e-01, +4.6199e-02, +5.5651e-02, +6.9886e-03, +2.0309e-02, +2.6997e-02, +6.3791e-02, +6.9092e-03, +7.2863e-02, -1.0819e-01, -6.4480e-03, -1.0183e-02, -3.1059e-02, +1.6215e-02, +3.0269e-02, -3.8286e-02, +4.6898e-02, -6.8893e-03, -1.3321e-02, -4.8549e-03, -7.7324e-03, -2.7780e-02, +3.3176e-01, +4.5718e-02, -1.2212e-01, -5.6423e-02, -7.0916e-03, -2.6314e-01
+2.5167e-02, -7.5784e-02, -1.7194e-01, +6.0867e-03, -7.1795e-02, -6.7387e-02, -1.0430e-01, -1.7515e-01, +8.0838e-02, +7.0187e-02, -1.9371e-01, -5.5980e-02, -1.9303e-01, -9.3487e-02, -5.4957e-02, -2.6446e-02, +1.6386e-02, -1.0000e+00, -3.6753e-02, -6.0362e-03, -2.2771e-03, -2.1692e-02, +1.3669e-01, +1.6541e-02, -6.5287e-02, -7.7940e-02, -9.1398e-02, -3.2728e-02, -8.8278e-02, -2.9929e-02, -6.6454e-02, +1.1052e-02, -3.6935e-02, -6.6965e-02, +1.7807e-02, +7.0044e-02, +7.5447e-02, -1.6780e-02, +4.3889e-03, -8.8345e-02, -3.8397e-02, +5.3878e-02, -1.9855e-03, -5.4454e-03, -6.4779e-02, +2.3243e-02, -6.6739e-02, +6.5696e-02, +3.2240e-02, +5.3356e-02
+3.1687e-02, +3.7493e-02, +7.2398e-04, -3.0431e-02, -1.1747e-01, -7.3699e-02, -6.4337e-03, +3.3885e-02, +8.5458e-02, +7.7928e-03, -8.1240e-02, -4.8426e-02, -1.4928e-01, -1.0956e-01, -1.1872e-01, -7.5150e-02, +5.7430e-02, -3.6753e-02, -1.0000e+00, -8.2007e-02, +8.7820e-03, -6.2263e-02, +7.2325e-02, -3.6847e-02, -5.0733e-03, +2.2957e-02, -4.7183e-02, +4.7805e-02, -1.6562e-02, -7.1935e-02, -6.7509e-02, -7.4761e-02, +1.1542e-02, +1.9821e-02, -3.0148e-03, +2.0757e-02, +1.1676e-01, +7.6530e-02, -4.0099e-02, +3.7664e-02, -9.6372e-03, -8.6421e-02, +3.1981e-02, +5.8308e-02, -7.2638e-02, -1.4017e-01, -1.1707e-02, +2.6309e-02, -1.4505e-02, +7.2078e-02
+4.7797e-03, +6.5490e-02, -2.5429e-03, +7.6312e-02, -2.5065e-02, -4.0056e-02, +1.4787e-02, +1.7159e-02, -1.0579e-01, +2.7946e-03, +9.4337e-02, +6.2229e-02, +5.9546e-02, +1.6885e-01, -2.6589e-02, -5.4465e-02, -5.1952e-02, -6.0362e-03, -8.2007e-02, -1.0000e+00, -1.0127e-02, -3.3270e-01, -5.5972e-03, +9.7453e-03, +4.3525e-02, +7.3793e-02, -1.8964e-02, +1.3961e-02, -2.1767e-02, -9.9902e-02, -5.1896e-02, -6.9069e-02, -1.0788e-01, -1.0925e-02, -6.1172e-02, +4.7871e-02, +1.8650e-01, -1.1112e-01, +4.1198e-02, +8.6227e-03, -2.0727e-02, -4.0556e-02, -6.0120e-02, +7.9386e-02, -4.5672e-02, +1.3003e-01, +5.9417e-02, +8.7716e-02, -7.5960e-02, +7.8074e-02
-2.6295e-03, +2.8999e-02, -6.4073e-02, -3.7911e-02, -7.3473e-02, -5.7640e-02, +2.6307e-02, +6.0442e-02, -4.3955e-02, -9.6440e-03, -2.1220e-02, +6.4854e-02, +2.4428e-02, +9.7969e-02, -1.7222e-04, -5.5888e-02, -2.9403e-02, -2.2771e-03, +8.7820e-03, -1.0127e-02, -1.0000e+00, +1.2678e-01, -1.2424e-02, -5.1247e-02, -2.5658e-02, -7.9181e-02, -3.0142e-02, -2.6317e-02, -3.7670e-02, -3.3932e-02, -1.4826e-02, +3.7405e-02, -8.0739e-03, +9.4569e-02, +2.3855e-02, +6.0467e-02, +6.8665e-02, +7.2003e-02, -1.0638e-02, -3.3654e-02, +9.5382e-03, -4.5301e-02, -1.1157e-01, -9.7150e-02, -5.3210e-02, -5.1975e-02, -1.7738e-01, -1.5561e-02, -1.3144e-02, +3.5174e-02
+3.2302e-02, +6.9311e-02, -5.5534e-03, +1.7311e-01, +4.8425e-02, -1.2320e-02, -1.7492e-02, +6.5911e-02, +2.2056e-03, -6.7983e-03, +1.2700e-01, -1.9047e-02, +1.9711e-02, +1.4761e-01, +1.7127e-02, -4.7577e-02, +9.7948e-03, -2.1692e-02, -6.2263e-02, -3.3270e-01, +1.2678e-01, -1.0000e+00, +1.2881e-02, +1.0236e-02, -6.1539e-02, -1.9960e-02, -2.9196e-03, +1.0854e-01, +8.4178e-02, -5.0825e-02, -1.1328e-01, -2.5940e-02, -1.2790e-01, -2.6646e-02, +6.4816e-02, +2.0012e-03, +1.6121e-01, -3.6215e-02, +7.0365e-02, -3.9263e-02, +2.1288e-02, -5.0435e-02, +3.4612e-02, +2.0707e-01, -7.2691e-02, +9.9596e-02, -4.6498e-02, +7.5267e-02, -8.2368e-03, +1.7685e-01
+3.6220e-02, -5.4407e-03, +9.7599e-02, +6.2290e-02, +4.4328e-02, +4.6786e-02, +2.6815e-01, +1.0451e-01, -1.0237e-02, +1.3834e-01, +1.8097e-01, +7.6707e-02, +1.6732e-01, +4.3810e-01, -5.8550e-02, +2.1381e-02, +1.4992e-01, +1.3669e-01, +7.2325e-02, -5.5972e-03, -1.2424e-02, +1.2881e-02, -1.0000e+00, -9.0220e-02, +6.1798e-02, +4.7246e-03, +3.6044e-02, +4.4702e-02, +1.0026e-01, +4.0213e-02, +1.0626e-01, -6.8004e-02, +1.0240e-02, -1.2724e-02, -2.0146e-02, -3.7140e-02, +3.2576e-02, +7.4174e-03, +5.0540e-02, -4.9868e-03, +1.0673e-02, +6.8669e-03, -1.4413e-02, -3.9226e-02, +5.5644e-01, -6.1474e-03, -1.9249e-02, -6.5786e-01, -6.6761e-03, -4.5193e-01
+2.8847e-02, +6.0792e-02, -1.0862e-03, -1.6375e-01, -9.7241e-02, -9.4664e-02, -7.7525e-02, -3.4257e-02, +8.5842e-02, -9.5154e-02, -7.4198e-02, -3.2483e-02, -1.4812e-01, -4.9282e-02, -1.1331e-01, -2.6001e-02, +4.6199e-02, +1.6541e-02, -3.6847e-02, +9.7453e-03, -5.1247e-02, +1.0236e-02, -9.0220e-02, -1.0000e+00, -3.9098e-02, +6.3108e-03, -2.3879e-02, -9.9168e-03, +6.7916e-02, -5.1699e-02, -1.6851e-01, -6.2256e-02, -3.4512e-02, +3.1369e-02, -6.9421e-02, -2.3955e-02, +1.0223e-02, +1.7109e-01, -9.9371e-02, -5.8468e-02, -3.7584e-02, +3.0740e-03, -1.3252e-02, +6.7687e-02, +1.7684e-02, -6.5898e-02, -7.1502e-02, -1.1545e-01, +1.1723e-03, +7.4843e-02
+2.3661e-02, -5.4862e-02, +2.2395e-02, -2.5428e-02, +8.2111e-02, +2.0378e-02, +9.1179e-03, +1.1039e-03, +5.1704e-03, +3.3828e-02, -1.3918e-03, -1.4781e-01, -1.1649e-01, -8.4119e-02, +4.4285e-02, +5.2677e-02, +5.5651e-02, -6.5287e-02, -5.0733e-03, +4.3525e-02, -2.5658e-02, -6.1539e-02, +6.1798e-02, -3.9098e-02, -1.0000e+00, +7.1672e-02, -7.5455e-02, -6.8681e-02, -1.3912e-02, -6.7673e-03, -8.9657e-02, -1.1815e-01, -1.9777e-05, +2.0973e-02, -1.2412e-01, -7.8028e-02, -3.4151e-02, -9.6175e-03, -1.2502e-01, +7.2260e-02, -9.9172e-02, -3.8644e-02, -8.1607e-04, +1.4264e-02, -2.4679e-02, +3.9358e-02, -1.7127e-02, +5.4478e-02, +1.5008e-01, +4.8489e-02
-3.9521e-02, -1.0238e-02, -1.8410e-01, -5.3011e-02, +4.6285e-02, -9.2667e-02, +5.7991e-03, -4.5060e-02, +2.7551e-02, +7.3989e-02, -7.8400e-02, +3.8433e-02, -7.8523e-02, +7.4483e-02, +5.7886e-02, -1.4449e-02, +6.9886e-03, -7.7940e-02, +2.2957e-02, +7.3793e-02, -7.9181e-02, -1.9960e-02, +4.7246e-03, +6.3108e-03, +7.1672e-02, -1.0000e+00, -5.9349e-02, -1.4881e-02, +1.1373e-02, -4.5103e-02, -3.6792e-02, +2.9835e-02, +4.6926e-02, -1.4261e-02, +9.2465e-02, +8.8663e-03, +9.3155e-03, +2.7317e-02, +6.2075e-02, +5.1215e-02, -4.5899e-02, -1.5363e-02, +5.6809e-02, +2.9103e-02, -1.6075e-02, +4.4352e-02, +3.7711e-02, -5.0595e-02, -2.2726e-02, +2.1688e-02
+4.5662e-02, -2.1535e-02, -1.3839e-01, -2.2503e-02, -9.8755e-02, -1.3022e-01, -4.9958e-02, -7.0552e-02, +1.0188e-01, -1.7043e-02, -9.7256e-02, -5.8291e-02, -1.8203e-01, -6.2390e-02, -8.3975e-02, -9.0330e-03, +2.0309e-02, -9.1398e-02, -4.7183e-02, -1.8964e-02, -3.0142e-02, -2.9196e-03, +3.6044e-02, -2.3879e-02, -7.5455e-02, -5.9349e-02, -1.0000e+00, -8.0408e-02, -1.0686e-01, -1.6126e-01, -1.4364e-01, -6.1336e-02, -9.1758e-03, -4.5321e-02, +1.8374e-02, +2.0800e-02, -2.4402e-02, +8.3898e-02, -8.8361e-03, -7.3724e-02, -4.1878e-02, -2.0077e-02, +2.5553e-03, +1.5740e-02, -1.3107e-02, -1.1497e-01, -3.4229e-02, -6.8376e-02, +5.0552e-04, +8.2223e-02
-2.7968e-02, +1.0637e-02, -7.8512e-02, -2.8652e-02, -6.2466e-02, -9.2112e-02, -3.0879e-02, -3.9210e-02, -1.8954e-02, +7.1523e-02, -1.1689e-01, -6.8414e-02, -6.2036e-02, -8.9454e-02, -6.9433e-03, -7.5323e-02, +2.6997e-02, -3.2728e-02, +4.7805e-02, +1.3961e-02, -2.6317e-02, +1.0854e-01, +4.4702e-02, -9.9168e-03, -6.8681e-02, -1.4881e-02, -8.0408e-02, -1.0000e+00, -1.0832e-01, -3.4498e-03, -2.4317e-02, -6.0090e-02, +4.1718e-04, +2.1655e-03, +6.2402e-02, +2.8979e-02, -5.9657e-02, -5.9222e-02, -7.3610e-02, +1.9374e-02, +1.2499e-03, -5.4364e-02, +2.6439e-02, +1.4315e-02, -1.1923e-02, +1.0618e-01, -9.0105e-02, +8.4707e-02, -1.1739e-02, -1.5871e-02
+2.3811e-02, -2.2704e-02, -4.4071e-02, -4.2781e-02, -1.0008e-01, -4.7041e-02, -1.0059e-02, -4.1363e-02, +5.5889e-02, +6.0321e-02, -9.2202e-02, +1.4898e-02, -2.0178e-02, -3.7550e-02, -4.6488e-02, +1.8830e-02, +6.3791e-02, -8.8278e-02, -1.6562e-02, -2.1767e-02, -3.7670e-02, +8.4178e-02, +1.0026e-01, +6.7916e-02, -1.3912e-02, +1.1373e-02, -1.0686e-01, -1.0832e-01, -1.0000e+00, -2.6237e-03, -8.7097e-02, -2.2212e-02, +7.0759e-03, -4.2794e-02, -4.6088e-02, +9.6760e-02, +8.2276e-02, -4.1955e-02, -6.8920e-02, +2.2947e-02, +1.0523e-01, +2.2662e-02, -3.6890e-02, -5.1978e-02, -1.3580e-01, +2.0326e-02, -1.1460e-01, +1.6095e-01, -8.1539e-03, +5.2027e-02
-7.5385e-03, -1.9264e-02, -4.7400e-02, -5.1552e-02, -1.8788e-01, +4.8963e-03, -9.4944e-02, -4.8997e-02, +5.7592e-02, +9.0026e-03, -3.8182e-02, -9.7284e-03, -1.2865e-01, -7.8450e-02, -1.3391e-03, -4.6478e-02, +6.9092e-03, -2.9929e-02, -7.1935e-02, -9.9902e-02, -3.3932e-02, -5.0825e-02, +4.0213e-02, -5.1699e-02, -6.7673e-03, -4.5103e-02, -1.6126e-01, -3.4498e-03, -2.6237e-03, -1.0000e+00, -4.4206e-02, -4.9255e-02, +2.5820e-02, -4.9051e-02, -5.9133e-03, -7.1306e-03, +2.2088e-02, +5.1718e-02, -1.5890e-02, -2.1547e-02, +5.5234e-02, -4.4742e-02, +1.9646e-02, +1.1069e-02, -2.0856e-02, -5.4583e-02, +8.3378e-02, -2.6986e-02, -8.2003e-03, +2.3232e-02
+6.1265e-02, -8.0275e-03, -2.2778e-02, -5.0506e-02, -4.3732e-02, -1.2720e-01, -5.2202e-02, -4.7670e-02, +8.5352e-02, -2.5468e-02, +9.4702e-03, -8.9734e-03, -2.8503e-02, -8.5212e-02, -7.3037e-02, -2.1417e-02, +7.2863e-02, -6.6454e-02, -6.7509e-02, -5.1896e-02, -1.4826e-02, -1.1328e-01, +1.0626e-01, -1.6851e-01, -8.9657e-02, -3.6792e-02, -1.4364e-01, -2.4317e-02, -8.7097e-02, -4.4206e-02, -1.0000e+00, +2.4276e-02, -2.1335e-02, -2.2472e-03, -6.9092e-03, +1.8046e-02, +7.8229e-02, +9.0396e-02, -4.0673e-02, -3.4122e-02, -1.6075e-01, -5.3493e-03, -5.3994e-02, +3.7923e-02, -1.6009e-01, -9.4367e-03, -6.3925e-02, +1.5032e-01, -6.5427e-03, +1.7030e-01
+1.9683e-02, +6.6280e-02, +2.2035e-01, -6.1392e-02, -3.3235e-02, +3.9700e-02, +5.2924e-02, +1.5225e-02, +4.8302e-02, -6.4712e-03, -1.2685e-01, +6.4097e-03, -4.5154e-01, -6.4403e-02, -7.5415e-02, -2.2528e-01, -1.0819e-01, +1.1052e-02, -7.4761e-02, -6.9069e-02, +3.7405e-02, -2.5940e-02, -6.8004e-02, -6.2256e-02, -1.1815e-01, +2.9835e-02, -6.1336e-02, -6.0090e-02, -2.2212e-02, -4.9255e-02, +2.4276e-02, -1.0000e+00, +8.6569e-02, -2.3253e-02, -1.1356e-01, -2.1383e-01, -9.7385e-02, +2.6067e-02, -1.0636e-01, +9.2895e-02, -3.2804e-02, +5.1624e-02, +6.9486e-02, +1.9765e-01, +1.6955e-01, +2.6072e-02, +2.2622e-01, -1.6644e-01, -3.5301e-03, +1.3010e-02
-8.7641e-02, -1.1462e-01, -1.3847e-01, +1.4618e-02, +2.7813e-03, +1.8937e-02, -4.2377e-02, -2.7543e-02, -9.3201e-03, +5.8742e-03, +1.3401e-03, -1.8545e-02, +9.1660e-02, +1.6130e-02, -1.0840e-01, +1.2552e-01, -6.4480e-03, -3.6935e-02, +1.1542e-02, -1.0788e-01, -8.0739e-03, -1.2790e-01, +1.0240e-02, -3.4512e-02, -1.9789e-05, +4.6926e-02, -9.1758e-03, +4.1718e-04, +7.0759e-03, +2.5820e-02, -2.1335e-02, +8.6569e-02, -1.0000e+00, +1.2515e-02, +3.6773e-02, +8.0930e-02, +4.5017e-02, -1.7349e-02, -1.2876e-02, +1.1055e-01, -7.7013e-02, -6.1632e-02, +3.9131e-02, +4.3455e-02, +2.9178e-02, +4.7823e-02, -1.1660e-01, +3.8071e-02, +6.0473e-02, +9.3435e-02
-2.1454e-02, +1.4981e-02, -1.2984e-02, +1.0409e-02, -1.2843e-02, -6.1308e-02, -5.9056e-03, +5.1549e-02, +8.2430e-04, -1.3897e-02, -5.0211e-02, +7.0428e-02, -3.9538e-02, +4.9466e-02, +9.3961e-03, +3.8741e-03, -1.0183e-02, -6.6965e-02, +1.9821e-02, -1.0925e-02, +9.4569e-02, -2.6646e-02, -1.2724e-02, +3.1369e-02, +2.0973e-02, -1.4261e-02, -4.5321e-02, +2.1655e-03, -4.2794e-02, -4.9051e-02, -2.2472e-03, -2.3253e-02, +1.2515e-02, -1.0000e+00, -1.8420e-02, -2.9808e-02, +4.4421e-02, +2.4486e-02, +2.0574e-02, +1.1933e-02, -7.2832e-03, -3.7505e-02, +6.7654e-02, +2.0178e-02, +3.0866e-02, +9.0525e-03, -1.4506e-02, +5.1860e-02, -4.3708e-03, -6.6205e-02
+5.2240e-02, +9.1665e-02, +9.7779e-03, -5.7331e-02, -2.3275e-02, -4.4359e-03, -5.1393e-02, +2.3297e-02, -1.2665e-02, +1.0396e-02, -5.1325e-02, -2.4009e-02, -1.3418e-01, +4.2437e-02, -7.9535e-02, -1.6808e-02, -3.1059e-02, +1.7807e-02, -3.0148e-03, -6.1172e-02, +2.3855e-02, +6.4816e-02, -2.0146e-02, -6.9421e-02, -1.2412e-01, +9.2465e-02, +1.8374e-02, +6.2402e-02, -4.6088e-02, -5.9133e-03, -6.9092e-03, -1.1356e-01, +3.6773e-02, -1.8420e-02, -1.0000e+00, -4.0675e-02, -2.1876e-02, +1.0416e-01, -4.2665e-02, -5.6457e-03, +8.9693e-02, +3.2635e-03, -3.7716e-02, +2.2677e-02, +8.2518e-02, +2.2880e-02, +4.5137e-02, -7.3676e-02, +2.8589e-02, -1.3975e-03
+6.9302e-02, -5.8854e-02, +2.8417e-01, -7.2553e-02, -3.1616e-02, +8.8307e-02, +4.2195e-02, +7.6579e-03, +9.0935e-02, -2.0009e-02, -2.4559e-02, -3.5456e-02, -1.9876e-01, -8.9035e-02, -3.7657e-02, -6.3397e-02, +1.6215e-02, +7.0044e-02, +2.0757e-02, +4.7871e-02, +6.0467e-02, +2.0012e-03, -3.7140e-02, -2.3955e-02, -7.8028e-02, +8.8663e-03, +2.0800e-02, +2.8979e-02, +9.6760e-02, -7.1306e-03, +1.8046e-02, -2.1383e-01, +8.0930e-02, -2.9808e-02, -4.0675e-02, -1.0000e+00, -9.8983e-02, +7.7987e-03, -6.6065e-02, -6.1915e-02, -1.4025e-02, +1.9082e-02, +4.3656e-02, +1.0161e-01, +1.3845e-01, +4.3255e-02, +1.5657e-01, -1.0060e-01, +1.3400e-02, -9.6648e-02
+7.4607e-02, -3.0068e-02, +5.0323e-02, -1.0901e-02, +3.1673e-02, +7.2919e-02, -5.1538e-02, -7.8461e-02, +9.5593e-02, +5.1284e-02, -7.0856e-02, -1.6513e-02, -1.4846e-01, -3.6705e-02, +4.1954e-02, -1.8151e-02, +3.0269e-02, +7.5447e-02, +1.1676e-01, +1.8650e-01, +6.8665e-02, +1.6121e-01, +3.2576e-02, +1.0223e-02, -3.4151e-02, +9.3155e-03, -2.4402e-02, -5.9657e-02, +8.2276e-02, +2.2088e-02, +7.8229e-02, -9.7385e-02, +4.5017e-02, +4.4421e-02, -2.1876e-02, -9.8983e-02, -1.0000e+00, -9.0881e-03, +5.2312e-02, +2.0142e-02, +1.1990e-02, +2.4725e-02, +2.6763e-03, +1.3191e-01, -2.9623e-03, +2.8476e-02, +6.0432e-02, +7.2725e-02, -3.0990e-03, -1.8730e-02
+2.6009e-02, -6.8037e-02, +1.5870e-01, +1.6073e-02, +6.9492e-02, -2.8229e-03, +1.4717e-01, +2.7537e-02, +5.5346e-02, +5.2786e-02, +5.6669e-02, +3.6770e-02, +1.1591e-01, +4.3459e-03, +4.2065e-02, -2.4091e-02, -3.8286e-02, -1.6780e-02, +7.6530e-02, -1.1112e-01, +7.2003e-02, -3.6215e-02, +7.4174e-03, +1.7109e-01, -9.6175e-03, +2.7317e-02, +8.3898e-02, -5.9222e-02, -4.1955e-02, +5.1718e-02, +9.0396e-02, +2.6067e-02, -1.7349e-02, +2.4486e-02, +1.0416e-01, +7.7987e-03, -9.0881e-03, -1.0000e+00, -3.3268e-03, +6.3988e-02, +5.5423e-02, -2.7198e-02, -3.3724e-02, -6.0124e-02, +9.1783e-03, +8.1967e-02, +1.9969e-02, +1.7890e-01, +1.9974e-02, -1.0407e-01
+7.1036e-02, -1.3622e-02, +7.0015e-02, -1.3885e-01, -3.2724e-02, +4.4933e-02, -4.0290e-03, -3.1083e-03, +6.9163e-02, +4.2844e-02, -1.1975e-02, -4.1980e-02, -1.0742e-01, -1.1093e-01, -5.5989e-02, -2.4414e-02, +4.6898e-02, +4.3890e-03, -4.0099e-02, +4.1198e-02, -1.0638e-02, +7.0365e-02, +5.0540e-02, -9.9371e-02, -1.2502e-01, +6.2075e-02, -8.8361e-03, -7.3610e-02, -6.8920e-02, -1.5890e-02, -4.0673e-02, -1.0636e-01, -1.2876e-02, +2.0574e-02, -4.2665e-02, -6.6065e-02, +5.2312e-02, -3.3268e-03, -1.0000e+00, -3.6636e-02, -2.2957e-02, +3.1760e-02, +9.3099e-03, -1.4529e-02, -4.8496e-02, -2.2045e-02, -5.9267e-02, +1.8181e-02, -4.2188e-03, +6.4283e-02
-7.3940e-03, +3.8373e-02, -9.9536e-02, -7.5529e-03, -2.2536e-03, -2.2668e-02, -1.4384e-01, -4.5588e-02, +2.8985e-02, +1.4282e-02, -1.0645e-02, +1.9500e-04, -8.9180e-02, +6.1814e-03, -7.0025e-03, +7.1512e-02, -6.8893e-03, -8.8345e-02, +3.7664e-02, +8.6227e-03, -3.3654e-02, -3.9263e-02, -4.9868e-03, -5.8468e-02, +7.2260e-02, +5.1215e-02, -7.3724e-02, +1.9374e-02, +2.2947e-02, -2.1547e-02, -3.4122e-02, +9.2895e-02, +1.1055e-01, +1.1933e-02, -5.6457e-03, -6.1915e-02, +2.0142e-02, +6.3988e-02, -3.6636e-02, -1.0000e+00, -6.0770e-02, +3.2187e-02, -3.0558e-03, +8.2088e-03, +6.2962e-03, +1.2675e-02, -1.8497e-02, -7.0518e-02, +2.7180e-02, +2.9516e-02
+6.6120e-02, +2.6176e-03, -4.1367e-02, +3.4145e-02, +5.5671e-02, -1.6836e-02, -8.2124e-02, -8.6308e-02, +2.2935e-02, +5.6826e-02, -7.5670e-02, -3.7552e-02, -5.4973e-02, -8.0355e-02, -4.0982e-02, +8.8460e-03, -1.3321e-02, -3.8397e-02, -9.6372e-03, -2.0727e-02, +9.5382e-03, +2.1288e-02, +1.0673e-02, -3.7584e-02, -9.9172e-02, -4.5899e-02, -4.1878e-02, +1.2499e-03, +1.0523e-01, +5.5234e-02, -1.6075e-01, -3.2804e-02, -7.7013e-02, -7.2832e-03, +8.9693e-02, -1.4025e-02, +1.1990e-02, +5.5423e-02, -2.2957e-02, -6.0770e-02, -1.0000e+00, +9.7798e-03, -1.4535e-02, -5.2295e-02, -1.0883e-02, +2.1196e-03, +4.4503e-02, -4.9834e-02, +2.5293e-02, -2.7894e-02
-3.7493e-02, +1.4424e-03, -2.2285e-02, -1.5161e-02, -4.1521e-02, -4.9674e-02, +5.8875e-02, +8.0529e-02, -2.5604e-02, +1.3284e-02, +3.6695e-02, +3.6453e-02, +1.3149e-01, +2.0741e-02, -1.0075e-02, +4.7587e-02, -4.8549e-03, +5.3878e-02, -8.6421e-02, -4.0556e-02, -4.5301e-02, -5.0435e-02, +6.8669e-03, +3.0740e-03, -3.8644e-02, -1.5363e-02, -2.0077e-02, -5.4364e-02, +2.2662e-02, -4.4742e-02, -5.3493e-03, +5.1624e-02, -6.1632e-02, -3.7505e-02, +3.2635e-03, +1.9082e-02, +2.4725e-02, -2.7198e-02, +3.1760e-02, +3.2187e-02, +9.7798e-03, -1.0000e+00, +7.6642e-04, +6.7196e-03, -2.9783e-02, -8.6968e-02, -1.7183e-02, +1.0329e-01, -8.0111e-03, -9.5325e-04
+5.8920e-02, +3.5426e-02, +1.0612e-01, -5.7397e-02, -2.3240e-02, -2.3250e-02, +3.7650e-02, +1.3646e-02, -3.0563e-02, -2.5013e-03, +5.3059e-02, +2.4863e-02, +9.8014e-02, -2.7634e-02, +2.5900e-03, +6.6454e-02, -7.7323e-03, -1.9855e-03, +3.1981e-02, -6.0120e-02, -1.1157e-01, +3.4612e-02, -1.4413e-02, -1.3252e-02, -8.1608e-04, +5.6809e-02, +2.5553e-03, +2.6439e-02, -3.6890e-02, +1.9646e-02, -5.3994e-02, +6.9486e-02, +3.9131e-02, +6.7654e-02, -3.7716e-02, +4.3656e-02, +2.6763e-03, -3.3724e-02, +9.3099e-03, -3.0558e-03, -1.4535e-02, +7.6642e-04, -1.0000e+00, -1.0685e-01, -7.1080e-02, +3.1388e-02, -6.4041e-02, +3.3022e-02, -1.5548e-01, -3.5652e-02
+6.3397e-02, -3.6841e-02, -4.2026e-02, -1.0774e-02, +3.8089e-02, -2.1632e-02, +1.0998e-01, +7.2394e-02, -6.1898e-02, -2.4662e-02, +3.1111e-02, +3.0223e-02, +3.3544e-01, +1.4035e-01, +6.4074e-02, +4.5670e-02, -2.7780e-02, -5.4454e-03, +5.8308e-02, +7.9386e-02, -9.7150e-02, +2.0707e-01, -3.9226e-02, +6.7687e-02, +1.4264e-02, +2.9103e-02, +1.5740e-02, +1.4315e-02, -5.1978e-02, +1.1069e-02, +3.7923e-02, +1.9765e-01, +4.3455e-02, +2.0178e-02, +2.2677e-02, +1.0161e-01, +1.3191e-01, -6.0124e-02, -1.4529e-02, +8.2088e-03, -5.2295e-02, +6.7196e-03, -1.0685e-01, -1.0000e+00, -2.4101e-02, -8.4416e-02, -1.1967e-01, +2.0077e-02, +3.3903e-02, -4.3481e-02
-1.8346e-02, +5.2263e-02, +3.1362e-02, -5.7440e-03, -1.2664e-01, -3.7747e-02, -1.8605e-01, -7.8528e-02, -3.3689e-02, +1.5237e-01, -1.6865e-01, -1.9788e-02, -5.3439e-02, -2.9653e-01, +7.6811e-02, +2.1226e-02, +3.3176e-01, -6.4779e-02, -7.2638e-02, -4.5672e-02, -5.3210e-02, -7.2691e-02, +5.5644e-01, +1.7684e-02, -2.4679e-02, -1.6075e-02, -1.3107e-02, -1.1923e-02, -1.3580e-01, -2.0856e-02, -1.6009e-01, +1.6955e-01, +2.9178e-02, +3.0866e-02, +8.2518e-02, +1.3845e-01, -2.9623e-03, +9.1783e-03, -4.8496e-02, +6.2962e-03, -1.0883e-02, -2.9783e-02, -7.1080e-02, -2.4101e-02, -1.0000e+00, -7.7612e-02, -1.2323e-01, +6.0987e-01, -3.2074e-02, +2.6973e-01
+6.3335e-02, +5.5533e-02, -8.8198e-05, -8.8178e-02, -1.3457e-01, +9.5496e-03, -4.2081e-02, +4.2129e-02, +2.4551e-02, +4.4786e-02, +1.0122e-02, -3.2060e-02, -1.9632e-02, -3.6995e-02, -8.1560e-02, +1.0117e-02, +4.5718e-02, +2.3243e-02, -1.4017e-01, +1.3003e-01, -5.1975e-02, +9.9596e-02, -6.1474e-03, -6.5898e-02, +3.9358e-02, +4.4352e-02, -1.1497e-01, +1.0618e-01, +2.0326e-02, -5.4583e-02, -9.4367e-03, +2.6072e-02, +4.7823e-02, +9.0525e-03, +2.2880e-02, +4.3255e-02, +2.8476e-02, +8.1967e-02, -2.2045e-02, +1.2675e-02, +2.1196e-03, -8.6968e-02, +3.1388e-02, -8.4416e-02, -7.7612e-02, -1.0000e+00, -7.5198e-02, -3.2301e-02, -9.7699e-03, -1.6012e-02
+5.9211e-03, +3.3597e-02, -9.2920e-02, -4.5045e-02, -4.5982e-02, -2.2087e-01, +3.3735e-02, -1.9658e-02, +6.0546e-02, +2.0938e-01, -5.6480e-02, -9.4967e-02, +3.2835e-01, +1.6906e-01, -5.1240e-02, +1.2860e-01, -1.2212e-01, -6.6739e-02, -1.1707e-02, +5.9417e-02, -1.7738e-01, -4.6498e-02, -1.9249e-02, -7.1502e-02, -1.7127e-02, +3.7711e-02, -3.4229e-02, -9.0105e-02, -1.1460e-01, +8.3378e-02, -6.3925e-02, +2.2622e-01, -1.1660e-01, -1.4506e-02, +4.5137e-02, +1.5657e-01, +6.0432e-02, +1.9969e-02, -5.9267e-02, -1.8497e-02, +4.4503e-02, -1.7183e-02, -6.4041e-02, -1.1967e-01, -1.2323e-01, -7.5198e-02, -1.0000e+00, +1.7371e-01, +1.3711e-02, -3.3043e-02
+1.7508e-02, -7.3327e-02, +4.4336e-02, -6.0577e-02, +8.6136e-02, +8.4354e-02, +3.4126e-02, +5.9337e-02, +6.1828e-02, -1.4064e-01, +3.5523e-02, -2.4686e-03, -1.1207e-01, +1.9971e-01, -3.7787e-02, +1.0829e-01, -5.6423e-02, +6.5696e-02, +2.6309e-02, +8.7716e-02, -1.5561e-02, +7.5267e-02, -6.5786e-01, -1.1545e-01, +5.4478e-02, -5.0595e-02, -6.8376e-02, +8.4707e-02, +1.6095e-01, -2.6986e-02, +1.5032e-01, -1.6644e-01, +3.8071e-02, +5.1860e-02, -7.3676e-02, -1.0060e-01, +7.2725e-02, +1.7890e-01, +1.8181e-02, -7.0518e-02, -4.9834e-02, +1.0329e-01, +3.3022e-02, +2.0077e-02, +6.0987e-01, -3.2301e-02, +1.7371e-01, -1.0000e+00, -7.6774e-03, -1.6346e-01
-1.6443e-02, +3.0847e-03, +2.2819e-02, +5.9418e-02, -1.6950e-02, -4.0329e-02, -1.3779e-03, -1.0147e-02, -1.8962e-02, -3.1468e-03, +1.8769e-02, +5.6689e-02, +2.7566e-02, +4.1395e-02, +4.3714e-02, -2.9627e-02, -7.0916e-03, +3.2240e-02, -1.4505e-02, -7.5960e-02, -1.3144e-02, -8.2368e-03, -6.6761e-03, +1.1723e-03, +1.5008e-01, -2.2726e-02, +5.0552e-04, -1.1739e-02, -8.1539e-03, -8.2003e-03, -6.5427e-03, -3.5301e-03, +6.0473e-02, -4.3708e-03, +2.8589e-02, +1.3400e-02, -3.0990e-03, +1.9974e-02, -4.2188e-03, +2.7180e-02, +2.5293e-02, -8.0111e-03, -1.5548e-01, +3.3903e-02, -3.2074e-02, -9.7699e-03, +1.3711e-02, -7.6774e-03, -1.0000e+00, +3.2182e-02
-4.2040e-03, -5.3147e-02, +1.3737e-01, +9.1428e-02, +5.5573e-02, +1.0414e-01, +2.0039e-01, +2.0936e-02, -1.1310e-02, +5.5184e-01, +1.8538e-01, +1.5993e-01, +1.7148e-01, +1.5599e-01, +1.4574e-02, -3.8200e-02, -2.6314e-01, +5.3356e-02, +7.2078e-02, +7.8074e-02, +3.5174e-02, +1.7685e-01, -4.5193e-01, +7.4843e-02, +4.8489e-02, +2.1688e-02, +8.2223e-02, -1.5871e-02, +5.2027e-02, +2.3232e-02, +1.7030e-01, +1.3010e-02, +9.3436e-02, -6.6205e-02, -1.3975e-03, -9.6648e-02, -1.8730e-02, -1.0407e-01, +6.4283e-02, +2.9516e-02, -2.7894e-02, -9.5325e-04, -3.5652e-02, -4.3481e-02, +2.6973e-01, -1.6012e-02, -3.3043e-02, -1.6346e-01, +3.2182e-02, -1.0000e+00
