-1.0000e+00, -8.5440e-02, +1.2665e-02, -2.1796e-02, -9.8862e-02, +1.2465e-01, +3.1283e-02, -7.5663e-02, -1.6389e-02, -5.2171e-02, -9.5759e-02, -4.6970e-02, -3.1922e-02, -4.0231e-02, +4.7878e-04, -3.7919e-02, +9.5420e-02, +3.5940e-02, -4.9302e-02, -3.9952e-03, +5.8864e-02, +2.9472e-02, +8.9508e-02, +3.9078e-02, -1.4333e-02, -8.9704e-02, -3.3057e-02, +6.0628e-03, -2.8211e-02, -2.5278e-02, -8.1362e-02, +1.9664e-02, -2.0575e-02, +9.7062e-03, -2.0625e-02, +1.8742e-02, -1.5882e-02, -4.0292e-02, -7.7082e-02, +4.2888e-02, +7.1236e-02, +5.4812e-02, -4.2565e-02, -6.8299e-02, -8.7716e-02, +1.5170e-02, -8.7666e-02, +1.9174e-01, -8.0212e-02, +5.4442e-02
-8.5440e-02, -1.0000e+00, -2.0703e-02, -3.9851e-02, -1.5606e-01, +1.6469e-02, +9.3707e-02, +5.1412e-02, -1.8340e-03, -1.9460e-02, -1.6877e-01, -4.7232e-02, -4.6078e-02, -1.7710e-02, -7.6172e-02, -1.5892e-03, +1.2853e-02, -4.8494e-02, +1.5406e-02, +5.0411e-02, +3.9981e-02, -4.9960e-02, +1.8601e-01, +4.4549e-03, -3.4738e-02, -3.4906e-02, -6.0646e-02, -5.8444e-02, +8.4451e-03, -7.4840e-02, -2.7635e-02, -1.4966e-02, +4.2767e-02, +6.5563e-02, -7.8886e-02, +1.3214e-02, -4.5883e-02, -4.1285e-02, -3.9450e-02, -2.2843e-02, -3.3401e-02, +4.5400e-02, +1.1784e-01, -7.0517e-02, -1.2003e-01, +8.3921e-03, +5.2816e-02, +1.7971e-01, +1.0864e-02, -2.8549e-02
+1.2665e-02, -2.0703e-02, -1.0000e+00, -6.6604e-02, -2.3623e-02, -6.9643e-02, +1.5345e-02, +6.9936e-02, -9.2932e-02, +3.4940e-02, -7.9900e-03, -5.2360e-02, +2.3770e-02, +3.3154e-02, -3.5418e-02, +9.6932e-02, +2.3838e-02, -3.2274e-02, -7.0818e-02, -3.7304e-02, -1.4227e-02, -1.7596e-02, +5.2713e-02, -8.4953e-02, -7.1357e-02, -3.1526e-02, -1.6597e-03, -2.0474e-02, +4.2107e-03, -1.1804e-02, +4.5657e-02, +6.8770e-02, +1.1860e-01, +1.6851e-01, -1.7387e-02, -7.4691e-02, -2.9352e-02, -1.8048e-02, -1.5249e-02, -3.0079e-02, +1.0561e-03, +1.2943e-02, -3.3332e-02, -1.8861e-02, +7.7116e-02, -7.1191e-02, -3.4472e-02, -3.9497e-03, +2.8618e-02, +4.8110e-02
-2.1796e-02, -3.9851e-02, -6.6604e-02, -1.0000e+00, +4.5081e-02, -1.0468e-01, -4.8755e-02, +1.3208e-02, -4.5605e-02, +1.9896e-02, +1.3741e-02, -1.4055e-01, -1.5376e-01, +6.5519e-03, +2.5619e-02, +9.8266e-02, +3.0036e-01, -2.5886e-02, -1.1627e-01, -1.2495e-01, +1.0606e-03, -3.9660e-02, +1.0378e-01, -1.7872e-02, -1.2127e-01, -3.7557e-02, -8.3206e-02, -4.3826e-02, -3.9079e-02, -1.2027e-01, -1.8935e-03, -4.7022e-02, +3.3630e-03, +4.6352e-02, +8.6627e-03, -1.0223e-01, +9.0557e-02, +1.7265e-03, +2.0202e-02, +9.8564e-03, -4.0437e-02, -4.7933e-02, -4.4101e-02, -3.1465e-02, +1.2432e-01, -2.7385e-02, -2.4275e-02, -1.7259e-01, -5.8096e-03, +7.8017e-02
-9.8862e-02, -1.5606e-01, -2.3623e-02, +4.5081e-02, -1.0000e+00, +2.4127e-02, +1.4269e-01, -6.8884e-03, +6.3034e-02, -2.2583e-02, -1.7912e-01, +1.0193e-02, +1.1672e-02, -2.7317e-02, -1.3554e-01, -1.2057e-01, +1.0875e-01, -7.5528e-02, -1.7840e-02, -9.1671e-02, +1.5929e-02, -5.2311e-02, +8.1291e-02, -1.2444e-01, +3.0471e-03, -7.6406e-02, -8.0063e-02, -7.5974e-02, -9.3266e-02, -2.2280e-02, -7.3989e-02, -5.5690e-02, -2.6374e-02, +5.4880e-02, -3.1059e-02, +4.9047e-02, +6.4670e-03, -7.2468e-02, -3.9127e-02, -4.5808e-02, -9.4368e-02, +9.2092e-02, +6.8674e-02, +2.4722e-02, -2.2925e-01, -5.7458e-02, -7.9070e-02, +3.9688e-01, +1.0792e-02, +7.8162e-02
+1.2465e-01, +1.6469e-02, -6.9643e-02, -1.0468e-01, +2.4127e-02, -1.0000e+00, -1.1808e-02, +2.9408e-02, -7.6518e-02, +2.9188e-02, +3.6491e-02, -5.1827e-02, -3.5415e-02, +1.9806e-02, -4.3380e-02, +8.0473e-02, +6.2909e-02, -2.8855e-02, -4.4151e-02, -3.1165e-02, +5.7246e-03, -4.5949e-02, +7.1718e-02, -4.4241e-02, +7.3737e-03, -1.0416e-01, -3.6927e-02, -1.7790e-02, -1.2069e-03, -2.2288e-02, -5.9280e-02, -4.6652e-02, +5.9489e-02, +5.2137e-02, +6.2098e-02, -7.1632e-02, +6.3054e-02, -4.3334e-02, -6.4649e-03, +3.3102e-02, +7.4061e-03, -5.2147e-02, +1.1890e-02, +1.7401e-02, +1.1723e-01, +2.0618e-02, -4.3030e-02, -1.5452e-01, +7.4813e-02, +5.3557e-02
+3.1283e-02, +9.3707e-02, +1.5345e-02, -4.8755e-02, +1.4269e-01, -1.1808e-02, -1.0000e+00, -8.5622e-03, +1.1353e-02, +4.7333e-02, +9.2555e-02, -9.4490e-02, -9.6828e-03, -3.8756e-02, +3.8254e-02, +8.3024e-02, +1.0647e-01, +2.2136e-02, -9.6182e-02, +2.3468e-03, -9.4497e-03, +1.3038e-02, -2.0826e-02, -9.3556e-02, +9.4476e-02, +1.3087e-01, -1.1567e-01, +1.1189e-01, -1.0243e-02, -1.4771e-02, +1.2608e-02, +4.1330e-02, +5.3804e-02, -5.8324e-02, +9.3924e-02, -5.4546e-02, -1.0192e-01, +1.0611e-01, +1.7917e-02, +5.2263e-02, -5.0859e-02, -9.1133e-02, +6.8320e-02, +3.2208e-02, +1.4013e-01, -3.7064e-02, -6.2988e-02, -3.2607e-01, -8.0036e-03, +3.3367e-02
-7.5663e-02, +5.1412e-02, +6.9936e-02, +1.3208e-02, -6.8884e-03, +2.9408e-02, -8.5622e-03, -1.0000e+00, -4.8091e-02, -3.2042e-02, -1.1350e-02, -2.9670e-02, -4.4231e-02, -5.9346e-03, -2.0150e-02, +7.7450e-02, +4.1416e-02, +4.5524e-02, +2.1273e-02, -4.4791e-02, +9.1915e-03, +3.6853e-03, +6.5510e-02, +1.0712e-02, +2.2928e-02, -2.4449e-04, -2.3339e-02, +4.8440e-03, -4.7751e-02, -2.5526e-02, +2.1088e-02, -4.5233e-02, -1.2125e-02, +6.6400e-03, -4.7028e-02, -3.1182e-02, -8.9455e-02, -2.3912e-02, +1.7964e-02, +4.5810e-02, -4.1078e-02, -5.6570e-02, +4.1853e-02, -1.6868e-02, +1.5227e-02, +9.9532e-02, +2.4360e-02, -4.9796e-02, +4.3073e-02, +2.1997e-02
-1.6389e-02, -1.8340e-03, -9.2932e-02, -4.5605e-02, +6.3034e-02, -7.6518e-02, +1.1353e-02, -4.8091e-02, -1.0000e+00, +6.1069e-02, +5.9280e-02, -1.0215e-01, -7.4046e-03, -7.5973e-02, -5.8273e-03, +1.5975e-01, -1.0551e-01, +4.1425e-01, -5.0371e-02, +4.0444e-02, +3.2077e-02, -1.2205e-02, +2.8851e-02, -2.6327e-02, -1.1535e-01, -2.1678e-02, +1.2911e-02, +1.5899e-02, +7.0510e-02, +2.3134e-02, +1.1517e-01, -8.8553e-02, +2.2384e-02, +2.9960e-01, -4.7998e-02, +1.0904e-02, -7.3667e-02, +7.5703e-02, -4.2479e-02, -3.5367e-02, +8.7238e-02, +1.2160e-03, +8.3747e-02, +9.2987e-02, +3.3545e-01, -8.3041e-03, +1.0839e-01, -1.9113e-01, +4.6371e-02, +1.6573e-01
-5.2171e-02, -1.9460e-02, +3.4940e-02, +1.9896e-02, -2.2583e-02, +2.9188e-02, +4.7333e-02, -3.2042e-02, +6.1069e-02, -1.0000e+00, -7.2900e-02, -1.6161e-02, +3.6261e-03, +4.4467e-02, +3.9685e-02, +1.7310e-02, -7.2632e-02, -1.3176e-01, +6.5693e-02, +3.9709e-02, -1.1488e-01, +1.1926e-01, -1.3364e-01, +3.6511e-02, +8.1127e-02, -1.6400e-02, -1.7603e-02, -6.8171e-03, +2.0243e-02, -1.2322e-02, +5.1304e-02, -6.3781e-02, -3.1584e-02, +6.9411e-02, +7.9442e-02, -1.0366e-01, -1.2920e-01, -1.7811e-02, -3.0710e-02, +2.7459e-03, +3.7384e-02, -1.3523e-01, +8.0412e-02, -7.7716e-02, -3.1591e-02, +3.1768e-03, -6.9810e-03, +6.8305e-02, -1.1459e-01, -4.1319e-03
-9.5759e-02, -1.6877e-01, -7.9900e-03, +1.3741e-02, -1.7912e-01, +3.6491e-02, +9.2555e-02, -1.1350e-02, +5.9280e-02, -7.2900e-02, -1.0000e+00, +1.5018e-02, -2.3641e-02, -2.8159e-02, -1.1145e-01, -4.0858e-02, +5.3668e-02, -6.5565e-02, +1.8866e-02, +1.0782e-02, -2.6625e-02, -9.9099e-02, +7.6491e-02, +2.0262e-02, -9.3573e-03, -8.5944e-02, -1.1312e-01, -9.1484e-02, -4.6296e-02, -1.4036e-02, -1.4340e-01, +4.6604e-03, -6.4919e-02, +4.1752e-02, -8.6536e-02, +1.3926e-02, +3.2021e-02, -1.4894e-01, -4.8708e-02, -1.1105e-02, -3.3471e-02, +1.0833e-01, +3.4842e-02, -6.2096e-02, -2.0188e-01, -5.7610e-02, -1.6211e-01, +3.4687e-01, +4.2055e-03, +5.6879e-02
-4.6970e-02, -4.7232e-02, -5.2360e-02, -1.4055e-01, +1.0193e-02, -5.1827e-02, -9.4490e-02, -2.9670e-02, -1.0215e-01, -1.6161e-02, +1.5018e-02, -1.0000e+00, -8.4642e-02, -4.6659e-02, +1.8193e-02, +9.0405e-02, +1.9326e-01, +2.5189e-02, -1.1039e-01, -1.1852e-02, +2.4942e-02, -2.6088e-03, +9.3555e-02, -3.5052e-02, -4.8572e-02, -7.0927e-02, +1.3612e-02, -4.7876e-02, -6.0406e-02, -2.0817e-02, +8.3912e-02, +2.7008e-02, -5.4616e-02, +7.8135e-02, +2.1303e-02, -9.9541e-02, -8.3982e-03, +2.9897e-02, +5.1654e-03, -1.7722e-02, +2.8169e-02, -2.7015e-03, +3.2589e-02, +1.5353e-02, +1.0173e-01, +4.5126e-02, -1.7383e-02, -1.7849e-01, -2.1498e-02, -1.6539e-03
-3.1922e-02, -4.6078e-02, +2.3770e-02, -1.5376e-01, +1.1672e-02, -3.5415e-02, -9.6828e-03, -4.4231e-02, -7.4046e-03, +3.6261e-03, -2.3641e-02, -8.4642e-02, -1.0000e+00, -4.8373e-02, +6.0869e-02, +2.8277e-02, +1.6653e-01, -2.8754e-03, -6.6382e-02, +8.4126e-03, +1.2299e-02, -1.0090e-02, +1.0409e-01, -4.4226e-02, -6.7679e-02, -4.0773e-02, -1.2188e-01, -5.1038e-02, -3.9257e-02, -7.3205e-02, +7.4822e-02, -8.0905e-02, +4.1789e-02, -7.0049e-02, -7.4817e-02, -6.8072e-02, -1.1496e-01, +3.2804e-02, -1.3239e-02, -2.2352e-02, -4.8388e-02, -7.5410e-02, +1.1224e-01, +5.5624e-02, +7.1885e-02, -3.5393e-03, -4.1931e-02, -2.0205e-01, -1.5272e-02, +2.3665e-03
-4.0231e-02, -1.7710e-02, +3.3154e-02, +6.5519e-03, -2.7317e-02, +1.9806e-02, -3.8756e-02, -5.9346e-03, -7.5973e-02, +4.4467e-02, -2.8159e-02, -4.6660e-02, -4.8373e-02, -1.0000e+00, -1.7112e-02, +4.3463e-02, +1.3968e-01, +6.6536e-02, -3.8182e-02, +1.4760e-02, -8.6518e-03, -2.8178e-03, +3.0384e-02, -5.9573e-03, -5.0690e-02, +7.9216e-03, -3.5667e-02, -3.1333e-02, -6.9833e-02, -5.3901e-02, +4.0425e-02, +1.3978e-02, -2.1318e-02, +4.7365e-02, +1.8108e-02, -6.4181e-02, +7.4292e-02, +5.0458e-02, +2.6993e-02, -4.0346e-04, +5.7788e-02, -2.3652e-02, +6.8352e-02, +1.8569e-02, +1.8015e-02, -6.6484e-03, -6.8936e-02, -1.4255e-01, +1.8605e-02, +7.7972e-02
+4.7877e-04, -7.6172e-02, -3.5418e-02, +2.5619e-02, -1.3554e-01, -4.3380e-02, +3.8254e-02, -2.0150e-02, -5.8273e-03, +3.9685e-02, -1.1145e-01, +1.8193e-02, +6.0869e-02, -1.7112e-02, -1.0000e+00, -3.1393e-02, -1.4502e-01, -7.9957e-03, -5.7988e-02, -1.9663e-03, -1.5433e-02, +1.3522e-02, -5.8352e-02, -5.5368e-02, -2.0266e-02, -2.7888e-02, -6.6040e-02, +1.4702e-02, +4.3035e-02, +1.9588e-02, -3.7931e-02, +3.8724e-02, +7.8849e-02, +1.2556e-01, +1.2254e-02, -5.9053e-02, +1.3039e-01, -6.5214e-02, -2.8238e-02, -5.5355e-02, -6.7995e-02, +2.0041e-02, +5.8330e-04, -1.1989e-01, -5.0503e-02, -2.6217e-02, -3.5016e-02, +1.4501e-01, +3.4951e-02, +1.7299e-01
-3.7919e-02, -1.5891e-03, +9.6932e-02, +9.8266e-02, -1.2057e-01, +8.0473e-02, +8.3024e-02, +7.7450e-02, +1.5975e-01, +1.7310e-02, -4.0858e-02, +9.0405e-02, +2.8277e-02, +4.3463e-02, -3.1393e-02, -1.0000e+00, +3.8694e-02, -1.2011e-02, +9.7368e-02, +3.3901e-02, +4.1522e-02, +1.1943e-01, -1.6448e-01, -5.0987e-02, +8.3992e-02, -2.0523e-02, +5.0578e-03, -2.8025e-02, -2.4159e-02, -2.3393e-02, -7.0346e-02, -8.3376e-02, -3.1072e-02, -2.6191e-02, +1.3001e-02, +7.2981e-02, -7.8188e-04, +1.9742e-04, -2.5054e-02, +3.3352e-02, -8.0823e-04, +7.7488e-02, +3.7825e-02, -1.4039e-01, -1.5406e-01, +2.9211e-02, -7.5962e-02, +3.1283e-01, -6.6378e-02, +2.5941e-03
+9.5420e-02, +1.2853e-02, +2.3838e-02, +3.0036e-01, +1.0875e-01, +6.2909e-02, +1.0647e-01, +4.1416e-02, -1.0551e-01, -7.2632e-02, +5.3668e-02, +1.9326e-01, +1.6653e-01, +1.3968e-01, -1.4502e-01, +3.8694e-02, -1.0000e+00, +7.9823e-03, +1.9469e-01, +1.3688e-01, -9.1347e-02, +2.7997e-02, +7.1789e-02, +1.4748e-01, +1.3051e-01, +6.8342e-02, +2.1351e-01, +5.7587e-02, +2.3365e-01, +1.2900e-01, +1.4288e-01, -4.7822e-02, +6.4036e-04, -7.7799e-03, +5.9250e-02, -5.6369e-02, -1.3417e-02, +1.1265e-02, +1.2591e-01, -2.0102e-02, +1.0114e-01, -4.8952e-03, -4.6269e-02, -1.0015e-02, +1.0570e-01, +6.8420e-02, +9.0412e-02, -9.6114e-02, -1.1426e-01, +8.1158e-02
+3.5940e-02, -4.8494e-02, -3.2274e-02, -2.5886e-02, -7.5528e-02, -2.8855e-02, +2.2136e-02, +4.5524e-02, +4.1425e-01, -1.3176e-01, -6.5565e-02, +2.5189e-02, -2.8754e-03, +6.6536e-02, -7.9957e-03, -1.2011e-02, +7.9823e-03, -1.0000e+00, -3.7950e-02, -9.5943e-02, -4.9003e-02, -2.1794e-02, +1.3388e-01, +3.2062e-02, +2.0612e-02, +3.1241e-02, -1.4578e-02, +3.5115e-02, -2.1461e-02, -4.8869e-02, -3.7051e-02, -1.3336e-02, -8.2982e-02, -2.5324e-02, +2.8701e-02, +2.0509e-02, +8.2426e-02, -2.2342e-02, -3.7672e-02, -3.9179e-02, +7.7310e-03, -8.7473e-02, +2.4659e-01, -3.6380e-02, -8.5718e-02, +6.9468e-02, -5.1470e-02, +3.3189e-02, +6.9724e-03, -1.2535e-01
-4.9302e-02, +1.5406e-02, -7.0818e-02, -1.1627e-01, -1.7840e-02, -4.4151e-02, -9.6182e-02, +2.1273e-02, -5.0371e-02, +6.5693e-02, +1.8866e-02, -1.1039e-01, -6.6382e-02, -3.8182e-02, -5.7988e-02, +9.7368e-02, +1.9469e-01, -3.7950e-02, -1.0000e+00, -3.1480e-02, +5.4370e-02, -4.6354e-02, +1.6247e-01, +1.0710e-02, -8.2365e-02, -1.1576e-02, -4.4509e-02, +2.4745e-02, +3.7737e-02, +5.1576e-03, -4.2154e-02, +2.7037e-02, -6.1139e-02, -1.8198e-02, -8.4199e-03, -3.6681e-02, +1.8496e-01, +4.5607e-02, -5.4090e-02, +4.3129e-02, +4.1451e-02, -3.4388e-02, +2.3302e-02, +7.5318e-02, +1.3854e-01, -2.5928e-02, -5.8289e-02, -1.9640e-01, -1.8057e-02, +8.2860e-03
-3.9952e-03, +5.0411e-02, -3.7305e-02, -1.2495e-01, -9.1671e-02, -3.1165e-02, +2.3468e-03, -4.4791e-02, +4.0444e-02, +3.9709e-02, +1.0782e-02, -1.1852e-02, +8.4126e-03, +1.4760e-02, -1.9663e-03, +3.3901e-02, +1.3688e-01, -9.5943e-02, -3.1480e-02, -1.0000e+00, -4.8497e-03, -1.6033e-01, -3.2500e-02, -5.9705e-02, -3.5826e-02, -4.7173e-02, +1.1346e-02, -4.0015e-02, -1.2182e-01, -9.2925e-02, +1.8643e-04, +1.6446e-02, -8.1278e-02, +4.7878e-03, +4.3911e-03, +7.9520e-03, +4.4073e-02, -1.8359e-02, -8.5381e-03, -5.1979e-02, -1.3310e-02, +1.6336e-02, +1.2515e-01, +6.1971e-02, -6.4788e-03, -1.8276e-02, -2.7116e-02, +9.0968e-03, +3.5225e-02, -2.5120e-02
+5.8864e-02, +3.9981e-02, -1.4227e-02, +1.0606e-03, +1.5929e-02, +5.7246e-03, -9.4497e-03, +9.1915e-03, +3.2077e-02, -1.1488e-01, -2.6625e-02, +2.4942e-02, +1.2299e-02, -8.6518e-03, -1.5433e-02, +4.1522e-02, -9.1347e-02, -4.9003e-02, +5.4370e-02, -4.8497e-03, -1.0000e+00, +4.9421e-02, -4.8219e-02, -1.0361e-01, -2.3838e-02, +6.9695e-03, -1.1833e-04, +1.2630e-02, -5.7443e-02, -1.4703e-02, -3.9117e-03, +2.2466e-02, +5.6606e-02, +2.3796e-02, +9.6472e-03, +8.1996e-03, -5.0370e-02, -5.9824e-02, +6.6368e-02, -5.5554e-02, +2.4737e-02, +1.5907e-02, +8.7481e-02, +2.8948e-02, -4.2200e-02, +2.9022e-03, -5.4138e-02, -2.4775e-03, +4.1199e-02, +4.3189e-02
+2.9472e-02, -4.9960e-02, -1.7596e-02, -3.9660e-02, -5.2311e-02, -4.5949e-02, +1.3038e-02, +3.6853e-03, -1.2205e-02, +1.1926e-01, -9.9099e-02, -2.6088e-03, -1.0090e-02, -2.8178e-03, +1.3522e-02, +1.1943e-01, +2.7997e-02, -2.1794e-02, -4.6354e-02, -1.6033e-01, +4.9421e-02, -1.0000e+00, +1.7165e-01, -2.4557e-02, -2.2651e-02, -7.0293e-02, +5.0848e-02, -3.7477e-02, +5.0472e-03, -6.2488e-02, -7.6465e-02, -2.9757e-02, -4.6998e-03, -1.2352e-01, -4.6468e-03, +8.7374e-02, +1.8206e-01, -2.7245e-02, +2.5181e-02, -5.2748e-03, +4.7351e-03, -1.3162e-03, +1.5847e-02, -1.5840e-03, -1.7931e-02, -6.9887e-03, -1.5657e-02, +5.6544e-02, +1.3020e-01, -1.0494e-01
+8.9508e-02, +1.8601e-01, +5.2713e-02, +1.0378e-01, +8.1291e-02, +7.1718e-02, -2.0826e-02, +6.5510e-02, +2.8851e-02, -1.3364e-01, +7.6491e-02, +9.3555e-02, +1.0409e-01, +3.0384e-02, -5.8352e-02, -1.6448e-01, +7.1789e-02, +1.3388e-01, +1.6247e-01, -3.2500e-02, -4.8219e-02, +1.7165e-01, -1.0000e+00, -1.4306e-01, +5.7280e-02, +4.5707e-02, +2.4003e-02, +4.1913e-02, +1.2311e-01, +2.5476e-02, +7.8941e-02, -3.2709e-02, +8.6468e-03, +5.8043e-02, +3.8122e-02, -7.4417e-03, +6.0688e-02, +5.5636e-02, +4.2742e-02, +2.7994e-02, +5.1814e-02, -8.7493e-02, -1.1571e-02, -1.4461e-01, +1.2002e-01, -5.1252e-02, +6.5534e-02, -4.9666e-02, -1.2988e-01, +3.4895e-02
+3.9078e-02, +4.4549e-03, -8.4953e-02, -1.7872e-02, -1.2444e-01, -4.4241e-02, -9.3556e-02, +1.0712e-02, -2.6327e-02, +3.6511e-02, +2.0262e-02, -3.5052e-02, -4.4226e-02, -5.9573e-03, -5.5368e-02, -5.0987e-02, +1.4748e-01, +3.2062e-02, +1.0710e-02, -5.9705e-02, -1.0361e-01, -2.4557e-02, -1.4306e-01, -1.0000e+00, +9.4224e-03, -1.2080e-01, -1.2920e-01, -6.6300e-02, -6.5628e-05, -5.3387e-02, -1.2965e-01, -1.1225e-02, +7.4534e-02, -1.3198e-02, -3.9744e-02, +2.8883e-02, -2.5075e-02, +1.6639e-02, -5.9156e-02, +3.1609e-03, -5.6845e-02, -2.4117e-03, +1.4033e-01, +7.7012e-03, -1.0935e-02, -4.5639e-02, -6.0621e-02, +9.2061e-03, -5.0677e-02, +3.7531e-02
-1.4333e-02, -3.4738e-02, -7.1357e-02, -1.2127e-01, +3.0471e-03, +7.3736e-03, +9.4476e-02, +2.2928e-02, -1.1535e-01, +8.1127e-02, -9.3572e-03, -4.8572e-02, -6.7679e-02, -5.0690e-02, -2.0266e-02, +8.3992e-02, +1.3051e-01, +2.0612e-02, -8.2365e-02, -3.5826e-02, -2.3838e-02, -2.2651e-02, +5.7280e-02, +9.4224e-03, -1.0000e+00, +7.7580e-03, -2.2119e-02, -3.8252e-02, -3.2015e-02, -2.4526e-02, +3.0269e-02, +2.9020e-02, -4.0466e-02, +1.0375e-01, -1.3147e-01, -4.8032e-02, +4.0924e-03, -1.1514e-02, -9.4842e-03, -5.5605e-02, -7.0571e-02, -1.5483e-02, +2.1069e-02, +9.7287e-03, +3.8183e-02, -5.8333e-02, -7.3964e-02, -1.7204e-02, +6.3446e-02, -8.9465e-03
-8.9704e-02, -3.4906e-02, -3.1526e-02, -3.7557e-02, -7.6406e-02, -1.0416e-01, +1.3087e-01, -2.4448e-04, -2.1678e-02, -1.6400e-02, -8.5944e-02, -7.0927e-02, -4.0773e-02, +7.9216e-03, -2.7888e-02, -2.0523e-02, +6.8342e-02, +3.1241e-02, -1.1576e-02, -4.7173e-02, +6.9695e-03, -7.0293e-02, +4.5707e-02, -1.2080e-01, +7.7580e-03, -1.0000e+00, -7.4374e-02, -1.0587e-01, -6.7755e-02, -9.7778e-02, -7.2424e-02, -7.8945e-02, +4.3629e-02, +2.7294e-02, -9.5159e-03, +3.4530e-02, -5.9671e-02, -2.4656e-02, -6.0625e-02, +4.1028e-02, -3.2662e-02, +7.9774e-03, -3.4819e-02, +3.6513e-02, -1.1996e-02, -3.1864e-02, -6.3030e-02, +1.3665e-01, -1.0169e-02, -2.7001e-02
-3.3057e-02, -6.0646e-02, -1.6597e-03, -8.3206e-02, -8.0063e-02, -3.6927e-02, -1.1567e-01, -2.3339e-02, +1.2911e-02, -1.7603e-02, -1.1312e-01, +1.3612e-02, -1.2188e-01, -3.5667e-02, -6.6040e-02, +5.0578e-03, +2.1351e-01, -1.4578e-02, -4.4509e-02, +1.1346e-02, -1.1835e-04, +5.0848e-02, +2.4003e-02, -1.2920e-01, -2.2119e-02, -7.4374e-02, -1.0000e+00, -7.0404e-02, -1.6946e-01, -6.8885e-02, -1.6777e-01, -4.2515e-02, +2.6679e-02, -3.9809e-02, -7.9195e-03, -4.1290e-02, -6.7740e-02, -6.7721e-02, -6.7943e-02, -9.7767e-03, -1.1290e-01, +1.7612e-02, +1.1853e-01, -7.2383e-02, -8.4754e-03, -5.9777e-02, -1.4841e-01, +1.9326e-02, -3.0719e-02, +7.0107e-03
+6.0628e-03, -5.8444e-02, -2.0474e-02, -4.3826e-02, -7.5975e-02, -1.7790e-02, +1.1189e-01, +4.8440e-03, +1.5899e-02, -6.8172e-03, -9.1484e-02, -4.7876e-02, -5.1038e-02, -3.1333e-02, +1.4702e-02, -2.8025e-02, +5.7587e-02, +3.5115e-02, +2.4745e-02, -4.0015e-02, +1.2630e-02, -3.7477e-02, +4.1913e-02, -6.6300e-02, -3.8252e-02, -1.0587e-01, -7.0404e-02, -1.0000e+00, -2.5874e-02, -8.2460e-02, -9.2786e-02, -2.6536e-02, +6.9852e-02, -2.3972e-02, +2.6896e-03, +6.2302e-02, +5.5817e-02, -1.1764e-01, -4.0265e-02, -2.4932e-02, -1.6122e-02, +1.5064e-01, -1.1392e-02, -3.4990e-02, -6.7171e-02, +9.8983e-03, -1.4700e-01, +1.4827e-01, -7.8392e-02, -6.7414e-03
-2.8211e-02, +8.4451e-03, +4.2107e-03, -3.9079e-02, -9.3266e-02, -1.2069e-03, -1.0243e-02, -4.7751e-02, +7.0510e-02, +2.0243e-02, -4.6296e-02, -6.0406e-02, -3.9257e-02, -6.9833e-02, +4.3035e-02, -2.4159e-02, +2.3365e-01, -2.1461e-02, +3.7737e-02, -1.2182e-01, -5.7443e-02, +5.0472e-03, +1.2311e-01, -6.5630e-05, -3.2015e-02, -6.7755e-02, -1.6946e-01, -2.5875e-02, -1.0000e+00, -3.9190e-02, -1.1882e-01, +4.9617e-02, -1.8033e-03, +4.5799e-02, +2.0998e-02, -1.2920e-02, -4.2338e-02, -3.0196e-02, -4.9914e-02, -1.5786e-02, -5.0454e-03, +2.1871e-02, +3.8197e-02, -1.1297e-02, -8.8834e-02, -2.1108e-02, -6.3447e-02, +9.5476e-02, +4.3783e-02, -7.8237e-02
-2.5278e-02, -7.4840e-02, -1.1804e-02, -1.2027e-01, -2.2280e-02, -2.2288e-02, -1.4771e-02, -2.5526e-02, +2.3134e-02, -1.2322e-02, -1.4036e-02, -2.0817e-02, -7.3205e-02, -5.3901e-02, +1.9588e-02, -2.3393e-02, +1.2900e-01, -4.8869e-02, +5.1576e-03, -9.2925e-02, -1.4703e-02, -6.2488e-02, +2.5476e-02, -5.3387e-02, -2.4526e-02, -9.7778e-02, -6.8885e-02, -8.2460e-02, -3.9190e-02, -1.0000e+00, +3.3937e-03, -8.8265e-02, +1.0796e-02, -3.4738e-02, -3.5825e-02, -3.5193e-02, -2.8905e-02, +5.4673e-02, -5.0129e-02, -3.0746e-02, +1.1089e-02, +6.0686e-02, +2.2160e-02, -2.2699e-02, +4.7407e-02, +2.7689e-02, +2.1442e-02, -1.1844e-02, -1.4437e-02, +7.3582e-03
-8.1362e-02, -2.7635e-02, +4.5657e-02, -1.8935e-03, -7.3989e-02, -5.9280e-02, +1.2608e-02, +2.1088e-02, +1.1517e-01, +5.1304e-02, -1.4340e-01, +8.3912e-02, +7.4822e-02, +4.0425e-02, -3.7931e-02, -7.0346e-02, +1.4288e-01, -3.7051e-02, -4.2154e-02, +1.8644e-04, -3.9117e-03, -7.6465e-02, +7.8941e-02, -1.2965e-01, +3.0269e-02, -7.2424e-02, -1.6777e-01, -9.2786e-02, -1.1882e-01, +3.3937e-03, -1.0000e+00, -3.5749e-02, +6.3273e-02, -1.3415e-02, +5.7709e-02, +1.7112e-01, +6.5783e-02, -1.4972e-01, -1.0364e-01, +1.7472e-02, -1.2422e-01, +1.2210e-01, +1.6797e-02, -6.4760e-03, -1.8349e-01, -2.8672e-02, -1.9523e-01, +3.4400e-01, -5.2226e-02, -2.5857e-02
+1.9664e-02, -1.4966e-02, +6.8770e-02, -4.7022e-02, -5.5690e-02, -4.6652e-02, +4.1330e-02, -4.5233e-02, -8.8553e-02, -6.3781e-02, +4.6604e-03, +2.7008e-02, -8.0905e-02, +1.3978e-02, +3.8724e-02, -8.3376e-02, -4.7822e-02, -1.3336e-02, +2.7037e-02, +1.6446e-02, +2.2466e-02, -2.9757e-02, -3.2709e-02, -1.1225e-02, +2.9020e-02, -7.8945e-02, -4.2515e-02, -2.6536e-02, +4.9617e-02, -8.8265e-02, -3.5749e-02, -1.0000e+00, +8.1216e-03, +1.1604e-01, -7.7236e-02, +2.4446e-02, +4.6232e-02, +6.6051e-02, -6.6407e-02, +5.0323e-02, +5.6982e-02, +1.6376e-02, +2.7818e-02, +5.7359e-03, +8.7959e-02, +1.9400e-02, -4.4730e-03, +8.6123e-02, -4.1823e-02, +7.8619e-02
-2.0575e-02, +4.2767e-02, +1.1860e-01, +3.3630e-03, -2.6374e-02, +5.9489e-02, +5.3804e-02, -1.2125e-02, +2.2384e-02, -3.1584e-02, -6.4919e-02, -5.4616e-02, +4.1789e-02, -2.1318e-02, +7.8849e-02, -3.1072e-02, +6.4035e-04, -8.2982e-02, -6.1139e-02, -8.1278e-02, +5.6606e-02, -4.6999e-03, +8.6468e-03, +7.4534e-02, -4.0466e-02, +4.3629e-02, +2.6679e-02, +6.9852e-02, -1.8033e-03, +1.0796e-02, +6.3273e-02, +8.1216e-03, -1.0000e+00, +5.2493e-02, +1.6617e-02, +2.4626e-02, +1.2039e-01, -5.3528e-02, +2.9235e-02, -3.0461e-03, +5.2823e-02, -5.9887e-02, +2.5017e-02, +6.9588e-02, -4.4351e-02, +4.1996e-02, +2.2885e-02, +3.6437e-02, +5.4331e-02, +2.8846e-02
+9.7062e-03, +6.5563e-02, +1.6851e-01, +4.6352e-02, +5.4880e-02, +5.2137e-02, -5.8324e-02, +6.6401e-03, +2.9960e-01, +6.9411e-02, +4.1752e-02, +7.8135e-02, -7.0049e-02, +4.7365e-02, +1.2556e-01, -2.6191e-02, -7.7799e-03, -2.5324e-02, -1.8198e-02, +4.7878e-03, +2.3796e-02, -1.2352e-01, +5.8043e-02, -1.3198e-02, +1.0375e-01, +2.7294e-02, -3.9809e-02, -2.3972e-02, +4.5799e-02, -3.4738e-02, -1.3415e-02, +1.1604e-01, +5.2493e-02, -1.0000e+00, +3.2603e-02, +1.8238e-01, -4.4778e-02, -1.3580e-03, +3.1785e-02, +6.2491e-02, -7.1034e-02, -7.9696e-02, -3.8004e-02, -7.7911e-03, +8.8087e-02, -6.1306e-02, -1.8361e-02, -2.2780e-01, -6.2530e-03, -1.5076e-01
-2.0625e-02, -7.8886e-02, -1.7387e-02, +8.6627e-03, -3.1059e-02, +6.2098e-02, +9.3924e-02, -4.7028e-02, -4.7998e-02, +7.9442e-02, -8.6536e-02, +2.1303e-02, -7.4817e-02, +1.8108e-02, +1.2254e-02, +1.3001e-02, +5.9250e-02, +2.8701e-02, -8.4199e-03, +4.3911e-03, +9.6472e-03, -4.6468e-03, +3.8122e-02, -3.9744e-02, -1.3147e-01, -9.5159e-03, -7.9195e-03, +2.6896e-03, +2.0998e-02, -3.5825e-02, +5.7709e-02, -7.7236e-02, +1.6617e-02, +3.2603e-02, -1.0000e+00, -4.6065e-02, -3.2949e-02, +1.2711e-02, -6.6855e-02, -4.9891e-02, +5.6580e-02, +2.1690e-02, +5.1190e-02, +3.1529e-03, -3.6480e-02, -8.6705e-02, -2.4585e-02, +9.3743e-02, +1.0045e-01, -1.2634e-01
+1.8742e-02, +1.3214e-02, -7.4691e-02, -1.0223e-01, +4.9047e-02, -7.1632e-02, -5.4546e-02, -3.1182e-02, +1.0904e-02, -1.0366e-01, +1.3926e-02, -9.9541e-02, -6.8072e-02, -6.4181e-02, -5.9053e-02, +7.2981e-02, -5.6369e-02, +2.0509e-02, -3.6681e-02, +7.9520e-03, +8.1996e-03, +8.7374e-02, -7.4417e-03, +2.8883e-02, -4.8032e-02, +3.4530e-02, -4.1290e-02, +6.2302e-02, -1.2920e-02, -3.5193e-02, +1.7112e-01, +2.4446e-02, +2.4626e-02, +1.8238e-01, -4.6065e-02, -1.0000e+00, -3.5110e-02, +2.2715e-03, +7.3233e-02, -5.7789e-03, +3.7651e-02, +6.5272e-02, -3.0011e-02, -6.5732e-02, +9.7268e-02, +2.3599e-02, +9.2868e-02, -2.1528e-01, +1.8758e-02, +6.8814e-02
-1.5882e-02, -4.5883e-02, -2.9352e-02, +9.0557e-02, +6.4670e-03, +6.3054e-02, -1.0192e-01, -8.9455e-02, -7.3667e-02, -1.2920e-01, +3.2021e-02, -8.3982e-03, -1.1496e-01, +7.4292e-02, +1.3039e-01, -7.8188e-04, -1.3417e-02, +8.2426e-02, +1.8496e-01, +4.4073e-02, -5.0370e-02, +1.8206e-01, +6.0688e-02, -2.5075e-02, +4.0924e-03, -5.9671e-02, -6.7740e-02, +5.5817e-02, -4.2338e-02, -2.8905e-02, +6.5783e-02, +4.6232e-02, +1.2039e-01, -4.4778e-02, -3.2949e-02, -3.5110e-02, -1.0000e+00, +1.1294e-01, +9.9828e-02, +3.0091e-02, -7.1473e-02, -4.5659e-02, +1.7667e-01, +1.1388e-01, -1.0112e-01, -1.1217e-01, +5.1812e-02, -3.2939e-02, +2.2368e-02, +3.0539e-02
-4.0292e-02, -4.1285e-02, -1.8048e-02, +1.7265e-03, -7.2468e-02, -4.3334e-02, +1.0611e-01, -2.3912e-02, +7.5703e-02, -1.7811e-02, -1.4894e-01, +2.9897e-02, +3.2804e-02, +5.0458e-02, -6.5214e-02, +1.9741e-04, +1.1265e-02, -2.2342e-02, +4.5607e-02, -1.8359e-02, -5.9824e-02, -2.7245e-02, +5.5636e-02, +1.6639e-02, -1.1514e-02, -2.4656e-02, -6.7721e-02, -1.1764e-01, -3.0196e-02, +5.4673e-02, -1.4972e-01, +6.6051e-02, -5.3528e-02, -1.3580e-03, +1.2711e-02, +2.2715e-03, +1.1294e-01, -1.0000e+00, -8.5127e-02, +8.5487e-03, -4.2197e-02, +5.8440e-02, -3.3807e-02, -7.9264e-02, -9.5818e-02, +9.7131e-03, -1.4904e-01, +2.1172e-01, +6.2747e-02, -1.8276e-02
-7.7082e-02, -3.9450e-02, -1.5249e-02, +2.0202e-02, -3.9127e-02, -6.4649e-03, +1.7917e-02, +1.7964e-02, -4.2479e-02, -3.0710e-02, -4.8708e-02, +5.1654e-03, -1.3239e-02, +2.6993e-02, -2.8238e-02, -2.5054e-02, +1.2591e-01, -3.7672e-02, -5.4090e-02, -8.5381e-03, +6.6368e-02, +2.5181e-02, +4.2742e-02, -5.9156e-02, -9.4842e-03, -6.0625e-02, -6.7943e-02, -4.0265e-02, -4.9914e-02, -5.0129e-02, -1.0364e-01, -6.6407e-02, +2.9235e-02, +3.1785e-02, -6.6855e-02, +7.3233e-02, +9.9828e-02, -8.5128e-02, -1.0000e+00, -1.3695e-02, +4.0902e-02, -8.4432e-02, +4.4920e-02, +3.3405e-02, -2.0560e-02, +1.9259e-02, -7.2219e-02, +8.4695e-02, -2.4478e-02, -5.0847e-03
+4.2889e-02, -2.2843e-02, -3.0079e-02, +9.8564e-03, -4.5808e-02, +3.3102e-02, +5.2263e-02, +4.5810e-02, -3.5367e-02, +2.7459e-03, -1.1105e-02, -1.7722e-02, -2.2352e-02, -4.0347e-04, -5.5355e-02, +3.3352e-02, -2.0102e-02, -3.9179e-02, +4.3129e-02, -5.1979e-02, -5.5554e-02, -5.2748e-03, +2.7994e-02, +3.1609e-03, -5.5605e-02, +4.1028e-02, -9.7767e-03, -2.4932e-02, -1.5786e-02, -3.0746e-02, +1.7472e-02, +5.0323e-02, -3.0461e-03, +6.2491e-02, -4.9891e-02, -5.7789e-03, +3.0091e-02, +8.5487e-03, -1.3695e-02, -1.0000e+00, +3.8811e-02, +6.5029e-02, +1.2742e-02, -1.5653e-02, -2.5987e-02, +5.5613e-03, +1.0918e-02, +5.9706e-02, -2.1941e-02, +1.9831e-04
+7.1236e-02, -3.3401e-02, +1.0561e-03, -4.0437e-02, -9.4368e-02, +7.4061e-03, -5.0859e-02, -4.1078e-02, +8.7238e-02, +3.7384e-02, -3.3471e-02, +2.8169e-02, -4.8388e-02, +5.7788e-02, -6.7995e-02, -8.0823e-04, +1.0114e-01, +7.7310e-03, +4.1451e-02, -1.3310e-02, +2.4737e-02, +4.7351e-03, +5.1814e-02, -5.6845e-02, -7.0571e-02, -3.2662e-02, -1.1290e-01, -1.6122e-02, -5.0454e-03, +1.1089e-02, -1.2422e-01, +5.6982e-02, +5.2823e-02, -7.1034e-02, +5.6580e-02, +3.7651e-02, -7.1473e-02, -4.2197e-02, +4.0902e-02, +3.8811e-02, -1.0000e+00, +1.0386e-02, +1.7806e-02, +1.7861e-02, -4.4516e-02, -4.3831e-02, -5.5908e-02, +2.5798e-02, -3.4739e-02, +2.7873e-02
+5.4812e-02, +4.5400e-02, +1.2943e-02, -4.7933e-02, +9.2092e-02, -5.2147e-02, -9.1134e-02, -5.6570e-02, +1.2160e-03, -1.3523e-01, +1.0833e-01, -2.7015e-03, -7.5410e-02, -2.3652e-02, +2.0041e-02, +7.7488e-02, -4.8952e-03, -8.7473e-02, -3.4388e-02, +1.6336e-02, +1.5907e-02, -1.3162e-03, -8.7493e-02, -2.4117e-03, -1.5483e-02, +7.9774e-03, +1.7612e-02, +1.5064e-01, +2.1871e-02, +6.0686e-02, +1.2210e-01, +1.6376e-02, -5.9887e-02, -7.9696e-02, +2.1690e-02, +6.5272e-02, -4.5659e-02, +5.8440e-02, -8.4432e-02, +6.5029e-02, +1.0386e-02, -1.0000e+00, +1.0949e-01, +6.1522e-02, +1.4126e-01, -1.7138e-02, +2.1536e-02, -3.2463e-01, +1.5858e-01, +2.5688e-02
-4.2565e-02, +1.1784e-01, -3.3332e-02, -4.4101e-02, +6.8674e-02, +1.1890e-02, +6.8320e-02, +4.1853e-02, +8.3747e-02, +8.0412e-02, +3.4842e-02, +3.2589e-02, +1.1224e-01, +6.8352e-02, +5.8330e-04, +3.7825e-02, -4.6269e-02, +2.4659e-01, +2.3302e-02, +1.2515e-01, +8.7481e-02, +1.5847e-02, -1.1571e-02, +1.4033e-01, +2.1069e-02, -3.4819e-02, +1.1853e-01, -1.1392e-02, +3.8197e-02, +2.2160e-02, +1.6797e-02, +2.7818e-02, +2.5017e-02, -3.8004e-02, +5.1190e-02, -3.0011e-02, +1.7667e-01, -3.3807e-02, +4.4920e-02, +1.2742e-02, +1.7806e-02, +1.0949e-01, -1.0000e+00, +2.3169e-02, +2.4141e-01, +2.3938e-02, +7.0241e-02, +1.3342e-01, -6.7981e-02, +2.2916e-01
-6.8299e-02, -7.0517e-02, -1.8861e-02, -3.1465e-02, +2.4722e-02, +1.7401e-02, +3.2208e-02, -1.6868e-02, +9.2987e-02, -7.7716e-02, -6.2096e-02, +1.5353e-02, +5.5624e-02, +1.8569e-02, -1.1989e-01, -1.4039e-01, -1.0015e-02, -3.6380e-02, +7.5318e-02, +6.1971e-02, +2.8948e-02, -1.5840e-03, -1.4461e-01, +7.7012e-03, +9.7287e-03, +3.6513e-02, -7.2383e-02, -3.4990e-02, -1.1297e-02, -2.2699e-02, -6.4760e-03, +5.7359e-03, +6.9588e-02, -7.7911e-03, +3.1529e-03, -6.5732e-02, +1.1388e-01, -7.9264e-02, +3.3405e-02, -1.5653e-02, +1.7861e-02, +6.1522e-02, +2.3170e-02, -1.0000e+00, -6.2460e-02, +2.3141e-03, -8.7698e-02, +2.0493e-01, -1.3791e-01, -2.6576e-02
-8.7716e-02, -1.2002e-01, +7.7116e-02, +1.2432e-01, -2.2925e-01, +1.1723e-01, +1.4013e-01, +1.5227e-02, +3.3545e-01, -3.1591e-02, -2.0188e-01, +1.0173e-01, +7.1885e-02, +1.8015e-02, -5.0503e-02, -1.5406e-01, +1.0570e-01, -8.5718e-02, +1.3854e-01, -6.4788e-03, -4.2200e-02, -1.7931e-02, +1.2002e-01, -1.0935e-02, +3.8183e-02, -1.1996e-02, -8.4754e-03, -6.7171e-02, -8.8834e-02, +4.7407e-02, -1.8349e-01, +8.7959e-02, -4.4351e-02, +8.8087e-02, -3.6480e-02, +9.7268e-02, -1.0112e-01, -9.5818e-02, -2.0560e-02, -2.5987e-02, -4.4516e-02, +1.4126e-01, +2.4141e-01, -6.2460e-02, -1.0000e+00, -4.8821e-03, -1.3825e-01, +5.3889e-01, +6.1787e-02, -1.3574e-01
+1.5170e-02, +8.3921e-03, -7.1191e-02, -2.7385e-02, -5.7458e-02, +2.0618e-02, -3.7064e-02, +9.9532e-02, -8.3041e-03, +3.1769e-03, -5.7610e-02, +4.5126e-02, -3.5393e-03, -6.6484e-03, -2.6217e-02, +2.9211e-02, +6.8420e-02, +6.9468e-02, -2.5928e-02, -1.8276e-02, +2.9022e-03, -6.9887e-03, -5.1252e-02, -4.5639e-02, -5.8333e-02, -3.1864e-02, -5.9777e-02, +9.8983e-03, -2.1108e-02, +2.7689e-02, -2.8672e-02, +1.9400e-02, +4.1996e-02, -6.1306e-02, -8.6705e-02, +2.3599e-02, -1.1217e-01, +9.7131e-03, +1.9259e-02, +5.5613e-03, -4.3831e-02, -1.7138e-02, +2.3938e-02, +2.3141e-03, -4.8821e-03, -1.0000e+00, -1.0914e-01, +4.3894e-02, -6.6158e-03, -2.1632e-02
-8.7666e-02, +5.2816e-02, -3.4472e-02, -2.4275e-02, -7.9070e-02, -4.3030e-02, -6.2988e-02, +2.4360e-02, +1.0839e-01, -6.9810e-03, -1.6211e-01, -1.7383e-02, -4.1931e-02, -6.8936e-02, -3.5016e-02, -7.5962e-02, +9.0412e-02, -5.1470e-02, -5.8289e-02, -2.7116e-02, -5.4138e-02, -1.5657e-02, +6.5534e-02, -6.0621e-02, -7.3964e-02, -6.3030e-02, -1.4841e-01, -1.4700e-01, -6.3447e-02, +2.1442e-02, -1.9523e-01, -4.4730e-03, +2.2885e-02, -1.8361e-02, -2.4585e-02, +9.2868e-02, +5.1812e-02, -1.4904e-01, -7.2219e-02, +1.0918e-02, -5.5908e-02, +2.1536e-02, +7.0241e-02, -8.7698e-02, -1.3825e-01, -1.0914e-01, -1.0000e+00, +2.0841e-01, -2.0685e-02, -3.9586e-02
+1.9174e-01, +1.7971e-01, -3.9497e-03, -1.7259e-01, +3.9688e-01, -1.5452e-01, -3.2607e-01, -4.9796e-02, -1.9113e-01, +6.8305e-02, +3.4687e-01, -1.7849e-01, -2.0205e-01, -1.4255e-01, +1.4501e-01, +3.1283e-01, -9.6114e-02, +3.3189e-02, -1.9640e-01, +9.0968e-03, -2.4775e-03, +5.6544e-02, -4.9666e-02, +9.2061e-03, -1.7204e-02, +1.3665e-01, +1.9326e-02, +1.4827e-01, +9.5476e-02, -1.1844e-02, +3.4400e-01, +8.6123e-02, +3.6437e-02, -2.2780e-01, +9.3743e-02, -2.1528e-01, -3.2939e-02, +2.1172e-01, +8.4695e-02, +5.9706e-02, +2.5798e-02, -3.2463e-01, +1.3342e-01, +2.0493e-01, +5.3889e-01, +4.3893e-02, +2.0841e-01, -1.0000e+00, -2.1847e-03, +9.2497e-02
-8.0212e-02, +1.0864e-02, +2.8618e-02, -5.8096e-03, +1.0792e-02, +7.4813e-02, -8.0036e-03, +4.3073e-02, +4.6371e-02, -1.1460e-01, +4.2055e-03, -2.1498e-02, -1.5272e-02, +1.8605e-02, +3.4951e-02, -6.6378e-02, -1.1426e-01, +6.9724e-03, -1.8057e-02, +3.5225e-02, +4.1199e-02, +1.3020e-01, -1.2988e-01, -5.0677e-02, +6.3446e-02, -1.0169e-02, -3.0719e-02, -7.8392e-02, +4.3783e-02, -1.4437e-02, -5.2226e-02, -4.1823e-02, +5.4331e-02, -6.2530e-03, +1.0045e-01, +1.8758e-02, +2.2368e-02, +6.2747e-02, -2.4478e-02, -2.1941e-02, -3.4739e-02, +1.5858e-01, -6.7981e-02, -1.3791e-01, +6.1787e-02, -6.6158e-03, -2.0685e-02, -2.1847e-03, -1.0000e+00, +1.2623e-01
+5.4442e-02, -2.8549e-02, +4.8110e-02, +7.8017e-02, +7.8162e-02, +5.3557e-02, +3.3367e-02, +2.1997e-02, +1.6573e-01, -4.1319e-03, +5.6879e-02, -1.6539e-03, +2.3665e-03, +7.7972e-02, +1.7299e-01, +2.5941e-03, +8.1158e-02, -1.2535e-01, +8.2860e-03, -2.5120e-02, +4.3189e-02, -1.0494e-01, +3.4895e-02, +3.7531e-02, -8.9465e-03, -2.7001e-02, +7.0107e-03, -6.7414e-03, -7.8237e-02, +7.3582e-03, -2.5857e-02, +7.8619e-02, +2.8846e-02, -1.5076e-01, -1.2634e-01, +6.8814e-02, +3.0539e-02, -1.8276e-02, -5.0847e-03, +1.9830e-04, +2.7873e-02, +2.5688e-02, +2.2916e-01, -2.6576e-02, -1.3574e-01, -2.1632e-02, -3.9586e-02, +9.2497e-02, +1.2623e-01, -1.0000e+00
