-1.0000e+00, -1.8204e-02, -1.6985e-01, -1.9301e-01, +2.7382e-02, -1.0504e-01, +5.1782e-02, +1.7098e-02, -7.2033e-02, -3.3981e-04, -1.1148e-01, -3.8086e-02, -2.3198e-02, +2.3105e-02, -4.2028e-02, -8.1689e-02, -1.1042e-02, -2.1274e-02, +2.4780e-02, +8.2542e-02, -2.5992e-02, -7.6781e-02, +1.5378e-02, -1.3845e-01, +2.1842e-02, -1.0683e-01, -5.9916e-02, -1.7203e-01, -1.8847e-01, -9.2190e-02, -8.5810e-02, +1.1531e-01, -2.1490e-02, -9.9905e-02, -5.6331e-02, -2.6232e-02, -9.3198e-03, -9.2997e-02, -3.9136e-02, +2.4109e-02, -1.1739e-01, -4.7407e-02, -1.4061e-01, +1.4860e-02, -3.8478e-02, -4.0105e-02, -1.9113e-01, +2.0513e-01, +9.2774e-02, -8.2075e-02
-1.8204e-02, -1.0000e+00, +4.9321e-02, -1.1268e-01, -6.4475e-03, +7.8810e-04, +1.1486e-01, +3.3398e-02, -3.0970e-02, +6.3767e-02, +1.8826e-02, -5.5369e-02, +1.1637e-01, +5.7362e-02, -1.2876e-02, +3.8819e-03, -5.3107e-02, -1.3114e-01, +4.2016e-03, -4.2938e-02, -7.4801e-03, -7.7616e-03, +4.1285e-02, +2.7726e-02, -2.0692e-02, +7.7065e-02, +3.4484e-03, +8.0696e-02, -9.8446e-02, -6.7854e-02, -1.1151e-02, -1.3186e-02, +1.9093e-02, +1.2041e-02, +3.7326e-02, +5.1992e-02, +2.3260e-02, -1.8317e-02, +4.3936e-02, -5.1466e-02, +9.3907e-02, -1.0593e-02, +8.2224e-02, +4.1583e-03, -1.0411e-01, +2.5650e-02, -3.3740e-02, -2.0652e-02, -2.9010e-02, -5.0027e-02
-1.6985e-01, +4.9321e-02, -1.0000e+00, +2.1157e-02, -3.4433e-02, -2.3363e-01, -1.0985e-01, -2.8606e-02, -1.7374e-02, +1.8016e-01, -2.7468e-01, +2.5314e-01, -4.8196e-02, +7.7982e-02, +1.1165e-01, -1.6973e-01, +3.3674e-02, -7.6181e-02, +7.5771e-02, -7.5088e-02, -3.0610e-01, -1.0861e-01, +5.6725e-02, -2.1346e-01, +9.7392e-02, -2.6479e-01, -1.0849e-01, -2.0065e-01, -1.8524e-01, +3.2652e-02, +2.0614e-03, -1.9080e-01, -1.2693e-01, -1.3039e-01, -9.3971e-02, -1.1558e-01, -6.2309e-02, -1.3685e-01, -2.4363e-01, +1.0202e-02, -2.7477e-01, -7.6669e-02, -1.7576e-01, -1.7380e-01, -4.2596e-02, -4.6387e-02, -2.3217e-01, +2.7315e-01, +1.1047e-01, -7.9900e-02
-1.9301e-01, -1.1268e-01, +2.1157e-02, -1.0000e+00, -1.3841e-01, -1.7159e-01, -6.7297e-02, -2.4686e-01, -7.0631e-02, +5.9986e-02, -1.5015e-01, -2.6315e-01, -1.2864e-01, +8.1076e-02, -1.0259e-01, +1.7716e-01, +1.0038e-01, -1.3391e-01, -1.6683e-01, -1.3651e-01, -8.8035e-02, -5.3462e-02, +9.0362e-02, -1.7244e-01, -1.2599e-01, -5.3659e-02, -1.1255e-01, -3.0466e-01, -3.7429e-01, -2.3713e-01, -1.9289e-01, -8.5030e-03, -8.3202e-02, -4.1560e-02, -1.2462e-03, +1.9173e-02, +5.1490e-03, -1.3827e-01, -1.3895e-01, +2.0439e-02, -6.9374e-02, -1.7809e-02, -2.8528e-01, +3.9172e-02, -2.5160e-01, -4.8239e-02, -3.5366e-01, +2.8424e-01, -7.5518e-02, -8.0814e-02
+2.7382e-02, -6.4475e-03, -3.4433e-02, -1.3841e-01, -1.0000e+00, -7.9107e-02, -1.6726e-02, -1.8230e-02, -2.7020e-02, +3.9007e-02, -6.5860e-02, +1.0371e-01, -1.1418e-01, -7.4534e-02, -9.6263e-02, -7.4196e-02, +2.1928e-02, -2.9766e-02, -7.8995e-02, -6.6088e-02, -9.9399e-02, +2.2221e-02, +1.1451e-01, -1.4559e-01, -1.4481e-02, -2.8651e-02, -3.0158e-02, -1.5172e-01, -1.7268e-01, -1.1539e-01, -2.5458e-02, +5.7508e-02, +5.6776e-02, -1.9775e-02, -3.5040e-02, -1.2305e-01, -4.1279e-02, +8.5818e-02, -8.2125e-02, -3.5583e-02, -5.1872e-02, -8.8265e-03, -1.9441e-01, -7.7280e-03, -1.1028e-01, -3.1565e-02, -2.1457e-01, +1.6818e-01, +4.5664e-03, +4.5178e-02
-1.0504e-01, +7.8809e-04, -2.3363e-01, -1.7159e-01, -7.9107e-02, -1.0000e+00, -8.2702e-02, +5.7262e-02, -6.0707e-02, +1.1860e-01, -1.7325e-01, +1.7032e-01, -5.8780e-02, -1.2229e-01, -1.7048e-01, +4.0227e-02, -2.0660e-02, -1.3869e-01, -2.5578e-01, -7.6174e-02, -3.0462e-01, -8.5879e-02, -2.9580e-02, -1.5175e-01, -1.0309e-01, -1.8905e-02, -8.8715e-02, -1.6934e-01, -2.7430e-01, -1.2729e-01, -2.2809e-01, -1.3462e-01, +9.1239e-02, -2.4573e-02, -6.2595e-02, -1.1684e-01, +9.9202e-02, -1.4110e-01, -7.7991e-02, -1.3149e-02, -8.7662e-02, -2.0263e-02, -2.3111e-01, -8.8154e-02, -1.7923e-01, -5.2188e-02, -4.2700e-01, +3.1124e-01, -1.2047e-02, +1.8731e-01
+5.1782e-02, +1.1486e-01, -1.0985e-01, -6.7297e-02, -1.6726e-02, -8.2702e-02, -1.0000e+00, -2.4834e-01, -5.4292e-03, +6.7618e-02, -6.7397e-02, +2.6645e-02, -2.5386e-01, -1.2544e-02, +9.2706e-02, +1.2140e-01, +1.4720e-01, -5.9871e-02, -7.4488e-02, -2.1401e-02, -7.4877e-02, +2.5954e-02, +2.4431e-01, -9.0344e-03, -7.6373e-04, -6.7683e-02, -2.9372e-02, -3.8114e-02, -9.1924e-02, -5.1341e-03, -2.7048e-02, -3.4339e-02, -5.7916e-02, +4.5541e-02, -8.1860e-04, +8.9580e-02, +4.3700e-03, -2.2037e-02, -7.7283e-02, +4.1488e-02, +4.3543e-03, +3.9229e-02, -1.7243e-01, +7.6305e-02, -1.1685e-01, +3.3672e-02, -3.3679e-02, -7.0115e-02, -1.6732e-02, -1.4634e-01
+1.7098e-02, +3.3398e-02, -2.8606e-02, -2.4686e-01, -1.8230e-02, +5.7262e-02, -2.4834e-01, -1.0000e+00, +3.0181e-02, +8.0202e-02, -1.0187e-01, -1.4490e-01, -4.2045e-02, +5.8418e-02, +3.1006e-02, +5.9333e-02, +1.9581e-01, -1.2166e-01, -3.0831e-03, -7.1830e-02, -1.8329e-01, -5.1111e-02, +3.4423e-01, -5.3038e-02, -1.4046e-01, +1.1569e-02, +5.6542e-02, -2.4817e-01, -2.7099e-01, -1.3044e-01, -8.8053e-02, -2.9159e-02, -2.1755e-01, +2.1001e-03, +5.7365e-02, +1.7767e-02, -1.0046e-01, -1.2943e-01, -1.4306e-01, +9.2721e-02, +9.9582e-03, +8.1352e-03, -1.8986e-01, -2.6559e-02, -1.6393e-01, +7.0490e-02, -2.1797e-01, +1.7946e-01, +4.6674e-02, -3.3800e-01
-7.2033e-02, -3.0970e-02, -1.7374e-02, -7.0631e-02, -2.7020e-02, -6.0707e-02, -5.4293e-03, +3.0181e-02, -1.0000e+00, +2.4422e-04, -3.6290e-02, -8.0148e-02, +6.8149e-02, -1.1161e-03, -5.4495e-02, -5.6196e-02, -2.1944e-02, -3.3631e-02, -2.5125e-02, +5.4253e-03, +2.1463e-03, -4.1717e-02, -4.9198e-02, +1.8118e-02, +1.9313e-02, -2.6742e-02, -4.4326e-02, -3.2393e-02, -2.3948e-02, -2.7153e-03, +3.7898e-02, -8.1229e-03, +7.8281e-03, -9.7082e-03, +1.3937e-02, +3.9775e-02, +2.5847e-02, -3.2698e-02, -4.5271e-02, +1.5896e-02, -7.6182e-02, -2.1921e-02, +2.6180e-02, +1.4745e-02, +1.4122e-02, -3.8390e-02, -7.7190e-03, +8.4137e-03, -1.2264e-02, +2.3911e-02
-3.3981e-04, +6.3767e-02, +1.8016e-01, +5.9986e-02, +3.9007e-02, +1.1860e-01, +6.7618e-02, +8.0202e-02, +2.4422e-04, -1.0000e+00, -5.1922e-02, +9.3834e-02, +4.3120e-02, +5.2786e-04, +7.1056e-02, -2.6069e-02, +8.9748e-02, +1.0357e-01, +2.2116e-02, +9.3630e-03, +2.1541e-01, -6.7665e-03, +1.3731e-01, -1.7963e-01, +1.0309e-02, +4.8335e-02, -7.2607e-03, +6.0962e-02, +8.3422e-02, +5.2706e-03, -6.3631e-02, -1.0734e-01, -7.3925e-02, -2.3312e-02, +2.2945e-02, +2.6878e-01, -8.0679e-02, +7.3170e-02, +9.9021e-02, -4.0291e-03, +1.0241e-01, +1.1371e-02, +6.0220e-02, +4.7123e-02, +5.9518e-02, +7.7844e-02, +1.8953e-01, +7.3896e-02, -2.7774e-02, +8.1968e-02
-1.1148e-01, +1.8826e-02, -2.7468e-01, -1.5015e-01, -6.5860e-02, -1.7325e-01, -6.7397e-02, -1.0187e-01, -3.6290e-02, -5.1922e-02, -1.0000e+00, +7.0481e-02, -1.9423e-01, -1.0412e-02, -1.8698e-01, -1.9454e-01, -9.9112e-03, -2.2192e-01, -1.0018e-01, -7.8852e-03, -1.0640e-02, -4.3840e-02, +1.1429e-01, -1.7116e-01, -9.9426e-02, -1.8035e-02, -1.0658e-01, -3.4326e-01, -2.3404e-01, -1.3546e-01, -1.8882e-01, -4.9966e-02, +5.8481e-02, -3.8997e-02, -1.1977e-01, -2.6506e-01, -7.8270e-02, -1.6836e-01, -1.6952e-01, -1.5361e-01, -2.2184e-01, -1.0690e-01, -2.9899e-01, -1.0460e-01, -2.4402e-01, +7.7212e-02, -3.5753e-01, +3.3839e-01, +1.0089e-01, -8.1119e-03
-3.8086e-02, -5.5369e-02, +2.5314e-01, -2.6315e-01, +1.0371e-01, +1.7032e-01, +2.6645e-02, -1.4490e-01, -8.0148e-02, +9.3834e-02, +7.0481e-02, -1.0000e+00, +1.2974e-01, +1.3511e-01, -2.8908e-02, +1.4731e-01, +4.9465e-02, -2.5749e-02, -1.0581e-01, +2.7291e-02, +7.7307e-02, +5.8128e-02, +7.3806e-02, -2.0694e-02, -1.1622e-02, +1.2913e-01, +2.8340e-03, +5.0669e-02, +4.3910e-02, +4.3407e-02, -4.7453e-02, +1.0356e-01, -2.8060e-01, +1.2287e-01, +5.6881e-02, +5.5477e-02, -9.7295e-02, -3.9332e-02, -1.2399e-01, +6.6660e-02, +1.5128e-02, +5.9526e-03, +1.4142e-01, +7.6325e-02, -9.8915e-02, -1.5141e-01, +3.3786e-02, -1.4693e-01, -2.1103e-01, -1.2175e-01
-2.3198e-02, +1.1637e-01, -4.8196e-02, -1.2864e-01, -1.1418e-01, -5.8780e-02, -2.5386e-01, -4.2045e-02, +6.8149e-02, +4.3120e-02, -1.9423e-01, +1.2974e-01, -1.0000e+00, -1.0538e-01, +7.0021e-03, +6.5826e-02, +1.1455e-01, -4.6132e-04, -7.8433e-02, +8.0391e-02, +2.7623e-01, +1.6398e-01, +1.8202e-01, -5.0024e-02, +3.6409e-02, +1.2114e-01, -2.1455e-01, -1.1466e-01, -3.1885e-02, -1.1980e-02, +5.8933e-03, +7.3769e-02, -2.7892e-02, -9.8771e-02, +1.6223e-03, -1.0088e-01, +1.0642e-02, -3.3752e-02, +7.0804e-02, +1.9006e-01, -1.2696e-01, +5.1142e-02, -6.5611e-01, +2.2761e-01, +2.9954e-02, +2.9378e-02, -2.4602e-02, -4.2895e-02, +7.4306e-03, -3.5704e-02
+2.3105e-02, +5.7362e-02, +7.7982e-02, +8.1076e-02, -7.4534e-02, -1.2229e-01, -1.2544e-02, +5.8418e-02, -1.1161e-03, +5.2786e-04, -1.0412e-02, +1.3511e-01, -1.0538e-01, -1.0000e+00, -3.8857e-02, -1.5592e-02, +5.0949e-02, -5.6294e-02, -1.2836e-01, -3.4670e-02, -1.0471e-01, -1.8891e-02, +2.1308e-02, -6.5434e-03, -8.3244e-03, +1.3772e-01, -1.0928e-01, -6.5968e-04, -6.6060e-02, -8.8308e-02, -7.7201e-02, -5.4465e-02, +1.8314e-01, +5.8917e-02, -3.2275e-02, -1.7695e-01, -5.4512e-02, +6.3685e-02, -5.6772e-03, -1.0303e-01, -6.5338e-02, -3.3511e-02, -6.5441e-02, -2.1745e-02, -1.9458e-02, +5.8104e-02, -5.2985e-02, +5.1228e-02, +1.7722e-02, +3.4122e-02
-4.2028e-02, -1.2876e-02, +1.1165e-01, -1.0259e-01, -9.6263e-02, -1.7048e-01, +9.2706e-02, +3.1006e-02, -5.4495e-02, +7.1056e-02, -1.8698e-01, -2.8908e-02, +7.0021e-03, -3.8857e-02, -1.0000e+00, -7.9672e-02, -1.4310e-01, -5.8981e-02, -1.8471e-01, -1.9576e-01, +5.1621e-02, -7.0046e-02, -2.3135e-01, -1.2645e-01, -1.0010e-01, +1.0213e-01, -1.4089e-01, -2.0291e-01, -1.6770e-01, -7.9959e-02, -2.3300e-01, -4.3301e-02, +4.8706e-02, -1.4839e-01, -5.5113e-02, -1.6703e-01, +9.5780e-02, -5.9322e-02, -3.9772e-02, -4.0688e-03, -5.9600e-02, +1.8866e-02, -2.5027e-01, -1.0846e-01, -1.5265e-01, +6.4171e-03, -2.7115e-01, +3.5366e-01, +5.3620e-02, +1.2581e-01
-8.1689e-02, +3.8819e-03, -1.6973e-01, +1.7716e-01, -7.4196e-02, +4.0227e-02, +1.2140e-01, +5.9333e-02, -5.6196e-02, -2.6069e-02, -1.9454e-01, +1.4731e-01, +6.5826e-02, -1.5592e-02, -7.9672e-02, -1.0000e+00, -2.2892e-03, +4.9374e-02, +1.6544e-01, +2.9424e-01, -1.7944e-01, -9.7720e-03, -4.3104e-02, -8.8970e-02, +1.3700e-02, +9.4447e-02, -7.0125e-02, +2.9448e-03, +1.2731e-01, +2.1346e-01, +7.6695e-02, +1.5990e-01, +2.5464e-01, -2.9749e-02, -1.1378e-01, -3.2454e-01, -1.3597e-01, +4.8267e-02, -3.4297e-02, +2.0631e-01, -4.8374e-02, -1.9118e-01, +4.3452e-02, -8.3759e-02, +4.0969e-02, +1.0039e-01, +1.3386e-01, +1.0405e-01, +1.4995e-01, -8.4542e-03
-1.1042e-02, -5.3107e-02, +3.3674e-02, +1.0038e-01, +2.1928e-02, -2.0660e-02, +1.4720e-01, +1.9581e-01, -2.1944e-02, +8.9748e-02, -9.9112e-03, +4.9465e-02, +1.1455e-01, +5.0949e-02, -1.4310e-01, -2.2892e-03, -1.0000e+00, +3.6524e-02, +2.5589e-02, -4.6623e-02, +1.1737e-01, -3.3768e-02, +1.5780e-01, +1.9463e-01, +4.7189e-02, -9.1041e-03, -1.1959e-02, +7.5777e-02, +7.1916e-02, +1.3512e-02, +6.9211e-02, -1.0733e-01, -6.3108e-02, -2.8449e-02, -4.1004e-02, -9.8545e-02, +3.5433e-02, -9.6587e-02, +1.2438e-01, +5.8362e-03, -1.7032e-02, +2.0172e-02, -2.1220e-04, -1.4874e-01, +1.5332e-01, +5.6615e-02, -5.6011e-02, +9.2471e-02, -7.1867e-03, +8.0529e-02
-2.1274e-02, -1.3114e-01, -7.6181e-02, -1.3391e-01, -2.9766e-02, -1.3869e-01, -5.9871e-02, -1.2166e-01, -3.3631e-02, +1.0357e-01, -2.2192e-01, -2.5749e-02, -4.6131e-04, -5.6294e-02, -5.8981e-02, +4.9374e-02, +3.6524e-02, -1.0000e+00, -5.1331e-02, -1.1366e-01, -8.4269e-02, -7.8350e-02, +3.8678e-02, -1.1680e-01, -3.8558e-02, -6.6323e-02, -2.3200e-02, -1.6556e-01, -2.3307e-01, -1.2085e-01, -1.4263e-01, -3.9338e-02, +6.5741e-02, +1.2827e-02, -3.1033e-02, -1.2603e-01, +3.4693e-02, -2.3212e-01, -8.0096e-02, -1.4882e-01, -4.5594e-02, -6.4809e-02, -1.2551e-01, -3.7870e-02, -1.7122e-01, +6.1080e-02, -2.9533e-01, +1.9804e-01, -2.6457e-02, +4.6373e-02
+2.4780e-02, +4.2016e-03, +7.5771e-02, -1.6683e-01, -7.8995e-02, -2.5578e-01, -7.4488e-02, -3.0831e-03, -2.5125e-02, +2.2116e-02, -1.0018e-01, -1.0581e-01, -7.8433e-02, -1.2836e-01, -1.8471e-01, +1.6544e-01, +2.5589e-02, -5.1331e-02, -1.0000e+00, -1.3191e-01, -1.0552e-01, -5.6655e-02, -2.6587e-02, -5.3345e-02, -3.3767e-02, +4.8514e-02, +2.8253e-02, -1.1393e-01, -1.2857e-01, -1.0370e-01, -1.6912e-01, -8.7881e-02, -5.3857e-02, +2.0243e-02, +6.7770e-02, +4.9840e-02, +1.4706e-01, -7.0279e-02, -7.1959e-02, +4.2847e-02, -1.4692e-02, +7.4835e-02, -1.6466e-01, -4.3851e-02, -1.3577e-01, -7.8906e-02, -2.2779e-01, +1.7572e-01, -6.5697e-02, +4.9492e-02
+8.2542e-02, -4.2938e-02, -7.5088e-02, -1.3651e-01, -6.6088e-02, -7.6174e-02, -2.1401e-02, -7.1830e-02, +5.4253e-03, +9.3630e-03, -7.8852e-03, +2.7291e-02, +8.0391e-02, -3.4670e-02, -1.9576e-01, +2.9424e-01, -4.6623e-02, -1.1366e-01, -1.3191e-01, -1.0000e+00, -1.0668e-01, -1.8507e-01, -2.7701e-01, -8.8020e-02, -1.2727e-01, -9.1641e-02, -1.7038e-01, -1.5477e-01, -2.9610e-01, -2.1621e-01, -1.4862e-01, -2.6880e-01, -1.5264e-01, -7.2539e-02, +4.0377e-02, -4.1831e-02, +1.2031e-01, -1.7900e-01, -7.3817e-02, -1.1325e-01, -1.1241e-01, +6.9019e-02, -2.0421e-01, -1.0045e-01, -1.4181e-01, +1.0882e-01, -3.4114e-01, +3.9990e-01, -6.5452e-02, -4.7161e-02
-2.5992e-02, -7.4801e-03, -3.0610e-01, -8.8035e-02, -9.9399e-02, -3.0462e-01, -7.4877e-02, -1.8329e-01, +2.1463e-03, +2.1541e-01, -1.0640e-02, +7.7307e-02, +2.7623e-01, -1.0471e-01, +5.1621e-02, -1.7944e-01, +1.1737e-01, -8.4269e-02, -1.0552e-01, -1.0668e-01, -1.0000e+00, -1.3982e-01, +7.4787e-02, -1.9121e-01, -9.9362e-02, -1.3596e-01, +5.4534e-03, -2.3691e-01, -3.4486e-01, -1.2626e-01, -8.3067e-02, -1.6275e-01, -5.2435e-02, +1.0280e-01, -7.3402e-02, -1.5998e-01, -9.5820e-03, -8.8737e-02, -1.6885e-01, +3.7396e-01, -4.5200e-02, -1.9126e-01, -8.2490e-02, -2.0685e-01, -2.2164e-01, -6.9432e-02, -3.7273e-01, +4.9053e-01, -3.9163e-02, +1.9527e-02
-7.6781e-02, -7.7616e-03, -1.0861e-01, -5.3462e-02, +2.2221e-02, -8.5879e-02, +2.5954e-02, -5.1111e-02, -4.1717e-02, -6.7665e-03, -4.3840e-02, +5.8128e-02, +1.6398e-01, -1.8891e-02, -7.0046e-02, -9.7720e-03, -3.3768e-02, -7.8350e-02, -5.6655e-02, -1.8507e-01, -1.3982e-01, -1.0000e+00, -5.9206e-02, -1.5961e-01, -1.0549e-01, -1.0034e-01, +8.1907e-03, -1.3242e-01, -8.4881e-02, -4.0929e-02, -1.5293e-01, -2.1472e-01, -9.9122e-02, -4.3524e-02, +4.6648e-02, -7.0390e-02, -4.3652e-02, -9.9332e-02, -9.6610e-03, -7.4765e-03, -8.7598e-02, -7.8281e-02, -6.9391e-02, -1.2445e-01, -2.1239e-01, +1.1936e-02, -2.1099e-01, +2.8055e-01, +2.6158e-02, -5.6733e-02
+1.5378e-02, +4.1285e-02, +5.6725e-02, +9.0362e-02, +1.1451e-01, -2.9580e-02, +2.4431e-01, +3.4423e-01, -4.9198e-02, +1.3731e-01, +1.1429e-01, +7.3806e-02, +1.8202e-01, +2.1308e-02, -2.3135e-01, -4.3104e-02, +1.5780e-01, +3.8678e-02, -2.6587e-02, -2.7701e-01, +7.4787e-02, -5.9206e-02, -1.0000e+00, -4.7574e-03, +5.3017e-03, +1.9382e-02, -1.2236e-01, +3.9488e-02, +2.2801e-01, +4.5161e-02, -2.7176e-02, -1.0949e-01, +1.5796e-01, -1.2649e-01, +2.6041e-02, -1.1223e-01, +1.1224e-01, -1.0067e-01, +2.0323e-01, +2.6702e-02, -8.2478e-02, +9.1370e-03, +1.2052e-01, -1.0831e-01, +1.4179e-01, -5.9612e-02, +7.0718e-02, +1.1520e-01, +7.4994e-03, +2.3143e-01
-1.3845e-01, +2.7726e-02, -2.1346e-01, -1.7244e-01, -1.4559e-01, -1.5175e-01, -9.0344e-03, -5.3038e-02, +1.8118e-02, -1.7963e-01, -1.7116e-01, -2.0694e-02, -5.0024e-02, -6.5434e-03, -1.2645e-01, -8.8970e-02, +1.9463e-01, -1.1680e-01, -5.3345e-02, -8.8020e-02, -1.9121e-01, -1.5961e-01, -4.7574e-03, -1.0000e+00, -2.2336e-02, -9.2963e-02, -9.8143e-02, -3.1211e-01, -1.7877e-01, -1.1236e-01, -2.2664e-01, -6.3856e-02, -6.3908e-02, -4.4836e-02, -5.9671e-02, -1.1844e-01, -7.4266e-02, -1.2996e-01, -1.2342e-01, +4.5214e-02, -1.0723e-01, -8.9430e-02, -2.5466e-01, +7.9663e-03, -1.7180e-01, -7.2092e-02, -3.5628e-01, +4.0533e-01, +2.3293e-02, +2.1862e-02
+2.1842e-02, -2.0692e-02, +9.7392e-02, -1.2599e-01, -1.4481e-02, -1.0309e-01, -7.6373e-04, -1.4046e-01, +1.9313e-02, +1.0309e-02, -9.9426e-02, -1.1622e-02, +3.6409e-02, -8.3244e-03, -1.0010e-01, +1.3700e-02, +4.7189e-02, -3.8558e-02, -3.3767e-02, -1.2727e-01, -9.9362e-02, -1.0549e-01, +5.3016e-03, -2.2336e-02, -1.0000e+00, -4.6216e-02, +4.8865e-02, -1.7493e-01, -1.2235e-01, -8.3927e-02, -5.0021e-02, +4.7237e-02, +2.8204e-02, +1.4794e-02, +7.2000e-02, -1.2358e-01, -3.9201e-02, -5.6603e-02, -3.9015e-02, -8.3489e-02, -3.9457e-02, +1.7916e-02, -1.0255e-01, -1.0186e-01, -1.5120e-01, -5.7726e-02, -1.5487e-01, +1.8493e-01, +7.3152e-02, -3.1459e-02
-1.0683e-01, +7.7065e-02, -2.6479e-01, -5.3659e-02, -2.8651e-02, -1.8905e-02, -6.7683e-02, +1.1569e-02, -2.6742e-02, +4.8335e-02, -1.8035e-02, +1.2913e-01, +1.2114e-01, +1.3772e-01, +1.0213e-01, +9.4447e-02, -9.1041e-03, -6.6323e-02, +4.8514e-02, -9.1641e-02, -1.3596e-01, -1.0034e-01, +1.9382e-02, -9.2963e-02, -4.6216e-02, -1.0000e+00, +6.3495e-02, -6.3188e-02, -9.3075e-02, -1.3253e-02, -5.8291e-02, -5.4370e-02, -6.1941e-02, -2.3453e-03, +2.5881e-03, +4.8666e-02, +5.8544e-02, -4.9869e-02, -7.2943e-02, -6.3492e-02, -1.2510e-01, -4.7367e-04, -2.3118e-02, -5.9442e-02, -1.0616e-01, -7.3518e-02, -1.2505e-01, +1.1719e-01, -2.7984e-04, -5.0874e-02
-5.9916e-02, +3.4484e-03, -1.0849e-01, -1.1255e-01, -3.0158e-02, -8.8715e-02, -2.9372e-02, +5.6542e-02, -4.4326e-02, -7.2607e-03, -1.0658e-01, +2.8341e-03, -2.1455e-01, -1.0928e-01, -1.4089e-01, -7.0125e-02, -1.1959e-02, -2.3200e-02, +2.8253e-02, -1.7038e-01, +5.4534e-03, +8.1907e-03, -1.2236e-01, -9.8143e-02, +4.8865e-02, +6.3495e-02, -1.0000e+00, -1.4823e-01, -1.6375e-01, -1.6726e-01, -9.2910e-02, +4.2232e-02, +3.9085e-02, -7.0967e-02, -1.3031e-01, -2.3216e-01, -4.3009e-02, -9.8136e-02, +5.9373e-03, -6.1901e-03, -1.2518e-01, -8.6708e-02, -2.6765e-01, +4.4004e-03, -9.2008e-02, +7.8818e-02, -1.3933e-01, +1.7527e-01, -9.4682e-03, +1.2800e-01
-1.7203e-01, +8.0696e-02, -2.0065e-01, -3.0466e-01, -1.5172e-01, -1.6934e-01, -3.8114e-02, -2.4817e-01, -3.2393e-02, +6.0962e-02, -3.4326e-01, +5.0669e-02, -1.1466e-01, -6.5967e-04, -2.0291e-01, +2.9448e-03, +7.5777e-02, -1.6556e-01, -1.1393e-01, -1.5477e-01, -2.3691e-01, -1.3242e-01, +3.9488e-02, -3.1211e-01, -1.7493e-01, -6.3188e-02, -1.4823e-01, -1.0000e+00, -3.6836e-01, -1.6113e-01, -1.9679e-01, -1.0060e-01, -1.1840e-01, -1.1916e-01, -1.0315e-01, -2.4185e-01, +8.3056e-02, -2.3940e-01, -1.6851e-01, +1.0421e-01, -1.3563e-01, -7.2210e-02, -4.4038e-01, -1.4698e-01, -1.8541e-01, +4.0872e-02, -5.4859e-01, +5.7831e-01, +2.0360e-02, -1.0448e-01
-1.8847e-01, -9.8446e-02, -1.8524e-01, -3.7429e-01, -1.7268e-01, -2.7430e-01, -9.1924e-02, -2.7099e-01, -2.3948e-02, +8.3422e-02, -2.3404e-01, +4.3910e-02, -3.1885e-02, -6.6060e-02, -1.6770e-01, +1.2731e-01, +7.1916e-02, -2.3307e-01, -1.2857e-01, -2.9610e-01, -3.4486e-01, -8.4881e-02, +2.2801e-01, -1.7877e-01, -1.2235e-01, -9.3075e-02, -1.6375e-01, -3.6836e-01, -1.0000e+00, -2.4694e-01, -2.9067e-01, -2.4460e-02, -6.6727e-02, -4.8515e-02, -7.0166e-02, -1.1763e-01, +7.4307e-02, -1.9800e-01, -1.7782e-01, -4.8455e-02, -6.4634e-02, -5.0913e-02, -3.9958e-01, -8.7356e-02, -3.1928e-01, +4.0309e-02, -5.8670e-01, +5.0233e-01, +1.7291e-02, -1.6056e-02
-9.2190e-02, -6.7854e-02, +3.2652e-02, -2.3713e-01, -1.1539e-01, -1.2729e-01, -5.1341e-03, -1.3044e-01, -2.7153e-03, +5.2706e-03, -1.3546e-01, +4.3407e-02, -1.1980e-02, -8.8308e-02, -7.9959e-02, +2.1346e-01, +1.3512e-02, -1.2085e-01, -1.0370e-01, -2.1621e-01, -1.2626e-01, -4.0929e-02, +4.5161e-02, -1.1236e-01, -8.3927e-02, -1.3253e-02, -1.6726e-01, -1.6113e-01, -2.4694e-01, -1.0000e+00, -5.6491e-02, +1.2102e-02, -1.3868e-02, +2.8479e-02, -2.5042e-02, -5.6812e-02, +3.9620e-02, -6.0014e-02, +7.2604e-03, -6.6597e-02, -2.2699e-02, -2.5143e-02, -1.8540e-01, +9.6123e-03, -2.2847e-01, +1.7868e-02, -2.4500e-01, +2.4167e-01, +2.1933e-02, +2.5588e-02
-8.5810e-02, -1.1151e-02, +2.0614e-03, -1.9289e-01, -2.5458e-02, -2.2809e-01, -2.7048e-02, -8.8053e-02, +3.7898e-02, -6.3631e-02, -1.8882e-01, -4.7453e-02, +5.8933e-03, -7.7201e-02, -2.3300e-01, +7.6695e-02, +6.9211e-02, -1.4263e-01, -1.6912e-01, -1.4862e-01, -8.3067e-02, -1.5293e-01, -2.7176e-02, -2.2664e-01, -5.0021e-02, -5.8291e-02, -9.2910e-02, -1.9679e-01, -2.9067e-01, -5.6491e-02, -1.0000e+00, -7.5173e-02, +2.6161e-02, +8.6182e-03, +2.5376e-02, -9.9605e-02, +7.7833e-03, -1.7975e-01, -8.6630e-02, -1.0757e-01, -1.8387e-01, -5.4239e-02, -2.3634e-01, -9.6772e-02, -2.2837e-01, +6.4131e-03, -3.5683e-01, +3.4268e-01, -6.2083e-02, +9.2807e-02
+1.1531e-01, -1.3186e-02, -1.9080e-01, -8.5030e-03, +5.7508e-02, -1.3462e-01, -3.4339e-02, -2.9159e-02, -8.1229e-03, -1.0734e-01, -4.9966e-02, +1.0356e-01, +7.3769e-02, -5.4465e-02, -4.3301e-02, +1.5990e-01, -1.0733e-01, -3.9338e-02, -8.7881e-02, -2.6880e-01, -1.6275e-01, -2.1472e-01, -1.0949e-01, -6.3856e-02, +4.7237e-02, -5.4370e-02, +4.2232e-02, -1.0060e-01, -2.4460e-02, +1.2102e-02, -7.5173e-02, -1.0000e+00, -1.1516e-01, -1.3877e-01, +3.9611e-02, +1.3297e-01, -9.6866e-02, -6.4430e-02, +4.6675e-02, +1.5921e-01, -7.6930e-02, +2.8655e-02, -1.4717e-01, -1.4604e-01, -1.6444e-01, +4.0717e-02, -2.0579e-01, +3.2976e-01, -8.4137e-05, +2.5145e-02
-2.1490e-02, +1.9093e-02, -1.2693e-01, -8.3202e-02, +5.6776e-02, +9.1239e-02, -5.7916e-02, -2.1755e-01, +7.8281e-03, -7.3925e-02, +5.8481e-02, -2.8060e-01, -2.7892e-02, +1.8314e-01, +4.8706e-02, +2.5464e-01, -6.3108e-02, +6.5741e-02, -5.3857e-02, -1.5264e-01, -5.2435e-02, -9.9122e-02, +1.5796e-01, -6.3908e-02, +2.8204e-02, -6.1941e-02, +3.9085e-02, -1.1840e-01, -6.6727e-02, -1.3868e-02, +2.6161e-02, -1.1516e-01, -1.0000e+00, -2.1889e-01, +9.2130e-02, +2.4236e-01, +2.1676e-02, +2.5126e-02, -8.9465e-02, +4.4012e-01, +4.2450e-02, +2.7602e-02, -1.0993e-01, +1.1633e-01, -1.2478e-01, -1.2696e-01, -1.1268e-01, +1.6097e-01, -5.0219e-02, -2.7496e-01
-9.9905e-02, +1.2041e-02, -1.3039e-01, -4.1560e-02, -1.9775e-02, -2.4573e-02, +4.5541e-02, +2.1001e-03, -9.7082e-03, -2.3312e-02, -3.8997e-02, +1.2287e-01, -9.8771e-02, +5.8917e-02, -1.4839e-01, -2.9749e-02, -2.8449e-02, +1.2827e-02, +2.0243e-02, -7.2539e-02, +1.0280e-01, -4.3524e-02, -1.2649e-01, -4.4836e-02, +1.4794e-02, -2.3453e-03, -7.0967e-02, -1.1916e-01, -4.8515e-02, +2.8479e-02, +8.6182e-03, -1.3877e-01, -2.1889e-01, -1.0000e+00, +3.3985e-02, +7.6277e-02, +9.8012e-03, -5.6438e-02, -1.5026e-02, +1.0661e-01, -4.7444e-02, +6.5892e-02, -1.7993e-01, -5.8275e-03, -5.0901e-02, +5.7316e-02, -9.7803e-02, +1.4231e-01, -3.1917e-02, -4.3055e-02
-5.6331e-02, +3.7326e-02, -9.3971e-02, -1.2462e-03, -3.5040e-02, -6.2595e-02, -8.1859e-04, +5.7365e-02, +1.3937e-02, +2.2945e-02, -1.1977e-01, +5.6881e-02, +1.6223e-03, -3.2275e-02, -5.5113e-02, -1.1378e-01, -4.1004e-02, -3.1033e-02, +6.7770e-02, +4.0377e-02, -7.3402e-02, +4.6648e-02, +2.6041e-02, -5.9671e-02, +7.2000e-02, +2.5881e-03, -1.3031e-01, -1.0315e-01, -7.0166e-02, -2.5042e-02, +2.5376e-02, +3.9611e-02, +9.2130e-02, +3.3985e-02, -1.0000e+00, -1.8725e-01, -5.2247e-02, +2.9895e-02, -2.7197e-02, -3.0955e-02, +1.7481e-02, -8.0071e-02, -4.4595e-02, -6.4707e-02, +1.9937e-02, +8.1983e-02, -7.2969e-02, +9.6828e-02, +4.7311e-02, +5.2804e-02
-2.6232e-02, +5.1992e-02, -1.1558e-01, +1.9173e-02, -1.2305e-01, -1.1684e-01, +8.9580e-02, +1.7767e-02, +3.9775e-02, +2.6878e-01, -2.6506e-01, +5.5477e-02, -1.0088e-01, -1.7695e-01, -1.6703e-01, -3.2454e-01, -9.8545e-02, -1.2603e-01, +4.9840e-02, -4.1831e-02, -1.5998e-01, -7.0390e-02, -1.1223e-01, -1.1844e-01, -1.2358e-01, +4.8666e-02, -2.3216e-01, -2.4185e-01, -1.1763e-01, -5.6812e-02, -9.9605e-02, +1.3297e-01, +2.4236e-01, +7.6277e-02, -1.8725e-01, -1.0000e+00, -1.1330e-01, -1.0402e-01, -5.9681e-02, -2.4716e-01, -2.3627e-01, -2.1482e-01, -1.9597e-01, -2.1462e-01, +2.3779e-02, +1.4000e-01, -1.9911e-01, +2.7596e-01, +1.5036e-01, -9.4038e-03
-9.3198e-03, +2.3260e-02, -6.2309e-02, +5.1490e-03, -4.1279e-02, +9.9202e-02, +4.3700e-03, -1.0046e-01, +2.5847e-02, -8.0679e-02, -7.8271e-02, -9.7295e-02, +1.0642e-02, -5.4512e-02, +9.5780e-02, -1.3597e-01, +3.5433e-02, +3.4693e-02, +1.4706e-01, +1.2031e-01, -9.5820e-03, -4.3652e-02, +1.1224e-01, -7.4266e-02, -3.9201e-02, +5.8544e-02, -4.3009e-02, +8.3056e-02, +7.4307e-02, +3.9620e-02, +7.7833e-03, -9.6866e-02, +2.1676e-02, +9.8012e-03, -5.2247e-02, -1.1330e-01, -1.0000e+00, -1.0502e-03, -2.7384e-02, -1.2015e-03, -6.4357e-02, -2.5383e-02, +1.0123e-02, +2.2375e-02, -1.5386e-02, +4.8543e-02, +2.3822e-02, +2.2918e-02, +3.1272e-02, -3.6590e-02
-9.2997e-02, -1.8317e-02, -1.3685e-01, -1.3827e-01, +8.5818e-02, -1.4110e-01, -2.2037e-02, -1.2943e-01, -3.2698e-02, +7.3170e-02, -1.6836e-01, -3.9332e-02, -3.3752e-02, +6.3685e-02, -5.9322e-02, +4.8267e-02, -9.6587e-02, -2.3212e-01, -7.0279e-02, -1.7900e-01, -8.8737e-02, -9.9332e-02, -1.0067e-01, -1.2996e-01, -5.6603e-02, -4.9869e-02, -9.8136e-02, -2.3940e-01, -1.9800e-01, -6.0014e-02, -1.7975e-01, -6.4430e-02, +2.5126e-02, -5.6438e-02, +2.9895e-02, -1.0402e-01, -1.0503e-03, -1.0000e+00, -5.7337e-02, -4.3311e-02, -1.7827e-01, -4.3234e-02, -1.6658e-01, -1.2664e-01, -1.6722e-02, +4.8181e-02, -2.5695e-01, +2.6994e-01, -6.1388e-02, +3.1272e-02
-3.9136e-02, +4.3936e-02, -2.4363e-01, -1.3895e-01, -8.2125e-02, -7.7991e-02, -7.7283e-02, -1.4306e-01, -4.5271e-02, +9.9021e-02, -1.6952e-01, -1.2399e-01, +7.0804e-02, -5.6772e-03, -3.9772e-02, -3.4297e-02, +1.2438e-01, -8.0097e-02, -7.1959e-02, -7.3817e-02, -1.6885e-01, -9.6610e-03, +2.0323e-01, -1.2342e-01, -3.9015e-02, -7.2943e-02, +5.9373e-03, -1.6851e-01, -1.7782e-01, +7.2604e-03, -8.6630e-02, +4.6675e-02, -8.9465e-02, -1.5026e-02, -2.7197e-02, -5.9681e-02, -2.7384e-02, -5.7337e-02, -1.0000e+00, -1.2812e-01, -7.1696e-02, -7.1450e-03, -7.6598e-02, -4.3189e-02, -1.4860e-01, -3.5161e-02, -2.7926e-01, +1.2685e-01, +1.5953e-03, +6.7126e-03
+2.4109e-02, -5.1466e-02, +1.0202e-02, +2.0439e-02, -3.5583e-02, -1.3149e-02, +4.1488e-02, +9.2721e-02, +1.5896e-02, -4.0291e-03, -1.5361e-01, +6.6660e-02, +1.9006e-01, -1.0303e-01, -4.0688e-03, +2.0631e-01, +5.8362e-03, -1.4882e-01, +4.2847e-02, -1.1325e-01, +3.7396e-01, -7.4765e-03, +2.6702e-02, +4.5214e-02, -8.3489e-02, -6.3492e-02, -6.1901e-03, +1.0421e-01, -4.8455e-02, -6.6597e-02, -1.0757e-01, +1.5921e-01, +4.4012e-01, +1.0661e-01, -3.0955e-02, -2.4716e-01, -1.2015e-03, -4.3311e-02, -1.2812e-01, -1.0000e+00, -1.1926e-01, +1.3215e-02, +2.4647e-01, -1.4171e-01, +6.2043e-02, +6.6462e-02, +7.3266e-03, -2.5378e-01, +6.9791e-02, +5.0576e-02
-1.1739e-01, +9.3907e-02, -2.7477e-01, -6.9374e-02, -5.1872e-02, -8.7662e-02, +4.3543e-03, +9.9582e-03, -7.6182e-02, +1.0241e-01, -2.2184e-01, +1.5128e-02, -1.2696e-01, -6.5338e-02, -5.9599e-02, -4.8374e-02, -1.7032e-02, -4.5594e-02, -1.4692e-02, -1.1241e-01, -4.5200e-02, -8.7598e-02, -8.2478e-02, -1.0723e-01, -3.9457e-02, -1.2510e-01, -1.2518e-01, -1.3563e-01, -6.4634e-02, -2.2699e-02, -1.8387e-01, -7.6930e-02, +4.2450e-02, -4.7444e-02, +1.7481e-02, -2.3627e-01, -6.4357e-02, -1.7827e-01, -7.1696e-02, -1.1926e-01, -1.0000e+00, -8.1519e-02, -1.9957e-01, -1.1013e-01, -8.5043e-02, +1.4254e-02, -2.1806e-01, +2.1530e-01, +2.1384e-02, +6.9773e-02
-4.7407e-02, -1.0593e-02, -7.6669e-02, -1.7809e-02, -8.8265e-03, -2.0263e-02, +3.9229e-02, +8.1352e-03, -2.1921e-02, +1.1371e-02, -1.0690e-01, +5.9526e-03, +5.1142e-02, -3.3511e-02, +1.8866e-02, -1.9118e-01, +2.0172e-02, -6.4809e-02, +7.4835e-02, +6.9019e-02, -1.9126e-01, -7.8281e-02, +9.1370e-03, -8.9430e-02, +1.7916e-02, -4.7367e-04, -8.6708e-02, -7.2210e-02, -5.0913e-02, -2.5143e-02, -5.4239e-02, +2.8655e-02, +2.7602e-02, +6.5892e-02, -8.0071e-02, -2.1482e-01, -2.5383e-02, -4.3234e-02, -7.1450e-03, +1.3215e-02, -8.1519e-02, -1.0000e+00, +2.0889e-02, -4.5342e-02, -4.3827e-02, +7.2151e-02, -5.7775e-02, +1.2644e-01, +3.9104e-02, -1.0779e-01
-1.4061e-01, +8.2224e-02, -1.7576e-01, -2.8528e-01, -1.9441e-01, -2.3111e-01, -1.7243e-01, -1.8986e-01, +2.6180e-02, +6.0220e-02, -2.9899e-01, +1.4142e-01, -6.5611e-01, -6.5441e-02, -2.5027e-01, +4.3452e-02, -2.1220e-04, -1.2551e-01, -1.6466e-01, -2.0421e-01, -8.2490e-02, -6.9391e-02, +1.2052e-01, -2.5466e-01, -1.0255e-01, -2.3118e-02, -2.6765e-01, -4.4038e-01, -3.9958e-01, -1.8540e-01, -2.3634e-01, -1.4717e-01, -1.0993e-01, -1.7993e-01, -4.4595e-02, -1.9597e-01, +1.0123e-02, -1.6658e-01, -7.6598e-02, +2.4647e-01, -1.9957e-01, +2.0889e-02, -1.0000e+00, -4.9620e-02, -2.4073e-01, +9.5409e-02, -5.3814e-01, +5.8127e-01, +1.8199e-02, -8.3106e-02
+1.4860e-02, +4.1583e-03, -1.7380e-01, +3.9172e-02, -7.7280e-03, -8.8154e-02, +7.6305e-02, -2.6559e-02, +1.4745e-02, +4.7123e-02, -1.0460e-01, +7.6325e-02, +2.2761e-01, -2.1745e-02, -1.0846e-01, -8.3759e-02, -1.4874e-01, -3.7870e-02, -4.3851e-02, -1.0045e-01, -2.0685e-01, -1.2445e-01, -1.0831e-01, +7.9663e-03, -1.0186e-01, -5.9442e-02, +4.4004e-03, -1.4698e-01, -8.7356e-02, +9.6123e-03, -9.6772e-02, -1.4604e-01, +1.1633e-01, -5.8275e-03, -6.4707e-02, -2.1462e-01, +2.2375e-02, -1.2664e-01, -4.3189e-02, -1.4171e-01, -1.1013e-01, -4.5342e-02, -4.9620e-02, -1.0000e+00, -5.7488e-02, +1.5509e-02, -2.4186e-01, +3.1900e-01, +2.2853e-02, -2.8947e-02
-3.8478e-02, -1.0411e-01, -4.2596e-02, -2.5160e-01, -1.1028e-01, -1.7923e-01, -1.1685e-01, -1.6393e-01, +1.4123e-02, +5.9518e-02, -2.4402e-01, -9.8915e-02, +2.9954e-02, -1.9458e-02, -1.5265e-01, +4.0969e-02, +1.5332e-01, -1.7122e-01, -1.3577e-01, -1.4181e-01, -2.2164e-01, -2.1239e-01, +1.4179e-01, -1.7180e-01, -1.5120e-01, -1.0616e-01, -9.2008e-02, -1.8541e-01, -3.1928e-01, -2.2847e-01, -2.2837e-01, -1.6444e-01, -1.2478e-01, -5.0901e-02, +1.9937e-02, +2.3779e-02, -1.5386e-02, -1.6722e-02, -1.4860e-01, +6.2043e-02, -8.5043e-02, -4.3827e-02, -2.4073e-01, -5.7488e-02, -1.0000e+00, +6.9766e-02, -3.4736e-01, +3.2947e-01, -7.1685e-02, -1.3224e-01
-4.0105e-02, +2.5650e-02, -4.6387e-02, -4.8239e-02, -3.1565e-02, -5.2188e-02, +3.3672e-02, +7.0490e-02, -3.8390e-02, +7.7844e-02, +7.7212e-02, -1.5141e-01, +2.9378e-02, +5.8104e-02, +6.4171e-03, +1.0039e-01, +5.6615e-02, +6.1080e-02, -7.8906e-02, +1.0882e-01, -6.9432e-02, +1.1936e-02, -5.9612e-02, -7.2092e-02, -5.7726e-02, -7.3518e-02, +7.8818e-02, +4.0872e-02, +4.0309e-02, +1.7868e-02, +6.4131e-03, +4.0717e-02, -1.2696e-01, +5.7316e-02, +8.1983e-02, +1.4000e-01, +4.8543e-02, +4.8181e-02, -3.5161e-02, +6.6462e-02, +1.4254e-02, +7.2151e-02, +9.5408e-02, +1.5509e-02, +6.9766e-02, -1.0000e+00, +9.3831e-03, -7.2464e-02, -4.5812e-03, +3.7660e-02
-1.9113e-01, -3.3740e-02, -2.3217e-01, -3.5366e-01, -2.1457e-01, -4.2700e-01, -3.3679e-02, -2.1797e-01, -7.7190e-03, +1.8953e-01, -3.5753e-01, +3.3786e-02, -2.4602e-02, -5.2985e-02, -2.7115e-01, +1.3386e-01, -5.6011e-02, -2.9533e-01, -2.2779e-01, -3.4114e-01, -3.7273e-01, -2.1099e-01, +7.0718e-02, -3.5628e-01, -1.5487e-01, -1.2505e-01, -1.3933e-01, -5.4859e-01, -5.8670e-01, -2.4500e-01, -3.5683e-01, -2.0579e-01, -1.1268e-01, -9.7803e-02, -7.2969e-02, -1.9911e-01, +2.3822e-02, -2.5695e-01, -2.7926e-01, +7.3266e-03, -2.1806e-01, -5.7775e-02, -5.3814e-01, -2.4186e-01, -3.4736e-01, +9.3831e-03, -1.0000e+00, +7.5092e-01, -4.2855e-02, +6.1030e-03
+2.0513e-01, -2.0652e-02, +2.7315e-01, +2.8424e-01, +1.6818e-01, +3.1124e-01, -7.0115e-02, +1.7946e-01, +8.4137e-03, +7.3896e-02, +3.3839e-01, -1.4693e-01, -4.2895e-02, +5.1228e-02, +3.5366e-01, +1.0405e-01, +9.2471e-02, +1.9804e-01, +1.7572e-01, +3.9990e-01, +4.9053e-01, +2.8055e-01, +1.1520e-01, +4.0533e-01, +1.8493e-01, +1.1719e-01, +1.7527e-01, +5.7831e-01, +5.0233e-01, +2.4167e-01, +3.4268e-01, +3.2976e-01, +1.6097e-01, +1.4231e-01, +9.6828e-02, +2.7596e-01, +2.2918e-02, +2.6994e-01, +1.2685e-01, -2.5378e-01, +2.1530e-01, +1.2644e-01, +5.8127e-01, +3.1900e-01, +3.2947e-01, -7.2464e-02, +7.5092e-01, -1.0000e+00, -3.7046e-02, +1.6941e-03
+9.2774e-02, -2.9010e-02, +1.1047e-01, -7.5518e-02, +4.5664e-03, -1.2047e-02, -1.6732e-02, +4.6674e-02, -1.2264e-02, -2.7774e-02, +1.0089e-01, -2.1103e-01, +7.4306e-03, +1.7722e-02, +5.3621e-02, +1.4995e-01, -7.1867e-03, -2.6457e-02, -6.5697e-02, -6.5452e-02, -3.9163e-02, +2.6158e-02, +7.4994e-03, +2.3293e-02, +7.3152e-02, -2.7984e-04, -9.4682e-03, +2.0360e-02, +1.7291e-02, +2.1933e-02, -6.2083e-02, -8.4138e-05, -5.0219e-02, -3.1917e-02, +4.7311e-02, +1.5036e-01, +3.1272e-02, -6.1388e-02, +1.5953e-03, +6.9791e-02, +2.1384e-02, +3.9104e-02, +1.8199e-02, +2.2853e-02, -7.1685e-02, -4.5812e-03, -4.2855e-02, -3.7046e-02, -1.0000e+00, +5.3771e-02
-8.2075e-02, -5.0027e-02, -7.9900e-02, -8.0814e-02, +4.5178e-02, +1.8731e-01, -1.4634e-01, -3.3800e-01, +2.3911e-02, +8.1968e-02, -8.1119e-03, -1.2175e-01, -3.5704e-02, +3.4122e-02, +1.2581e-01, -8.4542e-03, +8.0529e-02, +4.6373e-02, +4.9492e-02, -4.7161e-02, +1.9527e-02, -5.6733e-02, +2.3143e-01, +2.1862e-02, -3.1459e-02, -5.0874e-02, +1.2800e-01, -1.0448e-01, -1.6056e-02, +2.5588e-02, +9.2807e-02, +2.5145e-02, -2.7496e-01, -4.3055e-02, +5.2804e-02, -9.4038e-03, -3.6590e-02, +3.1272e-02, +6.7126e-03, +5.0576e-02, +6.9773e-02, -1.0779e-01, -8.3106e-02, -2.8947e-02, -1.3224e-01, +3.7660e-02, +6.1030e-03, +1.6941e-03, +5.3771e-02, -1.0000e+00
