-1.0000e+00, -2.9291e-02, -4.1693e-02, -7.0421e-02, +2.0807e-02, +2.5750e-02, +2.9686e-03, -9.7950e-02, -1.7541e-01, +3.1689e-02, +5.9507e-02, -9.2105e-02, +1.0650e-01, +1.3233e-02, -4.4520e-02, -2.8895e-02, -4.3109e-02, +6.9005e-02, -3.6770e-02, +5.3014e-03, +5.6621e-02, +3.8118e-02, -2.2060e-02, +1.9845e-02, -5.8002e-02, +7.0283e-02, +5.7075e-02, -4.6805e-03, -2.5680e-02, -5.9397e-02, -7.1295e-02, -4.3680e-02, +5.5467e-02, -4.0556e-02, +5.7083e-03, -2.2201e-02, -1.0300e-02, +4.0162e-02, -3.0844e-02, -9.1365e-02, +1.0077e-01, -2.3121e-02, +1.4873e-02, -3.9479e-02, -8.3668e-02, +9.4295e-03, -8.4761e-02, +1.5697e-01, -5.3672e-02, -2.9456e-02
-2.9291e-02, -1.0000e+00, -6.5362e-02, -1.1611e-01, -1.6183e-02, -2.8207e-02, +8.4214e-02, +7.5659e-02, +7.8925e-03, +8.2171e-02, -2.8108e-04, -4.1600e-03, +1.4926e-01, +5.2083e-02, +4.8347e-02, +4.8797e-02, +5.2266e-03, -7.6387e-03, +3.9545e-02, -4.4185e-02, +5.6819e-02, -9.6718e-03, -6.6387e-02, +6.0267e-02, -2.4306e-02, +3.7096e-02, +7.1206e-02, +7.5728e-04, -1.9312e-02, +1.3544e-02, -1.5626e-02, -2.5180e-02, -7.7197e-03, -3.2452e-02, -6.6155e-02, +5.3084e-02, -6.4414e-02, -4.3369e-02, +2.2659e-02, -7.2667e-02, +3.9908e-02, -6.9863e-03, +5.5380e-02, -2.0227e-02, -1.5851e-02, -1.5758e-02, +2.0865e-02, +5.4275e-02, +1.3184e-02, +2.7092e-02
-4.1693e-02, -6.5362e-02, -1.0000e+00, -2.8974e-02, -5.9174e-02, -9.3953e-02, -1.0862e-01, -5.9441e-02, -5.9390e-02, +5.7013e-02, -5.7948e-02, -6.0245e-02, +2.6897e-02, -3.8164e-02, -1.0924e-01, +1.1457e-02, -8.8314e-03, -1.4124e-02, +6.1719e-03, -9.8298e-02, -9.4703e-02, -1.2595e-02, -5.7734e-02, -2.8766e-02, -3.6718e-02, +1.2290e-02, -3.6174e-02, -4.9438e-02, -1.0054e-01, -5.1208e-02, -1.0861e-02, +2.1641e-02, +4.3621e-02, -2.9045e-02, -5.9931e-03, +4.1562e-03, -2.9875e-02, +4.9177e-02, -2.7395e-02, -3.0783e-02, +2.5816e-02, -3.9538e-02, -3.9959e-02, -5.1455e-02, -3.6239e-02, +2.3236e-03, -9.5420e-02, +1.6319e-01, -6.6288e-04, +2.2632e-02
-7.0421e-02, -1.1611e-01, -2.8974e-02, -1.0000e+00, +4.7093e-03, -4.7383e-02, -6.8860e-02, -4.0275e-02, -2.1438e-02, +6.4847e-02, -2.2398e-02, -1.1000e-01, -4.7549e-02, -4.0936e-02, -2.6384e-03, -1.4984e-02, +6.1838e-02, -4.4495e-02, +3.5512e-02, +2.3225e-02, -9.5981e-03, +2.7438e-02, -1.0242e-02, -5.1470e-02, +2.2880e-02, -4.3388e-02, -4.5317e-02, -9.9568e-02, -4.9043e-02, -6.8223e-02, +2.0453e-02, +2.3280e-02, +1.2618e-01, +9.0656e-02, -3.5365e-03, -2.2356e-02, +7.8556e-02, -1.1255e-01, -2.2025e-02, -3.0415e-02, +2.6379e-02, -3.7076e-02, +5.9757e-02, -5.0305e-02, -8.6045e-02, +8.0291e-03, -3.4840e-03, -4.1671e-02, -4.9000e-03, +7.0516e-02
+2.0807e-02, -1.6183e-02, -5.9174e-02, +4.7093e-03, -1.0000e+00, -1.3234e-01, -5.1004e-02, +3.7674e-03, -7.6054e-02, +4.5415e-02, -1.1727e-01, -1.0479e-01, +3.8876e-02, +6.5423e-02, -1.3772e-01, +8.4570e-03, +7.0899e-02, -2.6262e-02, -3.1090e-02, -8.8449e-02, -5.6731e-02, +7.4371e-04, -1.6477e-02, -9.0887e-02, +1.7824e-02, +1.1302e-01, -3.1135e-02, -1.3659e-01, -1.7350e-01, -7.3142e-02, +2.4473e-02, +2.5347e-02, -4.6458e-03, -7.2597e-04, -9.6023e-02, -1.1394e-02, -1.5519e-02, +8.1807e-02, -7.8077e-02, -2.9291e-02, -1.0507e-03, -1.5048e-03, -7.5544e-02, -1.1660e-02, -6.3394e-02, -4.7729e-02, -1.0775e-01, +2.5161e-01, +1.0278e-02, +9.7246e-02
+2.5750e-02, -2.8207e-02, -9.3953e-02, -4.7383e-02, -1.3234e-01, -1.0000e+00, -3.7757e-03, -4.7507e-03, -5.8502e-02, +6.6715e-02, -1.6016e-01, -7.5202e-02, +1.0678e-01, -7.9120e-04, -2.2643e-01, +3.4518e-02, -3.9530e-02, -6.6407e-02, -7.5255e-02, -2.9966e-02, -1.1850e-01, +2.6595e-02, -1.1326e-01, -1.7559e-02, -3.9037e-02, +1.6298e-02, -8.0573e-02, -9.2032e-02, -1.8337e-01, -8.5811e-02, -1.0560e-01, +2.1865e-02, +5.8712e-03, +1.9887e-02, -9.3855e-02, -2.0149e-02, +6.4353e-02, -5.9111e-02, -9.1109e-02, -4.2535e-03, -3.7541e-02, -2.3229e-02, -5.4864e-02, -1.3747e-02, +3.8282e-02, -1.4920e-02, -1.6898e-01, +1.4887e-01, -9.9937e-04, +3.8536e-02
+2.9686e-03, +8.4214e-02, -1.0862e-01, -6.8860e-02, -5.1004e-02, -3.7757e-03, -1.0000e+00, +1.0872e-01, -2.1331e-02, +4.8731e-02, -4.6361e-02, -9.7943e-02, +6.1936e-02, -2.8588e-02, -1.0321e-01, +2.1942e-02, +1.2837e-01, +1.0832e-02, -5.9128e-02, -9.2506e-02, +9.1675e-02, -1.3219e-02, +1.3821e-02, +1.3643e-02, -3.3821e-02, +1.0859e-01, -2.4347e-03, -1.9595e-02, -4.9877e-02, -5.2235e-02, -4.3140e-02, +1.8807e-02, +3.0843e-02, +4.8145e-02, +8.4360e-02, -3.4071e-02, +3.6670e-03, -2.1905e-02, -1.0689e-02, -8.0751e-03, -3.3626e-02, +5.4023e-04, -4.0956e-02, -3.5919e-02, -3.9365e-03, -2.5904e-02, -7.3378e-02, +5.1637e-02, -1.1195e-02, -2.4649e-02
-9.7950e-02, +7.5659e-02, -5.9441e-02, -4.0275e-02, +3.7673e-03, -4.7507e-03, +1.0872e-01, -1.0000e+00, -3.5639e-02, +7.4787e-02, +1.4302e-02, -4.7252e-02, +3.1000e-02, -6.0583e-02, +4.4477e-02, +4.7074e-02, +1.5912e-01, +1.6393e-02, -5.0537e-02, +5.8751e-02, +2.2102e-02, +2.3127e-03, +7.3370e-03, +3.2260e-03, +1.2900e-02, -1.5345e-02, -7.0021e-02, -7.8701e-02, -2.8560e-02, -4.8849e-02, -7.6133e-02, -4.2129e-02, +8.8465e-02, +3.3868e-02, +1.0808e-02, -4.9141e-03, -7.4027e-02, -3.1898e-02, -2.2181e-03, -1.1148e-01, -3.4994e-02, +1.6931e-02, +1.1452e-01, -6.4418e-02, -1.8525e-02, +1.3182e-01, -2.8532e-02, -5.2008e-03, +5.0063e-02, -7.7866e-02
-1.7541e-01, +7.8925e-03, -5.9390e-02, -2.1438e-02, -7.6054e-02, -5.8502e-02, -2.1331e-02, -3.5639e-02, -1.0000e+00, -3.3272e-03, +9.2683e-03, -2.1932e-02, +3.8398e-03, +1.4043e-01, -9.4794e-02, +4.8161e-02, -7.2073e-02, +3.9166e-02, +7.9080e-03, -1.2320e-01, +3.4556e-02, -4.4591e-05, +4.8248e-03, +6.8233e-03, -1.1152e-01, +8.8768e-02, +7.1283e-02, +1.7897e-02, -1.0209e-01, +6.0270e-02, -2.6063e-02, -3.5457e-02, +6.7163e-02, -3.3993e-03, -1.3690e-02, +2.6431e-02, -2.2675e-02, +3.2919e-02, -3.2836e-02, -4.0665e-02, +5.5317e-02, +1.5062e-02, -1.6974e-02, +3.5744e-02, -5.5408e-02, -4.9107e-02, -1.0449e-01, +1.3826e-01, -7.0699e-02, -6.4834e-02
+3.1689e-02, +8.2171e-02, +5.7013e-02, +6.4847e-02, +4.5415e-02, +6.6715e-02, +4.8731e-02, +7.4787e-02, -3.3272e-03, -1.0000e+00, -9.0001e-02, +2.0486e-01, +1.3873e-01, -9.2622e-02, +1.1430e-01, -2.4229e-02, +9.5141e-02, +1.7747e-02, -1.4511e-03, -1.4518e-01, -1.0134e-01, -2.9786e-02, +1.2626e-01, -1.3077e-01, +2.2065e-02, +9.1211e-02, -1.2961e-02, +3.3750e-02, +4.5011e-02, +2.4961e-02, -5.8073e-02, +4.4444e-03, -1.8506e-02, -7.6852e-03, -2.2124e-02, -4.5742e-07, +3.7453e-02, +2.0868e-02, +4.4703e-02, -4.5102e-03, +6.0420e-02, +2.5716e-02, -1.5543e-03, -3.8636e-02, +3.3789e-02, +9.1999e-02, +1.1054e-01, -3.1309e-02, -6.3390e-03, +4.8942e-02
+5.9507e-02, -2.8108e-04, -5.7948e-02, -2.2398e-02, -1.1727e-01, -1.6016e-01, -4.6361e-02, +1.4302e-02, +9.2683e-03, -9.0001e-02, -1.0000e+00, -8.2336e-02, +6.3598e-02, -6.8257e-02, -2.1024e-01, -1.1768e-02, +8.8278e-02, -1.3991e-01, -1.6494e-02, -7.6523e-02, -2.0442e-01, -5.4387e-02, -4.2589e-02, +6.6821e-02, -2.0986e-02, -5.9064e-02, -5.9856e-02, -1.0026e-01, -1.8570e-01, -1.3863e-01, -7.5127e-02, -4.4222e-02, +2.6409e-02, -2.7938e-02, -5.5991e-02, +9.0245e-02, +3.8655e-02, -9.3902e-02, -4.3306e-02, +1.0142e-01, -6.5386e-02, -4.2383e-02, -1.2015e-01, -3.8631e-02, -1.1743e-01, +1.0181e-02, -1.5903e-01, +3.2373e-01, -7.9388e-02, +1.2474e-01
-9.2105e-02, -4.1600e-03, -6.0245e-02, -1.1000e-01, -1.0479e-01, -7.5202e-02, -9.7943e-02, -4.7252e-02, -2.1932e-02, +2.0486e-01, -8.2336e-02, -1.0000e+00, +4.8737e-02, +1.2107e-03, -8.5939e-02, -3.8905e-03, +2.7293e-01, -3.1627e-02, -2.7705e-02, +2.5378e-03, -7.0241e-03, -4.3943e-02, +5.9118e-02, +4.7159e-03, -1.0923e-01, -3.7511e-03, -1.5068e-02, -7.6606e-02, -1.3735e-01, -5.3010e-02, +6.8603e-03, -5.0070e-02, +1.5091e-01, -7.9934e-02, -8.8661e-02, +3.2591e-02, -3.9922e-02, -1.2205e-02, -1.3960e-02, -1.2971e-01, +2.1827e-02, +3.8102e-03, +4.0586e-03, +6.8271e-02, -7.6409e-02, -7.3011e-03, -9.3725e-03, +2.1972e-01, -8.6523e-02, +1.7440e-01
+1.0650e-01, +1.4926e-01, +2.6897e-02, -4.7549e-02, +3.8876e-02, +1.0678e-01, +6.1936e-02, +3.1000e-02, +3.8398e-03, +1.3873e-01, +6.3598e-02, +4.8737e-02, -1.0000e+00, -9.7445e-02, +8.9255e-02, +1.6191e-02, +2.0703e-01, +1.9996e-02, -7.9355e-02, +2.3898e-01, +7.0406e-02, +7.4086e-02, +1.3553e-02, +9.7210e-03, -4.1308e-02, -2.1085e-01, -9.8244e-02, +2.4980e-02, +1.6481e-02, +1.4321e-02, +2.1227e-02, -7.2259e-02, +1.8774e-01, +1.4001e-02, +3.1655e-03, -5.3613e-02, +1.6186e-02, +1.1628e-01, +1.6707e-02, +2.8408e-02, -3.3281e-02, +8.8163e-02, +4.9493e-02, -8.9441e-02, -1.5360e-01, -3.3051e-02, -8.9903e-03, -3.0319e-01, +9.1688e-03, +1.1203e-02
+1.3233e-02, +5.2083e-02, -3.8164e-02, -4.0936e-02, +6.5422e-02, -7.9120e-04, -2.8588e-02, -6.0583e-02, +1.4043e-01, -9.2622e-02, -6.8257e-02, +1.2107e-03, -9.7445e-02, -1.0000e+00, +5.7879e-02, +2.6979e-02, +3.0001e-01, -2.0200e-02, -1.5993e-01, +1.0868e-01, -6.9181e-03, -8.2129e-02, -8.3879e-02, +2.8657e-02, +4.8263e-02, -1.1432e-01, -1.0219e-01, -2.1809e-02, +6.8377e-02, -9.8981e-02, -5.7204e-02, -6.9660e-02, +2.9642e-02, +7.9703e-02, +5.5455e-02, -4.4147e-02, +8.1319e-02, +6.3883e-02, +4.4509e-02, +5.4554e-02, -4.3889e-02, +5.5071e-02, +1.1011e-01, -1.0634e-01, +2.9877e-02, +1.0320e-02, -1.6454e-02, -1.9067e-01, +1.4995e-02, -3.6690e-02
-4.4520e-02, +4.8347e-02, -1.0924e-01, -2.6384e-03, -1.3772e-01, -2.2643e-01, -1.0321e-01, +4.4477e-02, -9.4794e-02, +1.1430e-01, -2.1024e-01, -8.5939e-02, +8.9255e-02, +5.7879e-02, -1.0000e+00, +3.4140e-02, -6.5496e-02, -4.1761e-02, -4.9417e-02, -1.3737e-01, -6.7964e-02, -7.1860e-02, -3.9691e-02, -1.4972e-01, -9.8959e-02, +3.7830e-02, -1.3040e-01, -2.7219e-02, -1.2230e-01, -3.7817e-02, -1.4115e-01, -7.7744e-04, -4.2182e-02, -1.9402e-02, -8.8919e-02, +2.1820e-02, +1.0479e-01, -3.4902e-02, -8.5149e-02, +2.1554e-01, -1.0622e-01, +1.8883e-02, -2.2415e-01, -3.6261e-02, -1.6557e-02, -6.9878e-02, -1.2002e-01, +3.1382e-01, -7.9319e-02, +1.2192e-01
-2.8895e-02, +4.8797e-02, +1.1457e-02, -1.4984e-02, +8.4570e-03, +3.4518e-02, +2.1942e-02, +4.7074e-02, +4.8161e-02, -2.4229e-02, -1.1768e-02, -3.8905e-03, +1.6191e-02, +2.6979e-02, +3.4140e-02, -1.0000e+00, -1.2937e-02, -1.5961e-02, -1.1752e-02, +2.6571e-02, -3.4425e-02, +8.5614e-02, +4.0733e-03, +2.6478e-02, +2.5411e-02, -1.1874e-03, +2.7995e-02, -4.3274e-02, -2.1887e-02, -3.1532e-02, -6.0067e-02, -4.9675e-02, -8.6173e-02, -9.0667e-02, -1.4159e-02, +6.8323e-02, -1.2758e-04, +3.4077e-02, -7.9617e-03, -1.5463e-02, -8.4614e-03, +5.3212e-02, +3.0143e-03, +4.1462e-03, +3.5231e-03, -2.4862e-02, +1.0274e-02, +7.5380e-02, +4.6424e-02, +2.8798e-02
-4.3109e-02, +5.2266e-03, -8.8314e-03, +6.1838e-02, +7.0899e-02, -3.9529e-02, +1.2837e-01, +1.5912e-01, -7.2073e-02, +9.5141e-02, +8.8278e-02, +2.7293e-01, +2.0703e-01, +3.0001e-01, -6.5496e-02, -1.2937e-02, -1.0000e+00, +3.3584e-02, +1.5562e-01, -1.5324e-01, -2.2577e-01, -4.4230e-02, +1.9241e-02, +5.1479e-02, +3.8470e-03, +6.6031e-02, +7.6271e-02, +3.9138e-02, +1.2324e-01, +3.0206e-02, +1.1423e-01, -1.7703e-02, +1.7736e-03, +4.3068e-02, +2.6589e-02, +4.6499e-04, +4.5330e-02, -3.6529e-02, +4.8915e-02, -7.8552e-02, -2.3182e-02, -6.9567e-02, -1.9296e-01, -4.8817e-02, +1.5172e-01, +5.9421e-02, +1.8841e-02, -1.8886e-01, -2.0335e-02, +3.1639e-03
+6.9005e-02, -7.6387e-03, -1.4124e-02, -4.4495e-02, -2.6262e-02, -6.6407e-02, +1.0832e-02, +1.6393e-02, +3.9166e-02, +1.7747e-02, -1.3991e-01, -3.1627e-02, +1.9996e-02, -2.0200e-02, -4.1761e-02, -1.5961e-02, +3.3584e-02, -1.0000e+00, +2.8178e-02, -6.0278e-02, -3.3820e-02, -8.2596e-03, -4.5840e-02, +8.6251e-02, +3.5068e-02, -6.3932e-02, -2.4583e-02, -3.2548e-02, -5.1127e-02, -5.8049e-02, -2.0690e-02, +6.4730e-02, +7.0853e-03, -6.6015e-02, +5.6862e-03, +3.3225e-02, +1.8133e-02, -8.5387e-02, -1.3700e-02, +4.7140e-02, -3.5360e-02, +1.6626e-02, +4.6026e-02, +8.0658e-03, +1.2734e-02, +1.7564e-02, -8.1825e-02, +5.3279e-02, -6.6680e-03, +6.9364e-02
-3.6770e-02, +3.9545e-02, +6.1719e-03, +3.5512e-02, -3.1090e-02, -7.5255e-02, -5.9128e-02, -5.0537e-02, +7.9080e-03, -1.4511e-03, -1.6494e-02, -2.7705e-02, -7.9355e-02, -1.5993e-01, -4.9417e-02, -1.1752e-02, +1.5562e-01, +2.8178e-02, -1.0000e+00, +5.9913e-02, +3.0259e-02, -5.7417e-03, -1.6690e-02, -6.7728e-02, +3.5794e-02, -6.3687e-02, -6.2593e-02, -1.1991e-02, -3.1209e-02, -2.8206e-02, -5.2809e-02, -3.2064e-02, +8.8874e-02, +1.9588e-02, +1.2447e-02, -4.2224e-02, +9.9417e-02, +6.7326e-02, -1.0701e-01, +1.8384e-02, +4.3889e-03, -1.1179e-02, +6.2254e-02, -1.0430e-02, -2.1729e-03, -1.1647e-01, -1.1441e-01, -6.0363e-02, +4.7941e-03, -2.4179e-02
+5.3014e-03, -4.4185e-02, -9.8298e-02, +2.3225e-02, -8.8449e-02, -2.9966e-02, -9.2506e-02, +5.8751e-02, -1.2320e-01, -1.4518e-01, -7.6523e-02, +2.5378e-03, +2.3898e-01, +1.0868e-01, -1.3737e-01, +2.6571e-02, -1.5324e-01, -6.0278e-02, +5.9913e-02, -1.0000e+00, +6.6877e-02, -4.8323e-02, +1.0303e-02, -6.1261e-02, -2.1786e-03, +4.2170e-02, +2.2041e-02, -8.8230e-02, -9.6459e-02, -3.4318e-02, -6.4116e-02, -2.6509e-02, -5.0926e-02, -4.5263e-02, +2.7871e-03, +3.3618e-02, -2.9362e-02, -4.8808e-02, +9.0639e-03, -9.0772e-02, -6.6603e-02, +5.2030e-02, -3.1134e-02, +5.8954e-02, +1.3813e-02, +4.3005e-02, -1.8083e-01, +3.4260e-01, -7.4994e-02, -2.6117e-02
+5.6621e-02, +5.6819e-02, -9.4703e-02, -9.5981e-03, -5.6731e-02, -1.1850e-01, +9.1675e-02, +2.2102e-02, +3.4556e-02, -1.0134e-01, -2.0442e-01, -7.0241e-03, +7.0406e-02, -6.9181e-03, -6.7964e-02, -3.4425e-02, -2.2577e-01, -3.3820e-02, +3.0259e-02, +6.6877e-02, -1.0000e+00, -1.2405e-01, -1.0984e-02, -2.1155e-02, -5.7076e-02, +3.7745e-02, -4.2937e-02, -5.5621e-02, -9.0999e-02, -1.4308e-01, +6.0957e-02, +1.7378e-02, +8.5155e-02, +1.9296e-02, -8.2947e-02, +3.0044e-02, +9.4410e-02, -1.0762e-01, +5.6820e-02, -9.6932e-02, -9.6733e-02, +7.3175e-02, -1.9644e-01, -1.3141e-01, -1.8197e-02, -7.8844e-02, -2.8097e-02, +1.0271e-01, -2.0310e-02, +5.5603e-02
+3.8118e-02, -9.6718e-03, -1.2595e-02, +2.7438e-02, +7.4372e-04, +2.6595e-02, -1.3219e-02, +2.3127e-03, -4.4594e-05, -2.9786e-02, -5.4387e-02, -4.3943e-02, +7.4086e-02, -8.2129e-02, -7.1860e-02, +8.5614e-02, -4.4230e-02, -8.2596e-03, -5.7417e-03, -4.8323e-02, -1.2405e-01, -1.0000e+00, -2.9301e-02, +8.5352e-03, +2.4440e-02, +5.9186e-02, +1.1144e-02, -3.0485e-02, +3.9923e-02, -7.1377e-03, +4.4335e-02, +1.3857e-01, +5.5669e-02, +6.0481e-02, -3.9816e-03, -3.9612e-02, -6.3130e-04, +5.5832e-03, -2.6632e-03, +9.6010e-02, +2.2465e-02, +8.7192e-03, -1.4781e-01, -3.0579e-03, +6.1608e-03, +4.1202e-02, -1.0879e-01, +8.5574e-02, -5.6289e-02, -5.5892e-02
-2.2060e-02, -6.6387e-02, -5.7734e-02, -1.0242e-02, -1.6477e-02, -1.1326e-01, +1.3821e-02, +7.3370e-03, +4.8247e-03, +1.2626e-01, -4.2589e-02, +5.9118e-02, +1.3553e-02, -8.3879e-02, -3.9691e-02, +4.0733e-03, +1.9241e-02, -4.5840e-02, -1.6690e-02, +1.0303e-02, -1.0984e-02, -2.9301e-02, -1.0000e+00, -3.1540e-02, -1.2207e-02, -5.0983e-02, -3.0247e-02, -6.8699e-02, -1.4422e-02, -4.7788e-02, -1.1552e-01, -7.3162e-02, +1.8918e-02, -1.6625e-02, -1.3542e-02, -4.4486e-02, +6.1503e-02, -5.1985e-02, -1.1629e-01, +1.0256e-02, -9.4561e-02, -2.0354e-02, -8.6375e-02, +7.1798e-03, -1.1086e-01, -8.5406e-03, -6.2365e-02, +9.6271e-02, +1.4392e-02, +1.7147e-03
+1.9845e-02, +6.0267e-02, -2.8766e-02, -5.1470e-02, -9.0887e-02, -1.7559e-02, +1.3643e-02, +3.2260e-03, +6.8233e-03, -1.3077e-01, +6.6821e-02, +4.7159e-03, +9.7210e-03, +2.8657e-02, -1.4972e-01, +2.6478e-02, +5.1479e-02, +8.6251e-02, -6.7728e-02, -6.1261e-02, -2.1155e-02, +8.5352e-03, -3.1540e-02, -1.0000e+00, -6.3784e-03, -7.2061e-02, -7.1561e-02, -1.3791e-02, +6.6057e-02, -5.1084e-02, -1.4589e-01, -9.3141e-03, +3.1601e-02, +1.9488e-02, -1.2067e-01, -3.1246e-02, +2.7913e-02, +7.6034e-02, -4.4750e-03, +4.5814e-02, +1.1334e-03, -3.2448e-03, +2.7271e-02, -2.5178e-02, -2.6598e-02, -7.8682e-02, -4.8813e-02, +1.3023e-01, +1.9119e-02, +9.3233e-03
-5.8002e-02, -2.4306e-02, -3.6718e-02, +2.2880e-02, +1.7824e-02, -3.9037e-02, -3.3821e-02, +1.2900e-02, -1.1152e-01, +2.2065e-02, -2.0986e-02, -1.0923e-01, -4.1308e-02, +4.8263e-02, -9.8959e-02, +2.5411e-02, +3.8470e-03, +3.5068e-02, +3.5794e-02, -2.1786e-03, -5.7076e-02, +2.4440e-02, -1.2207e-02, -6.3784e-03, -1.0000e+00, -1.4804e-04, -6.3738e-02, -3.9044e-02, -8.3135e-02, -8.6061e-03, -4.5713e-02, -7.7458e-02, +6.2731e-02, -5.8443e-02, -6.4875e-02, +3.5911e-02, -4.5215e-02, -5.8167e-02, -7.8647e-03, +1.0400e-02, +1.8647e-05, -1.0570e-02, -1.7982e-02, -6.6662e-02, -9.9546e-02, -3.6153e-03, -7.3066e-02, +1.1041e-01, -3.0301e-02, +8.2522e-02
+7.0283e-02, +3.7096e-02, +1.2290e-02, -4.3388e-02, +1.1302e-01, +1.6298e-02, +1.0859e-01, -1.5345e-02, +8.8768e-02, +9.1211e-02, -5.9064e-02, -3.7511e-03, -2.1085e-01, -1.1432e-01, +3.7830e-02, -1.1874e-03, +6.6031e-02, -6.3932e-02, -6.3687e-02, +4.2170e-02, +3.7745e-02, +5.9186e-02, -5.0983e-02, -7.2061e-02, -1.4804e-04, -1.0000e+00, -6.7395e-02, +8.6829e-03, +9.6671e-04, -7.1791e-02, -5.3625e-02, -4.7055e-02, +1.1312e-01, -4.4851e-02, +5.3773e-02, -2.8234e-02, +4.9422e-02, +1.1153e-02, +2.1408e-02, +2.8146e-02, -9.4400e-02, -1.0286e-02, +2.8301e-02, -4.5740e-02, -7.3508e-02, -5.2519e-02, -7.9351e-02, -9.9751e-02, -1.4654e-03, +1.1203e-01
+5.7075e-02, +7.1206e-02, -3.6174e-02, -4.5317e-02, -3.1135e-02, -8.0573e-02, -2.4347e-03, -7.0021e-02, +7.1283e-02, -1.2961e-02, -5.9856e-02, -1.5068e-02, -9.8244e-02, -1.0219e-01, -1.3040e-01, +2.7995e-02, +7.6271e-02, -2.4583e-02, -6.2593e-02, +2.2041e-02, -4.2937e-02, +1.1144e-02, -3.0247e-02, -7.1561e-02, -6.3738e-02, -6.7395e-02, -1.0000e+00, +3.4339e-02, -5.0822e-02, -6.8815e-02, -8.6542e-02, +1.3772e-03, +1.4491e-01, +1.5995e-02, +3.1142e-03, -6.3706e-02, +3.4167e-02, +4.1712e-02, -8.2568e-02, +1.9143e-01, -3.4989e-02, +2.7325e-02, -1.0924e-02, -7.8924e-02, -4.9366e-02, +1.1598e-02, -7.3491e-02, -1.1597e-01, +7.8059e-03, -1.2439e-02
-4.6805e-03, +7.5728e-04, -4.9438e-02, -9.9568e-02, -1.3659e-01, -9.2032e-02, -1.9595e-02, -7.8701e-02, +1.7897e-02, +3.3749e-02, -1.0026e-01, -7.6606e-02, +2.4980e-02, -2.1809e-02, -2.7219e-02, -4.3274e-02, +3.9138e-02, -3.2548e-02, -1.1991e-02, -8.8230e-02, -5.5621e-02, -3.0485e-02, -6.8699e-02, -1.3791e-02, -3.9044e-02, +8.6829e-03, +3.4339e-02, -1.0000e+00, -1.0481e-01, -6.9194e-02, -3.2065e-02, -8.3002e-02, +6.8529e-04, +1.3189e-02, -6.4598e-02, +1.2010e-01, +1.3681e-02, -6.9542e-02, -4.1063e-02, -1.7965e-01, -7.8592e-03, +3.8419e-02, -3.7314e-02, +6.2015e-02, -2.1785e-02, -7.3111e-03, -1.0778e-01, +2.2046e-01, -1.4758e-03, -1.0702e-02
-2.5680e-02, -1.9312e-02, -1.0054e-01, -4.9043e-02, -1.7350e-01, -1.8337e-01, -4.9877e-02, -2.8560e-02, -1.0209e-01, +4.5011e-02, -1.8570e-01, -1.3735e-01, +1.6481e-02, +6.8377e-02, -1.2230e-01, -2.1887e-02, +1.2324e-01, -5.1127e-02, -3.1209e-02, -9.6459e-02, -9.0999e-02, +3.9923e-02, -1.4422e-02, +6.6057e-02, -8.3135e-02, +9.6671e-04, -5.0822e-02, -1.0481e-01, -1.0000e+00, -5.4231e-02, -1.4015e-01, -4.4734e-02, +6.2483e-03, -5.7145e-03, -1.1212e-01, +8.7278e-03, +1.3138e-02, -4.4179e-02, -5.8659e-02, -1.0986e-01, -1.2007e-02, +4.5311e-02, -7.6712e-02, -1.2033e-02, -6.5182e-02, -1.4625e-02, -1.6244e-01, +3.0558e-01, +1.4904e-02, +7.4095e-02
-5.9397e-02, +1.3544e-02, -5.1208e-02, -6.8223e-02, -7.3142e-02, -8.5811e-02, -5.2235e-02, -4.8849e-02, +6.0270e-02, +2.4961e-02, -1.3863e-01, -5.3010e-02, +1.4321e-02, -9.8982e-02, -3.7817e-02, -3.1532e-02, +3.0206e-02, -5.8049e-02, -2.8206e-02, -3.4318e-02, -1.4308e-01, -7.1376e-03, -4.7788e-02, -5.1084e-02, -8.6062e-03, -7.1791e-02, -6.8815e-02, -6.9194e-02, -5.4231e-02, -1.0000e+00, -8.3047e-02, +1.3333e-02, +4.9743e-02, +1.8129e-02, -1.2512e-02, +3.2018e-02, -2.2414e-02, +3.2774e-02, -2.1789e-03, -7.4921e-02, -8.6112e-02, -1.5249e-02, -4.0243e-02, -1.7503e-02, -2.5879e-02, -2.7731e-02, -9.6520e-02, +1.3838e-01, +7.1174e-04, +6.1220e-02
-7.1295e-02, -1.5626e-02, -1.0861e-02, +2.0453e-02, +2.4473e-02, -1.0560e-01, -4.3140e-02, -7.6133e-02, -2.6063e-02, -5.8073e-02, -7.5127e-02, +6.8603e-03, +2.1227e-02, -5.7204e-02, -1.4115e-01, -6.0067e-02, +1.1423e-01, -2.0690e-02, -5.2809e-02, -6.4116e-02, +6.0958e-02, +4.4335e-02, -1.1552e-01, -1.4589e-01, -4.5713e-02, -5.3625e-02, -8.6542e-02, -3.2065e-02, -1.4015e-01, -8.3047e-02, -1.0000e+00, +7.9931e-04, -1.0772e-02, -2.8984e-02, +3.0104e-02, -4.7233e-02, +2.5489e-02, +1.4253e-02, -5.2157e-02, +8.9305e-02, -3.0090e-02, -3.8302e-02, -3.3431e-02, +1.3779e-02, -6.8656e-02, -4.7258e-02, -6.9339e-02, +2.4125e-01, -4.6421e-02, -5.8459e-03
-4.3680e-02, -2.5180e-02, +2.1641e-02, +2.3280e-02, +2.5347e-02, +2.1865e-02, +1.8807e-02, -4.2129e-02, -3.5457e-02, +4.4444e-03, -4.4222e-02, -5.0070e-02, -7.2259e-02, -6.9660e-02, -7.7744e-04, -4.9675e-02, -1.7703e-02, +6.4730e-02, -3.2064e-02, -2.6509e-02, +1.7378e-02, +1.3857e-01, -7.3162e-02, -9.3140e-03, -7.7458e-02, -4.7055e-02, +1.3772e-03, -8.3002e-02, -4.4735e-02, +1.3333e-02, +7.9932e-04, -1.0000e+00, +1.1798e-01, -2.4669e-02, -6.7123e-02, +4.2655e-02, +3.7371e-02, +2.1633e-02, +1.9055e-02, -1.9649e-01, -2.7128e-02, -5.5083e-02, -3.9727e-02, -5.0077e-02, -8.8559e-02, +1.5696e-02, -4.6049e-02, +4.8547e-02, +1.3319e-02, +5.5906e-02
+5.5467e-02, -7.7197e-03, +4.3621e-02, +1.2618e-01, -4.6458e-03, +5.8712e-03, +3.0843e-02, +8.8465e-02, +6.7163e-02, -1.8506e-02, +2.6409e-02, +1.5091e-01, +1.8774e-01, +2.9642e-02, -4.2182e-02, -8.6173e-02, +1.7736e-03, +7.0854e-03, +8.8874e-02, -5.0926e-02, +8.5155e-02, +5.5669e-02, +1.8918e-02, +3.1601e-02, +6.2731e-02, +1.1312e-01, +1.4491e-01, +6.8528e-04, +6.2483e-03, +4.9743e-02, -1.0772e-02, +1.1798e-01, -1.0000e+00, +2.0761e-02, +4.6297e-02, +2.9437e-02, +5.9667e-02, -7.2729e-02, +4.3452e-02, +3.1010e-01, -4.5719e-02, -6.3454e-02, -1.4294e-02, +6.9915e-02, +5.5956e-01, -1.3195e-01, -2.3827e-02, +2.0382e-01, +5.5100e-03, +2.3277e-01
-4.0556e-02, -3.2452e-02, -2.9045e-02, +9.0656e-02, -7.2598e-04, +1.9887e-02, +4.8145e-02, +3.3868e-02, -3.3993e-03, -7.6852e-03, -2.7938e-02, -7.9934e-02, +1.4001e-02, +7.9703e-02, -1.9402e-02, -9.0667e-02, +4.3068e-02, -6.6015e-02, +1.9588e-02, -4.5263e-02, +1.9296e-02, +6.0481e-02, -1.6625e-02, +1.9488e-02, -5.8443e-02, -4.4851e-02, +1.5995e-02, +1.3189e-02, -5.7145e-03, +1.8129e-02, -2.8984e-02, -2.4669e-02, +2.0761e-02, -1.0000e+00, -3.0327e-02, -2.5876e-02, -1.0957e-02, -1.8653e-02, +2.7791e-02, +5.8888e-03, -2.5096e-02, -2.1337e-02, -3.8790e-02, +3.7186e-03, -1.1432e-01, +7.7638e-02, +4.7636e-02, +1.1045e-01, -4.3972e-02, -1.5315e-02
+5.7083e-03, -6.6155e-02, -5.9932e-03, -3.5365e-03, -9.6023e-02, -9.3855e-02, +8.4360e-02, +1.0808e-02, -1.3690e-02, -2.2124e-02, -5.5991e-02, -8.8661e-02, +3.1655e-03, +5.5455e-02, -8.8919e-02, -1.4159e-02, +2.6589e-02, +5.6863e-03, +1.2447e-02, +2.7871e-03, -8.2947e-02, -3.9816e-03, -1.3542e-02, -1.2067e-01, -6.4875e-02, +5.3773e-02, +3.1142e-03, -6.4598e-02, -1.1212e-01, -1.2512e-02, +3.0104e-02, -6.7123e-02, +4.6297e-02, -3.0327e-02, -1.0000e+00, +1.9419e-03, -2.8192e-02, +3.4568e-02, -1.1472e-02, -1.1553e-01, +3.2556e-02, +2.1347e-02, -5.6843e-02, -3.2694e-02, -3.2647e-02, -8.6358e-02, -6.7542e-02, +1.6860e-01, +1.1173e-02, +3.0933e-02
-2.2201e-02, +5.3084e-02, +4.1562e-03, -2.2356e-02, -1.1394e-02, -2.0149e-02, -3.4071e-02, -4.9141e-03, +2.6431e-02, -4.5758e-07, +9.0245e-02, +3.2591e-02, -5.3613e-02, -4.4147e-02, +2.1820e-02, +6.8323e-02, +4.6499e-04, +3.3225e-02, -4.2224e-02, +3.3618e-02, +3.0044e-02, -3.9612e-02, -4.4486e-02, -3.1246e-02, +3.5911e-02, -2.8234e-02, -6.3706e-02, +1.2010e-01, +8.7279e-03, +3.2018e-02, -4.7233e-02, +4.2655e-02, +2.9437e-02, -2.5876e-02, +1.9419e-03, -1.0000e+00, -1.0493e-02, +3.3483e-02, -9.6378e-03, -1.1032e-02, -1.6313e-02, +5.1564e-02, -1.4461e-02, -5.2266e-02, +3.1947e-02, -6.2988e-02, +1.8870e-02, -1.4238e-01, -2.0121e-02, +2.3847e-03
-1.0300e-02, -6.4414e-02, -2.9875e-02, +7.8556e-02, -1.5519e-02, +6.4353e-02, +3.6670e-03, -7.4027e-02, -2.2675e-02, +3.7453e-02, +3.8655e-02, -3.9922e-02, +1.6186e-02, +8.1319e-02, +1.0479e-01, -1.2758e-04, +4.5330e-02, +1.8133e-02, +9.9417e-02, -2.9362e-02, +9.4410e-02, -6.3130e-04, +6.1503e-02, +2.7913e-02, -4.5215e-02, +4.9422e-02, +3.4166e-02, +1.3681e-02, +1.3138e-02, -2.2414e-02, +2.5489e-02, +3.7371e-02, +5.9667e-02, -1.0957e-02, -2.8192e-02, -1.0493e-02, -1.0000e+00, +5.2615e-02, +4.6436e-03, -1.2571e-01, +3.6450e-02, +4.8280e-02, -1.2519e-03, -2.1583e-02, -8.1363e-02, +8.3290e-02, +4.4830e-02, +1.4237e-01, -3.0358e-02, -8.2126e-02
+4.0162e-02, -4.3369e-02, +4.9177e-02, -1.1255e-01, +8.1807e-02, -5.9111e-02, -2.1905e-02, -3.1898e-02, +3.2919e-02, +2.0868e-02, -9.3902e-02, -1.2205e-02, +1.1628e-01, +6.3883e-02, -3.4902e-02, +3.4077e-02, -3.6529e-02, -8.5387e-02, +6.7326e-02, -4.8808e-02, -1.0762e-01, +5.5832e-03, -5.1985e-02, +7.6034e-02, -5.8167e-02, +1.1153e-02, +4.1712e-02, -6.9542e-02, -4.4179e-02, +3.2774e-02, +1.4253e-02, +2.1633e-02, -7.2729e-02, -1.8653e-02, +3.4568e-02, +3.3483e-02, +5.2615e-02, -1.0000e+00, +2.5771e-02, +6.4576e-02, -6.6683e-02, +3.5570e-02, +4.3832e-02, -6.8063e-02, +4.3421e-02, +7.7072e-02, -1.1055e-02, +6.7467e-02, +5.1394e-03, +1.1403e-01
-3.0844e-02, +2.2659e-02, -2.7395e-02, -2.2025e-02, -7.8077e-02, -9.1109e-02, -1.0689e-02, -2.2181e-03, -3.2836e-02, +4.4703e-02, -4.3306e-02, -1.3960e-02, +1.6707e-02, +4.4509e-02, -8.5149e-02, -7.9617e-03, +4.8915e-02, -1.3700e-02, -1.0701e-01, +9.0639e-03, +5.6820e-02, -2.6632e-03, -1.1629e-01, -4.4750e-03, -7.8647e-03, +2.1408e-02, -8.2568e-02, -4.1063e-02, -5.8659e-02, -2.1789e-03, -5.2157e-02, +1.9055e-02, +4.3452e-02, +2.7791e-02, -1.1472e-02, -9.6378e-03, +4.6436e-03, +2.5771e-02, -1.0000e+00, +8.0500e-02, +3.1402e-02, -5.1188e-03, +2.8758e-02, +4.7407e-04, -1.6148e-02, -3.6540e-03, -1.3251e-01, +5.7740e-02, -4.8496e-02, -1.8441e-02
-9.1365e-02, -7.2667e-02, -3.0783e-02, -3.0415e-02, -2.9291e-02, -4.2535e-03, -8.0751e-03, -1.1148e-01, -4.0665e-02, -4.5102e-03, +1.0142e-01, -1.2971e-01, +2.8408e-02, +5.4554e-02, +2.1554e-01, -1.5463e-02, -7.8552e-02, +4.7140e-02, +1.8384e-02, -9.0772e-02, -9.6932e-02, +9.6010e-02, +1.0256e-02, +4.5814e-02, +1.0400e-02, +2.8146e-02, +1.9143e-01, -1.7965e-01, -1.0986e-01, -7.4921e-02, +8.9305e-02, -1.9649e-01, +3.1010e-01, +5.8888e-03, -1.1553e-01, -1.1032e-02, -1.2571e-01, +6.4576e-02, +8.0500e-02, -1.0000e+00, +7.1760e-02, +2.8338e-02, +6.5185e-02, -2.3229e-02, -2.3321e-01, +9.7893e-03, +1.0338e-01, +2.1007e-01, +6.6613e-02, -3.8161e-02
+1.0077e-01, +3.9908e-02, +2.5816e-02, +2.6379e-02, -1.0507e-03, -3.7541e-02, -3.3626e-02, -3.4994e-02, +5.5317e-02, +6.0420e-02, -6.5386e-02, +2.1827e-02, -3.3281e-02, -4.3889e-02, -1.0622e-01, -8.4614e-03, -2.3182e-02, -3.5360e-02, +4.3889e-03, -6.6603e-02, -9.6733e-02, +2.2465e-02, -9.4561e-02, +1.1334e-03, +1.8629e-05, -9.4400e-02, -3.4989e-02, -7.8592e-03, -1.2007e-02, -8.6112e-02, -3.0090e-02, -2.7128e-02, -4.5719e-02, -2.5096e-02, +3.2556e-02, -1.6313e-02, +3.6450e-02, -6.6683e-02, +3.1402e-02, +7.1760e-02, -1.0000e+00, -7.3403e-03, -5.4408e-02, -2.0630e-02, +4.6951e-02, -3.3954e-02, +9.5843e-03, +4.7392e-02, -1.0083e-02, +6.2384e-02
-2.3121e-02, -6.9863e-03, -3.9538e-02, -3.7076e-02, -1.5048e-03, -2.3229e-02, +5.4024e-04, +1.6931e-02, +1.5062e-02, +2.5716e-02, -4.2383e-02, +3.8102e-03, +8.8163e-02, +5.5071e-02, +1.8883e-02, +5.3212e-02, -6.9567e-02, +1.6626e-02, -1.1179e-02, +5.2030e-02, +7.3175e-02, +8.7192e-03, -2.0354e-02, -3.2448e-03, -1.0570e-02, -1.0286e-02, +2.7325e-02, +3.8419e-02, +4.5311e-02, -1.5249e-02, -3.8302e-02, -5.5083e-02, -6.3454e-02, -2.1337e-02, +2.1347e-02, +5.1564e-02, +4.8280e-02, +3.5570e-02, -5.1188e-03, +2.8338e-02, -7.3403e-03, -1.0000e+00, +8.9105e-02, +4.4806e-02, +4.2506e-02, -4.1395e-02, -2.9045e-02, +4.9428e-03, +2.9128e-03, +4.8404e-02
+1.4873e-02, +5.5380e-02, -3.9959e-02, +5.9757e-02, -7.5544e-02, -5.4864e-02, -4.0956e-02, +1.1452e-01, -1.6974e-02, -1.5543e-03, -1.2015e-01, +4.0586e-03, +4.9493e-02, +1.1011e-01, -2.2415e-01, +3.0143e-03, -1.9296e-01, +4.6026e-02, +6.2254e-02, -3.1134e-02, -1.9644e-01, -1.4781e-01, -8.6375e-02, +2.7271e-02, -1.7982e-02, +2.8301e-02, -1.0924e-02, -3.7314e-02, -7.6712e-02, -4.0243e-02, -3.3431e-02, -3.9727e-02, -1.4294e-02, -3.8790e-02, -5.6843e-02, -1.4461e-02, -1.2519e-03, +4.3832e-02, +2.8758e-02, +6.5185e-02, -5.4408e-02, +8.9105e-02, -1.0000e+00, -4.3768e-02, -5.7898e-02, -3.2648e-02, -9.3774e-02, +1.6569e-01, -4.0692e-02, -6.1049e-02
-3.9479e-02, -2.0227e-02, -5.1455e-02, -5.0305e-02, -1.1660e-02, -1.3747e-02, -3.5919e-02, -6.4418e-02, +3.5744e-02, -3.8636e-02, -3.8631e-02, +6.8271e-02, -8.9441e-02, -1.0634e-01, -3.6261e-02, +4.1462e-03, -4.8817e-02, +8.0658e-03, -1.0430e-02, +5.8954e-02, -1.3141e-01, -3.0579e-03, +7.1798e-03, -2.5178e-02, -6.6662e-02, -4.5740e-02, -7.8924e-02, +6.2015e-02, -1.2033e-02, -1.7503e-02, +1.3779e-02, -5.0077e-02, +6.9915e-02, +3.7186e-03, -3.2694e-02, -5.2266e-02, -2.1583e-02, -6.8063e-02, +4.7407e-04, -2.3229e-02, -2.0630e-02, +4.4806e-02, -4.3768e-02, -1.0000e+00, +8.4163e-03, +1.5340e-02, -1.7051e-02, -1.0548e-01, +9.7070e-03, +2.1883e-02
-8.3668e-02, -1.5851e-02, -3.6239e-02, -8.6045e-02, -6.3394e-02, +3.8282e-02, -3.9365e-03, -1.8525e-02, -5.5408e-02, +3.3789e-02, -1.1743e-01, -7.6409e-02, -1.5360e-01, +2.9877e-02, -1.6557e-02, +3.5231e-03, +1.5172e-01, +1.2734e-02, -2.1729e-03, +1.3813e-02, -1.8197e-02, +6.1608e-03, -1.1086e-01, -2.6598e-02, -9.9546e-02, -7.3508e-02, -4.9366e-02, -2.1785e-02, -6.5182e-02, -2.5879e-02, -6.8656e-02, -8.8559e-02, +5.5956e-01, -1.1432e-01, -3.2647e-02, +3.1947e-02, -8.1363e-02, +4.3421e-02, -1.6148e-02, -2.3321e-01, +4.6951e-02, +4.2506e-02, -5.7898e-02, +8.4163e-03, -1.0000e+00, +3.7178e-02, -1.0024e-02, +1.1668e-01, -7.6907e-03, -1.6729e-03
+9.4295e-03, -1.5758e-02, +2.3236e-03, +8.0291e-03, -4.7729e-02, -1.4920e-02, -2.5904e-02, +1.3182e-01, -4.9107e-02, +9.1999e-02, +1.0181e-02, -7.3011e-03, -3.3051e-02, +1.0320e-02, -6.9878e-02, -2.4862e-02, +5.9421e-02, +1.7564e-02, -1.1647e-01, +4.3005e-02, -7.8844e-02, +4.1202e-02, -8.5406e-03, -7.8682e-02, -3.6153e-03, -5.2519e-02, +1.1598e-02, -7.3111e-03, -1.4625e-02, -2.7731e-02, -4.7258e-02, +1.5696e-02, -1.3195e-01, +7.7638e-02, -8.6358e-02, -6.2988e-02, +8.3290e-02, +7.7072e-02, -3.6540e-03, +9.7893e-03, -3.3954e-02, -4.1395e-02, -3.2648e-02, +1.5340e-02, +3.7178e-02, -1.0000e+00, -6.2590e-02, +1.2172e-01, -2.1657e-02, +3.1804e-02
-8.4761e-02, +2.0865e-02, -9.5420e-02, -3.4840e-03, -1.0775e-01, -1.6898e-01, -7.3378e-02, -2.8532e-02, -1.0449e-01, +1.1054e-01, -1.5903e-01, -9.3725e-03, -8.9903e-03, -1.6454e-02, -1.2002e-01, +1.0274e-02, +1.8841e-02, -8.1825e-02, -1.1441e-01, -1.8083e-01, -2.8097e-02, -1.0879e-01, -6.2365e-02, -4.8813e-02, -7.3066e-02, -7.9351e-02, -7.3491e-02, -1.0778e-01, -1.6244e-01, -9.6520e-02, -6.9339e-02, -4.6049e-02, -2.3827e-02, +4.7636e-02, -6.7542e-02, +1.8870e-02, +4.4830e-02, -1.1055e-02, -1.3251e-01, +1.0338e-01, +9.5843e-03, -2.9045e-02, -9.3774e-02, -1.7051e-02, -1.0024e-02, -6.2590e-02, -1.0000e+00, +1.9988e-01, -4.7979e-02, +5.6455e-02
+1.5697e-01, +5.4275e-02, +1.6319e-01, -4.1671e-02, +2.5161e-01, +1.4887e-01, +5.1637e-02, -5.2008e-03, +1.3826e-01, -3.1309e-02, +3.2373e-01, +2.1972e-01, -3.0319e-01, -1.9067e-01, +3.1382e-01, +7.5380e-02, -1.8886e-01, +5.3279e-02, -6.0363e-02, +3.4260e-01, +1.0271e-01, +8.5574e-02, +9.6271e-02, +1.3023e-01, +1.1041e-01, -9.9751e-02, -1.1597e-01, +2.2046e-01, +3.0558e-01, +1.3838e-01, +2.4125e-01, +4.8547e-02, +2.0382e-01, +1.1045e-01, +1.6860e-01, -1.4238e-01, +1.4237e-01, +6.7467e-02, +5.7740e-02, +2.1007e-01, +4.7392e-02, +4.9428e-03, +1.6569e-01, -1.0548e-01, +1.1668e-01, +1.2172e-01, +1.9988e-01, -1.0000e+00, +4.9524e-02, -2.8386e-02
-5.3672e-02, +1.3184e-02, -6.6288e-04, -4.9000e-03, +1.0278e-02, -9.9937e-04, -1.1195e-02, +5.0063e-02, -7.0699e-02, -6.3390e-03, -7.9388e-02, -8.6523e-02, +9.1688e-03, +1.4995e-02, -7.9319e-02, +4.6424e-02, -2.0335e-02, -6.6680e-03, +4.7941e-03, -7.4994e-02, -2.0310e-02, -5.6289e-02, +1.4392e-02, +1.9119e-02, -3.0301e-02, -1.4654e-03, +7.8059e-03, -1.4758e-03, +1.4904e-02, +7.1174e-04, -4.6421e-02, +1.3319e-02, +5.5100e-03, -4.3972e-02, +1.1173e-02, -2.0121e-02, -3.0358e-02, +5.1394e-03, -4.8496e-02, +6.6613e-02, -1.0083e-02, +2.9128e-03, -4.0692e-02, +9.7070e-03, -7.6907e-03, -2.1657e-02, -4.7979e-02, +4.9524e-02, -1.0000e+00, +5.8325e-02
-2.9456e-02, +2.7092e-02, +2.2632e-02, +7.0516e-02, +9.7246e-02, +3.8536e-02, -2.4649e-02, -7.7866e-02, -6.4834e-02, +4.8942e-02, +1.2474e-01, +1.7440e-01, +1.1203e-02, -3.6690e-02, +1.2192e-01, +2.8798e-02, +3.1639e-03, +6.9364e-02, -2.4179e-02, -2.6117e-02, +5.5603e-02, -5.5892e-02, +1.7147e-03, +9.3233e-03, +8.2522e-02, +1.1203e-01, -1.2439e-02, -1.0702e-02, +7.4095e-02, +6.1220e-02, -5.8459e-03, +5.5906e-02, +2.3277e-01, -1.5315e-02, +3.0933e-02, +2.3847e-03, -8.2126e-02, +1.1403e-01, -1.8441e-02, -3.8161e-02, +6.2384e-02, +4.8404e-02, -6.1049e-02, +2.1883e-02, -1.6729e-03, +3.1804e-02, +5.6455e-02, -2.8386e-02, +5.8325e-02, -1.0000e+00
