-1.0000e+00, -4.3859e-03, +4.9536e-02, -1.2534e-01, -2.2749e-02, -2.8884e-02, -3.4249e-02, -4.2324e-03, -3.9216e-02, +5.4273e-03, -5.5662e-02, +1.8625e-02, +5.3196e-02, -9.4933e-02, -2.1050e-02, +2.3921e-02, -4.7793e-02, +1.1191e-03, -8.5081e-02, +1.0421e-01, +7.5780e-02, +1.3776e-02, -8.6692e-02, -9.0625e-02, +8.0724e-02, -8.0872e-05, -1.0927e-02, -3.9722e-02, -4.1358e-02, -1.6929e-01, -3.5192e-02, -4.6977e-02, +1.3313e-02, -1.6972e-02, -4.5664e-02, -6.2260e-02, +1.5569e-01, -6.9753e-02, -8.3984e-02, -1.9917e-02, -2.7760e-02, +5.5796e-02, -3.7610e-02, +4.8908e-02, +2.3173e-02, -6.5132e-02, -8.0855e-02, +1.6257e-01, +2.8750e-02, +5.9457e-02
-4.3859e-03, -1.0000e+00, -2.3952e-02, +1.4902e-02, +4.4824e-02, +9.1368e-02, -1.5746e-02, -4.9849e-02, -6.5870e-02, +8.5852e-02, -2.6526e-02, +5.2597e-02, -6.2762e-02, -3.2611e-02, +5.3650e-02, -4.0166e-02, +1.0694e-01, -5.8104e-03, +1.5474e-02, -5.1665e-02, +5.1923e-02, -4.0204e-02, -2.9184e-02, +1.0152e-02, -1.2530e-01, +6.0945e-02, +2.9981e-02, -7.6216e-02, +1.7226e-02, -1.1389e-02, -3.1940e-02, +8.2275e-03, -4.9443e-02, -5.6074e-02, -3.8696e-02, +1.0739e-01, +2.7268e-02, -4.6525e-02, +9.3325e-03, -8.9689e-02, -3.4029e-02, -2.1660e-03, -4.8162e-05, -1.0319e-02, -8.0259e-02, +2.1162e-02, +2.5971e-02, +5.5323e-02, -1.3873e-02, -6.8860e-02
+4.9536e-02, -2.3952e-02, -1.0000e+00, +6.1602e-02, +5.1400e-02, -4.8447e-02, -1.1038e-01, +3.9770e-02, +1.0975e-01, +2.1698e-01, -1.2309e-01, -1.4279e-01, -1.3996e-01, -3.7906e-02, +9.0994e-02, +1.7994e-02, +1.5152e-01, -8.5320e-02, -8.0683e-03, -1.0854e-01, -3.9993e-02, -9.1025e-02, +2.4696e-02, +6.3870e-02, -8.3859e-02, +6.8423e-02, +3.1094e-02, -5.6619e-02, -7.5149e-02, -8.2220e-02, +5.6868e-02, +1.0392e-01, +5.0165e-02, -1.1789e-02, -2.7073e-02, +1.3218e-03, -1.7074e-02, +2.7419e-02, -1.4562e-02, -5.7960e-03, -2.0035e-02, +3.1111e-02, +1.7627e-02, -5.4051e-02, -1.0650e-01, +7.4506e-02, +4.4453e-02, -2.0350e-01, -5.0115e-02, +1.2923e-02
-1.2534e-01, +1.4902e-02, +6.1602e-02, -1.0000e+00, -6.7227e-02, -6.6339e-02, -1.2259e-01, -3.3508e-03, +8.3455e-02, -2.7791e-02, -1.2000e-01, -2.4750e-02, -8.8568e-03, -8.3751e-02, +2.7992e-02, -2.9357e-02, +1.5870e-01, +3.5258e-02, -9.9186e-02, +1.8328e-02, -3.5508e-02, +3.8436e-03, +3.3412e-02, -8.7586e-02, -1.4023e-01, +2.1200e-02, -1.0483e-02, -4.8951e-02, -1.0545e-01, -9.7836e-02, -6.1380e-02, +1.0319e-02, +2.6471e-02, -1.8701e-03, -8.2233e-02, +1.0647e-02, +1.1382e-01, -1.2345e-01, -1.3155e-01, -3.1810e-02, -8.7262e-02, -7.0918e-03, -2.0111e-02, +6.8139e-03, -8.3060e-02, -2.9001e-02, -7.3710e-02, +8.3609e-02, +5.0094e-02, +2.8693e-02
-2.2749e-02, +4.4824e-02, +5.1400e-02, -6.7227e-02, -1.0000e+00, -2.2960e-01, +2.2902e-02, -2.0935e-02, -3.5387e-02, +4.0567e-02, -1.2167e-01, +1.0085e-01, +1.8207e-02, +1.2980e-02, -1.5381e-01, +3.8975e-02, -2.0937e-01, +6.4852e-02, -1.1204e-01, +2.2054e-02, -2.9828e-02, +1.0927e-01, +3.9605e-03, -2.2435e-01, +6.8551e-02, +2.3722e-02, -1.3831e-01, -1.3223e-01, -1.3319e-01, -9.1890e-02, -1.0820e-01, +4.6869e-02, -2.4877e-02, +9.3686e-02, +4.8095e-02, +2.2191e-02, +1.4268e-01, -3.9170e-02, -6.1106e-02, +6.5699e-02, -6.7902e-02, +5.1151e-02, -8.9074e-02, +6.4611e-02, -2.4385e-02, -2.3915e-02, -1.0702e-01, +3.0921e-01, +5.2546e-02, +1.1312e-01
-2.8884e-02, +9.1368e-02, -4.8447e-02, -6.6339e-02, -2.2960e-01, -1.0000e+00, +1.9777e-03, +1.4050e-01, +2.6959e-02, +1.2022e-01, -2.0120e-01, +7.4780e-02, +8.2853e-04, -4.7121e-02, -2.0823e-01, +3.7927e-02, -1.0340e-01, -7.7593e-02, -1.5000e-01, +1.2941e-02, -1.3333e-01, +1.0144e-01, -1.3993e-02, -4.3498e-02, -3.3475e-02, +7.8927e-02, -2.0259e-01, -3.0615e-03, -3.0841e-01, -1.7228e-02, -2.3737e-01, +7.8020e-02, +2.8968e-02, +8.2769e-02, +7.7473e-02, -6.2749e-02, +1.3347e-01, -1.3236e-01, -1.3351e-01, +7.4962e-02, -8.2901e-02, +2.7483e-02, -1.0604e-01, -1.5202e-01, -1.2211e-01, -5.2835e-02, -1.8472e-01, +2.1499e-01, +4.9121e-02, +1.1968e-01
-3.4249e-02, -1.5746e-02, -1.1038e-01, -1.2259e-01, +2.2902e-02, +1.9777e-03, -1.0000e+00, +2.3355e-02, +8.4333e-02, +3.9044e-03, -4.1739e-02, -5.8271e-02, -1.3776e-01, -8.5992e-02, -6.5909e-02, +4.8029e-02, +3.1303e-01, -2.8457e-03, +2.2332e-03, +1.2927e-03, +6.2583e-02, +1.2883e-02, -1.1806e-02, -5.4748e-02, -7.7449e-02, -3.2312e-02, -9.5616e-02, -5.4226e-02, -7.8655e-02, +2.5339e-02, -1.3964e-01, +1.6030e-02, +6.2017e-03, +9.2127e-03, -2.8380e-02, +1.2092e-02, -2.0021e-02, +5.4268e-02, -2.1079e-02, +1.1629e-03, -8.2827e-02, -9.2296e-03, +3.8964e-02, +4.3153e-02, -2.1512e-01, -1.5248e-01, +1.3988e-02, +8.3073e-02, +4.7692e-02, -5.4685e-02
-4.2324e-03, -4.9849e-02, +3.9770e-02, -3.3508e-03, -2.0935e-02, +1.4050e-01, +2.3355e-02, -1.0000e+00, -4.6052e-03, +3.4479e-02, +4.7227e-02, +1.8442e-02, +1.5841e-02, -1.6286e-02, -2.5957e-02, -7.7093e-03, +1.2344e-01, +3.3092e-02, +2.6222e-02, +7.3515e-02, +5.1437e-02, +7.9695e-02, +1.7507e-02, -2.3795e-02, +2.0554e-02, -5.1155e-02, +1.4794e-03, -4.6207e-03, -3.7093e-02, +1.4815e-02, -1.2679e-02, -6.2957e-02, -9.4579e-04, +3.2764e-02, -7.5847e-02, -1.2967e-01, -4.1467e-02, -1.7650e-02, -4.8006e-02, +3.0300e-02, +2.4445e-02, +1.1983e-02, +4.4881e-02, -5.8516e-02, -4.4969e-02, +3.6258e-02, -2.2528e-02, +5.3875e-02, -3.3767e-02, -7.1978e-02
-3.9216e-02, -6.5870e-02, +1.0975e-01, +8.3455e-02, -3.5387e-02, +2.6959e-02, +8.4333e-02, -4.6052e-03, -1.0000e+00, +1.8950e-03, +1.6267e-01, +1.1475e-01, +2.9531e-02, -6.7532e-02, -3.2464e-02, -6.6215e-02, -3.0434e-01, +1.9605e-01, +3.4934e-02, -9.0193e-02, -2.8582e-02, +7.5111e-03, +1.0318e-03, -9.2727e-02, +2.8943e-02, +1.1406e-01, +1.0771e-01, +1.6239e-02, +1.3869e-01, +2.8239e-02, +2.2079e-02, -1.5790e-02, -6.4795e-02, -2.6983e-02, -6.7640e-02, +2.6988e-02, -6.6952e-03, +4.9424e-02, +8.0428e-02, -1.4693e-01, +1.8717e-01, +6.0894e-02, -2.3789e-02, +4.4856e-02, +1.3053e-02, -5.1308e-03, +1.9009e-02, +1.5932e-01, -6.4988e-02, +5.8529e-02
+5.4273e-03, +8.5852e-02, +2.1698e-01, -2.7791e-02, +4.0567e-02, +1.2022e-01, +3.9044e-03, +3.4479e-02, +1.8950e-03, -1.0000e+00, -2.7380e-02, +1.7712e-01, -8.8247e-03, +1.8822e-02, +6.7835e-02, -1.3370e-02, +1.1950e-01, +7.0744e-02, +5.1290e-02, -2.5001e-02, -5.1289e-02, -9.4503e-02, +1.3755e-01, -2.1433e-01, +5.4432e-02, +5.6412e-02, +8.6523e-03, +1.3705e-01, +1.3736e-01, +6.1337e-02, -4.4894e-02, +1.0114e-02, -1.2399e-02, -2.4734e-02, +1.2227e-01, -9.3051e-03, +4.7991e-02, +3.2629e-03, +1.3231e-01, +3.8295e-02, +1.0032e-01, -1.5250e-02, -5.0777e-02, -9.8536e-02, +4.4306e-03, +6.2617e-02, +1.0524e-01, -7.0988e-02, +8.1850e-02, +3.1961e-02
-5.5662e-02, -2.6526e-02, -1.2309e-01, -1.2000e-01, -1.2167e-01, -2.0120e-01, -4.1739e-02, +4.7227e-02, +1.6267e-01, -2.7380e-02, -1.0000e+00, -8.2649e-03, -8.7050e-02, -1.8394e-01, -1.1579e-01, +4.0493e-02, +1.9087e-01, -2.2303e-01, -1.4445e-01, -2.7130e-02, -1.6287e-01, +7.6990e-03, -2.7579e-02, +1.8647e-02, -6.0332e-02, +5.6270e-02, -1.5089e-01, -1.7304e-01, -2.8011e-01, -1.7418e-01, -1.4606e-01, +8.0997e-02, -2.5227e-03, +1.3370e-01, -1.8707e-02, +6.6605e-02, +2.0401e-01, -1.8350e-01, -4.0915e-02, +3.4562e-02, -1.4784e-01, +1.1231e-02, -8.1507e-02, -1.7958e-01, -2.9182e-01, +2.3843e-02, -1.5090e-01, +1.8707e-01, +2.0122e-02, +7.3076e-02
+1.8625e-02, +5.2597e-02, -1.4279e-01, -2.4750e-02, +1.0085e-01, +7.4780e-02, -5.8271e-02, +1.8442e-02, +1.1475e-01, +1.7712e-01, -8.2649e-03, -1.0000e+00, +3.4466e-02, -6.6906e-02, +1.1198e-01, +4.4481e-03, +3.5103e-01, -1.3515e-01, +4.7592e-03, +7.3701e-02, +1.1175e-01, +6.2539e-04, +1.4889e-02, +9.1145e-02, -2.0042e-01, -9.4650e-02, +3.6998e-02, -9.9118e-02, -5.9879e-02, +1.9854e-03, +9.8759e-02, +1.4358e-02, -2.7481e-02, +1.4152e-02, -1.1052e-01, -1.2495e-01, +5.3180e-02, +1.1805e-02, -5.9645e-02, +7.5840e-02, -2.4336e-02, -4.5111e-02, +7.6604e-02, +1.0985e-01, -1.1758e-03, +8.1243e-02, +3.6894e-02, -1.4332e-01, -4.3878e-02, -2.3951e-02
+5.3196e-02, -6.2762e-02, -1.3996e-01, -8.8568e-03, +1.8207e-02, +8.2852e-04, -1.3776e-01, +1.5841e-02, +2.9531e-02, -8.8247e-03, -8.7050e-02, +3.4466e-02, -1.0000e+00, -7.4771e-02, +8.0628e-03, -5.7812e-03, +1.1867e-01, -7.0201e-02, +4.8287e-02, -5.4053e-02, -8.7618e-02, -1.1915e-02, +1.6034e-03, +3.2518e-02, -4.4484e-02, +1.3461e-02, -1.4284e-02, -6.3208e-02, -5.1443e-02, -3.9207e-02, -1.1439e-01, +3.0654e-02, +9.3160e-02, -5.1933e-02, -2.2975e-02, +1.1603e-01, -2.7884e-03, +1.1128e-01, +2.7660e-02, +1.1877e-02, -5.0317e-03, -1.1063e-02, -1.2790e-02, -5.0232e-02, -1.4640e-01, -8.0635e-02, +4.0047e-02, -1.6024e-02, +6.7846e-02, +2.5093e-02
-9.4933e-02, -3.2611e-02, -3.7906e-02, -8.3751e-02, +1.2980e-02, -4.7121e-02, -8.5992e-02, -1.6286e-02, -6.7532e-02, +1.8822e-02, -1.8394e-01, -6.6906e-02, -7.4771e-02, -1.0000e+00, +2.4945e-02, +5.7112e-02, +2.7316e-01, -8.6277e-02, -5.3512e-02, -2.6921e-02, -1.8434e-02, +1.1929e-02, -4.3621e-02, -1.0479e-01, -1.9326e-01, -9.6634e-02, -5.5318e-02, -1.8839e-01, +1.6375e-02, -1.7161e-01, -1.2706e-01, +7.7954e-02, +9.2680e-02, -2.3818e-02, -6.3666e-02, +2.1490e-02, +1.3408e-01, -1.0676e-01, -6.0519e-02, -1.4921e-02, -2.7957e-02, -4.9493e-02, -2.2700e-02, +2.2762e-02, -1.6679e-01, -7.1876e-02, -7.8198e-02, +2.4922e-01, +4.2513e-03, -5.0707e-02
-2.1050e-02, +5.3650e-02, +9.0994e-02, +2.7992e-02, -1.5381e-01, -2.0823e-01, -6.5909e-02, -2.5957e-02, -3.2464e-02, +6.7835e-02, -1.1579e-01, +1.1198e-01, +8.0628e-03, +2.4945e-02, -1.0000e+00, +6.1810e-02, -1.8684e-01, +4.1676e-03, -8.0591e-02, -4.0437e-02, -3.5186e-02, +4.7907e-02, +2.1032e-02, -6.5245e-02, +6.8516e-02, +1.0861e-01, -1.2856e-01, +5.0586e-02, -2.0372e-01, +4.7835e-02, -1.4743e-01, -7.8235e-05, -1.4242e-02, +5.3107e-02, +4.0447e-02, -1.7367e-02, +3.2300e-02, -7.5645e-02, -8.1192e-02, +4.8406e-02, -6.4446e-02, +5.0477e-02, -7.1280e-02, -1.6229e-02, -7.6114e-02, -3.2869e-02, -1.0222e-01, +2.2935e-01, +6.4217e-02, +1.2133e-01
+2.3921e-02, -4.0166e-02, +1.7994e-02, -2.9357e-02, +3.8975e-02, +3.7927e-02, +4.8029e-02, -7.7093e-03, -6.6215e-02, -1.3370e-02, +4.0493e-02, +4.4481e-03, -5.7812e-03, +5.7112e-02, +6.1810e-02, -1.0000e+00, -3.8662e-03, -4.8534e-02, +1.3410e-02, -5.9499e-03, +7.4363e-02, -1.2875e-01, +1.7618e-02, +3.7785e-02, +3.4823e-02, -4.4376e-02, +5.9305e-02, +2.9797e-03, +2.6558e-02, +3.5524e-02, +8.4136e-02, +1.6945e-02, +7.3612e-02, +3.4593e-03, +2.0755e-02, +3.8501e-02, -7.0896e-02, +2.8511e-02, -1.1342e-03, -5.1977e-02, +5.7794e-02, +3.7898e-02, +3.9007e-02, +3.5817e-03, -4.2694e-03, +1.2079e-02, -1.0998e-02, -4.8787e-02, +2.2460e-02, -3.5540e-03
-4.7793e-02, +1.0694e-01, +1.5152e-01, +1.5870e-01, -2.0937e-01, -1.0340e-01, +3.1303e-01, +1.2344e-01, -3.0434e-01, +1.1950e-01, +1.9087e-01, +3.5103e-01, +1.1867e-01, +2.7316e-01, -1.8684e-01, -3.8662e-03, -1.0000e+00, +1.9564e-01, +6.6211e-02, -6.9313e-02, -1.2141e-01, +2.8816e-02, +6.6513e-03, -2.9554e-02, +2.9041e-01, +1.6308e-01, +4.2798e-02, +1.1388e-01, +1.8693e-01, +5.7447e-02, +2.0212e-01, -2.3566e-03, +6.2094e-02, -2.6474e-02, +1.1666e-01, +2.0155e-02, -1.2919e-01, +1.5475e-02, +2.3285e-03, -1.0860e-01, +8.4601e-02, +1.7900e-02, -5.8245e-02, -2.6002e-02, +3.4062e-01, +3.3541e-02, -1.6272e-02, -1.0176e-01, -2.8125e-02, +9.5557e-02
+1.1191e-03, -5.8104e-03, -8.5320e-02, +3.5258e-02, +6.4852e-02, -7.7593e-02, -2.8457e-03, +3.3092e-02, +1.9605e-01, +7.0744e-02, -2.2303e-01, -1.3515e-01, -7.0201e-02, -8.6277e-02, +4.1676e-03, -4.8534e-02, +1.9564e-01, -1.0000e+00, -3.0556e-02, +1.3062e-02, -5.5922e-02, +1.3410e-02, -5.5294e-02, +1.6958e-01, -1.2237e-01, -3.6513e-02, +1.0254e-02, -9.7993e-02, -7.9428e-02, -9.1845e-02, -4.0425e-02, +1.1944e-02, +3.3231e-02, +9.3267e-02, -3.6331e-02, +2.4994e-02, -9.5875e-03, -5.4108e-02, +3.7568e-02, +3.0295e-02, -8.7029e-02, -6.2608e-03, +3.3172e-02, -1.2414e-01, -1.0054e-01, +7.7389e-02, -2.4782e-02, -7.0346e-02, -1.1096e-02, +5.8990e-02
-8.5081e-02, +1.5474e-02, -8.0683e-03, -9.9186e-02, -1.1204e-01, -1.5000e-01, +2.2332e-03, +2.6222e-02, +3.4934e-02, +5.1290e-02, -1.4445e-01, +4.7592e-03, +4.8287e-02, -5.3512e-02, -8.0591e-02, +1.3410e-02, +6.6211e-02, -3.0556e-02, -1.0000e+00, -4.1719e-02, -3.1912e-02, +2.2303e-02, +3.0977e-02, -8.7117e-02, +1.2643e-04, +2.2317e-03, -8.0526e-02, -1.0847e-02, -5.0485e-02, -9.6925e-02, -1.1774e-01, +4.8731e-02, +2.7153e-02, -1.5443e-02, +3.7416e-02, -6.4552e-03, +1.5765e-01, -7.5063e-02, -9.3096e-02, -4.0241e-02, -7.9192e-02, +1.6316e-04, -2.7180e-02, -8.7283e-02, -1.0086e-01, -3.0073e-02, -1.2702e-01, +1.8317e-01, +1.1952e-02, +2.6473e-02
+1.0421e-01, -5.1665e-02, -1.0854e-01, +1.8328e-02, +2.2054e-02, +1.2941e-02, +1.2927e-03, +7.3515e-02, -9.0193e-02, -2.5001e-02, -2.7130e-02, +7.3701e-02, -5.4053e-02, -2.6921e-02, -4.0437e-02, -5.9499e-03, -6.9313e-02, +1.3062e-02, -4.1719e-02, -1.0000e+00, +4.8649e-02, -1.7063e-01, +1.7597e-01, -2.2040e-02, +1.6642e-02, +1.4094e-01, -1.0658e-02, +4.6460e-02, +4.4933e-02, -2.1096e-02, -4.0193e-02, -1.2757e-02, +8.2093e-03, -2.2570e-02, +5.3771e-02, +1.1921e-01, +7.6985e-02, -2.5514e-02, -2.3082e-02, -7.8767e-02, +2.5484e-02, -5.9578e-02, -4.6832e-03, +1.0011e-01, -1.4515e-01, +5.5586e-02, +7.0849e-02, -1.0842e-02, -2.3073e-02, +3.6282e-02
+7.5780e-02, +5.1923e-02, -3.9993e-02, -3.5508e-02, -2.9828e-02, -1.3333e-01, +6.2583e-02, +5.1437e-02, -2.8582e-02, -5.1289e-02, -1.6287e-01, +1.1175e-01, -8.7618e-02, -1.8434e-02, -3.5186e-02, +7.4363e-02, -1.2141e-01, -5.5922e-02, -3.1912e-02, +4.8649e-02, -1.0000e+00, +7.4379e-03, +1.4087e-02, +1.0257e-03, -1.8176e-02, +1.2048e-01, -9.4054e-02, +8.2188e-03, -9.7720e-02, -7.5494e-02, +1.3046e-02, +5.2057e-02, +4.6128e-02, +1.8815e-02, -1.3265e-02, -1.1221e-01, +1.1428e-01, -1.3254e-01, +8.6345e-03, -4.1321e-02, -1.4602e-01, -1.5205e-02, -1.1987e-01, -2.9434e-01, -1.2240e-01, -1.4206e-01, -8.1458e-02, +1.7685e-03, -1.4467e-02, +3.1318e-02
+1.3776e-02, -4.0204e-02, -9.1025e-02, +3.8436e-03, +1.0927e-01, +1.0144e-01, +1.2883e-02, +7.9695e-02, +7.5111e-03, -9.4503e-02, +7.6990e-03, +6.2539e-04, -1.1915e-02, +1.1929e-02, +4.7907e-02, -1.2875e-01, +2.8816e-02, +1.3410e-02, +2.2303e-02, -1.7063e-01, +7.4379e-03, -1.0000e+00, +5.8658e-02, +1.9199e-02, -2.9502e-02, +3.1283e-02, +2.6837e-02, +9.8740e-03, +1.2177e-01, +1.0746e-03, +3.3431e-02, +3.0727e-02, +1.3364e-02, -4.3756e-02, +1.3851e-02, +9.5837e-03, +2.2321e-02, +3.8745e-02, +2.9139e-03, -6.6493e-02, +1.5953e-02, -2.9445e-02, +1.9426e-02, -1.0867e-02, -4.8563e-03, -9.8412e-03, +2.7610e-02, -1.2967e-01, +3.0202e-02, +5.9783e-04
-8.6692e-02, -2.9184e-02, +2.4696e-02, +3.3412e-02, +3.9605e-03, -1.3993e-02, -1.1806e-02, +1.7507e-02, +1.0318e-03, +1.3755e-01, -2.7579e-02, +1.4889e-02, +1.6034e-03, -4.3621e-02, +2.1032e-02, +1.7618e-02, +6.6513e-03, -5.5294e-02, +3.0977e-02, +1.7597e-01, +1.4087e-02, +5.8658e-02, -1.0000e+00, +8.4666e-03, -3.0426e-02, +4.0784e-02, -2.0546e-02, -1.8165e-02, +1.4570e-02, -2.1858e-02, -1.4143e-04, -8.2504e-02, -4.6959e-02, -5.3234e-02, -1.9618e-02, -3.0425e-02, +1.8200e-02, -5.5921e-03, -1.5709e-02, +3.5606e-02, -9.4250e-02, -3.5273e-03, -2.9791e-02, +9.0155e-02, +6.5778e-02, -1.1989e-01, -8.0020e-02, +1.2205e-01, -2.9119e-02, -1.6524e-01
-9.0625e-02, +1.0152e-02, +6.3870e-02, -8.7586e-02, -2.2435e-01, -4.3498e-02, -5.4748e-02, -2.3795e-02, -9.2727e-02, -2.1433e-01, +1.8647e-02, +9.1145e-02, +3.2518e-02, -1.0479e-01, -6.5245e-02, +3.7785e-02, -2.9554e-02, +1.6958e-01, -8.7117e-02, -2.2040e-02, +1.0257e-03, +1.9199e-02, +8.4667e-03, -1.0000e+00, +3.5994e-02, +4.4376e-02, -7.8423e-02, +3.4345e-02, +8.4601e-02, -6.4832e-02, -2.2603e-01, -8.2907e-02, +6.8102e-02, -1.8793e-02, -3.2304e-03, -2.2521e-03, +9.2522e-02, -4.1202e-02, -1.1780e-01, -1.4259e-02, +1.6940e-02, +9.7676e-05, -1.0314e-01, +3.2684e-02, -7.2678e-02, -1.0572e-01, -4.7627e-02, +2.7820e-01, +4.3975e-02, +2.5017e-02
+8.0724e-02, -1.2530e-01, -8.3859e-02, -1.4023e-01, +6.8551e-02, -3.3475e-02, -7.7449e-02, +2.0554e-02, +2.8943e-02, +5.4432e-02, -6.0332e-02, -2.0042e-01, -4.4484e-02, -1.9326e-01, +6.8516e-02, +3.4823e-02, +2.9041e-01, -1.2237e-01, +1.2644e-04, +1.6642e-02, -1.8176e-02, -2.9502e-02, -3.0426e-02, +3.5994e-02, -1.0000e+00, -3.2248e-02, -1.3885e-02, -1.2082e-01, -5.1055e-02, -4.3224e-02, -3.2494e-02, -3.8439e-03, +4.7019e-02, -1.7640e-02, -1.0932e-01, -1.4545e-02, +8.5116e-02, -1.3228e-01, +3.9157e-03, +5.2404e-02, -8.9464e-02, +3.9152e-03, +7.1863e-02, +1.3838e-03, -9.5169e-02, -4.7344e-03, +1.7498e-03, +3.3718e-02, +5.8585e-02, +4.0658e-02
-8.0870e-05, +6.0945e-02, +6.8423e-02, +2.1200e-02, +2.3722e-02, +7.8927e-02, -3.2312e-02, -5.1155e-02, +1.1406e-01, +5.6412e-02, +5.6270e-02, -9.4650e-02, +1.3461e-02, -9.6634e-02, +1.0861e-01, -4.4376e-02, +1.6308e-01, -3.6513e-02, +2.2317e-03, +1.4094e-01, +1.2048e-01, +3.1283e-02, +4.0784e-02, +4.4376e-02, -3.2248e-02, -1.0000e+00, +3.5426e-03, -5.5602e-02, +5.6877e-02, +8.2377e-03, +1.5191e-02, +1.0838e-01, +3.2227e-01, +3.0745e-01, +1.8476e-02, +2.2279e-02, -7.9208e-02, +7.0306e-02, +5.0852e-02, +8.5054e-02, +2.5245e-02, -1.2992e-01, +3.9278e-02, +6.0537e-02, +7.2637e-02, -1.2874e-02, +7.1517e-02, +5.5433e-02, -9.4090e-02, -4.7572e-02
-1.0927e-02, +2.9981e-02, +3.1094e-02, -1.0483e-02, -1.3831e-01, -2.0259e-01, -9.5616e-02, +1.4793e-03, +1.0771e-01, +8.6523e-03, -1.5089e-01, +3.6998e-02, -1.4284e-02, -5.5318e-02, -1.2856e-01, +5.9305e-02, +4.2798e-02, +1.0254e-02, -8.0526e-02, -1.0658e-02, -9.4054e-02, +2.6837e-02, -2.0546e-02, -7.8423e-02, -1.3885e-02, +3.5427e-03, -1.0000e+00, -3.3558e-02, -2.9647e-01, -9.6372e-03, -2.5051e-01, +1.3399e-01, +6.8523e-02, +4.6653e-02, +1.6730e-02, -6.0539e-02, +1.1764e-01, -5.5082e-02, -8.5507e-02, +9.3699e-02, -1.9587e-01, -3.8313e-02, -6.1996e-02, -1.7373e-01, -1.7042e-01, -8.2665e-02, -1.3821e-01, +1.4562e-01, +4.7120e-02, +5.3521e-02
-3.9722e-02, -7.6216e-02, -5.6619e-02, -4.8951e-02, -1.3223e-01, -3.0615e-03, -5.4226e-02, -4.6207e-03, +1.6239e-02, +1.3705e-01, -1.7304e-01, -9.9118e-02, -6.3208e-02, -1.8839e-01, +5.0586e-02, +2.9797e-03, +1.1388e-01, -9.7993e-02, -1.0847e-02, +4.6460e-02, +8.2188e-03, +9.8740e-03, -1.8165e-02, +3.4345e-02, -1.2082e-01, -5.5602e-02, -3.3558e-02, -1.0000e+00, -9.6717e-02, -6.7554e-03, -3.6764e-02, +1.0898e-01, -2.7564e-02, +4.5862e-02, -2.7218e-02, +1.4098e-02, +1.4035e-01, +1.5697e-02, -1.8120e-02, +1.1431e-03, -2.5486e-02, +5.5817e-02, -2.5080e-02, +4.2374e-02, -9.7914e-02, -1.8604e-02, -2.4028e-02, +4.0082e-02, +2.6583e-02, +6.4491e-02
-4.1358e-02, +1.7226e-02, -7.5149e-02, -1.0545e-01, -1.3319e-01, -3.0841e-01, -7.8655e-02, -3.7093e-02, +1.3869e-01, +1.3736e-01, -2.8011e-01, -5.9879e-02, -5.1443e-02, +1.6375e-02, -2.0372e-01, +2.6558e-02, +1.8693e-01, -7.9428e-02, -5.0485e-02, +4.4933e-02, -9.7720e-02, +1.2177e-01, +1.4570e-02, +8.4601e-02, -5.1055e-02, +5.6877e-02, -2.9647e-01, -9.6717e-02, -1.0000e+00, -2.2043e-02, -1.8245e-01, +1.4024e-01, -1.7133e-02, +1.4522e-02, -7.8275e-04, -5.4888e-02, +2.5788e-01, -2.0431e-01, -7.2015e-02, +1.0652e-01, -8.7107e-02, -1.0676e-02, -5.9136e-02, -5.3717e-02, -1.6347e-01, -3.1721e-02, -7.5716e-02, +2.0680e-01, +4.9321e-02, +8.1140e-02
-1.6929e-01, -1.1389e-02, -8.2220e-02, -9.7836e-02, -9.1890e-02, -1.7228e-02, +2.5339e-02, +1.4815e-02, +2.8239e-02, +6.1337e-02, -1.7418e-01, +1.9854e-03, -3.9207e-02, -1.7161e-01, +4.7835e-02, +3.5524e-02, +5.7447e-02, -9.1845e-02, -9.6925e-02, -2.1096e-02, -7.5494e-02, +1.0746e-03, -2.1858e-02, -6.4832e-02, -4.3224e-02, +8.2377e-03, -9.6372e-03, -6.7554e-03, -2.2043e-02, -1.0000e+00, -4.6327e-02, +1.1609e-03, +6.0227e-02, +6.4797e-03, -1.3023e-01, +1.4957e-02, +4.0203e-02, +7.3052e-02, -3.7984e-02, -5.4807e-02, +4.9102e-02, -9.2823e-03, -3.1057e-02, -2.6935e-02, -4.5547e-02, +1.0837e-01, -8.6726e-03, +5.8009e-02, -3.2993e-02, +6.0002e-02
-3.5192e-02, -3.1940e-02, +5.6868e-02, -6.1380e-02, -1.0820e-01, -2.3737e-01, -1.3964e-01, -1.2679e-02, +2.2079e-02, -4.4894e-02, -1.4606e-01, +9.8759e-02, -1.1439e-01, -1.2706e-01, -1.4743e-01, +8.4136e-02, +2.0212e-01, -4.0425e-02, -1.1774e-01, -4.0193e-02, +1.3046e-02, +3.3431e-02, -1.4142e-04, -2.2603e-01, -3.2494e-02, +1.5191e-02, -2.5051e-01, -3.6764e-02, -1.8245e-01, -4.6327e-02, -1.0000e+00, +1.5126e-02, +5.2486e-02, +8.8610e-04, +7.1969e-02, +1.8144e-01, +8.0281e-02, -1.2027e-01, -9.4046e-02, +4.2623e-02, -1.8515e-01, +1.5027e-03, -8.6600e-02, -9.3404e-02, -2.6013e-01, -8.4064e-02, -1.2304e-01, +4.1500e-01, +9.1256e-02, +3.5214e-02
-4.6977e-02, +8.2275e-03, +1.0392e-01, +1.0319e-02, +4.6869e-02, +7.8020e-02, +1.6030e-02, -6.2957e-02, -1.5790e-02, +1.0114e-02, +8.0997e-02, +1.4358e-02, +3.0654e-02, +7.7954e-02, -7.8235e-05, +1.6945e-02, -2.3566e-03, +1.1944e-02, +4.8731e-02, -1.2757e-02, +5.2057e-02, +3.0727e-02, -8.2504e-02, -8.2907e-02, -3.8439e-03, +1.0838e-01, +1.3399e-01, +1.0898e-01, +1.4024e-01, +1.1609e-03, +1.5126e-02, -1.0000e+00, +1.1775e-01, +1.6054e-01, +1.5505e-02, +2.4237e-02, +4.1058e-03, +9.6128e-02, +1.4368e-02, -3.8459e-02, +7.0924e-02, +1.6292e-01, +6.7697e-02, +8.7725e-02, +9.6425e-02, -6.7063e-02, +3.1472e-02, +1.1824e-01, +6.3072e-02, -1.5938e-02
+1.3313e-02, -4.9443e-02, +5.0165e-02, +2.6471e-02, -2.4876e-02, +2.8968e-02, +6.2017e-03, -9.4576e-04, -6.4795e-02, -1.2399e-02, -2.5227e-03, -2.7481e-02, +9.3160e-02, +9.2680e-02, -1.4242e-02, +7.3612e-02, +6.2094e-02, +3.3231e-02, +2.7153e-02, +8.2093e-03, +4.6128e-02, +1.3364e-02, -4.6959e-02, +6.8102e-02, +4.7019e-02, +3.2227e-01, +6.8523e-02, -2.7564e-02, -1.7133e-02, +6.0227e-02, +5.2486e-02, +1.1775e-01, -1.0000e+00, +2.3010e-01, -1.9310e-02, +6.5740e-02, +1.8396e-02, -3.3312e-02, +2.3285e-02, +1.9726e-02, -1.0428e-02, +9.2383e-02, -5.6804e-02, +7.3266e-02, -1.0150e-02, +2.7321e-02, -7.1585e-03, +6.9117e-02, -7.1775e-02, +6.2300e-02
-1.6972e-02, -5.6074e-02, -1.1789e-02, -1.8701e-03, +9.3686e-02, +8.2769e-02, +9.2127e-03, +3.2764e-02, -2.6983e-02, -2.4734e-02, +1.3370e-01, +1.4152e-02, -5.1933e-02, -2.3818e-02, +5.3107e-02, +3.4593e-03, -2.6474e-02, +9.3267e-02, -1.5443e-02, -2.2570e-02, +1.8815e-02, -4.3756e-02, -5.3234e-02, -1.8793e-02, -1.7640e-02, +3.0745e-01, +4.6653e-02, +4.5862e-02, +1.4522e-02, +6.4797e-03, +8.8610e-04, +1.6054e-01, +2.3010e-01, -1.0000e+00, +6.2093e-03, +3.0382e-03, +7.4259e-02, -2.5208e-02, -2.7327e-02, -4.5612e-02, +3.3621e-02, +4.5157e-02, +7.1262e-02, +1.8866e-01, +8.1884e-02, +8.7636e-03, -2.4496e-03, +9.6216e-02, +8.6604e-02, -5.9089e-02
-4.5664e-02, -3.8696e-02, -2.7073e-02, -8.2233e-02, +4.8095e-02, +7.7473e-02, -2.8380e-02, -7.5847e-02, -6.7640e-02, +1.2227e-01, -1.8707e-02, -1.1052e-01, -2.2975e-02, -6.3666e-02, +4.0447e-02, +2.0755e-02, +1.1666e-01, -3.6331e-02, +3.7416e-02, +5.3771e-02, -1.3265e-02, +1.3851e-02, -1.9618e-02, -3.2304e-03, -1.0932e-01, +1.8476e-02, +1.6730e-02, -2.7218e-02, -7.8274e-04, -1.3023e-01, +7.1969e-02, +1.5505e-02, -1.9310e-02, +6.2093e-03, -1.0000e+00, -7.7959e-02, -8.5278e-02, +7.6783e-02, +1.1031e-02, -1.5229e-02, +3.7854e-02, -1.7140e-03, -3.5681e-03, +2.7013e-02, -1.8603e-02, +7.3456e-03, +3.0743e-02, -5.0344e-02, -1.2300e-02, +2.4358e-02
-6.2260e-02, +1.0739e-01, +1.3218e-03, +1.0647e-02, +2.2191e-02, -6.2749e-02, +1.2092e-02, -1.2967e-01, +2.6988e-02, -9.3051e-03, +6.6605e-02, -1.2495e-01, +1.1603e-01, +2.1490e-02, -1.7367e-02, +3.8501e-02, +2.0155e-02, +2.4994e-02, -6.4552e-03, +1.1921e-01, -1.1221e-01, +9.5837e-03, -3.0425e-02, -2.2521e-03, -1.4545e-02, +2.2279e-02, -6.0539e-02, +1.4098e-02, -5.4888e-02, +1.4957e-02, +1.8144e-01, +2.4237e-02, +6.5740e-02, +3.0381e-03, -7.7959e-02, -1.0000e+00, +4.0795e-02, +1.4271e-01, -6.8218e-02, +4.7813e-02, +4.4966e-02, -8.9975e-02, +1.8836e-02, -1.2567e-01, +1.0245e-01, -1.4938e-02, +8.3622e-02, -3.3237e-01, -6.1352e-02, +9.0160e-02
+1.5569e-01, +2.7268e-02, -1.7074e-02, +1.1382e-01, +1.4268e-01, +1.3347e-01, -2.0021e-02, -4.1467e-02, -6.6952e-03, +4.7991e-02, +2.0401e-01, +5.3180e-02, -2.7884e-03, +1.3408e-01, +3.2300e-02, -7.0896e-02, -1.2919e-01, -9.5875e-03, +1.5765e-01, +7.6985e-02, +1.1428e-01, +2.2321e-02, +1.8200e-02, +9.2522e-02, +8.5116e-02, -7.9208e-02, +1.1764e-01, +1.4035e-01, +2.5788e-01, +4.0203e-02, +8.0281e-02, +4.1058e-03, +1.8396e-02, +7.4259e-02, -8.5278e-02, +4.0795e-02, -1.0000e+00, +6.5585e-02, +7.2398e-02, +1.2173e-01, +1.5642e-02, -5.5493e-02, +5.1496e-02, -5.2498e-02, +6.9201e-02, +7.9285e-02, -3.2994e-02, -1.8732e-01, +4.6703e-02, -1.6968e-02
-6.9753e-02, -4.6525e-02, +2.7420e-02, -1.2345e-01, -3.9170e-02, -1.3236e-01, +5.4268e-02, -1.7650e-02, +4.9424e-02, +3.2629e-03, -1.8350e-01, +1.1805e-02, +1.1128e-01, -1.0676e-01, -7.5645e-02, +2.8511e-02, +1.5475e-02, -5.4108e-02, -7.5063e-02, -2.5514e-02, -1.3254e-01, +3.8745e-02, -5.5921e-03, -4.1201e-02, -1.3228e-01, +7.0306e-02, -5.5082e-02, +1.5697e-02, -2.0431e-01, +7.3052e-02, -1.2027e-01, +9.6128e-02, -3.3312e-02, -2.5208e-02, +7.6783e-02, +1.4271e-01, +6.5585e-02, -1.0000e+00, -6.6124e-02, +9.5581e-02, -1.9785e-01, +5.9461e-02, -8.1084e-02, -1.3903e-01, -5.3431e-02, -5.6952e-03, -1.0890e-01, +2.1477e-01, -2.8085e-02, +5.5064e-02
-8.3984e-02, +9.3325e-03, -1.4562e-02, -1.3155e-01, -6.1106e-02, -1.3351e-01, -2.1079e-02, -4.8006e-02, +8.0428e-02, +1.3231e-01, -4.0915e-02, -5.9645e-02, +2.7660e-02, -6.0519e-02, -8.1192e-02, -1.1342e-03, +2.3285e-03, +3.7568e-02, -9.3096e-02, -2.3082e-02, +8.6345e-03, +2.9139e-03, -1.5709e-02, -1.1780e-01, +3.9157e-03, +5.0852e-02, -8.5507e-02, -1.8120e-02, -7.2014e-02, -3.7984e-02, -9.4046e-02, +1.4368e-02, +2.3285e-02, -2.7327e-02, +1.1031e-02, -6.8218e-02, +7.2398e-02, -6.6124e-02, -1.0000e+00, -6.6121e-02, -6.9208e-02, +3.3920e-02, -1.2734e-02, +1.8563e-02, -3.4006e-02, -4.7983e-02, -1.1061e-01, +1.4019e-01, +4.8298e-02, +1.9227e-03
-1.9917e-02, -8.9689e-02, -5.7960e-03, -3.1810e-02, +6.5699e-02, +7.4962e-02, +1.1629e-03, +3.0300e-02, -1.4693e-01, +3.8295e-02, +3.4562e-02, +7.5840e-02, +1.1877e-02, -1.4921e-02, +4.8406e-02, -5.1977e-02, -1.0860e-01, +3.0295e-02, -4.0241e-02, -7.8767e-02, -4.1321e-02, -6.6493e-02, +3.5606e-02, -1.4259e-02, +5.2404e-02, +8.5054e-02, +9.3699e-02, +1.1431e-03, +1.0652e-01, -5.4807e-02, +4.2623e-02, -3.8459e-02, +1.9726e-02, -4.5612e-02, -1.5229e-02, +4.7813e-02, +1.2173e-01, +9.5581e-02, -6.6121e-02, -1.0000e+00, +8.0283e-02, +4.7015e-02, -1.4061e-03, +1.2907e-02, -2.8519e-02, +1.0264e-02, +1.0190e-02, -4.1444e-02, -5.8739e-02, +1.5072e-02
-2.7760e-02, -3.4029e-02, -2.0035e-02, -8.7262e-02, -6.7902e-02, -8.2901e-02, -8.2827e-02, +2.4445e-02, +1.8717e-01, +1.0032e-01, -1.4784e-01, -2.4336e-02, -5.0317e-03, -2.7957e-02, -6.4446e-02, +5.7794e-02, +8.4601e-02, -8.7029e-02, -7.9192e-02, +2.5484e-02, -1.4602e-01, +1.5953e-02, -9.4250e-02, +1.6940e-02, -8.9464e-02, +2.5245e-02, -1.9587e-01, -2.5486e-02, -8.7107e-02, +4.9102e-02, -1.8515e-01, +7.0924e-02, -1.0428e-02, +3.3621e-02, +3.7854e-02, +4.4966e-02, +1.5642e-02, -1.9785e-01, -6.9208e-02, +8.0283e-02, -1.0000e+00, +1.6260e-03, -3.8330e-02, -2.0110e-01, -1.6756e-01, -9.1842e-02, -1.4677e-01, +1.1836e-01, -6.1226e-03, +7.4020e-02
+5.5796e-02, -2.1660e-03, +3.1111e-02, -7.0918e-03, +5.1151e-02, +2.7483e-02, -9.2296e-03, +1.1983e-02, +6.0894e-02, -1.5250e-02, +1.1231e-02, -4.5111e-02, -1.1063e-02, -4.9493e-02, +5.0477e-02, +3.7898e-02, +1.7900e-02, -6.2608e-03, +1.6316e-04, -5.9578e-02, -1.5206e-02, -2.9445e-02, -3.5273e-03, +9.7682e-05, +3.9152e-03, -1.2992e-01, -3.8313e-02, +5.5817e-02, -1.0676e-02, -9.2823e-03, +1.5027e-03, +1.6292e-01, +9.2383e-02, +4.5157e-02, -1.7140e-03, -8.9975e-02, -5.5493e-02, +5.9461e-02, +3.3920e-02, +4.7015e-02, +1.6260e-03, -1.0000e+00, +2.7780e-02, +4.9503e-02, +1.2057e-01, -8.3181e-03, -3.8443e-03, -9.1872e-02, +2.2759e-02, -1.3839e-01
-3.7610e-02, -4.8167e-05, +1.7627e-02, -2.0111e-02, -8.9074e-02, -1.0604e-01, +3.8964e-02, +4.4881e-02, -2.3789e-02, -5.0777e-02, -8.1507e-02, +7.6604e-02, -1.2790e-02, -2.2700e-02, -7.1280e-02, +3.9007e-02, -5.8245e-02, +3.3172e-02, -2.7180e-02, -4.6832e-03, -1.1987e-01, +1.9426e-02, -2.9791e-02, -1.0314e-01, +7.1863e-02, +3.9278e-02, -6.1996e-02, -2.5080e-02, -5.9136e-02, -3.1057e-02, -8.6600e-02, +6.7697e-02, -5.6804e-02, +7.1262e-02, -3.5681e-03, +1.8836e-02, +5.1496e-02, -8.1084e-02, -1.2734e-02, -1.4061e-03, -3.8330e-02, +2.7780e-02, -1.0000e+00, -1.1124e-02, -1.0634e-01, -8.1193e-02, -3.7613e-02, +1.3522e-01, -4.9334e-02, -3.7740e-03
+4.8908e-02, -1.0319e-02, -5.4051e-02, +6.8139e-03, +6.4611e-02, -1.5202e-01, +4.3153e-02, -5.8516e-02, +4.4856e-02, -9.8536e-02, -1.7958e-01, +1.0985e-01, -5.0232e-02, +2.2762e-02, -1.6229e-02, +3.5817e-03, -2.6002e-02, -1.2414e-01, -8.7283e-02, +1.0011e-01, -2.9434e-01, -1.0867e-02, +9.0155e-02, +3.2684e-02, +1.3838e-03, +6.0537e-02, -1.7373e-01, +4.2374e-02, -5.3717e-02, -2.6935e-02, -9.3404e-02, +8.7726e-02, +7.3266e-02, +1.8866e-01, +2.7013e-02, -1.2567e-01, -5.2498e-02, -1.3903e-01, +1.8563e-02, +1.2907e-02, -2.0110e-01, +4.9503e-02, -1.1124e-02, -1.0000e+00, -2.0054e-01, -5.3070e-02, -9.7605e-02, -1.4184e-01, -8.1810e-02, +7.8250e-02
+2.3173e-02, -8.0259e-02, -1.0650e-01, -8.3060e-02, -2.4385e-02, -1.2211e-01, -2.1512e-01, -4.4969e-02, +1.3053e-02, +4.4306e-03, -2.9182e-01, -1.1758e-03, -1.4640e-01, -1.6679e-01, -7.6114e-02, -4.2694e-03, +3.4062e-01, -1.0054e-01, -1.0086e-01, -1.4515e-01, -1.2240e-01, -4.8563e-03, +6.5778e-02, -7.2678e-02, -9.5169e-02, +7.2637e-02, -1.7042e-01, -9.7914e-02, -1.6347e-01, -4.5547e-02, -2.6013e-01, +9.6425e-02, -1.0150e-02, +8.1884e-02, -1.8603e-02, +1.0245e-01, +6.9201e-02, -5.3431e-02, -3.4006e-02, -2.8519e-02, -1.6756e-01, +1.2057e-01, -1.0634e-01, -2.0054e-01, -1.0000e+00, -8.4737e-02, -1.1650e-01, +1.2130e-01, +2.6333e-03, +3.1192e-02
-6.5132e-02, +2.1162e-02, +7.4506e-02, -2.9001e-02, -2.3915e-02, -5.2835e-02, -1.5248e-01, +3.6258e-02, -5.1308e-03, +6.2617e-02, +2.3843e-02, +8.1243e-02, -8.0635e-02, -7.1876e-02, -3.2869e-02, +1.2079e-02, +3.3541e-02, +7.7389e-02, -3.0073e-02, +5.5586e-02, -1.4206e-01, -9.8412e-03, -1.1989e-01, -1.0572e-01, -4.7344e-03, -1.2874e-02, -8.2665e-02, -1.8604e-02, -3.1721e-02, +1.0837e-01, -8.4064e-02, -6.7063e-02, +2.7321e-02, +8.7636e-03, +7.3456e-03, -1.4938e-02, +7.9285e-02, -5.6952e-03, -4.7983e-02, +1.0264e-02, -9.1842e-02, -8.3181e-03, -8.1193e-02, -5.3070e-02, -8.4737e-02, -1.0000e+00, -1.6073e-01, +1.5542e-01, +3.3450e-02, -1.4879e-02
-8.0855e-02, +2.5971e-02, +4.4453e-02, -7.3710e-02, -1.0702e-01, -1.8472e-01, +1.3988e-02, -2.2528e-02, +1.9009e-02, +1.0524e-01, -1.5090e-01, +3.6894e-02, +4.0047e-02, -7.8198e-02, -1.0222e-01, -1.0998e-02, -1.6272e-02, -2.4782e-02, -1.2702e-01, +7.0849e-02, -8.1458e-02, +2.7610e-02, -8.0020e-02, -4.7627e-02, +1.7498e-03, +7.1517e-02, -1.3821e-01, -2.4028e-02, -7.5716e-02, -8.6726e-03, -1.2304e-01, +3.1472e-02, -7.1585e-03, -2.4496e-03, +3.0743e-02, +8.3622e-02, -3.2994e-02, -1.0890e-01, -1.1061e-01, +1.0190e-02, -1.4677e-01, -3.8443e-03, -3.7613e-02, -9.7605e-02, -1.1650e-01, -1.6073e-01, -1.0000e+00, +2.1893e-01, +7.7329e-02, +1.0280e-01
+1.6257e-01, +5.5323e-02, -2.0350e-01, +8.3609e-02, +3.0921e-01, +2.1499e-01, +8.3073e-02, +5.3875e-02, +1.5932e-01, -7.0988e-02, +1.8707e-01, -1.4332e-01, -1.6024e-02, +2.4922e-01, +2.2935e-01, -4.8787e-02, -1.0176e-01, -7.0346e-02, +1.8317e-01, -1.0842e-02, +1.7685e-03, -1.2967e-01, +1.2205e-01, +2.7820e-01, +3.3718e-02, +5.5433e-02, +1.4562e-01, +4.0082e-02, +2.0680e-01, +5.8009e-02, +4.1500e-01, +1.1824e-01, +6.9117e-02, +9.6216e-02, -5.0344e-02, -3.3237e-01, -1.8732e-01, +2.1477e-01, +1.4019e-01, -4.1444e-02, +1.1836e-01, -9.1872e-02, +1.3522e-01, -1.4184e-01, +1.2130e-01, +1.5542e-01, +2.1893e-01, -1.0000e+00, -6.9123e-02, +1.2097e-01
+2.8750e-02, -1.3873e-02, -5.0115e-02, +5.0094e-02, +5.2546e-02, +4.9121e-02, +4.7692e-02, -3.3767e-02, -6.4988e-02, +8.1850e-02, +2.0122e-02, -4.3878e-02, +6.7846e-02, +4.2513e-03, +6.4217e-02, +2.2460e-02, -2.8125e-02, -1.1096e-02, +1.1952e-02, -2.3073e-02, -1.4467e-02, +3.0202e-02, -2.9119e-02, +4.3975e-02, +5.8585e-02, -9.4090e-02, +4.7120e-02, +2.6583e-02, +4.9321e-02, -3.2993e-02, +9.1256e-02, +6.3072e-02, -7.1775e-02, +8.6604e-02, -1.2300e-02, -6.1352e-02, +4.6703e-02, -2.8085e-02, +4.8298e-02, -5.8739e-02, -6.1226e-03, +2.2759e-02, -4.9334e-02, -8.1810e-02, +2.6333e-03, +3.3450e-02, +7.7329e-02, -6.9123e-02, -1.0000e+00, -2.3205e-02
+5.9457e-02, -6.8860e-02, +1.2923e-02, +2.8693e-02, +1.1312e-01, +1.1968e-01, -5.4685e-02, -7.1978e-02, +5.8529e-02, +3.1961e-02, +7.3076e-02, -2.3951e-02, +2.5093e-02, -5.0707e-02, +1.2133e-01, -3.5540e-03, +9.5557e-02, +5.8990e-02, +2.6473e-02, +3.6282e-02, +3.1318e-02, +5.9783e-04, -1.6524e-01, +2.5017e-02, +4.0658e-02, -4.7572e-02, +5.3521e-02, +6.4491e-02, +8.1140e-02, +6.0002e-02, +3.5214e-02, -1.5938e-02, +6.2300e-02, -5.9089e-02, +2.4358e-02, +9.0160e-02, -1.6968e-02, +5.5064e-02, +1.9227e-03, +1.5072e-02, +7.4020e-02, -1.3839e-01, -3.7740e-03, +7.8250e-02, +3.1192e-02, -1.4879e-02, +1.0280e-01, +1.2097e-01, -2.3205e-02, -1.0000e+00
