-1.0000e+00, -1.6591e-01, -2.0044e-02, -1.3682e-02, +2.4715e-02, -5.3472e-02, +7.1556e-02, +4.7902e-02, -2.1367e-01, +6.4703e-02, -2.2974e-02, -8.7393e-02, +1.5039e-01, -4.2249e-02, -4.8801e-02, -2.2808e-02, +5.0697e-02, -3.5700e-02, +1.6016e-02, +5.4873e-02, -4.2132e-04, +1.4644e-02, +4.4521e-02, -4.0515e-02, -5.4550e-02, +6.0940e-03, +3.5049e-02, -7.5663e-03, -9.1242e-02, -3.9781e-02, -5.0172e-02, -6.4044e-03, +2.0469e-03, -6.3129e-02, -4.2047e-02, -1.4430e-02, +7.8217e-02, -1.0864e-02, +8.9831e-03, -1.6914e-02, +3.3992e-03, +1.4459e-02, +1.3390e-02, +1.5076e-02, +2.6331e-02, -1.2170e-02, -1.9038e-01, +2.2162e-01, -5.6883e-02, +3.0452e-02
-1.6591e-01, -1.0000e+00, +1.4348e-01, -1.8507e-01, -2.3563e-02, -7.5693e-02, +3.8082e-01, +2.9231e-01, -5.3072e-02, -2.2549e-02, -9.8359e-03, +1.2941e-01, +4.6685e-01, +1.7281e-02, +6.5557e-02, -6.6524e-03, -1.2714e-01, -1.8010e-02, +1.6774e-01, -2.6645e-02, +3.9120e-02, -7.4932e-02, -4.1742e-02, +1.2368e-01, -4.4940e-02, +1.9508e-01, +9.5500e-02, +1.4735e-01, -3.5018e-02, +9.7755e-02, +2.5653e-03, -4.6371e-03, +1.3651e-02, -1.0704e-01, +8.7196e-03, -2.0249e-01, +8.4218e-02, -8.7968e-02, -3.0312e-03, -1.0492e-01, -1.2324e-02, -9.8649e-02, +8.0543e-02, +1.7248e-01, +4.9922e-01, -1.4049e-01, -1.9034e-01, +1.0006e-01, -6.2081e-02, +1.4241e-01
-2.0044e-02, +1.4348e-01, -1.0000e+00, +7.2259e-02, -2.4988e-02, -6.3731e-02, -3.8100e-02, -1.3649e-02, -8.4421e-02, +7.4948e-02, -7.1719e-02, -1.4239e-01, -3.1177e-02, -6.6616e-02, +1.8103e-01, +4.1141e-02, +1.4670e-02, +1.0252e-02, +1.0621e-02, +8.8105e-03, +1.2209e-02, +3.9567e-02, +4.8886e-02, -4.3988e-02, +6.7139e-03, +2.4223e-02, -4.8678e-02, -1.2512e-01, -4.3222e-02, -9.2547e-02, +5.8635e-02, -9.8503e-03, +3.0615e-03, -1.8740e-02, +7.6095e-02, +6.4314e-02, -6.7433e-02, +1.7266e-01, +1.3655e-03, -1.2802e-01, -5.7972e-02, -4.4976e-02, -1.1413e-01, -7.9678e-02, -6.8139e-02, -1.0932e-02, +9.0289e-02, +2.4472e-02, +3.0810e-02, -5.9720e-02
-1.3682e-02, -1.8507e-01, +7.2259e-02, -1.0000e+00, -7.8113e-02, -1.2918e-01, +1.5056e-01, +6.8435e-02, +2.4694e-02, +8.0774e-02, -8.1330e-02, -1.1287e-01, -1.7478e-02, +1.1952e-02, -6.6494e-02, +1.3885e-01, +6.3365e-02, -7.8009e-02, +3.2783e-02, +4.4191e-02, +3.0195e-03, +3.0797e-02, -2.7655e-02, -9.1357e-02, -5.2823e-02, -7.7443e-02, +1.1087e-01, +8.2574e-02, -8.8645e-02, -6.8655e-02, +2.5817e-02, +4.1384e-02, -2.4499e-02, +1.9896e-02, +5.0191e-02, +1.2259e-02, +2.1462e-02, +1.4448e-01, -1.5690e-01, -5.3927e-02, -4.6090e-02, +7.3856e-02, -6.5821e-02, +5.6214e-03, +1.6070e-01, -1.8926e-02, -2.9119e-02, +5.9985e-02, -3.5698e-04, +6.4229e-02
+2.4715e-02, -2.3563e-02, -2.4988e-02, -7.8113e-02, -1.0000e+00, -3.3655e-02, -1.3835e-04, -7.3854e-02, +7.4349e-02, +1.3603e-01, -1.3463e-01, -9.7531e-02, +9.8255e-03, -3.7937e-02, -4.8841e-03, +6.9653e-02, +3.5488e-02, -7.6390e-02, -1.5476e-01, +2.2382e-02, -2.5510e-03, +1.5683e-02, +2.3857e-01, -3.2880e-02, -7.4665e-02, -4.5721e-02, -2.3299e-02, -6.2415e-02, -6.9041e-02, -9.8672e-02, -3.8340e-02, +1.0528e-01, -2.9257e-02, -1.5997e-02, +2.0259e-02, -2.7741e-02, -6.2712e-02, +4.8986e-02, -8.9058e-02, -1.7941e-02, -7.0278e-02, +1.5281e-02, +7.3774e-02, +1.5341e-02, -2.6991e-02, -6.4891e-02, -9.6069e-02, +4.9291e-02, -4.9714e-03, +5.4744e-02
-5.3472e-02, -7.5693e-02, -6.3731e-02, -1.2918e-01, -3.3655e-02, -1.0000e+00, +7.9673e-02, +5.8132e-02, +2.9869e-02, +1.1153e-01, -2.3416e-01, -8.6628e-02, +6.1417e-02, -3.2710e-02, -2.0237e-01, +1.8188e-02, -8.8017e-02, -3.2421e-02, -1.6078e-01, -5.4178e-02, -2.5541e-02, +2.4141e-02, +1.4667e-01, -3.4168e-02, -4.0659e-02, +4.6195e-02, -3.6787e-03, -3.3127e-02, -1.7269e-01, +1.4423e-02, -1.2101e-01, +3.3695e-03, -5.0792e-02, -5.0564e-02, +4.4241e-02, -1.2407e-01, +3.2319e-02, +2.8837e-02, -8.5123e-02, +3.0624e-02, -7.2061e-02, -3.5015e-02, -2.2726e-02, -4.5776e-03, +1.2013e-03, -5.0301e-02, -1.4354e-01, +1.4200e-01, -3.5381e-02, +6.5744e-02
+7.1556e-02, +3.8082e-01, -3.8100e-02, +1.5056e-01, -1.3836e-04, +7.9673e-02, -1.0000e+00, -1.8576e-01, -5.0003e-03, +5.9655e-02, -1.4879e-03, -3.9653e-02, +1.3359e-02, +4.1840e-02, -1.7367e-03, +4.2117e-03, +7.2146e-02, -2.7127e-02, -8.5155e-03, +2.3231e-02, +1.0388e-02, +6.8029e-02, +6.6965e-02, -7.9084e-02, +1.0227e-01, -6.8940e-02, -5.4227e-02, -1.4787e-01, +4.3463e-02, +2.4408e-03, +8.6039e-03, -4.0579e-03, -8.2702e-02, +6.9781e-02, +5.1227e-02, +1.0424e-01, -1.0005e-01, -3.5768e-02, -2.5879e-02, +3.0246e-02, +5.1284e-03, +3.4875e-02, +5.7499e-02, -3.2418e-02, -2.2585e-01, -1.6533e-02, +4.6861e-02, -1.6588e-01, +2.4643e-02, -8.9029e-02
+4.7902e-02, +2.9231e-01, -1.3649e-02, +6.8435e-02, -7.3854e-02, +5.8132e-02, -1.8576e-01, -1.0000e+00, -2.9963e-02, -5.6664e-03, -8.1560e-02, +3.3522e-02, -4.1541e-02, -2.0889e-02, -5.1838e-02, -2.4540e-02, +3.3371e-02, +6.1126e-03, +2.1859e-02, +7.3500e-03, +1.1579e-02, +2.0460e-01, +2.5724e-02, -4.3916e-02, +8.9914e-02, -2.2469e-02, -4.7822e-02, -9.7056e-02, +2.2097e-02, -4.2248e-02, -1.3275e-02, -1.2548e-01, -1.1015e-01, +5.4802e-02, -9.3838e-02, +1.0310e-01, -2.9622e-02, +7.7723e-03, -6.1952e-03, +6.7735e-02, -6.9447e-02, +2.6783e-02, +1.6843e-02, -2.0024e-02, -1.2873e-01, +6.6605e-03, +2.0351e-02, -5.8920e-02, +2.7232e-03, -3.8799e-02
-2.1367e-01, -5.3072e-02, -8.4421e-02, +2.4694e-02, +7.4349e-02, +2.9869e-02, -5.0003e-03, -2.9963e-02, -1.0000e+00, +6.0400e-02, +1.2263e-01, -2.6357e-03, -2.5229e-02, +2.3388e-02, +4.3002e-02, -5.5855e-02, -1.6155e-02, +5.3299e-03, +7.5014e-02, +1.8574e-02, -4.0716e-02, -1.1357e-01, -8.8088e-02, +5.4648e-02, +4.0547e-02, +7.6596e-02, +1.2266e-01, -4.8236e-02, +1.1379e-01, +1.8280e-02, +5.8974e-02, +2.4552e-02, +4.8477e-02, +2.0964e-02, -7.7060e-02, +1.8269e-02, -1.8102e-04, +5.3275e-03, +1.6025e-02, -1.9870e-02, -3.8088e-03, +2.3765e-03, -2.9849e-02, -4.6828e-02, -6.8728e-03, +3.2649e-02, -1.0593e-01, +1.4010e-01, +1.3469e-02, +2.2516e-02
+6.4703e-02, -2.2549e-02, +7.4948e-02, +8.0774e-02, +1.3603e-01, +1.1153e-01, +5.9655e-02, -5.6664e-03, +6.0400e-02, -1.0000e+00, -1.4910e-01, +6.2865e-02, +3.3929e-02, -1.2582e-02, +8.7316e-02, -4.6856e-03, +8.6083e-02, +5.4456e-02, +6.6040e-02, -1.6222e-03, -4.4762e-02, -6.5095e-02, +1.1737e-01, -1.4305e-01, +1.6554e-02, +5.9785e-02, -1.5404e-02, +2.3863e-02, +4.3559e-02, +2.1784e-02, -6.7733e-02, -1.1101e-02, +7.7456e-02, -1.3491e-02, +1.0232e-04, -9.7018e-02, +5.9237e-03, +4.9885e-02, +3.0056e-02, +8.6825e-02, +5.2845e-02, +3.8452e-02, +6.9633e-02, -4.3214e-02, +1.6902e-03, +4.8810e-02, +4.3790e-02, -7.0237e-02, +4.8794e-03, +2.3695e-02
-2.2974e-02, -9.8359e-03, -7.1719e-02, -8.1330e-02, -1.3463e-01, -2.3416e-01, -1.4879e-03, -8.1560e-02, +1.2263e-01, -1.4910e-01, -1.0000e+00, -3.3544e-02, -2.0395e-02, -8.9898e-03, -2.3664e-01, -2.6604e-02, -5.8724e-02, -6.4391e-02, -1.4817e-01, -9.8630e-02, -3.1942e-02, +7.4450e-02, +3.6710e-01, +8.4632e-02, -3.6331e-02, -6.3992e-02, -1.3212e-01, -1.2808e-01, -1.5461e-01, -4.5097e-03, -6.9069e-02, -1.3402e-02, -1.4307e-01, -2.2619e-02, +4.0867e-02, -1.6413e-01, -2.0869e-02, -4.4491e-02, -8.5734e-02, -9.7828e-03, -1.0552e-01, -1.8075e-02, -3.0610e-03, -4.0314e-03, -9.3716e-02, +2.3610e-02, -1.3428e-01, +4.1061e-02, -3.2371e-02, +5.3681e-02
-8.7393e-02, +1.2941e-01, -1.4239e-01, -1.1287e-01, -9.7531e-02, -8.6628e-02, -3.9653e-02, +3.3522e-02, -2.6357e-03, +6.2865e-02, -3.3544e-02, -1.0000e+00, +9.1321e-02, -9.3919e-02, -2.9871e-02, +6.5131e-02, +1.2902e-01, -1.5537e-02, -5.9604e-02, +5.1517e-02, +5.3869e-02, +7.0252e-02, +4.7707e-02, -9.6880e-02, +3.5176e-02, +2.2752e-03, -6.0602e-02, -2.8087e-02, -7.3489e-02, -3.7028e-02, -7.1771e-02, +4.4737e-02, +3.3650e-02, +6.0226e-04, +8.8771e-02, +1.1632e-02, -3.0434e-02, +3.9670e-02, -5.9886e-02, -1.3517e-01, -5.7655e-02, +7.0389e-02, -2.6658e-02, +8.0410e-02, -8.8744e-02, +5.3003e-02, +8.9621e-02, +3.0796e-02, -1.9373e-02, -1.7231e-01
+1.5039e-01, +4.6685e-01, -3.1177e-02, -1.7478e-02, +9.8255e-03, +6.1417e-02, +1.3359e-02, -4.1541e-02, -2.5229e-02, +3.3929e-02, -2.0395e-02, +9.1321e-02, -1.0000e+00, +1.5930e-01, -1.9164e-01, -6.7632e-02, +5.5865e-02, -3.3249e-02, -3.9246e-03, +5.6464e-02, +2.9509e-04, -3.7362e-02, +8.5757e-02, -3.1620e-02, +9.7415e-02, -3.3132e-01, -1.7712e-02, +1.9264e-01, +5.9298e-02, +1.1699e-02, -2.4092e-02, +5.6601e-02, +1.5738e-02, +4.0227e-02, -6.6806e-02, +9.3035e-02, -6.3186e-02, +3.2658e-02, +3.7094e-02, +3.9449e-02, -1.2132e-01, +7.7740e-02, -7.0189e-02, -3.6685e-02, -2.8481e-01, +1.4862e-01, +2.5318e-02, -2.3911e-01, +1.1155e-01, -4.2330e-02
-4.2249e-02, +1.7281e-02, -6.6616e-02, +1.1952e-02, -3.7937e-02, -3.2710e-02, +4.1840e-02, -2.0889e-02, +2.3388e-02, -1.2582e-02, -8.9898e-03, -9.3919e-02, +1.5930e-01, -1.0000e+00, +5.9601e-02, +2.0244e-04, +2.3426e-02, +2.2723e-02, -7.5559e-02, +5.6778e-02, +3.9888e-02, +9.8934e-02, +7.2355e-02, -5.6275e-02, +4.1687e-03, -8.8340e-03, -7.4100e-02, -1.2593e-01, -6.0647e-02, -9.2421e-02, -6.9767e-02, +1.0959e-02, -5.3795e-02, +4.5654e-02, +8.4500e-04, -1.5391e-02, -1.4639e-02, +1.0653e-01, -9.7612e-02, -1.6895e-02, +1.1761e-02, -2.9642e-02, -5.4847e-03, +6.9468e-03, -5.6053e-02, -6.5088e-03, -7.6277e-03, +9.6184e-02, -3.3816e-03, -1.0828e-01
-4.8801e-02, +6.5557e-02, +1.8103e-01, -6.6494e-02, -4.8841e-03, -2.0237e-01, -1.7367e-03, -5.1838e-02, +4.3002e-02, +8.7316e-02, -2.3664e-01, -2.9871e-02, -1.9164e-01, +5.9601e-02, -1.0000e+00, +4.4621e-03, -6.0143e-02, -8.5427e-02, -1.4369e-01, -6.4496e-02, -1.2597e-01, +5.0920e-02, +4.9560e-02, -4.1002e-02, +1.4172e-02, -8.2992e-02, -6.6733e-02, -8.6080e-03, -1.4315e-01, +3.5740e-02, -1.4877e-01, -2.1440e-02, -7.6145e-02, -3.7174e-02, -5.8739e-02, -7.3654e-04, +9.9532e-02, +8.1228e-03, -6.6226e-02, +3.4795e-02, -1.9087e-01, -1.3169e-02, -2.6738e-02, -2.2449e-02, -1.1046e-01, +1.4064e-02, -8.9724e-02, +1.4856e-01, -1.3397e-02, +1.4459e-02
-2.2808e-02, -6.6524e-03, +4.1141e-02, +1.3885e-01, +6.9653e-02, +1.8188e-02, +4.2117e-03, -2.4540e-02, -5.5855e-02, -4.6856e-03, -2.6604e-02, +6.5131e-02, -6.7632e-02, +2.0244e-04, +4.4621e-03, -1.0000e+00, -1.7615e-03, +5.6229e-02, +9.1135e-03, -5.1370e-02, -2.0289e-02, +3.2872e-02, -2.7121e-02, +3.0001e-02, +2.2449e-01, +6.7966e-02, -3.6224e-02, +1.3907e-02, -5.2466e-02, -1.0798e-02, +6.1728e-03, +2.8505e-02, +2.5820e-02, -4.1721e-02, -1.7896e-02, +1.1901e-02, -6.2941e-03, -9.0337e-02, +4.9172e-02, +1.7004e-01, -1.0764e-02, -1.5678e-03, +3.8611e-02, -1.6794e-02, -3.8181e-02, +4.7997e-02, -6.8333e-02, +1.0236e-01, -2.5142e-02, +2.1564e-01
+5.0697e-02, -1.2714e-01, +1.4670e-02, +6.3365e-02, +3.5488e-02, -8.8017e-02, +7.2146e-02, +3.3371e-02, -1.6155e-02, +8.6083e-02, -5.8724e-02, +1.2902e-01, +5.5865e-02, +2.3426e-02, -6.0143e-02, -1.7615e-03, -1.0000e+00, -3.6533e-02, +5.3769e-02, -6.0341e-02, -3.9237e-02, +3.0894e-02, -8.4826e-03, -4.9684e-03, -7.4201e-02, +1.6029e-02, -4.4450e-03, -2.7524e-02, +2.5777e-02, -3.3361e-02, -4.6983e-02, -1.6371e-02, +3.0363e-02, +1.5885e-03, -4.6702e-02, -3.5531e-02, +2.3152e-02, -5.2766e-02, -1.4644e-02, -2.3826e-02, +2.6840e-03, -1.1692e-02, +6.2189e-03, -3.1005e-02, +6.6119e-02, +1.0676e-02, +3.0559e-02, -2.4446e-01, +5.4739e-03, +1.4008e-02
-3.5700e-02, -1.8010e-02, +1.0252e-02, -7.8009e-02, -7.6390e-02, -3.2421e-02, -2.7127e-02, +6.1126e-03, +5.3299e-03, +5.4456e-02, -6.4391e-02, -1.5537e-02, -3.3249e-02, +2.2723e-02, -8.5427e-02, +5.6229e-02, -3.6533e-02, -1.0000e+00, +4.7911e-03, -4.7307e-02, +1.7243e-02, -1.5960e-01, +7.8427e-02, +4.1825e-02, -1.6840e-02, -8.6270e-02, +2.2513e-02, +3.1938e-02, -4.5155e-02, +9.2269e-03, -7.7479e-02, -4.7335e-02, -5.5138e-02, +4.0310e-02, +3.9291e-03, -1.5107e-02, -5.5202e-03, -2.8108e-03, +6.8222e-02, -2.9836e-02, -3.4556e-02, +3.0407e-02, +4.1948e-02, +6.4326e-04, -3.3297e-02, -1.4134e-02, -6.5660e-02, -3.5214e-03, +8.9272e-03, -5.2904e-02
+1.6016e-02, +1.6774e-01, +1.0621e-02, +3.2783e-02, -1.5476e-01, -1.6078e-01, -8.5155e-03, +2.1859e-02, +7.5014e-02, +6.6040e-02, -1.4817e-01, -5.9604e-02, -3.9246e-03, -7.5559e-02, -1.4369e-01, +9.1135e-03, +5.3769e-02, +4.7911e-03, -1.0000e+00, -5.4495e-02, -7.1726e-02, -3.5838e-02, +1.1947e-01, -9.6745e-02, -7.7442e-02, -4.4444e-02, -1.1039e-01, -8.7001e-02, -9.5025e-02, -1.0072e-01, -7.6268e-02, +5.4560e-02, +7.5195e-03, -5.6023e-03, +5.9004e-02, +7.0521e-02, +9.6001e-02, +4.1089e-02, -1.3306e-01, +1.0399e-01, -4.9149e-02, +4.1992e-02, +3.0665e-03, -7.7424e-02, -1.5947e-01, -5.9279e-02, -6.6174e-02, +1.9883e-01, -3.8259e-02, -5.7546e-02
+5.4873e-02, -2.6645e-02, +8.8105e-03, +4.4191e-02, +2.2382e-02, -5.4178e-02, +2.3231e-02, +7.3500e-03, +1.8574e-02, -1.6222e-03, -9.8630e-02, +5.1517e-02, +5.6464e-02, +5.6778e-02, -6.4496e-02, -5.1370e-02, -6.0341e-02, -4.7307e-02, -5.4495e-02, -1.0000e+00, -7.0664e-03, -1.6404e-01, -1.0735e-02, +5.2608e-02, -5.7238e-02, +5.1243e-02, +1.1725e-02, +3.5031e-03, -5.5967e-02, -4.4429e-02, +5.1692e-02, -6.2358e-02, -1.1448e-01, -2.2669e-02, +6.3020e-02, +7.6617e-03, +1.5396e-01, -1.2150e-01, +2.5425e-02, +1.2942e-01, -7.5666e-02, +1.7431e-02, -5.1576e-03, -8.1484e-02, +6.5492e-02, +3.7869e-02, -4.1279e-02, +3.1249e-02, +7.6502e-04, +4.6411e-02
-4.2132e-04, +3.9120e-02, +1.2209e-02, +3.0195e-03, -2.5510e-03, -2.5541e-02, +1.0388e-02, +1.1579e-02, -4.0716e-02, -4.4762e-02, -3.1942e-02, +5.3869e-02, +2.9509e-04, +3.9888e-02, -1.2597e-01, -2.0289e-02, -3.9237e-02, +1.7243e-02, -7.1726e-02, -7.0664e-03, -1.0000e+00, +1.2077e-01, -1.6702e-01, +6.6242e-02, -1.2589e-02, +7.3022e-02, -4.7873e-03, +8.7080e-03, -1.7105e-02, -4.7204e-02, +3.3446e-02, -1.4220e-02, +4.3757e-02, -3.6293e-02, +3.7440e-02, +4.2579e-02, +7.3480e-02, -1.4823e-02, +1.4759e-02, -6.9473e-03, -5.4655e-02, +4.9138e-02, -6.7086e-02, -1.6782e-01, -7.5509e-02, -5.0495e-02, -1.2891e-02, +1.9951e-01, -3.7560e-02, +9.5845e-04
+1.4644e-02, -7.4932e-02, +3.9567e-02, +3.0797e-02, +1.5683e-02, +2.4141e-02, +6.8029e-02, +2.0460e-01, -1.1357e-01, -6.5095e-02, +7.4450e-02, +7.0252e-02, -3.7362e-02, +9.8934e-02, +5.0920e-02, +3.2872e-02, +3.0894e-02, -1.5960e-01, -3.5838e-02, -1.6404e-01, +1.2077e-01, -1.0000e+00, +5.4077e-02, +4.8845e-02, -1.4170e-01, +7.6469e-02, +7.1264e-02, +1.1439e-02, +4.0027e-02, +3.7735e-02, -6.4665e-02, -4.7985e-02, +4.9915e-02, -1.5963e-02, +1.4431e-02, -3.5093e-02, +4.9653e-02, -2.7478e-02, +4.7700e-02, -3.2756e-02, +5.7131e-02, -6.0526e-02, +1.3901e-01, -3.6976e-02, -1.4749e-03, +9.0375e-02, -7.8824e-02, -9.1284e-03, -2.1112e-02, +1.0427e-02
+4.4521e-02, -4.1742e-02, +4.8886e-02, -2.7655e-02, +2.3857e-01, +1.4667e-01, +6.6965e-02, +2.5724e-02, -8.8088e-02, +1.1737e-01, +3.6710e-01, +4.7707e-02, +8.5757e-02, +7.2355e-02, +4.9560e-02, -2.7121e-02, -8.4826e-03, +7.8427e-02, +1.1947e-01, -1.0735e-02, -1.6702e-01, +5.4077e-02, -1.0000e+00, +1.5799e-02, +2.4493e-01, +4.4932e-02, +2.3095e-01, +2.3577e-03, +2.1616e-01, +2.1672e-02, +2.2199e-01, -1.4832e-01, -2.8040e-02, -4.1114e-02, -6.8765e-03, +1.0499e-01, +1.5290e-01, -2.2242e-02, +2.1248e-01, +3.1693e-02, +7.2215e-02, -1.4257e-02, -1.0623e-01, -3.6828e-02, +6.5573e-02, -1.5734e-02, +3.3879e-02, +2.6734e-01, +1.6554e-02, +3.4940e-02
-4.0515e-02, +1.2368e-01, -4.3988e-02, -9.1357e-02, -3.2880e-02, -3.4168e-02, -7.9084e-02, -4.3916e-02, +5.4648e-02, -1.4305e-01, +8.4632e-02, -9.6880e-02, -3.1620e-02, -5.6275e-02, -4.1002e-02, +3.0001e-02, -4.9684e-03, +4.1825e-02, -9.6745e-02, +5.2608e-02, +6.6242e-02, +4.8845e-02, +1.5799e-02, -1.0000e+00, -2.7319e-02, -5.0858e-02, +2.4879e-02, -8.5111e-03, -3.6001e-02, +7.5457e-03, -5.8803e-02, +1.7913e-02, +7.3426e-02, +1.0982e-02, -7.4225e-02, +6.0847e-02, +3.6791e-02, +1.1857e-01, -1.6267e-01, +4.9555e-02, +8.2339e-02, +7.1873e-02, -4.7669e-02, -4.1636e-02, -6.8339e-02, -1.4840e-04, -7.4455e-02, -5.5391e-03, +2.8267e-02, -1.4179e-02
-5.4550e-02, -4.4940e-02, +6.7139e-03, -5.2823e-02, -7.4665e-02, -4.0659e-02, +1.0227e-01, +8.9914e-02, +4.0547e-02, +1.6554e-02, -3.6331e-02, +3.5176e-02, +9.7415e-02, +4.1687e-03, +1.4172e-02, +2.2449e-01, -7.4201e-02, -1.6840e-02, -7.7442e-02, -5.7238e-02, -1.2589e-02, -1.4170e-01, +2.4493e-01, -2.7319e-02, -1.0000e+00, +3.1291e-02, -2.3120e-02, -9.5541e-03, -9.7348e-03, +2.4135e-02, -6.9991e-02, -3.0472e-02, +2.2859e-02, +3.7037e-02, +1.1509e-02, -3.4896e-02, +4.4413e-02, +1.1050e-02, -5.5048e-02, -1.3846e-01, +2.5735e-02, +1.0290e-02, +4.7806e-03, -2.9536e-02, +2.3148e-01, -6.7030e-03, -1.9599e-02, -4.3351e-02, -5.6986e-02, +1.8609e-01
+6.0940e-03, +1.9508e-01, +2.4223e-02, -7.7443e-02, -4.5721e-02, +4.6195e-02, -6.8940e-02, -2.2469e-02, +7.6596e-02, +5.9785e-02, -6.3992e-02, +2.2752e-03, -3.3132e-01, -8.8340e-03, -8.2992e-02, +6.7966e-02, +1.6029e-02, -8.6270e-02, -4.4444e-02, +5.1243e-02, +7.3022e-02, +7.6469e-02, +4.4932e-02, -5.0858e-02, +3.1291e-02, -1.0000e+00, -8.5287e-02, +1.9921e-05, -5.7000e-02, -1.2694e-01, -9.0192e-02, +3.5314e-02, +2.4266e-02, +1.2035e-01, -5.1091e-02, -8.2249e-03, -3.4171e-02, +5.9987e-02, +2.5263e-02, +5.9280e-02, -1.0777e-01, -1.2168e-02, -3.4495e-02, +1.4303e-02, -9.2795e-02, +7.1299e-02, -6.1422e-02, -5.2106e-02, +8.5605e-02, -2.4248e-02
+3.5049e-02, +9.5500e-02, -4.8678e-02, +1.1087e-01, -2.3299e-02, -3.6787e-03, -5.4227e-02, -4.7822e-02, +1.2266e-01, -1.5404e-02, -1.3212e-01, -6.0602e-02, -1.7712e-02, -7.4100e-02, -6.6733e-02, -3.6224e-02, -4.4450e-03, +2.2513e-02, -1.1039e-01, +1.1725e-02, -4.7873e-03, +7.1264e-02, +2.3095e-01, +2.4879e-02, -2.3120e-02, -8.5287e-02, -1.0000e+00, -2.3482e-02, -1.2847e-01, -3.6315e-02, -1.0236e-01, +1.1891e-02, -3.6434e-02, +2.5700e-02, -7.5680e-03, -3.6075e-02, -3.5090e-02, -3.6942e-03, -7.9601e-02, +4.7118e-02, -1.5295e-01, -4.3357e-02, -7.9446e-02, +2.9719e-02, -1.4049e-01, +1.7926e-02, +2.2125e-02, +2.1259e-02, +4.5810e-03, -5.7926e-02
-7.5663e-03, +1.4735e-01, -1.2512e-01, +8.2574e-02, -6.2415e-02, -3.3127e-02, -1.4787e-01, -9.7056e-02, -4.8236e-02, +2.3863e-02, -1.2808e-01, -2.8087e-02, +1.9264e-01, -1.2593e-01, -8.6080e-03, +1.3907e-02, -2.7524e-02, +3.1938e-02, -8.7001e-02, +3.5031e-03, +8.7080e-03, +1.1439e-02, +2.3577e-03, -8.5112e-03, -9.5541e-03, +1.9930e-05, -2.3482e-02, -1.0000e+00, -7.8241e-03, -3.2409e-03, -6.5493e-02, -4.9081e-02, -4.1590e-02, -2.9956e-02, +1.4783e-02, +6.5161e-03, -1.2890e-02, +4.2952e-02, -2.3432e-02, -8.4569e-02, -4.2182e-02, -4.7887e-02, -4.4654e-02, -5.6797e-03, -6.5051e-02, -1.3037e-03, +4.9913e-02, +1.4692e-01, -9.3915e-03, -8.6875e-02
-9.1242e-02, -3.5018e-02, -4.3222e-02, -8.8645e-02, -6.9041e-02, -1.7269e-01, +4.3463e-02, +2.2097e-02, +1.1379e-01, +4.3559e-02, -1.5461e-01, -7.3489e-02, +5.9298e-02, -6.0647e-02, -1.4315e-01, -5.2466e-02, +2.5777e-02, -4.5155e-02, -9.5025e-02, -5.5967e-02, -1.7105e-02, +4.0027e-02, +2.1616e-01, -3.6001e-02, -9.7348e-03, -5.7000e-02, -1.2847e-01, -7.8241e-03, -1.0000e+00, -7.4773e-02, -7.8273e-02, +6.6189e-02, -4.8046e-02, -8.9381e-03, -1.4694e-02, -2.3028e-02, +5.9031e-03, -8.7815e-04, -8.3523e-02, +7.9364e-02, +1.0396e-02, +2.1885e-02, -7.1970e-03, +2.2916e-02, -2.8552e-02, -1.2438e-02, -8.1517e-02, +1.4956e-01, -3.6001e-02, +3.2044e-02
-3.9781e-02, +9.7755e-02, -9.2547e-02, -6.8655e-02, -9.8672e-02, +1.4423e-02, +2.4408e-03, -4.2248e-02, +1.8280e-02, +2.1784e-02, -4.5097e-03, -3.7028e-02, +1.1699e-02, -9.2421e-02, +3.5740e-02, -1.0798e-02, -3.3361e-02, +9.2269e-03, -1.0072e-01, -4.4429e-02, -4.7204e-02, +3.7735e-02, +2.1672e-02, +7.5457e-03, +2.4135e-02, -1.2694e-01, -3.6315e-02, -3.2409e-03, -7.4773e-02, -1.0000e+00, -1.0175e-02, +2.2848e-02, -3.8816e-02, +6.0788e-02, +1.7560e-02, +3.4384e-02, +5.1754e-03, +1.7084e-01, -4.4137e-02, +3.9706e-02, +1.1915e-02, -2.6456e-03, +3.7974e-02, -1.0033e-01, -5.1279e-02, +4.7490e-02, +2.3774e-03, +3.6923e-02, +1.8568e-02, -2.3238e-02
-5.0172e-02, +2.5653e-03, +5.8635e-02, +2.5817e-02, -3.8340e-02, -1.2101e-01, +8.6039e-03, -1.3275e-02, +5.8974e-02, -6.7733e-02, -6.9068e-02, -7.1771e-02, -2.4092e-02, -6.9767e-02, -1.4877e-01, +6.1728e-03, -4.6983e-02, -7.7479e-02, -7.6268e-02, +5.1692e-02, +3.3446e-02, -6.4665e-02, +2.2199e-01, -5.8803e-02, -6.9991e-02, -9.0192e-02, -1.0236e-01, -6.5493e-02, -7.8273e-02, -1.0175e-02, -1.0000e+00, +4.0553e-02, +1.5681e-03, +6.8161e-02, -9.2592e-03, -3.3559e-03, -8.3409e-02, +2.5453e-02, -1.0309e-01, +1.6248e-02, -1.7531e-01, -2.0239e-02, +1.0510e-02, +5.3617e-02, -1.2012e-01, -2.6952e-02, -6.8279e-02, +1.7768e-01, +3.0854e-02, -5.3584e-03
-6.4044e-03, -4.6371e-03, -9.8503e-03, +4.1384e-02, +1.0528e-01, +3.3695e-03, -4.0579e-03, -1.2548e-01, +2.4552e-02, -1.1101e-02, -1.3402e-02, +4.4737e-02, +5.6601e-02, +1.0959e-02, -2.1440e-02, +2.8505e-02, -1.6371e-02, -4.7335e-02, +5.4560e-02, -6.2358e-02, -1.4220e-02, -4.7985e-02, -1.4832e-01, +1.7913e-02, -3.0472e-02, +3.5314e-02, +1.1891e-02, -4.9081e-02, +6.6189e-02, +2.2848e-02, +4.0553e-02, -1.0000e+00, +6.3258e-03, -1.0149e-01, -3.7890e-02, +2.7150e-03, +7.2567e-02, -4.5046e-02, +1.9490e-02, +6.1123e-02, -9.8888e-03, +7.6598e-02, -2.4018e-02, -2.5719e-02, +4.7126e-02, +1.6356e-02, -4.9469e-02, +7.5040e-04, +1.2808e-02, +1.7325e-02
+2.0469e-03, +1.3651e-02, +3.0615e-03, -2.4499e-02, -2.9257e-02, -5.0792e-02, -8.2702e-02, -1.1015e-01, +4.8477e-02, +7.7456e-02, -1.4307e-01, +3.3650e-02, +1.5738e-02, -5.3795e-02, -7.6145e-02, +2.5820e-02, +3.0363e-02, -5.5138e-02, +7.5195e-03, -1.1448e-01, +4.3757e-02, +4.9915e-02, -2.8040e-02, +7.3426e-02, +2.2859e-02, +2.4266e-02, -3.6434e-02, -4.1590e-02, -4.8046e-02, -3.8816e-02, +1.5681e-03, +6.3258e-03, -1.0000e+00, -5.1898e-02, +2.8299e-02, -7.0477e-02, +4.6650e-02, -6.5271e-02, +3.3361e-02, -3.4699e-02, -4.8695e-02, -2.9434e-02, +3.7517e-02, +3.4909e-02, -5.7413e-02, +2.5491e-02, -1.2391e-01, +2.7101e-02, -4.8660e-02, +6.1636e-02
-6.3129e-02, -1.0704e-01, -1.8740e-02, +1.9896e-02, -1.5997e-02, -5.0564e-02, +6.9781e-02, +5.4802e-02, +2.0964e-02, -1.3491e-02, -2.2619e-02, +6.0226e-04, +4.0227e-02, +4.5654e-02, -3.7174e-02, -4.1721e-02, +1.5885e-03, +4.0310e-02, -5.6023e-03, -2.2669e-02, -3.6293e-02, -1.5963e-02, -4.1114e-02, +1.0982e-02, +3.7037e-02, +1.2035e-01, +2.5700e-02, -2.9956e-02, -8.9381e-03, +6.0788e-02, +6.8161e-02, -1.0149e-01, -5.1898e-02, -1.0000e+00, -1.2581e-02, -6.0707e-02, +9.3426e-02, -9.5660e-02, -2.0541e-02, +2.8255e-02, +4.5878e-02, +9.2730e-02, +3.5488e-02, -4.7364e-02, +3.9776e-02, -1.3722e-02, -8.5715e-02, -7.0326e-03, +5.6204e-02, +3.1121e-02
-4.2047e-02, +8.7196e-03, +7.6095e-02, +5.0191e-02, +2.0259e-02, +4.4241e-02, +5.1227e-02, -9.3838e-02, -7.7060e-02, +1.0232e-04, +4.0867e-02, +8.8771e-02, -6.6806e-02, +8.4499e-04, -5.8739e-02, -1.7896e-02, -4.6702e-02, +3.9291e-03, +5.9004e-02, +6.3020e-02, +3.7440e-02, +1.4431e-02, -6.8765e-03, -7.4225e-02, +1.1509e-02, -5.1091e-02, -7.5680e-03, +1.4783e-02, -1.4694e-02, +1.7560e-02, -9.2592e-03, -3.7890e-02, +2.8299e-02, -1.2581e-02, -1.0000e+00, +5.9262e-02, +5.9235e-02, +3.3127e-02, +4.4987e-03, +1.9748e-02, -1.2033e-02, -6.7447e-02, +7.6825e-02, +3.2770e-02, +7.7233e-03, +3.1229e-03, -1.6672e-02, +8.6055e-03, -4.0402e-02, +3.0980e-02
-1.4430e-02, -2.0249e-01, +6.4314e-02, +1.2259e-02, -2.7741e-02, -1.2407e-01, +1.0424e-01, +1.0310e-01, +1.8269e-02, -9.7018e-02, -1.6413e-01, +1.1632e-02, +9.3035e-02, -1.5391e-02, -7.3654e-04, +1.1901e-02, -3.5531e-02, -1.5107e-02, +7.0521e-02, +7.6617e-03, +4.2579e-02, -3.5093e-02, +1.0499e-01, +6.0847e-02, -3.4896e-02, -8.2249e-03, -3.6075e-02, +6.5161e-03, -2.3028e-02, +3.4384e-02, -3.3559e-03, +2.7150e-03, -7.0477e-02, -6.0707e-02, +5.9262e-02, -1.0000e+00, -5.2915e-02, +6.8704e-02, +4.6394e-02, -5.6096e-03, +1.9342e-02, -8.8215e-02, -2.3938e-02, +5.8081e-02, +1.3981e-02, -5.0732e-02, -3.3944e-02, +6.1071e-02, -6.3735e-02, +1.8918e-02
+7.8217e-02, +8.4218e-02, -6.7433e-02, +2.1462e-02, -6.2712e-02, +3.2319e-02, -1.0005e-01, -2.9622e-02, -1.8101e-04, +5.9237e-03, -2.0869e-02, -3.0434e-02, -6.3186e-02, -1.4639e-02, +9.9532e-02, -6.2941e-03, +2.3152e-02, -5.5202e-03, +9.6001e-02, +1.5396e-01, +7.3480e-02, +4.9653e-02, +1.5290e-01, +3.6791e-02, +4.4413e-02, -3.4171e-02, -3.5090e-02, -1.2890e-02, +5.9031e-03, +5.1754e-03, -8.3409e-02, +7.2567e-02, +4.6650e-02, +9.3426e-02, +5.9235e-02, -5.2915e-02, -1.0000e+00, +1.4411e-02, +5.9911e-03, -6.8135e-02, +6.1721e-03, -8.9398e-02, +2.6947e-02, +4.9181e-02, -1.8237e-01, +1.5004e-03, +7.4059e-02, +9.2631e-02, +4.8277e-02, -3.8342e-02
-1.0864e-02, -8.7968e-02, +1.7266e-01, +1.4448e-01, +4.8986e-02, +2.8837e-02, -3.5768e-02, +7.7723e-03, +5.3275e-03, +4.9885e-02, -4.4491e-02, +3.9670e-02, +3.2658e-02, +1.0653e-01, +8.1228e-03, -9.0337e-02, -5.2766e-02, -2.8108e-03, +4.1089e-02, -1.2150e-01, -1.4823e-02, -2.7478e-02, -2.2242e-02, +1.1857e-01, +1.1050e-02, +5.9987e-02, -3.6942e-03, +4.2952e-02, -8.7815e-04, +1.7084e-01, +2.5453e-02, -4.5046e-02, -6.5271e-02, -9.5660e-02, +3.3127e-02, +6.8704e-02, +1.4411e-02, -1.0000e+00, +8.9310e-02, -2.4538e-04, +1.0732e-02, -2.3102e-02, +8.6437e-02, +2.4396e-02, -6.9040e-03, +8.0169e-02, -4.5376e-02, -4.8015e-02, -5.2405e-02, +2.4833e-02
+8.9831e-03, -3.0312e-03, +1.3655e-03, -1.5690e-01, -8.9058e-02, -8.5123e-02, -2.5879e-02, -6.1952e-03, +1.6025e-02, +3.0056e-02, -8.5734e-02, -5.9886e-02, +3.7094e-02, -9.7612e-02, -6.6226e-02, +4.9172e-02, -1.4644e-02, +6.8222e-02, -1.3306e-01, +2.5425e-02, +1.4759e-02, +4.7700e-02, +2.1248e-01, -1.6267e-01, -5.5048e-02, +2.5263e-02, -7.9601e-02, -2.3432e-02, -8.3523e-02, -4.4137e-02, -1.0309e-01, +1.9490e-02, +3.3361e-02, -2.0541e-02, +4.4987e-03, +4.6394e-02, +5.9911e-03, +8.9310e-02, -1.0000e+00, -6.2802e-02, -2.4531e-02, +3.1802e-02, -3.6931e-02, +5.5115e-02, -2.9281e-02, -5.9069e-02, -1.5539e-01, +2.8311e-02, -7.0573e-02, +1.1643e-02
-1.6914e-02, -1.0492e-01, -1.2802e-01, -5.3927e-02, -1.7941e-02, +3.0624e-02, +3.0246e-02, +6.7735e-02, -1.9870e-02, +8.6825e-02, -9.7828e-03, -1.3517e-01, +3.9449e-02, -1.6895e-02, +3.4795e-02, +1.7004e-01, -2.3826e-02, -2.9836e-02, +1.0399e-01, +1.2942e-01, -6.9473e-03, -3.2756e-02, +3.1693e-02, +4.9555e-02, -1.3846e-01, +5.9280e-02, +4.7118e-02, -8.4569e-02, +7.9364e-02, +3.9706e-02, +1.6248e-02, +6.1123e-02, -3.4699e-02, +2.8255e-02, +1.9748e-02, -5.6096e-03, -6.8135e-02, -2.4538e-04, -6.2802e-02, -1.0000e+00, -2.9168e-02, -2.4324e-02, -8.5513e-02, +7.3009e-02, +1.2319e-01, -3.3731e-02, +4.8156e-02, +1.6543e-03, -6.3015e-03, +6.2130e-02
+3.3991e-03, -1.2324e-02, -5.7972e-02, -4.6090e-02, -7.0278e-02, -7.2061e-02, +5.1284e-03, -6.9447e-02, -3.8088e-03, +5.2845e-02, -1.0552e-01, -5.7655e-02, -1.2132e-01, +1.1761e-02, -1.9087e-01, -1.0764e-02, +2.6840e-03, -3.4556e-02, -4.9149e-02, -7.5666e-02, -5.4655e-02, +5.7131e-02, +7.2215e-02, +8.2339e-02, +2.5735e-02, -1.0777e-01, -1.5295e-01, -4.2182e-02, +1.0396e-02, +1.1915e-02, -1.7531e-01, -9.8888e-03, -4.8695e-02, +4.5878e-02, -1.2033e-02, +1.9342e-02, +6.1721e-03, +1.0732e-02, -2.4531e-02, -2.9168e-02, -1.0000e+00, -6.9085e-02, -1.3615e-01, +4.0756e-02, -6.3636e-02, -6.4609e-02, -5.5424e-02, +1.2496e-01, +6.3616e-02, +8.1667e-03
+1.4459e-02, -9.8649e-02, -4.4976e-02, +7.3856e-02, +1.5281e-02, -3.5015e-02, +3.4875e-02, +2.6783e-02, +2.3765e-03, +3.8452e-02, -1.8075e-02, +7.0389e-02, +7.7740e-02, -2.9642e-02, -1.3169e-02, -1.5678e-03, -1.1692e-02, +3.0407e-02, +4.1992e-02, +1.7431e-02, +4.9138e-02, -6.0526e-02, -1.4257e-02, +7.1873e-02, +1.0290e-02, -1.2168e-02, -4.3357e-02, -4.7887e-02, +2.1885e-02, -2.6456e-03, -2.0239e-02, +7.6598e-02, -2.9434e-02, +9.2730e-02, -6.7447e-02, -8.8215e-02, -8.9398e-02, -2.3102e-02, +3.1802e-02, -2.4324e-02, -6.9085e-02, -1.0000e+00, -3.8473e-02, +1.5238e-03, -4.5267e-03, -3.6088e-02, -3.9810e-02, +8.8993e-02, -3.6137e-03, +5.2174e-02
+1.3390e-02, +8.0543e-02, -1.1413e-01, -6.5821e-02, +7.3774e-02, -2.2726e-02, +5.7499e-02, +1.6843e-02, -2.9849e-02, +6.9633e-02, -3.0610e-03, -2.6658e-02, -7.0189e-02, -5.4847e-03, -2.6738e-02, +3.8611e-02, +6.2189e-03, +4.1948e-02, +3.0665e-03, -5.1576e-03, -6.7086e-02, +1.3901e-01, -1.0623e-01, -4.7669e-02, +4.7806e-03, -3.4495e-02, -7.9446e-02, -4.4654e-02, -7.1970e-03, +3.7974e-02, +1.0510e-02, -2.4018e-02, +3.7517e-02, +3.5488e-02, +7.6825e-02, -2.3938e-02, +2.6947e-02, +8.6437e-02, -3.6931e-02, -8.5513e-02, -1.3615e-01, -3.8473e-02, -1.0000e+00, -1.2088e-01, -5.3679e-02, -2.7639e-02, +1.3771e-02, +1.0496e-01, +1.9074e-02, -3.7994e-03
+1.5076e-02, +1.7248e-01, -7.9678e-02, +5.6214e-03, +1.5341e-02, -4.5776e-03, -3.2418e-02, -2.0024e-02, -4.6828e-02, -4.3214e-02, -4.0314e-03, +8.0410e-02, -3.6685e-02, +6.9468e-03, -2.2449e-02, -1.6794e-02, -3.1005e-02, +6.4327e-04, -7.7424e-02, -8.1484e-02, -1.6782e-01, -3.6977e-02, -3.6828e-02, -4.1636e-02, -2.9536e-02, +1.4303e-02, +2.9719e-02, -5.6797e-03, +2.2916e-02, -1.0033e-01, +5.3617e-02, -2.5719e-02, +3.4909e-02, -4.7364e-02, +3.2770e-02, +5.8081e-02, +4.9181e-02, +2.4396e-02, +5.5115e-02, +7.3009e-02, +4.0756e-02, +1.5238e-03, -1.2088e-01, -1.0000e+00, -9.1042e-02, +5.0436e-02, +4.0906e-02, -5.9053e-02, +8.4382e-03, +6.6639e-02
+2.6331e-02, +4.9922e-01, -6.8139e-02, +1.6070e-01, -2.6991e-02, +1.2013e-03, -2.2585e-01, -1.2873e-01, -6.8728e-03, +1.6902e-03, -9.3716e-02, -8.8744e-02, -2.8481e-01, -5.6053e-02, -1.1046e-01, -3.8181e-02, +6.6119e-02, -3.3297e-02, -1.5947e-01, +6.5492e-02, -7.5509e-02, -1.4749e-03, +6.5573e-02, -6.8339e-02, +2.3148e-01, -9.2795e-02, -1.4049e-01, -6.5051e-02, -2.8552e-02, -5.1279e-02, -1.2012e-01, +4.7126e-02, -5.7413e-02, +3.9776e-02, +7.7233e-03, +1.3981e-02, -1.8237e-01, -6.9040e-03, -2.9281e-02, +1.2319e-01, -6.3636e-02, -4.5267e-03, -5.3679e-02, -9.1042e-02, -1.0000e+00, +5.5200e-02, +5.4888e-02, +7.3419e-02, +2.6561e-02, -1.8569e-01
-1.2170e-02, -1.4049e-01, -1.0932e-02, -1.8926e-02, -6.4891e-02, -5.0301e-02, -1.6533e-02, +6.6605e-03, +3.2649e-02, +4.8810e-02, +2.3610e-02, +5.3003e-02, +1.4862e-01, -6.5088e-03, +1.4064e-02, +4.7997e-02, +1.0676e-02, -1.4134e-02, -5.9279e-02, +3.7869e-02, -5.0496e-02, +9.0375e-02, -1.5734e-02, -1.4840e-04, -6.7030e-03, +7.1299e-02, +1.7926e-02, -1.3037e-03, -1.2438e-02, +4.7490e-02, -2.6952e-02, +1.6356e-02, +2.5491e-02, -1.3722e-02, +3.1229e-03, -5.0732e-02, +1.5004e-03, +8.0169e-02, -5.9069e-02, -3.3731e-02, -6.4609e-02, -3.6088e-02, -2.7639e-02, +5.0436e-02, +5.5200e-02, -1.0000e+00, -4.7031e-02, +1.1259e-01, +3.8858e-02, -6.6939e-03
-1.9038e-01, -1.9034e-01, +9.0289e-02, -2.9119e-02, -9.6069e-02, -1.4354e-01, +4.6861e-02, +2.0351e-02, -1.0593e-01, +4.3790e-02, -1.3428e-01, +8.9621e-02, +2.5318e-02, -7.6277e-03, -8.9724e-02, -6.8333e-02, +3.0559e-02, -6.5660e-02, -6.6174e-02, -4.1279e-02, -1.2891e-02, -7.8824e-02, +3.3879e-02, -7.4455e-02, -1.9599e-02, -6.1422e-02, +2.2125e-02, +4.9913e-02, -8.1517e-02, +2.3774e-03, -6.8279e-02, -4.9469e-02, -1.2391e-01, -8.5715e-02, -1.6672e-02, -3.3944e-02, +7.4059e-02, -4.5376e-02, -1.5539e-01, +4.8156e-02, -5.5424e-02, -3.9810e-02, +1.3771e-02, +4.0906e-02, +5.4888e-02, -4.7031e-02, -1.0000e+00, +1.7349e-01, -4.7550e-02, +4.7451e-02
+2.2162e-01, +1.0006e-01, +2.4472e-02, +5.9986e-02, +4.9291e-02, +1.4200e-01, -1.6588e-01, -5.8920e-02, +1.4010e-01, -7.0237e-02, +4.1061e-02, +3.0796e-02, -2.3911e-01, +9.6184e-02, +1.4856e-01, +1.0236e-01, -2.4446e-01, -3.5214e-03, +1.9883e-01, +3.1249e-02, +1.9951e-01, -9.1284e-03, +2.6734e-01, -5.5391e-03, -4.3351e-02, -5.2106e-02, +2.1259e-02, +1.4692e-01, +1.4956e-01, +3.6923e-02, +1.7768e-01, +7.5039e-04, +2.7101e-02, -7.0326e-03, +8.6055e-03, +6.1071e-02, +9.2631e-02, -4.8015e-02, +2.8311e-02, +1.6543e-03, +1.2496e-01, +8.8993e-02, +1.0496e-01, -5.9053e-02, +7.3419e-02, +1.1259e-01, +1.7349e-01, -1.0000e+00, +4.8273e-02, -5.7451e-03
-5.6883e-02, -6.2081e-02, +3.0810e-02, -3.5699e-04, -4.9714e-03, -3.5381e-02, +2.4643e-02, +2.7232e-03, +1.3469e-02, +4.8794e-03, -3.2371e-02, -1.9373e-02, +1.1155e-01, -3.3816e-03, -1.3397e-02, -2.5142e-02, +5.4739e-03, +8.9272e-03, -3.8259e-02, +7.6501e-04, -3.7560e-02, -2.1112e-02, +1.6554e-02, +2.8267e-02, -5.6986e-02, +8.5605e-02, +4.5810e-03, -9.3915e-03, -3.6001e-02, +1.8568e-02, +3.0854e-02, +1.2808e-02, -4.8660e-02, +5.6204e-02, -4.0402e-02, -6.3735e-02, +4.8277e-02, -5.2405e-02, -7.0573e-02, -6.3015e-03, +6.3616e-02, -3.6137e-03, +1.9074e-02, +8.4382e-03, +2.6561e-02, +3.8858e-02, -4.7550e-02, +4.8273e-02, -1.0000e+00, +6.4381e-02
+3.0452e-02, +1.4241e-01, -5.9720e-02, +6.4229e-02, +5.4744e-02, +6.5744e-02, -8.9029e-02, -3.8799e-02, +2.2516e-02, +2.3695e-02, +5.3681e-02, -1.7231e-01, -4.2330e-02, -1.0828e-01, +1.4459e-02, +2.1564e-01, +1.4008e-02, -5.2904e-02, -5.7546e-02, +4.6411e-02, +9.5846e-04, +1.0427e-02, +3.4940e-02, -1.4179e-02, +1.8609e-01, -2.4248e-02, -5.7926e-02, -8.6875e-02, +3.2044e-02, -2.3238e-02, -5.3584e-03, +1.7325e-02, +6.1636e-02, +3.1121e-02, +3.0980e-02, +1.8918e-02, -3.8342e-02, +2.4833e-02, +1.1643e-02, +6.2130e-02, +8.1667e-03, +5.2174e-02, -3.7994e-03, +6.6639e-02, -1.8569e-01, -6.6939e-03, +4.7451e-02, -5.7451e-03, +6.4381e-02, -1.0000e+00
