-1.0000e+00, +3.7957e-02, +9.7564e-02, -5.6914e-02, -1.6033e-02, +1.4320e-02, -5.7880e-02, +1.3507e-02, -1.8614e-01, -2.4164e-02, -2.1330e-03, -2.0612e-02, +4.6758e-02, -1.2837e-01, -1.1435e-02, -1.7315e-02, +3.0309e-02, -8.6552e-02, -5.4471e-02, -5.1226e-02, -5.3405e-03, -5.9947e-02, +6.8988e-04, +4.6777e-02, -3.7270e-02, -5.3338e-02, +3.6102e-02, -5.7482e-02, -5.9019e-02, -7.5994e-02, -6.0945e-02, -1.7934e-02, -7.7177e-02, -4.9385e-02, -3.2924e-02, +1.4186e-01, +2.5352e-01, -1.1744e-02, -4.0809e-02, +1.3040e-01, +1.7928e-02, -5.1411e-02, -1.0807e-02, -3.3593e-02, -2.5280e-02, -2.1835e-02, -9.5495e-02, +2.3055e-01, -6.5969e-02, -3.6706e-02
+3.7957e-02, -1.0000e+00, +5.1010e-02, -6.4698e-02, -8.1034e-03, +3.4512e-02, +1.6215e-02, +1.6294e-01, +7.5073e-02, -9.1876e-03, +7.3334e-02, -7.8733e-03, -6.6816e-02, +1.0879e-01, +1.4749e-02, +1.4338e-02, +5.0889e-03, +4.2867e-02, +1.8879e-02, -9.2831e-03, +1.3835e-02, +8.1554e-02, +1.3022e-02, -5.1473e-02, -5.5563e-02, +4.4490e-02, +3.1082e-02, +1.1775e-01, -1.6103e-02, +8.7840e-02, -2.9000e-02, +5.0564e-02, +6.5908e-02, -1.7525e-03, +1.7360e-02, +2.0116e-02, -7.1227e-02, -9.1369e-02, -2.1008e-02, -7.7065e-02, +2.0718e-03, -7.4914e-03, +3.2147e-03, +9.9282e-03, +1.3676e-02, -1.1350e-02, +3.8966e-03, -6.1533e-02, +2.8183e-02, +7.0592e-02
+9.7564e-02, +5.1010e-02, -1.0000e+00, +1.6477e-02, -3.8363e-02, -2.3703e-02, +3.7478e-02, -4.1147e-02, -7.1813e-02, +2.1118e-02, -8.4975e-02, -5.0474e-02, -9.2251e-02, +4.7890e-02, -3.2189e-02, -2.8335e-02, +5.5688e-02, +1.2383e-01, -9.9552e-03, +4.8894e-03, -4.6038e-02, +4.2639e-02, +8.5350e-02, -3.0860e-02, -4.8410e-02, -4.5734e-02, -8.7554e-02, +1.4910e-02, +9.5873e-02, -4.0848e-02, +6.2157e-02, +2.5922e-03, +1.6315e-03, +1.6789e-02, -5.8611e-02, -7.1063e-02, -4.0901e-01, +3.5788e-02, -4.9853e-03, -1.1183e-01, +1.6251e-02, +1.7134e-02, -1.5989e-02, -4.0970e-02, -8.0027e-02, +3.0238e-02, +6.2263e-02, -9.8176e-02, +8.1647e-02, +1.1502e-01
-5.6914e-02, -6.4698e-02, +1.6477e-02, -1.0000e+00, -1.0925e-01, -4.9829e-02, -3.0652e-02, +1.0503e-02, +8.4481e-02, -3.4123e-03, -1.1006e-01, -3.9686e-02, -1.5234e-01, -6.2112e-02, -2.2110e-02, -3.7635e-02, +1.0315e-01, -1.1122e-01, +1.1364e-02, +2.8194e-02, +2.3871e-02, -7.5248e-03, +6.0865e-02, -7.2390e-02, -9.9849e-03, -1.4810e-01, -5.0823e-02, +6.2012e-03, -7.0260e-02, -9.8915e-02, -2.3723e-02, +1.0141e-01, -6.2486e-02, -7.9686e-02, -1.1636e-02, +4.1487e-02, +6.2561e-02, +3.3444e-02, -1.1439e-01, +4.8985e-02, -1.0589e-02, +1.1838e-02, -6.2362e-03, -3.1990e-03, +9.3243e-03, -1.0160e-01, -9.6262e-02, +5.9684e-02, +1.6904e-02, +1.1332e-01
-1.6033e-02, -8.1034e-03, -3.8363e-02, -1.0925e-01, -1.0000e+00, -1.0598e-01, +1.0674e-03, -2.1876e-02, +1.0766e-02, +3.6531e-02, -1.2768e-01, -1.7294e-02, -1.0401e-01, -4.6290e-02, -1.0821e-01, -9.1945e-02, +3.7118e-02, -5.5260e-02, -7.5715e-03, -1.1045e-01, -8.6295e-02, +3.8894e-03, +3.6780e-02, -1.0524e-02, +4.4341e-02, -1.3467e-01, -4.4072e-02, -1.4889e-01, -1.1842e-01, -1.0747e-01, -6.0192e-02, +2.3786e-02, -1.4934e-01, -2.9567e-02, -5.6934e-02, +5.5699e-02, +6.6445e-02, +1.5794e-02, -2.0911e-02, -1.0502e-01, +5.1009e-02, -1.6144e-02, -2.5647e-02, -2.8349e-02, -1.4997e-01, -7.4595e-02, -1.2865e-01, +3.2571e-01, -1.5955e-02, +1.0615e-02
+1.4320e-02, +3.4512e-02, -2.3703e-02, -4.9829e-02, -1.0598e-01, -1.0000e+00, +1.6662e-01, -7.4888e-02, +7.2596e-02, +1.0980e-02, -1.7257e-01, +4.8619e-02, -5.8301e-02, -1.4696e-01, -1.6690e-01, -5.5564e-02, -8.8383e-03, -7.9333e-02, -1.7162e-01, -2.2194e-02, -4.4056e-02, -4.1142e-02, +4.2599e-02, -6.2357e-02, -6.6729e-02, -9.0064e-02, -1.5390e-01, -1.1827e-01, -3.9847e-02, -1.6342e-02, -2.5991e-01, +9.3406e-02, -1.3972e-01, -1.0095e-02, +3.1563e-02, -1.5325e-03, +2.7443e-01, -3.2572e-02, -5.7032e-02, -6.2785e-02, -1.2858e-01, -6.5289e-02, +2.5060e-02, -7.9310e-02, -8.7129e-02, -3.6002e-02, -2.3156e-01, +8.3552e-02, -5.0864e-02, +5.8566e-02
-5.7880e-02, +1.6215e-02, +3.7478e-02, -3.0652e-02, +1.0674e-03, +1.6662e-01, -1.0000e+00, -6.9527e-02, +7.9234e-02, -5.8431e-02, +8.0155e-03, +2.4425e-01, +1.5299e-02, +1.1360e-01, +3.9704e-02, -7.6085e-02, +1.2554e-01, +2.8937e-02, +3.2716e-02, +1.0938e-03, +1.2162e-01, -3.5159e-02, +2.1710e-01, +1.9446e-02, +4.4478e-02, +9.0111e-02, +1.1390e-01, -8.7627e-02, -4.4938e-02, -2.0270e-02, +2.9721e-02, -6.9007e-03, +8.8370e-02, -5.8676e-03, +1.4465e-02, +1.4945e-01, -5.1466e-02, -2.7293e-02, +5.2982e-03, +9.3275e-02, +7.4936e-02, +6.8764e-02, +2.3517e-02, -7.5515e-03, +7.1342e-03, -5.6525e-02, +7.0120e-02, +2.2162e-01, +1.1601e-01, -2.8458e-02
+1.3507e-02, +1.6294e-01, -4.1147e-02, +1.0503e-02, -2.1876e-02, -7.4888e-02, -6.9527e-02, -1.0000e+00, -2.8908e-03, -3.5546e-02, -1.2656e-01, +4.2187e-02, -1.1475e-01, -3.1774e-02, -6.2242e-02, +7.7740e-03, +1.1121e-01, -6.3438e-02, -8.2679e-03, +1.1609e-01, +4.2127e-02, +3.3557e-02, +1.5458e-01, -2.1697e-02, +4.0931e-02, +9.6241e-03, -5.2122e-02, -1.1739e-01, -5.3091e-02, -4.9327e-02, -8.0163e-02, +4.6197e-02, +1.3228e-02, -1.2857e-02, +1.1849e-02, -1.3607e-02, -3.3264e-02, -7.9354e-02, +2.9728e-02, +4.3411e-02, -4.4035e-02, +2.9651e-02, +8.8162e-03, +2.3992e-02, -6.4870e-02, +2.0174e-02, -1.0802e-01, -1.2347e-01, -6.4970e-03, -1.7414e-02
-1.8614e-01, +7.5073e-02, -7.1813e-02, +8.4481e-02, +1.0766e-02, +7.2596e-02, +7.9234e-02, -2.8908e-03, -1.0000e+00, +2.4682e-02, +4.8490e-02, -4.7396e-02, -1.9531e-02, -2.9383e-03, -2.7554e-02, -7.7498e-03, -6.1960e-02, +4.6772e-02, -1.6919e-02, -1.0883e-01, -1.9117e-02, -8.3670e-02, -1.5372e-01, +5.1615e-02, -4.1302e-02, +1.8257e-02, +1.5672e-02, -1.3753e-02, +7.2214e-02, +1.8354e-02, +5.1441e-02, -3.9106e-02, +5.3781e-04, +5.9995e-02, -5.5906e-02, +3.7033e-02, -1.2044e-01, -4.0581e-03, +5.9621e-02, -1.3875e-02, +7.3386e-02, +7.7506e-02, +1.3943e-02, -6.5215e-03, -6.0118e-02, +1.6326e-02, +2.6877e-02, +9.7291e-02, -6.3614e-02, +8.4924e-03
-2.4164e-02, -9.1876e-03, +2.1118e-02, -3.4123e-03, +3.6531e-02, +1.0980e-02, -5.8431e-02, -3.5546e-02, +2.4682e-02, -1.0000e+00, -4.5128e-02, -7.9137e-02, +2.9976e-02, +3.4496e-02, +7.0258e-02, +9.2344e-03, +6.8577e-03, -9.5328e-02, -5.0085e-03, -4.1317e-02, -2.4717e-02, -5.1911e-02, +3.3446e-02, +8.8978e-04, +1.2649e-02, +1.5532e-02, +4.3683e-03, -8.5160e-03, -3.1886e-03, +8.4165e-03, +1.6461e-02, -1.6400e-02, -9.1916e-02, -1.3924e-02, +2.3640e-02, +4.3010e-02, +2.8986e-02, -2.5416e-02, -3.6568e-02, -4.3867e-03, -6.2758e-02, -5.2183e-02, +3.2244e-02, -1.6161e-02, +4.3442e-02, +1.6874e-03, -3.6064e-02, -4.1010e-02, +2.3001e-03, -2.5178e-02
-2.1330e-03, +7.3334e-02, -8.4975e-02, -1.1006e-01, -1.2768e-01, -1.7257e-01, +8.0155e-03, -1.2656e-01, +4.8490e-02, -4.5128e-02, -1.0000e+00, -1.4052e-02, -1.1195e-01, -1.2356e-01, -1.1094e-01, -1.1641e-01, +1.2794e-02, -1.3474e-01, -1.2380e-01, +2.1906e-02, -5.3334e-02, +2.1766e-02, +1.8654e-01, +5.8787e-03, -1.2427e-03, -9.8950e-02, -1.3315e-01, -1.5577e-01, -1.2456e-01, -1.3003e-01, -1.5518e-01, -5.2483e-03, -3.3705e-02, -5.8324e-02, -6.0041e-03, +1.3004e-02, +6.0176e-02, -8.5468e-02, -9.3852e-02, -5.7937e-02, -1.3317e-01, -2.6071e-02, +4.0684e-03, -5.9001e-02, -1.2525e-01, -2.8106e-02, -2.2138e-01, +9.3976e-02, +1.7247e-02, +7.9494e-02
-2.0612e-02, -7.8733e-03, -5.0474e-02, -3.9686e-02, -1.7294e-02, +4.8619e-02, +2.4425e-01, +4.2187e-02, -4.7396e-02, -7.9137e-02, -1.4052e-02, -1.0000e+00, +4.9802e-03, +9.0726e-02, +1.1009e-01, +2.9612e-02, +1.7452e-01, -7.3816e-02, -5.0270e-02, -2.1100e-01, +6.0439e-03, -3.7794e-02, +2.3294e-01, -3.0032e-02, -5.2560e-02, -5.6704e-02, -3.6888e-02, -2.6474e-02, +4.0081e-02, +1.1579e-02, +4.5804e-02, +3.2732e-03, -6.7637e-02, -3.6883e-02, +4.4855e-02, -1.0054e-01, -5.8881e-02, -2.9391e-02, -7.1424e-02, -4.9056e-02, +1.0761e-01, +2.3292e-01, -2.0597e-02, +1.1393e-01, +2.1089e-02, -1.9726e-02, -2.8221e-02, -5.6996e-02, -3.0400e-02, +2.2653e-01
+4.6758e-02, -6.6816e-02, -9.2251e-02, -1.5234e-01, -1.0401e-01, -5.8301e-02, +1.5299e-02, -1.1475e-01, -1.9531e-02, +2.9976e-02, -1.1195e-01, +4.9802e-03, -1.0000e+00, +2.8270e-03, -1.5630e-01, -1.8412e-02, -1.5529e-02, +5.7141e-02, -3.1749e-02, +7.4670e-02, -3.9817e-02, -7.8091e-04, +8.8856e-02, +2.9325e-02, +1.0233e-02, -3.5918e-02, -8.2619e-02, -2.1876e-02, -2.6705e-02, -8.6471e-02, -4.2830e-02, +6.8353e-02, -6.3823e-03, -1.3296e-03, -6.4031e-02, -5.2136e-03, -1.4648e-01, +4.6783e-02, -2.7771e-02, +3.7148e-02, -6.4865e-03, +2.7110e-02, +1.0661e-02, -6.5433e-04, -1.5217e-01, -4.8020e-02, -5.2898e-02, -1.6269e-02, +7.0410e-02, +1.0900e-01
-1.2837e-01, +1.0879e-01, +4.7890e-02, -6.2112e-02, -4.6290e-02, -1.4696e-01, +1.1360e-01, -3.1774e-02, -2.9383e-03, +3.4496e-02, -1.2356e-01, +9.0726e-02, +2.8270e-03, -1.0000e+00, -5.0809e-03, -9.9350e-02, -6.1016e-03, -5.1187e-02, -4.0301e-02, +3.8764e-02, +4.6249e-03, +2.2644e-02, +5.2801e-02, -7.2018e-02, -4.9044e-02, -1.0245e-01, -2.0014e-01, -1.1731e-01, -4.0025e-02, -8.0043e-02, -1.7241e-01, +3.0632e-02, -1.5375e-02, +1.6884e-02, +2.4642e-02, +8.2541e-02, +1.8460e-01, -6.9979e-02, -5.0655e-02, +3.4640e-02, -1.9697e-01, +4.3120e-02, +8.7981e-02, +6.8420e-03, -4.3210e-02, -7.6116e-02, -2.4205e-01, -1.5284e-01, -6.7303e-02, -1.4087e-02
-1.1435e-02, +1.4749e-02, -3.2189e-02, -2.2110e-02, -1.0821e-01, -1.6690e-01, +3.9704e-02, -6.2242e-02, -2.7554e-02, +7.0258e-02, -1.1094e-01, +1.1009e-01, -1.5630e-01, -5.0809e-03, -1.0000e+00, -2.3181e-02, -7.8407e-03, -7.8585e-03, -9.3488e-02, +6.2788e-02, -5.9734e-02, -8.4677e-03, -8.9179e-02, -2.2948e-02, +3.8525e-02, +4.5581e-03, -1.0338e-01, -9.0999e-02, -4.8974e-02, -2.0949e-03, -1.4501e-01, +2.3447e-03, -3.6816e-02, -1.1724e-02, -7.1994e-02, +3.1025e-02, -1.6429e-02, -4.6771e-02, -7.3443e-02, -5.9408e-02, -5.0714e-02, -6.2189e-02, +2.9577e-02, -1.9031e-02, -1.3381e-01, -1.2706e-02, -8.6131e-02, +2.6223e-01, -2.1664e-02, -3.2890e-02
-1.7315e-02, +1.4338e-02, -2.8335e-02, -3.7635e-02, -9.1945e-02, -5.5564e-02, -7.6085e-02, +7.7740e-03, -7.7498e-03, +9.2344e-03, -1.1641e-01, +2.9612e-02, -1.8412e-02, -9.9350e-02, -2.3181e-02, -1.0000e+00, -5.1922e-03, +2.7756e-02, -2.2915e-02, -2.5092e-02, -8.0829e-02, +2.1518e-02, -1.3909e-02, +4.3516e-03, +3.9511e-02, -5.7790e-02, -1.6241e-02, -9.5032e-02, -7.3459e-02, -6.1751e-02, -6.6135e-02, -4.8519e-02, -3.9285e-02, -1.6498e-02, -3.2909e-02, -6.2010e-02, +5.2382e-03, -5.1463e-02, +5.5860e-03, +1.0215e-01, -3.3123e-02, +3.3702e-02, +3.3093e-02, -7.0978e-02, -1.5525e-01, -4.7718e-02, -1.1832e-01, +1.4117e-01, +2.3386e-02, +8.4452e-02
+3.0309e-02, +5.0889e-03, +5.5688e-02, +1.0315e-01, +3.7118e-02, -8.8383e-03, +1.2554e-01, +1.1121e-01, -6.1960e-02, +6.8577e-03, +1.2794e-02, +1.7452e-01, -1.5529e-02, -6.1016e-03, -7.8407e-03, -5.1922e-03, -1.0000e+00, +6.3131e-02, +4.3648e-02, +1.0639e-02, -1.1758e-01, +2.1111e-02, +8.0697e-02, +9.8067e-02, +4.6305e-02, -1.2056e-02, +9.1736e-03, +8.8407e-02, +5.0607e-02, +3.4539e-02, +7.1187e-02, -4.0887e-02, -5.7746e-02, +9.6385e-02, -1.6736e-02, -9.3528e-03, -2.1796e-02, -1.4672e-02, +7.9741e-02, +2.1100e-02, +7.9506e-02, +5.4891e-02, -1.3273e-02, -4.1074e-02, +7.7190e-02, +1.2037e-01, +3.1530e-02, -1.6897e-02, -3.0519e-02, +1.9280e-02
-8.6552e-02, +4.2867e-02, +1.2383e-01, -1.1122e-01, -5.5260e-02, -7.9333e-02, +2.8937e-02, -6.3438e-02, +4.6772e-02, -9.5328e-02, -1.3474e-01, -7.3816e-02, +5.7141e-02, -5.1187e-02, -7.8585e-03, +2.7756e-02, +6.3131e-02, -1.0000e+00, -3.9810e-02, +9.4171e-02, +4.3865e-02, -4.4267e-02, +1.4897e-01, +7.0994e-03, +1.7842e-02, -4.7582e-02, +2.1092e-02, -1.0528e-01, -4.8387e-02, +1.6087e-02, -1.5987e-01, -2.8765e-02, -1.1274e-01, -1.5604e-02, +4.8210e-02, +1.1524e-01, +2.8202e-01, +8.1646e-02, -4.9981e-02, -5.5237e-02, -5.1598e-02, -3.8423e-02, -1.9277e-02, -3.9709e-02, -5.9944e-02, +9.8149e-03, -1.1132e-01, +2.3773e-01, -7.4459e-02, -9.8976e-02
-5.4471e-02, +1.8879e-02, -9.9552e-03, +1.1364e-02, -7.5715e-03, -1.7162e-01, +3.2716e-02, -8.2679e-03, -1.6919e-02, -5.0085e-03, -1.2380e-01, -5.0270e-02, -3.1749e-02, -4.0301e-02, -9.3488e-02, -2.2915e-02, +4.3648e-02, -3.9810e-02, -1.0000e+00, -1.2217e-03, -4.3084e-02, -8.0312e-03, +9.9284e-02, -5.4467e-02, -8.8658e-03, -7.0451e-02, -3.3705e-02, -4.1519e-02, -1.2349e-02, -3.1173e-02, -2.2797e-01, -5.5450e-02, +1.4079e-02, -4.9368e-02, +1.3717e-03, +8.1987e-03, +1.0241e-01, -5.8291e-03, -9.8606e-02, -7.1419e-02, -1.1502e-01, -3.0343e-02, +5.0539e-02, -5.6641e-02, -8.0526e-02, -5.8373e-02, -1.5189e-01, +1.5445e-01, -7.9572e-02, -1.2327e-02
-5.1226e-02, -9.2831e-03, +4.8894e-03, +2.8194e-02, -1.1045e-01, -2.2194e-02, +1.0938e-03, +1.1609e-01, -1.0883e-01, -4.1317e-02, +2.1906e-02, -2.1100e-01, +7.4670e-02, +3.8764e-02, +6.2788e-02, -2.5092e-02, +1.0639e-02, +9.4171e-02, -1.2217e-03, -1.0000e+00, +2.4418e-02, +1.0805e-02, +1.7312e-02, +8.2008e-04, +8.7448e-03, -5.1600e-02, -3.7752e-02, +5.2774e-02, -5.1321e-02, -4.6796e-02, -4.1830e-02, -1.2951e-02, -1.1785e-01, -3.0650e-02, +1.6907e-02, -6.9871e-04, +1.1058e-01, -9.4846e-02, -3.3022e-02, -1.0391e-01, +4.9948e-02, +4.0125e-02, -2.6702e-02, +5.7084e-02, -3.6749e-02, -7.9285e-03, -3.5532e-02, +6.5817e-02, -7.4277e-02, +1.1388e-01
-5.3405e-03, +1.3835e-02, -4.6038e-02, +2.3871e-02, -8.6295e-02, -4.4056e-02, +1.2162e-01, +4.2127e-02, -1.9117e-02, -2.4717e-02, -5.3334e-02, +6.0439e-03, -3.9817e-02, +4.6249e-03, -5.9734e-02, -8.0829e-02, -1.1758e-01, +4.3865e-02, -4.3084e-02, +2.4418e-02, -1.0000e+00, -9.6362e-03, +1.3897e-03, +7.4546e-02, +2.6695e-02, -6.0696e-02, -3.1764e-02, +3.5833e-02, -3.3873e-03, -6.0959e-02, -2.7134e-02, -3.5760e-02, +1.2034e-01, -3.2376e-03, -5.7645e-02, -9.3176e-03, -1.0304e-02, -3.6630e-02, -5.4075e-02, -8.9102e-02, -4.3547e-02, +2.6759e-02, +1.7004e-02, -1.3877e-01, +2.5317e-02, -1.0863e-01, -4.9263e-02, +5.6065e-02, -1.5209e-02, -4.3712e-02
-5.9947e-02, +8.1554e-02, +4.2639e-02, -7.5248e-03, +3.8894e-03, -4.1142e-02, -3.5159e-02, +3.3557e-02, -8.3670e-02, -5.1911e-02, +2.1766e-02, -3.7794e-02, -7.8093e-04, +2.2644e-02, -8.4677e-03, +2.1518e-02, +2.1111e-02, -4.4267e-02, -8.0312e-03, +1.0805e-02, -9.6362e-03, -1.0000e+00, -3.1647e-03, -1.6362e-02, -3.3835e-02, -2.7243e-02, +6.3162e-02, -4.8815e-02, +4.1240e-03, +8.5585e-03, -1.8386e-02, -4.9996e-02, -1.4435e-01, +1.0931e-02, +1.8324e-02, +9.0469e-02, +1.2534e-01, -4.0246e-02, -2.3696e-02, -1.9644e-02, +9.8862e-03, -3.9024e-02, -5.1153e-02, +3.2672e-03, -2.7941e-02, +7.5942e-03, -2.9204e-02, +1.5940e-01, -2.3670e-02, +5.6252e-02
+6.8987e-04, +1.3022e-02, +8.5350e-02, +6.0865e-02, +3.6780e-02, +4.2599e-02, +2.1710e-01, +1.5458e-01, -1.5372e-01, +3.3446e-02, +1.8654e-01, +2.3294e-01, +8.8856e-02, +5.2801e-02, -8.9179e-02, -1.3909e-02, +8.0698e-02, +1.4897e-01, +9.9284e-02, +1.7312e-02, +1.3897e-03, -3.1647e-03, -1.0000e+00, +4.6244e-02, +3.2354e-02, +2.0834e-03, +2.8504e-02, +6.9092e-02, +7.3736e-02, +3.0684e-02, +2.2897e-02, -3.3723e-02, -1.7573e-02, +1.3820e-01, -9.3089e-02, -2.1806e-02, -1.8804e-02, -3.2297e-02, +9.5656e-02, +3.3727e-02, -7.3348e-02, +6.1428e-02, -3.6352e-02, +4.3824e-02, +9.8226e-02, -6.7798e-03, +8.9795e-02, -1.0108e-02, -2.1770e-02, +6.5628e-02
+4.6777e-02, -5.1473e-02, -3.0860e-02, -7.2390e-02, -1.0524e-02, -6.2357e-02, +1.9446e-02, -2.1697e-02, +5.1615e-02, +8.8978e-04, +5.8786e-03, -3.0032e-02, +2.9325e-02, -7.2018e-02, -2.2948e-02, +4.3516e-03, +9.8067e-02, +7.0994e-03, -5.4467e-02, +8.2010e-04, +7.4546e-02, -1.6362e-02, +4.6244e-02, -1.0000e+00, +3.4353e-03, -4.6584e-02, -1.1690e-01, -6.1857e-03, +5.0864e-02, +2.0614e-02, -8.5549e-02, +2.8366e-02, +1.0875e-02, -6.9792e-02, +2.4307e-02, -2.9336e-02, +2.2814e-02, -5.9537e-02, -4.7441e-02, -1.5070e-02, -1.7188e-02, -7.9983e-02, +4.5808e-02, +6.3568e-02, -2.6412e-02, -3.2196e-02, -1.2107e-01, -3.7965e-02, +1.6359e-02, +1.6324e-01
-3.7270e-02, -5.5563e-02, -4.8410e-02, -9.9849e-03, +4.4341e-02, -6.6729e-02, +4.4478e-02, +4.0931e-02, -4.1302e-02, +1.2649e-02, -1.2427e-03, -5.2560e-02, +1.0233e-02, -4.9044e-02, +3.8525e-02, +3.9511e-02, +4.6305e-02, +1.7842e-02, -8.8659e-03, +8.7448e-03, +2.6695e-02, -3.3835e-02, +3.2354e-02, +3.4353e-03, -1.0000e+00, +7.6888e-02, -7.1332e-03, +1.2081e-02, +6.2979e-02, +4.1408e-02, +3.2446e-02, +5.6742e-02, -9.0219e-02, -5.9933e-02, -1.0546e-02, +1.3507e-02, -7.6747e-02, +6.3819e-02, -2.5109e-02, -2.3286e-02, -3.1385e-02, -7.9394e-02, +2.5009e-02, -3.1824e-02, +8.2771e-03, -7.1762e-02, +4.5782e-02, +1.2732e-03, -1.4246e-02, +7.1305e-02
-5.3338e-02, +4.4490e-02, -4.5734e-02, -1.4810e-01, -1.3467e-01, -9.0064e-02, +9.0111e-02, +9.6241e-03, +1.8257e-02, +1.5532e-02, -9.8950e-02, -5.6704e-02, -3.5918e-02, -1.0245e-01, +4.5581e-03, -5.7790e-02, -1.2056e-02, -4.7582e-02, -7.0451e-02, -5.1600e-02, -6.0696e-02, -2.7243e-02, +2.0834e-03, -4.6584e-02, +7.6888e-02, -1.0000e+00, -8.6699e-02, -5.5539e-02, -5.1527e-02, -1.1709e-01, -8.6942e-02, -6.0199e-03, -1.4073e-02, +5.2901e-04, +3.4979e-02, -3.2267e-02, +3.7850e-02, +8.1723e-02, -9.0142e-03, -5.3478e-02, -8.7695e-02, +8.3228e-02, +2.2903e-02, -6.4842e-03, -1.2928e-01, +5.5012e-04, -8.4485e-02, -2.8910e-04, -1.7727e-02, +7.0640e-02
+3.6102e-02, +3.1082e-02, -8.7554e-02, -5.0823e-02, -4.4072e-02, -1.5390e-01, +1.1390e-01, -5.2122e-02, +1.5672e-02, +4.3683e-03, -1.3315e-01, -3.6888e-02, -8.2619e-02, -2.0014e-01, -1.0338e-01, -1.6241e-02, +9.1736e-03, +2.1092e-02, -3.3705e-02, -3.7752e-02, -3.1764e-02, +6.3162e-02, +2.8504e-02, -1.1690e-01, -7.1332e-03, -8.6699e-02, -1.0000e+00, -7.3347e-02, -1.2629e-01, -1.2261e-01, -1.3009e-01, +5.2082e-02, +6.0612e-03, -3.3067e-02, +3.6041e-02, -5.3662e-02, +4.0944e-03, -8.1440e-02, -1.1618e-01, -3.0591e-02, -1.0141e-01, -2.4703e-03, +8.2216e-02, +7.0010e-02, -1.0257e-01, -2.1054e-02, -2.1840e-01, -1.1549e-01, +3.8170e-02, +1.4802e-01
-5.7482e-02, +1.1775e-01, +1.4910e-02, +6.2012e-03, -1.4889e-01, -1.1827e-01, -8.7627e-02, -1.1739e-01, -1.3753e-02, -8.5160e-03, -1.5577e-01, -2.6474e-02, -2.1876e-02, -1.1731e-01, -9.0999e-02, -9.5032e-02, +8.8407e-02, -1.0528e-01, -4.1519e-02, +5.2774e-02, +3.5833e-02, -4.8815e-02, +6.9092e-02, -6.1857e-03, +1.2081e-02, -5.5539e-02, -7.3347e-02, -1.0000e+00, -9.7034e-02, -6.1796e-02, -1.6034e-01, -3.9631e-03, -1.6204e-01, -7.8101e-02, +4.0789e-02, +4.9930e-02, +1.1037e-01, -1.0067e-01, -6.4352e-02, -2.6874e-02, -5.4666e-02, +2.9447e-02, -1.6600e-02, +4.8498e-02, -5.4943e-02, +4.2173e-03, -1.1297e-01, +1.8074e-01, +3.2355e-02, +9.2191e-03
-5.9019e-02, -1.6103e-02, +9.5873e-02, -7.0260e-02, -1.1842e-01, -3.9847e-02, -4.4938e-02, -5.3091e-02, +7.2214e-02, -3.1886e-03, -1.2456e-01, +4.0081e-02, -2.6705e-02, -4.0024e-02, -4.8974e-02, -7.3459e-02, +5.0607e-02, -4.8387e-02, -1.2349e-02, -5.1321e-02, -3.3873e-03, +4.1240e-03, +7.3736e-02, +5.0864e-02, +6.2979e-02, -5.1527e-02, -1.2629e-01, -9.7034e-02, -1.0000e+00, -8.4683e-02, -1.2210e-01, +3.1027e-02, -7.1758e-02, -2.5203e-02, -5.4989e-02, +2.4088e-02, +1.5633e-01, -6.7133e-02, -8.2902e-02, -8.1232e-03, +3.7357e-02, -3.2790e-02, +4.7451e-03, +4.3559e-03, -7.2040e-02, +1.9922e-02, -1.5760e-01, +1.2077e-01, -3.0266e-02, +2.1326e-02
-7.5994e-02, +8.7840e-02, -4.0848e-02, -9.8915e-02, -1.0747e-01, -1.6342e-02, -2.0270e-02, -4.9327e-02, +1.8354e-02, +8.4165e-03, -1.3003e-01, +1.1579e-02, -8.6471e-02, -8.0043e-02, -2.0949e-03, -6.1751e-02, +3.4539e-02, +1.6087e-02, -3.1173e-02, -4.6796e-02, -6.0959e-02, +8.5585e-03, +3.0684e-02, +2.0614e-02, +4.1408e-02, -1.1709e-01, -1.2261e-01, -6.1796e-02, -8.4683e-02, -1.0000e+00, -2.6542e-02, +4.0413e-02, -3.7568e-02, -1.7041e-02, -1.5822e-02, -5.2077e-03, +3.0196e-03, +2.6738e-02, -4.2075e-02, -4.7587e-02, +9.2185e-03, +2.0782e-02, +1.1057e-02, -3.5464e-02, -3.3773e-02, +1.8314e-02, -1.0605e-01, +3.5170e-02, -1.8089e-02, +5.2851e-02
-6.0945e-02, -2.9000e-02, +6.2157e-02, -2.3723e-02, -6.0192e-02, -2.5991e-01, +2.9721e-02, -8.0163e-02, +5.1441e-02, +1.6461e-02, -1.5518e-01, +4.5804e-02, -4.2830e-02, -1.7241e-01, -1.4501e-01, -6.6135e-02, +7.1187e-02, -1.5987e-01, -2.2797e-01, -4.1830e-02, -2.7134e-02, -1.8386e-02, +2.2897e-02, -8.5549e-02, +3.2446e-02, -8.6942e-02, -1.3009e-01, -1.6034e-01, -1.2210e-01, -2.6542e-02, -1.0000e+00, +6.6123e-02, -9.0305e-02, +3.6427e-03, +4.6289e-02, +6.3978e-02, +3.0199e-01, -1.3936e-01, -9.8644e-02, -2.5108e-02, -2.3400e-01, +2.9545e-02, -1.1945e-02, -5.6925e-02, -9.9818e-02, -6.1920e-02, -2.3675e-01, +2.1809e-01, -1.1921e-01, -4.9687e-02
-1.7934e-02, +5.0564e-02, +2.5921e-03, +1.0141e-01, +2.3786e-02, +9.3406e-02, -6.9007e-03, +4.6197e-02, -3.9106e-02, -1.6400e-02, -5.2483e-03, +3.2732e-03, +6.8353e-02, +3.0632e-02, +2.3447e-03, -4.8519e-02, -4.0887e-02, -2.8765e-02, -5.5450e-02, -1.2951e-02, -3.5760e-02, -4.9996e-02, -3.3723e-02, +2.8366e-02, +5.6742e-02, -6.0199e-03, +5.2082e-02, -3.9631e-03, +3.1027e-02, +4.0413e-02, +6.6123e-02, -1.0000e+00, -9.4392e-02, -7.1895e-02, -4.4240e-02, +1.7662e-02, -8.6204e-02, +5.8340e-02, +7.1657e-02, +2.7477e-02, -9.0668e-03, -7.2972e-02, -6.1805e-02, -5.8065e-02, +1.0045e-02, -5.4530e-02, +3.7277e-02, +1.1225e-01, +1.3050e-02, +5.6530e-02
-7.7177e-02, +6.5908e-02, +1.6315e-03, -6.2486e-02, -1.4934e-01, -1.3972e-01, +8.8370e-02, +1.3228e-02, +5.3782e-04, -9.1916e-02, -3.3705e-02, -6.7637e-02, -6.3823e-03, -1.5375e-02, -3.6816e-02, -3.9285e-02, -5.7746e-02, -1.1274e-01, +1.4079e-02, -1.1785e-01, +1.2034e-01, -1.4435e-01, -1.7573e-02, +1.0875e-02, -9.0219e-02, -1.4073e-02, +6.0612e-03, -1.6204e-01, -7.1758e-02, -3.7568e-02, -9.0305e-02, -9.4392e-02, -1.0000e+00, -9.2971e-02, -3.2666e-02, +4.0316e-02, +2.3153e-01, -5.8805e-02, +1.2480e-02, -6.8997e-02, +1.8930e-02, +2.7650e-02, -1.0218e-01, -1.5622e-02, +3.5217e-02, -9.9977e-03, -1.0258e-01, +1.9227e-01, +5.8239e-02, +1.3669e-01
-4.9385e-02, -1.7525e-03, +1.6789e-02, -7.9686e-02, -2.9567e-02, -1.0095e-02, -5.8676e-03, -1.2857e-02, +5.9995e-02, -1.3924e-02, -5.8324e-02, -3.6883e-02, -1.3296e-03, +1.6884e-02, -1.1724e-02, -1.6498e-02, +9.6385e-02, -1.5604e-02, -4.9368e-02, -3.0650e-02, -3.2376e-03, +1.0931e-02, +1.3820e-01, -6.9792e-02, -5.9933e-02, +5.2902e-04, -3.3067e-02, -7.8101e-02, -2.5203e-02, -1.7041e-02, +3.6427e-03, -7.1895e-02, -9.2971e-02, -1.0000e+00, -2.1750e-02, +6.8876e-03, +4.3786e-02, +2.3464e-02, -6.1875e-02, +1.5988e-02, -2.3430e-03, +5.0514e-02, -4.4708e-03, +5.1046e-02, -3.2196e-03, -4.1097e-02, -1.9115e-02, +9.5201e-02, +1.1476e-01, +2.1721e-02
-3.2924e-02, +1.7360e-02, -5.8611e-02, -1.1636e-02, -5.6934e-02, +3.1563e-02, +1.4465e-02, +1.1849e-02, -5.5906e-02, +2.3640e-02, -6.0041e-03, +4.4855e-02, -6.4031e-02, +2.4642e-02, -7.1994e-02, -3.2909e-02, -1.6736e-02, +4.8210e-02, +1.3718e-03, +1.6907e-02, -5.7645e-02, +1.8324e-02, -9.3089e-02, +2.4307e-02, -1.0546e-02, +3.4979e-02, +3.6041e-02, +4.0789e-02, -5.4989e-02, -1.5822e-02, +4.6289e-02, -4.4240e-02, -3.2666e-02, -2.1750e-02, -1.0000e+00, -3.7995e-02, -1.1849e-01, -3.7783e-02, +7.9577e-02, -1.0994e-01, +3.4617e-02, -2.0626e-02, -1.7696e-02, -4.8085e-02, +1.2779e-02, -2.2241e-02, -2.0371e-02, +1.4051e-01, +5.1141e-02, -1.0117e-02
+1.4186e-01, +2.0116e-02, -7.1063e-02, +4.1487e-02, +5.5699e-02, -1.5325e-03, +1.4945e-01, -1.3607e-02, +3.7033e-02, +4.3010e-02, +1.3004e-02, -1.0054e-01, -5.2136e-03, +8.2541e-02, +3.1025e-02, -6.2010e-02, -9.3528e-03, +1.1524e-01, +8.1987e-03, -6.9871e-04, -9.3176e-03, +9.0469e-02, -2.1806e-02, -2.9336e-02, +1.3507e-02, -3.2267e-02, -5.3662e-02, +4.9930e-02, +2.4088e-02, -5.2077e-03, +6.3978e-02, +1.7662e-02, +4.0316e-02, +6.8876e-03, -3.7995e-02, -1.0000e+00, -1.7351e-01, +6.8201e-02, +3.7330e-02, -4.5819e-02, +2.8983e-02, -9.7082e-04, -2.1424e-02, +1.5132e-02, +4.1259e-02, +9.4544e-03, +6.4801e-02, -1.0924e-01, +3.9539e-02, +3.2963e-02
+2.5352e-01, -7.1227e-02, -4.0901e-01, +6.2561e-02, +6.6445e-02, +2.7443e-01, -5.1466e-02, -3.3264e-02, -1.2044e-01, +2.8986e-02, +6.0176e-02, -5.8881e-02, -1.4648e-01, +1.8460e-01, -1.6429e-02, +5.2382e-03, -2.1796e-02, +2.8202e-01, +1.0241e-01, +1.1058e-01, -1.0304e-02, +1.2534e-01, -1.8804e-02, +2.2814e-02, -7.6747e-02, +3.7850e-02, +4.0944e-03, +1.1037e-01, +1.5633e-01, +3.0196e-03, +3.0199e-01, -8.6204e-02, +2.3153e-01, +4.3786e-02, -1.1849e-01, -1.7351e-01, -1.0000e+00, +1.9269e-02, +5.2841e-02, -1.8972e-01, +1.3580e-01, +8.4675e-02, +9.7906e-02, +1.2713e-01, -1.1011e-01, +6.1845e-02, +2.0433e-01, -2.1952e-01, +2.0811e-01, +1.3656e-01
-1.1744e-02, -9.1369e-02, +3.5788e-02, +3.3444e-02, +1.5794e-02, -3.2572e-02, -2.7293e-02, -7.9354e-02, -4.0581e-03, -2.5416e-02, -8.5468e-02, -2.9391e-02, +4.6783e-02, -6.9979e-02, -4.6771e-02, -5.1463e-02, -1.4672e-02, +8.1646e-02, -5.8291e-03, -9.4846e-02, -3.6630e-02, -4.0246e-02, -3.2297e-02, -5.9537e-02, +6.3819e-02, +8.1723e-02, -8.1440e-02, -1.0067e-01, -6.7133e-02, +2.6738e-02, -1.3936e-01, +5.8341e-02, -5.8805e-02, +2.3464e-02, -3.7783e-02, +6.8201e-02, +1.9269e-02, -1.0000e+00, -1.5945e-01, +6.2331e-03, -1.8288e-02, +3.7535e-02, -3.2404e-02, -9.1683e-03, -2.3827e-02, +3.2835e-02, -1.4955e-01, +1.4123e-01, +5.9332e-02, +3.0312e-02
-4.0809e-02, -2.1008e-02, -4.9854e-03, -1.1439e-01, -2.0911e-02, -5.7032e-02, +5.2982e-03, +2.9728e-02, +5.9621e-02, -3.6568e-02, -9.3852e-02, -7.1424e-02, -2.7771e-02, -5.0655e-02, -7.3443e-02, +5.5860e-03, +7.9741e-02, -4.9981e-02, -9.8606e-02, -3.3023e-02, -5.4075e-02, -2.3696e-02, +9.5656e-02, -4.7441e-02, -2.5109e-02, -9.0142e-03, -1.1618e-01, -6.4352e-02, -8.2902e-02, -4.2075e-02, -9.8643e-02, +7.1657e-02, +1.2480e-02, -6.1875e-02, +7.9577e-02, +3.7330e-02, +5.2841e-02, -1.5945e-01, -1.0000e+00, -3.6932e-02, -9.5795e-04, +6.5331e-03, +2.8629e-02, +4.4136e-02, -5.0597e-02, -1.1474e-02, -1.4563e-01, +2.1508e-01, -6.2068e-02, -1.0331e-02
+1.3040e-01, -7.7065e-02, -1.1183e-01, +4.8985e-02, -1.0502e-01, -6.2785e-02, +9.3275e-02, +4.3411e-02, -1.3875e-02, -4.3867e-03, -5.7937e-02, -4.9056e-02, +3.7148e-02, +3.4640e-02, -5.9408e-02, +1.0215e-01, +2.1100e-02, -5.5237e-02, -7.1419e-02, -1.0391e-01, -8.9102e-02, -1.9644e-02, +3.3727e-02, -1.5070e-02, -2.3286e-02, -5.3478e-02, -3.0591e-02, -2.6874e-02, -8.1232e-03, -4.7587e-02, -2.5108e-02, +2.7477e-02, -6.8997e-02, +1.5988e-02, -1.0994e-01, -4.5819e-02, -1.8972e-01, +6.2331e-03, -3.6932e-02, -1.0000e+00, +1.7200e-02, -1.7540e-02, -8.1844e-03, -2.9714e-02, -1.0582e-01, +1.4906e-02, -8.2342e-03, +1.7669e-01, +6.9220e-02, +1.2918e-01
+1.7928e-02, +2.0718e-03, +1.6251e-02, -1.0589e-02, +5.1009e-02, -1.2858e-01, +7.4936e-02, -4.4035e-02, +7.3386e-02, -6.2759e-02, -1.3317e-01, +1.0761e-01, -6.4865e-03, -1.9697e-01, -5.0714e-02, -3.3123e-02, +7.9506e-02, -5.1598e-02, -1.1502e-01, +4.9948e-02, -4.3547e-02, +9.8862e-03, -7.3348e-02, -1.7188e-02, -3.1385e-02, -8.7695e-02, -1.0141e-01, -5.4666e-02, +3.7357e-02, +9.2185e-03, -2.3400e-01, -9.0669e-03, +1.8930e-02, -2.3430e-03, +3.4617e-02, +2.8983e-02, +1.3580e-01, -1.8288e-02, -9.5796e-04, +1.7200e-02, -1.0000e+00, +3.8649e-02, -1.7707e-02, -6.9566e-02, -9.6235e-02, -5.8031e-02, -1.1373e-01, -4.6939e-02, -4.9403e-02, -4.0216e-02
-5.1411e-02, -7.4914e-03, +1.7134e-02, +1.1838e-02, -1.6144e-02, -6.5289e-02, +6.8764e-02, +2.9651e-02, +7.7506e-02, -5.2183e-02, -2.6071e-02, +2.3292e-01, +2.7110e-02, +4.3120e-02, -6.2189e-02, +3.3702e-02, +5.4891e-02, -3.8423e-02, -3.0343e-02, +4.0125e-02, +2.6759e-02, -3.9024e-02, +6.1428e-02, -7.9983e-02, -7.9394e-02, +8.3228e-02, -2.4703e-03, +2.9447e-02, -3.2790e-02, +2.0782e-02, +2.9545e-02, -7.2972e-02, +2.7650e-02, +5.0514e-02, -2.0626e-02, -9.7081e-04, +8.4675e-02, +3.7535e-02, +6.5331e-03, -1.7540e-02, +3.8649e-02, -1.0000e+00, -3.4324e-02, +1.2171e-03, +7.1780e-03, -2.0045e-02, +2.4115e-02, +1.3193e-01, +3.2867e-03, +6.1543e-02
-1.0807e-02, +3.2147e-03, -1.5989e-02, -6.2362e-03, -2.5647e-02, +2.5060e-02, +2.3517e-02, +8.8162e-03, +1.3943e-02, +3.2244e-02, +4.0684e-03, -2.0597e-02, +1.0661e-02, +8.7981e-02, +2.9577e-02, +3.3093e-02, -1.3273e-02, -1.9277e-02, +5.0539e-02, -2.6702e-02, +1.7004e-02, -5.1153e-02, -3.6352e-02, +4.5808e-02, +2.5009e-02, +2.2903e-02, +8.2216e-02, -1.6600e-02, +4.7451e-03, +1.1057e-02, -1.1945e-02, -6.1805e-02, -1.0218e-01, -4.4708e-03, -1.7696e-02, -2.1424e-02, +9.7906e-02, -3.2404e-02, +2.8629e-02, -8.1844e-03, -1.7707e-02, -3.4324e-02, -1.0000e+00, +1.0665e-02, +6.8407e-02, +4.2544e-02, +3.1205e-02, +5.5304e-02, -1.3806e-01, -6.1184e-02
-3.3593e-02, +9.9282e-03, -4.0970e-02, -3.1990e-03, -2.8349e-02, -7.9310e-02, -7.5515e-03, +2.3992e-02, -6.5215e-03, -1.6161e-02, -5.9001e-02, +1.1393e-01, -6.5433e-04, +6.8420e-03, -1.9031e-02, -7.0978e-02, -4.1074e-02, -3.9709e-02, -5.6641e-02, +5.7084e-02, -1.3877e-01, +3.2672e-03, +4.3824e-02, +6.3568e-02, -3.1824e-02, -6.4842e-03, +7.0010e-02, +4.8498e-02, +4.3559e-03, -3.5464e-02, -5.6925e-02, -5.8065e-02, -1.5622e-02, +5.1046e-02, -4.8085e-02, +1.5132e-02, +1.2713e-01, -9.1683e-03, +4.4136e-02, -2.9714e-02, -6.9566e-02, +1.2171e-03, +1.0665e-02, -1.0000e+00, +3.5920e-02, -5.2418e-02, -6.1109e-03, +1.4108e-01, -1.0913e-01, -8.0784e-02
-2.5280e-02, +1.3676e-02, -8.0027e-02, +9.3243e-03, -1.4997e-01, -8.7129e-02, +7.1342e-03, -6.4870e-02, -6.0118e-02, +4.3442e-02, -1.2525e-01, +2.1089e-02, -1.5217e-01, -4.3210e-02, -1.3381e-01, -1.5525e-01, +7.7190e-02, -5.9944e-02, -8.0526e-02, -3.6749e-02, +2.5317e-02, -2.7941e-02, +9.8226e-02, -2.6412e-02, +8.2771e-03, -1.2928e-01, -1.0257e-01, -5.4943e-02, -7.2040e-02, -3.3773e-02, -9.9818e-02, +1.0045e-02, +3.5217e-02, -3.2196e-03, +1.2779e-02, +4.1259e-02, -1.1011e-01, -2.3827e-02, -5.0597e-02, -1.0582e-01, -9.6235e-02, +7.1780e-03, +6.8407e-02, +3.5920e-02, -1.0000e+00, -1.2532e-02, -8.4732e-02, +9.4783e-02, +8.6706e-02, -8.4100e-03
-2.1835e-02, -1.1350e-02, +3.0238e-02, -1.0160e-01, -7.4595e-02, -3.6002e-02, -5.6525e-02, +2.0174e-02, +1.6326e-02, +1.6874e-03, -2.8106e-02, -1.9726e-02, -4.8020e-02, -7.6116e-02, -1.2706e-02, -4.7718e-02, +1.2037e-01, +9.8149e-03, -5.8373e-02, -7.9285e-03, -1.0863e-01, +7.5942e-03, -6.7798e-03, -3.2196e-02, -7.1762e-02, +5.5012e-04, -2.1054e-02, +4.2173e-03, +1.9922e-02, +1.8314e-02, -6.1920e-02, -5.4530e-02, -9.9977e-03, -4.1097e-02, -2.2241e-02, +9.4544e-03, +6.1845e-02, +3.2835e-02, -1.1474e-02, +1.4906e-02, -5.8031e-02, -2.0045e-02, +4.2544e-02, -5.2418e-02, -1.2532e-02, -1.0000e+00, -8.9528e-02, +1.2338e-02, -3.6122e-02, +5.6135e-02
-9.5495e-02, +3.8966e-03, +6.2263e-02, -9.6262e-02, -1.2865e-01, -2.3156e-01, +7.0120e-02, -1.0802e-01, +2.6877e-02, -3.6064e-02, -2.2138e-01, -2.8221e-02, -5.2898e-02, -2.4205e-01, -8.6131e-02, -1.1832e-01, +3.1530e-02, -1.1132e-01, -1.5189e-01, -3.5532e-02, -4.9263e-02, -2.9204e-02, +8.9795e-02, -1.2107e-01, +4.5782e-02, -8.4485e-02, -2.1840e-01, -1.1297e-01, -1.5760e-01, -1.0605e-01, -2.3675e-01, +3.7277e-02, -1.0258e-01, -1.9115e-02, -2.0371e-02, +6.4801e-02, +2.0433e-01, -1.4955e-01, -1.4563e-01, -8.2342e-03, -1.1373e-01, +2.4115e-02, +3.1205e-02, -6.1109e-03, -8.4732e-02, -8.9528e-02, -1.0000e+00, +1.0466e-01, -5.5745e-02, +3.8606e-02
+2.3055e-01, -6.1533e-02, -9.8176e-02, +5.9684e-02, +3.2571e-01, +8.3552e-02, +2.2162e-01, -1.2347e-01, +9.7291e-02, -4.1010e-02, +9.3976e-02, -5.6996e-02, -1.6269e-02, -1.5284e-01, +2.6223e-01, +1.4117e-01, -1.6897e-02, +2.3773e-01, +1.5445e-01, +6.5817e-02, +5.6065e-02, +1.5940e-01, -1.0108e-02, -3.7965e-02, +1.2732e-03, -2.8910e-04, -1.1549e-01, +1.8074e-01, +1.2077e-01, +3.5170e-02, +2.1809e-01, +1.1225e-01, +1.9227e-01, +9.5201e-02, +1.4051e-01, -1.0924e-01, -2.1952e-01, +1.4123e-01, +2.1508e-01, +1.7669e-01, -4.6939e-02, +1.3193e-01, +5.5304e-02, +1.4108e-01, +9.4783e-02, +1.2338e-02, +1.0466e-01, -1.0000e+00, +6.2913e-02, +2.2803e-01
-6.5969e-02, +2.8183e-02, +8.1647e-02, +1.6904e-02, -1.5955e-02, -5.0864e-02, +1.1601e-01, -6.4970e-03, -6.3614e-02, +2.3001e-03, +1.7247e-02, -3.0400e-02, +7.0410e-02, -6.7303e-02, -2.1664e-02, +2.3386e-02, -3.0519e-02, -7.4459e-02, -7.9572e-02, -7.4277e-02, -1.5209e-02, -2.3670e-02, -2.1770e-02, +1.6359e-02, -1.4246e-02, -1.7727e-02, +3.8170e-02, +3.2355e-02, -3.0266e-02, -1.8089e-02, -1.1921e-01, +1.3050e-02, +5.8239e-02, +1.1476e-01, +5.1141e-02, +3.9539e-02, +2.0811e-01, +5.9332e-02, -6.2068e-02, +6.9220e-02, -4.9403e-02, +3.2867e-03, -1.3806e-01, -1.0913e-01, +8.6706e-02, -3.6122e-02, -5.5745e-02, +6.2913e-02, -1.0000e+00, -7.9536e-02
-3.6706e-02, +7.0592e-02, +1.1502e-01, +1.1332e-01, +1.0615e-02, +5.8566e-02, -2.8458e-02, -1.7414e-02, +8.4925e-03, -2.5178e-02, +7.9494e-02, +2.2653e-01, +1.0900e-01, -1.4087e-02, -3.2890e-02, +8.4452e-02, +1.9280e-02, -9.8976e-02, -1.2327e-02, +1.1388e-01, -4.3712e-02, +5.6252e-02, +6.5628e-02, +1.6324e-01, +7.1305e-02, +7.0640e-02, +1.4802e-01, +9.2191e-03, +2.1326e-02, +5.2851e-02, -4.9687e-02, +5.6530e-02, +1.3669e-01, +2.1721e-02, -1.0117e-02, +3.2963e-02, +1.3656e-01, +3.0312e-02, -1.0331e-02, +1.2918e-01, -4.0216e-02, +6.1543e-02, -6.1184e-02, -8.0784e-02, -8.4100e-03, +5.6135e-02, +3.8606e-02, +2.2803e-01, -7.9536e-02, -1.0000e+00
