-1.0000e+00, +5.6784e-02, -3.8215e-03, -1.9031e-02, +4.5937e-02, +2.0275e-02, -4.6347e-02, -2.4199e-02, -2.9939e-02, -1.9597e-02, +3.8472e-02, -4.9283e-02, +3.4335e-02, +3.9624e-03, +4.0435e-02, +1.4232e-02, -1.4813e-02, +1.0409e-01, +4.0074e-02, -2.0439e-04, +4.9875e-03, +2.9304e-03, +3.2587e-02, -2.4168e-02, +6.1699e-03, -3.6613e-02, -2.6090e-02, -9.5340e-02, +3.0924e-02, -1.0227e-03, +6.5162e-03, -5.3775e-02, -4.1083e-02, +2.5593e-02, -3.6767e-03, -1.6797e-02, +3.3329e-02, -9.0607e-03, +1.4044e-04, -1.1274e-02, +3.5256e-02, -2.8782e-02, -5.4374e-02, +3.5129e-02, +7.1224e-04, -7.3168e-02, -8.5353e-02, +5.7911e-02, +1.1852e-01, +5.7646e-02
+5.6784e-02, -1.0000e+00, +5.9779e-04, -7.9458e-03, -5.0865e-02, -8.4026e-02, -4.4143e-02, +3.5521e-02, +1.0709e-02, -2.9969e-02, -2.8409e-02, -1.5334e-03, +7.3478e-04, -1.4253e-02, -4.5303e-02, +1.0555e-02, -8.1875e-03, -4.2861e-02, +3.3974e-02, +4.9597e-02, -9.3513e-04, -7.2085e-04, +8.3300e-03, +1.3671e-02, -5.6567e-02, -7.2281e-02, -9.6293e-03, +7.8741e-02, +2.1786e-03, +3.3640e-02, +4.7471e-02, -2.7765e-02, +1.4008e-02, +2.2197e-02, +2.4337e-02, -3.5842e-02, +3.1127e-02, +4.4013e-02, +1.1562e-02, +4.3110e-02, -8.4746e-02, +7.3837e-02, +8.2218e-02, -7.9858e-02, +3.2600e-02, +2.1363e-02, +9.1906e-02, -1.2623e-01, -6.8321e-02, -3.1929e-02
-3.8215e-03, +5.9779e-04, -1.0000e+00, -4.4598e-02, -2.5068e-02, -2.0693e-02, +7.6747e-03, +5.0410e-02, -5.2914e-02, -2.4336e-02, -4.4383e-02, +2.0309e-03, +4.4903e-02, +3.7458e-02, -8.3524e-02, -5.6640e-02, -1.6257e-02, -3.8948e-02, -6.4699e-02, -8.3815e-02, -5.3124e-02, -4.4311e-02, +2.3257e-02, -3.3332e-02, -8.9981e-02, +7.2990e-02, -4.7246e-02, -2.2761e-02, -1.8100e-02, +3.1050e-03, +7.3967e-03, +2.0776e-02, -7.2111e-02, -3.8304e-02, +2.7148e-02, +2.1188e-02, -1.5558e-02, -3.8838e-02, -4.4323e-02, +2.9242e-02, -4.5101e-02, +3.5919e-02, -2.2723e-02, +3.2408e-02, -2.0013e-02, -5.7475e-03, -1.3119e-01, +7.5239e-02, -6.0135e-05, +1.0521e-01
-1.9031e-02, -7.9458e-03, -4.4598e-02, -1.0000e+00, -7.1867e-03, -1.5500e-02, -1.2384e-02, -4.7208e-02, +5.0047e-02, -1.4154e-02, -1.3148e-01, -8.6299e-02, -5.5573e-02, -7.3658e-02, -2.5068e-02, -7.1708e-02, +1.1888e-02, +1.8512e-02, -9.6943e-02, -2.4588e-02, +1.7364e-02, +6.0471e-02, +1.0292e-01, -1.2673e-02, -5.0490e-02, -5.2885e-02, -8.2153e-02, -9.4029e-02, -1.9858e-02, -4.6193e-02, -7.4916e-02, -5.0468e-02, -1.0629e-01, -4.5923e-02, -3.1873e-02, -6.7099e-02, +1.5831e-02, -3.6267e-02, +1.3062e-02, +6.1170e-02, +1.6658e-02, +8.4617e-02, +8.2237e-02, +1.8550e-02, +5.3622e-03, -1.3851e-02, -1.5594e-01, -1.3019e-01, -1.7167e-01, +1.5169e-01
+4.5937e-02, -5.0865e-02, -2.5068e-02, -7.1867e-03, -1.0000e+00, -1.2639e-01, +9.6850e-03, -1.4190e-02, +8.7397e-03, -1.4128e-02, -1.5044e-02, +4.7179e-02, -7.6464e-02, -2.6271e-02, -7.4874e-02, -2.5900e-02, -3.7468e-02, +1.1516e-02, -9.3341e-02, +4.9570e-02, +9.7820e-02, +3.8515e-02, -1.2381e-02, -2.8316e-02, +6.4410e-02, -2.3869e-02, -8.5848e-02, -6.4568e-02, -8.1190e-02, -8.4649e-02, -4.1608e-02, +1.4151e-03, +3.5390e-02, +2.5118e-02, +1.2419e-02, -1.8169e-01, +1.4658e-01, +1.9607e-03, -2.8301e-02, +3.7181e-02, +3.7541e-03, +5.3123e-02, +2.2622e-02, -3.1672e-02, +3.8004e-02, -8.9399e-02, -5.5416e-02, -1.0299e-01, +1.1518e-01, +4.7050e-02
+2.0275e-02, -8.4026e-02, -2.0693e-02, -1.5500e-02, -1.2639e-01, -1.0000e+00, -8.2514e-03, +2.9953e-02, -2.1471e-02, +1.1909e-02, -9.4121e-02, +2.8689e-02, -2.5578e-02, -3.5597e-02, -1.5567e-01, -9.2229e-04, -5.7754e-02, -1.2834e-02, -5.3250e-02, +9.1237e-02, +2.6482e-02, +1.9180e-02, +5.8619e-02, +2.5285e-03, +2.8033e-02, -4.1791e-02, -8.8533e-02, +4.0158e-03, -5.7855e-02, -1.0804e-01, -6.2633e-02, -6.1079e-03, +3.6823e-02, -3.8529e-02, +5.8837e-02, -2.0414e-01, +3.9995e-02, -5.1439e-02, -4.6799e-02, -2.2456e-02, -1.1824e-02, +9.2723e-02, +1.0298e-01, -6.1477e-02, +5.0235e-02, -2.5643e-02, -1.1497e-01, -2.1406e-01, -2.9076e-02, +2.6788e-02
-4.6347e-02, -4.4143e-02, +7.6747e-03, -1.2384e-02, +9.6850e-03, -8.2514e-03, -1.0000e+00, -3.3877e-02, +1.3920e-02, -7.9401e-02, +4.1253e-02, -5.2290e-02, -4.6840e-02, -7.3900e-02, -1.3955e-02, -3.2349e-03, +2.5230e-02, +8.1895e-02, +4.3223e-02, +3.9831e-02, -1.7938e-02, +7.7945e-02, +1.0213e-01, -2.8263e-02, +2.1309e-02, +2.1448e-02, -4.5537e-02, -3.9362e-02, +8.1414e-03, -7.5850e-02, +5.9161e-02, +3.7084e-02, -6.5696e-03, +3.2789e-02, +5.5993e-02, -1.4731e-01, -9.4663e-02, +3.7665e-02, +1.9141e-02, +4.6026e-02, -1.3527e-02, -4.6768e-02, +1.8888e-02, -7.3133e-03, -5.8599e-02, -1.7718e-02, -2.4704e-02, -8.5028e-02, +4.6419e-02, -4.2868e-02
-2.4199e-02, +3.5521e-02, +5.0410e-02, -4.7208e-02, -1.4190e-02, +2.9953e-02, -3.3877e-02, -1.0000e+00, +5.1354e-03, +1.2292e-02, -2.2029e-02, -2.3394e-02, +8.6881e-03, -4.9247e-02, -6.2341e-02, +5.1647e-02, +4.8979e-02, +6.5739e-02, +7.8569e-02, +4.3291e-02, +5.1761e-02, +3.0694e-02, +1.7655e-03, +6.1756e-02, -3.4047e-02, +2.6128e-02, -8.4815e-02, +5.1900e-02, -3.7947e-02, -2.0451e-03, +1.1286e-02, -7.3702e-02, +3.1550e-02, -1.6723e-02, +2.6543e-02, -4.5627e-02, -6.2539e-03, -2.6092e-02, +8.8188e-02, +1.3179e-01, -5.1474e-02, -3.4891e-02, +2.2721e-02, -1.7947e-02, -4.5879e-02, +7.1575e-02, -2.7082e-02, -1.0538e-01, -1.2831e-01, -2.8916e-02
-2.9939e-02, +1.0709e-02, -5.2914e-02, +5.0047e-02, +8.7397e-03, -2.1471e-02, +1.3920e-02, +5.1354e-03, -1.0000e+00, -1.9580e-02, -5.8843e-03, +4.4900e-02, +3.2787e-02, +5.0795e-02, -1.2317e-02, -3.0056e-03, +2.1236e-02, +2.1963e-02, +3.6577e-02, +2.6561e-05, -8.7035e-04, +1.6041e-02, -4.3632e-02, -2.6031e-02, -4.5261e-02, +5.5563e-02, +4.7710e-02, -5.0530e-02, +4.5962e-02, +3.2338e-02, +4.0458e-02, +1.6937e-02, -3.9532e-02, -5.5765e-02, +6.5488e-02, -5.3476e-02, -5.6159e-02, +4.1847e-02, -4.9938e-03, -4.0599e-02, -1.4509e-02, +4.0980e-02, -5.3670e-02, +3.4001e-02, -8.4563e-03, -1.5275e-02, +7.4343e-02, +8.6496e-02, +1.3438e-01, -5.6372e-02
-1.9597e-02, -2.9969e-02, -2.4336e-02, -1.4154e-02, -1.4128e-02, +1.1909e-02, -7.9401e-02, +1.2292e-02, -1.9580e-02, -1.0000e+00, +5.5991e-02, +2.1526e-02, +8.3360e-03, +3.1473e-02, +3.7464e-03, -9.3495e-02, -3.4002e-02, +1.9056e-02, +2.0255e-02, -3.9610e-02, -3.8818e-02, +2.3723e-02, +2.0708e-02, -1.0346e-01, +3.0548e-02, +8.2720e-03, -4.4318e-02, -1.2932e-02, +1.6469e-02, -2.0187e-02, -1.8008e-02, +1.0492e-01, -8.4865e-02, -8.0261e-02, -3.2546e-02, -6.6318e-02, -4.6405e-03, -9.5754e-03, +1.6173e-02, -5.2698e-02, -2.7632e-02, +1.1199e-02, +3.7052e-02, -5.1822e-02, +3.3824e-02, -6.4212e-02, +6.4372e-03, +3.2225e-02, +1.0707e-01, +2.2276e-03
+3.8472e-02, -2.8409e-02, -4.4383e-02, -1.3148e-01, -1.5044e-02, -9.4121e-02, +4.1253e-02, -2.2029e-02, -5.8844e-03, +5.5991e-02, -1.0000e+00, -2.7664e-02, -6.8057e-02, -6.7797e-02, -1.1679e-01, -2.2019e-02, -1.1635e-02, -6.0908e-02, -1.1952e-01, +4.3188e-02, +3.4607e-02, +5.6089e-03, +8.2252e-02, +1.8862e-01, -4.5226e-02, -8.0420e-02, -1.1856e-01, -6.3296e-02, -1.2752e-01, -6.0024e-02, -9.8923e-02, -1.0895e-02, +3.6691e-02, -6.8189e-02, -4.6757e-02, -2.2762e-02, +1.9080e-02, -1.2041e-01, -3.4976e-04, -4.8549e-02, +2.3638e-02, +1.0680e-01, +9.5120e-02, +9.4173e-03, -5.8966e-02, +5.3128e-02, -1.5365e-01, -8.5071e-02, -2.4347e-01, +5.0468e-02
-4.9283e-02, -1.5334e-03, +2.0310e-03, -8.6299e-02, +4.7179e-02, +2.8689e-02, -5.2290e-02, -2.3394e-02, +4.4900e-02, +2.1526e-02, -2.7664e-02, -1.0000e+00, -6.5019e-02, -4.7761e-02, -3.4409e-02, -9.2427e-03, +1.7328e-02, +2.4900e-02, -3.8560e-02, -2.6595e-03, -4.5738e-02, +9.2201e-03, +1.2499e-01, -1.2577e-02, -5.7785e-02, -9.3172e-02, -3.8133e-02, -3.1281e-02, -3.3236e-02, +2.0502e-02, -3.6353e-02, -1.1535e-02, -1.7204e-02, -5.0644e-02, -3.3203e-02, +2.0767e-02, -3.5093e-02, -6.1757e-02, +7.5157e-02, +7.5592e-02, +5.1051e-03, +1.4479e-02, +5.6512e-02, +4.5182e-02, +1.1186e-02, +5.6908e-02, -8.5822e-02, -1.1951e-01, -1.4487e-01, +4.4740e-02
+3.4335e-02, +7.3477e-04, +4.4903e-02, -5.5573e-02, -7.6464e-02, -2.5578e-02, -4.6840e-02, +8.6880e-03, +3.2787e-02, +8.3360e-03, -6.8057e-02, -6.5018e-02, -1.0000e+00, -1.1733e-01, -7.6299e-02, +3.0383e-02, +5.7883e-02, +6.6180e-02, -8.7973e-02, +1.9900e-02, -2.6225e-04, +4.7996e-02, +6.6440e-02, +3.0463e-02, +5.5831e-03, -4.8231e-02, -3.1850e-02, -9.7163e-02, -5.2507e-02, -3.2894e-02, -4.5549e-02, -6.7852e-02, +7.8492e-04, +1.8045e-02, -4.4157e-04, -9.0646e-02, +4.0150e-02, +1.2696e-02, +6.2491e-02, +2.2100e-02, +3.2868e-02, -8.8073e-03, +1.0936e-01, -9.5184e-02, -3.4105e-02, +8.4052e-04, -1.0677e-01, -1.7626e-01, -1.1835e-01, +1.3882e-02
+3.9624e-03, -1.4253e-02, +3.7458e-02, -7.3658e-02, -2.6271e-02, -3.5597e-02, -7.3900e-02, -4.9247e-02, +5.0795e-02, +3.1473e-02, -6.7797e-02, -4.7761e-02, -1.1733e-01, -1.0000e+00, -7.2439e-02, +2.3132e-02, +7.1801e-02, +1.2859e-01, -6.1049e-02, -9.6491e-03, +9.9856e-02, -2.4270e-02, +8.1174e-02, -5.0993e-02, +3.8673e-02, -3.6180e-02, +2.6269e-02, -9.7033e-02, -5.1093e-02, -5.9659e-02, -1.2207e-01, -3.2274e-03, -1.8673e-02, -1.1634e-01, -5.2116e-03, -8.2094e-02, +1.3562e-01, -8.0683e-03, +3.3804e-02, +8.9557e-02, +2.8285e-02, -3.8090e-02, +3.8851e-02, -6.7125e-02, -1.3170e-01, -2.5773e-02, -1.1975e-02, -1.7424e-01, -1.9358e-01, -3.5911e-02
+4.0435e-02, -4.5303e-02, -8.3524e-02, -2.5068e-02, -7.4874e-02, -1.5567e-01, -1.3955e-02, -6.2341e-02, -1.2317e-02, +3.7464e-03, -1.1679e-01, -3.4409e-02, -7.6299e-02, -7.2439e-02, -1.0000e+00, +5.0400e-03, -4.7700e-02, -1.3900e-02, -1.6463e-01, -4.4159e-02, +6.4850e-02, +2.5540e-02, +3.3754e-02, -1.1494e-02, -5.2190e-02, +5.7569e-03, -1.8925e-01, -1.1230e-01, -3.1951e-02, -1.2669e-02, -8.2430e-02, +1.3367e-02, +5.4405e-02, -2.4236e-02, +3.3921e-02, -9.8104e-02, +1.4792e-01, -7.7651e-02, +1.4875e-02, +2.6655e-02, -9.1032e-02, +3.6730e-02, +4.7806e-02, -1.0460e-02, -8.1639e-02, -4.2461e-02, -6.8912e-02, -1.9452e-03, -9.3952e-02, +8.6097e-02
+1.4232e-02, +1.0555e-02, -5.6640e-02, -7.1708e-02, -2.5900e-02, -9.2228e-04, -3.2349e-03, +5.1647e-02, -3.0056e-03, -9.3495e-02, -2.2019e-02, -9.2427e-03, +3.0383e-02, +2.3132e-02, +5.0399e-03, -1.0000e+00, -6.3570e-02, +5.2085e-02, -1.3034e-02, +1.5870e-03, +1.9229e-02, +1.6027e-02, -6.4571e-02, +1.0901e-03, +8.5476e-02, +5.1279e-02, +2.5734e-02, -3.7550e-03, +6.1681e-02, +5.9925e-02, -1.7158e-02, -3.8644e-02, -1.3882e-01, -1.2504e-02, +3.0638e-02, -5.8179e-02, +8.7632e-02, -4.4344e-02, +4.9217e-02, -9.0434e-02, +4.4890e-02, -4.3710e-02, -4.3365e-02, -5.2040e-02, +1.0206e-02, -1.3521e-01, -1.8079e-02, -1.1575e-02, +1.6162e-01, +1.6086e-02
-1.4813e-02, -8.1875e-03, -1.6257e-02, +1.1888e-02, -3.7468e-02, -5.7754e-02, +2.5230e-02, +4.8979e-02, +2.1236e-02, -3.4002e-02, -1.1635e-02, +1.7328e-02, +5.7883e-02, +7.1801e-02, -4.7700e-02, -6.3570e-02, -1.0000e+00, -1.3007e-02, -6.2759e-02, -2.8702e-02, -5.6384e-02, -1.3547e-02, +2.9140e-02, -4.9872e-02, +1.3223e-02, +1.6002e-02, +6.5056e-02, +4.5844e-03, +5.7743e-03, -2.6884e-02, +3.3209e-02, +1.0741e-04, -2.2029e-02, -6.8425e-02, -1.6013e-02, -5.5353e-02, +6.8758e-02, +1.3314e-02, -4.8682e-03, -2.4247e-02, +3.0124e-02, +4.8709e-02, -2.4947e-02, -4.7355e-02, +1.3756e-04, -6.8761e-02, +5.7119e-02, -6.3498e-02, +7.5252e-02, -5.1258e-02
+1.0409e-01, -4.2861e-02, -3.8948e-02, +1.8512e-02, +1.1516e-02, -1.2834e-02, +8.1895e-02, +6.5739e-02, +2.1963e-02, +1.9056e-02, -6.0908e-02, +2.4900e-02, +6.6180e-02, +1.2859e-01, -1.3900e-02, +5.2085e-02, -1.3007e-02, -1.0000e+00, +2.0418e-02, -6.6491e-02, -3.5791e-02, +8.4263e-02, -2.9302e-02, +7.1294e-02, -1.7625e-02, +7.0925e-02, +2.9095e-02, +1.0368e-01, +1.6307e-02, +5.4850e-02, +1.1943e-03, -1.9916e-03, +1.4266e-02, +4.7914e-02, -2.2449e-03, +1.2705e-01, +1.0253e-02, +3.1354e-03, -7.0371e-02, -2.9889e-02, -1.9420e-02, +2.7242e-01, -5.4467e-02, +9.6038e-02, +2.6083e-02, +7.1066e-02, +7.8993e-02, +1.3581e-01, -1.4099e-02, -3.5342e-02
+4.0074e-02, +3.3974e-02, -6.4699e-02, -9.6943e-02, -9.3341e-02, -5.3250e-02, +4.3223e-02, +7.8569e-02, +3.6577e-02, +2.0255e-02, -1.1952e-01, -3.8559e-02, -8.7973e-02, -6.1049e-02, -1.6463e-01, -1.3034e-02, -6.2759e-02, +2.0418e-02, -1.0000e+00, -1.4894e-02, +8.7247e-03, -6.5302e-03, +1.5131e-01, -1.5424e-02, -1.0336e-01, -1.0255e-01, -1.0596e-01, -4.5980e-02, -8.0491e-02, -1.0027e-01, -1.2954e-01, -5.3602e-03, +7.7566e-04, -2.9370e-02, -5.5569e-02, -2.6782e-02, -1.4062e-02, -5.4129e-02, -4.6389e-02, +2.6154e-02, -9.2876e-02, -1.4161e-02, +1.1741e-01, -3.7112e-02, -3.8922e-02, +2.8617e-02, -1.1660e-01, -1.1863e-01, -1.9613e-01, +3.0466e-02
-2.0439e-04, +4.9597e-02, -8.3815e-02, -2.4588e-02, +4.9570e-02, +9.1237e-02, +3.9831e-02, +4.3291e-02, +2.6563e-05, -3.9610e-02, +4.3188e-02, -2.6595e-03, +1.9900e-02, -9.6491e-03, -4.4159e-02, +1.5870e-03, -2.8702e-02, -6.6491e-02, -1.4894e-02, -1.0000e+00, -9.9289e-02, -1.4512e-01, -8.4842e-02, -1.4333e-01, +3.2031e-02, +1.1531e-02, -5.3387e-03, +1.4771e-03, +3.3369e-02, -4.5774e-03, -2.8663e-02, +2.5930e-02, -7.6357e-02, +1.9246e-02, -1.1597e-01, +2.1802e-01, +2.2551e-02, -1.7815e-02, +8.2564e-03, -7.4446e-02, +1.4398e-02, +7.0748e-02, -6.2768e-02, +1.1714e-01, -2.7471e-02, +6.1374e-03, -1.1231e-02, +1.5748e-01, -3.6049e-03, -5.2961e-02
+4.9875e-03, -9.3512e-04, -5.3124e-02, +1.7364e-02, +9.7820e-02, +2.6482e-02, -1.7938e-02, +5.1761e-02, -8.7035e-04, -3.8818e-02, +3.4607e-02, -4.5738e-02, -2.6223e-04, +9.9856e-02, +6.4850e-02, +1.9229e-02, -5.6384e-02, -3.5791e-02, +8.7247e-03, -9.9289e-02, -1.0000e+00, +3.6801e-03, +1.6377e-01, +4.9673e-02, -3.8880e-02, +4.5249e-02, +1.3684e-01, -3.0766e-02, +5.6544e-03, +6.4518e-02, +5.8007e-02, -5.2196e-02, -2.7913e-03, +3.3420e-03, +1.1419e-03, +2.0525e-01, -2.0958e-02, -4.1898e-02, -4.2563e-02, -7.0139e-02, +3.8657e-02, +4.4975e-03, -2.6569e-02, +8.3739e-02, -1.5054e-02, +1.3660e-02, +8.0883e-02, +1.7379e-01, +5.6716e-02, -4.5486e-02
+2.9304e-03, -7.2085e-04, -4.4312e-02, +6.0471e-02, +3.8515e-02, +1.9180e-02, +7.7945e-02, +3.0694e-02, +1.6041e-02, +2.3723e-02, +5.6089e-03, +9.2201e-03, +4.7996e-02, -2.4270e-02, +2.5540e-02, +1.6027e-02, -1.3547e-02, +8.4263e-02, -6.5302e-03, -1.4512e-01, +3.6801e-03, -1.0000e+00, +4.3852e-03, -8.7192e-02, -1.0599e-03, -2.2930e-02, -7.2723e-02, -3.0398e-02, -9.3335e-02, +2.1728e-02, -7.9545e-02, +2.8118e-02, +5.0184e-03, +9.5217e-03, -2.8196e-02, +3.4651e-01, +1.1291e-02, -3.3886e-02, +5.2532e-03, -5.2816e-02, -3.1201e-02, -3.6022e-02, -3.5563e-02, +1.9255e-01, -1.0465e-02, +3.8270e-02, -8.2900e-03, +1.4590e-01, -5.1769e-02, +6.6011e-03
+3.2586e-02, +8.3301e-03, +2.3257e-02, +1.0292e-01, -1.2381e-02, +5.8619e-02, +1.0213e-01, +1.7655e-03, -4.3632e-02, +2.0708e-02, +8.2252e-02, +1.2499e-01, +6.6440e-02, +8.1174e-02, +3.3754e-02, -6.4571e-02, +2.9140e-02, -2.9302e-02, +1.5131e-01, -8.4842e-02, +1.6377e-01, +4.3851e-03, -1.0000e+00, +2.7451e-04, +6.4504e-02, +1.1348e-01, +6.8391e-02, +9.9404e-02, +9.0252e-02, +8.5998e-02, -1.5042e-03, -3.7728e-02, -9.1383e-02, +7.2063e-02, -7.4411e-03, +1.0503e-01, -3.6208e-02, +7.6404e-02, -3.1630e-03, -2.4113e-02, +4.7155e-02, +2.7409e-01, -2.7757e-01, +1.7397e-02, +4.2042e-03, -2.0192e-02, +8.2725e-02, +2.0001e-01, +2.8824e-01, -1.0858e-01
-2.4168e-02, +1.3671e-02, -3.3333e-02, -1.2673e-02, -2.8316e-02, +2.5285e-03, -2.8263e-02, +6.1756e-02, -2.6031e-02, -1.0346e-01, +1.8862e-01, -1.2577e-02, +3.0463e-02, -5.0993e-02, -1.1494e-02, +1.0901e-03, -4.9872e-02, +7.1294e-02, -1.5424e-02, -1.4333e-01, +4.9673e-02, -8.7192e-02, +2.7451e-04, -1.0000e+00, +5.0325e-02, -6.3858e-02, -3.6144e-02, -7.4657e-04, +2.4267e-03, +3.3552e-03, -3.2683e-02, +4.1676e-02, -1.0099e-01, +2.5106e-02, -1.1842e-01, +6.1108e-02, +8.2513e-04, +8.4783e-03, -3.3685e-02, -1.0154e-01, -7.9216e-04, +5.8621e-02, -1.9177e-02, +6.2887e-02, -1.4803e-02, -8.6467e-02, -9.5501e-02, +8.5731e-02, +1.2171e-01, -3.0450e-03
+6.1699e-03, -5.6567e-02, -8.9981e-02, -5.0490e-02, +6.4410e-02, +2.8033e-02, +2.1309e-02, -3.4047e-02, -4.5261e-02, +3.0548e-02, -4.5226e-02, -5.7785e-02, +5.5831e-03, +3.8673e-02, -5.2190e-02, +8.5476e-02, +1.3223e-02, -1.7625e-02, -1.0336e-01, +3.2031e-02, -3.8880e-02, -1.0599e-03, +6.4504e-02, +5.0325e-02, -1.0000e+00, +6.9938e-03, -5.0278e-02, +4.4445e-02, +8.0063e-03, +1.6041e-02, +4.5546e-03, -4.8444e-02, +1.0288e-01, +1.1175e-02, -1.7156e-02, +9.5698e-03, +4.4131e-02, -4.8639e-02, -6.8387e-03, +5.7126e-03, -9.9050e-02, +4.7495e-02, +8.4915e-02, +3.3620e-02, -3.1376e-03, +3.4698e-02, -1.9680e-02, -8.1780e-02, -1.8306e-01, +1.0714e-01
-3.6613e-02, -7.2281e-02, +7.2990e-02, -5.2885e-02, -2.3869e-02, -4.1791e-02, +2.1448e-02, +2.6128e-02, +5.5563e-02, +8.2720e-03, -8.0420e-02, -9.3172e-02, -4.8231e-02, -3.6180e-02, +5.7569e-03, +5.1279e-02, +1.6002e-02, +7.0925e-02, -1.0255e-01, +1.1531e-02, +4.5249e-02, -2.2930e-02, +1.1348e-01, -6.3858e-02, +6.9938e-03, -1.0000e+00, -1.0983e-01, -3.1474e-03, -8.8341e-02, -1.4072e-01, -1.7870e-01, +2.0136e-02, +1.7006e-02, +2.3032e-02, -1.6176e-02, -1.0655e-02, +1.2719e-02, -4.3937e-02, +1.4201e-02, -6.4483e-03, -2.4783e-02, -2.1920e-02, +6.5680e-02, +5.1495e-02, -1.5583e-02, +7.1683e-02, -7.4998e-02, -7.5433e-02, -1.2203e-01, +7.7466e-02
-2.6090e-02, -9.6293e-03, -4.7246e-02, -8.2153e-02, -8.5848e-02, -8.8533e-02, -4.5537e-02, -8.4815e-02, +4.7710e-02, -4.4318e-02, -1.1856e-01, -3.8133e-02, -3.1850e-02, +2.6269e-02, -1.8925e-01, +2.5734e-02, +6.5056e-02, +2.9095e-02, -1.0596e-01, -5.3387e-03, +1.3684e-01, -7.2723e-02, +6.8391e-02, -3.6144e-02, -5.0278e-02, -1.0983e-01, -1.0000e+00, -7.1092e-02, -1.4765e-01, -6.3800e-02, -8.7938e-02, +3.6215e-02, +4.1806e-02, +2.2989e-02, -6.5661e-02, -5.7450e-02, +3.5653e-02, -9.8282e-02, +8.4802e-02, +7.1827e-02, -5.0736e-02, +2.6369e-02, +1.1594e-01, +1.9755e-02, -7.9812e-02, -3.2981e-02, -1.1816e-01, -1.5261e-01, -1.5544e-01, +4.9715e-02
-9.5340e-02, +7.8741e-02, -2.2761e-02, -9.4029e-02, -6.4568e-02, +4.0158e-03, -3.9362e-02, +5.1900e-02, -5.0530e-02, -1.2932e-02, -6.3296e-02, -3.1281e-02, -9.7163e-02, -9.7033e-02, -1.1230e-01, -3.7550e-03, +4.5844e-03, +1.0368e-01, -4.5980e-02, +1.4771e-03, -3.0766e-02, -3.0398e-02, +9.9404e-02, -7.4655e-04, +4.4445e-02, -3.1474e-03, -7.1092e-02, -1.0000e+00, -1.0792e-01, -6.0866e-02, -5.5217e-02, -1.1583e-02, +2.4129e-02, -6.0331e-02, +5.5277e-03, -5.5921e-02, +4.7891e-02, -1.3688e-01, -5.9848e-02, -5.2683e-03, -3.9890e-02, -2.0188e-02, +1.7568e-02, +9.9164e-03, -4.0720e-02, -3.1381e-02, -6.8543e-02, -4.2198e-02, -5.4502e-02, -3.4704e-03
+3.0924e-02, +2.1786e-03, -1.8100e-02, -1.9858e-02, -8.1190e-02, -5.7855e-02, +8.1414e-03, -3.7947e-02, +4.5962e-02, +1.6469e-02, -1.2752e-01, -3.3236e-02, -5.2507e-02, -5.1093e-02, -3.1951e-02, +6.1681e-02, +5.7743e-03, +1.6307e-02, -8.0491e-02, +3.3369e-02, +5.6544e-03, -9.3335e-02, +9.0252e-02, +2.4267e-03, +8.0063e-03, -8.8341e-02, -1.4765e-01, -1.0792e-01, -1.0000e+00, -9.4430e-02, -1.1258e-01, -2.2407e-02, +2.0843e-02, -1.1342e-02, -3.0704e-02, +9.5579e-03, +1.1324e-02, -8.3830e-02, +8.3542e-02, +4.4844e-02, +9.0727e-03, +1.0735e-02, +9.9390e-02, +1.9280e-02, -7.0074e-02, +8.7547e-02, -3.4095e-02, -1.1340e-01, -1.7857e-01, -3.8189e-02
-1.0227e-03, +3.3640e-02, +3.1050e-03, -4.6193e-02, -8.4649e-02, -1.0804e-01, -7.5850e-02, -2.0451e-03, +3.2338e-02, -2.0187e-02, -6.0024e-02, +2.0502e-02, -3.2894e-02, -5.9659e-02, -1.2669e-02, +5.9925e-02, -2.6884e-02, +5.4850e-02, -1.0027e-01, -4.5774e-03, +6.4518e-02, +2.1728e-02, +8.5998e-02, +3.3552e-03, +1.6041e-02, -1.4072e-01, -6.3800e-02, -6.0866e-02, -9.4430e-02, -1.0000e+00, -1.1365e-01, +1.8992e-02, -4.6049e-02, -3.3769e-02, +7.2775e-03, -3.3678e-02, -5.9717e-02, -2.3318e-02, -7.9785e-02, +4.0762e-02, -1.0255e-01, -1.4690e-02, +8.0059e-02, +1.0865e-03, -1.5897e-02, +7.5441e-02, -9.5136e-02, -6.7822e-02, -1.8048e-01, +1.5711e-02
+6.5162e-03, +4.7471e-02, +7.3967e-03, -7.4916e-02, -4.1608e-02, -6.2633e-02, +5.9161e-02, +1.1286e-02, +4.0458e-02, -1.8008e-02, -9.8923e-02, -3.6353e-02, -4.5549e-02, -1.2207e-01, -8.2430e-02, -1.7158e-02, +3.3209e-02, +1.1943e-03, -1.2954e-01, -2.8663e-02, +5.8007e-02, -7.9545e-02, -1.5042e-03, -3.2683e-02, +4.5546e-03, -1.7870e-01, -8.7938e-02, -5.5217e-02, -1.1258e-01, -1.1365e-01, -1.0000e+00, +4.7810e-02, +2.3191e-02, +2.6187e-02, -6.8532e-02, -3.5147e-02, +4.5127e-02, +2.7479e-02, +2.8764e-02, -4.1071e-02, -1.0501e-03, -2.8518e-02, +1.0563e-02, +8.2563e-03, -7.4504e-02, -6.2728e-02, -8.9714e-02, -4.0588e-03, -1.0065e-01, +8.6581e-02
-5.3775e-02, -2.7765e-02, +2.0776e-02, -5.0468e-02, +1.4151e-03, -6.1079e-03, +3.7084e-02, -7.3702e-02, +1.6937e-02, +1.0492e-01, -1.0895e-02, -1.1535e-02, -6.7852e-02, -3.2274e-03, +1.3367e-02, -3.8644e-02, +1.0741e-04, -1.9916e-03, -5.3602e-03, +2.5930e-02, -5.2196e-02, +2.8118e-02, -3.7728e-02, +4.1676e-02, -4.8444e-02, +2.0136e-02, +3.6215e-02, -1.1583e-02, -2.2407e-02, +1.8992e-02, +4.7810e-02, -1.0000e+00, -5.8672e-02, -9.0773e-03, -2.9762e-02, +2.8660e-02, +5.3836e-02, -8.0934e-03, +3.7056e-02, -6.6806e-03, +4.8528e-02, +3.0748e-04, +6.1615e-02, -7.5759e-02, +7.0533e-02, +5.2707e-02, -1.1292e-02, -3.0753e-02, -8.2749e-02, +6.6384e-02
-4.1083e-02, +1.4008e-02, -7.2111e-02, -1.0629e-01, +3.5390e-02, +3.6823e-02, -6.5696e-03, +3.1550e-02, -3.9532e-02, -8.4865e-02, +3.6691e-02, -1.7204e-02, +7.8490e-04, -1.8673e-02, +5.4405e-02, -1.3882e-01, -2.2029e-02, +1.4266e-02, +7.7565e-04, -7.6357e-02, -2.7913e-03, +5.0184e-03, -9.1383e-02, -1.0099e-01, +1.0288e-01, +1.7006e-02, +4.1806e-02, +2.4129e-02, +2.0843e-02, -4.6049e-02, +2.3191e-02, -5.8672e-02, -1.0000e+00, +6.9340e-02, -7.6662e-02, +1.3091e-01, +9.5970e-02, -6.4461e-02, +2.5671e-02, -1.8022e-01, +3.1242e-02, -1.9927e-03, -4.0751e-02, +7.4093e-02, +6.9183e-03, -5.6085e-02, -2.0353e-02, +1.3221e-01, +1.3433e-01, -9.4711e-03
+2.5593e-02, +2.2197e-02, -3.8304e-02, -4.5923e-02, +2.5118e-02, -3.8529e-02, +3.2789e-02, -1.6723e-02, -5.5765e-02, -8.0261e-02, -6.8189e-02, -5.0644e-02, +1.8045e-02, -1.1634e-01, -2.4236e-02, -1.2504e-02, -6.8425e-02, +4.7914e-02, -2.9370e-02, +1.9246e-02, +3.3420e-03, +9.5217e-03, +7.2063e-02, +2.5106e-02, +1.1175e-02, +2.3032e-02, +2.2989e-02, -6.0331e-02, -1.1342e-02, -3.3769e-02, +2.6187e-02, -9.0773e-03, +6.9340e-02, -1.0000e+00, +3.5594e-02, -6.5168e-02, +5.8536e-02, -2.6426e-02, +1.0378e-02, -7.9102e-04, -1.8487e-02, +1.1389e-02, +3.9035e-02, -6.3560e-02, +5.9225e-03, -2.3370e-02, -3.5474e-02, -7.6593e-02, -4.0401e-02, -1.1009e-02
-3.6767e-03, +2.4337e-02, +2.7148e-02, -3.1873e-02, +1.2419e-02, +5.8837e-02, +5.5993e-02, +2.6543e-02, +6.5488e-02, -3.2546e-02, -4.6757e-02, -3.3203e-02, -4.4157e-04, -5.2116e-03, +3.3921e-02, +3.0638e-02, -1.6013e-02, -2.2449e-03, -5.5569e-02, -1.1597e-01, +1.1419e-03, -2.8196e-02, -7.4411e-03, -1.1842e-01, -1.7156e-02, -1.6176e-02, -6.5661e-02, +5.5277e-03, -3.0704e-02, +7.2775e-03, -6.8532e-02, -2.9762e-02, -7.6662e-02, +3.5594e-02, -1.0000e+00, +1.6499e-01, -5.5110e-02, +2.2412e-02, +1.2243e-01, -4.0262e-02, +4.8836e-02, +4.4491e-02, -7.3818e-02, +6.3275e-02, -9.5003e-03, +7.4556e-02, -4.1352e-02, +5.1380e-02, -9.6866e-02, -2.1422e-02
-1.6797e-02, -3.5842e-02, +2.1188e-02, -6.7099e-02, -1.8169e-01, -2.0414e-01, -1.4731e-01, -4.5627e-02, -5.3476e-02, -6.6318e-02, -2.2762e-02, +2.0767e-02, -9.0646e-02, -8.2094e-02, -9.8104e-02, -5.8179e-02, -5.5353e-02, +1.2705e-01, -2.6782e-02, +2.1802e-01, +2.0525e-01, +3.4651e-01, +1.0503e-01, +6.1108e-02, +9.5698e-03, -1.0655e-02, -5.7450e-02, -5.5921e-02, +9.5579e-03, -3.3678e-02, -3.5147e-02, +2.8660e-02, +1.3091e-01, -6.5168e-02, +1.6499e-01, -1.0000e+00, +1.9880e-01, -5.8081e-03, -6.2577e-02, +2.2140e-01, +2.1730e-02, -5.3826e-03, +1.4144e-01, -4.2929e-01, +6.2519e-02, -2.5971e-01, -1.4060e-01, -5.2356e-01, +3.1935e-01, +6.0095e-02
+3.3329e-02, +3.1127e-02, -1.5558e-02, +1.5831e-02, +1.4658e-01, +3.9995e-02, -9.4663e-02, -6.2539e-03, -5.6159e-02, -4.6405e-03, +1.9080e-02, -3.5093e-02, +4.0150e-02, +1.3562e-01, +1.4792e-01, +8.7632e-02, +6.8758e-02, +1.0253e-02, -1.4062e-02, +2.2551e-02, -2.0958e-02, +1.1291e-02, -3.6208e-02, +8.2512e-04, +4.4130e-02, +1.2719e-02, +3.5653e-02, +4.7891e-02, +1.1324e-02, -5.9717e-02, +4.5127e-02, +5.3836e-02, +9.5970e-02, +5.8536e-02, -5.5110e-02, +1.9880e-01, -1.0000e+00, +3.8682e-02, -3.5203e-02, +2.4137e-02, -2.5270e-03, -5.4996e-02, +4.3259e-02, +1.4098e-01, -7.8818e-03, +6.6570e-02, +3.0088e-02, +1.6420e-01, -5.8494e-02, -6.9407e-02
-9.0607e-03, +4.4013e-02, -3.8838e-02, -3.6267e-02, +1.9607e-03, -5.1439e-02, +3.7665e-02, -2.6092e-02, +4.1847e-02, -9.5754e-03, -1.2041e-01, -6.1757e-02, +1.2696e-02, -8.0683e-03, -7.7651e-02, -4.4344e-02, +1.3314e-02, +3.1354e-03, -5.4129e-02, -1.7815e-02, -4.1898e-02, -3.3886e-02, +7.6404e-02, +8.4783e-03, -4.8639e-02, -4.3937e-02, -9.8282e-02, -1.3688e-01, -8.3830e-02, -2.3318e-02, +2.7479e-02, -8.0935e-03, -6.4461e-02, -2.6426e-02, +2.2412e-02, -5.8081e-03, +3.8682e-02, -1.0000e+00, -7.3900e-03, +6.5719e-02, -1.4846e-02, +3.8482e-02, -4.1572e-02, +2.7325e-05, -3.1847e-03, +6.2832e-02, -6.2610e-02, +2.8327e-02, -1.3391e-01, +7.1650e-02
+1.4043e-04, +1.1562e-02, -4.4323e-02, +1.3062e-02, -2.8301e-02, -4.6799e-02, +1.9141e-02, +8.8188e-02, -4.9938e-03, +1.6173e-02, -3.4975e-04, +7.5157e-02, +6.2491e-02, +3.3804e-02, +1.4875e-02, +4.9217e-02, -4.8682e-03, -7.0371e-02, -4.6389e-02, +8.2564e-03, -4.2563e-02, +5.2532e-03, -3.1630e-03, -3.3685e-02, -6.8387e-03, +1.4201e-02, +8.4802e-02, -5.9848e-02, +8.3542e-02, -7.9785e-02, +2.8764e-02, +3.7056e-02, +2.5671e-02, +1.0378e-02, +1.2243e-01, -6.2577e-02, -3.5203e-02, -7.3900e-03, -1.0000e+00, -6.3108e-03, +2.6849e-03, +8.3484e-02, +6.3476e-02, -1.4257e-02, +2.8259e-02, -4.0723e-02, -3.7745e-02, -2.3418e-02, +5.7733e-02, -5.2996e-02
-1.1274e-02, +4.3110e-02, +2.9242e-02, +6.1170e-02, +3.7181e-02, -2.2456e-02, +4.6026e-02, +1.3179e-01, -4.0599e-02, -5.2698e-02, -4.8549e-02, +7.5592e-02, +2.2100e-02, +8.9557e-02, +2.6655e-02, -9.0434e-02, -2.4247e-02, -2.9889e-02, +2.6154e-02, -7.4446e-02, -7.0139e-02, -5.2816e-02, -2.4113e-02, -1.0154e-01, +5.7126e-03, -6.4483e-03, +7.1827e-02, -5.2683e-03, +4.4844e-02, +4.0762e-02, -4.1071e-02, -6.6806e-03, -1.8022e-01, -7.9103e-04, -4.0262e-02, +2.2140e-01, +2.4137e-02, +6.5719e-02, -6.3108e-03, -1.0000e+00, -2.1111e-02, +5.2666e-02, +9.9230e-02, +1.3174e-01, +3.7841e-02, -3.3375e-02, +6.8767e-02, +2.1516e-01, +1.5996e-01, +3.8146e-02
+3.5256e-02, -8.4746e-02, -4.5101e-02, +1.6658e-02, +3.7542e-03, -1.1824e-02, -1.3527e-02, -5.1474e-02, -1.4509e-02, -2.7632e-02, +2.3638e-02, +5.1051e-03, +3.2868e-02, +2.8285e-02, -9.1032e-02, +4.4890e-02, +3.0124e-02, -1.9420e-02, -9.2876e-02, +1.4398e-02, +3.8657e-02, -3.1201e-02, +4.7155e-02, -7.9217e-04, -9.9050e-02, -2.4783e-02, -5.0736e-02, -3.9890e-02, +9.0727e-03, -1.0255e-01, -1.0501e-03, +4.8528e-02, +3.1242e-02, -1.8487e-02, +4.8836e-02, +2.1730e-02, -2.5270e-03, -1.4846e-02, +2.6849e-03, -2.1111e-02, -1.0000e+00, +2.4049e-02, +4.8126e-02, +5.5761e-02, -6.1882e-02, +5.3050e-02, +3.1633e-02, -3.9290e-02, -1.0091e-01, +4.2672e-02
-2.8782e-02, +7.3837e-02, +3.5919e-02, +8.4617e-02, +5.3123e-02, +9.2723e-02, -4.6768e-02, -3.4891e-02, +4.0980e-02, +1.1199e-02, +1.0680e-01, +1.4479e-02, -8.8073e-03, -3.8090e-02, +3.6730e-02, -4.3710e-02, +4.8709e-02, +2.7242e-01, -1.4161e-02, +7.0748e-02, +4.4975e-03, -3.6022e-02, +2.7409e-01, +5.8621e-02, +4.7495e-02, -2.1920e-02, +2.6369e-02, -2.0188e-02, +1.0735e-02, -1.4690e-02, -2.8518e-02, +3.0748e-04, -1.9927e-03, +1.1389e-02, +4.4491e-02, -5.3826e-03, -5.4996e-02, +3.8482e-02, +8.3484e-02, +5.2666e-02, +2.4049e-02, -1.0000e+00, +4.0937e-02, -1.1464e-01, +8.1770e-02, -5.9973e-03, -1.7752e-02, +5.6336e-02, +5.8855e-03, +1.3792e-01
-5.4374e-02, +8.2218e-02, -2.2723e-02, +8.2237e-02, +2.2622e-02, +1.0298e-01, +1.8888e-02, +2.2721e-02, -5.3670e-02, +3.7052e-02, +9.5120e-02, +5.6512e-02, +1.0936e-01, +3.8851e-02, +4.7806e-02, -4.3365e-02, -2.4947e-02, -5.4467e-02, +1.1741e-01, -6.2768e-02, -2.6569e-02, -3.5563e-02, -2.7757e-01, -1.9177e-02, +8.4915e-02, +6.5680e-02, +1.1594e-01, +1.7568e-02, +9.9390e-02, +8.0059e-02, +1.0563e-02, +6.1615e-02, -4.0751e-02, +3.9035e-02, -7.3818e-02, +1.4144e-01, +4.3259e-02, -4.1572e-02, +6.3476e-02, +9.9230e-02, +4.8126e-02, +4.0937e-02, -1.0000e+00, +1.1172e-01, +1.8786e-02, -3.7894e-02, +1.0369e-01, +2.4810e-01, +3.1150e-01, -7.5655e-02
+3.5129e-02, -7.9858e-02, +3.2408e-02, +1.8550e-02, -3.1672e-02, -6.1477e-02, -7.3133e-03, -1.7947e-02, +3.4001e-02, -5.1822e-02, +9.4173e-03, +4.5182e-02, -9.5184e-02, -6.7125e-02, -1.0460e-02, -5.2040e-02, -4.7355e-02, +9.6038e-02, -3.7112e-02, +1.1714e-01, +8.3739e-02, +1.9255e-01, +1.7397e-02, +6.2887e-02, +3.3620e-02, +5.1495e-02, +1.9755e-02, +9.9164e-03, +1.9280e-02, +1.0865e-03, +8.2563e-03, -7.5759e-02, +7.4093e-02, -6.3560e-02, +6.3275e-02, -4.2929e-01, +1.4098e-01, +2.7325e-05, -1.4257e-02, +1.3174e-01, +5.5761e-02, -1.1464e-01, +1.1172e-01, -1.0000e+00, +3.5933e-02, -1.3536e-01, -5.5132e-02, -2.3628e-01, +8.5665e-02, +5.4675e-02
+7.1224e-04, +3.2600e-02, -2.0013e-02, +5.3622e-03, +3.8004e-02, +5.0235e-02, -5.8599e-02, -4.5879e-02, -8.4563e-03, +3.3824e-02, -5.8966e-02, +1.1186e-02, -3.4105e-02, -1.3170e-01, -8.1639e-02, +1.0206e-02, +1.3756e-04, +2.6083e-02, -3.8922e-02, -2.7471e-02, -1.5054e-02, -1.0465e-02, +4.2042e-03, -1.4803e-02, -3.1376e-03, -1.5583e-02, -7.9812e-02, -4.0720e-02, -7.0074e-02, -1.5897e-02, -7.4504e-02, +7.0533e-02, +6.9183e-03, +5.9225e-03, -9.5004e-03, +6.2519e-02, -7.8818e-03, -3.1847e-03, +2.8259e-02, +3.7841e-02, -6.1882e-02, +8.1770e-02, +1.8786e-02, +3.5933e-02, -1.0000e+00, +2.5034e-02, -7.7236e-04, +8.2150e-02, -1.2373e-01, -3.0449e-02
-7.3168e-02, +2.1363e-02, -5.7474e-03, -1.3851e-02, -8.9399e-02, -2.5643e-02, -1.7718e-02, +7.1575e-02, -1.5275e-02, -6.4212e-02, +5.3128e-02, +5.6908e-02, +8.4053e-04, -2.5773e-02, -4.2461e-02, -1.3521e-01, -6.8761e-02, +7.1066e-02, +2.8617e-02, +6.1374e-03, +1.3660e-02, +3.8270e-02, -2.0192e-02, -8.6467e-02, +3.4698e-02, +7.1683e-02, -3.2981e-02, -3.1381e-02, +8.7547e-02, +7.5441e-02, -6.2728e-02, +5.2707e-02, -5.6085e-02, -2.3370e-02, +7.4556e-02, -2.5971e-01, +6.6570e-02, +6.2832e-02, -4.0723e-02, -3.3375e-02, +5.3050e-02, -5.9973e-03, -3.7894e-02, -1.3536e-01, +2.5034e-02, -1.0000e+00, -4.3767e-02, -1.2782e-01, +3.0574e-01, +4.4225e-02
-8.5353e-02, +9.1906e-02, -1.3119e-01, -1.5594e-01, -5.5416e-02, -1.1497e-01, -2.4704e-02, -2.7082e-02, +7.4343e-02, +6.4372e-03, -1.5365e-01, -8.5822e-02, -1.0677e-01, -1.1975e-02, -6.8912e-02, -1.8079e-02, +5.7119e-02, +7.8993e-02, -1.1660e-01, -1.1231e-02, +8.0883e-02, -8.2900e-03, +8.2725e-02, -9.5501e-02, -1.9680e-02, -7.4998e-02, -1.1816e-01, -6.8543e-02, -3.4095e-02, -9.5136e-02, -8.9714e-02, -1.1292e-02, -2.0353e-02, -3.5474e-02, -4.1352e-02, -1.4060e-01, +3.0088e-02, -6.2610e-02, -3.7745e-02, +6.8767e-02, +3.1633e-02, -1.7752e-02, +1.0369e-01, -5.5132e-02, -7.7236e-04, -4.3767e-02, -1.0000e+00, -1.8736e-01, -1.1026e-01, +1.3014e-01
+5.7911e-02, -1.2623e-01, +7.5239e-02, -1.3019e-01, -1.0299e-01, -2.1406e-01, -8.5028e-02, -1.0538e-01, +8.6496e-02, +3.2225e-02, -8.5071e-02, -1.1951e-01, -1.7626e-01, -1.7424e-01, -1.9452e-03, -1.1575e-02, -6.3498e-02, +1.3581e-01, -1.1863e-01, +1.5748e-01, +1.7379e-01, +1.4590e-01, +2.0001e-01, +8.5731e-02, -8.1780e-02, -7.5433e-02, -1.5261e-01, -4.2198e-02, -1.1340e-01, -6.7822e-02, -4.0588e-03, -3.0753e-02, +1.3221e-01, -7.6593e-02, +5.1380e-02, -5.2356e-01, +1.6420e-01, +2.8327e-02, -2.3418e-02, +2.1516e-01, -3.9290e-02, +5.6336e-02, +2.4810e-01, -2.3628e-01, +8.2150e-02, -1.2782e-01, -1.8736e-01, -1.0000e+00, -2.1477e-01, +1.4836e-01
+1.1852e-01, -6.8321e-02, -6.0113e-05, -1.7167e-01, +1.1518e-01, -2.9076e-02, +4.6419e-02, -1.2831e-01, +1.3438e-01, +1.0707e-01, -2.4347e-01, -1.4487e-01, -1.1835e-01, -1.9358e-01, -9.3952e-02, +1.6162e-01, +7.5252e-02, -1.4099e-02, -1.9613e-01, -3.6049e-03, +5.6716e-02, -5.1769e-02, +2.8824e-01, +1.2171e-01, -1.8306e-01, -1.2203e-01, -1.5544e-01, -5.4502e-02, -1.7857e-01, -1.8048e-01, -1.0065e-01, -8.2749e-02, +1.3433e-01, -4.0401e-02, -9.6866e-02, +3.1935e-01, -5.8494e-02, -1.3391e-01, +5.7733e-02, +1.5996e-01, -1.0091e-01, +5.8855e-03, +3.1150e-01, +8.5665e-02, -1.2373e-01, +3.0574e-01, -1.1026e-01, -2.1477e-01, -1.0000e+00, +1.0987e-01
+5.7646e-02, -3.1929e-02, +1.0521e-01, +1.5169e-01, +4.7050e-02, +2.6788e-02, -4.2868e-02, -2.8916e-02, -5.6372e-02, +2.2276e-03, +5.0468e-02, +4.4740e-02, +1.3882e-02, -3.5911e-02, +8.6097e-02, +1.6086e-02, -5.1258e-02, -3.5342e-02, +3.0466e-02, -5.2961e-02, -4.5486e-02, +6.6011e-03, -1.0858e-01, -3.0450e-03, +1.0714e-01, +7.7466e-02, +4.9715e-02, -3.4704e-03, -3.8189e-02, +1.5711e-02, +8.6581e-02, +6.6384e-02, -9.4711e-03, -1.1009e-02, -2.1422e-02, +6.0095e-02, -6.9407e-02, +7.1650e-02, -5.2996e-02, +3.8146e-02, +4.2672e-02, +1.3792e-01, -7.5655e-02, +5.4675e-02, -3.0449e-02, +4.4225e-02, +1.3014e-01, +1.4836e-01, +1.0987e-01, -1.0000e+00
