-1.0000e+00, -1.2777e-02, +5.0513e-02, -4.7461e-03, +8.0861e-02, +1.1932e-01, -3.0710e-02, -1.5242e-02, -9.4306e-02, +2.6391e-03, +8.8833e-02, -1.3094e-02, +5.8393e-02, -1.8784e-02, -5.2876e-02, -1.6741e-02, +2.4826e-02, +1.3046e-02, +5.4745e-02, +4.2241e-02, +5.2457e-03, +1.7620e-02, +5.5674e-02, +3.7096e-02, -8.3858e-03, +1.9107e-02, +2.0499e-02, -6.1508e-02, +1.2282e-01, +2.0922e-02, -5.7742e-03, +4.4352e-03, +1.8083e-02, -2.3176e-02, +4.7903e-02, +2.2122e-02, -8.1958e-03, +3.4903e-02, -2.4699e-03, -1.7691e-02, +8.8224e-02, +1.7323e-02, +4.9139e-04, +3.6491e-02, -2.6019e-02, +6.4590e-02, -2.8033e-02, +7.9351e-03, -4.8677e-03, +1.2066e-01
-1.2777e-02, -1.0000e+00, +2.3393e-02, -1.7574e-02, -9.9745e-03, +3.7707e-02, -6.5138e-02, -6.8837e-02, +3.2986e-02, +1.1162e-01, +7.8846e-02, -1.2347e-03, -3.8009e-02, +5.2976e-02, -2.3826e-03, -1.0424e-02, -4.8065e-03, -4.0599e-02, +6.3506e-02, -1.1336e-02, -3.4710e-02, -3.1145e-02, -1.5529e-02, +5.4869e-02, -2.2372e-02, +3.4937e-02, +4.1566e-02, -7.9608e-02, -2.7266e-02, -1.1145e-02, -2.6028e-02, +3.3227e-02, +5.3290e-03, -4.3906e-03, -2.6501e-03, -2.2437e-02, +5.4577e-02, +2.4945e-02, -5.7333e-02, +2.5942e-02, -2.0006e-02, +3.0639e-02, -2.9240e-02, -4.8688e-02, -7.2263e-02, -3.1391e-02, -9.5608e-02, -3.7565e-02, +2.8419e-02, -7.2258e-02
+5.0513e-02, +2.3393e-02, -1.0000e+00, -3.3436e-02, +5.9312e-02, -3.4602e-02, -2.1487e-02, +1.3079e-02, +2.5168e-03, +4.0349e-02, -7.4186e-02, +1.8551e-02, +1.9884e-02, +1.7120e-03, +1.3983e-02, +2.5663e-03, -1.8911e-02, -4.5883e-02, -3.6392e-02, +1.2937e-03, +4.2874e-02, -3.5156e-02, -3.2988e-02, -2.6532e-02, -5.8323e-02, +5.0622e-02, -1.9137e-02, -1.5350e-02, -7.5112e-02, +1.9130e-02, +5.4283e-02, -1.9615e-02, -4.0143e-02, +4.8609e-02, +2.3851e-02, +9.7519e-03, +1.7096e-02, -1.9965e-02, +2.7142e-02, -5.9784e-02, -2.3958e-02, -4.3257e-02, +1.8788e-02, -8.7486e-03, -9.1245e-02, -6.2189e-02, -2.7102e-02, +4.7794e-02, +4.7580e-02, -6.5562e-02
-4.7461e-03, -1.7574e-02, -3.3436e-02, -1.0000e+00, -2.9883e-02, -2.7104e-02, -2.7072e-03, +1.3898e-02, +4.0058e-02, +1.1121e-01, -2.5426e-02, -4.2170e-02, -2.5369e-02, -1.3522e-02, -2.9699e-02, -2.3875e-02, +1.1405e-02, +3.0955e-02, -2.2947e-02, -4.8758e-02, +4.5378e-02, -7.2875e-03, -1.7142e-02, -8.8760e-03, -3.7870e-02, -1.1091e-03, -1.3617e-02, -5.9326e-02, +6.6201e-03, +1.7608e-02, +1.2519e-02, -2.6884e-02, +7.3518e-02, -3.4200e-02, -1.0430e-01, -1.2693e-02, +2.4105e-02, +2.2236e-02, +3.1421e-02, -9.3800e-03, +3.8853e-02, -3.0947e-02, -1.6751e-03, +1.7054e-02, -9.7767e-02, +9.4003e-03, -4.8945e-02, -2.2385e-03, -3.1566e-02, +4.4181e-03
+8.0861e-02, -9.9745e-03, +5.9312e-02, -2.9883e-02, -1.0000e+00, -8.1270e-02, +2.4466e-02, +3.8560e-03, +4.2552e-02, -3.4611e-02, -1.2199e-02, -8.9916e-02, -5.7979e-02, +3.1784e-02, -5.9500e-02, +1.6007e-02, +9.7716e-02, -1.7913e-02, -1.4153e-01, -1.9018e-02, +2.4131e-02, -4.1301e-03, -4.8086e-02, -5.9801e-02, -1.3320e-02, -1.4308e-02, -7.6598e-02, -4.0493e-02, -8.6799e-02, -1.3168e-01, +5.2700e-02, +2.4605e-02, +1.9571e-02, +2.0242e-02, -4.6678e-02, -2.2043e-02, +8.3162e-02, +5.7920e-02, -4.1761e-02, +5.7886e-02, -3.1539e-02, +1.1442e-02, -7.9121e-03, +9.0190e-03, +3.6991e-02, -3.8110e-02, -4.0442e-02, +4.3671e-02, -5.6463e-02, -3.8314e-02
+1.1932e-01, +3.7707e-02, -3.4602e-02, -2.7104e-02, -8.1270e-02, -1.0000e+00, +6.8772e-03, +1.1501e-01, +4.5789e-02, +5.1672e-02, -1.7642e-02, +5.6009e-02, -7.6647e-04, +7.4400e-02, -3.4381e-02, -1.2066e-02, +6.1374e-02, +2.5171e-02, -6.8760e-02, -2.6389e-02, +1.7087e-02, -3.6890e-03, -3.9338e-02, -4.2437e-02, +6.1606e-02, -6.2632e-02, -1.0143e-01, -3.1976e-02, -5.7718e-02, -5.5912e-02, -1.4042e-02, -3.3799e-02, -3.3782e-02, +7.2439e-03, -5.5685e-02, -1.3903e-02, +3.0207e-02, +5.1304e-02, -2.8545e-02, -2.1820e-02, +1.6695e-02, -3.0788e-02, -1.9472e-02, -8.7226e-03, +5.7109e-02, -7.7463e-02, -3.5268e-02, -1.1725e-01, +6.3305e-02, -5.7829e-02
-3.0709e-02, -6.5139e-02, -2.1487e-02, -2.7072e-03, +2.4466e-02, +6.8772e-03, -1.0000e+00, +1.5536e-02, -4.9612e-02, +3.1500e-02, +1.1827e-02, -6.0653e-04, +2.7806e-02, +8.0199e-02, -5.8608e-02, +6.4465e-03, +3.2963e-02, -3.4530e-03, +4.0033e-02, -1.4328e-03, -1.8190e-02, +1.9419e-02, +2.4744e-02, -2.9794e-02, -1.2192e-02, +2.6157e-02, -3.6742e-02, +3.9880e-03, +2.6615e-02, +2.8630e-02, +1.1058e-02, -8.4162e-03, -4.8572e-02, +1.1154e-02, +4.9647e-02, -2.1223e-02, +2.2472e-02, -2.4839e-03, +1.8800e-02, +6.4567e-03, -2.4459e-02, +5.2842e-02, -3.8955e-02, +7.1999e-03, -9.0319e-02, -3.6697e-02, -2.6608e-02, -2.6273e-02, -8.8812e-03, +1.6179e-02
-1.5242e-02, -6.8837e-02, +1.3079e-02, +1.3898e-02, +3.8560e-03, +1.1501e-01, +1.5536e-02, -1.0000e+00, -4.9610e-02, +4.8041e-02, -1.6001e-02, -3.2442e-02, +1.9172e-02, +3.3284e-02, -3.9918e-02, -5.1267e-03, -3.2860e-02, +2.1149e-02, +7.0574e-02, -6.1845e-04, -4.6599e-02, +3.5568e-02, +1.3357e-02, +3.7852e-02, +2.3736e-02, -1.6348e-02, +4.8843e-02, -5.6551e-02, -4.5133e-02, +3.9286e-02, -4.5661e-02, -1.0186e-02, -7.1275e-03, +2.2664e-02, +1.3439e-02, -2.9058e-02, -1.2686e-02, -6.7445e-02, -2.5217e-02, -6.8273e-02, -2.6791e-02, +2.4237e-02, +4.6938e-03, -2.6996e-02, -9.8771e-02, +9.5501e-02, -2.7856e-02, +2.2080e-02, -2.1239e-03, -1.5690e-03
-9.4306e-02, +3.2986e-02, +2.5168e-03, +4.0058e-02, +4.2552e-02, +4.5789e-02, -4.9612e-02, -4.9610e-02, -1.0000e+00, -1.4838e-02, +4.3681e-02, +2.1893e-02, +4.8113e-04, -8.8447e-03, -7.8634e-02, -3.9023e-02, +1.3513e-02, -3.1184e-03, -1.0823e-01, +5.0252e-04, -5.3488e-02, -8.8205e-04, +1.5570e-02, +2.5351e-02, -4.5313e-02, -8.0985e-02, +1.4728e-02, -2.5766e-02, +4.6533e-02, -2.6985e-02, +8.1237e-03, -4.8272e-02, -3.5775e-02, -1.8281e-02, +1.6133e-02, -2.9582e-02, +2.9926e-03, +3.7941e-02, +4.2836e-02, +3.8872e-02, +6.0171e-03, -3.0237e-02, +1.8491e-03, -3.2909e-02, +4.1966e-02, -5.3716e-02, +8.7917e-03, -9.6276e-02, -5.5298e-02, +2.3290e-02
+2.6391e-03, +1.1162e-01, +4.0349e-02, +1.1121e-01, -3.4611e-02, +5.1672e-02, +3.1500e-02, +4.8041e-02, -1.4838e-02, -1.0000e+00, -6.3768e-02, +1.0717e-01, +6.0619e-02, -1.9016e-02, +4.4962e-02, -1.4421e-02, +2.3353e-01, +8.2137e-02, -4.2671e-02, -2.0328e-02, -1.7761e-02, -1.9727e-02, +5.7065e-02, -9.4151e-02, -6.7860e-03, +4.3875e-02, -6.1093e-02, +7.3803e-02, +7.5128e-02, -2.4197e-03, -1.5803e-01, -1.9779e-02, +1.5342e-01, -2.6250e-02, +3.6052e-02, -5.2943e-03, +2.2235e-02, +3.1847e-02, +4.4975e-02, +1.5297e-02, +9.1778e-02, +5.8333e-02, +7.7800e-03, -4.4091e-02, +1.8066e-01, +8.7410e-02, +1.0793e-01, -4.3787e-02, -9.4558e-02, +3.9029e-02
+8.8833e-02, +7.8846e-02, -7.4186e-02, -2.5426e-02, -1.2199e-02, -1.7642e-02, +1.1827e-02, -1.6001e-02, +4.3681e-02, -6.3768e-02, -1.0000e+00, -3.8168e-02, -9.1112e-03, +2.9882e-02, -3.1314e-02, -1.7172e-02, +5.5314e-03, -5.1225e-02, +2.6954e-02, -1.7667e-02, -3.6620e-02, +9.2609e-03, -3.0483e-02, +8.5931e-02, +7.6477e-03, -2.1786e-02, -6.2209e-02, -8.9045e-03, -6.6336e-02, -1.9280e-02, +2.8570e-02, -3.6508e-02, +6.8719e-02, +2.1023e-02, -5.8313e-02, -1.5803e-03, +1.0709e-02, -1.7153e-02, +3.6201e-02, +6.3595e-03, -3.1542e-02, +2.6135e-02, -5.8220e-03, -4.4908e-02, -8.8838e-02, +4.7990e-02, -1.7657e-02, +5.5686e-02, +5.6292e-02, -1.1100e-02
-1.3094e-02, -1.2347e-03, +1.8551e-02, -4.2170e-02, -8.9916e-02, +5.6009e-02, -6.0653e-04, -3.2442e-02, +2.1893e-02, +1.0717e-01, -3.8168e-02, -1.0000e+00, +1.1524e-02, +2.3889e-02, -1.2018e-03, +2.4052e-02, +5.6863e-03, +7.9268e-02, +4.4624e-02, +2.2215e-02, -1.1460e-02, -1.0324e-02, -9.0690e-03, -6.6446e-02, -5.3637e-02, +5.9472e-03, +5.2947e-02, -3.7876e-02, +1.5140e-02, +8.2958e-02, -7.3716e-02, +1.0728e-02, +4.7636e-02, +1.0619e-02, +5.0446e-02, -4.2423e-02, -2.6740e-02, -2.8560e-02, -1.9603e-02, -1.7329e-02, -7.4546e-03, +2.9518e-02, +2.0837e-02, +1.8401e-03, +2.6687e-02, +1.4249e-02, -3.0807e-02, +5.8439e-03, -1.7754e-03, -1.8713e-03
+5.8392e-02, -3.8009e-02, +1.9884e-02, -2.5369e-02, -5.7979e-02, -7.6647e-04, +2.7806e-02, +1.9172e-02, +4.8113e-04, +6.0619e-02, -9.1112e-03, +1.1524e-02, -1.0000e+00, +6.4264e-02, -4.7253e-02, +1.9655e-02, -3.1083e-02, -1.0886e-02, -2.9585e-02, +3.9925e-02, -3.9199e-03, +5.1386e-02, -3.3739e-02, -8.2436e-03, -1.6880e-02, -1.1155e-02, -2.9988e-02, -2.5859e-02, -7.1132e-02, +1.6081e-02, -4.3279e-02, -3.6651e-02, +3.4354e-02, -3.3096e-02, -2.7018e-02, -7.4541e-03, +4.1563e-02, +1.3939e-02, +2.7423e-02, +6.4278e-03, -5.6246e-02, -6.0173e-02, -8.0465e-02, +5.0892e-02, -9.5934e-02, +7.1711e-03, -4.7670e-02, -2.0954e-02, +3.4360e-02, -2.8028e-02
-1.8784e-02, +5.2976e-02, +1.7120e-03, -1.3522e-02, +3.1784e-02, +7.4400e-02, +8.0199e-02, +3.3284e-02, -8.8447e-03, -1.9016e-02, +2.9882e-02, +2.3889e-02, +6.4264e-02, -1.0000e+00, +2.0396e-02, -1.0708e-02, -2.1480e-02, +3.1100e-02, -4.9110e-02, +3.7135e-02, +2.7228e-02, -1.7597e-02, +6.9821e-02, +1.7435e-02, -5.8843e-02, -1.6468e-02, +4.7769e-02, -2.4195e-03, +3.1432e-02, -1.4345e-02, -4.0349e-02, +3.8132e-03, +1.1558e-02, -2.9462e-02, -2.2683e-02, +4.1227e-02, -2.1855e-02, -5.1202e-02, +7.3189e-02, -3.6333e-02, +3.7118e-02, -3.2586e-03, -3.4607e-02, -5.7677e-03, +2.8488e-02, -6.5052e-04, +4.9536e-02, -9.2141e-02, +8.3563e-03, -8.5611e-02
-5.2876e-02, -2.3826e-03, +1.3983e-02, -2.9699e-02, -5.9500e-02, -3.4381e-02, -5.8608e-02, -3.9918e-02, -7.8634e-02, +4.4962e-02, -3.1314e-02, -1.2018e-03, -4.7253e-02, +2.0396e-02, -1.0000e+00, -7.2805e-02, +2.4525e-02, +6.8518e-03, -1.2743e-01, -3.8825e-02, -2.7735e-03, -8.0243e-03, -4.0652e-02, -4.9459e-02, -4.3351e-02, -4.8357e-02, -1.1853e-01, -4.4155e-03, +3.7442e-02, -2.2539e-02, +5.2421e-02, -3.2844e-02, +4.0060e-02, +3.3045e-02, +2.1864e-02, +1.1513e-02, +9.5521e-02, +1.4003e-02, +6.8005e-03, +1.9833e-02, +1.2118e-02, -2.2472e-02, +2.7937e-02, +4.2007e-02, -7.4136e-02, -5.6761e-02, -4.8957e-02, +6.9029e-02, +8.5797e-03, +3.7623e-02
-1.6741e-02, -1.0424e-02, +2.5663e-03, -2.3875e-02, +1.6007e-02, -1.2066e-02, +6.4465e-03, -5.1267e-03, -3.9023e-02, -1.4421e-02, -1.7172e-02, +2.4052e-02, +1.9655e-02, -1.0708e-02, -7.2805e-02, -1.0000e+00, +1.5427e-02, -3.2095e-02, +1.9613e-02, -1.5357e-02, -4.3423e-02, -2.6928e-02, -2.4984e-02, -5.8622e-02, -3.4497e-02, -2.2059e-02, -9.0729e-02, +1.2892e-02, +4.4677e-03, -4.0144e-02, -1.6259e-02, -1.1914e-02, +1.2775e-01, -4.1812e-02, -1.9254e-02, +3.7544e-02, +7.6409e-03, -3.3911e-02, -1.6722e-02, +3.6722e-02, -1.8110e-02, -1.5415e-01, +5.7819e-04, +1.2874e-01, -2.4605e-02, +3.4094e-02, -4.9172e-03, +3.4548e-02, -2.8735e-02, +1.4817e-02
+2.4826e-02, -4.8065e-03, -1.8911e-02, +1.1405e-02, +9.7716e-02, +6.1374e-02, +3.2963e-02, -3.2860e-02, +1.3513e-02, +2.3353e-01, +5.5314e-03, +5.6863e-03, -3.1083e-02, -2.1480e-02, +2.4525e-02, +1.5427e-02, -1.0000e+00, +2.9525e-02, +1.1889e-02, -3.3865e-02, +5.5092e-02, -2.2562e-02, -3.3747e-03, +3.8217e-02, -1.7989e-02, -2.7228e-02, +3.8907e-03, +2.1908e-03, -3.8916e-02, -3.1215e-03, +2.5166e-02, -2.3689e-02, +1.0737e-02, +8.6150e-03, -8.0074e-03, -6.1472e-02, +9.5781e-03, -2.1736e-02, +1.4519e-02, -3.0962e-02, +1.6948e-02, +5.5592e-02, -2.1779e-02, +2.2537e-02, +1.5734e-02, +2.4268e-02, -5.6752e-02, +6.9428e-02, +2.8868e-03, +1.6355e-01
+1.3046e-02, -4.0599e-02, -4.5883e-02, +3.0955e-02, -1.7913e-02, +2.5171e-02, -3.4530e-03, +2.1149e-02, -3.1184e-03, +8.2137e-02, -5.1225e-02, +7.9268e-02, -1.0886e-02, +3.1100e-02, +6.8519e-03, -3.2095e-02, +2.9525e-02, -1.0000e+00, +2.1845e-02, +7.9710e-03, -2.6721e-02, +3.1937e-02, -1.1361e-01, +1.2637e-01, -5.6998e-02, +4.0891e-03, +1.0870e-02, -1.0491e-02, -3.9622e-02, -1.1860e-02, +4.9470e-02, -1.3803e-03, +2.3597e-02, -2.8474e-03, -3.4405e-02, -7.3177e-02, +1.7856e-02, -3.4438e-02, -1.6641e-02, +2.0825e-02, -2.6431e-02, -1.8942e-02, -3.8870e-02, -1.6348e-02, +1.8338e-03, -3.3229e-02, +3.0576e-02, -3.6704e-02, +2.6228e-02, -1.5419e-01
+5.4745e-02, +6.3506e-02, -3.6392e-02, -2.2947e-02, -1.4153e-01, -6.8760e-02, +4.0033e-02, +7.0574e-02, -1.0823e-01, -4.2671e-02, +2.6954e-02, +4.4624e-02, -2.9585e-02, -4.9110e-02, -1.2743e-01, +1.9613e-02, +1.1889e-02, +2.1845e-02, -1.0000e+00, -5.2770e-02, -9.3563e-04, +2.0335e-02, -4.2387e-02, -8.9325e-02, -3.1175e-02, -5.0933e-03, -6.6939e-02, +2.6738e-02, -6.3012e-03, -2.3343e-02, +3.9648e-03, -7.7887e-02, +2.1859e-02, -2.0023e-02, -6.5904e-02, -1.2750e-02, +2.6526e-03, -1.0703e-02, -4.9956e-02, -3.5625e-02, -1.6882e-03, -9.5078e-03, -3.1930e-02, +4.6327e-03, +6.6017e-03, -5.0751e-02, -7.5864e-02, +8.1406e-03, +4.6851e-02, -3.9057e-02
+4.2241e-02, -1.1336e-02, +1.2937e-03, -4.8758e-02, -1.9018e-02, -2.6389e-02, -1.4328e-03, -6.1845e-04, +5.0252e-04, -2.0328e-02, -1.7667e-02, +2.2215e-02, +3.9925e-02, +3.7135e-02, -3.8825e-02, -1.5357e-02, -3.3865e-02, +7.9710e-03, -5.2770e-02, -1.0000e+00, +3.9580e-02, -6.3724e-02, -5.1689e-02, -6.7771e-02, -2.5220e-03, +2.5300e-03, -6.8182e-02, +1.3139e-02, -3.2816e-03, -1.9378e-02, -4.6719e-02, -8.9747e-03, +1.6189e-02, -3.4232e-02, -3.3533e-02, -6.4502e-03, +7.0590e-02, -2.7529e-02, +9.7944e-03, +3.5704e-02, -3.0531e-02, +1.4399e-02, +9.4934e-03, -8.0479e-02, -4.1493e-02, +6.9614e-03, -2.9758e-02, +1.3772e-02, -5.9136e-03, -4.9346e-02
+5.2457e-03, -3.4710e-02, +4.2874e-02, +4.5378e-02, +2.4131e-02, +1.7087e-02, -1.8190e-02, -4.6599e-02, -5.3488e-02, -1.7761e-02, -3.6620e-02, -1.1460e-02, -3.9199e-03, +2.7228e-02, -2.7735e-03, -4.3423e-02, +5.5092e-02, -2.6721e-02, -9.3563e-04, +3.9580e-02, -1.0000e+00, -2.3621e-02, -1.6183e-02, +9.1786e-03, -3.7066e-03, -1.8064e-02, +2.6143e-03, -4.0704e-02, -1.8658e-02, -1.0051e-02, +1.8900e-02, -4.8201e-02, +5.0452e-02, +3.3104e-03, -2.2231e-02, -1.7436e-02, -1.6151e-02, +1.8065e-02, -1.7533e-02, +2.2329e-02, -5.0630e-04, -4.4998e-03, -3.2332e-02, -3.1578e-04, -1.0977e-02, -2.9706e-02, -1.8899e-02, -2.0011e-02, +1.0922e-02, +1.9049e-02
+1.7620e-02, -3.1145e-02, -3.5156e-02, -7.2875e-03, -4.1301e-03, -3.6890e-03, +1.9419e-02, +3.5568e-02, -8.8206e-04, -1.9727e-02, +9.2609e-03, -1.0324e-02, +5.1386e-02, -1.7597e-02, -8.0243e-03, -2.6928e-02, -2.2562e-02, +3.1937e-02, +2.0335e-02, -6.3724e-02, -2.3621e-02, -1.0000e+00, +3.8050e-02, +1.1813e-02, -2.7084e-02, +6.9675e-02, -1.5566e-02, +3.7934e-02, -1.7252e-02, +1.3385e-02, -3.1033e-02, -2.3361e-02, +2.8843e-03, -8.7253e-03, +2.8212e-02, -7.3340e-02, +5.1904e-02, -2.9798e-02, +8.2276e-03, -4.2037e-02, +1.2874e-02, -4.0975e-03, -4.6580e-03, +3.4039e-02, -1.0419e-02, +6.4506e-02, -5.3373e-02, +2.7188e-02, +1.5897e-02, -3.7806e-03
+5.5674e-02, -1.5529e-02, -3.2988e-02, -1.7142e-02, -4.8086e-02, -3.9338e-02, +2.4744e-02, +1.3357e-02, +1.5570e-02, +5.7065e-02, -3.0483e-02, -9.0690e-03, -3.3739e-02, +6.9821e-02, -4.0652e-02, -2.4984e-02, -3.3747e-03, -1.1361e-01, -4.2387e-02, -5.1689e-02, -1.6183e-02, +3.8050e-02, -1.0000e+00, +7.0548e-03, -4.2183e-02, -4.5075e-02, +1.8875e-02, +2.9983e-02, -4.9211e-02, +8.5652e-03, -1.9442e-02, +1.4036e-02, +6.9523e-02, +3.4717e-02, -1.5915e-02, -2.9248e-02, +4.5911e-02, +7.4118e-03, +1.3256e-02, -9.5618e-03, -7.6358e-02, -5.4751e-02, -2.3510e-02, +2.2865e-03, -8.8808e-03, +2.9081e-02, +1.2799e-02, +2.4625e-04, +7.7513e-02, -1.8415e-01
+3.7096e-02, +5.4869e-02, -2.6532e-02, -8.8760e-03, -5.9801e-02, -4.2437e-02, -2.9794e-02, +3.7852e-02, +2.5351e-02, -9.4151e-02, +8.5931e-02, -6.6446e-02, -8.2436e-03, +1.7435e-02, -4.9459e-02, -5.8622e-02, +3.8217e-02, +1.2637e-01, -8.9325e-02, -6.7771e-02, +9.1786e-03, +1.1813e-02, +7.0548e-03, -1.0000e+00, -3.1443e-02, +1.6038e-02, -7.7120e-02, +1.9614e-02, +6.2904e-02, -2.6802e-02, -6.1730e-02, +3.1208e-02, +2.4257e-02, +1.6782e-02, +2.3677e-02, +1.3444e-02, +6.2935e-02, -2.1622e-02, -3.4933e-02, +2.5803e-02, -3.3374e-02, -2.2519e-02, +2.7048e-02, +2.2365e-02, -3.3157e-02, -2.1001e-02, +1.5818e-02, +1.1573e-03, +6.3669e-02, -2.5508e-02
-8.3858e-03, -2.2372e-02, -5.8323e-02, -3.7870e-02, -1.3320e-02, +6.1606e-02, -1.2192e-02, +2.3736e-02, -4.5313e-02, -6.7860e-03, +7.6477e-03, -5.3637e-02, -1.6880e-02, -5.8843e-02, -4.3351e-02, -3.4497e-02, -1.7989e-02, -5.6998e-02, -3.1175e-02, -2.5220e-03, -3.7066e-03, -2.7084e-02, -4.2183e-02, -3.1443e-02, -1.0000e+00, +1.0034e-02, -4.4802e-02, +1.6073e-02, -1.1914e-02, +1.8803e-02, +2.8925e-02, -3.0005e-02, +3.8919e-02, +8.3140e-03, -3.8547e-02, -2.1511e-02, +8.4085e-03, -4.1400e-02, +1.4760e-02, +7.9127e-02, -2.8242e-02, +2.4513e-02, +2.3495e-03, +4.8689e-02, -7.2829e-02, +8.6742e-03, -4.9707e-02, -1.0938e-02, -7.2582e-04, -6.8002e-02
+1.9107e-02, +3.4937e-02, +5.0622e-02, -1.1091e-03, -1.4308e-02, -6.2632e-02, +2.6157e-02, -1.6348e-02, -8.0985e-02, +4.3875e-02, -2.1786e-02, +5.9472e-03, -1.1155e-02, -1.6468e-02, -4.8357e-02, -2.2059e-02, -2.7228e-02, +4.0891e-03, -5.0933e-03, +2.5301e-03, -1.8064e-02, +6.9675e-02, -4.5075e-02, +1.6038e-02, +1.0034e-02, -1.0000e+00, -6.7820e-02, -6.9428e-03, -8.9309e-03, -4.1771e-02, -2.8293e-02, +1.0429e-02, +4.5750e-03, +1.1672e-02, +1.0332e-02, -2.1321e-02, -7.9216e-02, +2.6647e-04, -5.5058e-03, +2.6474e-02, -7.4659e-02, -1.4173e-02, -3.1800e-02, +7.7046e-03, +7.5338e-03, +9.3317e-03, -5.2787e-02, -2.9115e-02, -1.7309e-02, +4.1089e-02
+2.0499e-02, +4.1566e-02, -1.9137e-02, -1.3617e-02, -7.6598e-02, -1.0143e-01, -3.6742e-02, +4.8843e-02, +1.4728e-02, -6.1093e-02, -6.2209e-02, +5.2947e-02, -2.9988e-02, +4.7769e-02, -1.1853e-01, -9.0729e-02, +3.8907e-03, +1.0870e-02, -6.6939e-02, -6.8182e-02, +2.6143e-03, -1.5566e-02, +1.8875e-02, -7.7120e-02, -4.4802e-02, -6.7820e-02, -1.0000e+00, +4.3334e-02, -4.7568e-02, -9.8462e-03, -1.5746e-03, +6.2397e-03, +1.6692e-02, +1.6152e-02, -4.0343e-02, +3.5323e-02, +6.0796e-02, +3.9133e-02, +1.6283e-02, +3.8780e-02, -3.6450e-03, -5.5827e-02, +1.1246e-02, +5.7999e-03, +2.6031e-02, -7.8125e-02, +5.7020e-02, +6.5803e-03, +5.3953e-02, +5.0736e-03
-6.1508e-02, -7.9608e-02, -1.5350e-02, -5.9326e-02, -4.0493e-02, -3.1976e-02, +3.9880e-03, -5.6551e-02, -2.5766e-02, +7.3803e-02, -8.9045e-03, -3.7876e-02, -2.5859e-02, -2.4195e-03, -4.4155e-03, +1.2892e-02, +2.1908e-03, -1.0491e-02, +2.6738e-02, +1.3139e-02, -4.0704e-02, +3.7934e-02, +2.9983e-02, +1.9614e-02, +1.6073e-02, -6.9428e-03, +4.3334e-02, -1.0000e+00, -1.0718e-02, -1.0501e-01, -4.0212e-02, -1.1640e-02, -7.4831e-02, +2.4956e-02, +1.0563e-02, -3.5015e-02, +3.0930e-03, -1.0751e-01, -4.2772e-02, +2.9226e-03, -1.0930e-02, -5.9465e-03, -1.5111e-02, -7.4411e-03, -7.6156e-02, +5.7008e-03, -7.6546e-02, +3.1034e-02, +7.7191e-02, -3.1034e-03
+1.2282e-01, -2.7266e-02, -7.5112e-02, +6.6201e-03, -8.6799e-02, -5.7718e-02, +2.6615e-02, -4.5133e-02, +4.6533e-02, +7.5128e-02, -6.6336e-02, +1.5140e-02, -7.1132e-02, +3.1432e-02, +3.7442e-02, +4.4677e-03, -3.8916e-02, -3.9622e-02, -6.3011e-03, -3.2816e-03, -1.8658e-02, -1.7252e-02, -4.9211e-02, +6.2904e-02, -1.1914e-02, -8.9309e-03, -4.7568e-02, -1.0718e-02, -1.0000e+00, -6.7458e-02, -5.8904e-02, +2.6936e-02, +1.3797e-02, +4.1448e-02, -9.1164e-03, +7.7687e-03, +2.8133e-02, -2.9937e-02, -2.6595e-02, +8.7727e-03, +1.9729e-02, -3.0790e-02, -3.0349e-02, -4.8636e-02, -9.2141e-03, -7.2504e-02, -5.7887e-02, -2.9755e-02, +1.9451e-02, -9.6504e-03
+2.0922e-02, -1.1145e-02, +1.9130e-02, +1.7608e-02, -1.3168e-01, -5.5912e-02, +2.8630e-02, +3.9286e-02, -2.6985e-02, -2.4197e-03, -1.9280e-02, +8.2958e-02, +1.6081e-02, -1.4345e-02, -2.2539e-02, -4.0144e-02, -3.1215e-03, -1.1860e-02, -2.3343e-02, -1.9378e-02, -1.0051e-02, +1.3385e-02, +8.5652e-03, -2.6802e-02, +1.8803e-02, -4.1771e-02, -9.8462e-03, -1.0501e-01, -6.7458e-02, -1.0000e+00, +2.6395e-02, +1.8014e-02, -2.8415e-02, -1.3414e-02, -3.0588e-02, +1.7200e-02, +4.7194e-02, -1.3949e-02, -2.6630e-02, -8.5503e-03, +6.4530e-03, +3.5539e-02, +1.8569e-02, -1.5503e-02, -3.1083e-02, -3.9166e-03, +2.5821e-02, +2.5434e-02, +4.5322e-02, -7.8868e-02
-5.7742e-03, -2.6028e-02, +5.4283e-02, +1.2519e-02, +5.2700e-02, -1.4042e-02, +1.1058e-02, -4.5661e-02, +8.1237e-03, -1.5803e-01, +2.8570e-02, -7.3716e-02, -4.3279e-02, -4.0349e-02, +5.2421e-02, -1.6258e-02, +2.5166e-02, +4.9470e-02, +3.9648e-03, -4.6719e-02, +1.8900e-02, -3.1033e-02, -1.9442e-02, -6.1730e-02, +2.8925e-02, -2.8293e-02, -1.5746e-03, -4.0212e-02, -5.8904e-02, +2.6395e-02, -1.0000e+00, +1.2795e-02, -4.2412e-03, -1.0388e-02, +4.3824e-02, -4.0520e-03, +3.5182e-02, -4.6231e-02, -9.0155e-03, -5.5754e-03, +4.5179e-02, +4.9880e-02, +2.8096e-02, -1.4343e-02, +8.1018e-03, -1.7650e-02, +4.2092e-02, +6.2689e-02, +7.6633e-03, +3.7162e-02
+4.4352e-03, +3.3227e-02, -1.9615e-02, -2.6884e-02, +2.4605e-02, -3.3799e-02, -8.4162e-03, -1.0186e-02, -4.8272e-02, -1.9779e-02, -3.6508e-02, +1.0728e-02, -3.6651e-02, +3.8132e-03, -3.2844e-02, -1.1914e-02, -2.3689e-02, -1.3803e-03, -7.7887e-02, -8.9747e-03, -4.8201e-02, -2.3361e-02, +1.4036e-02, +3.1208e-02, -3.0005e-02, +1.0429e-02, +6.2397e-03, -1.1640e-02, +2.6936e-02, +1.8014e-02, +1.2795e-02, -1.0000e+00, +2.4472e-02, +3.9690e-02, -2.2085e-02, -1.3948e-02, +5.5605e-02, -4.0594e-02, +2.4745e-02, -4.8225e-02, +3.2670e-02, +3.4662e-02, -4.1368e-02, +2.8939e-02, -2.3111e-03, -3.3302e-02, -4.0047e-02, +1.2113e-02, +1.9912e-02, -3.9080e-02
+1.8083e-02, +5.3290e-03, -4.0143e-02, +7.3518e-02, +1.9571e-02, -3.3782e-02, -4.8572e-02, -7.1275e-03, -3.5775e-02, +1.5342e-01, +6.8719e-02, +4.7636e-02, +3.4354e-02, +1.1558e-02, +4.0060e-02, +1.2775e-01, +1.0737e-02, +2.3597e-02, +2.1859e-02, +1.6189e-02, +5.0452e-02, +2.8843e-03, +6.9523e-02, +2.4257e-02, +3.8919e-02, +4.5750e-03, +1.6692e-02, -7.4831e-02, +1.3797e-02, -2.8415e-02, -4.2412e-03, +2.4472e-02, -1.0000e+00, +3.5728e-03, +3.7103e-02, +7.1804e-02, -6.8811e-04, +1.7211e-02, -5.4069e-03, +2.6462e-02, +1.9648e-02, +2.0698e-01, +1.9573e-03, -4.1505e-02, +6.0276e-02, -1.5236e-02, +1.1704e-02, +2.0301e-01, -6.4167e-02, +1.2951e-01
-2.3176e-02, -4.3906e-03, +4.8609e-02, -3.4200e-02, +2.0242e-02, +7.2439e-03, +1.1154e-02, +2.2664e-02, -1.8281e-02, -2.6250e-02, +2.1023e-02, +1.0619e-02, -3.3096e-02, -2.9462e-02, +3.3045e-02, -4.1812e-02, +8.6150e-03, -2.8474e-03, -2.0023e-02, -3.4232e-02, +3.3104e-03, -8.7253e-03, +3.4717e-02, +1.6782e-02, +8.3140e-03, +1.1672e-02, +1.6152e-02, +2.4956e-02, +4.1448e-02, -1.3414e-02, -1.0388e-02, +3.9690e-02, +3.5728e-03, -1.0000e+00, +3.0741e-02, -2.0515e-02, +2.6369e-02, -2.8125e-02, +2.6977e-02, -2.6256e-02, +3.5119e-02, -2.1276e-02, +2.0796e-02, +4.6299e-02, -5.5549e-02, +3.0253e-02, +7.4646e-04, +5.7247e-03, -1.6286e-02, +3.7085e-02
+4.7903e-02, -2.6501e-03, +2.3851e-02, -1.0430e-01, -4.6678e-02, -5.5685e-02, +4.9647e-02, +1.3439e-02, +1.6133e-02, +3.6052e-02, -5.8313e-02, +5.0446e-02, -2.7018e-02, -2.2683e-02, +2.1864e-02, -1.9254e-02, -8.0074e-03, -3.4405e-02, -6.5904e-02, -3.3533e-02, -2.2231e-02, +2.8212e-02, -1.5915e-02, +2.3677e-02, -3.8547e-02, +1.0332e-02, -4.0343e-02, +1.0563e-02, -9.1164e-03, -3.0588e-02, +4.3824e-02, -2.2085e-02, +3.7103e-02, +3.0741e-02, -1.0000e+00, +2.3663e-03, -3.1130e-02, +5.1887e-03, -7.7753e-02, -6.8913e-03, -3.4937e-02, +1.0843e-02, -2.7230e-02, +3.9338e-02, +1.2305e-02, +2.5204e-02, -6.5675e-02, +1.1577e-02, -1.6923e-02, +1.6059e-02
+2.2122e-02, -2.2437e-02, +9.7519e-03, -1.2693e-02, -2.2043e-02, -1.3903e-02, -2.1223e-02, -2.9058e-02, -2.9582e-02, -5.2943e-03, -1.5803e-03, -4.2423e-02, -7.4542e-03, +4.1227e-02, +1.1513e-02, +3.7544e-02, -6.1472e-02, -7.3177e-02, -1.2750e-02, -6.4502e-03, -1.7436e-02, -7.3340e-02, -2.9248e-02, +1.3444e-02, -2.1511e-02, -2.1321e-02, +3.5323e-02, -3.5015e-02, +7.7687e-03, +1.7200e-02, -4.0520e-03, -1.3948e-02, +7.1804e-02, -2.0515e-02, +2.3663e-03, -1.0000e+00, -1.6765e-02, +3.1322e-02, +5.7710e-03, -1.2030e-02, -1.2445e-02, +5.9103e-02, +4.8401e-02, +6.0633e-03, +2.6017e-02, +2.7177e-02, +3.8418e-02, -7.1737e-02, +2.6373e-02, -4.5231e-02
-8.1958e-03, +5.4577e-02, +1.7096e-02, +2.4105e-02, +8.3162e-02, +3.0207e-02, +2.2472e-02, -1.2686e-02, +2.9927e-03, +2.2235e-02, +1.0709e-02, -2.6740e-02, +4.1563e-02, -2.1855e-02, +9.5521e-02, +7.6409e-03, +9.5781e-03, +1.7856e-02, +2.6525e-03, +7.0590e-02, -1.6151e-02, +5.1904e-02, +4.5911e-02, +6.2935e-02, +8.4085e-03, -7.9216e-02, +6.0796e-02, +3.0930e-03, +2.8133e-02, +4.7194e-02, +3.5182e-02, +5.5605e-02, -6.8810e-04, +2.6369e-02, -3.1130e-02, -1.6765e-02, -1.0000e+00, +2.3419e-02, -3.0175e-02, -2.8100e-02, -4.1454e-02, -5.6039e-02, -8.1004e-03, +1.0194e-01, +3.5912e-02, -1.0927e-02, +1.2474e-02, +2.7175e-03, -2.0422e-02, +1.6452e-02
+3.4903e-02, +2.4945e-02, -1.9965e-02, +2.2236e-02, +5.7920e-02, +5.1304e-02, -2.4839e-03, -6.7445e-02, +3.7941e-02, +3.1847e-02, -1.7153e-02, -2.8560e-02, +1.3939e-02, -5.1202e-02, +1.4003e-02, -3.3911e-02, -2.1736e-02, -3.4438e-02, -1.0703e-02, -2.7529e-02, +1.8065e-02, -2.9798e-02, +7.4118e-03, -2.1622e-02, -4.1400e-02, +2.6647e-04, +3.9133e-02, -1.0751e-01, -2.9937e-02, -1.3949e-02, -4.6231e-02, -4.0594e-02, +1.7211e-02, -2.8125e-02, +5.1887e-03, +3.1322e-02, +2.3419e-02, -1.0000e+00, +7.0727e-03, +4.4047e-04, -7.3008e-02, +1.5266e-02, -2.8238e-02, -3.0573e-02, -1.4396e-02, +6.4355e-02, -5.7006e-02, +9.1442e-02, +4.8313e-02, -7.2092e-02
-2.4699e-03, -5.7333e-02, +2.7142e-02, +3.1421e-02, -4.1761e-02, -2.8545e-02, +1.8800e-02, -2.5217e-02, +4.2836e-02, +4.4975e-02, +3.6201e-02, -1.9603e-02, +2.7423e-02, +7.3189e-02, +6.8005e-03, -1.6722e-02, +1.4519e-02, -1.6641e-02, -4.9956e-02, +9.7944e-03, -1.7533e-02, +8.2277e-03, +1.3256e-02, -3.4933e-02, +1.4760e-02, -5.5058e-03, +1.6283e-02, -4.2772e-02, -2.6595e-02, -2.6630e-02, -9.0155e-03, +2.4745e-02, -5.4069e-03, +2.6977e-02, -7.7753e-02, +5.7710e-03, -3.0175e-02, +7.0727e-03, -1.0000e+00, +2.9246e-02, +2.2121e-02, -4.5589e-02, +1.1531e-02, +6.1310e-03, +6.7512e-03, +1.0977e-02, -2.6860e-02, +3.1033e-02, +2.2211e-02, -2.4881e-02
-1.7691e-02, +2.5942e-02, -5.9784e-02, -9.3800e-03, +5.7886e-02, -2.1820e-02, +6.4567e-03, -6.8273e-02, +3.8872e-02, +1.5297e-02, +6.3595e-03, -1.7329e-02, +6.4278e-03, -3.6333e-02, +1.9833e-02, +3.6722e-02, -3.0962e-02, +2.0825e-02, -3.5625e-02, +3.5704e-02, +2.2329e-02, -4.2037e-02, -9.5618e-03, +2.5803e-02, +7.9127e-02, +2.6474e-02, +3.8780e-02, +2.9226e-03, +8.7727e-03, -8.5503e-03, -5.5754e-03, -4.8225e-02, +2.6462e-02, -2.6256e-02, -6.8913e-03, -1.2030e-02, -2.8100e-02, +4.4047e-04, +2.9246e-02, -1.0000e+00, +3.6760e-02, +4.3873e-03, +2.5636e-02, +4.5474e-04, +3.5220e-02, -1.9581e-02, +2.6742e-02, -5.5962e-02, +4.2295e-02, +2.3691e-03
+8.8224e-02, -2.0006e-02, -2.3958e-02, +3.8853e-02, -3.1539e-02, +1.6695e-02, -2.4459e-02, -2.6791e-02, +6.0171e-03, +9.1778e-02, -3.1542e-02, -7.4546e-03, -5.6246e-02, +3.7118e-02, +1.2118e-02, -1.8110e-02, +1.6948e-02, -2.6431e-02, -1.6882e-03, -3.0531e-02, -5.0630e-04, +1.2874e-02, -7.6358e-02, -3.3374e-02, -2.8242e-02, -7.4659e-02, -3.6450e-03, -1.0930e-02, +1.9729e-02, +6.4530e-03, +4.5179e-02, +3.2670e-02, +1.9648e-02, +3.5119e-02, -3.4937e-02, -1.2445e-02, -4.1454e-02, -7.3008e-02, +2.2121e-02, +3.6760e-02, -1.0000e+00, -1.7199e-02, -3.0030e-02, -6.2495e-02, -2.7511e-02, -7.7612e-02, +7.0631e-02, -4.3459e-02, +3.4464e-02, -2.9391e-02
+1.7323e-02, +3.0639e-02, -4.3257e-02, -3.0947e-02, +1.1442e-02, -3.0788e-02, +5.2842e-02, +2.4237e-02, -3.0237e-02, +5.8333e-02, +2.6135e-02, +2.9518e-02, -6.0173e-02, -3.2586e-03, -2.2472e-02, -1.5415e-01, +5.5592e-02, -1.8942e-02, -9.5078e-03, +1.4399e-02, -4.4998e-03, -4.0975e-03, -5.4751e-02, -2.2519e-02, +2.4513e-02, -1.4173e-02, -5.5827e-02, -5.9465e-03, -3.0790e-02, +3.5539e-02, +4.9880e-02, +3.4662e-02, +2.0698e-01, -2.1276e-02, +1.0843e-02, +5.9103e-02, -5.6039e-02, +1.5266e-02, -4.5589e-02, +4.3873e-03, -1.7199e-02, -1.0000e+00, -2.0260e-02, +1.8607e-02, -6.9197e-02, +2.6189e-02, +1.4949e-02, -6.5682e-02, -1.0612e-01, +9.1871e-02
+4.9139e-04, -2.9240e-02, +1.8788e-02, -1.6751e-03, -7.9121e-03, -1.9472e-02, -3.8955e-02, +4.6938e-03, +1.8491e-03, +7.7800e-03, -5.8220e-03, +2.0837e-02, -8.0465e-02, -3.4607e-02, +2.7937e-02, +5.7819e-04, -2.1779e-02, -3.8870e-02, -3.1930e-02, +9.4934e-03, -3.2332e-02, -4.6580e-03, -2.3510e-02, +2.7048e-02, +2.3495e-03, -3.1800e-02, +1.1246e-02, -1.5111e-02, -3.0349e-02, +1.8569e-02, +2.8096e-02, -4.1368e-02, +1.9573e-03, +2.0796e-02, -2.7230e-02, +4.8401e-02, -8.1004e-03, -2.8238e-02, +1.1531e-02, +2.5636e-02, -3.0030e-02, -2.0260e-02, -1.0000e+00, +3.5724e-02, +4.0723e-02, -2.3667e-02, +1.6967e-02, -9.7704e-02, -3.9380e-03, +1.0059e-01
+3.6491e-02, -4.8688e-02, -8.7486e-03, +1.7054e-02, +9.0190e-03, -8.7226e-03, +7.1999e-03, -2.6996e-02, -3.2909e-02, -4.4091e-02, -4.4908e-02, +1.8401e-03, +5.0892e-02, -5.7677e-03, +4.2007e-02, +1.2874e-01, +2.2537e-02, -1.6348e-02, +4.6327e-03, -8.0479e-02, -3.1578e-04, +3.4039e-02, +2.2865e-03, +2.2365e-02, +4.8689e-02, +7.7046e-03, +5.7999e-03, -7.4411e-03, -4.8636e-02, -1.5503e-02, -1.4343e-02, +2.8939e-02, -4.1505e-02, +4.6299e-02, +3.9338e-02, +6.0633e-03, +1.0194e-01, -3.0573e-02, +6.1310e-03, +4.5474e-04, -6.2495e-02, +1.8607e-02, +3.5724e-02, -1.0000e+00, -7.3648e-03, -3.1559e-02, +1.5180e-02, -2.6456e-02, +8.3892e-03, -9.8323e-02
-2.6019e-02, -7.2263e-02, -9.1245e-02, -9.7767e-02, +3.6991e-02, +5.7109e-02, -9.0319e-02, -9.8771e-02, +4.1966e-02, +1.8066e-01, -8.8838e-02, +2.6687e-02, -9.5934e-02, +2.8488e-02, -7.4136e-02, -2.4605e-02, +1.5734e-02, +1.8338e-03, +6.6017e-03, -4.1493e-02, -1.0977e-02, -1.0419e-02, -8.8808e-03, -3.3157e-02, -7.2829e-02, +7.5338e-03, +2.6031e-02, -7.6156e-02, -9.2141e-03, -3.1083e-02, +8.1018e-03, -2.3111e-03, +6.0276e-02, -5.5549e-02, +1.2305e-02, +2.6017e-02, +3.5912e-02, -1.4396e-02, +6.7512e-03, +3.5220e-02, -2.7511e-02, -6.9197e-02, +4.0723e-02, -7.3648e-03, -1.0000e+00, -1.0166e-02, -1.2302e-01, +5.2367e-02, +4.9917e-02, -4.4887e-03
+6.4590e-02, -3.1391e-02, -6.2189e-02, +9.4003e-03, -3.8110e-02, -7.7463e-02, -3.6697e-02, +9.5501e-02, -5.3716e-02, +8.7410e-02, +4.7990e-02, +1.4249e-02, +7.1711e-03, -6.5052e-04, -5.6761e-02, +3.4094e-02, +2.4268e-02, -3.3229e-02, -5.0751e-02, +6.9614e-03, -2.9707e-02, +6.4506e-02, +2.9081e-02, -2.1001e-02, +8.6742e-03, +9.3317e-03, -7.8125e-02, +5.7008e-03, -7.2504e-02, -3.9166e-03, -1.7650e-02, -3.3302e-02, -1.5236e-02, +3.0253e-02, +2.5204e-02, +2.7177e-02, -1.0927e-02, +6.4355e-02, +1.0977e-02, -1.9581e-02, -7.7612e-02, +2.6189e-02, -2.3667e-02, -3.1559e-02, -1.0166e-02, -1.0000e+00, -2.4411e-02, -9.1489e-02, +5.6664e-02, -2.2552e-02
-2.8033e-02, -9.5608e-02, -2.7102e-02, -4.8945e-02, -4.0442e-02, -3.5268e-02, -2.6608e-02, -2.7856e-02, +8.7917e-03, +1.0793e-01, -1.7656e-02, -3.0807e-02, -4.7670e-02, +4.9536e-02, -4.8957e-02, -4.9172e-03, -5.6752e-02, +3.0576e-02, -7.5864e-02, -2.9758e-02, -1.8899e-02, -5.3373e-02, +1.2799e-02, +1.5818e-02, -4.9707e-02, -5.2787e-02, +5.7020e-02, -7.6546e-02, -5.7887e-02, +2.5821e-02, +4.2092e-02, -4.0047e-02, +1.1704e-02, +7.4646e-04, -6.5675e-02, +3.8418e-02, +1.2474e-02, -5.7006e-02, -2.6860e-02, +2.6742e-02, +7.0631e-02, +1.4949e-02, +1.6967e-02, +1.5180e-02, -1.2302e-01, -2.4411e-02, -1.0000e+00, +3.8839e-02, +1.9501e-02, +2.8272e-02
+7.9351e-03, -3.7565e-02, +4.7794e-02, -2.2385e-03, +4.3671e-02, -1.1725e-01, -2.6273e-02, +2.2080e-02, -9.6276e-02, -4.3787e-02, +5.5686e-02, +5.8439e-03, -2.0954e-02, -9.2141e-02, +6.9029e-02, +3.4548e-02, +6.9428e-02, -3.6704e-02, +8.1406e-03, +1.3772e-02, -2.0011e-02, +2.7188e-02, +2.4625e-04, +1.1573e-03, -1.0938e-02, -2.9115e-02, +6.5803e-03, +3.1034e-02, -2.9755e-02, +2.5434e-02, +6.2689e-02, +1.2113e-02, +2.0301e-01, +5.7247e-03, +1.1577e-02, -7.1737e-02, +2.7175e-03, +9.1442e-02, +3.1033e-02, -5.5962e-02, -4.3459e-02, -6.5682e-02, -9.7704e-02, -2.6456e-02, +5.2367e-02, -9.1489e-02, +3.8839e-02, -1.0000e+00, +4.9860e-02, +2.6370e-02
-4.8677e-03, +2.8419e-02, +4.7580e-02, -3.1566e-02, -5.6463e-02, +6.3305e-02, -8.8812e-03, -2.1239e-03, -5.5298e-02, -9.4558e-02, +5.6292e-02, -1.7754e-03, +3.4360e-02, +8.3563e-03, +8.5797e-03, -2.8735e-02, +2.8868e-03, +2.6228e-02, +4.6851e-02, -5.9136e-03, +1.0922e-02, +1.5897e-02, +7.7513e-02, +6.3669e-02, -7.2582e-04, -1.7309e-02, +5.3953e-02, +7.7191e-02, +1.9451e-02, +4.5322e-02, +7.6633e-03, +1.9912e-02, -6.4167e-02, -1.6286e-02, -1.6923e-02, +2.6373e-02, -2.0422e-02, +4.8313e-02, +2.2211e-02, +4.2295e-02, +3.4464e-02, -1.0612e-01, -3.9380e-03, +8.3892e-03, +4.9917e-02, +5.6664e-02, +1.9501e-02, +4.9860e-02, -1.0000e+00, +6.0584e-02
+1.2066e-01, -7.2258e-02, -6.5562e-02, +4.4181e-03, -3.8314e-02, -5.7829e-02, +1.6179e-02, -1.5690e-03, +2.3290e-02, +3.9029e-02, -1.1100e-02, -1.8713e-03, -2.8028e-02, -8.5611e-02, +3.7623e-02, +1.4817e-02, +1.6355e-01, -1.5419e-01, -3.9057e-02, -4.9346e-02, +1.9049e-02, -3.7806e-03, -1.8415e-01, -2.5508e-02, -6.8002e-02, +4.1089e-02, +5.0736e-03, -3.1034e-03, -9.6504e-03, -7.8868e-02, +3.7162e-02, -3.9080e-02, +1.2951e-01, +3.7085e-02, +1.6059e-02, -4.5231e-02, +1.6452e-02, -7.2092e-02, -2.4881e-02, +2.3691e-03, -2.9391e-02, +9.1871e-02, +1.0059e-01, -9.8323e-02, -4.4887e-03, -2.2552e-02, +2.8272e-02, +2.6370e-02, +6.0584e-02, -1.0000e+00
