-1.0000e+00, -1.1857e-01, +3.2483e-02, +5.7380e-02, +2.3107e-02, +1.1509e-01, -1.5918e-02, +3.5382e-02, -1.0852e-01, +5.5477e-02, +2.5005e-02, -1.2381e-02, +2.6720e-02, +4.0839e-02, -4.1238e-02, -1.0378e-02, -2.6394e-02, +3.9310e-02, +3.2626e-02, +4.3617e-02, -4.5895e-03, -2.3860e-02, +5.4636e-02, +7.2907e-02, +4.8046e-02, -1.5361e-01, +6.7997e-02, -2.5502e-02, +9.0727e-02, +2.4296e-02, +6.3448e-02, +1.0959e-02, +8.5393e-02, +1.7460e-02, +5.3387e-02, +3.2367e-02, -6.0031e-02, +3.4262e-02, -2.1090e-02, +1.2029e-01, -8.4526e-03, +2.1254e-02, +8.8548e-03, -1.0508e-02, +1.3079e-02, +9.3331e-02, +2.4522e-02, -1.1557e-01, -7.2275e-03, +2.2872e-02
-1.1857e-01, -1.0000e+00, +6.7572e-02, -1.5433e-02, +1.7180e-02, +1.4377e-02, +2.7142e-02, -3.2709e-02, +1.0732e-02, +6.6500e-02, +1.0719e-03, -1.6323e-02, +1.2994e-02, +2.8116e-02, -3.3921e-02, +3.3340e-03, +2.0154e-02, -2.2012e-02, +4.1355e-02, +3.8069e-02, -3.7340e-04, -1.1004e-04, +9.3780e-02, -3.4542e-03, +1.6852e-03, +3.5481e-02, +2.4736e-02, -7.6496e-02, -2.9382e-02, +1.5704e-03, +2.5285e-02, +3.5387e-02, -2.7528e-02, -3.9333e-02, -1.1002e-01, -1.6032e-02, -7.1384e-02, -1.9202e-02, -4.0080e-02, +6.5940e-02, -8.2993e-03, -4.3400e-02, +2.3280e-02, +3.1344e-02, -1.6827e-02, +3.9202e-02, +2.8670e-04, -1.8350e-02, +3.6003e-02, +1.0241e-01
+3.2483e-02, +6.7572e-02, -1.0000e+00, -2.0205e-02, -1.2841e-04, +2.4830e-02, +4.8365e-02, +2.9721e-02, -3.9104e-02, +1.0269e-01, +6.6534e-02, -4.8120e-03, +1.0224e-01, -1.9982e-02, +1.7709e-02, -2.1947e-02, +1.9217e-02, -2.7587e-02, -6.5302e-02, -2.4899e-02, -2.1318e-02, -3.8449e-02, -8.5979e-03, +1.3157e-02, -3.7551e-02, +9.8975e-02, +2.4312e-02, +4.9376e-02, +2.5769e-02, +6.3483e-02, +3.6281e-02, +1.0732e-02, -1.6345e-01, +2.3101e-02, +5.4131e-03, +1.1105e-01, +2.2247e-02, +3.6368e-02, +1.0507e-02, -3.2174e-02, -4.0202e-02, -2.6086e-02, -1.5732e-02, -4.7296e-04, +1.4498e-01, -2.7439e-04, -3.6351e-02, +7.2279e-02, +4.3568e-02, +5.8618e-02
+5.7380e-02, -1.5433e-02, -2.0205e-02, -1.0000e+00, -3.8930e-02, +2.5275e-03, +6.5050e-03, -6.0243e-03, +1.0019e-01, +9.1810e-02, +3.2255e-05, -5.2899e-02, -2.7697e-02, -2.2925e-02, +1.6087e-02, +2.3223e-02, -3.6114e-02, -1.4006e-02, +3.2626e-02, +4.8420e-02, -3.8401e-02, -9.3718e-03, +2.6774e-02, -3.1900e-02, -6.7306e-02, +4.4425e-02, -8.8182e-02, -5.5156e-02, -2.8229e-02, -3.0333e-02, -3.1938e-02, -2.6474e-02, -6.8372e-02, -6.6823e-02, +1.8989e-02, -4.3974e-02, -2.5777e-02, +3.0877e-02, -1.4321e-02, +2.2504e-03, +7.2280e-02, +3.8482e-02, -1.7027e-02, +2.4497e-02, +7.6507e-02, +2.7235e-02, -1.0934e-01, +6.3952e-03, +7.5972e-02, -6.4020e-03
+2.3107e-02, +1.7180e-02, -1.2841e-04, -3.8930e-02, -1.0000e+00, +1.4670e-02, -2.6187e-03, -7.7108e-04, +6.3141e-02, +2.3066e-02, +6.6696e-02, -5.9186e-02, -1.7429e-02, +2.4802e-02, -8.8391e-03, -3.8479e-02, -5.1772e-02, -1.9710e-02, -6.6719e-02, -3.7097e-02, +6.2095e-02, +3.6641e-02, -1.8619e-02, -4.1734e-02, +3.9111e-02, -1.4898e-02, -4.5643e-02, -2.7460e-02, -6.7150e-02, -5.3684e-02, +1.0236e-01, -4.9001e-02, +3.2716e-02, -2.9221e-02, -3.3411e-02, -1.2468e-02, -7.7750e-02, +1.2572e-01, -2.4510e-03, -4.4331e-02, +1.6585e-02, -2.3635e-02, -5.7351e-02, -1.1066e-02, +4.0025e-02, +1.0580e-03, +3.2760e-02, +6.9602e-02, -4.6378e-02, +2.3080e-02
+1.1509e-01, +1.4378e-02, +2.4830e-02, +2.5274e-03, +1.4670e-02, -1.0000e+00, +2.0310e-02, +8.4797e-03, +3.3250e-02, +4.4116e-02, -7.3805e-02, +7.6995e-05, -1.8168e-02, +7.2352e-02, -5.3887e-02, -2.1170e-02, -3.4475e-02, +6.7246e-02, -7.8375e-02, +1.6822e-02, -2.9699e-02, -5.2117e-02, -1.9557e-02, -9.9809e-02, -6.2848e-02, -5.7060e-02, -6.7853e-02, +5.1175e-02, -6.2802e-02, +6.9270e-03, -1.2290e-01, -5.4644e-02, -9.0782e-03, -4.2585e-02, +7.6492e-03, -1.4724e-01, +7.6726e-02, -8.0123e-02, +2.9120e-02, -5.1043e-04, +3.6745e-02, +1.3870e-02, -6.7820e-03, +3.4341e-02, +7.9797e-02, -1.5182e-02, -6.7813e-02, -1.6793e-02, +2.5596e-02, -3.2613e-02
-1.5918e-02, +2.7142e-02, +4.8365e-02, +6.5050e-03, -2.6187e-03, +2.0310e-02, -1.0000e+00, +1.2356e-02, +1.1159e-02, -1.3581e-03, -1.3028e-02, -4.2443e-02, -8.9402e-02, +2.4707e-02, -3.7147e-02, +1.6464e-02, -7.7859e-03, +3.0400e-02, -4.7984e-02, +4.7616e-02, +2.0578e-02, -3.7655e-02, -2.3793e-02, -2.9801e-02, +5.7180e-02, -1.6289e-02, -1.6348e-02, +1.6905e-01, +2.7090e-02, +2.0347e-02, +8.4206e-02, -6.0758e-03, -7.3382e-02, -6.6254e-02, +1.0046e-02, -5.3311e-02, +3.6597e-03, -1.2733e-02, -4.7674e-02, -4.2269e-02, +1.7367e-02, +2.6783e-02, -9.4239e-03, +2.7588e-03, +2.8758e-02, +3.8627e-02, -7.0142e-02, -1.4400e-01, +9.8132e-02, -3.9370e-02
+3.5382e-02, -3.2709e-02, +2.9721e-02, -6.0243e-03, -7.7107e-04, +8.4796e-03, +1.2356e-02, -1.0000e+00, -3.1764e-03, +6.5826e-02, -1.3850e-02, +1.3922e-02, +6.3150e-02, -2.0912e-02, -5.2974e-02, +3.4183e-02, -6.8761e-03, -5.2319e-02, +5.3967e-02, -2.2104e-02, +3.1222e-02, -6.7799e-03, +3.4660e-02, +4.0034e-02, +1.6973e-02, +2.1892e-02, -1.3965e-02, -9.5556e-02, +9.5374e-03, +1.0712e-02, -1.8141e-03, +6.0818e-02, +1.9882e-02, -5.4200e-02, -2.6604e-02, +6.2444e-05, +1.7480e-02, -1.3854e-02, -4.7806e-03, +3.0783e-03, -3.5987e-02, -3.6724e-02, +2.6737e-02, +2.9563e-02, -4.4961e-02, +6.1146e-02, -1.1252e-02, +3.6025e-02, +2.4570e-02, -2.0700e-02
-1.0852e-01, +1.0732e-02, -3.9104e-02, +1.0019e-01, +6.3141e-02, +3.3250e-02, +1.1159e-02, -3.1764e-03, -1.0000e+00, -1.8569e-05, +2.3430e-02, +3.2901e-02, -5.6115e-02, +3.5245e-02, +5.8024e-02, -2.6038e-02, -2.7507e-02, -1.5867e-02, +2.3704e-02, +2.1210e-02, -1.2786e-02, +7.2848e-02, +3.0806e-02, +7.5503e-02, -9.9785e-02, -7.4910e-02, +1.0147e-01, +9.7709e-03, +2.9009e-02, +4.6150e-02, +5.7093e-02, +1.4918e-02, +2.4550e-02, +1.6969e-02, -2.6465e-02, +2.2212e-02, -4.8046e-02, +5.2440e-02, +6.5993e-02, +6.3622e-02, +2.8370e-02, -1.2213e-02, -1.8130e-02, -4.3845e-02, +2.5509e-02, +4.4172e-02, +4.7691e-02, -8.2894e-02, -1.1561e-02, +2.5102e-02
+5.5477e-02, +6.6500e-02, +1.0269e-01, +9.1810e-02, +2.3066e-02, +4.4116e-02, -1.3581e-03, +6.5826e-02, -1.8569e-05, -1.0000e+00, -9.6571e-02, +5.6129e-02, +1.0531e-01, -1.1782e-01, +4.9375e-02, -3.0768e-02, -8.8997e-02, +3.3260e-02, -4.5520e-02, -2.2196e-02, -2.5767e-02, +1.4156e-02, +1.6593e-01, -1.6684e-01, +8.4655e-03, +8.4839e-02, -2.2901e-02, +7.3998e-02, +4.6403e-02, -7.7015e-03, -8.4428e-02, -1.2303e-02, +3.1764e-02, -1.5703e-02, +1.7497e-02, +3.4307e-02, +1.4627e-02, +5.8818e-03, +4.3129e-02, +5.7893e-02, +7.2910e-02, +7.1560e-02, +6.6386e-03, -9.3148e-03, +6.9752e-02, +6.7007e-02, +1.5016e-01, +1.1291e-01, -2.2904e-02, +2.5160e-02
+2.5005e-02, +1.0719e-03, +6.6534e-02, +3.2253e-05, +6.6696e-02, -7.3805e-02, -1.3028e-02, -1.3850e-02, +2.3430e-02, -9.6571e-02, -1.0000e+00, +7.1315e-03, -1.2485e-01, +3.3326e-05, +2.8739e-02, -9.0178e-04, -2.7436e-02, -1.2705e-01, -2.1713e-03, +6.6855e-02, -1.3377e-02, -2.3933e-02, +4.5071e-02, +1.1113e-01, -3.6602e-02, -9.9678e-02, -2.6433e-02, -1.0246e-02, -6.9538e-02, -3.6374e-02, -2.9441e-02, +3.1877e-02, +9.8549e-02, -2.4898e-02, -6.8082e-03, -3.6459e-02, +1.9904e-02, -7.1884e-02, +5.6613e-02, +5.4388e-02, -2.1550e-02, -2.4887e-02, +5.3606e-03, -2.9789e-02, -1.6480e-02, -3.6199e-02, -2.6963e-02, +5.4479e-02, +1.4513e-03, +6.0182e-02
-1.2381e-02, -1.6323e-02, -4.8120e-03, -5.2899e-02, -5.9186e-02, +7.6995e-05, -4.2443e-02, +1.3922e-02, +3.2901e-02, +5.6129e-02, +7.1315e-03, -1.0000e+00, -4.1933e-02, +5.0484e-02, -2.1092e-02, +4.7435e-02, +1.1949e-03, +1.2115e-02, -7.5487e-02, +1.3092e-02, -1.0253e-02, -1.9957e-02, +4.5661e-02, -6.9900e-02, -3.5322e-02, -6.4905e-02, +2.7819e-02, -4.8877e-02, +1.3577e-02, +1.3451e-02, +2.3577e-02, +3.3420e-02, -6.1503e-03, +5.5474e-02, +8.9818e-02, -5.7498e-02, -4.7799e-02, -5.8457e-02, +1.2066e-02, +1.3807e-02, +6.2881e-02, +1.8589e-02, -4.7156e-02, +1.7676e-02, +3.2953e-02, -1.1057e-01, -1.6467e-02, -3.8217e-02, +4.0659e-02, +5.3131e-02
+2.6720e-02, +1.2994e-02, +1.0224e-01, -2.7697e-02, -1.7429e-02, -1.8168e-02, -8.9402e-02, +6.3150e-02, -5.6115e-02, +1.0531e-01, -1.2485e-01, -4.1933e-02, -1.0000e+00, +1.3791e-01, +6.5366e-02, -4.5229e-02, -9.4183e-03, +1.4620e-02, -4.1256e-02, +7.3239e-02, +3.0435e-02, -2.4072e-02, -3.9390e-02, -2.5844e-02, -5.2095e-02, -9.9649e-02, +3.1689e-03, -5.0962e-02, -8.9255e-03, +5.3071e-04, +5.2288e-02, +2.8834e-02, -9.9248e-02, -4.6926e-02, -9.2407e-02, -4.9030e-04, -1.5378e-02, -3.8093e-02, +7.0594e-02, +2.9334e-02, -2.2013e-02, -7.3878e-05, -8.1124e-02, -3.4809e-02, -8.8210e-02, -1.0837e-01, -3.4545e-02, -1.0133e-01, +1.7856e-01, -3.2158e-02
+4.0839e-02, +2.8116e-02, -1.9982e-02, -2.2925e-02, +2.4802e-02, +7.2352e-02, +2.4707e-02, -2.0912e-02, +3.5245e-02, -1.1782e-01, +3.3329e-05, +5.0484e-02, +1.3791e-01, -1.0000e+00, -2.5167e-02, -2.6905e-02, +4.5947e-02, +6.4934e-03, +5.4766e-02, -5.7148e-02, -2.1062e-02, -5.6143e-02, +4.0983e-03, +3.5868e-02, +2.7523e-02, +9.4683e-02, +6.9463e-03, -3.0330e-02, +4.0241e-02, +3.1883e-02, -2.4441e-02, -7.2885e-02, -1.1142e-01, +4.8741e-02, +2.3737e-02, +1.3007e-01, +4.7389e-02, +4.0802e-02, +1.5583e-02, -1.2574e-02, -1.7784e-03, -4.7750e-02, -1.1363e-02, +2.9807e-02, +7.1362e-02, +3.2979e-02, +4.1068e-02, +1.4868e-01, -9.8363e-02, +6.2019e-03
-4.1238e-02, -3.3921e-02, +1.7709e-02, +1.6087e-02, -8.8391e-03, -5.3887e-02, -3.7147e-02, -5.2974e-02, +5.8024e-02, +4.9375e-02, +2.8739e-02, -2.1092e-02, +6.5366e-02, -2.5167e-02, -1.0000e+00, -1.9160e-02, -7.2889e-02, +5.3387e-03, -8.6107e-02, +3.2060e-02, -1.6197e-02, -8.8659e-02, +1.5162e-02, -5.8964e-02, -1.3149e-02, -5.5583e-02, -5.0275e-02, -2.7442e-02, -2.8636e-02, -5.5276e-02, -3.0807e-02, -4.9015e-03, +8.0215e-02, -2.2818e-02, +3.2562e-02, -3.6535e-02, +5.0350e-02, -1.4235e-02, +3.9251e-04, -2.2652e-02, -6.0288e-03, +2.2888e-03, -2.3409e-02, -7.6830e-02, -2.0590e-02, -6.3669e-02, -2.7429e-02, +1.5531e-01, -1.2985e-01, +1.0039e-01
-1.0378e-02, +3.3340e-03, -2.1947e-02, +2.3223e-02, -3.8479e-02, -2.1170e-02, +1.6464e-02, +3.4183e-02, -2.6038e-02, -3.0768e-02, -9.0178e-04, +4.7435e-02, -4.5229e-02, -2.6905e-02, -1.9160e-02, -1.0000e+00, +1.8664e-02, +1.3440e-02, -4.1933e-02, +3.6794e-02, +3.6693e-02, +1.3444e-01, +3.4312e-03, -3.1997e-02, -1.3481e-02, -3.8346e-02, -5.2956e-02, -2.2671e-03, +2.2426e-02, -4.1372e-03, -8.4676e-03, +1.2385e-02, +1.3996e-02, -4.9474e-02, +2.1579e-03, -9.7727e-03, +1.4040e-02, +1.4287e-02, +1.4429e-03, +5.2124e-02, -5.7491e-02, -2.0318e-02, +2.4256e-02, +2.5009e-02, +1.1789e-01, -7.2803e-02, +4.0166e-02, -2.6301e-02, -4.8529e-03, +2.9669e-02
-2.6394e-02, +2.0154e-02, +1.9217e-02, -3.6114e-02, -5.1772e-02, -3.4475e-02, -7.7859e-03, -6.8761e-03, -2.7507e-02, -8.8997e-02, -2.7436e-02, +1.1949e-03, -9.4183e-03, +4.5947e-02, -7.2889e-02, +1.8664e-02, -1.0000e+00, -3.8375e-02, +3.1510e-02, +1.0738e-01, -6.7150e-04, -5.4181e-02, +2.6616e-02, -9.6394e-02, +8.9816e-03, +4.3657e-03, -7.1508e-02, -9.9906e-03, -6.2189e-02, -8.1839e-02, +1.7716e-03, -3.4170e-04, +1.0823e-01, +6.9070e-03, -1.3671e-02, -5.9315e-02, -4.7029e-02, -1.0671e-02, +3.5849e-03, +3.2157e-02, +2.6818e-02, +1.1520e-01, -6.9482e-02, -1.1828e-02, -3.9871e-03, +1.2756e-02, +1.1917e-02, +4.5220e-02, -4.9654e-02, +3.9249e-02
+3.9310e-02, -2.2012e-02, -2.7587e-02, -1.4006e-02, -1.9710e-02, +6.7246e-02, +3.0400e-02, -5.2319e-02, -1.5867e-02, +3.3260e-02, -1.2705e-01, +1.2115e-02, +1.4620e-02, +6.4934e-03, +5.3387e-03, +1.3440e-02, -3.8375e-02, -1.0000e+00, -3.2076e-02, +8.6658e-02, +3.6367e-02, -3.2697e-02, +1.4852e-02, +7.2397e-02, -3.1320e-02, +1.3000e-02, +3.7612e-02, -1.2536e-01, -4.5024e-02, -4.8306e-02, -1.1284e-02, -4.2391e-03, +4.8143e-02, +1.7483e-02, +8.8626e-02, -3.4500e-02, -2.3819e-02, -2.2003e-02, +2.7041e-02, +4.7965e-02, -6.9818e-04, -3.1572e-02, +1.5962e-03, -2.4910e-02, -1.1338e-02, +1.0629e-01, -2.9948e-02, +8.0423e-02, -3.3537e-02, +5.5223e-02
+3.2626e-02, +4.1355e-02, -6.5302e-02, +3.2626e-02, -6.6719e-02, -7.8375e-02, -4.7984e-02, +5.3967e-02, +2.3704e-02, -4.5520e-02, -2.1713e-03, -7.5487e-02, -4.1256e-02, +5.4766e-02, -8.6107e-02, -4.1933e-02, +3.1510e-02, -3.2076e-02, -1.0000e+00, -6.1019e-02, +6.3843e-03, -1.8457e-02, -3.3927e-02, +4.6121e-03, -1.7441e-02, -7.6177e-03, +5.1051e-02, +4.9906e-02, +5.0120e-02, -7.3365e-02, -8.9728e-02, -4.5828e-02, +5.0499e-02, -7.3026e-03, +6.0022e-02, -7.9772e-03, +1.5287e-02, -1.4520e-03, -2.9508e-02, -1.1892e-02, +3.8035e-02, -4.1341e-02, +2.1616e-02, -7.0804e-02, +9.1302e-02, -6.1711e-02, +6.6204e-03, -9.8804e-02, +1.2936e-02, -6.5026e-03
+4.3617e-02, +3.8069e-02, -2.4899e-02, +4.8420e-02, -3.7097e-02, +1.6822e-02, +4.7616e-02, -2.2104e-02, +2.1210e-02, -2.2196e-02, +6.6855e-02, +1.3092e-02, +7.3239e-02, -5.7148e-02, +3.2060e-02, +3.6794e-02, +1.0738e-01, +8.6658e-02, -6.1019e-02, -1.0000e+00, +1.1306e-02, -2.4519e-03, -9.0639e-03, -2.3322e-02, +7.6516e-03, +8.6576e-03, +7.8944e-03, +2.7429e-02, +8.8076e-02, +4.3150e-03, -6.1215e-02, +1.3230e-02, -1.2696e-01, -8.1945e-02, -1.6196e-02, +8.1621e-02, +3.8485e-02, +1.9862e-02, +4.1125e-03, -1.9083e-02, -5.4909e-02, -3.0906e-02, -8.6266e-02, -4.5103e-02, +3.3750e-02, +4.8907e-04, +4.7621e-02, +1.4291e-01, +8.1217e-02, +2.8078e-02
-4.5895e-03, -3.7340e-04, -2.1318e-02, -3.8401e-02, +6.2095e-02, -2.9699e-02, +2.0578e-02, +3.1222e-02, -1.2786e-02, -2.5767e-02, -1.3377e-02, -1.0253e-02, +3.0435e-02, -2.1062e-02, -1.6197e-02, +3.6693e-02, -6.7151e-04, +3.6367e-02, +6.3843e-03, +1.1306e-02, -1.0000e+00, -5.5326e-02, -2.1799e-02, -6.3034e-03, +3.6045e-03, -5.4117e-02, +1.7874e-02, +7.2829e-02, +5.0049e-02, -2.9472e-03, -1.0837e-02, -5.6332e-03, +4.6186e-02, -8.4508e-03, +2.6066e-02, -2.9997e-02, +5.4537e-03, +1.2082e-02, +3.3928e-02, +1.5390e-02, -9.8592e-03, -7.2764e-03, -2.2644e-02, -6.3795e-02, +3.3365e-02, +1.5011e-02, -4.4566e-02, -2.1638e-03, -2.0298e-02, +5.8929e-02
-2.3860e-02, -1.1004e-04, -3.8449e-02, -9.3718e-03, +3.6641e-02, -5.2116e-02, -3.7655e-02, -6.7799e-03, +7.2848e-02, +1.4156e-02, -2.3933e-02, -1.9957e-02, -2.4072e-02, -5.6143e-02, -8.8659e-02, +1.3444e-01, -5.4181e-02, -3.2697e-02, -1.8457e-02, -2.4519e-03, -5.5326e-02, -1.0000e+00, +4.5723e-02, -4.8517e-02, -6.8600e-02, -4.3008e-02, -8.1535e-02, -1.6079e-02, -7.3183e-03, -6.9111e-02, -4.8537e-02, -1.7629e-02, +4.9139e-02, -5.5295e-03, +4.9584e-02, +4.6134e-02, +1.0139e-01, -2.1570e-02, +4.8871e-02, -4.9922e-02, -2.7437e-02, +3.9847e-02, -5.0990e-02, +2.2612e-02, -1.2946e-05, -2.4990e-02, +2.2914e-02, +1.9596e-01, -1.0203e-01, +1.8435e-01
+5.4636e-02, +9.3780e-02, -8.5979e-03, +2.6774e-02, -1.8619e-02, -1.9557e-02, -2.3793e-02, +3.4660e-02, +3.0806e-02, +1.6593e-01, +4.5071e-02, +4.5661e-02, -3.9390e-02, +4.0983e-03, +1.5162e-02, +3.4312e-03, +2.6616e-02, +1.4852e-02, -3.3927e-02, -9.0639e-03, -2.1799e-02, +4.5723e-02, -1.0000e+00, +4.1312e-02, +2.2757e-02, -5.1772e-02, +2.9599e-03, +6.2459e-03, -9.1033e-02, +5.2621e-02, +4.9058e-02, -4.9994e-02, -1.2515e-02, +3.4815e-02, -1.7476e-02, +1.7990e-02, +5.1419e-02, +6.3274e-04, -8.3440e-03, +4.8615e-03, -9.6261e-02, -5.0033e-02, +1.9200e-03, +1.3826e-02, -3.4631e-02, -1.7981e-02, +1.0128e-02, -4.0777e-02, +1.8486e-02, -5.6951e-02
+7.2907e-02, -3.4542e-03, +1.3157e-02, -3.1900e-02, -4.1734e-02, -9.9809e-02, -2.9801e-02, +4.0034e-02, +7.5503e-02, -1.6684e-01, +1.1113e-01, -6.9900e-02, -2.5844e-02, +3.5868e-02, -5.8964e-02, -3.1997e-02, -9.6394e-02, +7.2397e-02, +4.6122e-03, -2.3322e-02, -6.3034e-03, -4.8517e-02, +4.1312e-02, -1.0000e+00, -2.9727e-02, -1.3921e-02, -4.6541e-02, +4.2412e-02, -2.7687e-02, -1.7477e-03, +6.5012e-03, +2.1638e-02, -1.3474e-02, +8.9250e-03, -8.3680e-02, -3.4235e-02, -1.4840e-02, -8.9281e-03, -4.6815e-02, -5.5845e-02, +7.7147e-02, +2.8994e-02, -4.5822e-02, -3.3170e-03, +4.1254e-02, -2.1584e-02, -2.1401e-02, +4.0508e-02, +2.1829e-02, +1.2286e-02
+4.8046e-02, +1.6852e-03, -3.7551e-02, -6.7306e-02, +3.9111e-02, -6.2848e-02, +5.7180e-02, +1.6973e-02, -9.9784e-02, +8.4655e-03, -3.6602e-02, -3.5322e-02, -5.2095e-02, +2.7523e-02, -1.3149e-02, -1.3481e-02, +8.9816e-03, -3.1320e-02, -1.7441e-02, +7.6516e-03, +3.6045e-03, -6.8600e-02, +2.2757e-02, -2.9727e-02, -1.0000e+00, +4.3526e-02, -4.4193e-02, +3.5022e-02, +5.7013e-03, +4.5229e-02, -6.9390e-02, -2.1605e-04, +1.1877e-01, +3.4399e-03, -7.7650e-03, -1.8163e-02, +1.7394e-02, -7.5966e-02, +8.0755e-03, -7.3765e-03, -2.8417e-02, -6.4731e-02, -2.9340e-02, -5.0054e-02, -7.1026e-03, +1.0097e-02, -4.5524e-02, -1.8467e-02, -1.2532e-02, +5.0339e-02
-1.5361e-01, +3.5481e-02, +9.8975e-02, +4.4425e-02, -1.4898e-02, -5.7060e-02, -1.6289e-02, +2.1892e-02, -7.4910e-02, +8.4839e-02, -9.9678e-02, -6.4905e-02, -9.9649e-02, +9.4683e-02, -5.5583e-02, -3.8346e-02, +4.3657e-03, +1.3000e-02, -7.6177e-03, +8.6576e-03, -5.4117e-02, -4.3008e-02, -5.1772e-02, -1.3921e-02, +4.3526e-02, -1.0000e+00, +1.3404e-02, +5.6985e-02, -2.1060e-02, -1.7511e-03, +2.5373e-02, -1.0742e-02, +7.6864e-02, -2.9249e-02, +4.4999e-02, -1.8911e-02, +1.6465e-02, -7.3527e-02, +3.2480e-03, -5.4598e-03, -4.1412e-02, +8.8502e-02, +2.1547e-03, -7.5763e-02, -5.5453e-02, -1.3828e-02, -3.5041e-02, -1.3338e-01, +3.6361e-02, -4.9779e-03
+6.7997e-02, +2.4736e-02, +2.4312e-02, -8.8182e-02, -4.5643e-02, -6.7853e-02, -1.6348e-02, -1.3965e-02, +1.0147e-01, -2.2901e-02, -2.6433e-02, +2.7819e-02, +3.1689e-03, +6.9463e-03, -5.0275e-02, -5.2956e-02, -7.1508e-02, +3.7612e-02, +5.1051e-02, +7.8944e-03, +1.7874e-02, -8.1535e-02, +2.9599e-03, -4.6541e-02, -4.4193e-02, +1.3404e-02, -1.0000e+00, +3.0380e-02, -1.1068e-01, -7.3680e-02, -5.5024e-02, +1.5975e-02, +1.7228e-02, -3.7608e-02, -6.5387e-02, -8.9544e-02, +1.2701e-02, -6.3689e-02, -2.9487e-02, +4.4816e-03, -1.6545e-02, -1.9161e-02, -1.7842e-02, +1.1166e-02, +1.2242e-02, -8.4589e-02, -2.8513e-02, +7.7043e-02, -6.5389e-02, -2.0118e-02
-2.5502e-02, -7.6496e-02, +4.9376e-02, -5.5156e-02, -2.7460e-02, +5.1175e-02, +1.6905e-01, -9.5556e-02, +9.7709e-03, +7.3998e-02, -1.0246e-02, -4.8877e-02, -5.0962e-02, -3.0330e-02, -2.7442e-02, -2.2671e-03, -9.9906e-03, -1.2536e-01, +4.9906e-02, +2.7429e-02, +7.2829e-02, -1.6079e-02, +6.2459e-03, +4.2412e-02, +3.5022e-02, +5.6985e-02, +3.0380e-02, -1.0000e+00, -3.0575e-02, -4.7365e-02, -6.0295e-02, -2.4917e-02, +2.1549e-02, -2.1290e-02, -4.2495e-02, +1.4276e-02, -2.5083e-02, -5.7317e-02, -5.9199e-02, +6.3151e-02, -3.9562e-02, -7.0775e-02, -1.4341e-02, +3.8366e-03, -3.8655e-02, +4.0879e-02, +2.6052e-02, +1.3389e-01, +4.0422e-02, +1.7615e-02
+9.0727e-02, -2.9382e-02, +2.5769e-02, -2.8229e-02, -6.7150e-02, -6.2802e-02, +2.7090e-02, +9.5374e-03, +2.9009e-02, +4.6403e-02, -6.9538e-02, +1.3577e-02, -8.9255e-03, +4.0241e-02, -2.8636e-02, +2.2426e-02, -6.2189e-02, -4.5024e-02, +5.0120e-02, +8.8076e-02, +5.0049e-02, -7.3183e-03, -9.1033e-02, -2.7687e-02, +5.7013e-03, -2.1060e-02, -1.1068e-01, -3.0575e-02, -1.0000e+00, -5.0115e-02, +1.0297e-02, -1.1837e-02, +3.1053e-02, +9.7344e-03, -4.0361e-02, -5.3794e-02, -5.7826e-03, -3.5278e-02, -2.4830e-02, -3.8373e-02, +4.8586e-02, +2.1205e-02, -4.2078e-02, -4.2715e-02, +4.2851e-04, -6.8778e-02, -5.7156e-02, +4.7098e-02, -1.9747e-02, +3.0331e-02
+2.4296e-02, +1.5704e-03, +6.3483e-02, -3.0333e-02, -5.3684e-02, +6.9270e-03, +2.0347e-02, +1.0712e-02, +4.6150e-02, -7.7015e-03, -3.6374e-02, +1.3451e-02, +5.3070e-04, +3.1883e-02, -5.5276e-02, -4.1372e-03, -8.1839e-02, -4.8306e-02, -7.3365e-02, +4.3150e-03, -2.9472e-03, -6.9111e-02, +5.2621e-02, -1.7477e-03, +4.5229e-02, -1.7511e-03, -7.3680e-02, -4.7365e-02, -5.0115e-02, -1.0000e+00, +5.3546e-03, -8.3456e-03, -4.2542e-03, -4.7047e-02, +1.7371e-03, +1.0968e-02, -4.1815e-02, +2.7256e-02, +4.0714e-02, +2.1311e-02, +3.4021e-02, -6.3657e-02, -7.8827e-03, +6.9177e-03, +1.4066e-02, -2.3316e-02, +3.5868e-02, +1.3762e-01, -3.0879e-02, +9.5744e-02
+6.3448e-02, +2.5285e-02, +3.6281e-02, -3.1938e-02, +1.0236e-01, -1.2290e-01, +8.4206e-02, -1.8141e-03, +5.7093e-02, -8.4428e-02, -2.9441e-02, +2.3577e-02, +5.2288e-02, -2.4441e-02, -3.0807e-02, -8.4676e-03, +1.7716e-03, -1.1284e-02, -8.9728e-02, -6.1215e-02, -1.0837e-02, -4.8537e-02, +4.9058e-02, +6.5012e-03, -6.9390e-02, +2.5373e-02, -5.5024e-02, -6.0295e-02, +1.0297e-02, +5.3546e-03, -1.0000e+00, +1.2321e-02, -4.3801e-02, -1.6606e-02, -5.8972e-02, +2.3436e-02, +7.4758e-02, -9.1922e-02, -1.5373e-02, +5.1898e-03, -1.7904e-01, -3.9962e-02, -1.0348e-02, -1.0899e-01, +2.3944e-02, +5.4158e-02, +1.9098e-03, +1.5704e-01, +5.2164e-02, +7.5073e-02
+1.0959e-02, +3.5387e-02, +1.0732e-02, -2.6474e-02, -4.9001e-02, -5.4644e-02, -6.0758e-03, +6.0818e-02, +1.4918e-02, -1.2303e-02, +3.1877e-02, +3.3420e-02, +2.8834e-02, -7.2885e-02, -4.9015e-03, +1.2385e-02, -3.4170e-04, -4.2391e-03, -4.5828e-02, +1.3230e-02, -5.6332e-03, -1.7629e-02, -4.9994e-02, +2.1638e-02, -2.1605e-04, -1.0742e-02, +1.5975e-02, -2.4917e-02, -1.1837e-02, -8.3456e-03, +1.2321e-02, -1.0000e+00, -1.9922e-02, +9.7711e-03, +1.6242e-02, +3.8986e-02, +1.4913e-02, +5.5257e-02, +3.2556e-02, +1.9626e-02, -8.2150e-03, -2.1530e-03, +1.4180e-02, +5.3994e-02, +1.8556e-03, +6.2512e-05, +4.6014e-02, +2.8592e-02, +2.6842e-02, +2.4658e-02
+8.5393e-02, -2.7528e-02, -1.6345e-01, -6.8372e-02, +3.2716e-02, -9.0782e-03, -7.3382e-02, +1.9882e-02, +2.4550e-02, +3.1764e-02, +9.8549e-02, -6.1503e-03, -9.9248e-02, -1.1142e-01, +8.0215e-02, +1.3996e-02, +1.0823e-01, +4.8143e-02, +5.0499e-02, -1.2696e-01, +4.6186e-02, +4.9139e-02, -1.2515e-02, -1.3474e-02, +1.1877e-01, +7.6864e-02, +1.7228e-02, +2.1549e-02, +3.1053e-02, -4.2542e-03, -4.3801e-02, -1.9922e-02, -1.0000e+00, +7.4622e-02, +5.1571e-04, +1.5623e-01, +9.2446e-02, +1.9313e-03, -1.9665e-02, -2.8517e-02, -6.8601e-02, -2.4682e-03, -5.2557e-02, +5.4954e-02, -1.3487e-02, +5.7161e-03, -4.1122e-02, +2.0139e-01, +4.3464e-01, +3.5961e-02
+1.7460e-02, -3.9333e-02, +2.3101e-02, -6.6823e-02, -2.9221e-02, -4.2585e-02, -6.6254e-02, -5.4200e-02, +1.6969e-02, -1.5703e-02, -2.4898e-02, +5.5474e-02, -4.6926e-02, +4.8741e-02, -2.2818e-02, -4.9474e-02, +6.9070e-03, +1.7483e-02, -7.3026e-03, -8.1945e-02, -8.4508e-03, -5.5295e-03, +3.4815e-02, +8.9250e-03, +3.4399e-03, -2.9249e-02, -3.7608e-02, -2.1290e-02, +9.7344e-03, -4.7047e-02, -1.6606e-02, +9.7711e-03, +7.4622e-02, -1.0000e+00, -1.6099e-02, -3.9361e-02, -3.8421e-02, +1.5497e-02, +2.4895e-02, +6.5422e-03, -3.0103e-02, -2.1934e-03, -2.7492e-02, +2.4458e-02, -1.1414e-02, -5.7675e-02, -3.2437e-02, +1.4859e-02, -5.5734e-02, -2.5305e-02
+5.3387e-02, -1.1002e-01, +5.4131e-03, +1.8989e-02, -3.3411e-02, +7.6492e-03, +1.0046e-02, -2.6604e-02, -2.6465e-02, +1.7497e-02, -6.8082e-03, +8.9818e-02, -9.2407e-02, +2.3737e-02, +3.2562e-02, +2.1579e-03, -1.3671e-02, +8.8626e-02, +6.0022e-02, -1.6196e-02, +2.6066e-02, +4.9584e-02, -1.7476e-02, -8.3680e-02, -7.7650e-03, +4.4999e-02, -6.5387e-02, -4.2495e-02, -4.0361e-02, +1.7371e-03, -5.8972e-02, +1.6242e-02, +5.1571e-04, -1.6100e-02, -1.0000e+00, +1.0776e-02, +9.3423e-03, +2.4127e-02, -1.0103e-01, +1.3576e-03, -7.9816e-02, -6.0773e-03, -2.9845e-02, +5.1813e-02, -7.8031e-03, +2.5409e-02, -3.5324e-02, +3.7711e-02, +6.4189e-02, +2.1444e-02
+3.2367e-02, -1.6032e-02, +1.1105e-01, -4.3974e-02, -1.2468e-02, -1.4724e-01, -5.3311e-02, +6.2447e-05, +2.2212e-02, +3.4307e-02, -3.6459e-02, -5.7498e-02, -4.9030e-04, +1.3007e-01, -3.6535e-02, -9.7727e-03, -5.9315e-02, -3.4500e-02, -7.9772e-03, +8.1621e-02, -2.9997e-02, +4.6134e-02, +1.7990e-02, -3.4235e-02, -1.8163e-02, -1.8911e-02, -8.9544e-02, +1.4276e-02, -5.3794e-02, +1.0968e-02, +2.3436e-02, +3.8986e-02, +1.5623e-01, -3.9361e-02, +1.0776e-02, -1.0000e+00, -9.6937e-03, -3.4522e-02, -5.9704e-02, -2.7768e-02, +2.8768e-02, +4.6770e-01, +8.2441e-02, +1.8039e-03, +7.9860e-02, -7.1714e-02, -3.5567e-02, -7.8037e-02, -1.4602e-02, +1.2678e-01
-6.0031e-02, -7.1384e-02, +2.2247e-02, -2.5777e-02, -7.7750e-02, +7.6726e-02, +3.6597e-03, +1.7480e-02, -4.8046e-02, +1.4627e-02, +1.9904e-02, -4.7799e-02, -1.5378e-02, +4.7389e-02, +5.0350e-02, +1.4040e-02, -4.7029e-02, -2.3819e-02, +1.5287e-02, +3.8485e-02, +5.4537e-03, +1.0139e-01, +5.1419e-02, -1.4840e-02, +1.7394e-02, +1.6465e-02, +1.2701e-02, -2.5083e-02, -5.7826e-03, -4.1815e-02, +7.4758e-02, +1.4913e-02, +9.2446e-02, -3.8421e-02, +9.3423e-03, -9.6937e-03, -1.0000e+00, +1.4992e-02, -3.2120e-02, +5.4707e-03, +3.1016e-02, -8.7021e-03, -4.2423e-03, +7.3803e-02, +9.0361e-03, -2.1708e-02, -4.5175e-02, +3.3749e-02, -5.4645e-02, -4.9216e-02
+3.4262e-02, -1.9202e-02, +3.6368e-02, +3.0877e-02, +1.2572e-01, -8.0123e-02, -1.2733e-02, -1.3855e-02, +5.2440e-02, +5.8818e-03, -7.1884e-02, -5.8457e-02, -3.8093e-02, +4.0802e-02, -1.4235e-02, +1.4287e-02, -1.0671e-02, -2.2003e-02, -1.4521e-03, +1.9862e-02, +1.2082e-02, -2.1570e-02, +6.3274e-04, -8.9281e-03, -7.5966e-02, -7.3527e-02, -6.3689e-02, -5.7317e-02, -3.5278e-02, +2.7256e-02, -9.1922e-02, +5.5257e-02, +1.9313e-03, +1.5497e-02, +2.4127e-02, -3.4522e-02, +1.4992e-02, -1.0000e+00, -4.9946e-02, -4.9340e-02, -9.7373e-03, -8.5296e-03, +1.0077e-02, -2.3737e-02, -2.5047e-03, -3.5571e-02, -5.3732e-02, +5.6080e-02, +5.5529e-04, +1.1034e-02
-2.1090e-02, -4.0080e-02, +1.0507e-02, -1.4321e-02, -2.4510e-03, +2.9120e-02, -4.7674e-02, -4.7806e-03, +6.5993e-02, +4.3129e-02, +5.6613e-02, +1.2066e-02, +7.0594e-02, +1.5583e-02, +3.9251e-04, +1.4429e-03, +3.5849e-03, +2.7041e-02, -2.9508e-02, +4.1125e-03, +3.3928e-02, +4.8871e-02, -8.3440e-03, -4.6815e-02, +8.0755e-03, +3.2480e-03, -2.9487e-02, -5.9199e-02, -2.4830e-02, +4.0714e-02, -1.5373e-02, +3.2556e-02, -1.9665e-02, +2.4895e-02, -1.0103e-01, -5.9704e-02, -3.2120e-02, -4.9946e-02, -1.0000e+00, -1.9378e-02, +1.1939e-02, +4.7005e-03, -8.8332e-03, +1.0055e-02, +2.2747e-02, -1.0491e-02, +4.4754e-02, +2.5339e-02, -3.1648e-02, -1.6688e-02
+1.2029e-01, +6.5940e-02, -3.2174e-02, +2.2504e-03, -4.4331e-02, -5.1042e-04, -4.2269e-02, +3.0782e-03, +6.3622e-02, +5.7893e-02, +5.4388e-02, +1.3807e-02, +2.9334e-02, -1.2574e-02, -2.2652e-02, +5.2124e-02, +3.2157e-02, +4.7965e-02, -1.1892e-02, -1.9083e-02, +1.5390e-02, -4.9922e-02, +4.8615e-03, -5.5845e-02, -7.3765e-03, -5.4598e-03, +4.4816e-03, +6.3151e-02, -3.8373e-02, +2.1311e-02, +5.1898e-03, +1.9626e-02, -2.8517e-02, +6.5422e-03, +1.3576e-03, -2.7768e-02, +5.4707e-03, -4.9340e-02, -1.9378e-02, -1.0000e+00, +1.7727e-02, +2.4523e-02, +1.7455e-02, -4.0490e-02, +2.1336e-02, -4.8002e-03, -5.5241e-02, -4.9690e-03, +8.0426e-03, +1.9849e-02
-8.4526e-03, -8.2993e-03, -4.0202e-02, +7.2280e-02, +1.6585e-02, +3.6745e-02, +1.7367e-02, -3.5987e-02, +2.8370e-02, +7.2910e-02, -2.1550e-02, +6.2881e-02, -2.2013e-02, -1.7784e-03, -6.0288e-03, -5.7491e-02, +2.6818e-02, -6.9821e-04, +3.8035e-02, -5.4909e-02, -9.8592e-03, -2.7437e-02, -9.6261e-02, +7.7147e-02, -2.8417e-02, -4.1412e-02, -1.6545e-02, -3.9562e-02, +4.8586e-02, +3.4021e-02, -1.7904e-01, -8.2150e-03, -6.8601e-02, -3.0103e-02, -7.9816e-02, +2.8768e-02, +3.1016e-02, -9.7373e-03, +1.1939e-02, +1.7727e-02, -1.0000e+00, -7.4573e-02, -1.0899e-03, -2.9714e-02, -3.3764e-02, +2.3493e-02, +1.0743e-02, +6.0789e-02, +3.2720e-02, +4.5851e-02
+2.1254e-02, -4.3400e-02, -2.6086e-02, +3.8482e-02, -2.3635e-02, +1.3870e-02, +2.6783e-02, -3.6724e-02, -1.2213e-02, +7.1560e-02, -2.4887e-02, +1.8589e-02, -7.3879e-05, -4.7750e-02, +2.2888e-03, -2.0318e-02, +1.1520e-01, -3.1572e-02, -4.1341e-02, -3.0906e-02, -7.2764e-03, +3.9847e-02, -5.0033e-02, +2.8994e-02, -6.4731e-02, +8.8502e-02, -1.9161e-02, -7.0775e-02, +2.1205e-02, -6.3657e-02, -3.9962e-02, -2.1530e-03, -2.4682e-03, -2.1934e-03, -6.0773e-03, +4.6770e-01, -8.7021e-03, -8.5296e-03, +4.7005e-03, +2.4523e-02, -7.4573e-02, -1.0000e+00, +2.8105e-02, +2.1278e-02, +9.2132e-02, -3.0943e-02, +4.1951e-02, +1.3977e-01, -5.3004e-02, -1.0642e-01
+8.8548e-03, +2.3280e-02, -1.5732e-02, -1.7027e-02, -5.7351e-02, -6.7820e-03, -9.4239e-03, +2.6737e-02, -1.8130e-02, +6.6386e-03, +5.3606e-03, -4.7156e-02, -8.1124e-02, -1.1363e-02, -2.3409e-02, +2.4256e-02, -6.9482e-02, +1.5962e-03, +2.1616e-02, -8.6266e-02, -2.2644e-02, -5.0990e-02, +1.9200e-03, -4.5822e-02, -2.9340e-02, +2.1547e-03, -1.7842e-02, -1.4341e-02, -4.2078e-02, -7.8827e-03, -1.0348e-02, +1.4180e-02, -5.2557e-02, -2.7492e-02, -2.9845e-02, +8.2441e-02, -4.2423e-03, +1.0077e-02, -8.8332e-03, +1.7455e-02, -1.0899e-03, +2.8105e-02, -1.0000e+00, -2.5914e-02, -6.9710e-02, -2.4728e-02, -3.1657e-02, +9.6908e-02, -6.0670e-03, +3.4859e-02
-1.0508e-02, +3.1344e-02, -4.7296e-04, +2.4497e-02, -1.1066e-02, +3.4341e-02, +2.7588e-03, +2.9563e-02, -4.3845e-02, -9.3148e-03, -2.9789e-02, +1.7676e-02, -3.4809e-02, +2.9807e-02, -7.6830e-02, +2.5009e-02, -1.1828e-02, -2.4910e-02, -7.0804e-02, -4.5103e-02, -6.3795e-02, +2.2612e-02, +1.3826e-02, -3.3170e-03, -5.0054e-02, -7.5763e-02, +1.1166e-02, +3.8366e-03, -4.2715e-02, +6.9177e-03, -1.0899e-01, +5.3994e-02, +5.4954e-02, +2.4458e-02, +5.1813e-02, +1.8039e-03, +7.3803e-02, -2.3737e-02, +1.0055e-02, -4.0490e-02, -2.9714e-02, +2.1278e-02, -2.5914e-02, -1.0000e+00, +4.6996e-02, -3.4897e-02, -4.0325e-02, -3.2610e-02, -7.1249e-02, -1.4207e-03
+1.3079e-02, -1.6827e-02, +1.4498e-01, +7.6507e-02, +4.0025e-02, +7.9797e-02, +2.8758e-02, -4.4961e-02, +2.5509e-02, +6.9752e-02, -1.6480e-02, +3.2953e-02, -8.8210e-02, +7.1362e-02, -2.0590e-02, +1.1789e-01, -3.9871e-03, -1.1338e-02, +9.1302e-02, +3.3750e-02, +3.3365e-02, -1.2942e-05, -3.4631e-02, +4.1254e-02, -7.1026e-03, -5.5453e-02, +1.2242e-02, -3.8655e-02, +4.2851e-04, +1.4066e-02, +2.3944e-02, +1.8556e-03, -1.3487e-02, -1.1414e-02, -7.8031e-03, +7.9860e-02, +9.0361e-03, -2.5047e-03, +2.2747e-02, +2.1336e-02, -3.3764e-02, +9.2132e-02, -6.9710e-02, +4.6996e-02, -1.0000e+00, -1.7406e-03, -3.8857e-02, +1.2142e-01, -4.4556e-02, +9.2683e-03
+9.3331e-02, +3.9202e-02, -2.7439e-04, +2.7235e-02, +1.0580e-03, -1.5182e-02, +3.8627e-02, +6.1146e-02, +4.4172e-02, +6.7007e-02, -3.6200e-02, -1.1057e-01, -1.0837e-01, +3.2979e-02, -6.3669e-02, -7.2803e-02, +1.2756e-02, +1.0629e-01, -6.1711e-02, +4.8907e-04, +1.5011e-02, -2.4990e-02, -1.7981e-02, -2.1584e-02, +1.0097e-02, -1.3828e-02, -8.4589e-02, +4.0879e-02, -6.8778e-02, -2.3316e-02, +5.4158e-02, +6.2484e-05, +5.7161e-03, -5.7675e-02, +2.5409e-02, -7.1714e-02, -2.1708e-02, -3.5571e-02, -1.0491e-02, -4.8002e-03, +2.3493e-02, -3.0943e-02, -2.4728e-02, -3.4897e-02, -1.7406e-03, -1.0000e+00, -1.1643e-02, +5.8789e-02, -3.4281e-02, -4.5913e-02
+2.4522e-02, +2.8669e-04, -3.6351e-02, -1.0934e-01, +3.2760e-02, -6.7813e-02, -7.0142e-02, -1.1252e-02, +4.7691e-02, +1.5016e-01, -2.6963e-02, -1.6467e-02, -3.4545e-02, +4.1068e-02, -2.7429e-02, +4.0166e-02, +1.1917e-02, -2.9948e-02, +6.6204e-03, +4.7621e-02, -4.4566e-02, +2.2914e-02, +1.0128e-02, -2.1401e-02, -4.5524e-02, -3.5041e-02, -2.8513e-02, +2.6052e-02, -5.7156e-02, +3.5868e-02, +1.9098e-03, +4.6014e-02, -4.1122e-02, -3.2437e-02, -3.5324e-02, -3.5567e-02, -4.5175e-02, -5.3732e-02, +4.4754e-02, -5.5241e-02, +1.0743e-02, +4.1951e-02, -3.1657e-02, -4.0325e-02, -3.8857e-02, -1.1643e-02, -1.0000e+00, -9.8721e-02, +8.3777e-02, -1.3484e-02
-1.1557e-01, -1.8350e-02, +7.2279e-02, +6.3952e-03, +6.9602e-02, -1.6793e-02, -1.4400e-01, +3.6025e-02, -8.2894e-02, +1.1291e-01, +5.4479e-02, -3.8217e-02, -1.0133e-01, +1.4868e-01, +1.5531e-01, -2.6301e-02, +4.5220e-02, +8.0423e-02, -9.8804e-02, +1.4291e-01, -2.1638e-03, +1.9596e-01, -4.0777e-02, +4.0508e-02, -1.8467e-02, -1.3338e-01, +7.7043e-02, +1.3389e-01, +4.7098e-02, +1.3762e-01, +1.5704e-01, +2.8592e-02, +2.0139e-01, +1.4860e-02, +3.7711e-02, -7.8037e-02, +3.3749e-02, +5.6080e-02, +2.5339e-02, -4.9690e-03, +6.0789e-02, +1.3977e-01, +9.6908e-02, -3.2610e-02, +1.2142e-01, +5.8789e-02, -9.8721e-02, -1.0000e+00, +1.3341e-01, -5.5353e-02
-7.2275e-03, +3.6003e-02, +4.3568e-02, +7.5972e-02, -4.6378e-02, +2.5596e-02, +9.8132e-02, +2.4570e-02, -1.1561e-02, -2.2904e-02, +1.4513e-03, +4.0659e-02, +1.7856e-01, -9.8363e-02, -1.2985e-01, -4.8529e-03, -4.9654e-02, -3.3537e-02, +1.2936e-02, +8.1217e-02, -2.0298e-02, -1.0203e-01, +1.8486e-02, +2.1829e-02, -1.2532e-02, +3.6361e-02, -6.5389e-02, +4.0422e-02, -1.9747e-02, -3.0879e-02, +5.2164e-02, +2.6842e-02, +4.3464e-01, -5.5734e-02, +6.4189e-02, -1.4602e-02, -5.4645e-02, +5.5529e-04, -3.1648e-02, +8.0426e-03, +3.2720e-02, -5.3004e-02, -6.0670e-03, -7.1249e-02, -4.4556e-02, -3.4281e-02, +8.3777e-02, +1.3341e-01, -1.0000e+00, -3.2278e-02
+2.2872e-02, +1.0241e-01, +5.8618e-02, -6.4020e-03, +2.3080e-02, -3.2613e-02, -3.9370e-02, -2.0700e-02, +2.5102e-02, +2.5160e-02, +6.0182e-02, +5.3131e-02, -3.2158e-02, +6.2019e-03, +1.0039e-01, +2.9669e-02, +3.9249e-02, +5.5223e-02, -6.5026e-03, +2.8078e-02, +5.8929e-02, +1.8435e-01, -5.6951e-02, +1.2286e-02, +5.0339e-02, -4.9779e-03, -2.0118e-02, +1.7615e-02, +3.0331e-02, +9.5744e-02, +7.5073e-02, +2.4658e-02, +3.5961e-02, -2.5305e-02, +2.1444e-02, +1.2678e-01, -4.9216e-02, +1.1034e-02, -1.6688e-02, +1.9849e-02, +4.5851e-02, -1.0642e-01, +3.4859e-02, -1.4207e-03, +9.2683e-03, -4.5913e-02, -1.3484e-02, -5.5353e-02, -3.2278e-02, -1.0000e+00
