-1.0000e+00, +5.1633e-03, +7.2683e-02, -8.3634e-02, +6.3474e-02, -3.2935e-02, -5.9046e-02, -1.5176e-02, -1.1014e-01, -2.3692e-02, -1.6299e-02, -6.9677e-02, +2.7431e-02, -3.9483e-02, +3.0972e-02, -1.9402e-03, -1.2092e-02, -5.4831e-02, -1.1961e-02, +5.6324e-03, +5.4034e-02, +5.9212e-02, +1.8524e-01, -2.5179e-02, -8.2615e-02, -6.5626e-02, -1.3301e-03, -1.2379e-01, -1.5520e-02, -1.1026e-01, +6.8903e-02, +3.6181e-02, +3.5595e-02, +5.2443e-02, -2.2289e-02, -7.8907e-02, +4.4141e-02, +2.0287e-02, +4.2210e-03, -6.0728e-02, +1.1481e-02, +5.0543e-03, +4.6183e-02, +2.1188e-02, -7.9438e-02, -1.7872e-02, -2.0838e-02, +1.7063e-01, +1.3039e-02, -1.9485e-02
+5.1634e-03, -1.0000e+00, -3.2155e-02, -3.7909e-02, +5.1989e-02, +3.6326e-02, +3.3903e-02, +5.4135e-02, -2.3072e-02, +4.9863e-02, +6.8843e-02, -3.5928e-02, +2.3934e-04, +3.1690e-02, -4.4753e-02, +2.3505e-02, -2.3100e-02, -4.2069e-02, -2.1013e-02, -2.8606e-02, +4.3454e-03, +2.2704e-02, +4.4171e-02, +5.9051e-02, -1.3495e-02, +5.7061e-03, +5.2213e-02, -9.4860e-03, +3.0815e-02, -1.3309e-02, +5.5062e-02, -2.7109e-02, +1.7156e-02, +5.2890e-02, +4.1664e-02, -6.9361e-02, +2.6056e-02, +2.2136e-02, +2.0896e-02, +3.4310e-02, +5.3260e-02, +6.7931e-02, +4.1117e-02, +2.3397e-02, -9.0387e-02, +4.9897e-02, +6.5935e-02, +9.0933e-02, -8.3242e-02, -6.2349e-02
+7.2683e-02, -3.2155e-02, -1.0000e+00, +1.0225e-01, +3.0313e-02, -4.1067e-02, -3.8855e-02, +1.6741e-02, +5.5996e-04, +7.2939e-02, -1.7228e-02, +7.4941e-03, -1.2903e-02, +3.7422e-02, +4.4187e-02, -5.1920e-02, -4.1451e-02, -3.3059e-02, +1.6679e-02, -7.2825e-02, -4.3174e-02, +4.4849e-03, +2.4726e-02, -2.3818e-02, -2.3332e-02, +4.9674e-02, -2.4901e-02, -8.7940e-02, -2.4942e-02, +3.7191e-03, +3.1337e-02, +7.7286e-03, +5.6968e-02, -5.4200e-02, -1.1621e-02, -1.3856e-02, -8.4950e-02, +5.3957e-02, -8.2710e-03, +2.8908e-03, +2.6256e-02, +6.1309e-02, +5.7202e-03, -1.2906e-02, +5.4724e-03, -5.0112e-02, +1.5194e-02, +1.9188e-02, -2.7214e-02, -9.3746e-02
-8.3634e-02, -3.7909e-02, +1.0225e-01, -1.0000e+00, -2.9734e-02, -7.9839e-02, +1.5705e-02, -2.2995e-02, +3.1677e-02, +5.2653e-02, -8.4776e-02, -3.9682e-02, -7.8445e-02, -2.0258e-02, -1.6584e-03, -2.6339e-02, -1.4779e-01, -2.7722e-02, -2.1262e-02, +2.8290e-02, +6.4910e-02, +7.1829e-02, +2.2195e-01, -7.8455e-02, -1.5883e-01, -7.4621e-02, -1.6912e-02, -1.4272e-01, -9.8609e-02, -1.0435e-01, -4.8849e-02, +5.6665e-03, +3.8350e-02, -5.1028e-02, -1.7620e-02, -5.1495e-02, -2.6559e-02, +4.9227e-03, -2.8662e-02, -1.6840e-02, +5.2265e-02, +2.8936e-02, -7.1013e-03, -3.1280e-03, -3.9702e-02, -1.0062e-01, -3.2192e-02, +9.4354e-02, +2.4115e-02, -8.1113e-02
+6.3474e-02, +5.1989e-02, +3.0313e-02, -2.9734e-02, -1.0000e+00, -1.3538e-03, +2.8528e-02, -3.3635e-02, +6.2646e-02, +1.7364e-02, -2.7652e-02, -7.9997e-02, -2.9757e-04, +4.6048e-02, -2.0731e-02, -3.4398e-02, -4.5679e-02, +9.2551e-03, -1.2047e-02, -1.1963e-02, +2.3651e-02, +7.4996e-02, +4.0987e-02, -8.8521e-02, +4.0419e-02, +1.0041e-02, -9.5367e-02, -1.1808e-01, -7.2731e-02, -9.2085e-02, -4.5620e-05, +8.5134e-05, +3.5255e-02, -1.1582e-02, +3.0814e-03, -1.3119e-02, +2.8792e-02, +7.3381e-02, -8.1252e-02, -6.7306e-03, -1.1984e-02, +6.0043e-02, -1.9287e-02, -6.2568e-02, +3.5749e-02, -1.7015e-02, +1.1288e-02, +5.6374e-02, -4.2856e-02, +6.1009e-03
-3.2935e-02, +3.6326e-02, -4.1067e-02, -7.9839e-02, -1.3538e-03, -1.0000e+00, +4.5906e-02, -1.3850e-02, +4.2547e-02, +4.9922e-02, -6.9588e-02, +2.6739e-02, +1.9578e-02, -1.0516e-02, -6.1846e-02, +1.0385e-02, -6.9806e-02, -2.6697e-02, -2.8602e-02, +2.2288e-03, +1.1801e-02, -2.5831e-02, +7.2835e-02, -2.0248e-02, -1.5223e-02, +2.0614e-02, -6.3872e-02, -1.4341e-01, -7.5869e-02, -1.8083e-02, -6.0078e-02, -4.6673e-02, +2.3730e-02, +2.5714e-02, +2.4438e-02, -4.0535e-03, +6.0916e-02, +2.3537e-02, -4.5487e-02, -4.7080e-02, -4.2191e-02, -6.7355e-02, +4.1745e-03, -2.2823e-02, +3.5644e-02, +3.4112e-02, -7.8148e-02, -1.6631e-03, +6.6860e-02, -7.3116e-03
-5.9046e-02, +3.3903e-02, -3.8855e-02, +1.5705e-02, +2.8528e-02, +4.5906e-02, -1.0000e+00, +4.6775e-02, -1.2251e-02, +2.0787e-02, +1.5417e-02, +6.2729e-03, +7.8720e-03, -4.9021e-02, -9.4365e-03, -1.1760e-02, -6.1566e-02, +1.8225e-02, +2.3516e-02, -1.0852e-02, -9.4835e-03, +2.0419e-02, +6.4210e-02, +7.7232e-02, +1.0930e-02, +4.7626e-02, +4.0920e-03, -5.2395e-02, +1.1272e-02, +2.0033e-02, +3.1493e-02, +3.6086e-02, -2.4712e-02, -8.1970e-03, -1.2299e-02, -2.1324e-02, +3.4058e-02, -4.9727e-02, +4.1518e-02, +2.7857e-02, +1.4373e-02, +4.1700e-02, +3.8524e-02, -4.6202e-02, -8.2389e-02, -2.1289e-02, +1.5360e-02, -1.1648e-02, +1.0935e-02, -2.2057e-02
-1.5176e-02, +5.4135e-02, +1.6741e-02, -2.2995e-02, -3.3635e-02, -1.3850e-02, +4.6775e-02, -1.0000e+00, -6.9396e-02, +4.1579e-02, +1.8124e-02, +3.6053e-03, +4.7826e-02, +1.6285e-03, -2.4628e-02, +2.5805e-02, -6.5066e-02, -7.0634e-02, +2.9469e-02, +7.5634e-02, +4.0386e-03, +8.3995e-02, +9.6694e-02, +4.9565e-02, -1.5074e-02, +1.8073e-02, -3.4318e-02, -6.0374e-02, -3.8809e-02, -3.3330e-03, -3.9589e-02, -2.2127e-02, +2.1994e-02, +2.5851e-02, +5.6030e-02, -8.2271e-02, +1.2311e-03, -7.7400e-02, -7.5817e-02, +6.0796e-03, -5.4049e-02, +2.8300e-02, +3.7034e-02, +4.8442e-03, -1.4037e-01, +1.1851e-01, -1.5831e-02, +3.0215e-02, +3.7364e-02, -4.1677e-02
-1.1014e-01, -2.3072e-02, +5.5996e-04, +3.1677e-02, +6.2646e-02, +4.2547e-02, -1.2251e-02, -6.9396e-02, -1.0000e+00, +8.3440e-03, +9.7657e-02, +1.3891e-02, +8.2946e-03, +2.6380e-02, +2.4659e-02, -1.4364e-03, +5.9789e-02, +5.4596e-02, +5.3425e-02, -6.2884e-02, +1.6759e-02, -2.9817e-02, -1.3930e-02, -6.0061e-03, -8.3038e-02, +4.6846e-02, +5.0631e-02, -1.0181e-02, +8.4640e-02, +7.7348e-03, +9.8330e-02, -1.9357e-02, +3.4657e-03, -1.5856e-02, +1.3923e-03, +3.5664e-02, +4.9589e-02, +3.2661e-02, +4.5899e-02, +3.6823e-03, +3.9928e-02, -1.8721e-02, +9.8174e-03, +5.3840e-02, -2.2430e-02, -5.9178e-02, -1.6678e-02, +6.9318e-04, -3.8013e-02, -1.9458e-02
-2.3692e-02, +4.9863e-02, +7.2939e-02, +5.2653e-02, +1.7364e-02, +4.9922e-02, +2.0787e-02, +4.1579e-02, +8.3440e-03, -1.0000e+00, -1.5013e-01, +1.0289e-01, +2.0189e-02, -5.1336e-03, +8.2908e-02, -1.6169e-02, +2.2113e-01, +5.5667e-02, +2.7378e-02, -1.5713e-02, +2.2940e-05, -7.5735e-02, +1.2504e-01, -1.6788e-01, +7.3043e-02, +7.3953e-02, -2.6499e-02, +9.2736e-02, +8.2123e-02, -3.2696e-02, -7.8000e-02, -2.0805e-02, +1.7623e-02, -2.7618e-03, +1.0549e-02, +4.9349e-02, +1.1603e-02, +3.5468e-02, +1.8716e-02, +1.6091e-02, +4.5567e-02, +1.2600e-01, +3.9199e-03, +1.7131e-01, +1.2616e-01, +5.9574e-02, +9.7004e-02, +7.1155e-02, +1.5092e-02, +1.4814e-02
-1.6299e-02, +6.8843e-02, -1.7228e-02, -8.4776e-02, -2.7652e-02, -6.9588e-02, +1.5417e-02, +1.8124e-02, +9.7657e-02, -1.5013e-01, -1.0000e+00, -5.4678e-03, -7.6966e-03, -1.8474e-04, -2.2908e-03, -6.2261e-02, -1.0163e-01, -8.2630e-02, -4.6878e-02, +1.1855e-02, +2.6408e-02, +1.1387e-01, +1.9703e-01, +8.9707e-03, -2.2033e-02, -7.4431e-02, -4.6083e-02, -9.9753e-02, -1.7786e-01, -5.3494e-02, -8.5011e-02, -1.9952e-02, +9.7544e-03, -3.0036e-02, -2.6064e-02, -6.1627e-02, +5.0038e-03, -2.9890e-02, -4.8221e-02, -2.8021e-02, -4.0191e-02, -1.8579e-03, -3.2783e-04, -1.1369e-01, -4.1955e-02, +2.9994e-02, -5.0161e-02, +1.1383e-01, +1.7485e-02, +1.1178e-02
-6.9677e-02, -3.5928e-02, +7.4941e-03, -3.9682e-02, -7.9997e-02, +2.6739e-02, +6.2729e-03, +3.6053e-03, +1.3891e-02, +1.0289e-01, -5.4678e-03, -1.0000e+00, +3.9269e-02, +5.5990e-04, -2.5361e-02, -3.9507e-02, -3.8661e-02, -1.9932e-03, -5.2441e-02, +9.1117e-02, +1.0644e-02, +5.8764e-02, +4.7208e-02, -1.2423e-02, -3.1916e-02, -3.6531e-02, +3.4399e-03, -3.6396e-02, -1.5167e-02, +5.1667e-02, +1.9982e-02, +2.0597e-02, +6.5940e-02, +2.4703e-02, +1.4808e-02, -6.0377e-02, -7.0760e-02, +3.6163e-02, -7.0708e-02, +5.5505e-03, -1.1770e-02, +4.5482e-02, +6.0509e-02, +5.3572e-02, -6.4666e-02, -2.8741e-02, -1.5433e-02, -4.5883e-02, +7.6621e-02, -1.0150e-01
+2.7431e-02, +2.3934e-04, -1.2903e-02, -7.8445e-02, -2.9758e-04, +1.9578e-02, +7.8720e-03, +4.7826e-02, +8.2946e-03, +2.0189e-02, -7.6966e-03, +3.9269e-02, -1.0000e+00, -5.1504e-02, +1.8410e-02, +5.5153e-02, -5.5615e-02, +1.8165e-02, +1.8049e-02, -5.1274e-03, -1.3696e-03, -7.9028e-03, +8.2205e-02, +7.3778e-02, -1.1287e-01, -8.7650e-02, +8.5430e-03, -4.2488e-02, +5.2524e-02, -1.5186e-02, +2.5249e-02, -2.2252e-02, +2.3591e-02, +1.7051e-02, +1.9770e-02, -5.7214e-02, +6.3110e-02, -6.1126e-03, +2.9132e-02, -2.6400e-02, +7.2719e-03, -8.0386e-03, +2.8856e-02, -5.0884e-02, -1.2195e-01, -1.4783e-02, +3.0134e-03, +1.4727e-02, -2.2914e-02, -3.2533e-02
-3.9483e-02, +3.1690e-02, +3.7422e-02, -2.0258e-02, +4.6048e-02, -1.0516e-02, -4.9021e-02, +1.6285e-03, +2.6380e-02, -5.1336e-03, -1.8474e-04, +5.5990e-04, -5.1504e-02, -1.0000e+00, -2.3806e-02, -2.0763e-02, -4.3347e-03, -2.1760e-02, +1.0395e-02, +4.0048e-02, +4.9155e-03, -1.8186e-02, +3.5803e-02, -4.9817e-02, -1.0830e-02, -1.7041e-02, -2.8330e-02, -5.1984e-02, +6.7354e-02, -1.4258e-02, -3.5830e-02, -6.7362e-02, -3.8961e-02, -2.5346e-02, -1.2300e-02, -4.0281e-02, -4.2217e-02, -1.2540e-02, +1.1432e-02, +2.4459e-02, -1.7640e-02, +2.3333e-02, +1.0381e-02, +9.5725e-03, +2.3290e-02, -1.0692e-02, -1.7846e-02, -6.8269e-02, -4.5193e-02, -5.2013e-03
+3.0972e-02, -4.4753e-02, +4.4187e-02, -1.6584e-03, -2.0731e-02, -6.1846e-02, -9.4365e-03, -2.4628e-02, +2.4659e-02, +8.2908e-02, -2.2908e-03, -2.5361e-02, +1.8410e-02, -2.3806e-02, -1.0000e+00, -5.3156e-02, -4.1543e-02, -5.3865e-03, -8.4322e-02, +1.0203e-02, +2.0576e-02, +4.4671e-02, +3.8757e-02, -6.1519e-02, -3.8315e-02, +4.9383e-02, -7.4767e-02, -6.9793e-02, -6.8777e-02, -3.3290e-02, -1.9357e-02, +1.0638e-02, -3.6008e-02, -1.3408e-02, -7.6917e-03, -4.5958e-04, +2.5367e-02, +2.8685e-02, -5.5898e-02, +9.3279e-03, +1.0521e-02, -4.7825e-02, +3.6251e-02, -7.3898e-03, -9.7738e-02, +2.0396e-02, +3.1411e-02, +1.0098e-01, -3.5789e-02, -2.2705e-02
-1.9402e-03, +2.3505e-02, -5.1920e-02, -2.6339e-02, -3.4398e-02, +1.0385e-02, -1.1760e-02, +2.5805e-02, -1.4364e-03, -1.6169e-02, -6.2261e-02, -3.9507e-02, +5.5153e-02, -2.0763e-02, -5.3156e-02, -1.0000e+00, +1.2412e-02, +2.2505e-02, -9.5864e-03, -2.7331e-02, +3.3877e-02, +3.5196e-02, -1.0370e-01, +1.4231e-02, -6.4055e-04, -1.0750e-02, -7.5180e-02, +3.4641e-02, +4.7013e-02, +4.6227e-05, +6.3253e-03, +6.9612e-03, -8.5447e-04, -1.4705e-02, -2.4696e-02, +2.3320e-02, -9.0547e-02, +3.0132e-02, -4.5036e-03, -5.5997e-02, +7.0954e-04, +6.0620e-02, +1.5986e-03, +9.4776e-03, +3.6422e-02, -2.1474e-02, -3.6500e-02, +2.6504e-02, +2.0868e-02, +1.0396e-01
-1.2092e-02, -2.3100e-02, -4.1451e-02, -1.4779e-01, -4.5679e-02, -6.9806e-02, -6.1566e-02, -6.5066e-02, +5.9789e-02, +2.2113e-01, -1.0163e-01, -3.8661e-02, -5.5615e-02, -4.3347e-03, -4.1543e-02, +1.2412e-02, -1.0000e+00, -9.3679e-02, -1.7588e-01, +4.7820e-02, -4.8689e-02, -3.6299e-03, +5.0240e-01, -2.3883e-02, -1.4700e-01, -4.3302e-02, -4.9054e-02, -2.6604e-01, -1.6634e-01, -9.8258e-02, -3.8671e-02, +2.3744e-02, +5.0394e-02, -4.6633e-02, +3.3354e-02, -1.8337e-01, -1.2606e-02, -5.2053e-02, -8.2507e-02, -3.8406e-02, -3.2802e-02, +1.0321e-01, -6.7048e-02, -7.6692e-02, -1.6884e-01, -4.7153e-02, -1.0419e-01, +2.6730e-01, +8.4001e-02, -4.7465e-02
-5.4831e-02, -4.2069e-02, -3.3059e-02, -2.7722e-02, +9.2551e-03, -2.6697e-02, +1.8225e-02, -7.0634e-02, +5.4596e-02, +5.5667e-02, -8.2630e-02, -1.9932e-03, +1.8165e-02, -2.1760e-02, -5.3865e-03, +2.2505e-02, -9.3679e-02, -1.0000e+00, +3.5725e-02, -1.1993e-02, -3.1902e-02, +2.6559e-02, +1.3820e-01, +4.1409e-02, -2.2200e-02, -5.2259e-02, +5.9442e-03, -1.2045e-01, -1.3503e-01, -3.0184e-02, -4.4971e-02, +2.8627e-02, +1.7832e-02, +5.8361e-02, -1.7451e-02, -7.2633e-02, -7.8026e-03, -3.7984e-02, -3.7744e-02, -5.7797e-02, -3.4552e-02, +1.0579e-02, +1.2946e-02, -8.0004e-02, -5.3883e-02, +5.9664e-02, -1.1878e-01, +9.2467e-02, -4.4275e-02, -9.7526e-03
-1.1961e-02, -2.1013e-02, +1.6679e-02, -2.1262e-02, -1.2047e-02, -2.8602e-02, +2.3516e-02, +2.9469e-02, +5.3425e-02, +2.7378e-02, -4.6878e-02, -5.2441e-02, +1.8049e-02, +1.0395e-02, -8.4322e-02, -9.5864e-03, -1.7588e-01, +3.5725e-02, -1.0000e+00, -3.7760e-02, -9.9055e-03, -3.2980e-02, +2.3204e-01, -7.6828e-02, -6.3203e-04, -2.4380e-02, -4.4009e-02, -1.0580e-01, -3.1627e-02, -4.2763e-02, -4.0223e-02, -5.7948e-03, +6.4106e-02, -1.9219e-02, -3.1591e-02, -5.9753e-02, +1.4539e-03, -1.5675e-02, -6.9348e-02, +3.1889e-02, +3.4606e-02, -2.7974e-02, -3.8010e-02, -7.4801e-03, -4.8686e-02, -9.2150e-02, -3.1799e-02, +1.2235e-01, -5.6078e-03, -3.2383e-02
+5.6324e-03, -2.8606e-02, -7.2825e-02, +2.8290e-02, -1.1963e-02, +2.2288e-03, -1.0852e-02, +7.5634e-02, -6.2884e-02, -1.5713e-02, +1.1855e-02, +9.1117e-02, -5.1274e-03, +4.0048e-02, +1.0203e-02, -2.7331e-02, +4.7820e-02, -1.1993e-02, -3.7760e-02, -1.0000e+00, -1.0529e-01, -7.3051e-02, -4.8743e-02, +1.4877e-02, -5.3977e-03, +3.8460e-02, +4.6589e-02, +9.4921e-03, +7.7085e-02, +1.1735e-02, +2.3852e-02, -8.0342e-02, -1.8484e-02, +2.9077e-04, +4.7388e-02, +8.9220e-03, +5.1429e-02, +2.0294e-02, +6.0891e-02, -3.3169e-02, +4.5711e-02, +1.1347e-01, -9.6541e-02, -3.2558e-02, +2.5357e-02, +4.0311e-02, -4.6374e-02, +1.5097e-01, -4.4520e-03, -6.6236e-02
+5.4034e-02, +4.3454e-03, -4.3174e-02, +6.4910e-02, +2.3651e-02, +1.1801e-02, -9.4835e-03, +4.0386e-03, +1.6759e-02, +2.2940e-05, +2.6408e-02, +1.0644e-02, -1.3696e-03, +4.9155e-03, +2.0576e-02, +3.3877e-02, -4.8689e-02, -3.1902e-02, -9.9055e-03, -1.0529e-01, -1.0000e+00, -4.2850e-02, -1.3067e-01, +4.8182e-02, +1.0650e-01, +3.0434e-02, +1.4895e-02, +3.6087e-02, +7.2840e-02, +2.2200e-02, +2.4418e-02, -1.8566e-02, +2.0127e-02, +3.6375e-02, +5.0784e-02, +6.6056e-02, +5.8060e-02, -4.6729e-02, +7.0521e-02, +3.5210e-03, +1.9415e-02, -3.6475e-02, -5.1897e-02, +3.5887e-02, +1.6405e-02, +2.0243e-02, -3.8335e-02, -5.9773e-02, +2.8697e-02, +1.3421e-02
+5.9212e-02, +2.2704e-02, +4.4849e-03, +7.1829e-02, +7.4996e-02, -2.5831e-02, +2.0419e-02, +8.3995e-02, -2.9817e-02, -7.5735e-02, +1.1387e-01, +5.8764e-02, -7.9028e-03, -1.8186e-02, +4.4671e-02, +3.5196e-02, -3.6299e-03, +2.6559e-02, -3.2980e-02, -7.3051e-02, -4.2850e-02, -1.0000e+00, -4.1369e-02, +3.2537e-02, +1.1651e-02, +3.9009e-03, +8.4948e-02, +4.4703e-02, +9.6087e-02, +6.1108e-03, +6.2554e-02, +1.4635e-02, -8.2976e-02, -8.8649e-02, +3.6030e-02, -8.0484e-02, +1.1095e-01, -1.6208e-02, +6.1564e-02, +1.0852e-01, +2.6211e-02, -6.5125e-02, -3.1744e-02, -5.7406e-02, +2.8116e-02, -4.3691e-02, +7.1943e-03, +5.5644e-02, -8.1089e-02, +4.2248e-02
+1.8524e-01, +4.4171e-02, +2.4726e-02, +2.2195e-01, +4.0987e-02, +7.2835e-02, +6.4210e-02, +9.6694e-02, -1.3930e-02, +1.2504e-01, +1.9703e-01, +4.7208e-02, +8.2205e-02, +3.5803e-02, +3.8757e-02, -1.0370e-01, +5.0240e-01, +1.3820e-01, +2.3204e-01, -4.8743e-02, -1.3067e-01, -4.1369e-02, -1.0000e+00, +1.2646e-01, +2.8517e-01, +4.9764e-02, +4.6288e-02, +4.5524e-01, +2.6830e-01, +2.4198e-01, +2.8390e-02, -7.4338e-02, -9.9268e-02, +1.7082e-02, -5.4348e-03, +2.7652e-01, +2.6853e-02, +1.4228e-01, +1.5645e-01, +2.0534e-02, +1.9290e-02, -8.8278e-02, +7.4943e-03, +1.6170e-01, +2.9069e-01, +3.1306e-02, +1.2851e-01, -4.3061e-01, -1.0049e-02, +1.1967e-01
-2.5179e-02, +5.9051e-02, -2.3818e-02, -7.8455e-02, -8.8521e-02, -2.0248e-02, +7.7232e-02, +4.9565e-02, -6.0061e-03, -1.6788e-01, +8.9707e-03, -1.2423e-02, +7.3778e-02, -4.9817e-02, -6.1519e-02, +1.4231e-02, -2.3883e-02, +4.1409e-02, -7.6828e-02, +1.4877e-02, +4.8182e-02, +3.2537e-02, +1.2646e-01, -1.0000e+00, -1.6411e-02, -8.1069e-02, -1.4638e-01, -2.5686e-02, +1.7244e-02, -9.7847e-02, -1.0642e-01, +7.1137e-04, +3.3658e-03, +6.7855e-03, -7.5908e-03, +5.5496e-02, +4.5403e-03, -3.4407e-02, -6.8353e-02, +3.4366e-02, +1.9213e-03, +3.4162e-02, -2.2035e-02, +3.5956e-02, +1.2996e-01, -9.3306e-02, -6.1009e-02, +1.4497e-02, +7.3054e-02, -1.4712e-02
-8.2616e-02, -1.3495e-02, -2.3332e-02, -1.5883e-01, +4.0419e-02, -1.5223e-02, +1.0930e-02, -1.5074e-02, -8.3038e-02, +7.3043e-02, -2.2033e-02, -3.1916e-02, -1.1287e-01, -1.0830e-02, -3.8315e-02, -6.4054e-04, -1.4700e-01, -2.2200e-02, -6.3203e-04, -5.3977e-03, +1.0650e-01, +1.1651e-02, +2.8517e-01, -1.6411e-02, -1.0000e+00, +3.5260e-02, +5.5576e-02, -1.1678e-01, -3.6477e-02, -1.7534e-02, -1.8257e-02, +2.1281e-02, +8.4288e-02, -4.2387e-02, -6.6770e-03, -1.3327e-01, -2.0763e-03, -5.2716e-02, -4.3413e-02, +3.7697e-02, +2.9040e-02, -5.5358e-02, +3.9402e-02, +9.8725e-03, -1.2588e-01, -3.5446e-02, -2.5145e-02, +1.4884e-01, +1.3286e-03, -1.1571e-01
-6.5626e-02, +5.7061e-03, +4.9674e-02, -7.4621e-02, +1.0041e-02, +2.0614e-02, +4.7626e-02, +1.8073e-02, +4.6846e-02, +7.3953e-02, -7.4431e-02, -3.6531e-02, -8.7650e-02, -1.7041e-02, +4.9383e-02, -1.0750e-02, -4.3302e-02, -5.2259e-02, -2.4380e-02, +3.8460e-02, +3.0434e-02, +3.9009e-03, +4.9764e-02, -8.1069e-02, +3.5260e-02, -1.0000e+00, -9.2478e-02, -6.1065e-02, -6.1202e-02, -7.4136e-02, -1.9124e-02, +4.5204e-02, +4.8026e-02, -4.0433e-02, +2.1854e-02, -4.3475e-02, -3.4203e-02, -2.7801e-02, -2.6709e-02, -4.8032e-02, -5.8871e-02, -3.7284e-02, -5.2373e-03, -3.5625e-02, -3.1321e-02, -4.0780e-02, -3.4979e-02, +2.7924e-02, +1.3844e-02, +1.7406e-02
-1.3302e-03, +5.2213e-02, -2.4901e-02, -1.6912e-02, -9.5367e-02, -6.3872e-02, +4.0920e-03, -3.4318e-02, +5.0631e-02, -2.6499e-02, -4.6083e-02, +3.4399e-03, +8.5430e-03, -2.8330e-02, -7.4767e-02, -7.5180e-02, -4.9054e-02, +5.9442e-03, -4.4009e-02, +4.6589e-02, +1.4895e-02, +8.4948e-02, +4.6288e-02, -1.4638e-01, +5.5576e-02, -9.2478e-02, -1.0000e+00, -8.4806e-02, -1.1966e-01, -9.0551e-02, -5.1948e-02, +2.7169e-02, +6.4125e-02, +3.1723e-02, +9.6104e-03, +2.4902e-03, +1.7263e-02, -2.9109e-02, -8.0941e-02, -1.2617e-02, -4.3274e-02, -2.1243e-02, -1.9592e-02, -2.1891e-02, +4.6320e-02, -7.5141e-02, -5.3231e-02, -7.6613e-02, +5.9199e-02, -3.8486e-02
-1.2379e-01, -9.4860e-03, -8.7940e-02, -1.4272e-01, -1.1808e-01, -1.4341e-01, -5.2395e-02, -6.0374e-02, -1.0181e-02, +9.2736e-02, -9.9753e-02, -3.6396e-02, -4.2488e-02, -5.1984e-02, -6.9793e-02, +3.4641e-02, -2.6604e-01, -1.2045e-01, -1.0580e-01, +9.4921e-03, +3.6087e-02, +4.4703e-02, +4.5524e-01, -2.5686e-02, -1.1678e-01, -6.1065e-02, -8.4806e-02, -1.0000e+00, -1.5824e-01, -1.1180e-01, -3.2093e-02, +9.8098e-02, +8.3947e-02, -8.5490e-03, -6.5500e-04, -2.0776e-01, +2.4369e-02, -6.3281e-02, -8.9023e-02, -4.4127e-02, -5.6741e-02, +2.2528e-02, +7.5091e-03, -1.6728e-01, -1.2964e-01, -2.7909e-02, -1.7194e-01, +2.2006e-01, +1.2389e-02, -1.0677e-01
-1.5520e-02, +3.0815e-02, -2.4942e-02, -9.8609e-02, -7.2731e-02, -7.5869e-02, +1.1272e-02, -3.8809e-02, +8.4640e-02, +8.2123e-02, -1.7786e-01, -1.5167e-02, +5.2524e-02, +6.7354e-02, -6.8777e-02, +4.7013e-02, -1.6634e-01, -1.3503e-01, -3.1627e-02, +7.7085e-02, +7.2840e-02, +9.6087e-02, +2.6830e-01, +1.7244e-02, -3.6477e-02, -6.1202e-02, -1.1966e-01, -1.5824e-01, -1.0000e+00, -3.1405e-02, -1.0400e-01, +5.1529e-02, +5.1322e-02, -4.0439e-02, -4.2158e-02, -7.4179e-02, +1.3836e-02, -1.2197e-01, -8.9275e-02, -1.6728e-02, -1.0166e-01, +4.2560e-02, -1.4384e-02, -8.9061e-02, -7.2912e-02, +2.7981e-02, -1.0590e-01, +1.4422e-01, +2.2498e-02, -1.1946e-02
-1.1026e-01, -1.3309e-02, +3.7191e-03, -1.0435e-01, -9.2085e-02, -1.8083e-02, +2.0033e-02, -3.3330e-03, +7.7348e-03, -3.2696e-02, -5.3494e-02, +5.1667e-02, -1.5186e-02, -1.4258e-02, -3.3290e-02, +4.6217e-05, -9.8258e-02, -3.0184e-02, -4.2763e-02, +1.1735e-02, +2.2200e-02, +6.1108e-03, +2.4198e-01, -9.7847e-02, -1.7534e-02, -7.4136e-02, -9.0551e-02, -1.1180e-01, -3.1405e-02, -1.0000e+00, -1.0054e-03, +1.3004e-02, +3.5777e-02, -2.3277e-04, +4.0521e-02, -1.3201e-01, +4.6725e-02, -8.6195e-03, -1.0511e-01, -4.2010e-02, +1.2612e-02, +3.8032e-02, -1.8958e-02, -1.3410e-01, +1.9626e-02, -3.3903e-02, -1.0232e-01, +8.0746e-02, -3.1983e-02, +2.0812e-02
+6.8903e-02, +5.5062e-02, +3.1337e-02, -4.8849e-02, -4.5605e-05, -6.0078e-02, +3.1493e-02, -3.9589e-02, +9.8330e-02, -7.8000e-02, -8.5011e-02, +1.9982e-02, +2.5249e-02, -3.5830e-02, -1.9357e-02, +6.3253e-03, -3.8671e-02, -4.4971e-02, -4.0223e-02, +2.3852e-02, +2.4418e-02, +6.2554e-02, +2.8390e-02, -1.0642e-01, -1.8257e-02, -1.9124e-02, -5.1948e-02, -3.2093e-02, -1.0400e-01, -1.0053e-03, -1.0000e+00, +2.2915e-02, -1.5127e-02, +1.0834e-02, +1.3295e-02, +2.1382e-02, +2.8102e-02, -2.3983e-02, -8.8333e-02, -2.5667e-02, -5.1454e-02, -1.1135e-02, -1.2974e-02, -2.7445e-02, -1.9092e-04, -4.8303e-02, -2.0294e-02, +3.7654e-02, +6.2713e-02, -4.6554e-02
+3.6181e-02, -2.7109e-02, +7.7286e-03, +5.6665e-03, +8.5130e-05, -4.6673e-02, +3.6086e-02, -2.2127e-02, -1.9357e-02, -2.0805e-02, -1.9952e-02, +2.0597e-02, -2.2252e-02, -6.7362e-02, +1.0638e-02, +6.9612e-03, +2.3744e-02, +2.8627e-02, -5.7948e-03, -8.0342e-02, -1.8566e-02, +1.4635e-02, -7.4338e-02, +7.1136e-04, +2.1281e-02, +4.5204e-02, +2.7169e-02, +9.8098e-02, +5.1529e-02, +1.3004e-02, +2.2915e-02, -1.0000e+00, -2.8496e-02, -4.6305e-02, +3.0736e-02, +1.2023e-02, +4.1977e-02, +4.9496e-02, +2.5709e-02, -1.1541e-02, +4.4431e-02, +4.8454e-02, -6.3416e-03, +5.9252e-02, +1.5215e-02, +1.8919e-02, +2.4293e-02, -7.4626e-02, -2.4339e-03, +6.2271e-02
+3.5595e-02, +1.7156e-02, +5.6968e-02, +3.8350e-02, +3.5255e-02, +2.3730e-02, -2.4712e-02, +2.1994e-02, +3.4657e-03, +1.7623e-02, +9.7544e-03, +6.5940e-02, +2.3591e-02, -3.8961e-02, -3.6008e-02, -8.5446e-04, +5.0394e-02, +1.7832e-02, +6.4106e-02, -1.8484e-02, +2.0127e-02, -8.2976e-02, -9.9268e-02, +3.3658e-03, +8.4288e-02, +4.8026e-02, +6.4125e-02, +8.3947e-02, +5.1322e-02, +3.5777e-02, -1.5127e-02, -2.8496e-02, -1.0000e+00, -1.3092e-02, +3.8317e-02, +9.3239e-02, -2.9250e-02, -3.6601e-02, +2.1300e-02, -3.4610e-02, -1.7701e-02, -7.3108e-02, +5.0256e-02, +2.2960e-02, +4.1226e-02, +6.7182e-02, +6.7975e-02, +7.8453e-02, -7.0591e-02, -6.6138e-02
+5.2443e-02, +5.2890e-02, -5.4200e-02, -5.1028e-02, -1.1582e-02, +2.5714e-02, -8.1970e-03, +2.5851e-02, -1.5856e-02, -2.7618e-03, -3.0036e-02, +2.4703e-02, +1.7051e-02, -2.5346e-02, -1.3408e-02, -1.4705e-02, -4.6633e-02, +5.8361e-02, -1.9219e-02, +2.9078e-04, +3.6375e-02, -8.8649e-02, +1.7082e-02, +6.7855e-03, -4.2387e-02, -4.0433e-02, +3.1723e-02, -8.5490e-03, -4.0439e-02, -2.3277e-04, +1.0835e-02, -4.6305e-02, -1.3092e-02, -1.0000e+00, +2.6198e-02, -6.8924e-02, +1.5705e-02, +1.1720e-02, -1.5726e-02, -2.7510e-02, -1.7904e-02, -1.0491e-03, -7.7604e-02, +1.2209e-02, +2.8240e-02, -4.1507e-03, +1.2426e-02, -1.5979e-02, -4.2713e-02, +1.3530e-02
-2.2289e-02, +4.1664e-02, -1.1621e-02, -1.7620e-02, +3.0814e-03, +2.4438e-02, -1.2299e-02, +5.6030e-02, +1.3923e-03, +1.0549e-02, -2.6064e-02, +1.4808e-02, +1.9770e-02, -1.2300e-02, -7.6917e-03, -2.4696e-02, +3.3354e-02, -1.7451e-02, -3.1591e-02, +4.7388e-02, +5.0784e-02, +3.6030e-02, -5.4348e-03, -7.5908e-03, -6.6770e-03, +2.1854e-02, +9.6105e-03, -6.5500e-04, -4.2158e-02, +4.0521e-02, +1.3295e-02, +3.0736e-02, +3.8317e-02, +2.6198e-02, -1.0000e+00, -3.7753e-03, -3.9680e-02, +1.0589e-02, +5.2055e-02, -1.4340e-02, +4.5000e-03, -1.4535e-02, +4.1133e-02, +7.7759e-03, +3.1284e-02, -6.2915e-02, -1.8211e-02, -1.4888e-02, +8.2936e-03, +4.9491e-02
-7.8907e-02, -6.9361e-02, -1.3856e-02, -5.1495e-02, -1.3119e-02, -4.0535e-03, -2.1324e-02, -8.2271e-02, +3.5664e-02, +4.9349e-02, -6.1627e-02, -6.0377e-02, -5.7214e-02, -4.0281e-02, -4.5958e-04, +2.3320e-02, -1.8337e-01, -7.2633e-02, -5.9753e-02, +8.9220e-03, +6.6056e-02, -8.0484e-02, +2.7652e-01, +5.5496e-02, -1.3327e-01, -4.3475e-02, +2.4902e-03, -2.0776e-01, -7.4179e-02, -1.3201e-01, +2.1382e-02, +1.2023e-02, +9.3239e-02, -6.8924e-02, -3.7753e-03, -1.0000e+00, -4.1505e-02, -3.5375e-02, -8.1956e-02, -5.8266e-02, -5.4264e-02, -8.7614e-02, +1.5746e-02, -3.9667e-02, -9.9084e-02, +5.8297e-02, -8.6432e-02, +1.5599e-01, -2.8215e-02, +1.0802e-02
+4.4141e-02, +2.6056e-02, -8.4950e-02, -2.6559e-02, +2.8792e-02, +6.0916e-02, +3.4058e-02, +1.2311e-03, +4.9589e-02, +1.1603e-02, +5.0038e-03, -7.0760e-02, +6.3110e-02, -4.2217e-02, +2.5367e-02, -9.0547e-02, -1.2606e-02, -7.8026e-03, +1.4539e-03, +5.1429e-02, +5.8060e-02, +1.1095e-01, +2.6853e-02, +4.5403e-03, -2.0763e-03, -3.4203e-02, +1.7263e-02, +2.4369e-02, +1.3836e-02, +4.6725e-02, +2.8102e-02, +4.1977e-02, -2.9250e-02, +1.5705e-02, -3.9680e-02, -4.1505e-02, -1.0000e+00, +2.3462e-02, -8.0912e-03, -5.2181e-03, +2.9146e-02, -5.3560e-02, -3.8652e-02, +6.0137e-02, -2.7029e-02, -1.1821e-02, +1.0159e-02, +9.6550e-02, +3.7505e-02, -4.0764e-02
+2.0287e-02, +2.2136e-02, +5.3957e-02, +4.9227e-03, +7.3381e-02, +2.3537e-02, -4.9726e-02, -7.7400e-02, +3.2661e-02, +3.5468e-02, -2.9890e-02, +3.6163e-02, -6.1126e-03, -1.2540e-02, +2.8685e-02, +3.0132e-02, -5.2053e-02, -3.7984e-02, -1.5675e-02, +2.0294e-02, -4.6729e-02, -1.6208e-02, +1.4228e-01, -3.4407e-02, -5.2716e-02, -2.7801e-02, -2.9109e-02, -6.3281e-02, -1.2197e-01, -8.6195e-03, -2.3983e-02, +4.9496e-02, -3.6601e-02, +1.1720e-02, +1.0589e-02, -3.5375e-02, +2.3462e-02, -1.0000e+00, -7.0028e-02, +3.2508e-02, -8.9772e-04, +1.9679e-02, -1.0711e-02, -4.1009e-02, -3.6861e-02, +1.8304e-02, -5.6246e-04, +1.0286e-01, +4.8383e-02, -4.3172e-02
+4.2210e-03, +2.0896e-02, -8.2710e-03, -2.8662e-02, -8.1252e-02, -4.5487e-02, +4.1518e-02, -7.5817e-02, +4.5899e-02, +1.8716e-02, -4.8221e-02, -7.0708e-02, +2.9132e-02, +1.1432e-02, -5.5898e-02, -4.5036e-03, -8.2507e-02, -3.7744e-02, -6.9348e-02, +6.0891e-02, +7.0521e-02, +6.1564e-02, +1.5645e-01, -6.8353e-02, -4.3413e-02, -2.6709e-02, -8.0941e-02, -8.9023e-02, -8.9275e-02, -1.0511e-01, -8.8333e-02, +2.5709e-02, +2.1300e-02, -1.5726e-02, +5.2055e-02, -8.1956e-02, -8.0912e-03, -7.0028e-02, -1.0000e+00, +2.3472e-02, -4.4555e-02, -5.9419e-02, -2.6776e-02, -8.5391e-03, -1.6681e-02, -8.6868e-03, -6.2516e-02, +5.6463e-02, +3.1054e-03, +1.5474e-02
-6.0728e-02, +3.4310e-02, +2.8908e-03, -1.6840e-02, -6.7306e-03, -4.7080e-02, +2.7857e-02, +6.0796e-03, +3.6823e-03, +1.6091e-02, -2.8021e-02, +5.5505e-03, -2.6400e-02, +2.4459e-02, +9.3279e-03, -5.5997e-02, -3.8406e-02, -5.7797e-02, +3.1889e-02, -3.3169e-02, +3.5210e-03, +1.0852e-01, +2.0534e-02, +3.4366e-02, +3.7697e-02, -4.8032e-02, -1.2617e-02, -4.4127e-02, -1.6728e-02, -4.2010e-02, -2.5667e-02, -1.1541e-02, -3.4610e-02, -2.7510e-02, -1.4340e-02, -5.8266e-02, -5.2181e-03, +3.2508e-02, +2.3472e-02, -1.0000e+00, +7.7984e-04, -2.8485e-02, +5.6045e-02, -1.4218e-02, -1.0760e-04, +4.4970e-02, +3.5190e-03, +3.9801e-02, +3.4610e-02, +9.9399e-02
+1.1481e-02, +5.3260e-02, +2.6256e-02, +5.2265e-02, -1.1984e-02, -4.2191e-02, +1.4373e-02, -5.4049e-02, +3.9928e-02, +4.5567e-02, -4.0191e-02, -1.1770e-02, +7.2719e-03, -1.7640e-02, +1.0521e-02, +7.0955e-04, -3.2802e-02, -3.4552e-02, +3.4606e-02, +4.5711e-02, +1.9415e-02, +2.6211e-02, +1.9290e-02, +1.9213e-03, +2.9040e-02, -5.8871e-02, -4.3274e-02, -5.6741e-02, -1.0166e-01, +1.2612e-02, -5.1454e-02, +4.4431e-02, -1.7701e-02, -1.7904e-02, +4.5000e-03, -5.4264e-02, +2.9146e-02, -8.9772e-04, -4.4555e-02, +7.7984e-04, -1.0000e+00, -4.8567e-02, -5.3678e-02, -1.4048e-02, -2.3259e-02, +4.6689e-03, -4.6084e-02, -9.9537e-03, +2.1478e-03, +3.3540e-02
+5.0543e-03, +6.7931e-02, +6.1309e-02, +2.8936e-02, +6.0043e-02, -6.7355e-02, +4.1700e-02, +2.8300e-02, -1.8721e-02, +1.2600e-01, -1.8579e-03, +4.5482e-02, -8.0386e-03, +2.3333e-02, -4.7825e-02, +6.0620e-02, +1.0321e-01, +1.0579e-02, -2.7974e-02, +1.1347e-01, -3.6475e-02, -6.5125e-02, -8.8278e-02, +3.4162e-02, -5.5358e-02, -3.7284e-02, -2.1243e-02, +2.2528e-02, +4.2560e-02, +3.8032e-02, -1.1135e-02, +4.8454e-02, -7.3108e-02, -1.0491e-03, -1.4535e-02, -8.7614e-02, -5.3560e-02, +1.9679e-02, -5.9419e-02, -2.8485e-02, -4.8567e-02, -1.0000e+00, +2.0553e-03, +1.7282e-01, +5.0705e-02, +1.6570e-03, +3.7255e-02, -6.8212e-02, -9.9883e-03, +2.2682e-01
+4.6183e-02, +4.1117e-02, +5.7202e-03, -7.1013e-03, -1.9287e-02, +4.1745e-03, +3.8524e-02, +3.7034e-02, +9.8174e-03, +3.9199e-03, -3.2783e-04, +6.0509e-02, +2.8856e-02, +1.0381e-02, +3.6251e-02, +1.5986e-03, -6.7048e-02, +1.2946e-02, -3.8010e-02, -9.6541e-02, -5.1897e-02, -3.1744e-02, +7.4943e-03, -2.2035e-02, +3.9402e-02, -5.2373e-03, -1.9592e-02, +7.5091e-03, -1.4384e-02, -1.8958e-02, -1.2974e-02, -6.3416e-03, +5.0256e-02, -7.7604e-02, +4.1133e-02, +1.5746e-02, -3.8652e-02, -1.0711e-02, -2.6776e-02, +5.6045e-02, -5.3678e-02, +2.0553e-03, -1.0000e+00, -3.2736e-03, +2.8260e-03, -9.6200e-03, -3.8603e-02, +4.4377e-02, +3.0274e-02, -6.0714e-02
+2.1188e-02, +2.3397e-02, -1.2906e-02, -3.1280e-03, -6.2568e-02, -2.2822e-02, -4.6202e-02, +4.8442e-03, +5.3840e-02, +1.7131e-01, -1.1369e-01, +5.3572e-02, -5.0884e-02, +9.5725e-03, -7.3898e-03, +9.4776e-03, -7.6692e-02, -8.0004e-02, -7.4801e-03, -3.2558e-02, +3.5887e-02, -5.7406e-02, +1.6170e-01, +3.5956e-02, +9.8725e-03, -3.5625e-02, -2.1891e-02, -1.6728e-01, -8.9061e-02, -1.3410e-01, -2.7445e-02, +5.9252e-02, +2.2960e-02, +1.2209e-02, +7.7759e-03, -3.9667e-02, +6.0137e-02, -4.1009e-02, -8.5391e-03, -1.4218e-02, -1.4048e-02, +1.7282e-01, -3.2736e-03, -1.0000e+00, +1.8274e-02, -4.4756e-02, -1.0036e-01, +1.2114e-01, +3.2308e-02, +2.1168e-01
-7.9438e-02, -9.0387e-02, +5.4724e-03, -3.9702e-02, +3.5749e-02, +3.5644e-02, -8.2389e-02, -1.4037e-01, -2.2430e-02, +1.2616e-01, -4.1955e-02, -6.4666e-02, -1.2195e-01, +2.3290e-02, -9.7738e-02, +3.6422e-02, -1.6884e-01, -5.3883e-02, -4.8686e-02, +2.5357e-02, +1.6405e-02, +2.8116e-02, +2.9069e-01, +1.2996e-01, -1.2588e-01, -3.1321e-02, +4.6320e-02, -1.2964e-01, -7.2912e-02, +1.9626e-02, -1.9092e-04, +1.5215e-02, +4.1226e-02, +2.8240e-02, +3.1284e-02, -9.9084e-02, -2.7029e-02, -3.6861e-02, -1.6681e-02, -1.0760e-04, -2.3259e-02, +5.0705e-02, +2.8260e-03, +1.8274e-02, -1.0000e+00, +3.5381e-02, -3.8095e-02, +2.3827e-01, -5.6591e-02, -1.8450e-01
-1.7872e-02, +4.9897e-02, -5.0112e-02, -1.0062e-01, -1.7015e-02, +3.4112e-02, -2.1289e-02, +1.1851e-01, -5.9178e-02, +5.9574e-02, +2.9994e-02, -2.8741e-02, -1.4783e-02, -1.0692e-02, +2.0396e-02, -2.1474e-02, -4.7153e-02, +5.9664e-02, -9.2150e-02, +4.0311e-02, +2.0243e-02, -4.3691e-02, +3.1306e-02, -9.3306e-02, -3.5446e-02, -4.0780e-02, -7.5141e-02, -2.7909e-02, +2.7981e-02, -3.3903e-02, -4.8303e-02, +1.8919e-02, +6.7182e-02, -4.1507e-03, -6.2915e-02, +5.8297e-02, -1.1821e-02, +1.8304e-02, -8.6868e-03, +4.4970e-02, +4.6689e-03, +1.6570e-03, -9.6200e-03, -4.4756e-02, +3.5381e-02, -1.0000e+00, -6.6788e-02, -7.6165e-02, +6.1020e-03, -2.0240e-02
-2.0838e-02, +6.5935e-02, +1.5194e-02, -3.2192e-02, +1.1288e-02, -7.8148e-02, +1.5360e-02, -1.5831e-02, -1.6678e-02, +9.7004e-02, -5.0161e-02, -1.5433e-02, +3.0134e-03, -1.7846e-02, +3.1411e-02, -3.6500e-02, -1.0419e-01, -1.1878e-01, -3.1799e-02, -4.6374e-02, -3.8335e-02, +7.1943e-03, +1.2851e-01, -6.1009e-02, -2.5145e-02, -3.4979e-02, -5.3231e-02, -1.7194e-01, -1.0590e-01, -1.0232e-01, -2.0295e-02, +2.4293e-02, +6.7975e-02, +1.2426e-02, -1.8211e-02, -8.6432e-02, +1.0159e-02, -5.6247e-04, -6.2516e-02, +3.5190e-03, -4.6084e-02, +3.7255e-02, -3.8603e-02, -1.0036e-01, -3.8095e-02, -6.6788e-02, -1.0000e+00, +7.0808e-02, +2.2077e-02, +4.6798e-02
+1.7063e-01, +9.0933e-02, +1.9188e-02, +9.4354e-02, +5.6374e-02, -1.6631e-03, -1.1648e-02, +3.0215e-02, +6.9318e-04, +7.1155e-02, +1.1383e-01, -4.5883e-02, +1.4727e-02, -6.8269e-02, +1.0098e-01, +2.6504e-02, +2.6730e-01, +9.2467e-02, +1.2235e-01, +1.5097e-01, -5.9773e-02, +5.5644e-02, -4.3061e-01, +1.4497e-02, +1.4884e-01, +2.7924e-02, -7.6613e-02, +2.2006e-01, +1.4422e-01, +8.0746e-02, +3.7654e-02, -7.4626e-02, +7.8453e-02, -1.5979e-02, -1.4888e-02, +1.5599e-01, +9.6550e-02, +1.0286e-01, +5.6463e-02, +3.9801e-02, -9.9537e-03, -6.8212e-02, +4.4377e-02, +1.2114e-01, +2.3827e-01, -7.6165e-02, +7.0808e-02, -1.0000e+00, -8.8088e-02, +4.2068e-02
+1.3039e-02, -8.3242e-02, -2.7214e-02, +2.4115e-02, -4.2856e-02, +6.6860e-02, +1.0935e-02, +3.7364e-02, -3.8013e-02, +1.5092e-02, +1.7485e-02, +7.6621e-02, -2.2914e-02, -4.5193e-02, -3.5789e-02, +2.0868e-02, +8.4001e-02, -4.4275e-02, -5.6078e-03, -4.4520e-03, +2.8697e-02, -8.1089e-02, -1.0049e-02, +7.3054e-02, +1.3286e-03, +1.3844e-02, +5.9199e-02, +1.2389e-02, +2.2498e-02, -3.1983e-02, +6.2713e-02, -2.4339e-03, -7.0591e-02, -4.2713e-02, +8.2937e-03, -2.8215e-02, +3.7505e-02, +4.8383e-02, +3.1054e-03, +3.4610e-02, +2.1479e-03, -9.9882e-03, +3.0274e-02, +3.2308e-02, -5.6591e-02, +6.1020e-03, +2.2077e-02, -8.8088e-02, -1.0000e+00, -4.3783e-02
-1.9485e-02, -6.2349e-02, -9.3746e-02, -8.1113e-02, +6.1009e-03, -7.3116e-03, -2.2057e-02, -4.1677e-02, -1.9458e-02, +1.4814e-02, +1.1178e-02, -1.0150e-01, -3.2534e-02, -5.2013e-03, -2.2705e-02, +1.0396e-01, -4.7465e-02, -9.7526e-03, -3.2383e-02, -6.6236e-02, +1.3421e-02, +4.2248e-02, +1.1967e-01, -1.4712e-02, -1.1571e-01, +1.7406e-02, -3.8486e-02, -1.0677e-01, -1.1946e-02, +2.0812e-02, -4.6554e-02, +6.2271e-02, -6.6138e-02, +1.3530e-02, +4.9491e-02, +1.0802e-02, -4.0764e-02, -4.3172e-02, +1.5474e-02, +9.9399e-02, +3.3540e-02, +2.2682e-01, -6.0714e-02, +2.1168e-01, -1.8450e-01, -2.0240e-02, +4.6798e-02, +4.2068e-02, -4.3783e-02, -1.0000e+00
