-1.0000e+00, -3.0836e-02, -1.3313e-01, +5.0151e-02, -5.4303e-02, -3.8797e-02, -8.5320e-02, -1.8624e-01, -1.7621e-02, +1.6327e-02, +4.1061e-03, -2.4297e-02, -1.6727e-02, -2.4200e-02, +4.8192e-02, -7.6086e-03, -1.9442e-03, +6.8356e-02, +4.5810e-02, +8.8197e-03, +2.2900e-02, +1.5722e-02, +6.5941e-02, -4.3747e-04, -1.8250e-01, +4.7983e-02, +6.4386e-02, -6.2003e-02, -3.2211e-02, -7.6365e-02, -3.5792e-02, +5.5637e-02, -5.2076e-02, -1.8222e-02, +1.0714e-02, -3.1835e-02, +2.4752e-02, -1.2781e-02, -8.3188e-03, +4.2847e-02, +3.1390e-02, -1.7871e-02, -1.7722e-02, -1.6088e-02, -8.4432e-02, +1.1270e-02, +2.3354e-02, +1.7362e-01, -4.0774e-02, -1.2740e-02
-3.0836e-02, -1.0000e+00, +7.8018e-03, +4.4405e-02, -4.5542e-02, +7.6770e-02, +9.1387e-02, +4.9865e-02, +3.9397e-02, +1.7878e-02, +4.3283e-02, -2.7928e-02, +1.2833e-01, +8.1873e-02, +1.7093e-02, -2.2846e-02, +2.2781e-02, +3.5637e-02, +5.4274e-02, -4.9044e-02, +1.5759e-02, +6.2927e-02, +6.7654e-02, +9.7412e-02, -4.8486e-02, +3.5005e-02, -6.5310e-02, -2.5237e-02, +5.3112e-02, +1.4831e-02, +2.7436e-02, -3.1363e-02, +1.0331e-02, -6.6878e-02, +1.0510e-01, +7.3286e-02, -9.5492e-02, +8.8172e-02, +8.9014e-02, +7.8563e-02, -2.7293e-02, +1.5926e-02, +5.7467e-02, +1.5982e-02, +4.1816e-03, -3.5129e-02, +3.9471e-02, -4.4005e-02, -9.7145e-02, +5.2035e-02
-1.3313e-01, +7.8018e-03, -1.0000e+00, -2.1079e-02, -5.9946e-02, -6.7888e-02, -5.4469e-02, -5.7787e-02, -4.1060e-02, +1.5272e-01, -1.4347e-01, -2.2780e-01, -6.1898e-03, +7.5284e-02, +2.7952e-02, +8.1219e-03, +5.5679e-02, -6.3559e-02, +2.1942e-02, -1.3880e-01, -1.4890e-02, -1.2399e-01, +7.5891e-02, +8.6374e-03, -6.1473e-02, -9.8171e-02, +4.6945e-02, -1.0277e-01, -5.8979e-02, -5.4582e-02, -4.2788e-02, +6.5356e-02, -9.6101e-02, +1.3500e-01, +1.5643e-03, -7.0514e-03, -2.0085e-01, +9.3491e-02, -8.8006e-03, +6.8287e-02, +5.7171e-02, +1.5651e-02, -3.2236e-02, +6.6912e-02, -1.0769e-01, +1.8012e-03, -1.0492e-01, +2.7487e-01, +2.7676e-02, -3.7806e-02
+5.0151e-02, +4.4405e-02, -2.1079e-02, -1.0000e+00, -1.1929e-01, -8.1834e-02, +6.4913e-02, +1.0196e-02, +2.0940e-02, -9.0991e-02, -1.2813e-01, -2.0500e-02, -4.3331e-02, +1.5093e-02, +2.3691e-02, +7.8411e-02, +8.7459e-02, -1.2636e-01, -3.9229e-02, -6.8369e-02, -7.5127e-03, -1.9944e-02, +5.9015e-02, -1.7176e-01, +2.4370e-03, -2.0970e-01, +7.8782e-02, -1.1996e-01, -1.6305e-01, -2.1063e-01, -1.3646e-01, -3.7010e-02, +1.2105e-02, +2.8631e-01, -7.0275e-02, +1.2118e-02, -1.4731e-01, -1.9026e-02, -1.2223e-01, +2.2056e-03, +2.5828e-02, +1.2087e-01, +2.5826e-02, -5.3766e-04, -1.3329e-01, -5.4591e-02, -1.6396e-01, +4.6213e-03, +3.4949e-02, -8.1886e-02
-5.4303e-02, -4.5542e-02, -5.9946e-02, -1.1929e-01, -1.0000e+00, -1.1774e-01, -6.4179e-02, -1.8316e-02, +1.6990e-02, +2.1312e-02, -9.0667e-02, -8.1338e-02, -9.2461e-02, -1.7734e-01, -1.3124e-01, +5.4632e-02, +9.9348e-02, -4.5365e-02, -6.7933e-02, -1.3607e-02, +5.0684e-02, -5.6385e-02, +1.4809e-01, -4.8800e-02, +2.7153e-04, -2.0137e-02, -1.3224e-01, -1.7102e-01, -2.0188e-01, -2.0399e-01, -1.0242e-01, +3.4251e-02, -7.5876e-02, +1.4249e-01, +3.1672e-03, -4.6657e-02, +1.9000e-02, +1.8024e-02, -7.1143e-02, +1.9219e-02, +4.6602e-02, +4.8764e-02, -2.4667e-02, +4.2128e-02, -1.4311e-01, +6.2593e-02, -1.1716e-01, +1.6642e-01, -3.9401e-02, +7.0534e-02
-3.8797e-02, +7.6770e-02, -6.7888e-02, -8.1834e-02, -1.1774e-01, -1.0000e+00, -1.1855e-01, -4.2197e-02, +2.9430e-02, -3.9631e-03, -1.3882e-01, +3.6812e-02, -4.2477e-03, -1.2694e-01, -1.6580e-01, +3.6352e-02, +6.9255e-02, -8.3819e-02, -1.2835e-01, -6.1605e-02, -1.3277e-02, -3.4317e-02, +1.2888e-01, -1.3579e-01, -9.3082e-02, -6.6313e-02, -4.9332e-02, -9.1716e-02, -9.8051e-02, +3.1917e-02, -1.8300e-01, +1.1307e-02, -2.3092e-02, +2.0536e-01, -8.2855e-02, -2.7552e-02, +1.3989e-01, -7.3518e-02, -3.3989e-02, -1.1966e-01, -4.7651e-02, -1.4557e-02, +1.1385e-02, -7.0516e-02, -1.0128e-01, +2.0472e-02, -2.5168e-01, -7.3171e-02, -9.4851e-02, +1.0370e-01
-8.5320e-02, +9.1387e-02, -5.4469e-02, +6.4913e-02, -6.4179e-02, -1.1855e-01, -1.0000e+00, -6.0460e-02, +3.9424e-02, +4.3047e-01, -7.8164e-02, +1.6043e-01, +6.1958e-02, -3.9146e-02, -1.7161e-02, -1.4451e-02, +8.5954e-02, +9.1028e-03, -9.4581e-03, +5.4224e-02, +1.5609e-02, +2.7962e-02, +1.3212e-01, +3.7746e-02, -2.0807e-02, +1.0166e-01, +3.2623e-02, -4.8632e-02, -4.9741e-03, -4.3364e-03, -1.5626e-02, +1.2575e-01, +5.3939e-02, +1.1047e-01, -2.9195e-02, -1.5071e-01, +2.2688e-01, -1.1596e-01, -1.9848e-02, -9.4502e-02, -6.5004e-02, +7.1677e-02, -2.9871e-02, +4.2855e-02, +1.7493e-01, -1.0327e-01, -9.2612e-02, -9.8113e-02, -2.7751e-02, +1.0852e-01
-1.8624e-01, +4.9865e-02, -5.7787e-02, +1.0196e-02, -1.8316e-02, -4.2197e-02, -6.0460e-02, -1.0000e+00, -1.1184e-01, -9.1779e-03, -7.4795e-02, +5.0925e-02, +4.9815e-02, -1.0271e-01, -5.5633e-02, -5.1585e-02, +1.1140e-01, -2.1515e-02, +5.7144e-02, -7.7409e-02, -2.8834e-02, +4.2805e-03, +1.6964e-01, -5.1228e-02, -2.2762e-02, +1.5689e-02, +1.3099e-02, -6.8049e-02, -2.3456e-02, -3.9383e-02, -8.9012e-02, +5.5788e-02, -2.3997e-03, -6.7991e-02, +3.1496e-02, -3.5657e-03, +6.1913e-02, -1.1445e-01, -1.5590e-02, -2.7826e-02, -1.7658e-02, +1.6550e-02, -1.6134e-03, +1.6834e-02, -1.2678e-01, +1.9018e-01, -1.2032e-01, +5.8332e-02, +4.6441e-03, +3.0416e-02
-1.7621e-02, +3.9397e-02, -4.1060e-02, +2.0940e-02, +1.6990e-02, +2.9430e-02, +3.9424e-02, -1.1184e-01, -1.0000e+00, -1.8411e-02, +5.9615e-02, -3.1149e-04, -7.6413e-02, -1.3908e-01, +6.5225e-03, -4.2558e-02, -3.2826e-03, +6.3091e-02, +4.0176e-02, -2.3398e-02, -3.5849e-02, -2.8525e-02, +5.1999e-02, -6.7161e-02, -5.5938e-02, -3.0014e-02, -9.6177e-03, -6.2972e-02, +6.2095e-02, +2.1373e-03, +1.7278e-02, +3.7576e-02, -7.1632e-02, +2.5523e-02, -1.1567e-01, +3.4215e-03, +1.4483e-01, +5.2537e-02, +8.3474e-02, -2.3517e-02, -5.1029e-02, -6.3425e-02, +3.9697e-03, -3.8542e-02, -9.2071e-02, +2.2411e-02, +7.0534e-02, -1.6078e-02, +8.2271e-02, +3.4674e-02
+1.6327e-02, +1.7878e-02, +1.5272e-01, -9.0991e-02, +2.1312e-02, -3.9631e-03, +4.3047e-01, -9.1779e-03, -1.8411e-02, -1.0000e+00, +7.5993e-02, +2.3296e-01, -1.3506e-01, -2.7505e-02, +4.6376e-03, +1.2481e-01, +1.0071e-01, -5.9310e-02, -1.0940e-01, -2.0458e-02, +9.8279e-03, +5.8400e-02, -1.3467e-01, -1.0239e-01, -4.6708e-02, -1.1586e-01, +2.7165e-02, -3.0510e-02, +2.7302e-02, +5.6446e-02, -9.0335e-02, -9.1755e-02, -7.2582e-02, +2.7527e-01, +2.8076e-02, -4.7671e-02, +3.1550e-02, +7.2084e-02, -7.3657e-02, +2.8761e-01, -4.8265e-02, -6.7935e-02, -3.0258e-02, -1.2939e-01, -1.3106e-01, -2.6758e-02, +2.2130e-02, -1.2223e-01, -2.6053e-02, -5.9363e-02
+4.1061e-03, +4.3283e-02, -1.4347e-01, -1.2813e-01, -9.0667e-02, -1.3882e-01, -7.8164e-02, -7.4795e-02, +5.9615e-02, +7.5993e-02, -1.0000e+00, -1.0265e-01, +6.9252e-03, +2.7718e-02, -1.4963e-01, +1.0353e-02, -1.0362e-01, -1.4006e-01, -3.6902e-02, -6.0879e-02, -2.5204e-02, -2.9387e-02, +2.5836e-01, +5.2668e-02, -1.7869e-02, -1.1939e-01, -6.7263e-02, -4.9525e-02, -1.0516e-01, -5.3994e-02, -8.4312e-02, +2.5453e-02, -4.2609e-02, +1.7024e-01, -9.5982e-02, +1.2743e-02, -9.9489e-03, -1.1331e-01, -1.4564e-01, +2.1796e-03, +2.5268e-02, +7.1404e-04, -2.6786e-02, +5.5778e-02, -2.1677e-01, +2.9969e-02, -2.3684e-01, +1.1267e-01, -1.7257e-02, +2.8268e-02
-2.4297e-02, -2.7928e-02, -2.2780e-01, -2.0500e-02, -8.1338e-02, +3.6812e-02, +1.6043e-01, +5.0925e-02, -3.1150e-04, +2.3296e-01, -1.0265e-01, -1.0000e+00, +2.9287e-02, +1.2357e-01, +3.8465e-02, +1.8590e-02, +1.5309e-01, +1.5833e-02, +4.1710e-02, -5.8793e-02, +3.8711e-02, -2.8861e-02, +2.4801e-01, +1.5111e-02, -5.5325e-02, +8.9135e-03, +3.3250e-02, +2.7820e-02, -4.8781e-02, -1.0468e-01, -2.7763e-02, +1.0789e-02, +3.8585e-02, +1.1011e-01, -5.3797e-02, +1.1472e-01, -4.5912e-01, +2.2972e-02, -7.3329e-02, +9.2281e-02, +1.5592e-02, +9.9977e-02, -4.2136e-02, +2.7479e-01, -1.4359e-02, +1.2410e-01, -6.1188e-02, +3.3068e-01, -1.6038e-02, -1.4398e-01
-1.6727e-02, +1.2833e-01, -6.1898e-03, -4.3331e-02, -9.2461e-02, -4.2477e-03, +6.1958e-02, +4.9815e-02, -7.6413e-02, -1.3506e-01, +6.9252e-03, +2.9287e-02, -1.0000e+00, -3.6428e-02, +2.7492e-02, +6.6859e-02, +1.3791e-01, -5.1964e-02, -3.7170e-02, +1.7666e-02, -1.4840e-02, +6.3674e-02, +8.2303e-02, -6.5090e-02, -1.0364e-01, -1.1466e-01, -2.6570e-02, -1.7082e-01, -1.3215e-02, -4.7812e-03, +4.4971e-02, +5.5847e-02, +4.2324e-02, +1.6083e-01, -1.2273e-01, -2.3395e-02, +1.0464e-01, +1.1862e-01, -5.5772e-02, +8.7715e-03, +3.5602e-02, -2.3682e-02, -3.1128e-02, -1.8877e-02, -1.0998e-01, -7.7418e-02, +2.4785e-02, -1.5176e-01, +2.9270e-03, -1.4486e-01
-2.4200e-02, +8.1873e-02, +7.5284e-02, +1.5093e-02, -1.7734e-01, -1.2694e-01, -3.9146e-02, -1.0271e-01, -1.3908e-01, -2.7505e-02, +2.7718e-02, +1.2357e-01, -3.6428e-02, -1.0000e+00, -7.6220e-02, -8.9335e-03, +2.5218e-02, -8.9309e-02, -9.1110e-02, -3.1008e-02, +5.2569e-03, +2.4995e-02, +4.7714e-02, -1.9404e-01, -5.8127e-02, -7.2495e-02, -9.9763e-02, -1.2019e-01, -3.5790e-02, -1.1526e-01, -1.5009e-01, +4.8092e-03, -1.1638e-01, +8.3541e-02, -3.2747e-02, -2.7808e-02, +2.9179e-01, -4.0056e-02, +1.8525e-02, -5.3000e-02, -1.2561e-01, -1.7517e-02, +5.8435e-02, -1.4765e-01, -1.3574e-01, -7.4784e-03, -9.4797e-02, -2.0536e-01, -1.0952e-01, +1.1634e-01
+4.8192e-02, +1.7093e-02, +2.7952e-02, +2.3691e-02, -1.3124e-01, -1.6580e-01, -1.7161e-02, -5.5633e-02, +6.5225e-03, +4.6376e-03, -1.4963e-01, +3.8465e-02, +2.7492e-02, -7.6220e-02, -1.0000e+00, -6.7220e-02, -1.0591e-01, -1.0510e-02, -4.7977e-02, -4.9358e-02, +1.2629e-02, -6.2778e-02, -7.7100e-02, +2.6886e-02, +7.3771e-02, -3.5845e-04, -8.1863e-02, -2.4834e-02, -1.3877e-01, +5.0077e-02, -1.4702e-01, +3.3198e-02, -5.1061e-02, +8.7710e-02, -3.9987e-02, -7.3576e-02, +2.7264e-01, -3.9890e-02, -1.5075e-02, -4.5310e-02, +4.2546e-02, -3.0455e-02, -2.6344e-03, -1.4414e-01, -7.0138e-02, +9.4942e-02, -1.1988e-01, +4.3721e-02, -8.2457e-02, +1.4279e-01
-7.6086e-03, -2.2846e-02, +8.1219e-03, +7.8411e-02, +5.4632e-02, +3.6352e-02, -1.4451e-02, -5.1585e-02, -4.2558e-02, +1.2481e-01, +1.0353e-02, +1.8590e-02, +6.6859e-02, -8.9335e-03, -6.7220e-02, -1.0000e+00, -3.9481e-02, +2.8111e-02, -1.7433e-02, -7.9748e-02, -3.8630e-02, +5.3303e-02, -8.1681e-02, -5.2151e-03, +5.3359e-02, +1.1058e-02, +3.1391e-02, +7.8705e-03, +3.8442e-02, +4.1401e-02, +5.9696e-02, +4.0490e-02, -1.7027e-02, -7.6512e-02, +5.3023e-03, -2.8105e-02, +6.7551e-02, +3.1974e-02, +5.2170e-02, -8.6518e-02, +3.3680e-02, -4.2817e-02, +9.5895e-02, -5.7707e-02, +3.1423e-03, +3.2746e-02, +3.6269e-02, -9.9483e-03, +8.1636e-03, +5.0632e-02
-1.9442e-03, +2.2781e-02, +5.5679e-02, +8.7459e-02, +9.9348e-02, +6.9255e-02, +8.5954e-02, +1.1140e-01, -3.2826e-03, +1.0071e-01, -1.0362e-01, +1.5309e-01, +1.3791e-01, +2.5218e-02, -1.0591e-01, -3.9481e-02, -1.0000e+00, -4.0276e-02, +6.4507e-02, -5.9641e-02, -5.9037e-02, -7.1212e-02, +1.1388e-01, +1.3130e-01, +3.9520e-02, -5.9272e-02, -2.0756e-02, +4.6004e-02, +6.6712e-02, +2.0171e-02, -2.6427e-02, -5.4835e-02, -2.0891e-02, +3.7829e-03, -1.6731e-03, +4.2933e-02, +7.1587e-02, -4.6843e-02, +1.0316e-01, +2.5120e-03, +7.3933e-02, -6.5760e-02, -1.1365e-01, -8.0271e-02, +6.8953e-02, +8.0222e-02, -1.1291e-02, -1.1887e-02, -3.4381e-02, -7.2362e-02
+6.8356e-02, +3.5637e-02, -6.3559e-02, -1.2636e-01, -4.5365e-02, -8.3819e-02, +9.1028e-03, -2.1515e-02, +6.3091e-02, -5.9310e-02, -1.4006e-01, +1.5833e-02, -5.1964e-02, -8.9309e-02, -1.0510e-02, +2.8111e-02, -4.0276e-02, -1.0000e+00, +2.8848e-03, -1.3113e-01, -7.7709e-02, +4.7935e-02, +8.7163e-02, -2.6724e-02, +5.4358e-02, -8.8901e-02, +1.8584e-02, -7.2551e-02, -4.1754e-02, -3.5285e-02, -9.2761e-02, +1.2086e-02, -4.9372e-03, +2.0035e-01, +9.5576e-02, +2.6745e-02, -4.7222e-02, -6.5665e-02, -6.3842e-02, -1.9699e-02, -5.2758e-02, +6.0550e-03, +1.3315e-02, +1.2875e-02, -1.0130e-01, -4.9053e-02, -1.6735e-01, -1.6107e-01, -7.7284e-02, -1.6882e-02
+4.5810e-02, +5.4274e-02, +2.1942e-02, -3.9229e-02, -6.7933e-02, -1.2835e-01, -9.4581e-03, +5.7144e-02, +4.0176e-02, -1.0940e-01, -3.6902e-02, +4.1710e-02, -3.7170e-02, -9.1110e-02, -4.7977e-02, -1.7433e-02, +6.4507e-02, +2.8848e-03, -1.0000e+00, -2.7930e-02, -1.7179e-02, +3.0992e-02, +1.1168e-01, -1.0844e-01, -2.7871e-03, -1.1479e-01, -4.8317e-02, +1.0160e-02, -7.4573e-02, -6.3488e-02, -2.1710e-02, -3.4288e-03, +1.7318e-02, +5.3460e-02, -8.5997e-02, -5.4181e-02, +1.4918e-01, -7.0380e-02, -8.9966e-02, -1.2082e-01, +6.8151e-03, -8.0643e-02, +3.2998e-03, -5.9057e-02, -2.1766e-02, -2.9772e-03, -1.1343e-01, -1.0434e-01, -8.5291e-02, +6.1648e-02
+8.8197e-03, -4.9044e-02, -1.3880e-01, -6.8369e-02, -1.3607e-02, -6.1605e-02, +5.4224e-02, -7.7409e-02, -2.3398e-02, -2.0458e-02, -6.0879e-02, -5.8793e-02, +1.7666e-02, -3.1008e-02, -4.9358e-02, -7.9748e-02, -5.9641e-02, -1.3113e-01, -2.7930e-02, -1.0000e+00, -3.5295e-02, -2.3980e-01, +6.6043e-02, -7.0127e-02, -1.1338e-02, -4.0009e-03, -2.5825e-02, -5.6619e-02, -4.3276e-02, -2.9774e-02, -8.8949e-02, -1.1067e-01, -1.2045e-01, +1.2393e-01, +1.2370e-02, -4.5694e-02, -4.0641e-02, +3.6272e-02, -4.9101e-03, -5.9267e-02, +3.4742e-02, +3.9750e-02, +6.6403e-02, +4.8904e-03, -1.5595e-01, +7.2491e-02, -1.1128e-01, +6.5371e-02, -2.0545e-03, -5.2383e-02
+2.2900e-02, +1.5759e-02, -1.4890e-02, -7.5127e-03, +5.0684e-02, -1.3277e-02, +1.5609e-02, -2.8834e-02, -3.5849e-02, +9.8279e-03, -2.5204e-02, +3.8711e-02, -1.4840e-02, +5.2569e-03, +1.2629e-02, -3.8630e-02, -5.9037e-02, -7.7709e-02, -1.7179e-02, -3.5295e-02, -1.0000e+00, +7.6291e-02, -5.3392e-02, -3.7488e-02, +9.3291e-02, +6.3252e-03, -2.5510e-02, +8.4755e-03, +4.7255e-03, +1.6803e-02, +4.3581e-02, -3.0700e-02, +6.9675e-02, +1.2852e-02, +5.2749e-02, +2.9441e-02, -5.3790e-02, +5.1878e-02, +7.9962e-02, +2.2154e-02, -4.0803e-02, +3.7280e-02, -4.7643e-02, -1.5542e-01, +1.0738e-02, -4.7727e-02, +3.0858e-03, -9.1240e-02, -1.4956e-02, +1.1243e-02
+1.5722e-02, +6.2927e-02, -1.2399e-01, -1.9944e-02, -5.6386e-02, -3.4317e-02, +2.7962e-02, +4.2805e-03, -2.8525e-02, +5.8400e-02, -2.9387e-02, -2.8861e-02, +6.3674e-02, +2.4995e-02, -6.2778e-02, +5.3303e-02, -7.1212e-02, +4.7935e-02, +3.0992e-02, -2.3980e-01, +7.6291e-02, -1.0000e+00, -1.4460e-01, +9.6341e-02, -2.2846e-02, -3.9483e-02, +5.4057e-02, -6.2397e-02, -7.8575e-02, -9.8071e-04, -1.6415e-01, -1.4677e-01, -1.5716e-01, -5.6080e-03, -6.6010e-03, +5.2446e-02, +9.5316e-02, -7.9135e-02, -1.8486e-02, -1.0681e-01, -1.2280e-02, +1.0626e-01, +2.2990e-02, +1.3209e-01, -1.1741e-01, +1.2896e-01, -8.0735e-02, +3.6338e-01, -9.1270e-02, +1.3088e-01
+6.5941e-02, +6.7654e-02, +7.5891e-02, +5.9015e-02, +1.4809e-01, +1.2888e-01, +1.3212e-01, +1.6964e-01, +5.1999e-02, -1.3467e-01, +2.5836e-01, +2.4801e-01, +8.2303e-02, +4.7714e-02, -7.7100e-02, -8.1681e-02, +1.1388e-01, +8.7163e-02, +1.1168e-01, +6.6043e-02, -5.3392e-02, -1.4460e-01, -1.0000e+00, -6.8371e-03, +8.1793e-02, +1.1228e-01, +1.7581e-01, +1.1917e-01, +7.6699e-02, +3.8172e-02, -1.1946e-02, -8.7097e-02, -7.8833e-02, +3.5325e-02, +2.0690e-02, +5.0537e-02, +6.1018e-02, +1.0276e-01, +3.2867e-02, -8.9340e-03, +1.2483e-01, -4.1677e-03, -1.6630e-01, -3.4146e-01, +1.4646e-01, -3.9623e-02, +1.3452e-01, +5.2042e-02, -2.3870e-02, +2.5491e-02
-4.3747e-04, +9.7412e-02, +8.6374e-03, -1.7176e-01, -4.8800e-02, -1.3579e-01, +3.7746e-02, -5.1228e-02, -6.7161e-02, -1.0239e-01, +5.2668e-02, +1.5111e-02, -6.5090e-02, -1.9404e-01, +2.6886e-02, -5.2151e-03, +1.3130e-01, -2.6724e-02, -1.0844e-01, -7.0127e-02, -3.7488e-02, +9.6341e-02, -6.8371e-03, -1.0000e+00, +2.9964e-03, -6.9759e-02, -3.5627e-02, -2.8323e-02, -5.9767e-02, -1.2734e-01, -1.2986e-01, +9.7462e-03, -2.3318e-02, +2.1516e-01, -1.7993e-01, -2.4833e-02, -8.2424e-03, +5.6178e-02, -1.3869e-01, -3.8114e-02, -8.7608e-03, -9.7986e-03, -4.4504e-02, -8.6217e-02, -1.2605e-01, +1.4000e-03, -1.5309e-01, -1.0171e-01, -2.7524e-02, +5.2017e-02
-1.8250e-01, -4.8486e-02, -6.1473e-02, +2.4370e-03, +2.7154e-04, -9.3082e-02, -2.0807e-02, -2.2762e-02, -5.5938e-02, -4.6708e-02, -1.7869e-02, -5.5325e-02, -1.0364e-01, -5.8127e-02, +7.3771e-02, +5.3359e-02, +3.9520e-02, +5.4358e-02, -2.7871e-03, -1.1338e-02, +9.3291e-02, -2.2846e-02, +8.1793e-02, +2.9964e-03, -1.0000e+00, -7.9543e-02, -3.9460e-02, -1.1078e-01, +2.3102e-02, +6.3854e-03, -6.3442e-03, +5.6636e-02, -7.7233e-02, +7.2318e-02, -4.3442e-02, +2.3502e-02, -2.0526e-02, -5.0649e-02, -6.0923e-04, +1.2577e-02, -2.9433e-02, +6.4983e-03, +5.7199e-04, -3.3769e-02, -1.0370e-01, -7.2414e-02, +1.5507e-02, +9.0070e-02, -4.2281e-02, +6.3783e-02
+4.7983e-02, +3.5005e-02, -9.8171e-02, -2.0970e-01, -2.0137e-02, -6.6313e-02, +1.0166e-01, +1.5689e-02, -3.0014e-02, -1.1586e-01, -1.1939e-01, +8.9135e-03, -1.1466e-01, -7.2495e-02, -3.5846e-04, +1.1058e-02, -5.9272e-02, -8.8901e-02, -1.1479e-01, -4.0009e-03, +6.3252e-03, -3.9483e-02, +1.1228e-01, -6.9759e-02, -7.9543e-02, -1.0000e+00, -7.5944e-02, -5.6183e-02, -3.4623e-02, -8.3767e-02, +1.7309e-02, +3.6666e-02, +5.0148e-02, +7.2869e-02, -9.8734e-02, +7.5446e-02, +9.4826e-03, +7.1863e-02, -2.0848e-02, -6.1066e-02, -5.5199e-02, +8.0059e-03, +1.5625e-02, -1.4270e-02, -3.4133e-02, +8.4212e-02, +7.2066e-05, -5.7985e-02, -5.4088e-03, +6.0553e-02
+6.4386e-02, -6.5310e-02, +4.6945e-02, +7.8782e-02, -1.3224e-01, -4.9332e-02, +3.2623e-02, +1.3099e-02, -9.6177e-03, +2.7165e-02, -6.7263e-02, +3.3250e-02, -2.6570e-02, -9.9763e-02, -8.1863e-02, +3.1391e-02, -2.0756e-02, +1.8584e-02, -4.8317e-02, -2.5825e-02, -2.5510e-02, +5.4057e-02, +1.7581e-01, -3.5627e-02, -3.9460e-02, -7.5944e-02, -1.0000e+00, -3.9804e-02, -1.9786e-01, -2.5529e-02, +2.6244e-02, +3.5690e-02, -5.9094e-02, -6.5055e-02, +3.8620e-04, -1.9476e-02, +1.3585e-01, +2.8838e-02, -9.5164e-03, -1.0911e-01, +1.4083e-02, -4.5266e-02, +1.4299e-02, -3.7756e-02, -1.4014e-01, -7.3980e-02, -8.5740e-02, -7.4984e-02, -8.7593e-03, +1.1951e-01
-6.2003e-02, -2.5237e-02, -1.0277e-01, -1.1996e-01, -1.7102e-01, -9.1716e-02, -4.8632e-02, -6.8049e-02, -6.2972e-02, -3.0510e-02, -4.9525e-02, +2.7820e-02, -1.7082e-01, -1.2019e-01, -2.4834e-02, +7.8705e-03, +4.6004e-02, -7.2551e-02, +1.0160e-02, -5.6619e-02, +8.4755e-03, -6.2397e-02, +1.1917e-01, -2.8323e-02, -1.1078e-01, -5.6183e-02, -3.9804e-02, -1.0000e+00, -2.4150e-02, +4.1181e-02, -9.2142e-02, +1.3861e-02, -1.1376e-01, +6.8579e-02, -3.0316e-03, +4.0340e-02, +3.6403e-02, +6.7654e-02, -2.5596e-02, +2.9902e-02, +2.0111e-02, +3.6085e-02, +1.1260e-02, -7.8744e-02, -1.2069e-01, +2.4299e-03, -1.1053e-01, +6.3403e-02, +2.7108e-03, +5.8947e-03
-3.2211e-02, +5.3112e-02, -5.8979e-02, -1.6305e-01, -2.0188e-01, -9.8051e-02, -4.9741e-03, -2.3456e-02, +6.2095e-02, +2.7302e-02, -1.0516e-01, -4.8781e-02, -1.3215e-02, -3.5790e-02, -1.3877e-01, +3.8442e-02, +6.6712e-02, -4.1754e-02, -7.4573e-02, -4.3276e-02, +4.7255e-03, -7.8575e-02, +7.6699e-02, -5.9767e-02, +2.3102e-02, -3.4623e-02, -1.9786e-01, -2.4150e-02, -1.0000e+00, -1.8247e-01, -2.6006e-01, +2.9451e-02, -5.2284e-02, +1.9608e-01, -3.4900e-02, -6.4856e-02, +6.2178e-02, -5.2953e-02, -8.9490e-02, -7.3229e-02, +9.3491e-02, -3.8750e-02, -1.4111e-02, +3.4538e-02, -1.3959e-01, +5.8909e-02, -2.4001e-01, +5.5229e-02, -7.0417e-02, +5.5111e-02
-7.6365e-02, +1.4831e-02, -5.4582e-02, -2.1063e-01, -2.0399e-01, +3.1917e-02, -4.3364e-03, -3.9383e-02, +2.1373e-03, +5.6446e-02, -5.3994e-02, -1.0468e-01, -4.7812e-03, -1.1526e-01, +5.0077e-02, +4.1401e-02, +2.0171e-02, -3.5285e-02, -6.3488e-02, -2.9774e-02, +1.6803e-02, -9.8070e-04, +3.8172e-02, -1.2734e-01, +6.3854e-03, -8.3767e-02, -2.5529e-02, +4.1181e-02, -1.8247e-01, -1.0000e+00, -8.5392e-02, -1.8888e-02, +3.1238e-02, +2.2629e-01, -7.7251e-02, +4.6722e-02, -1.7255e-01, +2.2045e-02, -2.6254e-02, +4.0361e-02, +1.2671e-01, +6.4333e-02, -3.9803e-02, +5.4390e-02, -2.3317e-02, +6.6451e-02, -1.5948e-01, +2.8060e-02, -3.2724e-02, -7.2338e-02
-3.5792e-02, +2.7436e-02, -4.2788e-02, -1.3646e-01, -1.0242e-01, -1.8300e-01, -1.5625e-02, -8.9012e-02, +1.7278e-02, -9.0335e-02, -8.4312e-02, -2.7763e-02, +4.4971e-02, -1.5009e-01, -1.4702e-01, +5.9696e-02, -2.6427e-02, -9.2761e-02, -2.1710e-02, -8.8949e-02, +4.3581e-02, -1.6415e-01, -1.1946e-02, -1.2986e-01, -6.3442e-03, +1.7309e-02, +2.6244e-02, -9.2142e-02, -2.6006e-01, -8.5392e-02, -1.0000e+00, -4.9758e-02, -1.0585e-01, +2.4626e-01, +9.0364e-03, -6.6065e-02, +4.2570e-02, -5.0619e-02, -6.1031e-02, +4.7527e-02, -1.1194e-01, +9.2124e-02, -2.5055e-02, -4.7762e-02, -1.3499e-01, +5.1585e-02, -3.2240e-01, +1.3840e-01, -1.4261e-01, +1.4836e-01
+5.5637e-02, -3.1363e-02, +6.5356e-02, -3.7010e-02, +3.4251e-02, +1.1307e-02, +1.2575e-01, +5.5788e-02, +3.7576e-02, -9.1755e-02, +2.5453e-02, +1.0789e-02, +5.5847e-02, +4.8092e-03, +3.3198e-02, +4.0490e-02, -5.4835e-02, +1.2086e-02, -3.4288e-03, -1.1067e-01, -3.0700e-02, -1.4677e-01, -8.7097e-02, +9.7462e-03, +5.6636e-02, +3.6666e-02, +3.5690e-02, +1.3861e-02, +2.9451e-02, -1.8888e-02, -4.9758e-02, -1.0000e+00, -7.4535e-02, +6.2523e-02, +3.9713e-02, +5.4455e-02, -8.8263e-02, +4.1232e-02, +1.4459e-02, +3.8903e-02, -4.8163e-02, +6.4569e-02, +8.7440e-03, -7.6199e-03, -6.8586e-02, +4.1580e-02, +3.0635e-03, +4.9608e-04, -1.4650e-03, +3.0819e-02
-5.2076e-02, +1.0331e-02, -9.6101e-02, +1.2105e-02, -7.5876e-02, -2.3092e-02, +5.3939e-02, -2.3997e-03, -7.1632e-02, -7.2582e-02, -4.2609e-02, +3.8585e-02, +4.2324e-02, -1.1638e-01, -5.1061e-02, -1.7027e-02, -2.0891e-02, -4.9372e-03, +1.7318e-02, -1.2045e-01, +6.9675e-02, -1.5716e-01, -7.8833e-02, -2.3318e-02, -7.7233e-02, +5.0148e-02, -5.9094e-02, -1.1376e-01, -5.2284e-02, +3.1238e-02, -1.0585e-01, -7.4535e-02, -1.0000e+00, -5.6039e-02, +3.8187e-02, -1.7829e-01, +1.0103e-01, +1.3460e-02, -5.8531e-03, -4.0612e-02, +1.2972e-02, +6.6992e-02, +1.5372e-02, -1.2368e-02, -7.8477e-02, +6.6677e-02, -2.8608e-02, +2.5117e-01, +3.3027e-02, +1.5132e-02
-1.8222e-02, -6.6878e-02, +1.3500e-01, +2.8631e-01, +1.4249e-01, +2.0536e-01, +1.1047e-01, -6.7991e-02, +2.5523e-02, +2.7527e-01, +1.7024e-01, +1.1011e-01, +1.6083e-01, +8.3541e-02, +8.7710e-02, -7.6512e-02, +3.7828e-03, +2.0035e-01, +5.3460e-02, +1.2393e-01, +1.2852e-02, -5.6080e-03, +3.5325e-02, +2.1516e-01, +7.2318e-02, +7.2869e-02, -6.5055e-02, +6.8579e-02, +1.9608e-01, +2.2629e-01, +2.4626e-01, +6.2523e-02, -5.6039e-02, -1.0000e+00, +2.6062e-01, -2.2668e-02, +1.3945e-01, -8.8877e-02, +2.1226e-01, -9.3682e-02, +1.0873e-02, -5.1998e-02, +1.2704e-01, +9.6955e-02, +1.4159e-01, +3.7920e-03, +2.8033e-01, +2.3598e-01, +7.9651e-02, +2.6260e-01
+1.0714e-02, +1.0510e-01, +1.5643e-03, -7.0275e-02, +3.1672e-03, -8.2855e-02, -2.9195e-02, +3.1496e-02, -1.1567e-01, +2.8076e-02, -9.5982e-02, -5.3797e-02, -1.2273e-01, -3.2747e-02, -3.9987e-02, +5.3023e-03, -1.6731e-03, +9.5576e-02, -8.5997e-02, +1.2370e-02, +5.2749e-02, -6.6010e-03, +2.0690e-02, -1.7993e-01, -4.3442e-02, -9.8734e-02, +3.8620e-04, -3.0316e-03, -3.4900e-02, -7.7251e-02, +9.0364e-03, +3.9713e-02, +3.8187e-02, +2.6062e-01, -1.0000e+00, +3.8164e-02, +2.3119e-02, +6.5192e-02, -5.5353e-02, -7.3063e-02, +5.8566e-02, -5.0844e-02, -3.1234e-02, +1.5193e-02, -3.5607e-02, +3.0657e-02, -8.6499e-02, -8.1293e-02, +1.3561e-02, -1.1549e-01
-3.1835e-02, +7.3286e-02, -7.0514e-03, +1.2118e-02, -4.6657e-02, -2.7552e-02, -1.5071e-01, -3.5657e-03, +3.4215e-03, -4.7671e-02, +1.2743e-02, +1.1472e-01, -2.3395e-02, -2.7808e-02, -7.3576e-02, -2.8105e-02, +4.2933e-02, +2.6745e-02, -5.4181e-02, -4.5694e-02, +2.9441e-02, +5.2446e-02, +5.0537e-02, -2.4833e-02, +2.3502e-02, +7.5446e-02, -1.9476e-02, +4.0340e-02, -6.4856e-02, +4.6722e-02, -6.6065e-02, +5.4455e-02, -1.7829e-01, -2.2668e-02, +3.8164e-02, -1.0000e+00, +2.6330e-01, -8.2912e-03, +3.4845e-02, -1.9676e-01, -7.0562e-03, +2.8332e-03, +9.4759e-02, -8.6379e-02, +4.5846e-02, +1.5806e-02, -1.9841e-02, +4.3504e-03, -1.3079e-01, +8.7545e-02
+2.4752e-02, -9.5492e-02, -2.0085e-01, -1.4731e-01, +1.9000e-02, +1.3989e-01, +2.2688e-01, +6.1913e-02, +1.4483e-01, +3.1550e-02, -9.9489e-03, -4.5912e-01, +1.0464e-01, +2.9179e-01, +2.7264e-01, +6.7551e-02, +7.1587e-02, -4.7222e-02, +1.4918e-01, -4.0641e-02, -5.3790e-02, +9.5316e-02, +6.1018e-02, -8.2424e-03, -2.0526e-02, +9.4826e-03, +1.3585e-01, +3.6403e-02, +6.2178e-02, -1.7255e-01, +4.2570e-02, -8.8263e-02, +1.0103e-01, +1.3945e-01, +2.3119e-02, +2.6330e-01, -1.0000e+00, +1.2265e-01, +1.3929e-02, +2.1945e-01, +1.3480e-01, +2.4848e-01, -9.0574e-02, +3.2174e-01, +4.3708e-02, +4.2766e-02, +2.5897e-02, +3.4704e-01, +1.7917e-01, -3.0741e-01
-1.2781e-02, +8.8172e-02, +9.3491e-02, -1.9026e-02, +1.8024e-02, -7.3518e-02, -1.1596e-01, -1.1445e-01, +5.2537e-02, +7.2084e-02, -1.1331e-01, +2.2972e-02, +1.1862e-01, -4.0056e-02, -3.9890e-02, +3.1974e-02, -4.6843e-02, -6.5665e-02, -7.0380e-02, +3.6272e-02, +5.1878e-02, -7.9135e-02, +1.0276e-01, +5.6178e-02, -5.0649e-02, +7.1863e-02, +2.8838e-02, +6.7654e-02, -5.2953e-02, +2.2045e-02, -5.0619e-02, +4.1232e-02, +1.3460e-02, -8.8877e-02, +6.5192e-02, -8.2912e-03, +1.2265e-01, -1.0000e+00, -9.8612e-02, -7.5700e-02, -5.4401e-02, -3.0199e-02, +5.8280e-02, +5.6520e-02, +8.8565e-02, +1.2568e-01, -2.5306e-02, +5.4157e-02, -7.8924e-02, +1.1721e-01
-8.3188e-03, +8.9014e-02, -8.8006e-03, -1.2223e-01, -7.1143e-02, -3.3989e-02, -1.9848e-02, -1.5590e-02, +8.3474e-02, -7.3657e-02, -1.4564e-01, -7.3329e-02, -5.5772e-02, +1.8525e-02, -1.5075e-02, +5.2170e-02, +1.0316e-01, -6.3842e-02, -8.9966e-02, -4.9101e-03, +7.9962e-02, -1.8486e-02, +3.2867e-02, -1.3869e-01, -6.0923e-04, -2.0848e-02, -9.5164e-03, -2.5596e-02, -8.9490e-02, -2.6254e-02, -6.1031e-02, +1.4459e-02, -5.8531e-03, +2.1226e-01, -5.5353e-02, +3.4845e-02, +1.3929e-02, -9.8612e-02, -1.0000e+00, -5.5428e-03, +1.7705e-02, -1.6955e-02, +1.2023e-03, +7.0577e-02, -9.7769e-02, +1.1781e-02, -1.5552e-01, +6.2101e-03, -3.8352e-03, -1.7527e-02
+4.2847e-02, +7.8563e-02, +6.8287e-02, +2.2056e-03, +1.9219e-02, -1.1966e-01, -9.4502e-02, -2.7826e-02, -2.3517e-02, +2.8761e-01, +2.1796e-03, +9.2281e-02, +8.7715e-03, -5.3000e-02, -4.5310e-02, -8.6518e-02, +2.5120e-03, -1.9699e-02, -1.2082e-01, -5.9267e-02, +2.2154e-02, -1.0681e-01, -8.9340e-03, -3.8114e-02, +1.2577e-02, -6.1066e-02, -1.0911e-01, +2.9902e-02, -7.3229e-02, +4.0361e-02, +4.7527e-02, +3.8903e-02, -4.0612e-02, -9.3682e-02, -7.3063e-02, -1.9676e-01, +2.1945e-01, -7.5700e-02, -5.5428e-03, -1.0000e+00, +1.0596e-02, -6.0572e-02, +7.3171e-03, -5.5102e-03, +6.8291e-02, +2.8805e-03, +3.8406e-02, +3.7804e-02, -6.2225e-02, +1.2699e-01
+3.1390e-02, -2.7293e-02, +5.7171e-02, +2.5828e-02, +4.6602e-02, -4.7651e-02, -6.5004e-02, -1.7658e-02, -5.1029e-02, -4.8265e-02, +2.5268e-02, +1.5592e-02, +3.5602e-02, -1.2561e-01, +4.2546e-02, +3.3680e-02, +7.3933e-02, -5.2758e-02, +6.8151e-03, +3.4742e-02, -4.0803e-02, -1.2280e-02, +1.2483e-01, -8.7608e-03, -2.9433e-02, -5.5199e-02, +1.4083e-02, +2.0111e-02, +9.3491e-02, +1.2671e-01, -1.1194e-01, -4.8163e-02, +1.2972e-02, +1.0873e-02, +5.8566e-02, -7.0562e-03, +1.3480e-01, -5.4401e-02, +1.7705e-02, +1.0596e-02, -1.0000e+00, -5.9425e-02, +4.3958e-02, -4.2622e-02, -4.0898e-02, -2.7226e-02, +6.0358e-02, -1.3082e-01, -6.6307e-02, +1.3425e-01
-1.7871e-02, +1.5926e-02, +1.5651e-02, +1.2087e-01, +4.8764e-02, -1.4557e-02, +7.1677e-02, +1.6550e-02, -6.3425e-02, -6.7935e-02, +7.1404e-04, +9.9977e-02, -2.3682e-02, -1.7517e-02, -3.0455e-02, -4.2817e-02, -6.5760e-02, +6.0550e-03, -8.0643e-02, +3.9750e-02, +3.7280e-02, +1.0626e-01, -4.1677e-03, -9.7986e-03, +6.4983e-03, +8.0059e-03, -4.5266e-02, +3.6085e-02, -3.8750e-02, +6.4333e-02, +9.2124e-02, +6.4569e-02, +6.6992e-02, -5.1998e-02, -5.0844e-02, +2.8332e-03, +2.4848e-01, -3.0199e-02, -1.6955e-02, -6.0572e-02, -5.9425e-02, -1.0000e+00, +1.5821e-02, -8.7024e-02, +1.2347e-02, -2.4196e-02, +9.5438e-02, -9.4725e-02, -6.7689e-02, -1.7154e-02
-1.7722e-02, +5.7467e-02, -3.2236e-02, +2.5826e-02, -2.4667e-02, +1.1385e-02, -2.9871e-02, -1.6134e-03, +3.9697e-03, -3.0258e-02, -2.6786e-02, -4.2136e-02, -3.1128e-02, +5.8435e-02, -2.6344e-03, +9.5895e-02, -1.1365e-01, +1.3315e-02, +3.2998e-03, +6.6403e-02, -4.7643e-02, +2.2990e-02, -1.6630e-01, -4.4504e-02, +5.7200e-04, +1.5625e-02, +1.4299e-02, +1.1260e-02, -1.4111e-02, -3.9803e-02, -2.5055e-02, +8.7440e-03, +1.5372e-02, +1.2704e-01, -3.1234e-02, +9.4759e-02, -9.0574e-02, +5.8280e-02, +1.2023e-03, +7.3171e-03, +4.3958e-02, +1.5821e-02, -1.0000e+00, -5.6004e-02, +8.5319e-02, -4.3502e-02, -1.6584e-02, +1.2785e-01, +1.3877e-01, +1.4918e-03
-1.6088e-02, +1.5982e-02, +6.6912e-02, -5.3765e-04, +4.2128e-02, -7.0516e-02, +4.2855e-02, +1.6834e-02, -3.8542e-02, -1.2939e-01, +5.5778e-02, +2.7479e-01, -1.8877e-02, -1.4765e-01, -1.4414e-01, -5.7707e-02, -8.0271e-02, +1.2875e-02, -5.9057e-02, +4.8904e-03, -1.5542e-01, +1.3209e-01, -3.4146e-01, -8.6217e-02, -3.3769e-02, -1.4270e-02, -3.7756e-02, -7.8744e-02, +3.4538e-02, +5.4390e-02, -4.7762e-02, -7.6199e-03, -1.2368e-02, +9.6955e-02, +1.5193e-02, -8.6379e-02, +3.2174e-01, +5.6520e-02, +7.0577e-02, -5.5102e-03, -4.2622e-02, -8.7024e-02, -5.6004e-02, -1.0000e+00, -1.2758e-01, -2.4128e-02, -9.1788e-02, -2.2509e-01, -8.2540e-02, +1.8332e-01
-8.4432e-02, +4.1816e-03, -1.0769e-01, -1.3329e-01, -1.4311e-01, -1.0128e-01, +1.7493e-01, -1.2678e-01, -9.2071e-02, -1.3106e-01, -2.1677e-01, -1.4359e-02, -1.0998e-01, -1.3574e-01, -7.0138e-02, +3.1423e-03, +6.8953e-02, -1.0130e-01, -2.1766e-02, -1.5595e-01, +1.0738e-02, -1.1741e-01, +1.4646e-01, -1.2605e-01, -1.0370e-01, -3.4133e-02, -1.4014e-01, -1.2069e-01, -1.3959e-01, -2.3317e-02, -1.3499e-01, -6.8586e-02, -7.8477e-02, +1.4159e-01, -3.5607e-02, +4.5846e-02, +4.3708e-02, +8.8565e-02, -9.7769e-02, +6.8291e-02, -4.0898e-02, +1.2347e-02, +8.5319e-02, -1.2758e-01, -1.0000e+00, +4.5950e-03, -1.1783e-01, +5.9144e-02, +7.2647e-02, +1.6923e-02
+1.1270e-02, -3.5129e-02, +1.8012e-03, -5.4591e-02, +6.2593e-02, +2.0472e-02, -1.0327e-01, +1.9018e-01, +2.2411e-02, -2.6758e-02, +2.9969e-02, +1.2410e-01, -7.7418e-02, -7.4784e-03, +9.4942e-02, +3.2746e-02, +8.0222e-02, -4.9053e-02, -2.9771e-03, +7.2491e-02, -4.7727e-02, +1.2896e-01, -3.9623e-02, +1.4000e-03, -7.2414e-02, +8.4212e-02, -7.3980e-02, +2.4299e-03, +5.8909e-02, +6.6451e-02, +5.1585e-02, +4.1580e-02, +6.6677e-02, +3.7920e-03, +3.0657e-02, +1.5806e-02, +4.2766e-02, +1.2568e-01, +1.1781e-02, +2.8805e-03, -2.7226e-02, -2.4196e-02, -4.3502e-02, -2.4128e-02, +4.5950e-03, -1.0000e+00, +6.7012e-03, -2.0246e-01, +5.7785e-02, +1.9457e-02
+2.3354e-02, +3.9471e-02, -1.0492e-01, -1.6396e-01, -1.1716e-01, -2.5168e-01, -9.2612e-02, -1.2032e-01, +7.0534e-02, +2.2130e-02, -2.3684e-01, -6.1188e-02, +2.4785e-02, -9.4797e-02, -1.1988e-01, +3.6269e-02, -1.1291e-02, -1.6735e-01, -1.1343e-01, -1.1128e-01, +3.0858e-03, -8.0735e-02, +1.3452e-01, -1.5309e-01, +1.5507e-02, +7.2069e-05, -8.5740e-02, -1.1053e-01, -2.4001e-01, -1.5948e-01, -3.2240e-01, +3.0635e-03, -2.8608e-02, +2.8033e-01, -8.6499e-02, -1.9841e-02, +2.5897e-02, -2.5306e-02, -1.5552e-01, +3.8406e-02, +6.0358e-02, +9.5438e-02, -1.6584e-02, -9.1788e-02, -1.1783e-01, +6.7013e-03, -1.0000e+00, +2.7887e-02, -3.4019e-02, +7.1972e-02
+1.7362e-01, -4.4005e-02, +2.7487e-01, +4.6213e-03, +1.6642e-01, -7.3171e-02, -9.8113e-02, +5.8332e-02, -1.6078e-02, -1.2223e-01, +1.1267e-01, +3.3068e-01, -1.5176e-01, -2.0536e-01, +4.3721e-02, -9.9483e-03, -1.1887e-02, -1.6107e-01, -1.0434e-01, +6.5371e-02, -9.1240e-02, +3.6338e-01, +5.2042e-02, -1.0171e-01, +9.0070e-02, -5.7985e-02, -7.4984e-02, +6.3403e-02, +5.5229e-02, +2.8060e-02, +1.3840e-01, +4.9608e-04, +2.5117e-01, +2.3598e-01, -8.1293e-02, +4.3504e-03, +3.4704e-01, +5.4157e-02, +6.2101e-03, +3.7804e-02, -1.3082e-01, -9.4725e-02, +1.2785e-01, -2.2509e-01, +5.9144e-02, -2.0246e-01, +2.7887e-02, -1.0000e+00, -1.0857e-01, +1.2176e-01
-4.0774e-02, -9.7145e-02, +2.7676e-02, +3.4949e-02, -3.9401e-02, -9.4851e-02, -2.7751e-02, +4.6441e-03, +8.2271e-02, -2.6053e-02, -1.7257e-02, -1.6038e-02, +2.9270e-03, -1.0952e-01, -8.2457e-02, +8.1636e-03, -3.4381e-02, -7.7284e-02, -8.5291e-02, -2.0545e-03, -1.4956e-02, -9.1270e-02, -2.3870e-02, -2.7524e-02, -4.2281e-02, -5.4088e-03, -8.7593e-03, +2.7108e-03, -7.0417e-02, -3.2724e-02, -1.4261e-01, -1.4650e-03, +3.3027e-02, +7.9651e-02, +1.3561e-02, -1.3079e-01, +1.7917e-01, -7.8924e-02, -3.8352e-03, -6.2225e-02, -6.6307e-02, -6.7689e-02, +1.3877e-01, -8.2540e-02, +7.2647e-02, +5.7785e-02, -3.4019e-02, -1.0857e-01, -1.0000e+00, +1.4710e-01
-1.2740e-02, +5.2035e-02, -3.7806e-02, -8.1886e-02, +7.0534e-02, +1.0370e-01, +1.0852e-01, +3.0416e-02, +3.4674e-02, -5.9363e-02, +2.8268e-02, -1.4398e-01, -1.4486e-01, +1.1634e-01, +1.4279e-01, +5.0632e-02, -7.2362e-02, -1.6882e-02, +6.1648e-02, -5.2383e-02, +1.1243e-02, +1.3088e-01, +2.5491e-02, +5.2017e-02, +6.3783e-02, +6.0553e-02, +1.1951e-01, +5.8947e-03, +5.5111e-02, -7.2338e-02, +1.4836e-01, +3.0819e-02, +1.5132e-02, +2.6260e-01, -1.1549e-01, +8.7545e-02, -3.0741e-01, +1.1721e-01, -1.7527e-02, +1.2699e-01, +1.3425e-01, -1.7154e-02, +1.4918e-03, +1.8332e-01, +1.6923e-02, +1.9457e-02, +7.1972e-02, +1.2176e-01, +1.4710e-01, -1.0000e+00
