-1.0000e+00, +5.3635e-02, -1.2151e-01, -9.9836e-02, -3.7254e-02, -1.7395e-02, -8.3986e-02, +4.2341e-02, -1.2772e-01, +4.8743e-02, -1.0691e-01, -3.7309e-02, +7.2851e-02, +3.6962e-02, -7.5651e-02, +5.2238e-02, +7.8151e-03, +1.0873e-02, +3.2407e-03, -6.6885e-02, -1.9858e-02, -4.7392e-02, -3.8790e-03, -3.2598e-02, -1.2876e-01, -4.7966e-02, -7.2093e-02, -8.5469e-02, -3.4322e-02, +3.5311e-03, -8.3010e-02, -5.7401e-02, -1.5143e-02, +1.9027e-02, -1.4967e-02, -1.1036e-01, +2.8555e-02, -3.8755e-03, -3.6841e-02, +9.7811e-03, +3.5854e-02, -6.8520e-03, -4.6117e-03, +5.4664e-02, -6.5445e-02, -5.7217e-02, -8.0050e-02, +3.1101e-01, -1.4699e-02, -5.7432e-02
+5.3635e-02, -1.0000e+00, -4.8170e-02, +3.6915e-02, -6.0648e-03, +8.2223e-03, +1.1728e-02, +1.0258e-01, -1.1292e-02, +4.3623e-02, +2.4739e-02, +6.7792e-02, -2.8209e-02, +1.7260e-02, +5.3315e-02, +2.6871e-02, +7.2384e-02, +1.8630e-03, -5.7217e-02, +3.7417e-02, +2.1988e-02, -1.7716e-02, +2.9686e-02, +3.8002e-02, -8.5711e-03, -1.1844e-02, +4.0362e-02, -9.1164e-03, -1.9748e-02, +9.9352e-03, +1.1355e-02, -2.1983e-02, +1.3457e-02, +6.7277e-02, -8.5215e-02, +6.8316e-02, +2.2289e-02, +4.4228e-02, +4.6606e-03, +1.0924e-02, +3.3463e-02, -2.9676e-02, +1.8621e-03, -6.2681e-02, -6.0365e-02, -4.6687e-02, -5.4691e-02, -6.6941e-02, -5.2115e-02, -1.0252e-01
-1.2151e-01, -4.8170e-02, -1.0000e+00, +1.0685e-01, +9.8010e-03, -9.3588e-02, +7.5165e-02, -8.4292e-02, -5.5536e-02, +4.0840e-02, -5.1731e-02, +1.3131e-02, +3.6517e-02, -2.5386e-02, -1.2569e-02, +3.3081e-02, +2.2515e-03, -6.7703e-02, -6.8692e-02, -1.1015e-01, -2.8947e-02, +4.1757e-05, +2.8471e-02, -7.5078e-03, -9.7563e-02, -7.2829e-02, -7.8304e-02, -5.4185e-03, -4.2027e-02, +5.3022e-03, +1.0868e-03, +6.1505e-02, -1.0123e-01, -7.5899e-02, -3.6746e-02, +4.1322e-02, -3.5913e-02, +3.9530e-02, +1.8477e-02, -4.0987e-02, +1.4229e-02, -5.6786e-02, -7.7800e-02, -5.4245e-02, -3.6232e-02, -8.4279e-02, -2.2484e-02, -5.2937e-03, +6.8802e-02, -3.0023e-02
-9.9836e-02, +3.6915e-02, +1.0685e-01, -1.0000e+00, -9.1813e-02, -9.1054e-03, -4.2984e-02, -1.2884e-01, +6.0380e-02, +9.5379e-02, -9.2834e-02, +3.1553e-02, -9.0177e-02, +9.5228e-02, -7.1820e-02, +8.6797e-02, +4.9727e-02, -3.6214e-02, +4.0437e-02, +8.6306e-03, +7.4513e-02, +2.2531e-02, +1.5081e-02, -7.9411e-02, -2.6212e-02, -7.3398e-02, +2.8622e-02, -5.9500e-02, -7.9521e-02, -5.9535e-02, +8.8271e-03, -3.0017e-03, +3.1061e-02, -1.1738e-02, -5.0528e-02, -5.5830e-02, -5.8174e-02, +3.8238e-02, -8.4447e-02, -4.2595e-02, +4.6310e-02, +2.1633e-02, -4.3627e-02, +1.0430e-01, -7.1205e-02, +4.7440e-03, +1.9403e-02, +4.7585e-02, -2.3027e-02, +1.1190e-02
-3.7254e-02, -6.0648e-03, +9.8010e-03, -9.1813e-02, -1.0000e+00, -1.0244e-01, -2.5545e-02, -7.0937e-02, -1.3792e-02, +7.0152e-02, -7.9792e-03, -5.5607e-02, -5.0468e-02, +1.4827e-02, -6.9892e-02, +6.1190e-02, +6.8584e-02, -3.0681e-02, +2.6398e-02, -1.5564e-01, +1.0470e-01, +1.3638e-02, +4.9779e-02, -1.3961e-01, +1.6287e-03, -6.5771e-02, -6.6524e-02, -1.0918e-01, -1.2486e-01, -7.7264e-02, -3.9530e-02, -4.2986e-02, -1.8588e-02, -1.6732e-02, -6.6766e-03, +4.7691e-02, +4.3985e-03, +7.6503e-02, +1.9015e-02, +2.5043e-02, +1.2253e-01, -4.2348e-02, -1.8545e-03, +6.1022e-02, +1.7059e-02, +3.9549e-02, -7.4944e-02, +1.8511e-01, +2.9230e-02, +2.3734e-02
-1.7395e-02, +8.2222e-03, -9.3588e-02, -9.1054e-03, -1.0244e-01, -1.0000e+00, +9.6871e-02, -4.3987e-02, -5.5451e-02, +8.1631e-02, -1.5281e-01, +5.7753e-02, -4.3845e-02, -5.4002e-02, -1.3501e-01, +9.0069e-02, -2.9184e-02, -1.0181e-01, -3.9477e-02, +4.0456e-02, +6.8564e-02, +8.5496e-02, +1.6006e-02, -4.9010e-02, -2.9936e-02, -1.3189e-01, -9.7396e-02, -1.1809e-01, -2.6151e-01, -2.1924e-02, -1.0857e-01, -1.7371e-02, -2.0934e-02, -1.4123e-02, -1.3721e-02, -2.5980e-02, +8.0201e-02, -1.4663e-02, -9.6610e-04, -2.0966e-02, -3.8114e-02, -3.4375e-02, +5.1090e-02, -2.4330e-02, -3.7453e-02, +5.4300e-02, -1.1972e-01, +6.7219e-02, -3.5810e-02, -8.1545e-02
-8.3986e-02, +1.1728e-02, +7.5165e-02, -4.2984e-02, -2.5545e-02, +9.6871e-02, -1.0000e+00, -5.2232e-02, -7.8369e-03, -6.0417e-03, +5.3569e-02, +2.4240e-01, +2.6591e-02, +7.5700e-02, +3.0409e-02, -2.8417e-02, +8.2016e-02, +3.6120e-02, +2.9057e-02, -6.0673e-02, +3.5157e-02, +2.0715e-02, +6.5097e-02, +8.5815e-03, +4.5979e-02, +1.3052e-01, -2.1337e-02, -3.3104e-02, +1.2936e-02, +4.9862e-02, +1.9818e-02, +5.8563e-02, +9.9410e-02, -3.7936e-02, -3.6828e-02, +2.6836e-02, +4.8368e-02, -3.1706e-02, +1.9126e-02, +1.6234e-03, +8.8891e-02, +2.0264e-02, +1.3053e-02, +9.3010e-02, -9.8169e-03, -5.5707e-02, -1.1598e-02, +2.0017e-02, +2.3317e-01, +1.8260e-01
+4.2341e-02, +1.0258e-01, -8.4292e-02, -1.2884e-01, -7.0937e-02, -4.3987e-02, -5.2232e-02, -1.0000e+00, -4.6508e-02, +1.9975e-02, +1.8373e-02, +2.3996e-02, -1.1971e-01, +5.0593e-02, -1.2152e-01, -2.0596e-02, +1.0169e-01, -8.8819e-02, -3.3746e-04, -1.2230e-01, +2.2324e-02, -3.2195e-02, +1.0368e-01, -3.0286e-02, +8.3490e-02, +2.1414e-02, -1.3542e-01, -2.0939e-02, -8.3602e-02, -9.4118e-02, -4.3975e-02, +6.0371e-02, -1.9954e-02, +4.7545e-02, -2.0084e-02, +8.0875e-02, +8.7779e-02, -2.7048e-02, -5.7859e-02, -6.1829e-02, -3.8661e-02, -3.0755e-02, +6.3934e-03, +6.6588e-02, -6.3968e-02, +8.7799e-02, +4.2920e-02, -3.8186e-02, +3.8023e-02, +1.1144e-02
-1.2772e-01, -1.1292e-02, -5.5536e-02, +6.0380e-02, -1.3792e-02, -5.5451e-02, -7.8369e-03, -4.6508e-02, -1.0000e+00, +1.3762e-02, +1.1028e-02, +1.8646e-02, -5.2818e-03, -5.1038e-02, -3.5860e-02, -9.4127e-02, -5.1473e-02, -9.1756e-03, -1.9727e-02, -1.7437e-01, -1.4282e-02, -4.7406e-02, -2.4367e-02, +1.4218e-02, -1.1761e-01, +4.2682e-02, +6.1309e-02, -6.8959e-02, +5.0663e-03, +3.8906e-02, -4.1065e-02, +3.6867e-02, -5.2583e-02, -2.1887e-02, -4.8028e-03, -5.9904e-03, +5.8411e-02, -1.0153e-02, -7.9564e-03, +3.0991e-03, +3.3865e-02, -6.5382e-02, -4.7585e-03, -2.9348e-03, -5.9523e-02, +7.4615e-03, -1.0838e-01, +1.4832e-01, -5.4897e-02, -1.0410e-02
+4.8743e-02, +4.3623e-02, +4.0840e-02, +9.5379e-02, +7.0152e-02, +8.1631e-02, -6.0417e-03, +1.9975e-02, +1.3762e-02, -1.0000e+00, -2.5890e-02, +9.5537e-02, +2.5643e-02, +1.9048e-03, +6.5224e-02, +3.7630e-02, +7.0015e-02, +6.5404e-02, +2.6583e-02, -4.3156e-02, -6.0502e-02, -6.8514e-03, +1.1343e-01, -9.8907e-02, +4.0128e-02, +9.1334e-02, +1.8297e-02, +5.6412e-02, +7.2560e-02, +1.7552e-02, +1.3513e-03, +1.3374e-02, -2.2506e-03, -2.3993e-02, +4.8375e-02, -8.5405e-03, -7.6533e-03, +3.2967e-02, +5.0071e-02, +2.8332e-02, +5.4129e-02, -1.2853e-02, +1.8246e-02, +1.5449e-02, +1.0381e-01, +1.0144e-01, +1.1688e-01, -9.3468e-03, -7.0652e-02, +5.4318e-03
-1.0691e-01, +2.4739e-02, -5.1731e-02, -9.2834e-02, -7.9792e-03, -1.5281e-01, +5.3569e-02, +1.8373e-02, +1.1028e-02, -2.5890e-02, -1.0000e+00, -4.1546e-02, -4.0220e-02, +2.4536e-02, -2.1376e-01, +1.1683e-01, +4.5004e-04, -2.2618e-01, -5.3466e-02, -3.0127e-03, +3.5819e-02, +3.0943e-02, +1.8339e-01, +8.2715e-02, -5.1531e-02, -6.7766e-02, -5.8783e-02, -1.5704e-01, -1.2241e-01, -1.0090e-01, -1.5710e-01, -1.8539e-01, -5.3020e-02, -6.5713e-02, -9.2527e-02, +1.1696e-02, -1.3790e-02, -1.0124e-01, +3.0289e-02, +6.3536e-03, -1.2718e-01, -9.0905e-02, -6.4785e-03, +2.0719e-03, -1.2087e-01, +1.0923e-01, -1.0189e-01, +3.5805e-01, -7.1258e-02, +3.5582e-02
-3.7309e-02, +6.7792e-02, +1.3131e-02, +3.1553e-02, -5.5607e-02, +5.7753e-02, +2.4240e-01, +2.3996e-02, +1.8646e-02, +9.5537e-02, -4.1546e-02, -1.0000e+00, +2.8181e-02, -5.3113e-02, +5.7359e-02, -5.4724e-02, +1.2428e-01, -9.8092e-02, +7.6261e-02, -1.0626e-02, +1.7343e-01, -2.4499e-02, +1.0123e-01, +8.7872e-02, -3.9077e-02, -4.5804e-03, +4.0312e-02, +7.6385e-02, +2.2778e-02, -2.7455e-02, -6.4033e-02, +1.1095e-02, +4.1937e-03, +3.0047e-02, +7.3552e-02, -8.1901e-02, -3.6815e-02, +8.0631e-02, +5.0033e-02, -8.2636e-03, +2.4373e-02, -3.8896e-02, -4.8428e-02, +4.1517e-03, +5.3515e-01, +5.9303e-02, +1.7871e-01, +1.1103e-01, -1.2397e-01, +1.9138e-01
+7.2851e-02, -2.8209e-02, +3.6517e-02, -9.0177e-02, -5.0468e-02, -4.3845e-02, +2.6591e-02, -1.1971e-01, -5.2818e-03, +2.5643e-02, -4.0220e-02, +2.8181e-02, -1.0000e+00, +5.5319e-02, -1.0264e-02, -3.4854e-02, +1.6695e-01, -8.9227e-02, -9.5592e-04, +1.1917e-02, +1.0819e-01, -1.9359e-02, +1.1543e-01, -2.3393e-02, +6.6377e-03, -1.3942e-01, -3.4977e-02, -5.2054e-02, -5.9808e-02, -7.7599e-02, -1.9736e-02, +1.3012e-01, +4.5615e-02, -3.2872e-02, +9.8314e-03, -1.2159e-01, +6.5200e-02, -1.6631e-02, -3.9761e-02, +3.9504e-02, +3.3017e-02, +5.1489e-02, -3.0619e-02, -4.4546e-02, -1.2974e-01, +2.9122e-03, -5.8829e-02, -8.7585e-02, +2.7266e-03, +5.8983e-02
+3.6962e-02, +1.7260e-02, -2.5386e-02, +9.5228e-02, +1.4827e-02, -5.4002e-02, +7.5700e-02, +5.0593e-02, -5.1038e-02, +1.9048e-03, +2.4536e-02, -5.3113e-02, +5.5319e-02, -1.0000e+00, +2.4358e-02, -2.4135e-02, +1.1419e-01, -2.8729e-02, -1.9009e-02, +5.0658e-02, +1.0684e-01, +9.9661e-03, +1.8125e-02, -6.9578e-02, -4.2885e-02, -7.6161e-03, -1.8343e-02, -2.5177e-02, -1.4439e-02, -1.5069e-02, -8.2542e-02, +6.1004e-02, +1.8419e-03, +6.7050e-02, -4.1454e-02, +7.4263e-02, -6.3323e-02, +2.3496e-04, -1.2383e-02, -2.7643e-02, -6.3242e-02, +5.2299e-02, +5.1458e-02, +6.7320e-02, +5.1401e-02, -4.1669e-02, -2.1390e-02, -7.7121e-02, +3.3222e-02, -1.3390e-01
-7.5651e-02, +5.3315e-02, -1.2569e-02, -7.1820e-02, -6.9892e-02, -1.3501e-01, +3.0409e-02, -1.2152e-01, -3.5860e-02, +6.5224e-02, -2.1376e-01, +5.7359e-02, -1.0264e-02, +2.4358e-02, -1.0000e+00, +1.0872e-01, -9.1506e-02, -1.0070e-01, -4.6792e-02, -6.6358e-02, -1.7226e-02, +2.4679e-02, -5.0309e-02, -4.8849e-02, -1.1032e-01, +2.3741e-02, -1.8009e-01, -1.1831e-01, -1.7024e-01, -1.9634e-02, -3.5041e-02, -1.1983e-01, -8.8633e-02, +2.9128e-02, -4.3153e-02, +5.0847e-02, +9.4671e-02, -4.2940e-02, +8.7646e-03, -6.1304e-02, -8.5479e-02, -2.7230e-02, -3.8998e-02, +4.9117e-02, -5.9938e-02, +3.0683e-02, -6.6696e-02, +2.0064e-01, +1.8828e-02, +4.2111e-02
+5.2238e-02, +2.6871e-02, +3.3081e-02, +8.6797e-02, +6.1190e-02, +9.0069e-02, -2.8417e-02, -2.0596e-02, -9.4127e-02, +3.7630e-02, +1.1683e-01, -5.4724e-02, -3.4854e-02, -2.4135e-02, +1.0872e-01, -1.0000e+00, -1.2370e-01, +2.3118e-02, -5.7557e-02, -7.3860e-02, -1.4968e-01, +9.9061e-03, -2.9417e-02, -4.0408e-02, +4.7640e-03, +1.0083e-01, +7.2579e-02, -7.7980e-02, +3.0920e-02, +5.2137e-02, +4.3887e-02, +5.6511e-01, +7.3040e-02, -1.5943e-01, +5.1353e-02, +1.2833e-01, -3.7041e-02, +1.0503e-01, +5.1643e-02, -1.6978e-02, +5.2013e-02, -3.8982e-02, +8.5218e-02, -4.6649e-02, -4.8004e-02, -1.1220e-01, +9.2091e-02, +1.4626e-01, -5.0354e-02, +1.2567e-01
+7.8151e-03, +7.2384e-02, +2.2515e-03, +4.9727e-02, +6.8584e-02, -2.9184e-02, +8.2016e-02, +1.0169e-01, -5.1473e-02, +7.0015e-02, +4.5004e-04, +1.2428e-01, +1.6695e-01, +1.1419e-01, -9.1506e-02, -1.2370e-01, -1.0000e+00, +9.5890e-02, +1.1303e-01, +6.0422e-02, -7.0033e-02, +2.9600e-02, +1.0476e-01, +3.9213e-02, +8.5415e-02, +6.3755e-03, -2.4481e-02, +1.7732e-02, +5.4347e-02, +3.2693e-02, +1.2587e-01, -6.0540e-02, -2.9002e-02, +4.5336e-03, +2.9023e-02, +1.7420e-02, -6.6547e-03, -4.1263e-02, -1.1311e-02, -1.0625e-02, +1.0703e-02, +2.6198e-02, +2.5151e-02, -6.1189e-02, +2.4419e-01, +3.7966e-02, -9.6411e-02, -7.4492e-02, -7.6762e-02, +4.0471e-02
+1.0873e-02, +1.8630e-03, -6.7703e-02, -3.6214e-02, -3.0681e-02, -1.0181e-01, +3.6120e-02, -8.8819e-02, -9.1756e-03, +6.5404e-02, -2.2618e-01, -9.8092e-02, -8.9227e-02, -2.8729e-02, -1.0070e-01, +2.3118e-02, +9.5890e-02, -1.0000e+00, -3.5692e-02, -1.7175e-01, +1.2436e-01, -9.1671e-03, +1.1500e-01, +3.6815e-02, -3.8336e-02, -8.1141e-02, -5.5705e-02, -1.2839e-01, -8.6455e-02, -6.5837e-02, -4.9869e-02, +9.2771e-03, -6.0230e-02, -2.7599e-02, -5.7418e-02, +7.3227e-02, +7.2197e-02, -4.7259e-02, -2.0220e-02, -6.3803e-02, -4.3214e-02, -9.7773e-03, -2.8065e-02, +6.8526e-03, -3.7778e-02, +5.6287e-02, -8.1299e-02, +1.0669e-01, +1.0620e-02, +2.6787e-02
+3.2407e-03, -5.7217e-02, -6.8692e-02, +4.0437e-02, +2.6398e-02, -3.9477e-02, +2.9057e-02, -3.3745e-04, -1.9727e-02, +2.6583e-02, -5.3466e-02, +7.6261e-02, -9.5592e-04, -1.9009e-02, -4.6792e-02, -5.7557e-02, +1.1303e-01, -3.5692e-02, -1.0000e+00, +2.0676e-02, -4.3139e-02, -5.4273e-02, +4.1291e-02, +2.2541e-02, -1.2953e-03, -3.4252e-02, -1.5457e-02, -7.1328e-03, -1.6268e-02, -1.7608e-02, -1.0418e-02, -5.3714e-03, -7.4423e-03, +6.1064e-02, +2.5844e-02, +1.1530e-02, +1.7403e-01, -4.9329e-02, -1.8190e-02, -2.4027e-02, -6.6097e-02, +2.6240e-02, -2.6944e-03, -3.5263e-02, -1.3020e-01, +2.2221e-02, -2.1318e-02, +7.8211e-02, -3.9217e-02, -3.3164e-02
-6.6885e-02, +3.7417e-02, -1.1015e-01, +8.6306e-03, -1.5564e-01, +4.0456e-02, -6.0673e-02, -1.2230e-01, -1.7437e-01, -4.3156e-02, -3.0127e-03, -1.0626e-02, +1.1917e-02, +5.0658e-02, -6.6358e-02, -7.3860e-02, +6.0422e-02, -1.7175e-01, +2.0676e-02, -1.0000e+00, +3.3041e-01, -1.0121e-01, +4.0662e-03, -2.3837e-02, -5.2654e-02, -1.5521e-02, -3.4192e-02, -2.9400e-02, -8.1313e-02, -1.0238e-01, -2.4079e-02, +7.2136e-02, -1.1370e-01, +2.7613e-02, +3.3985e-03, +9.5546e-02, +1.0293e-01, -3.7149e-02, -5.0420e-02, -2.9588e-02, +2.4694e-02, -4.1907e-02, +4.7303e-02, +3.5001e-02, +2.1835e-03, +1.0981e-01, -1.3170e-02, +1.1553e-01, +1.8392e-02, +5.9468e-02
-1.9858e-02, +2.1988e-02, -2.8947e-02, +7.4513e-02, +1.0470e-01, +6.8564e-02, +3.5157e-02, +2.2324e-02, -1.4282e-02, -6.0502e-02, +3.5819e-02, +1.7343e-01, +1.0819e-01, +1.0684e-01, -1.7226e-02, -1.4968e-01, -7.0033e-02, +1.2436e-01, -4.3139e-02, +3.3041e-01, -1.0000e+00, +7.6726e-02, -9.0557e-02, +9.7409e-02, -4.6884e-02, +2.7416e-02, +1.8502e-02, -5.3791e-02, +8.9305e-03, +6.4892e-02, +7.4914e-02, -7.9672e-02, +1.3810e-02, -8.3358e-02, +4.0763e-02, +2.6597e-01, +1.2916e-01, +6.3797e-03, +7.5521e-02, -6.6007e-02, -7.2571e-02, -9.0025e-02, -5.8433e-02, +1.3261e-02, -1.6137e-01, -8.2510e-02, -1.7657e-02, +1.5458e-01, -1.5101e-03, -1.6120e-02
-4.7392e-02, -1.7716e-02, +4.1760e-05, +2.2531e-02, +1.3638e-02, +8.5496e-02, +2.0715e-02, -3.2195e-02, -4.7406e-02, -6.8514e-03, +3.0943e-02, -2.4499e-02, -1.9359e-02, +9.9661e-03, +2.4679e-02, +9.9061e-03, +2.9600e-02, -9.1671e-03, -5.4273e-02, -1.0121e-01, +7.6726e-02, -1.0000e+00, -2.3451e-03, -3.0249e-02, -1.7925e-02, +4.7222e-02, +8.4693e-02, +8.8784e-03, +6.1243e-02, +2.3223e-02, -2.0887e-02, -1.6101e-02, -1.2914e-01, +5.8088e-02, +4.8150e-02, -2.6935e-02, +4.8292e-02, -3.7935e-02, -4.3108e-02, -8.4279e-03, -3.8106e-02, -9.4508e-03, +6.7805e-02, -3.1407e-02, -4.8412e-03, -4.1150e-02, -2.7682e-02, +2.8940e-02, +3.5073e-03, -3.2196e-02
-3.8790e-03, +2.9686e-02, +2.8471e-02, +1.5081e-02, +4.9779e-02, +1.6006e-02, +6.5097e-02, +1.0368e-01, -2.4367e-02, +1.1343e-01, +1.8339e-01, +1.0123e-01, +1.1543e-01, +1.8125e-02, -5.0309e-02, -2.9417e-02, +1.0476e-01, +1.1500e-01, +4.1291e-02, +4.0662e-03, -9.0557e-02, -2.3451e-03, -1.0000e+00, -2.4505e-02, -9.0703e-03, +4.8039e-02, +1.2831e-02, +4.5569e-02, +9.9036e-02, +2.2288e-02, +1.0616e-01, +2.6442e-03, -2.0467e-02, +8.3650e-03, +5.4351e-02, -3.2441e-03, +1.0867e-03, -1.2815e-02, +3.3653e-02, -3.9510e-02, -2.7759e-02, +1.0738e-03, -1.1976e-02, -4.7995e-02, +1.3848e-01, -2.7763e-02, -2.9219e-02, -2.1111e-02, +2.0322e-02, +3.4066e-02
-3.2598e-02, +3.8002e-02, -7.5078e-03, -7.9411e-02, -1.3961e-01, -4.9010e-02, +8.5815e-03, -3.0286e-02, +1.4218e-02, -9.8907e-02, +8.2715e-02, +8.7872e-02, -2.3393e-02, -6.9578e-02, -4.8849e-02, -4.0408e-02, +3.9213e-02, +3.6815e-02, +2.2541e-02, -2.3837e-02, +9.7409e-02, -3.0249e-02, -2.4505e-02, -1.0000e+00, -6.4612e-03, -1.0024e-01, -1.5368e-01, +1.4104e-02, +9.3490e-02, +8.0385e-03, -1.0213e-01, +1.4201e-01, -2.6896e-02, -8.1581e-03, -8.8451e-02, -7.8082e-02, -5.7193e-02, +5.1870e-03, -8.2285e-03, -2.8160e-02, +6.5675e-02, -3.9459e-02, +5.4675e-02, +1.0834e-01, -6.8136e-02, -1.2671e-01, -8.2252e-02, +7.0184e-02, -9.9876e-03, -8.0922e-02
-1.2876e-01, -8.5711e-03, -9.7563e-02, -2.6212e-02, +1.6287e-03, -2.9936e-02, +4.5979e-02, +8.3490e-02, -1.1761e-01, +4.0128e-02, -5.1531e-02, -3.9077e-02, +6.6378e-03, -4.2885e-02, -1.1032e-01, +4.7641e-03, +8.5415e-02, -3.8336e-02, -1.2954e-03, -5.2654e-02, -4.6884e-02, -1.7925e-02, -9.0703e-03, -6.4612e-03, -1.0000e+00, +1.0337e-02, -2.1022e-02, +2.8051e-02, +6.9539e-02, +6.3053e-02, -3.6048e-02, +2.4762e-02, -4.7286e-02, +1.3910e-02, -5.3139e-02, -8.9692e-03, -6.4784e-02, -1.8818e-02, -2.2954e-02, -4.8228e-02, -3.3140e-02, +4.0337e-02, -9.6482e-03, -2.5897e-02, -8.6946e-02, -3.8492e-02, -7.3034e-02, +1.3131e-01, -7.6474e-02, -4.3132e-02
-4.7966e-02, -1.1844e-02, -7.2829e-02, -7.3398e-02, -6.5771e-02, -1.3189e-01, +1.3052e-01, +2.1414e-02, +4.2682e-02, +9.1334e-02, -6.7766e-02, -4.5804e-03, -1.3942e-01, -7.6161e-03, +2.3741e-02, +1.0083e-01, +6.3755e-03, -8.1141e-02, -3.4252e-02, -1.5521e-02, +2.7416e-02, +4.7222e-02, +4.8039e-02, -1.0024e-01, +1.0337e-02, -1.0000e+00, -5.7491e-02, -8.6871e-02, -4.0642e-02, -3.6012e-02, -1.1908e-01, -4.0290e-02, +1.6641e-02, -4.3104e-03, +1.3288e-02, -9.4060e-02, +5.1915e-02, -7.7294e-02, +6.1005e-02, +1.0646e-02, -1.7701e-02, +6.3519e-02, +3.2015e-02, +6.6602e-03, -6.3204e-02, +1.7995e-02, -9.2389e-02, +6.6346e-02, +4.7895e-02, -1.9733e-02
-7.2093e-02, +4.0362e-02, -7.8305e-02, +2.8622e-02, -6.6524e-02, -9.7396e-02, -2.1337e-02, -1.3542e-01, +6.1309e-02, +1.8297e-02, -5.8783e-02, +4.0312e-02, -3.4977e-02, -1.8344e-02, -1.8009e-01, +7.2579e-02, -2.4481e-02, -5.5705e-02, -1.5457e-02, -3.4192e-02, +1.8502e-02, +8.4693e-02, +1.2831e-02, -1.5368e-01, -2.1022e-02, -5.7491e-02, -1.0000e+00, -5.8432e-02, -1.6897e-01, -4.4922e-02, -7.4326e-02, +2.8600e-03, -4.9975e-02, +2.2577e-02, -6.0651e-02, -9.0108e-02, +1.1988e-01, -5.1062e-02, -5.2948e-02, -1.7871e-02, -2.3995e-02, -9.5081e-02, +5.9364e-03, +4.2465e-02, -6.9323e-02, -4.6074e-02, -8.7347e-02, +6.5281e-02, +7.4810e-03, +2.3086e-02
-8.5469e-02, -9.1164e-03, -5.4185e-03, -5.9501e-02, -1.0918e-01, -1.1809e-01, -3.3104e-02, -2.0939e-02, -6.8959e-02, +5.6412e-02, -1.5704e-01, +7.6385e-02, -5.2054e-02, -2.5177e-02, -1.1831e-01, -7.7980e-02, +1.7732e-02, -1.2839e-01, -7.1328e-03, -2.9400e-02, -5.3791e-02, +8.8784e-03, +4.5569e-02, +1.4104e-02, +2.8051e-02, -8.6871e-02, -5.8432e-02, -1.0000e+00, -1.6376e-01, -6.0273e-02, -1.0477e-01, -3.8211e-02, +4.7477e-02, +5.5412e-04, +6.7269e-02, +5.8485e-03, +5.4770e-02, -1.1713e-01, -7.3793e-02, +7.0261e-03, -2.7702e-02, +3.2031e-02, +2.3307e-02, +3.5597e-02, -1.4523e-01, +3.1980e-02, -9.6272e-02, +2.7155e-01, +8.3474e-02, -6.5879e-03
-3.4322e-02, -1.9748e-02, -4.2027e-02, -7.9521e-02, -1.2486e-01, -2.6151e-01, +1.2936e-02, -8.3602e-02, +5.0663e-03, +7.2560e-02, -1.2241e-01, +2.2778e-02, -5.9808e-02, -1.4439e-02, -1.7024e-01, +3.0920e-02, +5.4347e-02, -8.6455e-02, -1.6268e-02, -8.1313e-02, +8.9305e-03, +6.1243e-02, +9.9036e-02, +9.3490e-02, +6.9539e-02, -4.0642e-02, -1.6897e-01, -1.6376e-01, -1.0000e+00, -1.2656e-01, -7.8945e-02, -1.5618e-03, -1.6204e-02, -2.3728e-02, +1.4056e-02, +3.8323e-02, +4.1824e-02, -7.6553e-02, -6.5255e-02, -1.8970e-02, +1.4487e-02, -2.2318e-02, +3.9031e-02, +8.7893e-02, -8.1285e-02, +9.2533e-02, -2.6300e-02, +1.6601e-01, +1.4027e-02, -1.2786e-02
+3.5311e-03, +9.9352e-03, +5.3022e-03, -5.9535e-02, -7.7264e-02, -2.1925e-02, +4.9862e-02, -9.4118e-02, +3.8906e-02, +1.7552e-02, -1.0090e-01, -2.7455e-02, -7.7599e-02, -1.5069e-02, -1.9634e-02, +5.2137e-02, +3.2693e-02, -6.5837e-02, -1.7608e-02, -1.0238e-01, +6.4892e-02, +2.3223e-02, +2.2288e-02, +8.0385e-03, +6.3053e-02, -3.6012e-02, -4.4922e-02, -6.0273e-02, -1.2656e-01, -1.0000e+00, +1.6800e-02, +7.2437e-03, -7.7391e-02, +2.6064e-03, -2.3573e-02, -7.3966e-02, +3.2248e-02, -3.3117e-02, -9.0074e-02, -4.6041e-02, +1.3084e-02, +1.8710e-02, -6.3220e-04, +7.5982e-02, +1.1217e-02, +2.9133e-02, +4.0246e-02, +7.3428e-03, +1.4118e-02, +7.6669e-02
-8.3010e-02, +1.1355e-02, +1.0868e-03, +8.8271e-03, -3.9530e-02, -1.0857e-01, +1.9818e-02, -4.3975e-02, -4.1065e-02, +1.3513e-03, -1.5710e-01, -6.4033e-02, -1.9736e-02, -8.2542e-02, -3.5041e-02, +4.3887e-02, +1.2587e-01, -4.9869e-02, -1.0418e-02, -2.4079e-02, +7.4914e-02, -2.0887e-02, +1.0616e-01, -1.0213e-01, -3.6048e-02, -1.1908e-01, -7.4326e-02, -1.0477e-01, -7.8945e-02, +1.6800e-02, -1.0000e+00, -7.5874e-02, -1.0868e-01, -3.6503e-02, +7.6404e-02, +7.4117e-02, -1.3030e-01, -4.1786e-02, +1.4062e-02, -1.0517e-03, -1.6924e-01, -4.1681e-02, +3.0801e-02, +6.8529e-02, -4.3876e-02, +1.0857e-01, -7.2971e-02, +2.8287e-01, -3.4945e-03, -7.5966e-03
-5.7401e-02, -2.1983e-02, +6.1505e-02, -3.0017e-03, -4.2986e-02, -1.7371e-02, +5.8563e-02, +6.0371e-02, +3.6867e-02, +1.3374e-02, -1.8539e-01, +1.1095e-02, +1.3012e-01, +6.1004e-02, -1.1983e-01, +5.6511e-01, -6.0540e-02, +9.2771e-03, -5.3714e-03, +7.2136e-02, -7.9672e-02, -1.6101e-02, +2.6442e-03, +1.4201e-01, +2.4762e-02, -4.0290e-02, +2.8600e-03, -3.8211e-02, -1.5618e-03, +7.2437e-03, -7.5874e-02, -1.0000e+00, -2.2299e-02, +2.4173e-01, -4.6718e-02, +3.1015e-01, +6.9826e-02, -1.2931e-01, -3.3335e-02, +6.7527e-02, -5.4277e-03, -1.0971e-01, +2.7278e-02, -1.2479e-02, +1.1546e-01, +1.3114e-01, -1.5539e-01, +3.4130e-01, +6.8821e-02, -1.4519e-02
-1.5143e-02, +1.3457e-02, -1.0123e-01, +3.1061e-02, -1.8588e-02, -2.0934e-02, +9.9410e-02, -1.9954e-02, -5.2583e-02, -2.2506e-03, -5.3020e-02, +4.1937e-03, +4.5615e-02, +1.8419e-03, -8.8633e-02, +7.3040e-02, -2.9002e-02, -6.0230e-02, -7.4423e-03, -1.1370e-01, +1.3810e-02, -1.2914e-01, -2.0467e-02, -2.6896e-02, -4.7286e-02, +1.6641e-02, -4.9975e-02, +4.7477e-02, -1.6204e-02, -7.7391e-02, -1.0868e-01, -2.2299e-02, -1.0000e+00, -1.3937e-02, +1.3104e-02, +1.4291e-01, +6.4306e-03, -7.6196e-02, +1.3811e-02, -1.9791e-02, -2.9264e-02, +1.2112e-02, -1.1229e-01, -2.4297e-03, -6.4936e-02, +2.3580e-02, -3.9987e-02, +1.6514e-01, -2.1887e-02, -1.6159e-02
+1.9027e-02, +6.7277e-02, -7.5899e-02, -1.1738e-02, -1.6732e-02, -1.4123e-02, -3.7936e-02, +4.7545e-02, -2.1887e-02, -2.3993e-02, -6.5713e-02, +3.0047e-02, -3.2872e-02, +6.7050e-02, +2.9128e-02, -1.5943e-01, +4.5336e-03, -2.7599e-02, +6.1064e-02, +2.7613e-02, -8.3358e-02, +5.8088e-02, +8.3650e-03, -8.1581e-03, +1.3910e-02, -4.3104e-03, +2.2577e-02, +5.5411e-04, -2.3728e-02, +2.6064e-03, -3.6503e-02, +2.4173e-01, -1.3937e-02, -1.0000e+00, +2.7794e-02, -5.5051e-02, -3.9368e-02, -1.9498e-02, +1.9230e-02, +2.6783e-02, -2.2320e-02, +1.7559e-02, -7.3132e-02, -7.4936e-02, -3.6476e-02, +3.3002e-03, +4.0469e-02, -3.0374e-02, +7.0575e-02, +9.0110e-02
-1.4967e-02, -8.5215e-02, -3.6746e-02, -5.0528e-02, -6.6766e-03, -1.3721e-02, -3.6828e-02, -2.0084e-02, -4.8028e-03, +4.8375e-02, -9.2527e-02, +7.3552e-02, +9.8314e-03, -4.1454e-02, -4.3153e-02, +5.1353e-02, +2.9023e-02, -5.7418e-02, +2.5844e-02, +3.3985e-03, +4.0763e-02, +4.8150e-02, +5.4351e-02, -8.8451e-02, -5.3139e-02, +1.3288e-02, -6.0651e-02, +6.7269e-02, +1.4056e-02, -2.3573e-02, +7.6404e-02, -4.6718e-02, +1.3104e-02, +2.7794e-02, -1.0000e+00, +1.0185e-01, -6.6778e-02, +4.0770e-02, -6.3368e-03, -7.5427e-03, +8.6112e-02, +6.7210e-03, +6.0200e-02, +3.5363e-02, -3.5121e-02, -1.9918e-02, -3.8296e-02, -3.5096e-03, +3.0078e-02, -4.1257e-02
-1.1036e-01, +6.8316e-02, +4.1322e-02, -5.5830e-02, +4.7691e-02, -2.5980e-02, +2.6836e-02, +8.0875e-02, -5.9904e-03, -8.5405e-03, +1.1696e-02, -8.1901e-02, -1.2159e-01, +7.4263e-02, +5.0847e-02, +1.2833e-01, +1.7420e-02, +7.3227e-02, +1.1530e-02, +9.5546e-02, +2.6597e-01, -2.6935e-02, -3.2441e-03, -7.8082e-02, -8.9692e-03, -9.4060e-02, -9.0108e-02, +5.8485e-03, +3.8323e-02, -7.3966e-02, +7.4117e-02, +3.1015e-01, +1.4291e-01, -5.5051e-02, +1.0185e-01, -1.0000e+00, -3.1139e-03, -7.6102e-02, -9.3309e-03, +2.5778e-02, -1.0640e-01, +2.7217e-03, -4.2330e-03, -6.5562e-02, -8.2855e-03, -1.1612e-01, +4.9907e-02, -2.3512e-01, -6.5983e-03, -5.0028e-03
+2.8555e-02, +2.2289e-02, -3.5913e-02, -5.8174e-02, +4.3985e-03, +8.0201e-02, +4.8368e-02, +8.7779e-02, +5.8411e-02, -7.6533e-03, -1.3790e-02, -3.6815e-02, +6.5200e-02, -6.3323e-02, +9.4671e-02, -3.7041e-02, -6.6547e-03, +7.2197e-02, +1.7403e-01, +1.0293e-01, +1.2916e-01, +4.8292e-02, +1.0867e-03, -5.7193e-02, -6.4784e-02, +5.1915e-02, +1.1988e-01, +5.4770e-02, +4.1825e-02, +3.2248e-02, -1.3030e-01, +6.9826e-02, +6.4306e-03, -3.9368e-02, -6.6778e-02, -3.1139e-03, -1.0000e+00, +1.2259e-01, +6.6329e-03, +1.1368e-02, +3.6298e-02, -7.5244e-03, +1.1834e-01, +2.3903e-02, -6.3760e-03, -7.3532e-02, +1.0531e-01, +8.2916e-02, -4.0215e-02, -6.0930e-03
-3.8755e-03, +4.4228e-02, +3.9530e-02, +3.8238e-02, +7.6503e-02, -1.4663e-02, -3.1706e-02, -2.7048e-02, -1.0153e-02, +3.2967e-02, -1.0124e-01, +8.0631e-02, -1.6631e-02, +2.3497e-04, -4.2940e-02, +1.0503e-01, -4.1263e-02, -4.7259e-02, -4.9329e-02, -3.7149e-02, +6.3797e-03, -3.7935e-02, -1.2815e-02, +5.1871e-03, -1.8818e-02, -7.7294e-02, -5.1062e-02, -1.1713e-01, -7.6553e-02, -3.3117e-02, -4.1786e-02, -1.2931e-01, -7.6196e-02, -1.9498e-02, +4.0770e-02, -7.6102e-02, +1.2259e-01, -1.0000e+00, +1.3291e-02, -1.1899e-02, -8.5734e-02, -9.3388e-03, +6.1177e-03, -2.0558e-03, -9.1297e-02, +7.9639e-02, -8.8048e-02, +1.3519e-01, +1.4283e-01, +3.0043e-02
-3.6841e-02, +4.6606e-03, +1.8477e-02, -8.4447e-02, +1.9015e-02, -9.6610e-04, +1.9126e-02, -5.7859e-02, -7.9564e-03, +5.0071e-02, +3.0289e-02, +5.0033e-02, -3.9761e-02, -1.2383e-02, +8.7646e-03, +5.1643e-02, -1.1311e-02, -2.0220e-02, -1.8190e-02, -5.0420e-02, +7.5521e-02, -4.3108e-02, +3.3653e-02, -8.2285e-03, -2.2954e-02, +6.1005e-02, -5.2948e-02, -7.3793e-02, -6.5255e-02, -9.0074e-02, +1.4062e-02, -3.3335e-02, +1.3811e-02, +1.9230e-02, -6.3368e-03, -9.3309e-03, +6.6329e-03, +1.3291e-02, -1.0000e+00, +1.9850e-02, +6.0785e-02, -5.2250e-03, -1.1920e-02, +4.6720e-02, -6.8712e-03, -2.0243e-02, -5.9323e-02, -2.5177e-03, -9.4308e-03, -8.3648e-02
+9.7811e-03, +1.0924e-02, -4.0987e-02, -4.2595e-02, +2.5043e-02, -2.0966e-02, +1.6234e-03, -6.1829e-02, +3.0991e-03, +2.8332e-02, +6.3536e-03, -8.2636e-03, +3.9504e-02, -2.7643e-02, -6.1304e-02, -1.6978e-02, -1.0625e-02, -6.3803e-02, -2.4027e-02, -2.9588e-02, -6.6007e-02, -8.4279e-03, -3.9510e-02, -2.8160e-02, -4.8228e-02, +1.0646e-02, -1.7871e-02, +7.0261e-03, -1.8970e-02, -4.6041e-02, -1.0517e-03, +6.7527e-02, -1.9791e-02, +2.6783e-02, -7.5427e-03, +2.5778e-02, +1.1368e-02, -1.1899e-02, +1.9850e-02, -1.0000e+00, -4.5189e-02, -3.5498e-02, -3.7333e-02, +3.4802e-03, -5.9896e-03, +2.1061e-02, +2.8042e-02, -4.3908e-02, -4.9607e-03, +1.0498e-01
+3.5854e-02, +3.3463e-02, +1.4229e-02, +4.6310e-02, +1.2253e-01, -3.8114e-02, +8.8891e-02, -3.8661e-02, +3.3865e-02, +5.4129e-02, -1.2718e-01, +2.4373e-02, +3.3017e-02, -6.3242e-02, -8.5479e-02, +5.2013e-02, +1.0703e-02, -4.3214e-02, -6.6097e-02, +2.4694e-02, -7.2571e-02, -3.8106e-02, -2.7759e-02, +6.5675e-02, -3.3140e-02, -1.7701e-02, -2.3995e-02, -2.7702e-02, +1.4487e-02, +1.3084e-02, -1.6924e-01, -5.4277e-03, -2.9264e-02, -2.2320e-02, +8.6112e-02, -1.0640e-01, +3.6298e-02, -8.5734e-02, +6.0785e-02, -4.5189e-02, -1.0000e+00, -4.3151e-02, -3.3856e-03, -4.3731e-02, -5.3695e-02, +9.4606e-03, -5.3549e-02, +3.2651e-02, +9.3566e-03, -4.0680e-02
-6.8520e-03, -2.9676e-02, -5.6786e-02, +2.1634e-02, -4.2348e-02, -3.4376e-02, +2.0264e-02, -3.0755e-02, -6.5382e-02, -1.2853e-02, -9.0905e-02, -3.8896e-02, +5.1489e-02, +5.2299e-02, -2.7230e-02, -3.8982e-02, +2.6198e-02, -9.7773e-03, +2.6240e-02, -4.1907e-02, -9.0025e-02, -9.4508e-03, +1.0738e-03, -3.9459e-02, +4.0337e-02, +6.3519e-02, -9.5081e-02, +3.2031e-02, -2.2318e-02, +1.8710e-02, -4.1681e-02, -1.0971e-01, +1.2112e-02, +1.7559e-02, +6.7210e-03, +2.7217e-03, -7.5244e-03, -9.3387e-03, -5.2250e-03, -3.5498e-02, -4.3151e-02, -1.0000e+00, +7.6710e-03, -8.0695e-02, -7.9956e-02, +6.0123e-02, -4.8618e-02, +2.2357e-02, +1.4931e-02, +5.6684e-02
-4.6117e-03, +1.8621e-03, -7.7800e-02, -4.3627e-02, -1.8545e-03, +5.1090e-02, +1.3053e-02, +6.3934e-03, -4.7585e-03, +1.8246e-02, -6.4785e-03, -4.8428e-02, -3.0619e-02, +5.1458e-02, -3.8998e-02, +8.5218e-02, +2.5151e-02, -2.8065e-02, -2.6944e-03, +4.7303e-02, -5.8433e-02, +6.7805e-02, -1.1976e-02, +5.4675e-02, -9.6482e-03, +3.2015e-02, +5.9364e-03, +2.3307e-02, +3.9031e-02, -6.3221e-04, +3.0801e-02, +2.7278e-02, -1.1229e-01, -7.3132e-02, +6.0200e-02, -4.2330e-03, +1.1834e-01, +6.1177e-03, -1.1920e-02, -3.7333e-02, -3.3856e-03, +7.6710e-03, -1.0000e+00, -9.1473e-02, +4.9760e-02, -1.4911e-02, -3.2456e-03, -9.5411e-02, -7.0396e-02, +1.0468e-01
+5.4664e-02, -6.2681e-02, -5.4245e-02, +1.0430e-01, +6.1022e-02, -2.4330e-02, +9.3010e-02, +6.6588e-02, -2.9348e-03, +1.5449e-02, +2.0719e-03, +4.1517e-03, -4.4546e-02, +6.7320e-02, +4.9117e-02, -4.6649e-02, -6.1189e-02, +6.8526e-03, -3.5263e-02, +3.5001e-02, +1.3261e-02, -3.1407e-02, -4.7995e-02, +1.0834e-01, -2.5897e-02, +6.6602e-03, +4.2465e-02, +3.5597e-02, +8.7893e-02, +7.5982e-02, +6.8529e-02, -1.2479e-02, -2.4297e-03, -7.4936e-02, +3.5363e-02, -6.5562e-02, +2.3903e-02, -2.0558e-03, +4.6720e-02, +3.4802e-03, -4.3731e-02, -8.0695e-02, -9.1473e-02, -1.0000e+00, +1.5763e-02, +4.3999e-02, +1.8222e-02, -2.8308e-02, -9.6434e-02, -4.3119e-02
-6.5445e-02, -6.0365e-02, -3.6232e-02, -7.1205e-02, +1.7059e-02, -3.7453e-02, -9.8169e-03, -6.3968e-02, -5.9523e-02, +1.0381e-01, -1.2087e-01, +5.3515e-01, -1.2974e-01, +5.1401e-02, -5.9938e-02, -4.8004e-02, +2.4419e-01, -3.7778e-02, -1.3020e-01, +2.1835e-03, -1.6137e-01, -4.8412e-03, +1.3848e-01, -6.8136e-02, -8.6946e-02, -6.3204e-02, -6.9323e-02, -1.4523e-01, -8.1285e-02, +1.1217e-02, -4.3876e-02, +1.1546e-01, -6.4936e-02, -3.6476e-02, -3.5121e-02, -8.2855e-03, -6.3760e-03, -9.1297e-02, -6.8712e-03, -5.9896e-03, -5.3695e-02, -7.9956e-02, +4.9760e-02, +1.5763e-02, -1.0000e+00, -3.4063e-02, -7.0501e-02, +9.6706e-02, -1.0737e-02, -6.5463e-02
-5.7217e-02, -4.6687e-02, -8.4279e-02, +4.7440e-03, +3.9549e-02, +5.4300e-02, -5.5707e-02, +8.7799e-02, +7.4615e-03, +1.0144e-01, +1.0923e-01, +5.9303e-02, +2.9122e-03, -4.1669e-02, +3.0683e-02, -1.1220e-01, +3.7966e-02, +5.6287e-02, +2.2221e-02, +1.0981e-01, -8.2510e-02, -4.1150e-02, -2.7763e-02, -1.2671e-01, -3.8492e-02, +1.7995e-02, -4.6074e-02, +3.1980e-02, +9.2533e-02, +2.9133e-02, +1.0857e-01, +1.3114e-01, +2.3580e-02, +3.3002e-03, -1.9918e-02, -1.1612e-01, -7.3532e-02, +7.9639e-02, -2.0243e-02, +2.1061e-02, +9.4606e-03, +6.0123e-02, -1.4911e-02, +4.3999e-02, -3.4063e-02, -1.0000e+00, -1.9499e-03, -2.2411e-03, -6.7122e-02, -1.0573e-01
-8.0050e-02, -5.4691e-02, -2.2484e-02, +1.9403e-02, -7.4944e-02, -1.1972e-01, -1.1598e-02, +4.2920e-02, -1.0838e-01, +1.1688e-01, -1.0189e-01, +1.7871e-01, -5.8829e-02, -2.1390e-02, -6.6696e-02, +9.2091e-02, -9.6411e-02, -8.1299e-02, -2.1318e-02, -1.3170e-02, -1.7657e-02, -2.7682e-02, -2.9219e-02, -8.2252e-02, -7.3034e-02, -9.2389e-02, -8.7347e-02, -9.6272e-02, -2.6300e-02, +4.0246e-02, -7.2971e-02, -1.5539e-01, -3.9987e-02, +4.0469e-02, -3.8296e-02, +4.9907e-02, +1.0531e-01, -8.8048e-02, -5.9323e-02, +2.8042e-02, -5.3549e-02, -4.8618e-02, -3.2456e-03, +1.8222e-02, -7.0501e-02, -1.9498e-03, -1.0000e+00, +1.5311e-01, +1.7007e-02, -7.2836e-02
+3.1101e-01, -6.6941e-02, -5.2937e-03, +4.7585e-02, +1.8511e-01, +6.7219e-02, +2.0017e-02, -3.8186e-02, +1.4832e-01, -9.3468e-03, +3.5805e-01, +1.1103e-01, -8.7585e-02, -7.7121e-02, +2.0064e-01, +1.4626e-01, -7.4492e-02, +1.0669e-01, +7.8211e-02, +1.1553e-01, +1.5458e-01, +2.8940e-02, -2.1111e-02, +7.0184e-02, +1.3131e-01, +6.6346e-02, +6.5281e-02, +2.7155e-01, +1.6601e-01, +7.3428e-03, +2.8287e-01, +3.4130e-01, +1.6514e-01, -3.0374e-02, -3.5096e-03, -2.3512e-01, +8.2916e-02, +1.3519e-01, -2.5177e-03, -4.3908e-02, +3.2651e-02, +2.2357e-02, -9.5411e-02, -2.8308e-02, +9.6706e-02, -2.2411e-03, +1.5311e-01, -1.0000e+00, +2.8947e-02, +1.2565e-01
-1.4699e-02, -5.2115e-02, +6.8802e-02, -2.3027e-02, +2.9230e-02, -3.5810e-02, +2.3317e-01, +3.8023e-02, -5.4897e-02, -7.0652e-02, -7.1258e-02, -1.2397e-01, +2.7266e-03, +3.3222e-02, +1.8828e-02, -5.0354e-02, -7.6762e-02, +1.0620e-02, -3.9217e-02, +1.8392e-02, -1.5101e-03, +3.5073e-03, +2.0322e-02, -9.9875e-03, -7.6474e-02, +4.7895e-02, +7.4810e-03, +8.3474e-02, +1.4027e-02, +1.4118e-02, -3.4945e-03, +6.8821e-02, -2.1887e-02, +7.0575e-02, +3.0078e-02, -6.5983e-03, -4.0215e-02, +1.4283e-01, -9.4308e-03, -4.9607e-03, +9.3566e-03, +1.4931e-02, -7.0396e-02, -9.6434e-02, -1.0737e-02, -6.7122e-02, +1.7007e-02, +2.8947e-02, -1.0000e+00, -5.3781e-02
-5.7432e-02, -1.0252e-01, -3.0023e-02, +1.1190e-02, +2.3734e-02, -8.1545e-02, +1.8260e-01, +1.1144e-02, -1.0410e-02, +5.4318e-03, +3.5582e-02, +1.9138e-01, +5.8983e-02, -1.3390e-01, +4.2111e-02, +1.2567e-01, +4.0471e-02, +2.6787e-02, -3.3164e-02, +5.9468e-02, -1.6120e-02, -3.2196e-02, +3.4066e-02, -8.0922e-02, -4.3132e-02, -1.9733e-02, +2.3086e-02, -6.5879e-03, -1.2786e-02, +7.6669e-02, -7.5966e-03, -1.4519e-02, -1.6159e-02, +9.0110e-02, -4.1257e-02, -5.0028e-03, -6.0930e-03, +3.0043e-02, -8.3648e-02, +1.0498e-01, -4.0680e-02, +5.6684e-02, +1.0468e-01, -4.3119e-02, -6.5463e-02, -1.0573e-01, -7.2836e-02, +1.2565e-01, -5.3781e-02, -1.0000e+00
