-1.0000e+00, +3.6405e-03, +2.3788e-02, -8.0613e-02, -4.9168e-03, +4.3702e-02, +7.8472e-03, +4.9239e-02, -1.2351e-01, +2.0418e-02, +4.7357e-02, -5.5979e-06, -1.6334e-02, +2.5430e-02, -2.4194e-02, +4.1516e-02, -2.0426e-02, +3.0678e-02, +5.0431e-03, +5.6784e-02, -2.8691e-02, -2.6554e-03, -5.4982e-03, +3.6289e-02, +1.6155e-02, -6.1653e-02, -3.1591e-02, -1.4384e-02, +1.0354e-01, +5.5451e-02, +4.9710e-02, +3.7395e-02, -1.7329e-02, -6.1311e-02, +6.6797e-02, -3.7349e-02, +2.1220e-04, +7.0531e-03, -3.8255e-03, +3.7582e-02, +1.3745e-01, +2.4861e-02, +5.6085e-02, -1.1957e-02, +7.2213e-03, +3.8435e-02, +2.7465e-02, +4.2877e-02, +3.0970e-02, +4.5312e-02
+3.6405e-03, -1.0000e+00, +4.0766e-04, -1.2749e-02, +5.0669e-02, +4.2270e-02, -1.1416e-02, +1.9345e-02, +9.1050e-02, -5.4158e-02, +4.5363e-03, +3.3990e-02, -2.0209e-02, +3.4735e-03, -1.4449e-02, -1.0692e-02, +5.1857e-02, +2.9089e-02, +7.1346e-02, -7.9207e-03, +1.2559e-02, -3.7347e-02, -2.6418e-02, +4.3734e-03, +5.6997e-02, -1.9470e-02, +2.0359e-02, -2.2128e-02, -3.1924e-02, +6.9093e-04, +5.3880e-02, +2.0337e-02, -4.1572e-02, -1.9755e-02, +4.0198e-02, +1.2094e-02, +5.1659e-02, -1.4115e-03, -8.4351e-03, +2.3092e-03, +5.6995e-02, -2.5323e-02, -2.2917e-03, +1.1648e-02, -1.2446e-01, +2.1703e-02, +9.8309e-03, -2.3110e-02, +3.5991e-02, +1.3612e-02
+2.3788e-02, +4.0766e-04, -1.0000e+00, +4.3008e-02, -3.3532e-03, -3.9312e-02, +1.2826e-02, -3.4496e-02, -1.4232e-02, -7.2902e-03, -1.9964e-02, +1.8846e-02, +4.6587e-02, -1.5759e-02, -5.6436e-02, +4.3025e-02, -6.0726e-02, +3.5752e-02, +6.2414e-02, -2.6722e-02, +2.6217e-02, -9.3451e-02, +3.5668e-02, -3.0861e-02, -8.4722e-02, +2.7324e-02, -5.3400e-02, -4.6614e-02, -1.2401e-01, +7.0739e-02, +2.9887e-02, +9.5914e-02, +3.3738e-03, +5.3092e-02, +1.8258e-02, +3.0717e-03, -6.3626e-02, +4.8763e-02, -2.6324e-02, -1.7547e-02, -6.2689e-02, +1.7177e-02, -1.9394e-02, -5.3443e-02, -1.2469e-02, +2.3572e-02, -4.5588e-02, +8.6674e-02, +2.8762e-03, -1.5636e-02
-8.0613e-02, -1.2749e-02, +4.3008e-02, -1.0000e+00, -1.8189e-03, +4.1703e-02, +7.4256e-03, +7.2491e-02, +4.2370e-03, +1.0127e-01, +3.5317e-02, -6.1209e-03, -3.3364e-02, -1.1391e-01, +1.1283e-02, -1.5967e-02, +1.4899e-02, +2.3766e-02, -3.6158e-02, -5.8652e-02, +6.3541e-02, -2.7469e-02, +5.3423e-02, -5.8192e-04, -3.1920e-03, -3.7499e-02, -7.3324e-02, -7.4394e-02, +4.3449e-02, -4.1840e-02, -9.1527e-02, -5.2529e-02, -6.4919e-02, -6.1318e-02, +1.0781e-02, -1.1813e-02, +5.5795e-02, -2.1354e-03, +2.2303e-03, +1.9761e-02, -4.1069e-04, +6.0000e-02, -3.9004e-02, +1.3484e-03, -8.9933e-06, +3.9023e-02, -3.1898e-02, +1.5473e-02, +8.6446e-03, +3.5828e-03
-4.9168e-03, +5.0669e-02, -3.3531e-03, -1.8189e-03, -1.0000e+00, +1.9592e-02, -5.3264e-03, -1.8683e-02, -5.9502e-02, +6.8129e-02, +5.0586e-02, -9.4377e-02, -1.6180e-02, -2.2453e-03, +1.0670e-02, -1.2633e-03, +4.1237e-02, -5.2827e-02, -1.0507e-02, +6.7164e-03, -2.2652e-02, +2.0823e-02, +2.5590e-02, -2.8566e-02, +2.2512e-02, +9.8062e-03, -4.4236e-02, -4.3450e-02, -5.1286e-02, -2.8013e-02, +1.1172e-01, -9.9505e-03, +1.1254e-02, +7.2433e-02, +2.3583e-02, -3.8875e-03, -5.6220e-02, +4.5204e-02, +3.4769e-02, +2.2586e-02, -1.0308e-02, +1.2986e-02, -9.1476e-03, +5.1941e-02, +5.1386e-02, +1.4261e-02, +3.0953e-02, +5.5875e-02, -5.6355e-02, +2.3100e-02
+4.3702e-02, +4.2270e-02, -3.9312e-02, +4.1703e-02, +1.9592e-02, -1.0000e+00, +2.8419e-02, +4.0673e-02, -2.8514e-02, +3.5302e-02, +2.9892e-02, +1.4242e-01, +2.9857e-02, +4.5799e-02, -6.6526e-02, -9.6343e-03, -1.9245e-02, -4.8458e-03, -3.5339e-03, +8.3316e-03, +1.8810e-02, -1.7396e-02, +3.4409e-02, +1.1375e-02, -9.7601e-03, +7.5033e-03, -1.1496e-02, +5.7369e-02, +2.5892e-02, -2.9505e-02, +4.9173e-02, +1.7041e-02, -7.8494e-03, +1.1211e-03, -3.1736e-02, -6.7314e-02, +6.0664e-02, +4.6164e-02, -8.7687e-04, -6.2449e-03, +1.7453e-02, -4.2225e-02, +5.2152e-02, -4.6311e-02, +1.0974e-01, -3.5755e-02, +2.0844e-02, -1.0504e-01, +6.0592e-02, -3.7783e-02
+7.8472e-03, -1.1416e-02, +1.2826e-02, +7.4256e-03, -5.3264e-03, +2.8419e-02, -1.0000e+00, -9.1807e-03, +4.9852e-02, +3.7348e-02, +3.9074e-02, -6.1485e-02, +1.5131e-02, -1.2701e-03, -8.1619e-03, -1.3988e-02, -5.7640e-03, +3.5892e-02, -4.0913e-02, -6.2396e-02, -6.0811e-02, +1.2993e-02, +1.1916e-02, -8.1099e-02, +7.1571e-02, +2.4954e-02, -2.5710e-02, +7.0868e-02, -2.4271e-02, -4.1530e-02, -2.2857e-02, -2.5019e-02, -1.5799e-02, -4.8514e-02, +3.8286e-02, -2.0146e-02, +5.1163e-02, +5.6684e-02, -1.3251e-02, -6.6929e-04, +3.9984e-02, +1.7085e-02, -3.0349e-02, -9.3029e-03, -8.4123e-02, -3.5221e-02, +1.1881e-02, -3.1625e-02, +5.7301e-02, +1.2377e-02
+4.9239e-02, +1.9345e-02, -3.4496e-02, +7.2491e-02, -1.8683e-02, +4.0673e-02, -9.1806e-03, -1.0000e+00, +3.6716e-02, -1.0658e-02, +2.3451e-02, -2.8453e-02, +4.1210e-02, -3.6341e-03, -1.7941e-02, -7.3276e-03, +1.0999e-02, -2.5455e-02, +8.5174e-02, +1.8471e-02, -2.0731e-02, +3.8620e-02, -2.4166e-02, +5.6104e-03, +2.4529e-02, +4.0824e-02, -4.3413e-02, -6.4238e-03, -1.0355e-01, +1.4220e-02, +2.0668e-03, -5.4520e-04, +2.1976e-02, -3.7721e-02, +2.4932e-02, -1.6844e-03, -1.8067e-02, +4.8480e-02, +3.9398e-03, -2.1500e-02, -4.0734e-02, -1.2865e-03, +5.1695e-02, -1.8337e-02, -7.5150e-02, +3.5171e-02, -4.2591e-02, -5.0555e-02, +2.9948e-02, -1.2642e-03
-1.2351e-01, +9.1050e-02, -1.4232e-02, +4.2370e-03, -5.9502e-02, -2.8514e-02, +4.9852e-02, +3.6716e-02, -1.0000e+00, +8.6053e-02, +5.2667e-02, +6.7399e-02, -3.8764e-02, +7.4096e-02, -1.0082e-02, +3.7442e-02, +1.7972e-02, -7.5739e-02, +1.5077e-03, +4.2848e-02, +4.2395e-02, -2.6661e-03, +3.8242e-03, -1.5511e-02, -7.5422e-02, -7.3166e-02, -6.5579e-03, -5.3067e-02, +6.1042e-03, +7.3123e-02, +6.4816e-02, +3.6544e-02, +1.4173e-02, +1.5043e-02, -8.5434e-02, +1.6774e-02, +8.2027e-04, +1.3442e-02, +8.0068e-02, +3.4393e-02, +3.2885e-02, +4.7011e-03, +6.6330e-03, -4.0137e-03, +7.2682e-02, +6.3140e-03, +6.3479e-02, -7.0891e-03, -1.2927e-02, +1.6606e-03
+2.0418e-02, -5.4158e-02, -7.2902e-03, +1.0127e-01, +6.8129e-02, +3.5302e-02, +3.7348e-02, -1.0658e-02, +8.6053e-02, -1.0000e+00, -1.9243e-02, +1.9744e-02, -3.9232e-02, +2.6255e-02, -5.0750e-03, -2.7493e-02, -1.1831e-02, +3.0385e-03, +3.3387e-02, +4.2218e-02, -2.8524e-02, -1.9988e-02, -7.6062e-02, -2.9293e-02, -3.4282e-02, -3.9085e-02, +3.9920e-02, +3.9656e-02, +3.3549e-02, +3.5684e-02, +2.8428e-02, -2.9596e-02, -1.6888e-02, +1.1560e-02, +3.6934e-02, -1.5322e-02, +2.6014e-02, +6.1981e-02, -2.0320e-02, +3.0077e-02, +4.3961e-02, +3.8865e-02, +1.8560e-03, +5.1048e-03, +2.8561e-03, +7.5196e-02, +8.0363e-02, -4.0836e-02, -1.0046e-02, +4.8340e-02
+4.7357e-02, +4.5363e-03, -1.9964e-02, +3.5317e-02, +5.0586e-02, +2.9892e-02, +3.9074e-02, +2.3451e-02, +5.2667e-02, -1.9243e-02, -1.0000e+00, +4.8055e-02, -9.1996e-04, -2.4487e-02, -3.6374e-02, +1.3032e-02, -2.0958e-02, +3.7107e-03, +9.7258e-02, -2.0402e-02, -2.4566e-02, -3.0035e-02, +6.9186e-02, +1.0918e-01, +3.1570e-02, -3.1867e-02, -5.5521e-02, +5.7898e-02, -4.8545e-02, +6.5888e-02, -2.9411e-02, +1.9419e-02, -5.4407e-03, -8.5012e-03, +9.1322e-03, -6.6104e-03, +5.4268e-02, -6.7864e-02, +3.7946e-02, +4.5899e-02, -7.2164e-02, -1.5464e-03, +9.4391e-02, -2.9689e-02, +1.3185e-02, +1.5864e-02, -7.0396e-02, -1.5637e-02, -9.7720e-03, +8.2456e-03
-5.5946e-06, +3.3990e-02, +1.8846e-02, -6.1209e-03, -9.4377e-02, +1.4242e-01, -6.1485e-02, -2.8453e-02, +6.7399e-02, +1.9744e-02, +4.8055e-02, -1.0000e+00, +7.1284e-03, -3.9982e-03, +1.1089e-02, -3.5593e-02, +5.1601e-02, -3.7793e-03, +5.4541e-02, -5.5406e-02, -1.6427e-02, +1.8085e-02, +4.1415e-02, -6.3866e-02, -6.5031e-02, -3.3871e-02, +5.2341e-02, -3.9810e-02, +1.6590e-02, +1.7776e-02, -1.9014e-02, -3.2609e-04, -9.8077e-02, +1.1595e-02, +4.7335e-02, +4.9524e-04, -2.0464e-02, -2.8313e-02, +1.5446e-02, +8.1711e-03, -3.7892e-02, +9.5162e-03, -7.7270e-02, -3.3336e-02, -5.7457e-02, -3.6865e-02, -1.1865e-02, -9.1611e-03, +3.5151e-02, -1.9561e-02
-1.6334e-02, -2.0209e-02, +4.6587e-02, -3.3364e-02, -1.6180e-02, +2.9857e-02, +1.5131e-02, +4.1210e-02, -3.8764e-02, -3.9232e-02, -9.1996e-04, +7.1284e-03, -1.0000e+00, -9.3442e-03, -9.6600e-03, -4.4634e-02, -2.9930e-02, -1.6846e-03, -2.0884e-02, -3.6308e-02, -1.0585e-02, +1.8673e-02, -2.8738e-02, -1.7130e-02, +8.5623e-03, -4.3126e-02, -3.7231e-03, -8.8251e-02, +8.1237e-02, +1.7686e-02, -5.8617e-02, +4.6575e-02, -3.4383e-02, +1.9350e-02, +7.1669e-02, +1.3735e-02, +4.6473e-02, -4.7693e-02, -1.9109e-02, +1.3046e-02, -5.4851e-02, +1.3617e-02, -2.5348e-02, -1.1018e-02, -8.6029e-02, -4.1348e-02, +2.7294e-02, -1.9462e-02, -2.4773e-02, -1.8626e-02
+2.5430e-02, +3.4735e-03, -1.5759e-02, -1.1391e-01, -2.2453e-03, +4.5799e-02, -1.2700e-03, -3.6341e-03, +7.4096e-02, +2.6255e-02, -2.4487e-02, -3.9982e-03, -9.3442e-03, -1.0000e+00, -4.1194e-02, -2.4301e-02, +8.2323e-03, +6.8454e-03, -3.3859e-03, -2.4406e-02, -2.1146e-02, +1.3433e-02, +5.5943e-02, -1.1485e-02, +3.2746e-02, -1.5983e-02, +5.1383e-02, -5.5420e-02, -3.1003e-02, -1.0181e-02, -1.8989e-02, -6.5324e-02, +7.7915e-03, +4.0007e-03, +3.8720e-02, +3.4607e-02, +3.1488e-02, +2.9258e-02, +2.8318e-02, +5.0064e-02, -7.0812e-03, +2.4366e-02, +8.6242e-03, +4.5289e-02, -6.8089e-02, -4.8107e-02, -4.6013e-02, -2.5725e-02, -4.5532e-03, +5.8535e-02
-2.4194e-02, -1.4449e-02, -5.6436e-02, +1.1283e-02, +1.0670e-02, -6.6526e-02, -8.1619e-03, -1.7941e-02, -1.0082e-02, -5.0750e-03, -3.6374e-02, +1.1089e-02, -9.6600e-03, -4.1194e-02, -1.0000e+00, -4.8256e-03, -3.9403e-02, +1.6785e-02, -4.3285e-02, -1.0652e-02, -2.7063e-02, +7.1918e-02, +3.8270e-03, -5.4230e-02, -8.1325e-02, +3.7184e-02, -6.5692e-02, -3.7771e-03, -4.9945e-02, +4.4858e-02, +3.4719e-02, -4.0649e-02, +6.5346e-03, +4.7623e-02, -3.0439e-02, +4.1022e-02, +2.2490e-02, +6.1360e-03, -1.9248e-02, -1.2333e-02, +5.0043e-02, -3.6280e-02, +1.2204e-02, +2.7584e-03, +1.5634e-02, -6.0358e-02, -6.0776e-05, +3.6536e-02, -8.4559e-06, +6.0933e-02
+4.1516e-02, -1.0692e-02, +4.3025e-02, -1.5967e-02, -1.2633e-03, -9.6343e-03, -1.3988e-02, -7.3276e-03, +3.7442e-02, -2.7493e-02, +1.3032e-02, -3.5593e-02, -4.4634e-02, -2.4301e-02, -4.8256e-03, -1.0000e+00, -6.8260e-02, -2.8213e-02, -2.8562e-04, -5.4807e-02, +2.4775e-02, +7.7531e-02, +1.0038e-02, -9.7359e-03, -4.9427e-03, +3.4915e-02, -3.0454e-02, +4.3847e-03, -4.8879e-02, -7.2520e-02, -4.4947e-02, +7.6617e-02, +2.5907e-02, +3.9570e-02, +5.5117e-02, -1.5685e-01, -2.5483e-02, -3.9313e-02, +3.6808e-03, +1.8239e-02, +4.5753e-02, -6.2082e-02, -1.2188e-01, +9.2971e-02, -4.9175e-02, -4.7496e-02, -2.4027e-03, +2.9018e-02, +3.7929e-02, -2.2084e-02
-2.0426e-02, +5.1857e-02, -6.0726e-02, +1.4899e-02, +4.1237e-02, -1.9245e-02, -5.7640e-03, +1.0999e-02, +1.7972e-02, -1.1831e-02, -2.0958e-02, +5.1601e-02, -2.9930e-02, +8.2323e-03, -3.9403e-02, -6.8260e-02, -1.0000e+00, -2.5879e-03, -1.7329e-02, +2.8039e-02, +1.2917e-02, +1.2583e-01, +5.9161e-02, +1.5408e-02, -1.2825e-03, -4.9875e-02, +8.9334e-04, -3.8813e-03, +2.4760e-02, -1.6964e-02, +3.5052e-02, -2.3442e-02, +1.6538e-02, +4.9779e-02, -4.7638e-02, +4.7193e-02, -3.3110e-03, -1.9363e-02, -2.3112e-02, +5.5781e-02, +1.6030e-02, +8.2146e-02, +2.7261e-02, +1.0835e-01, +2.7611e-02, -6.0374e-02, -3.9772e-02, -2.7679e-02, -7.3149e-03, -2.9010e-02
+3.0678e-02, +2.9089e-02, +3.5752e-02, +2.3766e-02, -5.2827e-02, -4.8458e-03, +3.5892e-02, -2.5455e-02, -7.5739e-02, +3.0385e-03, +3.7107e-03, -3.7793e-03, -1.6846e-03, +6.8454e-03, +1.6785e-02, -2.8213e-02, -2.5879e-03, -1.0000e+00, +4.1477e-02, +1.8639e-02, +1.9432e-02, -1.5957e-02, +3.6643e-02, +7.0914e-02, +6.9176e-03, -1.0386e-02, -2.5692e-02, +2.5407e-02, -2.5461e-02, +7.5327e-02, -3.4428e-02, -1.6462e-02, +1.0756e-02, +1.2001e-02, +2.7266e-02, +6.7098e-03, +3.1645e-02, +7.8001e-02, +2.8611e-02, -3.6188e-02, -2.2788e-02, -1.7143e-02, -3.0741e-02, -2.3478e-02, +2.0286e-02, +3.3235e-02, -6.1888e-03, -2.9282e-02, -2.7675e-02, -9.8540e-03
+5.0431e-03, +7.1346e-02, +6.2414e-02, -3.6158e-02, -1.0507e-02, -3.5339e-03, -4.0913e-02, +8.5174e-02, +1.5077e-03, +3.3387e-02, +9.7258e-02, +5.4541e-02, -2.0884e-02, -3.3859e-03, -4.3285e-02, -2.8563e-04, -1.7329e-02, +4.1477e-02, -1.0000e+00, +1.2988e-02, +1.0144e-03, -3.9811e-02, +8.7356e-02, -8.1074e-02, +2.6682e-02, -2.8413e-02, -3.0026e-02, +8.2925e-02, +5.8282e-02, -1.0098e-02, -5.0164e-02, +4.0806e-02, +4.8492e-03, -4.7411e-02, -1.5767e-02, -2.7103e-02, +1.4296e-02, +3.1770e-02, -5.5871e-02, +6.1599e-03, -1.5892e-02, -3.2040e-02, +2.9448e-02, -1.4643e-02, +6.5927e-02, +2.6014e-04, +3.0949e-02, -1.4251e-01, +4.4672e-02, -9.3149e-02
+5.6784e-02, -7.9207e-03, -2.6722e-02, -5.8652e-02, +6.7164e-03, +8.3316e-03, -6.2396e-02, +1.8471e-02, +4.2848e-02, +4.2218e-02, -2.0402e-02, -5.5406e-02, -3.6308e-02, -2.4406e-02, -1.0652e-02, -5.4807e-02, +2.8039e-02, +1.8639e-02, +1.2988e-02, -1.0000e+00, -5.7218e-02, -5.9324e-02, +6.0741e-03, -9.2318e-02, +5.7929e-03, +7.4679e-02, -8.8589e-02, -3.3239e-02, -8.6579e-02, +1.0307e-03, +4.7873e-02, +1.8197e-02, -2.7436e-02, +1.5388e-02, +5.8332e-02, +4.9468e-02, +1.1778e-01, -8.8502e-02, -3.0230e-02, -7.5836e-02, +8.7418e-02, +5.8039e-02, -4.4981e-02, +1.6686e-03, -3.2710e-02, -5.7145e-02, -6.9356e-02, +2.8161e-02, -3.5393e-02, +6.5830e-03
-2.8691e-02, +1.2559e-02, +2.6217e-02, +6.3541e-02, -2.2652e-02, +1.8810e-02, -6.0811e-02, -2.0731e-02, +4.2395e-02, -2.8524e-02, -2.4566e-02, -1.6427e-02, -1.0585e-02, -2.1146e-02, -2.7063e-02, +2.4775e-02, +1.2917e-02, +1.9432e-02, +1.0144e-03, -5.7218e-02, -1.0000e+00, -1.2254e-02, +3.4300e-02, -2.7766e-02, -2.3470e-02, +9.5831e-03, +7.5621e-03, +2.1524e-02, -1.7364e-02, -1.2980e-02, +1.2701e-02, -8.6409e-02, -3.6928e-02, -6.2265e-03, +3.6722e-02, +1.0932e-01, +4.0901e-02, +2.0657e-02, +3.0435e-02, +3.5081e-02, +5.7544e-03, -8.6996e-03, +1.8717e-02, -7.8054e-02, -4.7643e-02, -2.3258e-02, +2.0185e-02, -1.2949e-02, -1.9244e-02, +7.1600e-02
-2.6554e-03, -3.7347e-02, -9.3451e-02, -2.7469e-02, +2.0823e-02, -1.7396e-02, +1.2993e-02, +3.8620e-02, -2.6661e-03, -1.9988e-02, -3.0035e-02, +1.8085e-02, +1.8673e-02, +1.3433e-02, +7.1918e-02, +7.7531e-02, +1.2583e-01, -1.5957e-02, -3.9811e-02, -5.9324e-02, -1.2254e-02, -1.0000e+00, +4.0056e-02, -1.3942e-02, +1.7226e-02, +1.1877e-02, -2.4997e-02, +1.2852e-02, +2.6720e-02, +1.3971e-02, -5.4461e-02, +1.2467e-01, +1.6687e-02, -5.2970e-02, +6.8879e-02, -5.9547e-02, -3.3728e-02, +1.6002e-03, -1.2051e-02, +1.6784e-02, -9.5670e-02, +4.6888e-03, +3.4951e-02, +1.3353e-01, -2.1079e-02, +3.3072e-02, -5.9832e-02, +5.3568e-02, +3.3262e-02, +3.0063e-02
-5.4982e-03, -2.6418e-02, +3.5668e-02, +5.3423e-02, +2.5590e-02, +3.4409e-02, +1.1916e-02, -2.4166e-02, +3.8242e-03, -7.6062e-02, +6.9186e-02, +4.1415e-02, -2.8738e-02, +5.5943e-02, +3.8270e-03, +1.0038e-02, +5.9161e-02, +3.6643e-02, +8.7356e-02, +6.0741e-03, +3.4300e-02, +4.0056e-02, -1.0000e+00, +1.0575e-01, +8.9843e-03, +3.2874e-02, +5.9976e-02, +4.2322e-03, +4.6097e-02, -9.3183e-03, +8.3249e-02, -1.4763e-02, +1.1612e-02, -4.1312e-02, -3.5459e-02, +5.2502e-02, +2.2224e-02, +1.7390e-02, +7.8782e-02, -2.7360e-02, +4.5849e-02, +3.1426e-02, -9.1499e-02, -4.0374e-04, +7.3966e-02, +7.1109e-03, +1.8739e-02, -2.7846e-02, +8.6327e-03, +3.8919e-02
+3.6289e-02, +4.3734e-03, -3.0861e-02, -5.8192e-04, -2.8566e-02, +1.1375e-02, -8.1099e-02, +5.6104e-03, -1.5511e-02, -2.9293e-02, +1.0918e-01, -6.3866e-02, -1.7130e-02, -1.1485e-02, -5.4230e-02, -9.7359e-03, +1.5408e-02, +7.0914e-02, -8.1074e-02, -9.2318e-02, -2.7766e-02, -1.3942e-02, +1.0575e-01, -1.0000e+00, -5.8462e-03, +1.6583e-02, -1.7566e-02, -2.1227e-02, -5.7563e-02, -4.9348e-02, -1.2975e-02, +6.8807e-02, -8.3663e-02, +1.1333e-02, -2.2288e-02, +5.3858e-02, +4.0213e-03, +5.5914e-02, -3.1439e-02, +1.0743e-02, -6.3947e-03, -3.3885e-03, +3.4563e-02, +1.5257e-02, -5.8730e-03, -6.6243e-02, -6.5450e-02, -2.9839e-02, +2.2217e-03, +3.5507e-02
+1.6155e-02, +5.6997e-02, -8.4722e-02, -3.1920e-03, +2.2512e-02, -9.7601e-03, +7.1571e-02, +2.4529e-02, -7.5422e-02, -3.4282e-02, +3.1570e-02, -6.5031e-02, +8.5623e-03, +3.2746e-02, -8.1325e-02, -4.9427e-03, -1.2825e-03, +6.9176e-03, +2.6682e-02, +5.7929e-03, -2.3470e-02, +1.7226e-02, +8.9843e-03, -5.8463e-03, -1.0000e+00, +5.3334e-02, -3.3753e-02, +8.4507e-02, +3.4784e-02, +8.5432e-02, +5.6880e-02, +1.2347e-02, -5.3899e-03, -2.1744e-02, -1.6733e-02, +3.0141e-02, +3.6624e-02, -2.1041e-03, +1.5387e-02, +6.2870e-02, +1.5764e-02, -7.0709e-02, +6.2211e-02, +1.8620e-02, -1.8700e-02, -9.5563e-03, -1.6210e-02, +3.8690e-02, -1.1934e-02, -1.2886e-03
-6.1653e-02, -1.9470e-02, +2.7324e-02, -3.7499e-02, +9.8062e-03, +7.5033e-03, +2.4954e-02, +4.0824e-02, -7.3166e-02, -3.9085e-02, -3.1867e-02, -3.3871e-02, -4.3126e-02, -1.5983e-02, +3.7184e-02, +3.4915e-02, -4.9875e-02, -1.0386e-02, -2.8413e-02, +7.4679e-02, +9.5831e-03, +1.1877e-02, +3.2874e-02, +1.6583e-02, +5.3334e-02, -1.0000e+00, -3.4946e-02, -3.5192e-02, +7.3229e-02, -5.5828e-02, +5.1343e-02, +2.3932e-02, +7.3254e-03, -3.1461e-02, +4.7564e-02, +5.0686e-02, +1.9886e-02, +3.3851e-02, +1.6129e-02, +1.3584e-03, -3.9660e-02, +5.2908e-03, +6.2331e-02, +4.8286e-02, -6.4591e-02, +2.3687e-02, +3.2581e-02, -5.4178e-02, -2.7936e-02, +2.9789e-02
-3.1591e-02, +2.0359e-02, -5.3400e-02, -7.3324e-02, -4.4236e-02, -1.1496e-02, -2.5710e-02, -4.3413e-02, -6.5579e-03, +3.9920e-02, -5.5521e-02, +5.2341e-02, -3.7231e-03, +5.1383e-02, -6.5692e-02, -3.0454e-02, +8.9333e-04, -2.5692e-02, -3.0026e-02, -8.8589e-02, +7.5621e-03, -2.4997e-02, +5.9976e-02, -1.7566e-02, -3.3753e-02, -3.4946e-02, -1.0000e+00, +1.1104e-02, +2.6765e-02, +8.6933e-02, -8.2820e-02, +3.8375e-02, +1.6131e-02, +4.2498e-03, +2.2940e-02, +2.7440e-02, -9.4744e-03, -2.0164e-02, -2.0687e-02, -2.3792e-03, +7.2110e-03, +2.7332e-02, -7.4680e-03, -1.7420e-02, +5.4682e-02, +1.6585e-02, -2.2261e-02, +1.1638e-02, -3.8921e-02, -3.8525e-02
-1.4384e-02, -2.2128e-02, -4.6614e-02, -7.4394e-02, -4.3450e-02, +5.7369e-02, +7.0868e-02, -6.4238e-03, -5.3067e-02, +3.9656e-02, +5.7898e-02, -3.9810e-02, -8.8251e-02, -5.5420e-02, -3.7771e-03, +4.3847e-03, -3.8813e-03, +2.5407e-02, +8.2925e-02, -3.3239e-02, +2.1524e-02, +1.2852e-02, +4.2322e-03, -2.1227e-02, +8.4507e-02, -3.5192e-02, +1.1104e-02, -1.0000e+00, -3.8786e-02, -6.0099e-02, +6.2101e-02, +3.8194e-02, +1.1932e-02, +6.8951e-02, +4.0560e-03, +6.4764e-02, +1.2503e-02, -1.0857e-01, +4.6841e-03, +4.6829e-02, -1.2600e-02, +3.7184e-02, +5.1730e-02, -1.7871e-02, -1.2305e-01, -2.5755e-03, -6.7583e-02, +5.9682e-02, -1.0250e-02, -6.8917e-02
+1.0354e-01, -3.1924e-02, -1.2401e-01, +4.3449e-02, -5.1286e-02, +2.5892e-02, -2.4271e-02, -1.0355e-01, +6.1043e-03, +3.3549e-02, -4.8545e-02, +1.6590e-02, +8.1237e-02, -3.1003e-02, -4.9945e-02, -4.8879e-02, +2.4760e-02, -2.5461e-02, +5.8282e-02, -8.6579e-02, -1.7364e-02, +2.6720e-02, +4.6097e-02, -5.7563e-02, +3.4784e-02, +7.3229e-02, +2.6765e-02, -3.8786e-02, -1.0000e+00, -4.0664e-02, +1.6957e-02, -3.1712e-02, -1.2192e-03, +2.2645e-02, -2.0258e-02, +4.4086e-02, +2.8357e-02, -3.5090e-03, +2.5339e-02, -4.0723e-03, +7.8587e-02, +1.0811e-03, -2.9396e-02, +2.9667e-02, +1.9108e-02, +9.0213e-03, -3.7429e-02, -3.3215e-02, -7.9656e-03, +6.4875e-02
+5.5451e-02, +6.9093e-04, +7.0739e-02, -4.1840e-02, -2.8013e-02, -2.9505e-02, -4.1530e-02, +1.4220e-02, +7.3123e-02, +3.5684e-02, +6.5888e-02, +1.7776e-02, +1.7686e-02, -1.0181e-02, +4.4858e-02, -7.2520e-02, -1.6964e-02, +7.5327e-02, -1.0098e-02, +1.0307e-03, -1.2980e-02, +1.3971e-02, -9.3183e-03, -4.9348e-02, +8.5432e-02, -5.5828e-02, +8.6933e-02, -6.0099e-02, -4.0664e-02, -1.0000e+00, +1.8211e-02, +2.9934e-02, -3.7978e-02, -2.4778e-02, -8.6510e-02, -2.2432e-02, -9.3634e-03, +3.3739e-02, -3.0031e-02, -4.2876e-02, +3.1435e-02, +2.8469e-03, -8.2107e-03, -9.2607e-03, -2.8590e-03, -1.1052e-02, -2.7304e-02, -2.3423e-02, +1.1067e-02, +5.6453e-02
+4.9710e-02, +5.3880e-02, +2.9887e-02, -9.1527e-02, +1.1172e-01, +4.9173e-02, -2.2857e-02, +2.0668e-03, +6.4816e-02, +2.8428e-02, -2.9411e-02, -1.9014e-02, -5.8617e-02, -1.8989e-02, +3.4719e-02, -4.4947e-02, +3.5052e-02, -3.4428e-02, -5.0164e-02, +4.7873e-02, +1.2701e-02, -5.4461e-02, +8.3249e-02, -1.2975e-02, +5.6880e-02, +5.1343e-02, -8.2820e-02, +6.2101e-02, +1.6957e-02, +1.8211e-02, -1.0000e+00, -5.3978e-02, -1.7608e-02, +1.5949e-02, +4.7381e-02, -4.2125e-02, +8.9575e-02, -2.6513e-02, -7.1772e-02, -4.0835e-02, -1.1995e-02, -9.9614e-04, -7.6754e-03, +3.2317e-02, +5.0608e-03, -4.2386e-02, +1.3965e-02, +6.4886e-03, -5.1925e-02, -2.0622e-01
+3.7395e-02, +2.0337e-02, +9.5914e-02, -5.2529e-02, -9.9505e-03, +1.7041e-02, -2.5019e-02, -5.4520e-04, +3.6544e-02, -2.9596e-02, +1.9419e-02, -3.2609e-04, +4.6575e-02, -6.5324e-02, -4.0649e-02, +7.6617e-02, -2.3442e-02, -1.6462e-02, +4.0806e-02, +1.8197e-02, -8.6409e-02, +1.2467e-01, -1.4763e-02, +6.8807e-02, +1.2347e-02, +2.3932e-02, +3.8375e-02, +3.8194e-02, -3.1712e-02, +2.9934e-02, -5.3978e-02, -1.0000e+00, -5.4634e-03, +5.2733e-02, -1.3811e-02, -9.9675e-02, +3.8888e-02, +3.4133e-02, +5.7997e-03, +3.2732e-02, -6.6264e-03, -4.5293e-02, -2.8037e-02, +1.5992e-01, -1.6713e-02, -1.7520e-02, +3.1018e-02, +1.6655e-01, -7.5689e-03, +1.1861e-01
-1.7329e-02, -4.1572e-02, +3.3738e-03, -6.4919e-02, +1.1254e-02, -7.8494e-03, -1.5799e-02, +2.1976e-02, +1.4173e-02, -1.6888e-02, -5.4407e-03, -9.8077e-02, -3.4383e-02, +7.7915e-03, +6.5346e-03, +2.5907e-02, +1.6538e-02, +1.0756e-02, +4.8492e-03, -2.7436e-02, -3.6928e-02, +1.6687e-02, +1.1612e-02, -8.3663e-02, -5.3899e-03, +7.3254e-03, +1.6131e-02, +1.1932e-02, -1.2192e-03, -3.7978e-02, -1.7608e-02, -5.4634e-03, -1.0000e+00, +1.0526e-02, +1.1137e-02, +1.0506e-02, +1.6263e-02, -4.8582e-02, -2.3257e-02, -4.7666e-02, +3.0758e-02, +7.6387e-02, +3.2647e-02, -2.8631e-02, -3.6050e-02, -1.5410e-02, -2.6221e-02, +6.0059e-03, +1.8124e-02, +2.5771e-02
-6.1311e-02, -1.9755e-02, +5.3092e-02, -6.1318e-02, +7.2433e-02, +1.1211e-03, -4.8514e-02, -3.7721e-02, +1.5043e-02, +1.1560e-02, -8.5012e-03, +1.1595e-02, +1.9350e-02, +4.0007e-03, +4.7623e-02, +3.9570e-02, +4.9779e-02, +1.2001e-02, -4.7411e-02, +1.5388e-02, -6.2265e-03, -5.2970e-02, -4.1312e-02, +1.1333e-02, -2.1744e-02, -3.1461e-02, +4.2498e-03, +6.8951e-02, +2.2645e-02, -2.4778e-02, +1.5949e-02, +5.2733e-02, +1.0526e-02, -1.0000e+00, -1.7909e-02, -4.4737e-02, -2.2469e-02, -1.9585e-02, -2.3866e-02, -4.5449e-02, +1.1171e-01, +1.9558e-02, -2.9633e-02, +3.4701e-03, +7.7412e-03, +8.2196e-03, -5.2039e-03, +1.2416e-02, +2.9076e-02, +1.9564e-02
+6.6797e-02, +4.0198e-02, +1.8258e-02, +1.0781e-02, +2.3583e-02, -3.1736e-02, +3.8286e-02, +2.4932e-02, -8.5434e-02, +3.6934e-02, +9.1322e-03, +4.7335e-02, +7.1669e-02, +3.8720e-02, -3.0439e-02, +5.5117e-02, -4.7638e-02, +2.7266e-02, -1.5767e-02, +5.8332e-02, +3.6722e-02, +6.8879e-02, -3.5459e-02, -2.2288e-02, -1.6733e-02, +4.7564e-02, +2.2940e-02, +4.0560e-03, -2.0258e-02, -8.6510e-02, +4.7381e-02, -1.3811e-02, +1.1137e-02, -1.7909e-02, -1.0000e+00, +2.2976e-02, -2.5946e-02, -3.1496e-02, +3.0312e-02, -4.2592e-03, +4.7394e-02, +1.8988e-02, +7.5765e-02, -6.8725e-02, -3.3286e-02, +1.2433e-02, +1.5072e-02, -2.1094e-02, -2.6674e-02, -2.9436e-03
-3.7349e-02, +1.2094e-02, +3.0717e-03, -1.1813e-02, -3.8875e-03, -6.7314e-02, -2.0146e-02, -1.6844e-03, +1.6774e-02, -1.5322e-02, -6.6104e-03, +4.9525e-04, +1.3735e-02, +3.4607e-02, +4.1022e-02, -1.5685e-01, +4.7193e-02, +6.7098e-03, -2.7103e-02, +4.9468e-02, +1.0932e-01, -5.9547e-02, +5.2502e-02, +5.3858e-02, +3.0141e-02, +5.0686e-02, +2.7440e-02, +6.4764e-02, +4.4086e-02, -2.2432e-02, -4.2125e-02, -9.9675e-02, +1.0506e-02, -4.4737e-02, +2.2976e-02, -1.0000e+00, +2.4323e-02, -1.2817e-02, +2.1944e-02, +2.6484e-02, -2.9573e-02, -5.8625e-02, -1.5171e-01, -7.5781e-02, +2.7618e-02, -5.7640e-02, -2.1629e-02, -5.8750e-02, +8.0089e-02, -4.0358e-02
+2.1220e-04, +5.1659e-02, -6.3626e-02, +5.5795e-02, -5.6220e-02, +6.0664e-02, +5.1163e-02, -1.8067e-02, +8.2027e-04, +2.6014e-02, +5.4268e-02, -2.0464e-02, +4.6473e-02, +3.1488e-02, +2.2490e-02, -2.5483e-02, -3.3110e-03, +3.1645e-02, +1.4296e-02, +1.1778e-01, +4.0901e-02, -3.3728e-02, +2.2224e-02, +4.0214e-03, +3.6624e-02, +1.9886e-02, -9.4744e-03, +1.2503e-02, +2.8357e-02, -9.3634e-03, +8.9575e-02, +3.8888e-02, +1.6263e-02, -2.2469e-02, -2.5946e-02, +2.4323e-02, -1.0000e+00, -1.5303e-02, +3.9108e-02, -2.1694e-02, -1.5089e-02, +3.3129e-02, +8.7710e-02, +4.4509e-02, -3.1795e-02, +7.5029e-02, +4.4627e-02, +1.5521e-01, +2.6842e-02, -7.0739e-02
+7.0531e-03, -1.4115e-03, +4.8763e-02, -2.1354e-03, +4.5204e-02, +4.6164e-02, +5.6684e-02, +4.8480e-02, +1.3442e-02, +6.1981e-02, -6.7864e-02, -2.8313e-02, -4.7693e-02, +2.9258e-02, +6.1360e-03, -3.9313e-02, -1.9363e-02, +7.8001e-02, +3.1770e-02, -8.8502e-02, +2.0657e-02, +1.6002e-03, +1.7390e-02, +5.5914e-02, -2.1041e-03, +3.3851e-02, -2.0164e-02, -1.0857e-01, -3.5090e-03, +3.3739e-02, -2.6513e-02, +3.4133e-02, -4.8582e-02, -1.9585e-02, -3.1496e-02, -1.2817e-02, -1.5303e-02, -1.0000e+00, -1.3297e-02, +2.0002e-02, +9.5498e-03, -2.3016e-02, -3.9065e-02, -7.9587e-02, -4.0292e-02, -7.3273e-03, -1.1411e-01, +8.9047e-02, -1.5668e-02, +5.8906e-02
-3.8255e-03, -8.4351e-03, -2.6324e-02, +2.2303e-03, +3.4769e-02, -8.7687e-04, -1.3251e-02, +3.9398e-03, +8.0068e-02, -2.0320e-02, +3.7946e-02, +1.5446e-02, -1.9109e-02, +2.8318e-02, -1.9248e-02, +3.6808e-03, -2.3112e-02, +2.8611e-02, -5.5871e-02, -3.0230e-02, +3.0435e-02, -1.2051e-02, +7.8782e-02, -3.1439e-02, +1.5387e-02, +1.6129e-02, -2.0687e-02, +4.6840e-03, +2.5339e-02, -3.0031e-02, -7.1772e-02, +5.7997e-03, -2.3257e-02, -2.3866e-02, +3.0312e-02, +2.1944e-02, +3.9108e-02, -1.3297e-02, -1.0000e+00, -6.3157e-02, -4.5060e-02, +6.4078e-03, +1.3486e-02, -2.9222e-02, +5.3075e-02, -3.0773e-02, -2.1216e-02, -3.4742e-03, -2.6934e-02, -2.3429e-02
+3.7582e-02, +2.3092e-03, -1.7547e-02, +1.9761e-02, +2.2586e-02, -6.2449e-03, -6.6930e-04, -2.1500e-02, +3.4393e-02, +3.0077e-02, +4.5899e-02, +8.1711e-03, +1.3046e-02, +5.0064e-02, -1.2333e-02, +1.8239e-02, +5.5781e-02, -3.6188e-02, +6.1599e-03, -7.5836e-02, +3.5081e-02, +1.6784e-02, -2.7360e-02, +1.0743e-02, +6.2870e-02, +1.3584e-03, -2.3792e-03, +4.6829e-02, -4.0723e-03, -4.2876e-02, -4.0835e-02, +3.2732e-02, -4.7666e-02, -4.5449e-02, -4.2592e-03, +2.6484e-02, -2.1694e-02, +2.0002e-02, -6.3157e-02, -1.0000e+00, -2.2501e-03, -2.0692e-02, -2.4394e-02, -9.0897e-02, -7.5664e-03, -1.2358e-02, +5.2185e-02, -2.8079e-04, -6.3227e-03, +3.6435e-02
+1.3745e-01, +5.6995e-02, -6.2689e-02, -4.1069e-04, -1.0308e-02, +1.7453e-02, +3.9984e-02, -4.0734e-02, +3.2885e-02, +4.3961e-02, -7.2164e-02, -3.7892e-02, -5.4851e-02, -7.0812e-03, +5.0043e-02, +4.5753e-02, +1.6030e-02, -2.2788e-02, -1.5892e-02, +8.7418e-02, +5.7544e-03, -9.5670e-02, +4.5849e-02, -6.3947e-03, +1.5764e-02, -3.9660e-02, +7.2110e-03, -1.2600e-02, +7.8587e-02, +3.1435e-02, -1.1995e-02, -6.6264e-03, +3.0758e-02, +1.1171e-01, +4.7394e-02, -2.9573e-02, -1.5089e-02, +9.5498e-03, -4.5060e-02, -2.2501e-03, -1.0000e+00, +1.5588e-02, +3.7421e-02, +9.6889e-03, +1.0167e-02, -2.7283e-03, +3.8934e-02, -1.7204e-02, -4.4156e-02, -1.1257e-01
+2.4861e-02, -2.5323e-02, +1.7177e-02, +6.0000e-02, +1.2986e-02, -4.2225e-02, +1.7085e-02, -1.2865e-03, +4.7011e-03, +3.8865e-02, -1.5464e-03, +9.5162e-03, +1.3617e-02, +2.4366e-02, -3.6280e-02, -6.2082e-02, +8.2146e-02, -1.7143e-02, -3.2040e-02, +5.8039e-02, -8.6996e-03, +4.6888e-03, +3.1426e-02, -3.3885e-03, -7.0709e-02, +5.2908e-03, +2.7332e-02, +3.7184e-02, +1.0811e-03, +2.8469e-03, -9.9614e-04, -4.5293e-02, +7.6387e-02, +1.9558e-02, +1.8988e-02, -5.8625e-02, +3.3129e-02, -2.3016e-02, +6.4078e-03, -2.0692e-02, +1.5588e-02, -1.0000e+00, -3.2091e-03, -8.1450e-03, -2.2395e-03, -1.2273e-02, +2.2762e-02, -3.4462e-02, +6.7473e-04, +1.4987e-02
+5.6085e-02, -2.2917e-03, -1.9394e-02, -3.9004e-02, -9.1476e-03, +5.2152e-02, -3.0349e-02, +5.1695e-02, +6.6330e-03, +1.8560e-03, +9.4391e-02, -7.7270e-02, -2.5348e-02, +8.6243e-03, +1.2204e-02, -1.2188e-01, +2.7261e-02, -3.0741e-02, +2.9448e-02, -4.4981e-02, +1.8717e-02, +3.4951e-02, -9.1499e-02, +3.4563e-02, +6.2211e-02, +6.2331e-02, -7.4679e-03, +5.1730e-02, -2.9396e-02, -8.2107e-03, -7.6754e-03, -2.8037e-02, +3.2647e-02, -2.9633e-02, +7.5765e-02, -1.5171e-01, +8.7710e-02, -3.9065e-02, +1.3486e-02, -2.4394e-02, +3.7421e-02, -3.2091e-03, -1.0000e+00, -5.1335e-02, +7.5844e-02, -1.3928e-02, -2.0754e-02, +5.3951e-03, -1.5818e-02, +5.7485e-02
-1.1957e-02, +1.1648e-02, -5.3443e-02, +1.3484e-03, +5.1941e-02, -4.6311e-02, -9.3029e-03, -1.8337e-02, -4.0137e-03, +5.1048e-03, -2.9689e-02, -3.3336e-02, -1.1018e-02, +4.5289e-02, +2.7584e-03, +9.2971e-02, +1.0835e-01, -2.3478e-02, -1.4643e-02, +1.6686e-03, -7.8054e-02, +1.3353e-01, -4.0374e-04, +1.5257e-02, +1.8620e-02, +4.8286e-02, -1.7420e-02, -1.7871e-02, +2.9667e-02, -9.2607e-03, +3.2317e-02, +1.5992e-01, -2.8631e-02, +3.4701e-03, -6.8725e-02, -7.5781e-02, +4.4509e-02, -7.9587e-02, -2.9222e-02, -9.0897e-02, +9.6889e-03, -8.1450e-03, -5.1335e-02, -1.0000e+00, -5.0471e-02, -5.7723e-02, -2.9719e-02, +7.6988e-02, +5.1150e-02, -6.3250e-02
+7.2213e-03, -1.2446e-01, -1.2469e-02, -8.9904e-06, +5.1386e-02, +1.0974e-01, -8.4123e-02, -7.5150e-02, +7.2682e-02, +2.8561e-03, +1.3185e-02, -5.7457e-02, -8.6029e-02, -6.8089e-02, +1.5634e-02, -4.9175e-02, +2.7611e-02, +2.0286e-02, +6.5927e-02, -3.2710e-02, -4.7643e-02, -2.1079e-02, +7.3966e-02, -5.8730e-03, -1.8700e-02, -6.4591e-02, +5.4682e-02, -1.2305e-01, +1.9108e-02, -2.8590e-03, +5.0608e-03, -1.6713e-02, -3.6050e-02, +7.7412e-03, -3.3286e-02, +2.7618e-02, -3.1795e-02, -4.0292e-02, +5.3075e-02, -7.5664e-03, +1.0167e-02, -2.2395e-03, +7.5844e-02, -5.0471e-02, -1.0000e+00, -3.1313e-02, -7.6605e-02, +9.4664e-02, -1.7699e-02, +4.6143e-02
+3.8435e-02, +2.1703e-02, +2.3572e-02, +3.9023e-02, +1.4261e-02, -3.5755e-02, -3.5221e-02, +3.5171e-02, +6.3140e-03, +7.5196e-02, +1.5864e-02, -3.6865e-02, -4.1348e-02, -4.8107e-02, -6.0358e-02, -4.7496e-02, -6.0374e-02, +3.3235e-02, +2.6014e-04, -5.7145e-02, -2.3258e-02, +3.3072e-02, +7.1109e-03, -6.6243e-02, -9.5563e-03, +2.3687e-02, +1.6585e-02, -2.5755e-03, +9.0213e-03, -1.1052e-02, -4.2386e-02, -1.7520e-02, -1.5410e-02, +8.2197e-03, +1.2433e-02, -5.7640e-02, +7.5029e-02, -7.3273e-03, -3.0773e-02, -1.2358e-02, -2.7284e-03, -1.2273e-02, -1.3928e-02, -5.7723e-02, -3.1313e-02, -1.0000e+00, -5.0128e-02, -2.6312e-02, +2.0687e-02, +3.0337e-02
+2.7465e-02, +9.8309e-03, -4.5588e-02, -3.1898e-02, +3.0953e-02, +2.0844e-02, +1.1881e-02, -4.2591e-02, +6.3479e-02, +8.0363e-02, -7.0396e-02, -1.1865e-02, +2.7294e-02, -4.6013e-02, -6.0776e-05, -2.4027e-03, -3.9772e-02, -6.1888e-03, +3.0949e-02, -6.9356e-02, +2.0185e-02, -5.9832e-02, +1.8739e-02, -6.5450e-02, -1.6210e-02, +3.2580e-02, -2.2261e-02, -6.7583e-02, -3.7429e-02, -2.7304e-02, +1.3965e-02, +3.1018e-02, -2.6221e-02, -5.2039e-03, +1.5072e-02, -2.1629e-02, +4.4627e-02, -1.1411e-01, -2.1216e-02, +5.2185e-02, +3.8934e-02, +2.2762e-02, -2.0754e-02, -2.9719e-02, -7.6605e-02, -5.0128e-02, -1.0000e+00, -2.2073e-02, +1.5411e-02, -2.3370e-02
+4.2877e-02, -2.3110e-02, +8.6674e-02, +1.5473e-02, +5.5875e-02, -1.0504e-01, -3.1625e-02, -5.0555e-02, -7.0891e-03, -4.0836e-02, -1.5637e-02, -9.1611e-03, -1.9462e-02, -2.5725e-02, +3.6536e-02, +2.9018e-02, -2.7679e-02, -2.9282e-02, -1.4251e-01, +2.8161e-02, -1.2949e-02, +5.3568e-02, -2.7846e-02, -2.9839e-02, +3.8690e-02, -5.4178e-02, +1.1638e-02, +5.9682e-02, -3.3215e-02, -2.3423e-02, +6.4886e-03, +1.6655e-01, +6.0059e-03, +1.2416e-02, -2.1094e-02, -5.8750e-02, +1.5521e-01, +8.9047e-02, -3.4742e-03, -2.8079e-04, -1.7204e-02, -3.4462e-02, +5.3951e-03, +7.6988e-02, +9.4664e-02, -2.6312e-02, -2.2073e-02, -1.0000e+00, -2.4956e-02, +1.3948e-01
+3.0970e-02, +3.5991e-02, +2.8762e-03, +8.6446e-03, -5.6355e-02, +6.0592e-02, +5.7301e-02, +2.9948e-02, -1.2927e-02, -1.0046e-02, -9.7720e-03, +3.5151e-02, -2.4773e-02, -4.5532e-03, -8.4552e-06, +3.7929e-02, -7.3149e-03, -2.7675e-02, +4.4672e-02, -3.5393e-02, -1.9244e-02, +3.3262e-02, +8.6327e-03, +2.2217e-03, -1.1934e-02, -2.7936e-02, -3.8921e-02, -1.0250e-02, -7.9656e-03, +1.1067e-02, -5.1925e-02, -7.5689e-03, +1.8124e-02, +2.9076e-02, -2.6674e-02, +8.0089e-02, +2.6842e-02, -1.5668e-02, -2.6934e-02, -6.3227e-03, -4.4156e-02, +6.7473e-04, -1.5818e-02, +5.1150e-02, -1.7699e-02, +2.0687e-02, +1.5411e-02, -2.4956e-02, -1.0000e+00, -9.5946e-03
+4.5312e-02, +1.3612e-02, -1.5636e-02, +3.5828e-03, +2.3100e-02, -3.7783e-02, +1.2377e-02, -1.2642e-03, +1.6606e-03, +4.8340e-02, +8.2456e-03, -1.9561e-02, -1.8626e-02, +5.8535e-02, +6.0933e-02, -2.2084e-02, -2.9010e-02, -9.8540e-03, -9.3149e-02, +6.5830e-03, +7.1600e-02, +3.0063e-02, +3.8919e-02, +3.5507e-02, -1.2886e-03, +2.9789e-02, -3.8525e-02, -6.8917e-02, +6.4875e-02, +5.6453e-02, -2.0622e-01, +1.1861e-01, +2.5771e-02, +1.9564e-02, -2.9436e-03, -4.0358e-02, -7.0739e-02, +5.8906e-02, -2.3429e-02, +3.6435e-02, -1.1257e-01, +1.4987e-02, +5.7485e-02, -6.3250e-02, +4.6143e-02, +3.0337e-02, -2.3370e-02, +1.3948e-01, -9.5946e-03, -1.0000e+00
