-1.0000e+00, +3.3338e-02, -3.7697e-03, +2.2909e-02, -6.7244e-02, +1.3659e-01, +9.2387e-03, +4.6632e-02, -5.3211e-02, -4.5720e-03, +7.3516e-02, +8.2264e-02, +4.9501e-02, +5.7019e-02, -2.3776e-02, +8.8309e-02, -9.0874e-03, +7.5216e-02, +1.0777e-01, -1.3451e-02, +4.4846e-02, -6.0429e-02, -3.6714e-02, +1.0130e-01, -2.0643e-02, -7.8356e-02, +6.4160e-02, -1.6979e-02, +1.0475e-01, +4.0784e-02, -3.9444e-02, -1.2535e-02, +6.7214e-03, +1.3364e-01, +4.4476e-02, -5.6748e-02, +5.4481e-02, +1.8670e-02, +2.6287e-02, +2.5683e-02, +2.3588e-02, +5.2743e-03, -6.7410e-03, +8.0763e-02, +1.9893e-02, +7.4545e-02, +7.4120e-02, -3.8451e-03, -2.2064e-01, +2.0591e-02
+3.3338e-02, -1.0000e+00, +9.4750e-03, -3.2202e-02, +2.6356e-03, +2.4115e-02, -1.5031e-02, +1.4153e-02, +9.2365e-03, +1.0661e-01, +1.0960e-01, -6.2536e-02, +1.7917e-02, +1.7210e-02, +2.1264e-04, +2.3726e-02, -2.2284e-02, -4.6460e-02, +1.7260e-02, -1.4709e-02, +8.4983e-03, +2.9814e-02, -7.3716e-02, +4.0200e-03, -1.6846e-02, +1.7839e-02, +1.1507e-01, +7.9860e-03, +4.3887e-02, +6.7835e-03, +6.6405e-03, -3.4195e-02, -8.6950e-02, +2.3383e-02, +5.4389e-02, +8.7068e-03, +1.9555e-02, -1.7007e-02, -4.9821e-02, -2.9782e-02, -6.6524e-02, -4.5409e-02, -1.5920e-02, -1.0924e-02, +8.1115e-02, -6.3401e-02, +4.7540e-02, +2.1761e-02, +8.2241e-02, -1.7867e-01
-3.7697e-03, +9.4750e-03, -1.0000e+00, -2.5098e-02, +2.7919e-02, -4.2212e-02, -9.3651e-02, -6.5725e-04, -5.9268e-02, +1.1522e-01, +1.9713e-02, -7.0485e-02, -7.0941e-02, -5.9134e-03, +5.9248e-02, +6.6240e-02, -3.4802e-02, -2.3757e-02, +4.9572e-03, +4.9145e-02, -7.1310e-02, -3.8427e-02, +8.8231e-02, -5.4184e-02, -1.4108e-01, -4.1557e-03, -3.3308e-02, +7.8009e-03, -4.2826e-02, -6.9422e-02, +1.6045e-01, +3.2434e-02, -2.8795e-02, -8.1253e-02, +1.9268e-02, -3.0824e-02, -2.9515e-02, +4.0323e-02, -6.0788e-03, +1.7428e-02, +2.3923e-02, -3.9080e-02, -4.6765e-02, -5.3525e-02, -1.2424e-01, +4.4187e-02, -1.0265e-01, -5.5314e-02, -3.7039e-02, +1.1914e-01
+2.2909e-02, -3.2202e-02, -2.5098e-02, -1.0000e+00, +7.3680e-02, +3.1625e-02, -1.4454e-01, -4.1598e-02, +5.5907e-02, +1.3328e-01, -2.1395e-02, -1.0870e-01, -1.4949e-01, -5.8740e-02, +4.7370e-02, -3.1429e-03, -2.5459e-02, -2.2668e-02, -6.3833e-02, +1.5476e-02, +9.3048e-03, -3.7196e-02, +2.2624e-01, -8.0639e-02, -5.8096e-02, -1.7811e-01, -1.8958e-02, +4.4824e-03, -4.2578e-02, -1.1937e-01, -3.3135e-02, +1.5385e-02, +6.2673e-02, +6.2790e-02, -2.7989e-02, -7.7806e-02, -8.3242e-02, -5.5762e-02, +1.3948e-02, +4.0178e-02, -5.2738e-02, -6.6932e-02, +2.3857e-02, +2.3693e-02, -6.1924e-02, -9.9405e-02, -6.2963e-02, -4.2434e-02, +3.3513e-04, +7.6303e-03
-6.7244e-02, +2.6356e-03, +2.7919e-02, +7.3680e-02, -1.0000e+00, +4.9334e-02, +5.1428e-02, +4.8600e-02, +2.6357e-02, -5.9438e-03, -4.9600e-02, -1.6870e-02, +2.4104e-02, +9.2830e-03, -8.2521e-02, +5.8739e-03, -3.9625e-02, -7.9534e-02, -3.4768e-02, -7.9520e-02, +7.5882e-02, -1.7363e-03, +1.1170e-01, -3.9681e-02, +1.2306e-02, +7.7119e-03, -9.9470e-02, -5.4288e-02, -1.1666e-01, -5.5706e-02, +4.6016e-02, -7.3004e-02, +2.3289e-02, +2.2241e-01, -2.0537e-02, -2.0261e-02, +2.7705e-02, +9.5248e-02, -5.5649e-03, -8.4753e-03, +6.3092e-02, -4.0444e-02, +1.8794e-02, +3.7768e-02, -2.9297e-04, +8.9530e-02, +7.6594e-02, +1.7757e-01, -1.3244e-01, -5.3892e-02
+1.3659e-01, +2.4115e-02, -4.2212e-02, +3.1625e-02, +4.9334e-02, -1.0000e+00, +4.0032e-02, +2.7594e-02, +4.2006e-02, +7.8458e-02, -1.4106e-01, -1.1839e-02, -3.5691e-02, +5.9269e-03, -2.2552e-02, +2.9281e-02, -1.1677e-02, -7.3213e-02, -1.2302e-01, +2.7766e-02, +9.5015e-04, +1.6689e-02, +9.8904e-02, -3.0637e-02, +1.2269e-01, -3.4774e-02, -7.0466e-02, -5.4546e-03, -7.4340e-02, -7.5409e-02, +6.4512e-03, +4.3118e-02, +8.3320e-03, -9.1045e-02, +3.8067e-02, -1.2433e-02, +1.4424e-02, +3.1918e-02, +2.3888e-02, +4.4572e-03, -4.7042e-03, +6.8879e-03, -4.3361e-02, -1.6447e-02, -4.7536e-02, -2.0462e-02, -1.2153e-01, -7.5726e-02, +7.5009e-02, +7.2197e-02
+9.2387e-03, -1.5031e-02, -9.3651e-02, -1.4454e-01, +5.1428e-02, +4.0032e-02, -1.0000e+00, +6.4725e-03, +1.4549e-02, -3.4272e-02, -1.8387e-02, -3.9811e-02, -1.2053e-01, -4.3874e-02, -1.2960e-02, +4.2248e-02, -6.1372e-02, -1.6504e-02, -1.5631e-01, -1.6494e-02, -6.8384e-03, -1.0423e-01, +2.4925e-01, -9.5387e-02, +1.6583e-02, -3.7371e-02, -3.2019e-02, -1.5053e-03, -1.2322e-02, -1.0468e-01, +6.1420e-02, -2.4773e-02, +9.7535e-03, -4.1168e-02, +3.0648e-02, -5.4133e-02, -2.3713e-02, -3.2430e-02, +1.0531e-02, +6.4686e-02, -6.8748e-02, -3.3004e-02, +6.9451e-02, +6.9419e-02, -1.3334e-01, -6.6398e-02, -1.3122e-01, -1.8226e-01, -1.7150e-01, +5.4494e-02
+4.6632e-02, +1.4153e-02, -6.5723e-04, -4.1598e-02, +4.8600e-02, +2.7594e-02, +6.4726e-03, -1.0000e+00, +2.9456e-02, -2.0016e-02, -1.6606e-02, -1.5188e-02, +2.2570e-02, +4.4935e-02, +1.6542e-02, -4.3722e-02, -3.9544e-04, -9.1123e-02, +6.2487e-02, -4.2993e-02, +1.7469e-02, +4.1702e-02, +1.0371e-01, +4.3377e-02, -5.5657e-02, +3.6507e-02, -1.1723e-02, +4.8569e-02, -4.1920e-02, -2.5505e-02, +1.9514e-02, +1.2683e-02, +3.5283e-02, +2.0296e-02, +1.4365e-02, +1.7585e-02, -2.2810e-01, +6.8442e-02, -3.6803e-03, +1.2452e-02, +8.4891e-03, +2.0220e-03, +1.1966e-02, -4.2695e-02, -4.8836e-03, +6.4219e-02, -5.4344e-02, +3.2405e-02, +1.0440e-01, -8.2588e-02
-5.3211e-02, +9.2365e-03, -5.9268e-02, +5.5907e-02, +2.6357e-02, +4.2006e-02, +1.4549e-02, +2.9456e-02, -1.0000e+00, +2.4653e-02, +1.0743e-01, +7.2059e-02, +3.2510e-02, -2.6925e-02, -2.4503e-02, +5.5150e-03, -1.9519e-02, +5.4340e-02, +9.4815e-02, +4.1412e-02, +4.6313e-02, -4.2641e-03, -1.4415e-01, +5.8072e-02, -5.1228e-02, +9.1899e-02, +4.5243e-02, +3.6400e-02, +6.5843e-02, +5.6426e-02, +1.2065e-01, -2.8643e-02, -2.6967e-02, +3.5196e-03, -3.2317e-02, +3.4336e-03, -4.7722e-02, +7.8674e-02, +1.2143e-01, +1.3674e-02, +1.7549e-01, +2.7283e-02, +3.4784e-02, +1.2433e-02, +3.5250e-02, +4.3948e-02, -3.1404e-02, -1.4905e-02, -8.5140e-02, +8.2053e-02
-4.5720e-03, +1.0661e-01, +1.1522e-01, +1.3328e-01, -5.9438e-03, +7.8458e-02, -3.4272e-02, -2.0016e-02, +2.4653e-02, -1.0000e+00, -6.1957e-02, +1.2219e-01, +8.0953e-02, -2.9486e-03, +1.4555e-01, +4.7849e-02, -1.4195e-01, +4.4001e-02, -3.1512e-02, +8.8718e-03, -2.5133e-02, -3.1085e-03, +1.2866e-01, -9.8019e-02, +6.7109e-02, +8.7979e-02, -3.1530e-02, +7.6556e-02, +4.1043e-02, +2.2228e-02, -1.6080e-01, -1.0927e-02, +1.3493e-02, -1.0268e-01, -1.3446e-03, +1.5645e-02, +3.1187e-02, +8.9461e-03, +5.6449e-02, +5.1201e-03, +5.8711e-02, -1.7729e-02, +3.1586e-02, -5.1860e-02, +9.8360e-02, +1.0030e-01, +9.5077e-02, +8.7853e-02, -3.6899e-02, +3.2760e-02
+7.3516e-02, +1.0960e-01, +1.9713e-02, -2.1395e-02, -4.9600e-02, -1.4106e-01, -1.8387e-02, -1.6606e-02, +1.0743e-01, -6.1957e-02, -1.0000e+00, -3.9960e-02, +2.9902e-03, +2.7270e-02, -6.1735e-02, +1.4220e-02, -5.3947e-02, -8.8269e-02, -7.5111e-02, -2.9253e-02, +2.0806e-02, +3.7546e-02, +2.6011e-01, +8.7463e-04, +6.3921e-02, -9.5594e-02, -1.5562e-01, -5.3245e-02, -6.2432e-02, -9.7249e-02, -1.2809e-01, -3.5965e-03, +1.2946e-02, +1.7331e-01, +8.7324e-02, -4.3063e-02, +1.6022e-02, -4.6493e-02, +4.0439e-02, +3.4821e-02, -3.2497e-02, +8.6663e-02, -8.4223e-02, +1.0386e-01, -1.5252e-03, +2.9548e-02, -9.4319e-02, +1.3738e-01, -3.2465e-02, +2.6662e-02
+8.2263e-02, -6.2536e-02, -7.0485e-02, -1.0870e-01, -1.6870e-02, -1.1839e-02, -3.9811e-02, -1.5188e-02, +7.2059e-02, +1.2219e-01, -3.9960e-02, -1.0000e+00, -6.2887e-02, +2.3127e-02, -3.4301e-02, -1.6243e-02, -4.7776e-02, -2.7601e-02, -8.1518e-02, +1.9283e-02, -2.9869e-02, +1.5892e-02, +1.7552e-01, -9.4746e-02, -8.4134e-02, -4.4311e-02, -4.2372e-02, +3.6932e-02, -1.5347e-02, -2.4961e-02, +3.9125e-02, +5.9555e-02, +3.8552e-02, -5.3101e-02, -2.9674e-02, -1.3713e-02, -6.4151e-02, -6.4299e-02, -2.7780e-02, +2.8277e-02, -2.3384e-02, -1.7082e-02, +3.7792e-02, -5.6267e-02, -1.0278e-01, -8.1863e-02, -9.5397e-02, -3.7367e-02, +5.6039e-02, +2.5861e-02
+4.9501e-02, +1.7917e-02, -7.0941e-02, -1.4949e-01, +2.4104e-02, -3.5691e-02, -1.2053e-01, +2.2570e-02, +3.2510e-02, +8.0953e-02, +2.9902e-03, -6.2887e-02, -1.0000e+00, +1.2837e-02, +4.7520e-03, +2.4450e-02, -3.5622e-02, +9.6507e-04, -5.6565e-02, +5.6346e-02, +3.7104e-02, -1.8933e-02, +2.6990e-01, -8.0567e-02, +4.7397e-02, -1.3111e-01, -8.6476e-02, -5.1513e-02, -6.4734e-02, -6.0534e-02, +5.9600e-02, +6.1951e-03, +3.7460e-02, -9.6848e-02, -4.7041e-02, -5.1574e-02, +2.1164e-03, -1.7428e-02, -1.6406e-02, +3.0921e-02, -9.4540e-02, -7.8702e-02, -3.9595e-02, +2.6667e-02, -2.5548e-01, -1.1957e-01, -1.1099e-01, -1.3622e-01, -4.9429e-03, -2.7465e-02
+5.7019e-02, +1.7210e-02, -5.9134e-03, -5.8740e-02, +9.2830e-03, +5.9269e-03, -4.3874e-02, +4.4935e-02, -2.6925e-02, -2.9486e-03, +2.7270e-02, +2.3127e-02, +1.2837e-02, -1.0000e+00, -2.4108e-02, -2.7060e-02, -3.7804e-02, +3.0499e-04, -2.6471e-02, -2.2365e-02, -1.7752e-02, +7.2091e-02, +1.4268e-01, -4.1599e-02, -3.9848e-02, +2.7356e-02, -3.2865e-03, -1.1907e-02, -3.0898e-02, -2.9140e-02, -2.2585e-02, +7.7061e-02, +5.9661e-02, -6.1299e-02, -2.5548e-02, -7.6067e-02, -9.8191e-02, -1.2044e-01, +5.5805e-02, -1.3243e-02, -2.9695e-02, +3.8436e-02, +5.3905e-02, +7.5410e-03, -7.4792e-02, -1.1086e-01, -4.4569e-02, +5.3047e-02, +9.1453e-02, -7.2952e-02
-2.3776e-02, +2.1265e-04, +5.9248e-02, +4.7370e-02, -8.2521e-02, -2.2552e-02, -1.2960e-02, +1.6542e-02, -2.4503e-02, +1.4555e-01, -6.1735e-02, -3.4301e-02, +4.7521e-03, -2.4108e-02, -1.0000e+00, +8.2710e-02, +1.5842e-02, +2.3600e-02, -7.3345e-02, -5.4686e-02, +3.6835e-02, -4.6365e-02, +3.5156e-02, -4.2621e-02, -1.3328e-02, +5.1561e-03, -9.7769e-02, -5.4902e-02, -1.2499e-01, +1.1301e-02, -6.6643e-02, -4.0260e-02, -4.3467e-02, +1.1832e-01, +2.0997e-02, -6.5458e-02, +7.1063e-02, -4.2733e-02, +2.4181e-02, -2.6684e-02, -2.7187e-02, +1.0985e-03, -2.2553e-02, -7.4282e-03, -1.4000e-02, +2.2483e-02, +5.0842e-02, +1.3452e-01, -9.3815e-02, +5.3373e-02
+8.8309e-02, +2.3726e-02, +6.6240e-02, -3.1429e-03, +5.8739e-03, +2.9281e-02, +4.2248e-02, -4.3722e-02, +5.5150e-03, +4.7849e-02, +1.4220e-02, -1.6243e-02, +2.4450e-02, -2.7060e-02, +8.2710e-02, -1.0000e+00, +7.2539e-03, -2.0389e-02, -7.8146e-04, +6.1832e-02, -4.8222e-02, +6.4199e-02, +8.6416e-02, +2.8909e-02, -3.1745e-02, +4.9902e-02, -4.5199e-02, +3.1655e-02, +8.7436e-03, +3.1803e-02, +4.4396e-02, +1.8134e-01, -3.3275e-02, -2.1088e-02, -8.2037e-03, +4.7976e-02, +1.0997e-01, +2.5625e-02, +2.1600e-02, -2.0206e-02, +2.0018e-03, +1.2104e-02, +3.7452e-01, -9.0829e-02, +4.5052e-02, -4.0565e-02, -2.4726e-02, +1.3927e-01, +2.2709e-01, -8.5470e-02
-9.0874e-03, -2.2284e-02, -3.4802e-02, -2.5459e-02, -3.9625e-02, -1.1677e-02, -6.1372e-02, -3.9544e-04, -1.9519e-02, -1.4195e-01, -5.3947e-02, -4.7776e-02, -3.5622e-02, -3.7804e-02, +1.5842e-02, +7.2539e-03, -1.0000e+00, -4.0393e-02, -4.7706e-02, +7.9943e-03, -4.5693e-02, +1.2884e-02, +1.8390e-01, -2.6268e-02, -3.1094e-02, -2.1929e-03, -4.7517e-02, -2.3801e-05, -2.6227e-02, -1.3753e-02, -3.3469e-02, +5.2663e-02, +2.6083e-02, -2.9920e-02, +2.6363e-02, -3.0535e-02, +2.7202e-03, -6.8360e-03, -3.3094e-02, +1.2860e-04, -4.2240e-02, +4.0947e-02, -6.0009e-02, +4.5434e-02, -5.1947e-02, -3.7445e-02, -8.9433e-02, +3.6450e-02, +4.4866e-02, +1.2230e-02
+7.5216e-02, -4.6460e-02, -2.3757e-02, -2.2668e-02, -7.9534e-02, -7.3213e-02, -1.6504e-02, -9.1123e-02, +5.4340e-02, +4.4001e-02, -8.8269e-02, -2.7601e-02, +9.6507e-04, +3.0499e-04, +2.3600e-02, -2.0389e-02, -4.0394e-02, -1.0000e+00, -1.3655e-02, -6.1572e-02, -3.5621e-02, +3.8569e-02, +2.3659e-01, +5.6123e-02, +2.4750e-02, +6.1779e-03, -1.3449e-02, -3.5747e-02, -9.0478e-02, -9.2718e-02, +5.2010e-02, -3.9684e-02, -9.6340e-03, +1.0515e-01, +8.0424e-02, +8.6983e-03, -2.0607e-02, -5.9495e-03, +7.0075e-03, -2.3860e-02, -1.9705e-02, +3.9676e-02, +1.4486e-02, -2.9386e-02, -7.3687e-02, +2.5404e-02, -6.3681e-02, +1.0211e-01, +4.2935e-02, -9.5839e-02
+1.0777e-01, +1.7260e-02, +4.9572e-03, -6.3833e-02, -3.4768e-02, -1.2302e-01, -1.5631e-01, +6.2487e-02, +9.4815e-02, -3.1512e-02, -7.5111e-02, -8.1518e-02, -5.6565e-02, -2.6471e-02, -7.3345e-02, -7.8146e-04, -4.7706e-02, -1.3655e-02, -1.0000e+00, +6.9017e-03, +1.4115e-02, -2.8479e-02, +2.7531e-01, -2.4609e-01, +1.3665e-02, -1.9511e-01, -1.1421e-01, +9.2014e-03, +7.7516e-03, -1.3465e-01, -4.3103e-03, +1.4048e-01, -2.5570e-02, -2.7674e-01, -1.6604e-02, -1.0564e-01, +1.1719e-01, +3.6040e-03, -6.5386e-02, +1.3712e-02, -1.5612e-02, -5.2014e-02, +8.6519e-02, +1.4774e-02, -2.0681e-01, -1.4660e-01, -1.2940e-01, -2.4879e-01, -4.9049e-02, +6.7225e-02
-1.3451e-02, -1.4709e-02, +4.9145e-02, +1.5476e-02, -7.9520e-02, +2.7766e-02, -1.6494e-02, -4.2993e-02, +4.1412e-02, +8.8718e-03, -2.9253e-02, +1.9283e-02, +5.6346e-02, -2.2365e-02, -5.4686e-02, +6.1832e-02, +7.9943e-03, -6.1572e-02, +6.9017e-03, -1.0000e+00, +1.9664e-02, -3.8069e-02, +3.5198e-02, -2.0676e-02, -9.0635e-03, +5.1980e-03, -2.0383e-02, +7.1289e-04, +1.2926e-02, -7.2732e-02, -1.8123e-02, -4.2677e-02, -1.0647e-02, +9.2241e-02, +1.7752e-02, -1.0092e-02, +5.5838e-02, +1.2592e-02, -6.5319e-03, +5.3065e-02, +2.4130e-02, +6.4649e-03, -7.0362e-02, +1.7379e-02, +3.2064e-02, +3.1863e-02, -5.0498e-03, +1.0995e-01, -6.5512e-02, -5.7957e-02
+4.4846e-02, +8.4983e-03, -7.1310e-02, +9.3048e-03, +7.5882e-02, +9.5016e-04, -6.8384e-03, +1.7469e-02, +4.6313e-02, -2.5133e-02, +2.0806e-02, -2.9869e-02, +3.7104e-02, -1.7752e-02, +3.6835e-02, -4.8222e-02, -4.5693e-02, -3.5621e-02, +1.4115e-02, +1.9664e-02, -1.0000e+00, +7.6744e-02, -2.7675e-02, -1.4149e-02, +3.0792e-02, +3.5347e-02, +3.4154e-03, +6.3513e-02, +1.7371e-02, +4.2112e-02, +4.1007e-02, +6.2437e-02, +3.8338e-02, -1.0569e-01, -2.6831e-02, +3.5236e-02, +3.4924e-02, -3.6687e-02, +4.4959e-02, +1.5587e-03, -5.5096e-02, -5.9809e-03, -8.3953e-02, -1.4561e-01, +8.3967e-03, +1.3401e-03, +3.2916e-02, +2.2701e-02, +2.0205e-01, -3.5886e-02
-6.0429e-02, +2.9814e-02, -3.8427e-02, -3.7196e-02, -1.7363e-03, +1.6689e-02, -1.0423e-01, +4.1702e-02, -4.2641e-03, -3.1085e-03, +3.7546e-02, +1.5892e-02, -1.8933e-02, +7.2091e-02, -4.6365e-02, +6.4199e-02, +1.2884e-02, +3.8569e-02, -2.8479e-02, -3.8069e-02, +7.6744e-02, -1.0000e+00, -3.0048e-02, -1.8001e-03, -2.6669e-02, -1.0218e-01, +2.1357e-04, +1.1724e-02, -1.4791e-02, -4.9730e-02, +6.6580e-02, -6.1997e-02, -1.4736e-03, +2.6086e-03, +1.2685e-03, +2.1861e-03, +1.0639e-01, -3.8681e-05, +3.1191e-03, -6.2612e-02, +3.6695e-04, -5.7832e-02, +5.5970e-03, +3.5945e-02, -5.8705e-02, +2.7949e-02, -1.1633e-02, -1.1120e-01, -2.0934e-01, +1.1153e-01
-3.6714e-02, -7.3716e-02, +8.8231e-02, +2.2624e-01, +1.1170e-01, +9.8904e-02, +2.4925e-01, +1.0371e-01, -1.4415e-01, +1.2866e-01, +2.6011e-01, +1.7552e-01, +2.6990e-01, +1.4268e-01, +3.5156e-02, +8.6416e-02, +1.8390e-01, +2.3659e-01, +2.7531e-01, +3.5198e-02, -2.7675e-02, -3.0048e-02, -1.0000e+00, +1.7881e-01, -1.1212e-02, +6.2712e-02, +2.7075e-01, +1.0478e-01, +2.6676e-01, +2.1521e-01, +1.9037e-01, -4.8079e-02, +3.4103e-02, -1.8404e-01, -9.0645e-02, +1.3760e-01, +1.2747e-01, +9.3242e-02, +5.7463e-02, -7.5639e-02, +1.7934e-01, -3.2901e-02, -1.0479e-01, -6.3941e-02, +3.6290e-01, +9.9720e-02, +2.1467e-01, -1.2633e-01, +3.0568e-02, +1.4049e-01
+1.0130e-01, +4.0200e-03, -5.4184e-02, -8.0639e-02, -3.9681e-02, -3.0637e-02, -9.5387e-02, +4.3377e-02, +5.8072e-02, -9.8019e-02, +8.7463e-04, -9.4746e-02, -8.0567e-02, -4.1599e-02, -4.2621e-02, +2.8909e-02, -2.6268e-02, +5.6123e-02, -2.4609e-01, -2.0676e-02, -1.4149e-02, -1.8001e-03, +1.7881e-01, -1.0000e+00, +4.7568e-02, -1.8928e-01, -1.5856e-01, -3.2047e-02, -1.8748e-02, -1.1844e-01, -1.1933e-01, +7.4024e-02, +5.1496e-03, -2.4340e-01, -7.6264e-02, -5.4846e-02, +1.0089e-01, -5.1460e-02, -5.5306e-02, +1.4073e-02, -4.3976e-02, -7.0132e-02, +2.4604e-02, -2.2800e-02, -1.1299e-01, -1.3178e-01, -9.8516e-02, -1.0034e-01, +3.8114e-02, +1.0388e-01
-2.0643e-02, -1.6846e-02, -1.4108e-01, -5.8096e-02, +1.2306e-02, +1.2269e-01, +1.6583e-02, -5.5657e-02, -5.1228e-02, +6.7109e-02, +6.3921e-02, -8.4134e-02, +4.7397e-02, -3.9848e-02, -1.3328e-02, -3.1745e-02, -3.1094e-02, +2.4750e-02, +1.3665e-02, -9.0635e-03, +3.0792e-02, -2.6669e-02, -1.1212e-02, +4.7568e-02, -1.0000e+00, +2.3440e-02, +1.8561e-02, +1.6175e-01, +3.9310e-02, +1.3744e-02, +9.3247e-02, +2.8760e-02, +3.9045e-02, +2.0668e-02, +5.7091e-03, -1.8787e-02, -1.6799e-02, -1.6530e-02, +2.5785e-02, -4.5293e-02, +1.1033e-01, +4.3326e-02, -8.8105e-02, -4.6142e-02, -3.1950e-02, +5.0636e-02, -7.0204e-02, +8.6330e-02, -1.3485e-02, -3.2532e-03
-7.8355e-02, +1.7839e-02, -4.1557e-03, -1.7811e-01, +7.7119e-03, -3.4774e-02, -3.7371e-02, +3.6507e-02, +9.1899e-02, +8.7979e-02, -9.5594e-02, -4.4311e-02, -1.3111e-01, +2.7356e-02, +5.1561e-03, +4.9902e-02, -2.1929e-03, +6.1779e-03, -1.9511e-01, +5.1980e-03, +3.5347e-02, -1.0218e-01, +6.2712e-02, -1.8928e-01, +2.3440e-02, -1.0000e+00, -9.4646e-02, -3.4268e-02, -4.0699e-02, -2.0753e-01, +5.5745e-02, +7.4062e-02, +8.0185e-02, -2.0782e-01, -2.8035e-02, -1.0823e-01, +1.9638e-01, +4.9827e-02, +1.0596e-02, -6.5037e-02, +5.8192e-03, -5.4735e-02, +9.3324e-02, +4.2844e-02, -1.9942e-01, -6.5888e-02, -7.5221e-03, -2.8748e-01, -2.2358e-01, +1.5976e-01
+6.4160e-02, +1.1507e-01, -3.3308e-02, -1.8958e-02, -9.9470e-02, -7.0466e-02, -3.2019e-02, -1.1724e-02, +4.5243e-02, -3.1530e-02, -1.5562e-01, -4.2372e-02, -8.6476e-02, -3.2865e-03, -9.7769e-02, -4.5199e-02, -4.7517e-02, -1.3449e-02, -1.1421e-01, -2.0383e-02, +3.4154e-03, +2.1357e-04, +2.7075e-01, -1.5856e-01, +1.8561e-02, -9.4646e-02, -1.0000e+00, -1.5293e-02, -1.7457e-01, -4.2723e-02, -1.2357e-01, +8.7390e-02, -2.5631e-02, -5.6375e-02, +5.2393e-02, -3.6603e-02, +2.5031e-02, +1.7733e-02, -2.1243e-02, -4.7962e-02, -8.0971e-02, -3.8461e-02, -1.8784e-02, +4.4312e-02, -1.5774e-01, -6.8603e-02, -9.7284e-02, -5.0022e-02, +1.8675e-04, +1.2695e-01
-1.6979e-02, +7.9860e-03, +7.8009e-03, +4.4824e-03, -5.4288e-02, -5.4546e-03, -1.5053e-03, +4.8569e-02, +3.6400e-02, +7.6556e-02, -5.3245e-02, +3.6932e-02, -5.1513e-02, -1.1907e-02, -5.4902e-02, +3.1655e-02, -2.3804e-05, -3.5747e-02, +9.2014e-03, +7.1288e-04, +6.3513e-02, +1.1724e-02, +1.0478e-01, -3.2047e-02, +1.6175e-01, -3.4268e-02, -1.5293e-02, -1.0000e+00, -6.9726e-02, -2.9620e-02, -5.9824e-02, -2.0929e-02, -4.5175e-02, +5.3285e-02, +9.6587e-02, -6.7938e-03, +8.3978e-02, -6.7052e-02, -2.4351e-02, +1.1392e-02, -6.0702e-02, -9.1940e-02, +4.4235e-02, +4.7265e-02, -7.2697e-02, -2.0180e-02, -7.8861e-03, -1.4375e-02, -1.0549e-01, +6.7769e-02
+1.0475e-01, +4.3887e-02, -4.2826e-02, -4.2578e-02, -1.1666e-01, -7.4340e-02, -1.2322e-02, -4.1920e-02, +6.5843e-02, +4.1043e-02, -6.2432e-02, -1.5347e-02, -6.4734e-02, -3.0898e-02, -1.2499e-01, +8.7436e-03, -2.6227e-02, -9.0478e-02, +7.7516e-03, +1.2926e-02, +1.7371e-02, -1.4791e-02, +2.6676e-01, -1.8748e-02, +3.9310e-02, -4.0699e-02, -1.7457e-01, -6.9726e-02, -1.0000e+00, -6.7220e-02, -5.1984e-02, -1.9778e-04, -4.2504e-02, +7.0125e-02, +7.1877e-02, -6.9638e-02, +3.2656e-02, +1.2556e-02, -4.2842e-02, +1.4539e-02, -8.0736e-02, -3.2086e-02, +4.2216e-02, +3.3157e-02, -9.9687e-02, -6.3019e-03, -2.7696e-02, +1.2170e-02, -5.2563e-02, +1.4816e-02
+4.0784e-02, +6.7835e-03, -6.9422e-02, -1.1937e-01, -5.5706e-02, -7.5409e-02, -1.0468e-01, -2.5505e-02, +5.6426e-02, +2.2228e-02, -9.7249e-02, -2.4961e-02, -6.0534e-02, -2.9140e-02, +1.1301e-02, +3.1803e-02, -1.3753e-02, -9.2718e-02, -1.3465e-01, -7.2732e-02, +4.2112e-02, -4.9730e-02, +2.1521e-01, -1.1844e-01, +1.3744e-02, -2.0753e-01, -4.2723e-02, -2.9620e-02, -6.7220e-02, -1.0000e+00, +6.0266e-02, +3.4883e-02, +1.8184e-03, -5.2391e-02, +2.6996e-02, -8.8612e-02, +7.1770e-02, +3.9122e-02, -1.7177e-02, +1.5538e-03, +2.6672e-03, -7.8991e-02, +1.5098e-02, +2.1238e-02, -1.7357e-01, +4.7637e-02, -6.4114e-02, -1.9082e-01, -2.2546e-01, +8.4487e-02
-3.9444e-02, +6.6405e-03, +1.6045e-01, -3.3135e-02, +4.6016e-02, +6.4512e-03, +6.1420e-02, +1.9514e-02, +1.2065e-01, -1.6080e-01, -1.2809e-01, +3.9125e-02, +5.9600e-02, -2.2585e-02, -6.6643e-02, +4.4396e-02, -3.3469e-02, +5.2010e-02, -4.3103e-03, -1.8123e-02, +4.1007e-02, +6.6580e-02, +1.9037e-01, -1.1933e-01, +9.3247e-02, +5.5745e-02, -1.2357e-01, -5.9824e-02, -5.1984e-02, +6.0266e-02, -1.0000e+00, -6.0712e-02, -4.1391e-02, +2.4967e-01, +6.6860e-02, -2.7223e-02, +3.3221e-02, -9.5732e-02, -6.7530e-02, +9.1885e-03, -1.7054e-01, +8.6440e-02, -4.1705e-02, +3.5011e-02, +1.0978e-01, -4.7841e-02, +5.7768e-02, +2.6720e-01, +1.5504e-01, -5.1970e-02
-1.2535e-02, -3.4195e-02, +3.2434e-02, +1.5385e-02, -7.3004e-02, +4.3118e-02, -2.4773e-02, +1.2683e-02, -2.8643e-02, -1.0927e-02, -3.5965e-03, +5.9555e-02, +6.1951e-03, +7.7061e-02, -4.0260e-02, +1.8134e-01, +5.2663e-02, -3.9684e-02, +1.4048e-01, -4.2677e-02, +6.2437e-02, -6.1997e-02, -4.8079e-02, +7.4024e-02, +2.8760e-02, +7.4062e-02, +8.7390e-02, -2.0929e-02, -1.9778e-04, +3.4883e-02, -6.0712e-02, -1.0000e+00, -2.7747e-02, +3.2951e-01, +8.1415e-02, -2.1788e-03, -1.2890e-01, +9.0879e-02, +2.3421e-02, +1.2850e-01, +2.6134e-02, +3.3241e-02, +8.1222e-02, +5.6449e-02, +1.6907e-01, +1.2698e-01, +5.3701e-02, +1.8016e-01, -1.5946e-01, +8.0959e-02
+6.7214e-03, -8.6950e-02, -2.8795e-02, +6.2673e-02, +2.3289e-02, +8.3320e-03, +9.7535e-03, +3.5283e-02, -2.6967e-02, +1.3493e-02, +1.2946e-02, +3.8552e-02, +3.7460e-02, +5.9661e-02, -4.3467e-02, -3.3275e-02, +2.6083e-02, -9.6340e-03, -2.5570e-02, -1.0647e-02, +3.8338e-02, -1.4736e-03, +3.4103e-02, +5.1495e-03, +3.9045e-02, +8.0185e-02, -2.5631e-02, -4.5175e-02, -4.2504e-02, +1.8184e-03, -4.1391e-02, -2.7747e-02, -1.0000e+00, +2.7021e-02, -2.6654e-02, -1.5755e-02, +4.4902e-02, -1.0093e-02, -2.7759e-02, +8.5056e-03, -3.5017e-02, +1.3969e-02, +4.7576e-02, +8.1730e-03, -2.0939e-02, -3.3883e-02, -5.2940e-04, -1.7306e-02, -4.7529e-02, +2.2972e-02
+1.3364e-01, +2.3383e-02, -8.1253e-02, +6.2790e-02, +2.2241e-01, -9.1045e-02, -4.1168e-02, +2.0296e-02, +3.5196e-03, -1.0268e-01, +1.7331e-01, -5.3101e-02, -9.6848e-02, -6.1299e-02, +1.1832e-01, -2.1088e-02, -2.9920e-02, +1.0515e-01, -2.7674e-01, +9.2241e-02, -1.0569e-01, +2.6086e-03, -1.8404e-01, -2.4340e-01, +2.0668e-02, -2.0782e-01, -5.6375e-02, +5.3285e-02, +7.0125e-02, -5.2391e-02, +2.4967e-01, +3.2951e-01, +2.7021e-02, -1.0000e+00, -1.1532e-01, -1.5368e-02, +7.6885e-02, -4.4825e-02, +4.2420e-02, -1.1347e-01, +3.0439e-02, -1.8595e-01, +4.0249e-02, -1.7238e-01, -3.0275e-01, -2.7688e-01, -5.8177e-02, -5.5399e-01, +2.3886e-01, +2.1140e-01
+4.4476e-02, +5.4389e-02, +1.9268e-02, -2.7989e-02, -2.0537e-02, +3.8067e-02, +3.0648e-02, +1.4365e-02, -3.2317e-02, -1.3446e-03, +8.7324e-02, -2.9674e-02, -4.7041e-02, -2.5548e-02, +2.0997e-02, -8.2037e-03, +2.6363e-02, +8.0424e-02, -1.6604e-02, +1.7752e-02, -2.6831e-02, +1.2685e-03, -9.0645e-02, -7.6264e-02, +5.7091e-03, -2.8035e-02, +5.2393e-02, +9.6587e-02, +7.1877e-02, +2.6996e-02, +6.6860e-02, +8.1415e-02, -2.6654e-02, -1.1532e-01, -1.0000e+00, -1.9645e-02, -7.0912e-02, -1.2611e-02, +9.7542e-03, +5.0033e-02, +5.7077e-03, +2.8010e-02, +2.0646e-02, -3.9065e-02, +5.4417e-02, -3.9045e-02, -3.0677e-02, +2.4107e-02, +9.6514e-02, -1.9228e-02
-5.6748e-02, +8.7068e-03, -3.0824e-02, -7.7806e-02, -2.0261e-02, -1.2433e-02, -5.4133e-02, +1.7585e-02, +3.4336e-03, +1.5645e-02, -4.3063e-02, -1.3713e-02, -5.1574e-02, -7.6067e-02, -6.5458e-02, +4.7976e-02, -3.0535e-02, +8.6983e-03, -1.0564e-01, -1.0092e-02, +3.5236e-02, +2.1861e-03, +1.3760e-01, -5.4846e-02, -1.8787e-02, -1.0823e-01, -3.6603e-02, -6.7938e-03, -6.9638e-02, -8.8612e-02, -2.7223e-02, -2.1788e-03, -1.5755e-02, -1.5368e-02, -1.9645e-02, -1.0000e+00, +7.1636e-02, +2.4821e-02, +1.6972e-02, -7.9685e-02, -6.4917e-02, -3.8041e-02, +5.9445e-02, +7.0348e-02, -8.3913e-02, -1.1612e-01, -4.4510e-03, -1.3579e-01, -1.5555e-01, +9.0025e-02
+5.4481e-02, +1.9556e-02, -2.9515e-02, -8.3242e-02, +2.7705e-02, +1.4424e-02, -2.3713e-02, -2.2810e-01, -4.7722e-02, +3.1187e-02, +1.6022e-02, -6.4151e-02, +2.1164e-03, -9.8191e-02, +7.1063e-02, +1.0997e-01, +2.7202e-03, -2.0607e-02, +1.1719e-01, +5.5838e-02, +3.4924e-02, +1.0639e-01, +1.2747e-01, +1.0089e-01, -1.6799e-02, +1.9638e-01, +2.5031e-02, +8.3978e-02, +3.2656e-02, +7.1770e-02, +3.3221e-02, -1.2890e-01, +4.4902e-02, +7.6885e-02, -7.0912e-02, +7.1636e-02, -1.0000e+00, +1.8302e-02, +2.9012e-03, +6.0044e-02, +9.4033e-02, +3.4318e-02, -2.8619e-02, +1.5708e-02, +1.7687e-03, +5.2584e-02, -3.5707e-02, +2.4730e-01, +1.9893e-01, -1.3384e-01
+1.8670e-02, -1.7007e-02, +4.0323e-02, -5.5762e-02, +9.5248e-02, +3.1918e-02, -3.2430e-02, +6.8442e-02, +7.8674e-02, +8.9461e-03, -4.6493e-02, -6.4299e-02, -1.7428e-02, -1.2044e-01, -4.2733e-02, +2.5625e-02, -6.8360e-03, -5.9495e-03, +3.6040e-03, +1.2592e-02, -3.6687e-02, -3.8675e-05, +9.3242e-02, -5.1460e-02, -1.6530e-02, +4.9827e-02, +1.7733e-02, -6.7052e-02, +1.2556e-02, +3.9122e-02, -9.5732e-02, +9.0879e-02, -1.0093e-02, -4.4825e-02, -1.2611e-02, +2.4821e-02, +1.8302e-02, -1.0000e+00, -8.7982e-03, -2.9761e-02, -1.3170e-02, +3.8020e-02, -5.8851e-02, -1.2030e-02, -4.9028e-02, -3.0952e-02, -1.4641e-02, +1.6174e-01, +1.1258e-01, -3.6057e-02
+2.6287e-02, -4.9821e-02, -6.0787e-03, +1.3948e-02, -5.5649e-03, +2.3888e-02, +1.0531e-02, -3.6803e-03, +1.2143e-01, +5.6449e-02, +4.0439e-02, -2.7780e-02, -1.6406e-02, +5.5805e-02, +2.4181e-02, +2.1600e-02, -3.3094e-02, +7.0075e-03, -6.5386e-02, -6.5319e-03, +4.4959e-02, +3.1191e-03, +5.7463e-02, -5.5306e-02, +2.5785e-02, +1.0596e-02, -2.1243e-02, -2.4351e-02, -4.2842e-02, -1.7177e-02, -6.7530e-02, +2.3421e-02, -2.7759e-02, +4.2420e-02, +9.7542e-03, +1.6972e-02, +2.9012e-03, -8.7982e-03, -1.0000e+00, +3.0173e-02, -5.5860e-02, -9.4624e-03, +1.3684e-02, -1.6737e-02, +3.9573e-02, +5.2019e-03, -9.1885e-02, -2.9212e-02, +2.4969e-02, -2.4272e-02
+2.5683e-02, -2.9782e-02, +1.7428e-02, +4.0178e-02, -8.4753e-03, +4.4572e-03, +6.4686e-02, +1.2452e-02, +1.3674e-02, +5.1201e-03, +3.4821e-02, +2.8277e-02, +3.0921e-02, -1.3243e-02, -2.6684e-02, -2.0206e-02, +1.2860e-04, -2.3860e-02, +1.3712e-02, +5.3065e-02, +1.5588e-03, -6.2612e-02, -7.5639e-02, +1.4073e-02, -4.5293e-02, -6.5037e-02, -4.7962e-02, +1.1392e-02, +1.4539e-02, +1.5538e-03, +9.1885e-03, +1.2850e-01, +8.5056e-03, -1.1347e-01, +5.0033e-02, -7.9685e-02, +6.0044e-02, -2.9761e-02, +3.0173e-02, -1.0000e+00, -1.1489e-02, -4.5362e-02, -1.0529e-02, +3.0321e-02, -7.6984e-02, -3.7297e-03, +2.1526e-02, -1.9196e-02, +4.7267e-02, +1.1581e-03
+2.3588e-02, -6.6524e-02, +2.3923e-02, -5.2738e-02, +6.3092e-02, -4.7041e-03, -6.8748e-02, +8.4891e-03, +1.7549e-01, +5.8711e-02, -3.2497e-02, -2.3384e-02, -9.4540e-02, -2.9695e-02, -2.7187e-02, +2.0018e-03, -4.2240e-02, -1.9705e-02, -1.5612e-02, +2.4130e-02, -5.5096e-02, +3.6697e-04, +1.7934e-01, -4.3976e-02, +1.1033e-01, +5.8192e-03, -8.0971e-02, -6.0702e-02, -8.0736e-02, +2.6672e-03, -1.7054e-01, +2.6134e-02, -3.5017e-02, +3.0439e-02, +5.7077e-03, -6.4917e-02, +9.4033e-02, -1.3170e-02, -5.5860e-02, -1.1489e-02, -1.0000e+00, -2.1638e-02, +1.0349e-02, +1.7084e-02, -3.6664e-02, -1.9357e-01, -3.5104e-02, -2.4112e-02, +1.3873e-01, +2.7541e-02
+5.2743e-03, -4.5409e-02, -3.9080e-02, -6.6932e-02, -4.0444e-02, +6.8879e-03, -3.3004e-02, +2.0219e-03, +2.7283e-02, -1.7729e-02, +8.6663e-02, -1.7082e-02, -7.8702e-02, +3.8436e-02, +1.0985e-03, +1.2104e-02, +4.0947e-02, +3.9676e-02, -5.2014e-02, +6.4649e-03, -5.9809e-03, -5.7832e-02, -3.2901e-02, -7.0132e-02, +4.3326e-02, -5.4735e-02, -3.8461e-02, -9.1940e-02, -3.2086e-02, -7.8991e-02, +8.6440e-02, +3.3241e-02, +1.3969e-02, -1.8595e-01, +2.8010e-02, -3.8041e-02, +3.4318e-02, +3.8020e-02, -9.4623e-03, -4.5362e-02, -2.1638e-02, -1.0000e+00, +3.2693e-02, +4.8182e-02, -9.2689e-02, -7.5988e-02, -9.5546e-03, -1.9084e-01, -7.5866e-02, +1.3272e-01
-6.7410e-03, -1.5920e-02, -4.6765e-02, +2.3857e-02, +1.8794e-02, -4.3361e-02, +6.9451e-02, +1.1966e-02, +3.4784e-02, +3.1586e-02, -8.4223e-02, +3.7792e-02, -3.9595e-02, +5.3905e-02, -2.2553e-02, +3.7452e-01, -6.0009e-02, +1.4486e-02, +8.6519e-02, -7.0362e-02, -8.3953e-02, +5.5970e-03, -1.0479e-01, +2.4604e-02, -8.8105e-02, +9.3324e-02, -1.8784e-02, +4.4235e-02, +4.2216e-02, +1.5098e-02, -4.1705e-02, +8.1222e-02, +4.7576e-02, +4.0249e-02, +2.0646e-02, +5.9445e-02, -2.8619e-02, -5.8851e-02, +1.3684e-02, -1.0529e-02, +1.0349e-02, +3.2693e-02, -1.0000e+00, -3.7919e-02, +5.5051e-02, +5.5618e-02, +6.2052e-02, +1.7890e-01, +1.6432e-01, -7.2878e-02
+8.0763e-02, -1.0924e-02, -5.3525e-02, +2.3693e-02, +3.7768e-02, -1.6447e-02, +6.9419e-02, -4.2695e-02, +1.2433e-02, -5.1860e-02, +1.0386e-01, -5.6267e-02, +2.6667e-02, +7.5410e-03, -7.4281e-03, -9.0829e-02, +4.5434e-02, -2.9386e-02, +1.4774e-02, +1.7379e-02, -1.4561e-01, +3.5945e-02, -6.3941e-02, -2.2800e-02, -4.6142e-02, +4.2844e-02, +4.4312e-02, +4.7265e-02, +3.3157e-02, +2.1238e-02, +3.5011e-02, +5.6449e-02, +8.1730e-03, -1.7238e-01, -3.9065e-02, +7.0348e-02, +1.5708e-02, -1.2030e-02, -1.6737e-02, +3.0321e-02, +1.7084e-02, +4.8182e-02, -3.7919e-02, -1.0000e+00, +6.6036e-03, -1.3261e-02, +2.0536e-02, +6.2562e-02, +2.4453e-01, -3.1757e-02
+1.9893e-02, +8.1115e-02, -1.2424e-01, -6.1924e-02, -2.9298e-04, -4.7536e-02, -1.3334e-01, -4.8836e-03, +3.5250e-02, +9.8360e-02, -1.5252e-03, -1.0278e-01, -2.5548e-01, -7.4792e-02, -1.4000e-02, +4.5052e-02, -5.1947e-02, -7.3687e-02, -2.0681e-01, +3.2064e-02, +8.3967e-03, -5.8705e-02, +3.6290e-01, -1.1299e-01, -3.1950e-02, -1.9942e-01, -1.5774e-01, -7.2697e-02, -9.9687e-02, -1.7357e-01, +1.0978e-01, +1.6907e-01, -2.0939e-02, -3.0275e-01, +5.4417e-02, -8.3913e-02, +1.7686e-03, -4.9028e-02, +3.9573e-02, -7.6984e-02, -3.6664e-02, -9.2689e-02, +5.5051e-02, +6.6036e-03, -1.0000e+00, -8.9872e-02, -1.0043e-01, -2.0372e-01, -1.5534e-01, +1.3843e-04
+7.4545e-02, -6.3401e-02, +4.4187e-02, -9.9405e-02, +8.9530e-02, -2.0462e-02, -6.6398e-02, +6.4219e-02, +4.3948e-02, +1.0030e-01, +2.9548e-02, -8.1863e-02, -1.1957e-01, -1.1086e-01, +2.2483e-02, -4.0565e-02, -3.7445e-02, +2.5404e-02, -1.4660e-01, +3.1863e-02, +1.3400e-03, +2.7949e-02, +9.9720e-02, -1.3178e-01, +5.0636e-02, -6.5888e-02, -6.8603e-02, -2.0180e-02, -6.3019e-03, +4.7637e-02, -4.7841e-02, +1.2698e-01, -3.3883e-02, -2.7688e-01, -3.9044e-02, -1.1612e-01, +5.2584e-02, -3.0952e-02, +5.2019e-03, -3.7297e-03, -1.9357e-01, -7.5988e-02, +5.5618e-02, -1.3261e-02, -8.9872e-02, -1.0000e+00, -1.1607e-01, -1.7236e-01, +2.1919e-01, -1.7126e-02
+7.4120e-02, +4.7540e-02, -1.0265e-01, -6.2963e-02, +7.6594e-02, -1.2153e-01, -1.3122e-01, -5.4344e-02, -3.1404e-02, +9.5077e-02, -9.4319e-02, -9.5397e-02, -1.1099e-01, -4.4569e-02, +5.0842e-02, -2.4726e-02, -8.9433e-02, -6.3681e-02, -1.2940e-01, -5.0498e-03, +3.2916e-02, -1.1633e-02, +2.1467e-01, -9.8516e-02, -7.0204e-02, -7.5221e-03, -9.7284e-02, -7.8861e-03, -2.7696e-02, -6.4114e-02, +5.7768e-02, +5.3701e-02, -5.2940e-04, -5.8177e-02, -3.0677e-02, -4.4510e-03, -3.5707e-02, -1.4641e-02, -9.1885e-02, +2.1526e-02, -3.5104e-02, -9.5546e-03, +6.2052e-02, +2.0536e-02, -1.0043e-01, -1.1607e-01, -1.0000e+00, -1.2579e-01, +4.5057e-02, +6.7072e-02
-3.8451e-03, +2.1761e-02, -5.5314e-02, -4.2434e-02, +1.7757e-01, -7.5726e-02, -1.8226e-01, +3.2405e-02, -1.4905e-02, +8.7853e-02, +1.3738e-01, -3.7367e-02, -1.3622e-01, +5.3047e-02, +1.3452e-01, +1.3927e-01, +3.6450e-02, +1.0211e-01, -2.4879e-01, +1.0995e-01, +2.2701e-02, -1.1120e-01, -1.2633e-01, -1.0034e-01, +8.6330e-02, -2.8748e-01, -5.0022e-02, -1.4375e-02, +1.2170e-02, -1.9082e-01, +2.6720e-01, +1.8016e-01, -1.7306e-02, -5.5399e-01, +2.4107e-02, -1.3579e-01, +2.4730e-01, +1.6174e-01, -2.9212e-02, -1.9196e-02, -2.4112e-02, -1.9084e-01, +1.7890e-01, +6.2562e-02, -2.0372e-01, -1.7236e-01, -1.2579e-01, -1.0000e+00, -3.3548e-01, +3.7759e-01
-2.2064e-01, +8.2241e-02, -3.7039e-02, +3.3512e-04, -1.3244e-01, +7.5009e-02, -1.7150e-01, +1.0440e-01, -8.5140e-02, -3.6899e-02, -3.2465e-02, +5.6039e-02, -4.9430e-03, +9.1453e-02, -9.3815e-02, +2.2709e-01, +4.4866e-02, +4.2935e-02, -4.9049e-02, -6.5512e-02, +2.0205e-01, -2.0934e-01, +3.0568e-02, +3.8114e-02, -1.3485e-02, -2.2358e-01, +1.8676e-04, -1.0549e-01, -5.2563e-02, -2.2546e-01, +1.5504e-01, -1.5946e-01, -4.7529e-02, +2.3886e-01, +9.6514e-02, -1.5555e-01, +1.9893e-01, +1.1258e-01, +2.4969e-02, +4.7267e-02, +1.3873e-01, -7.5866e-02, +1.6432e-01, +2.4453e-01, -1.5534e-01, +2.1919e-01, +4.5057e-02, -3.3548e-01, -1.0000e+00, +2.7973e-01
+2.0591e-02, -1.7867e-01, +1.1914e-01, +7.6303e-03, -5.3892e-02, +7.2197e-02, +5.4494e-02, -8.2588e-02, +8.2053e-02, +3.2760e-02, +2.6662e-02, +2.5861e-02, -2.7465e-02, -7.2952e-02, +5.3373e-02, -8.5470e-02, +1.2230e-02, -9.5839e-02, +6.7225e-02, -5.7957e-02, -3.5886e-02, +1.1153e-01, +1.4049e-01, +1.0388e-01, -3.2533e-03, +1.5976e-01, +1.2695e-01, +6.7769e-02, +1.4816e-02, +8.4487e-02, -5.1970e-02, +8.0959e-02, +2.2972e-02, +2.1140e-01, -1.9228e-02, +9.0025e-02, -1.3384e-01, -3.6057e-02, -2.4272e-02, +1.1581e-03, +2.7541e-02, +1.3272e-01, -7.2878e-02, -3.1757e-02, +1.3844e-04, -1.7126e-02, +6.7072e-02, +3.7759e-01, +2.7973e-01, -1.0000e+00
