-1.0000e+00, -1.7026e-01, +1.2028e-01, +1.5125e-02, +2.1521e-02, -7.6721e-03, -2.0206e-03, +8.0782e-02, -1.9542e-01, +2.2413e-02, -2.8178e-02, -2.1945e-02, +4.0974e-02, +8.9910e-02, -1.2706e-01, +1.7018e-02, -5.1062e-02, +3.9305e-02, -8.3220e-02, -5.1109e-02, -1.2804e-01, -1.0296e-02, -4.3810e-02, -6.2818e-02, -5.1356e-02, -1.8442e-01, +5.8610e-02, -7.5078e-02, -1.5157e-01, -6.6369e-02, -1.5309e-01, +1.2996e-02, -5.9126e-02, +2.6179e-02, -1.2442e-01, -2.1094e-02, +4.4652e-02, -7.8581e-02, -2.0326e-02, +4.6759e-02, -9.9884e-02, -1.6289e-02, -5.9376e-02, -2.5717e-02, -1.5327e-01, -1.1428e-01, -1.8531e-02, +2.9746e-01, +4.7039e-02, +2.4702e-02
-1.7026e-01, -1.0000e+00, +6.5120e-02, -5.7729e-02, -4.4072e-02, +3.9348e-02, -7.0444e-02, -8.7077e-02, -3.3626e-02, +3.8980e-02, -1.4878e-02, -2.1402e-02, +7.6700e-02, -2.0479e-02, -1.1004e-01, +3.8767e-02, +2.8510e-02, -3.5076e-02, -1.3317e-01, -7.4292e-02, -5.5152e-02, -6.6018e-03, +1.4367e-02, +9.2000e-03, -1.2326e-02, -1.5528e-02, -5.6970e-02, -5.1464e-02, -6.9658e-02, -7.2660e-02, -1.2098e-01, -9.3120e-03, -2.8263e-02, -3.6168e-03, +4.2232e-02, -3.9767e-02, +1.7510e-01, -1.0341e-01, -3.6450e-02, -4.1593e-02, +2.1116e-02, -2.2904e-02, -3.1093e-03, -3.3534e-02, -1.8594e-01, -1.9079e-02, -5.8296e-02, +2.2462e-01, +1.4609e-02, +1.0925e-02
+1.2028e-01, +6.5120e-02, -1.0000e+00, +1.8971e-02, -4.2354e-02, -9.3837e-02, +6.7190e-02, +6.9466e-02, -3.4590e-02, +5.0442e-02, -1.0597e-01, -9.3904e-02, -5.9025e-02, +1.1322e-02, +1.1777e-01, -5.2153e-02, +4.6853e-02, -1.3265e-01, +4.5911e-02, -1.6682e-01, -5.1823e-02, -6.6091e-03, +1.2479e-01, +1.8673e-02, -2.9669e-02, -7.5733e-02, -3.4641e-02, -3.6950e-02, -2.8867e-02, -1.2563e-02, -3.8980e-02, -1.0332e-01, -7.3080e-02, -2.6091e-02, -1.3299e-02, +4.0504e-02, -1.0713e-01, +2.8198e-02, -2.6087e-03, +2.5655e-03, -4.6770e-02, +5.2005e-03, +2.8413e-02, -1.2432e-02, -2.2106e-02, +8.3416e-02, -3.2214e-02, +9.4056e-02, -7.8510e-02, -3.0722e-02
+1.5125e-02, -5.7729e-02, +1.8971e-02, -1.0000e+00, -1.5013e-03, -8.6761e-02, -4.4597e-03, -4.1671e-02, +6.3306e-02, +1.2253e-01, -9.1847e-02, -1.8507e-02, -5.8683e-02, +9.0902e-02, -3.3016e-02, +5.9591e-02, +1.9268e-01, -4.6117e-03, -9.6932e-02, +2.6626e-02, +2.7149e-02, -2.6421e-02, +7.8419e-02, -5.0736e-02, -6.2814e-02, -1.5440e-01, -2.6157e-02, -1.2033e-02, -6.8016e-02, -2.1652e-02, -7.8354e-02, +9.1087e-02, -4.7354e-03, +2.8428e-02, -2.4769e-02, -9.0988e-02, +9.4644e-02, -7.4431e-02, -2.6346e-02, -5.8446e-02, -5.5034e-02, +1.0128e-02, +1.0904e-02, -1.2853e-03, +2.6697e-02, -4.8091e-02, +5.4500e-02, -1.3418e-01, -2.4657e-03, -4.2151e-02
+2.1521e-02, -4.4072e-02, -4.2354e-02, -1.5013e-03, -1.0000e+00, -3.9261e-02, +9.9284e-03, -8.3572e-03, +2.4279e-02, +5.1882e-02, -1.3035e-01, -3.2569e-02, -8.4213e-02, -3.4218e-03, -3.7706e-02, +3.5112e-02, +1.0071e-01, -5.1578e-02, -3.9744e-02, -1.2324e-01, -3.8315e-02, +4.2315e-02, +1.4650e-01, -8.8733e-02, +9.0867e-03, +2.7813e-03, -6.1182e-02, -8.0191e-02, -7.3208e-02, -1.1950e-01, -8.1769e-02, +1.6575e-02, -1.7108e-02, +1.3022e-02, +3.6841e-02, +4.5426e-02, +8.7232e-03, +1.3656e-01, +6.5433e-02, +5.7844e-03, +1.1224e-03, -7.6687e-04, -1.7366e-02, +2.0722e-02, -1.1305e-01, -1.7028e-02, -9.0268e-02, +1.2017e-01, +4.1916e-02, -8.7502e-03
-7.6721e-03, +3.9348e-02, -9.3837e-02, -8.6761e-02, -3.9261e-02, -1.0000e+00, +9.0510e-02, +4.5970e-02, -1.2982e-02, +8.8732e-02, -1.0441e-01, -3.6393e-02, -3.6617e-02, -5.1146e-02, -1.9282e-01, -3.4102e-02, -9.9424e-03, -5.8786e-02, -1.7998e-01, -2.0774e-02, -2.0229e-02, +4.3494e-02, +6.5380e-02, -7.8075e-02, -3.0367e-02, -7.5248e-02, -7.9575e-02, -8.5236e-02, -1.3771e-01, -7.0594e-03, -9.9189e-02, +2.4778e-02, -1.4602e-02, +6.1240e-03, -3.8457e-02, +1.2935e-03, +9.3369e-02, -7.5253e-02, -8.7278e-02, +6.7710e-02, -2.9780e-02, +2.0200e-02, -2.6029e-02, +2.7199e-02, -9.2571e-03, -4.9136e-02, -1.7961e-01, +3.6736e-02, +5.3049e-02, -3.3725e-02
-2.0206e-03, -7.0444e-02, +6.7190e-02, -4.4597e-03, +9.9284e-03, +9.0510e-02, -1.0000e+00, -6.3724e-02, +6.1030e-02, +1.2675e-02, +2.1266e-02, -5.8933e-02, -9.8300e-04, +2.5986e-04, -2.1835e-02, +1.5559e-01, +6.5184e-02, +2.4461e-02, -2.8966e-02, -6.8643e-02, -1.6445e-02, -6.7779e-02, +6.1750e-02, -5.1799e-03, +2.5794e-02, +3.1043e-02, -3.0866e-02, -5.7681e-02, +1.7823e-02, -3.6499e-02, -2.4155e-02, +1.1140e-03, -5.9896e-03, +8.3049e-02, +6.8074e-02, +7.8614e-03, +9.5930e-02, +4.1059e-02, +3.1063e-02, -3.3469e-02, -4.5391e-02, -1.2752e-02, +3.3487e-02, -1.3428e-02, -6.7119e-02, -6.6538e-02, +7.4852e-02, +2.5056e-03, +3.6580e-02, +1.3577e-02
+8.0782e-02, -8.7077e-02, +6.9466e-02, -4.1671e-02, -8.3572e-03, +4.5970e-02, -6.3724e-02, -1.0000e+00, -1.7036e-02, +4.3194e-02, -5.1094e-02, +1.0497e-02, +2.8963e-02, -4.4545e-02, -7.2607e-02, +5.6676e-02, +4.5177e-02, -4.3872e-02, -1.4529e-02, -4.6710e-02, +4.9206e-02, -1.7822e-02, +1.0434e-01, -1.0848e-02, +3.9081e-03, -3.6489e-03, -4.9859e-02, -9.6862e-02, +4.6094e-02, -8.4433e-03, -7.3172e-03, +5.7413e-02, -3.6024e-02, +4.7708e-03, +5.6712e-02, -3.1688e-02, +1.2099e-01, -1.1416e-01, -6.7681e-02, -2.0501e-02, +1.4891e-02, -1.5120e-02, +2.2194e-02, +1.5396e-03, -5.1039e-02, +7.3934e-02, +6.2897e-02, -2.5498e-02, +1.8687e-02, -3.4688e-02
-1.9542e-01, -3.3626e-02, -3.4590e-02, +6.3306e-02, +2.4279e-02, -1.2982e-02, +6.1030e-02, -1.7036e-02, -1.0000e+00, +1.2738e-02, +4.9811e-02, -1.8372e-02, -5.1517e-03, +1.9379e-02, +3.4627e-02, -2.1375e-04, -5.2509e-02, -2.9831e-03, +9.9482e-03, -1.7091e-02, -4.9661e-02, +5.0908e-02, -7.0770e-02, +1.1570e-02, -4.2806e-02, -4.3694e-02, +3.2417e-02, -3.1707e-02, -2.1392e-02, -5.3053e-02, -3.8674e-02, -3.9523e-05, +5.6054e-02, -1.9413e-02, -5.4411e-02, +9.1672e-02, +5.9144e-02, -1.6125e-02, +2.6198e-02, +8.5921e-03, -1.6597e-02, +1.4921e-02, +6.9455e-03, -2.5323e-02, -1.3768e-01, -6.9557e-03, -2.5003e-02, +1.8625e-01, +1.4505e-02, -3.5639e-02
+2.2413e-02, +3.8980e-02, +5.0442e-02, +1.2253e-01, +5.1882e-02, +8.8732e-02, +1.2675e-02, +4.3194e-02, +1.2738e-02, -1.0000e+00, -8.9602e-02, +7.7922e-02, +5.6194e-02, -8.4959e-03, +1.3693e-01, -8.8098e-02, +7.4939e-02, +6.9638e-02, -9.7214e-03, -2.2462e-02, -3.4021e-02, -3.0325e-02, +1.1376e-01, -1.5649e-01, +4.6193e-02, +5.1983e-02, +1.7959e-02, +7.3694e-02, +1.1163e-01, +2.9783e-02, -1.1097e-01, -1.5215e-02, +1.9094e-02, -2.4924e-02, +6.3301e-02, +4.0336e-02, +4.0639e-02, +2.3476e-02, +7.0179e-02, +8.2086e-02, +8.4225e-02, +3.0549e-03, +1.7491e-02, -2.4575e-02, +7.6664e-02, +4.7185e-02, +7.2205e-02, -6.3649e-02, +1.4548e-02, +5.3000e-02
-2.8178e-02, -1.4878e-02, -1.0597e-01, -9.1847e-02, -1.3035e-01, -1.0441e-01, +2.1266e-02, -5.1094e-02, +4.9811e-02, -8.9602e-02, -1.0000e+00, -5.5513e-02, -7.2359e-02, +2.5749e-03, -1.1478e-01, +7.5301e-02, +1.1735e-01, -1.2436e-01, -2.3838e-01, -9.7685e-02, +6.3660e-02, -3.8803e-02, +2.7829e-01, -4.7363e-02, +4.0122e-03, -6.3624e-02, -1.0455e-01, -1.1635e-01, -8.1622e-02, -7.1036e-02, -2.2941e-01, +2.2650e-02, -3.6877e-02, +3.1825e-02, +3.3384e-03, -1.6786e-02, +2.5274e-02, -3.2156e-02, -2.7051e-02, -1.4123e-02, -2.9588e-02, -1.0978e-02, +4.7402e-02, +3.7452e-03, -1.9994e-01, -1.2992e-02, -2.1810e-01, +2.1204e-01, +3.8427e-02, -5.2251e-02
-2.1945e-02, -2.1402e-02, -9.3904e-02, -1.8507e-02, -3.2569e-02, -3.6393e-02, -5.8933e-02, +1.0497e-02, -1.8372e-02, +7.7922e-02, -5.5513e-02, -1.0000e+00, -1.3554e-02, -7.7025e-02, +2.8364e-02, +6.1626e-02, +4.9705e-02, -4.7545e-02, -9.0898e-02, +3.0924e-02, +6.8676e-03, +8.1022e-02, +7.7077e-02, -3.8959e-02, -3.4454e-02, -6.4364e-02, -6.7744e-02, -2.3726e-02, -3.0198e-02, -4.4704e-03, -3.9339e-02, -3.3640e-02, +3.7722e-02, -5.6441e-03, -1.7869e-02, +4.1338e-02, +4.4473e-02, -4.6826e-02, -1.8799e-02, -2.9070e-02, +6.1468e-03, -2.5985e-02, +1.1634e-02, -2.0760e-02, -5.1026e-02, -2.8970e-02, -3.8054e-02, +4.8735e-02, -1.3854e-02, +1.6206e-02
+4.0974e-02, +7.6700e-02, -5.9025e-02, -5.8683e-02, -8.4213e-02, -3.6617e-02, -9.8300e-04, +2.8963e-02, -5.1517e-03, +5.6194e-02, -7.2359e-02, -1.3554e-02, -1.0000e+00, +6.3328e-02, -4.0350e-02, +1.0879e-01, +7.8982e-02, +1.9612e-02, +3.1477e-02, -7.6712e-02, +3.8224e-02, +6.6421e-02, +1.3940e-01, +2.6768e-02, -2.1122e-02, -4.2732e-02, -2.7890e-02, +4.7763e-02, -5.2194e-02, -5.3390e-02, -5.2247e-02, -9.0715e-03, -1.5105e-02, -7.0789e-03, -1.2488e-02, +4.4037e-02, +3.2141e-02, +1.7288e-01, -3.2898e-02, -9.5265e-03, +2.1854e-02, -3.1233e-02, +4.3589e-02, -2.0794e-02, -1.7094e-01, -3.0966e-03, +5.6516e-03, +8.1589e-02, -1.3100e-02, +3.3762e-03
+8.9910e-02, -2.0479e-02, +1.1322e-02, +9.0902e-02, -3.4218e-03, -5.1146e-02, +2.5987e-04, -4.4545e-02, +1.9379e-02, -8.4959e-03, +2.5749e-03, -7.7025e-02, +6.3328e-02, -1.0000e+00, +8.6248e-03, -9.6384e-03, +1.6778e-02, -3.6904e-02, -1.2883e-01, +4.9969e-02, +4.0961e-02, +6.7098e-02, +7.4027e-03, -5.8467e-02, +3.0465e-02, -1.2324e-02, -1.3937e-01, -1.5928e-01, +5.8008e-02, -5.3324e-02, -4.7668e-02, -1.5622e-02, +3.4131e-02, -1.0022e-02, +1.8017e-02, -2.0022e-02, +7.6816e-02, +4.6620e-02, -3.1468e-02, -1.4990e-02, +7.7051e-02, +1.6999e-02, +6.5013e-03, -3.6881e-03, -2.8141e-02, +3.9977e-03, -3.7261e-02, +5.2121e-02, +3.3399e-02, +1.6055e-02
-1.2706e-01, -1.1004e-01, +1.1777e-01, -3.3016e-02, -3.7706e-02, -1.9282e-01, -2.1835e-02, -7.2607e-02, +3.4627e-02, +1.3693e-01, -1.1478e-01, +2.8364e-02, -4.0350e-02, +8.6248e-03, -1.0000e+00, -2.3688e-02, -4.8768e-02, -2.5028e-02, -1.9229e-01, -1.0502e-01, -2.4101e-02, -5.5009e-03, -1.1557e-01, -1.0469e-01, -7.3176e-03, -3.1686e-02, -9.5918e-02, -8.8353e-02, -6.8350e-02, -3.1168e-02, -1.3799e-01, +8.0360e-02, -2.9311e-02, +3.1860e-02, -2.6601e-02, +2.9923e-03, +1.2019e-01, -3.2392e-02, -8.4791e-02, +2.1767e-02, -5.3685e-02, -2.9051e-02, -2.6734e-02, -1.2065e-02, -8.7842e-02, -1.9532e-02, -1.3830e-01, +1.8542e-01, -1.6165e-02, +1.3878e-02
+1.7018e-02, +3.8767e-02, -5.2153e-02, +5.9591e-02, +3.5112e-02, -3.4102e-02, +1.5559e-01, +5.6676e-02, -2.1376e-04, -8.8098e-02, +7.5301e-02, +6.1626e-02, +1.0879e-01, -9.6384e-03, -2.3688e-02, -1.0000e+00, -7.0513e-02, +2.8753e-02, +2.5236e-02, -1.4307e-02, -9.4917e-02, -2.2822e-02, -3.4039e-01, +7.8392e-04, +6.4664e-02, -1.2933e-04, +3.4424e-02, +4.7968e-02, +4.2395e-02, +7.3954e-02, +8.0412e-02, -6.2223e-02, -4.8679e-02, -3.9435e-03, -3.3612e-02, +6.5402e-02, +4.7324e-02, -2.1723e-02, +1.8714e-02, +8.3038e-02, +1.6686e-02, +6.3424e-02, -3.2929e-02, -1.2054e-01, +1.5594e-01, +2.6420e-02, -3.2424e-02, -5.3590e-02, +1.6822e-01, -7.9725e-02
-5.1062e-02, +2.8510e-02, +4.6853e-02, +1.9268e-01, +1.0071e-01, -9.9424e-03, +6.5184e-02, +4.5177e-02, -5.2509e-02, +7.4939e-02, +1.1735e-01, +4.9705e-02, +7.8982e-02, +1.6778e-02, -4.8768e-02, -7.0513e-02, -1.0000e+00, -7.5777e-03, +1.3961e-01, +3.6595e-02, -1.4423e-01, +2.7500e-02, +1.3711e-01, +2.3813e-01, +8.5546e-03, +8.3299e-02, +2.2793e-01, +4.6856e-02, +1.2892e-01, +2.8898e-02, +1.8993e-01, +3.0418e-03, -1.9514e-02, +1.1348e-02, -4.7834e-02, +3.3911e-02, +1.9617e-02, -4.6673e-02, +4.5323e-02, -6.3933e-02, -2.3786e-02, -5.8481e-02, -5.3893e-02, -3.6491e-02, +1.9804e-01, +9.4176e-02, -5.2004e-02, -3.4101e-03, +7.3451e-03, +6.2115e-02
+3.9305e-02, -3.5076e-02, -1.3265e-01, -4.6117e-03, -5.1578e-02, -5.8786e-02, +2.4461e-02, -4.3872e-02, -2.9831e-03, +6.9638e-02, -1.2436e-01, -4.7545e-02, +1.9611e-02, -3.6904e-02, -2.5028e-02, +2.8753e-02, -7.5777e-03, -1.0000e+00, -5.3329e-02, -1.2345e-01, -4.9756e-02, +1.6681e-02, +8.3936e-02, +4.2030e-02, -3.7439e-02, -2.6480e-02, -2.1162e-02, -1.6285e-01, -8.1456e-02, -5.7080e-03, -1.2405e-01, -1.7556e-03, -1.0117e-02, +3.7947e-02, +1.5081e-01, -2.3860e-02, +3.3057e-02, -1.2383e-01, +3.9823e-02, +1.6473e-02, -3.7145e-02, -1.5838e-02, -1.3262e-02, +2.4843e-02, -9.0072e-02, +8.0842e-02, -1.3532e-01, +1.0968e-01, -6.5331e-02, -4.6238e-02
-8.3220e-02, -1.3317e-01, +4.5911e-02, -9.6932e-02, -3.9744e-02, -1.7998e-01, -2.8966e-02, -1.4529e-02, +9.9482e-03, -9.7214e-03, -2.3838e-01, -9.0898e-02, +3.1477e-02, -1.2883e-01, -1.9229e-01, +2.5236e-02, +1.3961e-01, -5.3329e-02, -1.0000e+00, +2.1065e-02, +6.7943e-02, +1.9941e-02, +1.1625e-01, -8.9956e-02, +5.2568e-02, -3.2384e-02, -8.0844e-02, -1.7854e-01, -5.3914e-02, -1.3297e-01, -2.2029e-01, +1.0662e-01, -2.3604e-02, +5.9980e-03, -3.0148e-02, -5.8249e-02, +2.2095e-01, -1.1101e-01, -1.3389e-01, -1.2600e-02, +2.5875e-02, -1.8518e-02, -1.4086e-02, -8.2322e-02, -1.7871e-01, -1.1551e-01, -2.0660e-01, +2.2453e-01, +5.1455e-02, -1.1237e-03
-5.1109e-02, -7.4292e-02, -1.6682e-01, +2.6626e-02, -1.2324e-01, -2.0774e-02, -6.8643e-02, -4.6710e-02, -1.7091e-02, -2.2462e-02, -9.7685e-02, +3.0924e-02, -7.6712e-02, +4.9969e-02, -1.0502e-01, -1.4307e-02, +3.6595e-02, -1.2345e-01, +2.1065e-02, -1.0000e+00, -1.3882e-01, -1.8088e-01, +4.1332e-03, -3.7628e-02, +4.9381e-02, -4.1941e-02, -2.0774e-02, -2.5717e-02, -6.0751e-02, -7.4344e-02, -1.3772e-01, -3.4682e-02, -1.4301e-01, +3.1640e-02, -3.6924e-02, +5.0577e-02, +2.8147e-02, -1.3604e-02, -1.7744e-02, +2.2406e-02, -2.3877e-02, -2.8375e-02, -7.2449e-03, +6.1905e-02, -2.6475e-01, +8.3129e-02, -2.6641e-01, +4.0708e-01, -1.0413e-01, -8.4129e-02
-1.2804e-01, -5.5152e-02, -5.1823e-02, +2.7149e-02, -3.8315e-02, -2.0229e-02, -1.6445e-02, +4.9206e-02, -4.9661e-02, -3.4021e-02, +6.3660e-02, +6.8677e-03, +3.8224e-02, +4.0961e-02, -2.4101e-02, -9.4917e-02, -1.4423e-01, -4.9756e-02, +6.7943e-02, -1.3882e-01, -1.0000e+00, +6.2629e-02, -1.4256e-01, +3.0940e-02, -6.2724e-02, -7.3449e-02, +2.6689e-02, -2.9303e-02, -4.1699e-02, -9.5109e-03, +8.4743e-02, -2.7276e-02, +1.0953e-02, +1.2668e-02, -1.6778e-03, +1.0104e-02, +5.4547e-02, -5.2454e-02, +3.2655e-02, +2.6885e-02, -5.6128e-02, +4.1458e-02, -8.1673e-03, -2.1940e-01, +2.9639e-03, -7.6424e-02, -8.3776e-02, +9.3544e-02, +4.1503e-02, -8.4632e-04
-1.0296e-02, -6.6018e-03, -6.6091e-03, -2.6421e-02, +4.2315e-02, +4.3494e-02, -6.7779e-02, -1.7822e-02, +5.0908e-02, -3.0325e-02, -3.8803e-02, +8.1022e-02, +6.6421e-02, +6.7098e-02, -5.5008e-03, -2.2822e-02, +2.7500e-02, +1.6681e-02, +1.9941e-02, -1.8088e-01, +6.2629e-02, -1.0000e+00, -7.6503e-04, -2.9532e-02, +4.6767e-02, +9.1465e-03, +1.1610e-01, -3.1018e-03, +4.2527e-02, +8.4488e-03, -4.3439e-03, -7.1912e-02, -5.3107e-02, +4.2725e-02, -7.8122e-03, +7.3949e-02, +1.6037e-02, -2.3689e-02, +3.2398e-03, -2.5479e-02, +3.7770e-02, -5.3254e-02, -2.6699e-02, +5.3507e-02, -3.1967e-02, +7.1116e-02, +2.3943e-02, +3.1562e-02, -9.1102e-02, -1.1892e-01
-4.3810e-02, +1.4367e-02, +1.2479e-01, +7.8419e-02, +1.4650e-01, +6.5380e-02, +6.1750e-02, +1.0434e-01, -7.0770e-02, +1.1376e-01, +2.7829e-01, +7.7077e-02, +1.3940e-01, +7.4027e-03, -1.1557e-01, -3.4039e-01, +1.3711e-01, +8.3936e-02, +1.1625e-01, +4.1332e-03, -1.4256e-01, -7.6503e-04, -1.0000e+00, -4.8311e-02, -1.0028e-02, +5.5364e-02, -6.1299e-03, +1.1469e-01, +1.5156e-01, +3.0735e-02, +1.2033e-01, +4.6044e-02, +1.2160e-02, -2.1628e-02, -4.6547e-02, +2.0162e-02, -1.2760e-02, +1.5275e-02, +8.2260e-02, +4.5284e-02, -5.0345e-02, -4.4387e-02, -8.0556e-02, -1.4844e-01, +1.6911e-01, +3.6542e-03, -4.5817e-02, -1.1738e-02, -5.1270e-02, +9.0525e-02
-6.2819e-02, +9.2000e-03, +1.8673e-02, -5.0736e-02, -8.8733e-02, -7.8075e-02, -5.1799e-03, -1.0848e-02, +1.1570e-02, -1.5649e-01, -4.7363e-02, -3.8959e-02, +2.6768e-02, -5.8467e-02, -1.0469e-01, +7.8392e-04, +2.3813e-01, +4.2030e-02, -8.9956e-02, -3.7628e-02, +3.0940e-02, -2.9532e-02, -4.8311e-02, -1.0000e+00, -2.9304e-02, -8.3448e-02, -1.2033e-01, -3.1271e-02, -2.6068e-02, -4.1670e-02, -1.3456e-01, +3.6614e-02, +7.9069e-03, -2.8097e-02, -1.5445e-01, +2.6647e-02, +2.8442e-02, -4.8037e-02, -5.3848e-02, +2.0108e-02, +3.2617e-02, +4.8590e-02, +3.4952e-02, +5.7195e-02, -7.7231e-02, -1.2093e-02, -7.9437e-02, +1.1198e-01, +7.5328e-03, -2.1102e-02
-5.1356e-02, -1.2326e-02, -2.9669e-02, -6.2814e-02, +9.0867e-03, -3.0367e-02, +2.5794e-02, +3.9081e-03, -4.2806e-02, +4.6193e-02, +4.0122e-03, -3.4454e-02, -2.1122e-02, +3.0465e-02, -7.3176e-03, +6.4664e-02, +8.5546e-03, -3.7439e-02, +5.2568e-02, +4.9381e-02, -6.2724e-02, +4.6767e-02, -1.0028e-02, -2.9304e-02, -1.0000e+00, -5.3132e-02, +2.6365e-03, -3.4581e-02, -3.8046e-02, -2.4359e-02, +1.6379e-02, +2.2635e-02, +3.9555e-02, +3.6037e-02, +3.7781e-03, +1.0115e-02, -4.9486e-02, -4.4453e-02, +2.3812e-02, +4.5289e-02, -1.6479e-02, -2.1392e-02, +5.1633e-02, +9.9096e-03, -1.7760e-02, -3.7253e-02, +2.1956e-03, +4.2877e-02, +2.8263e-02, -4.7634e-02
-1.8442e-01, -1.5528e-02, -7.5733e-02, -1.5440e-01, +2.7813e-03, -7.5248e-02, +3.1043e-02, -3.6489e-03, -4.3694e-02, +5.1983e-02, -6.3624e-02, -6.4364e-02, -4.2732e-02, -1.2324e-02, -3.1686e-02, -1.2932e-04, +8.3299e-02, -2.6480e-02, -3.2384e-02, -4.1941e-02, -7.3449e-02, +9.1466e-03, +5.5364e-02, -8.3448e-02, -5.3132e-02, -1.0000e+00, -3.0270e-03, +1.1480e-02, -7.4663e-03, -6.4042e-02, -3.5942e-05, +5.3151e-02, -6.0270e-02, +2.5964e-02, +1.4594e-02, -5.6097e-02, +1.3711e-01, +3.8776e-02, -2.3098e-02, +1.1751e-02, -1.0976e-01, -4.6419e-02, -2.2729e-02, -2.9432e-02, -8.1830e-02, -9.7783e-03, -6.1692e-03, +4.7973e-02, +1.8168e-02, -2.1569e-02
+5.8610e-02, -5.6970e-02, -3.4641e-02, -2.6157e-02, -6.1182e-02, -7.9575e-02, -3.0866e-02, -4.9859e-02, +3.2417e-02, +1.7959e-02, -1.0455e-01, -6.7744e-02, -2.7890e-02, -1.3937e-01, -9.5918e-02, +3.4424e-02, +2.2793e-01, -2.1162e-02, -8.0844e-02, -2.0774e-02, +2.6689e-02, +1.1610e-01, -6.1299e-03, -1.2033e-01, +2.6365e-03, -3.0269e-03, -1.0000e+00, -1.1884e-01, -2.5495e-01, -9.9909e-02, -1.0235e-01, +7.5054e-03, -7.5917e-03, -2.8953e-02, +3.6890e-02, -5.1906e-02, +5.6107e-02, +3.6419e-02, -1.2730e-01, +6.6677e-02, +7.4178e-03, -1.4523e-02, +3.4394e-02, +6.0268e-02, -7.8998e-02, -9.3009e-02, -1.7113e-01, +3.3850e-02, +2.1594e-02, +5.4809e-02
-7.5078e-02, -5.1464e-02, -3.6950e-02, -1.2033e-02, -8.0191e-02, -8.5236e-02, -5.7681e-02, -9.6862e-02, -3.1707e-02, +7.3694e-02, -1.1635e-01, -2.3726e-02, +4.7763e-02, -1.5928e-01, -8.8353e-02, +4.7968e-02, +4.6856e-02, -1.6285e-01, -1.7854e-01, -2.5717e-02, -2.9303e-02, -3.1018e-03, +1.1469e-01, -3.1271e-02, -3.4581e-02, +1.1480e-02, -1.1884e-01, -1.0000e+00, -1.1713e-01, -1.7468e-02, -1.2937e-01, +3.5008e-02, -1.4392e-02, +3.1173e-02, +6.6965e-03, -7.9417e-03, +1.7471e-01, -3.6748e-02, -1.3906e-01, -2.4980e-02, -5.3164e-03, +6.4127e-03, -1.2200e-02, +1.8567e-02, -1.4830e-01, +3.9311e-02, -1.2832e-01, +1.4651e-01, +5.0322e-02, +5.2826e-02
-1.5157e-01, -6.9658e-02, -2.8867e-02, -6.8016e-02, -7.3208e-02, -1.3771e-01, +1.7823e-02, +4.6094e-02, -2.1392e-02, +1.1163e-01, -8.1622e-02, -3.0198e-02, -5.2194e-02, +5.8008e-02, -6.8350e-02, +4.2395e-02, +1.2892e-01, -8.1456e-02, -5.3914e-02, -6.0751e-02, -4.1699e-02, +4.2527e-02, +1.5156e-01, -2.6068e-02, -3.8046e-02, -7.4663e-03, -2.5495e-01, -1.1713e-01, -1.0000e+00, -2.0200e-02, -2.0152e-01, -5.7899e-03, -6.4712e-02, +8.3540e-03, -7.9893e-02, +8.8187e-04, +5.2834e-02, -1.2519e-01, -6.3767e-02, +4.1817e-02, -1.0168e-02, +1.8905e-02, +2.2421e-02, +9.7988e-02, -9.6128e-02, -1.1556e-01, -1.5939e-01, +1.2429e-01, +5.1239e-02, +2.5939e-02
-6.6369e-02, -7.2660e-02, -1.2563e-02, -2.1652e-02, -1.1950e-01, -7.0594e-03, -3.6499e-02, -8.4433e-03, -5.3053e-02, +2.9783e-02, -7.1036e-02, -4.4704e-03, -5.3390e-02, -5.3324e-02, -3.1168e-02, +7.3954e-02, +2.8898e-02, -5.7080e-03, -1.3297e-01, -7.4344e-02, -9.5109e-03, +8.4488e-03, +3.0735e-02, -4.1670e-02, -2.4359e-02, -6.4042e-02, -9.9909e-02, -1.7468e-02, -2.0200e-02, -1.0000e+00, -6.0605e-02, +4.0104e-03, -2.2025e-02, -1.2413e-02, -1.1537e-03, +7.3612e-03, +2.4955e-02, +5.1347e-02, +4.9877e-02, -1.2503e-02, +8.8016e-02, -3.6332e-02, -2.4040e-02, +8.0075e-02, -1.5272e-01, +2.6605e-02, -1.1811e-01, +2.1155e-01, -3.1401e-02, -2.2463e-02
-1.5309e-01, -1.2098e-01, -3.8980e-02, -7.8354e-02, -8.1769e-02, -9.9189e-02, -2.4155e-02, -7.3172e-03, -3.8674e-02, -1.1097e-01, -2.2941e-01, -3.9339e-02, -5.2247e-02, -4.7668e-02, -1.3799e-01, +8.0412e-02, +1.8993e-01, -1.2405e-01, -2.2029e-01, -1.3772e-01, +8.4743e-02, -4.3440e-03, +1.2033e-01, -1.3456e-01, +1.6379e-02, -3.5948e-05, -1.0235e-01, -1.2937e-01, -2.0152e-01, -6.0605e-02, -1.0000e+00, +5.2564e-02, -1.2382e-02, +8.4949e-03, -6.5670e-03, -1.9761e-02, +6.0463e-02, -1.5128e-01, +6.2599e-03, +5.3872e-02, -1.6166e-01, -3.5911e-02, -2.4153e-02, +1.0822e-01, -3.2131e-01, +2.9489e-04, -3.0054e-01, +4.5277e-01, +3.1563e-02, -4.0987e-02
+1.2996e-02, -9.3120e-03, -1.0332e-01, +9.1087e-02, +1.6575e-02, +2.4778e-02, +1.1140e-03, +5.7413e-02, -3.9525e-05, -1.5215e-02, +2.2650e-02, -3.3640e-02, -9.0715e-03, -1.5622e-02, +8.0360e-02, -6.2223e-02, +3.0418e-03, -1.7556e-03, +1.0662e-01, -3.4682e-02, -2.7276e-02, -7.1912e-02, +4.6044e-02, +3.6614e-02, +2.2635e-02, +5.3151e-02, +7.5054e-03, +3.5008e-02, -5.7899e-03, +4.0104e-03, +5.2564e-02, -1.0000e+00, +2.6854e-02, -2.3605e-02, +3.2132e-02, +9.5491e-02, -4.4648e-03, -1.6113e-02, +6.4788e-02, +1.7935e-01, +2.8872e-02, +7.4079e-02, -1.2374e-02, -3.0596e-03, +3.6454e-02, -5.1839e-02, +9.0982e-02, -1.1899e-02, -1.9264e-02, -2.2465e-03
-5.9126e-02, -2.8263e-02, -7.3080e-02, -4.7354e-03, -1.7108e-02, -1.4602e-02, -5.9896e-03, -3.6024e-02, +5.6054e-02, +1.9094e-02, -3.6877e-02, +3.7722e-02, -1.5105e-02, +3.4131e-02, -2.9311e-02, -4.8679e-02, -1.9514e-02, -1.0117e-02, -2.3604e-02, -1.4301e-01, +1.0953e-02, -5.3107e-02, +1.2160e-02, +7.9069e-03, +3.9555e-02, -6.0270e-02, -7.5917e-03, -1.4392e-02, -6.4712e-02, -2.2024e-02, -1.2382e-02, +2.6854e-02, -1.0000e+00, +9.6494e-03, -2.7943e-02, +1.0338e-02, -1.3320e-02, +1.1444e-02, -1.2439e-02, +1.7881e-02, +3.0431e-02, -1.1034e-02, -1.6633e-02, -4.4625e-02, -3.9708e-02, -1.4892e-02, -5.9750e-02, +8.1154e-02, -2.1186e-02, -3.0214e-02
+2.6179e-02, -3.6168e-03, -2.6091e-02, +2.8428e-02, +1.3022e-02, +6.1240e-03, +8.3049e-02, +4.7708e-03, -1.9413e-02, -2.4924e-02, +3.1825e-02, -5.6441e-03, -7.0789e-03, -1.0022e-02, +3.1860e-02, -3.9435e-03, +1.1348e-02, +3.7947e-02, +5.9980e-03, +3.1640e-02, +1.2668e-02, +4.2725e-02, -2.1628e-02, -2.8097e-02, +3.6037e-02, +2.5964e-02, -2.8953e-02, +3.1173e-02, +8.3540e-03, -1.2413e-02, +8.4950e-03, -2.3605e-02, +9.6494e-03, -1.0000e+00, -9.3580e-03, -6.0206e-02, -1.4803e-02, +4.4783e-02, -2.1198e-02, +1.5134e-02, -1.2262e-02, -1.9897e-02, -4.3090e-02, -4.3360e-03, +2.4404e-02, +2.7713e-02, -2.5264e-02, -2.0239e-03, -9.5227e-03, +3.7690e-02
-1.2442e-01, +4.2232e-02, -1.3299e-02, -2.4769e-02, +3.6841e-02, -3.8457e-02, +6.8074e-02, +5.6712e-02, -5.4411e-02, +6.3301e-02, +3.3384e-03, -1.7869e-02, -1.2488e-02, +1.8017e-02, -2.6601e-02, -3.3612e-02, -4.7833e-02, +1.5081e-01, -3.0148e-02, -3.6924e-02, -1.6778e-03, -7.8122e-03, -4.6547e-02, -1.5445e-01, +3.7781e-03, +1.4594e-02, +3.6890e-02, +6.6965e-03, -7.9893e-02, -1.1536e-03, -6.5670e-03, +3.2132e-02, -2.7943e-02, -9.3580e-03, -1.0000e+00, +4.2441e-02, -7.7756e-02, -3.9416e-02, +4.7316e-02, -4.8395e-02, +3.1359e-02, -3.9465e-02, -1.5440e-02, +1.9417e-02, -7.6750e-02, -5.4522e-02, -8.7471e-02, +2.0106e-01, +3.0484e-02, +9.6759e-03
-2.1094e-02, -3.9767e-02, +4.0504e-02, -9.0988e-02, +4.5426e-02, +1.2935e-03, +7.8614e-03, -3.1688e-02, +9.1672e-02, +4.0336e-02, -1.6786e-02, +4.1338e-02, +4.4037e-02, -2.0022e-02, +2.9923e-03, +6.5402e-02, +3.3911e-02, -2.3860e-02, -5.8249e-02, +5.0577e-02, +1.0104e-02, +7.3949e-02, +2.0162e-02, +2.6647e-02, +1.0115e-02, -5.6097e-02, -5.1906e-02, -7.9417e-03, +8.8187e-04, +7.3612e-03, -1.9761e-02, +9.5491e-02, +1.0338e-02, -6.0206e-02, +4.2441e-02, -1.0000e+00, +6.3813e-02, -3.7116e-02, -6.3251e-02, -3.3546e-02, +6.5091e-03, -2.5062e-02, -2.7798e-02, +3.7465e-02, -6.2839e-02, -5.6994e-04, -7.8713e-03, -3.9818e-03, +9.4327e-03, +6.8883e-02
+4.4652e-02, +1.7510e-01, -1.0713e-01, +9.4644e-02, +8.7232e-03, +9.3369e-02, +9.5930e-02, +1.2099e-01, +5.9144e-02, +4.0639e-02, +2.5274e-02, +4.4473e-02, +3.2141e-02, +7.6816e-02, +1.2019e-01, +4.7324e-02, +1.9617e-02, +3.3057e-02, +2.2095e-01, +2.8147e-02, +5.4547e-02, +1.6037e-02, -1.2760e-02, +2.8442e-02, -4.9486e-02, +1.3711e-01, +5.6107e-02, +1.7471e-01, +5.2834e-02, +2.4955e-02, +6.0463e-02, -4.4648e-03, -1.3320e-02, -1.4803e-02, -7.7756e-02, +6.3813e-02, -1.0000e+00, -4.5901e-02, +6.6169e-02, +1.2927e-02, +4.8064e-02, +3.0808e-02, +1.4340e-01, +1.4313e-01, +7.1905e-02, +4.5671e-02, +6.1905e-03, +5.4139e-02, -7.9234e-02, -1.0019e-01
-7.8581e-02, -1.0341e-01, +2.8198e-02, -7.4431e-02, +1.3656e-01, -7.5253e-02, +4.1059e-02, -1.1416e-01, -1.6125e-02, +2.3476e-02, -3.2156e-02, -4.6826e-02, +1.7288e-01, +4.6620e-02, -3.2392e-02, -2.1723e-02, -4.6673e-02, -1.2383e-01, -1.1101e-01, -1.3604e-02, -5.2454e-02, -2.3689e-02, +1.5275e-02, -4.8037e-02, -4.4453e-02, +3.8776e-02, +3.6419e-02, -3.6748e-02, -1.2519e-01, +5.1347e-02, -1.5128e-01, -1.6113e-02, +1.1444e-02, +4.4783e-02, -3.9416e-02, -3.7116e-02, -4.5901e-02, -1.0000e+00, -4.2515e-03, +5.6053e-02, -6.3734e-02, +2.2520e-02, -1.1936e-02, -1.5712e-02, -3.5815e-02, +3.8173e-02, -7.1328e-02, +1.6109e-01, +1.6956e-04, -7.5255e-02
-2.0326e-02, -3.6450e-02, -2.6087e-03, -2.6346e-02, +6.5433e-02, -8.7278e-02, +3.1063e-02, -6.7681e-02, +2.6198e-02, +7.0179e-02, -2.7051e-02, -1.8799e-02, -3.2898e-02, -3.1468e-02, -8.4791e-02, +1.8714e-02, +4.5323e-02, +3.9823e-02, -1.3389e-01, -1.7744e-02, +3.2655e-02, +3.2398e-03, +8.2260e-02, -5.3848e-02, +2.3812e-02, -2.3098e-02, -1.2730e-01, -1.3906e-01, -6.3767e-02, +4.9877e-02, +6.2599e-03, +6.4788e-02, -1.2439e-02, -2.1198e-02, +4.7316e-02, -6.3251e-02, +6.6169e-02, -4.2515e-03, -1.0000e+00, -2.1165e-02, +3.3441e-02, +3.7339e-03, +1.4089e-03, +1.5298e-02, -4.7223e-02, -2.6899e-02, -8.4280e-02, +5.4324e-03, +4.3086e-02, +2.0413e-02
+4.6759e-02, -4.1593e-02, +2.5655e-03, -5.8446e-02, +5.7844e-03, +6.7710e-02, -3.3469e-02, -2.0501e-02, +8.5921e-03, +8.2086e-02, -1.4123e-02, -2.9070e-02, -9.5265e-03, -1.4990e-02, +2.1767e-02, +8.3038e-02, -6.3933e-02, +1.6473e-02, -1.2600e-02, +2.2406e-02, +2.6885e-02, -2.5479e-02, +4.5284e-02, +2.0108e-02, +4.5289e-02, +1.1751e-02, +6.6677e-02, -2.4980e-02, +4.1817e-02, -1.2503e-02, +5.3872e-02, +1.7935e-01, +1.7881e-02, +1.5134e-02, -4.8395e-02, -3.3546e-02, +1.2927e-02, +5.6053e-02, -2.1165e-02, -1.0000e+00, +6.7544e-02, -1.6973e-02, -5.2096e-02, -2.1674e-03, +7.6460e-02, +1.3531e-02, +1.1122e-02, -6.2448e-02, +2.8998e-02, +9.3710e-02
-9.9884e-02, +2.1116e-02, -4.6770e-02, -5.5034e-02, +1.1224e-03, -2.9780e-02, -4.5391e-02, +1.4891e-02, -1.6597e-02, +8.4225e-02, -2.9588e-02, +6.1468e-03, +2.1854e-02, +7.7051e-02, -5.3685e-02, +1.6686e-02, -2.3786e-02, -3.7145e-02, +2.5875e-02, -2.3877e-02, -5.6128e-02, +3.7770e-02, -5.0345e-02, +3.2617e-02, -1.6479e-02, -1.0976e-01, +7.4178e-03, -5.3164e-03, -1.0168e-02, +8.8016e-02, -1.6166e-01, +2.8872e-02, +3.0431e-02, -1.2262e-02, +3.1359e-02, +6.5091e-03, +4.8064e-02, -6.3734e-02, +3.3441e-02, +6.7544e-02, -1.0000e+00, -4.0274e-02, -7.0320e-02, -1.5867e-02, +1.0911e-02, -3.2410e-02, -4.9803e-02, -2.6454e-02, -5.3535e-03, +1.8923e-02
-1.6289e-02, -2.2904e-02, +5.2005e-03, +1.0128e-02, -7.6687e-04, +2.0200e-02, -1.2752e-02, -1.5120e-02, +1.4921e-02, +3.0549e-03, -1.0978e-02, -2.5985e-02, -3.1233e-02, +1.6999e-02, -2.9051e-02, +6.3424e-02, -5.8481e-02, -1.5838e-02, -1.8518e-02, -2.8375e-02, +4.1458e-02, -5.3254e-02, -4.4387e-02, +4.8590e-02, -2.1392e-02, -4.6419e-02, -1.4523e-02, +6.4127e-03, +1.8905e-02, -3.6332e-02, -3.5911e-02, +7.4079e-02, -1.1034e-02, -1.9897e-02, -3.9465e-02, -2.5062e-02, +3.0808e-02, +2.2520e-02, +3.7339e-03, -1.6973e-02, -4.0274e-02, -1.0000e+00, +2.2024e-02, +5.4868e-02, -3.2017e-02, +4.5583e-02, -2.0096e-02, +4.6855e-02, -4.7208e-02, +5.0516e-02
-5.9376e-02, -3.1093e-03, +2.8413e-02, +1.0904e-02, -1.7366e-02, -2.6029e-02, +3.3487e-02, +2.2194e-02, +6.9455e-03, +1.7491e-02, +4.7402e-02, +1.1634e-02, +4.3589e-02, +6.5013e-03, -2.6734e-02, -3.2929e-02, -5.3893e-02, -1.3262e-02, -1.4086e-02, -7.2449e-03, -8.1673e-03, -2.6699e-02, -8.0556e-02, +3.4952e-02, +5.1633e-02, -2.2729e-02, +3.4394e-02, -1.2200e-02, +2.2421e-02, -2.4040e-02, -2.4153e-02, -1.2374e-02, -1.6633e-02, -4.3090e-02, -1.5440e-02, -2.7798e-02, +1.4340e-01, -1.1936e-02, +1.4089e-03, -5.2096e-02, -7.0320e-02, +2.2024e-02, -1.0000e+00, -4.8468e-02, -2.0258e-02, -1.3615e-02, -2.4209e-02, +2.1358e-02, +8.6423e-02, -2.1498e-02
-2.5717e-02, -3.3534e-02, -1.2432e-02, -1.2853e-03, +2.0722e-02, +2.7199e-02, -1.3428e-02, +1.5396e-03, -2.5323e-02, -2.4575e-02, +3.7452e-03, -2.0760e-02, -2.0794e-02, -3.6881e-03, -1.2065e-02, -1.2054e-01, -3.6491e-02, +2.4843e-02, -8.2322e-02, +6.1905e-02, -2.1940e-01, +5.3507e-02, -1.4844e-01, +5.7195e-02, +9.9096e-03, -2.9432e-02, +6.0268e-02, +1.8567e-02, +9.7988e-02, +8.0075e-02, +1.0822e-01, -3.0596e-03, -4.4625e-02, -4.3360e-03, +1.9417e-02, +3.7465e-02, +1.4313e-01, -1.5712e-02, +1.5298e-02, -2.1674e-03, -1.5867e-02, +5.4868e-02, -4.8468e-02, -1.0000e+00, +4.3561e-02, -6.9263e-02, +1.0972e-03, -4.8855e-02, +7.0835e-02, +6.2467e-02
-1.5327e-01, -1.8594e-01, -2.2106e-02, +2.6697e-02, -1.1305e-01, -9.2571e-03, -6.7119e-02, -5.1039e-02, -1.3768e-01, +7.6664e-02, -1.9994e-01, -5.1026e-02, -1.7094e-01, -2.8141e-02, -8.7842e-02, +1.5594e-01, +1.9804e-01, -9.0072e-02, -1.7871e-01, -2.6475e-01, +2.9639e-03, -3.1967e-02, +1.6911e-01, -7.7231e-02, -1.7760e-02, -8.1830e-02, -7.8998e-02, -1.4830e-01, -9.6128e-02, -1.5272e-01, -3.2131e-01, +3.6454e-02, -3.9708e-02, +2.4404e-02, -7.6750e-02, -6.2839e-02, +7.1905e-02, -3.5815e-02, -4.7223e-02, +7.6460e-02, +1.0911e-02, -3.2017e-02, -2.0258e-02, +4.3561e-02, -1.0000e+00, -1.6383e-02, -3.3053e-01, +6.9563e-01, +9.7643e-03, +1.1656e-02
-1.1428e-01, -1.9079e-02, +8.3416e-02, -4.8091e-02, -1.7028e-02, -4.9136e-02, -6.6538e-02, +7.3934e-02, -6.9558e-03, +4.7185e-02, -1.2992e-02, -2.8970e-02, -3.0966e-03, +3.9977e-03, -1.9532e-02, +2.6420e-02, +9.4176e-02, +8.0842e-02, -1.1551e-01, +8.3129e-02, -7.6424e-02, +7.1116e-02, +3.6542e-03, -1.2093e-02, -3.7253e-02, -9.7783e-03, -9.3009e-02, +3.9311e-02, -1.1556e-01, +2.6605e-02, +2.9488e-04, -5.1839e-02, -1.4892e-02, +2.7713e-02, -5.4522e-02, -5.6994e-04, +4.5671e-02, +3.8173e-02, -2.6899e-02, +1.3531e-02, -3.2410e-02, +4.5583e-02, -1.3615e-02, -6.9263e-02, -1.6383e-02, -1.0000e+00, -5.5683e-02, -2.4763e-02, +9.6964e-03, +9.0980e-02
-1.8531e-02, -5.8296e-02, -3.2214e-02, +5.4500e-02, -9.0268e-02, -1.7961e-01, +7.4852e-02, +6.2897e-02, -2.5003e-02, +7.2205e-02, -2.1810e-01, -3.8054e-02, +5.6516e-03, -3.7261e-02, -1.3830e-01, -3.2424e-02, -5.2004e-02, -1.3532e-01, -2.0660e-01, -2.6641e-01, -8.3776e-02, +2.3943e-02, -4.5817e-02, -7.9437e-02, +2.1956e-03, -6.1692e-03, -1.7113e-01, -1.2832e-01, -1.5939e-01, -1.1811e-01, -3.0054e-01, +9.0982e-02, -5.9750e-02, -2.5264e-02, -8.7471e-02, -7.8713e-03, +6.1905e-03, -7.1328e-02, -8.4280e-02, +1.1122e-02, -4.9803e-02, -2.0096e-02, -2.4209e-02, +1.0972e-03, -3.3053e-01, -5.5683e-02, -1.0000e+00, +5.5768e-01, +4.6199e-03, -1.4156e-02
+2.9746e-01, +2.2462e-01, +9.4056e-02, -1.3418e-01, +1.2017e-01, +3.6736e-02, +2.5056e-03, -2.5498e-02, +1.8625e-01, -6.3649e-02, +2.1204e-01, +4.8735e-02, +8.1589e-02, +5.2121e-02, +1.8542e-01, -5.3590e-02, -3.4101e-03, +1.0968e-01, +2.2453e-01, +4.0708e-01, +9.3544e-02, +3.1562e-02, -1.1738e-02, +1.1198e-01, +4.2877e-02, +4.7973e-02, +3.3850e-02, +1.4651e-01, +1.2429e-01, +2.1155e-01, +4.5277e-01, -1.1899e-02, +8.1154e-02, -2.0239e-03, +2.0106e-01, -3.9818e-03, +5.4139e-02, +1.6109e-01, +5.4324e-03, -6.2448e-02, -2.6454e-02, +4.6855e-02, +2.1358e-02, -4.8855e-02, +6.9563e-01, -2.4763e-02, +5.5768e-01, -1.0000e+00, -2.1135e-03, +1.0115e-01
+4.7039e-02, +1.4609e-02, -7.8510e-02, -2.4657e-03, +4.1916e-02, +5.3049e-02, +3.6580e-02, +1.8687e-02, +1.4505e-02, +1.4548e-02, +3.8427e-02, -1.3854e-02, -1.3100e-02, +3.3399e-02, -1.6165e-02, +1.6822e-01, +7.3451e-03, -6.5331e-02, +5.1455e-02, -1.0413e-01, +4.1503e-02, -9.1102e-02, -5.1270e-02, +7.5328e-03, +2.8263e-02, +1.8168e-02, +2.1594e-02, +5.0322e-02, +5.1239e-02, -3.1401e-02, +3.1563e-02, -1.9264e-02, -2.1186e-02, -9.5227e-03, +3.0484e-02, +9.4327e-03, -7.9234e-02, +1.6956e-04, +4.3086e-02, +2.8998e-02, -5.3535e-03, -4.7208e-02, +8.6423e-02, +7.0835e-02, +9.7643e-03, +9.6964e-03, +4.6200e-03, -2.1135e-03, -1.0000e+00, +2.2554e-02
+2.4702e-02, +1.0925e-02, -3.0722e-02, -4.2151e-02, -8.7502e-03, -3.3725e-02, +1.3577e-02, -3.4688e-02, -3.5639e-02, +5.3000e-02, -5.2251e-02, +1.6206e-02, +3.3762e-03, +1.6055e-02, +1.3878e-02, -7.9725e-02, +6.2115e-02, -4.6238e-02, -1.1237e-03, -8.4129e-02, -8.4633e-04, -1.1892e-01, +9.0525e-02, -2.1102e-02, -4.7634e-02, -2.1569e-02, +5.4809e-02, +5.2826e-02, +2.5939e-02, -2.2463e-02, -4.0987e-02, -2.2466e-03, -3.0214e-02, +3.7690e-02, +9.6759e-03, +6.8883e-02, -1.0019e-01, -7.5255e-02, +2.0413e-02, +9.3710e-02, +1.8923e-02, +5.0516e-02, -2.1498e-02, +6.2467e-02, +1.1656e-02, +9.0980e-02, -1.4156e-02, +1.0115e-01, +2.2554e-02, -1.0000e+00
