-1.0000e+00, -2.7386e-02, -8.5803e-02, -8.6187e-02, +1.2717e-02, +4.9367e-02, -4.3067e-03, +7.4181e-03, -1.4674e-01, +3.8922e-02, +4.5491e-03, -4.3945e-02, +6.1721e-02, -1.7207e-01, -7.6965e-02, +6.7432e-03, +4.2461e-02, -8.3075e-02, -3.2575e-02, +9.4956e-02, +5.3972e-02, +2.5066e-02, -3.7521e-02, +1.6980e-02, -6.2856e-02, -2.2366e-02, +3.6387e-02, -8.1160e-02, -3.9850e-02, -1.1295e-01, -1.4974e-01, -8.9768e-02, +1.1517e-01, +4.8127e-02, -6.1597e-02, +4.6265e-02, +4.3890e-02, -9.1116e-02, -9.5923e-04, -1.1345e-02, -1.3389e-01, -2.8286e-02, +5.3493e-02, +6.1542e-02, -5.6784e-02, -1.3003e-01, -7.2551e-02, +2.3719e-01, +6.4991e-02, +3.0092e-02
-2.7386e-02, -1.0000e+00, -9.1684e-02, -4.5228e-02, -5.5416e-02, -6.8769e-02, -6.6401e-02, +6.7900e-02, -1.6802e-02, +9.1668e-02, -3.9295e-02, +2.2035e-02, +1.0582e-01, +3.9161e-02, -1.1319e-01, +4.5751e-03, +2.2025e-02, -6.8244e-02, -3.2126e-02, +4.0336e-02, +2.1496e-02, +9.7134e-02, +2.1323e-01, +1.0027e-01, +5.2439e-02, +1.7808e-01, -1.3557e-01, -1.4391e-01, -2.9324e-02, +1.3136e-01, -3.2598e-02, +4.0899e-02, -7.3032e-03, -6.9997e-02, +9.3428e-02, -1.0599e-01, -1.0672e-02, -1.5700e-01, -2.3553e-02, +2.2897e-02, -6.8411e-02, -1.9750e-02, +7.2606e-02, +8.8932e-02, +2.2003e-01, +4.5855e-02, -2.4418e-01, -8.1977e-02, -5.3078e-02, +2.9811e-02
-8.5803e-02, -9.1684e-02, -1.0000e+00, +9.8908e-02, -8.5282e-02, -1.4483e-01, -4.0980e-02, -6.7928e-02, +1.2404e-01, +8.9635e-02, -1.7434e-02, -1.3646e-01, -8.2414e-02, -1.4506e-01, -2.0725e-02, -8.7148e-02, +1.8559e-02, +4.9069e-02, -1.3428e-02, -9.6966e-02, +5.8137e-02, -2.4626e-02, +3.6511e-02, -3.6998e-02, -5.5393e-02, -1.1348e-01, -1.0951e-01, -1.2088e-01, -1.4447e-03, -5.3640e-02, +9.0311e-03, +6.7273e-02, -3.5538e-02, -3.8351e-02, -4.9374e-02, -7.3746e-02, -1.4459e-01, +6.0597e-02, -9.0248e-02, +3.7385e-02, +1.0271e-01, +5.8565e-02, -2.1992e-02, +9.7073e-03, -1.6540e-01, -7.9818e-02, -2.2636e-02, +2.0703e-01, +7.2505e-02, +6.5188e-02
-8.6187e-02, -4.5228e-02, +9.8908e-02, -1.0000e+00, -7.8101e-02, -1.0843e-01, -6.1955e-02, -5.4981e-02, +1.9079e-02, +7.5613e-02, -1.0465e-01, -4.5579e-02, -2.8461e-02, +3.4830e-02, -5.8420e-02, +1.5640e-01, -8.3775e-02, -1.1192e-01, -8.2529e-02, +2.6645e-02, -3.6651e-02, -2.7283e-02, +1.1147e-01, +1.8215e-02, -8.3562e-02, -1.9003e-01, -1.2347e-02, -1.3671e-01, -1.4050e-01, -1.4734e-02, -1.3241e-01, -4.8745e-02, -6.6230e-02, +2.3605e-02, -1.8924e-02, -4.8448e-02, +4.1052e-02, +3.8010e-02, -3.2176e-02, -8.2869e-02, -9.5743e-02, -6.0525e-02, -5.4306e-03, +5.4830e-02, -1.7490e-02, -7.3605e-02, -1.3603e-01, +1.1983e-01, -9.2377e-02, -3.4184e-03
+1.2717e-02, -5.5416e-02, -8.5282e-02, -7.8101e-02, -1.0000e+00, -2.3054e-01, -6.4603e-02, -8.3499e-02, -4.4715e-02, +2.9048e-02, -1.5767e-01, -1.5878e-01, -3.5428e-02, -2.4939e-01, -2.1922e-01, +8.5872e-02, -2.6115e-02, -2.8248e-02, -1.6116e-01, -7.3886e-02, -5.6681e-02, -3.7127e-02, +1.8526e-01, -1.4829e-01, -8.6062e-02, +1.7914e-02, -2.0975e-01, -1.1031e-01, -9.5362e-02, -1.6295e-01, -2.2537e-01, +1.3000e-01, -1.0771e-01, +1.2870e-02, -1.0393e-02, -1.0301e-01, +1.2382e-02, -1.0317e-01, -1.0919e-01, +5.4479e-02, -5.5875e-02, +3.5054e-02, -2.5863e-02, -1.0048e-01, -1.9622e-01, -1.0132e-01, -1.6149e-01, +2.9944e-01, -7.1646e-02, +3.2205e-02
+4.9367e-02, -6.8769e-02, -1.4483e-01, -1.0842e-01, -2.3054e-01, -1.0000e+00, -1.2312e-01, -7.3830e-03, +6.2019e-02, +1.6735e-01, -8.7620e-02, -1.0027e-01, -7.1095e-02, -5.5367e-02, -2.2089e-01, -3.2406e-02, -7.8517e-02, +2.3176e-02, -2.0477e-01, -1.1673e-01, -8.9770e-02, +1.5290e-02, -8.2602e-03, +1.9023e-02, -2.7158e-02, -7.1330e-02, -1.0972e-01, -6.8024e-02, -1.3391e-01, -5.5682e-02, -1.9670e-01, +9.4817e-02, -8.7996e-02, -4.0776e-02, -1.4266e-01, -2.0560e-01, +7.0555e-02, -1.0011e-01, -1.1443e-01, +1.4904e-02, -7.7584e-02, +7.3011e-02, -5.7096e-03, -1.3645e-01, -1.4994e-01, -8.2597e-02, -3.1149e-01, +2.3829e-01, +3.2827e-02, +1.1184e-01
-4.3067e-03, -6.6401e-02, -4.0980e-02, -6.1955e-02, -6.4603e-02, -1.2312e-01, -1.0000e+00, -1.0495e-01, +4.5099e-02, -2.9232e-03, -5.3274e-02, +2.8186e-02, +5.0573e-02, -1.1279e-01, -2.5464e-03, +3.2162e-02, +3.1086e-03, +4.4327e-03, -1.4678e-01, +5.3715e-02, +4.1181e-02, +1.5900e-02, +1.4948e-01, -2.4461e-02, -3.9567e-02, -9.0620e-02, -6.1768e-02, -9.8353e-03, +4.1632e-02, -1.0590e-01, -6.3680e-03, +4.2128e-02, -2.2557e-02, -2.1066e-02, +4.1182e-02, +1.1804e-03, +6.2013e-02, -2.8939e-03, +1.9050e-02, +3.2988e-02, -1.5237e-02, +3.2916e-02, +1.1025e-02, -3.3815e-02, -7.3104e-02, -1.1861e-01, -1.2955e-01, -5.0758e-02, -7.8693e-02, +1.0751e-01
+7.4181e-03, +6.7900e-02, -6.7928e-02, -5.4981e-02, -8.3499e-02, -7.3831e-03, -1.0495e-01, -1.0000e+00, -9.5373e-02, +8.3407e-02, -1.1340e-01, -1.4701e-01, -1.5446e-03, -1.4195e-01, -6.0026e-02, +5.6747e-02, +2.2658e-03, -4.5677e-02, -1.8935e-01, -1.0756e-02, +6.2050e-02, -7.9191e-02, +2.4421e-01, +8.6226e-02, -2.2440e-02, -9.9723e-02, -8.7874e-02, -1.3485e-01, -6.6590e-02, -7.9570e-02, -4.8868e-02, +2.3060e-01, -1.2861e-01, -3.6309e-02, +6.9152e-02, -1.0103e-01, -4.6320e-02, -7.0335e-02, -6.1870e-02, -6.3542e-02, +4.9342e-02, -1.0175e-01, -4.0949e-02, -1.3024e-02, -1.1882e-01, -2.2480e-02, -3.0932e-02, +1.1525e-01, -2.9018e-03, +2.4773e-02
-1.4674e-01, -1.6802e-02, +1.2404e-01, +1.9079e-02, -4.4715e-02, +6.2019e-02, +4.5099e-02, -9.5373e-02, -1.0000e+00, +2.9793e-03, +6.5360e-02, +4.4590e-02, +6.1886e-02, -1.8380e-01, -4.1960e-03, -3.3758e-02, +3.1557e-03, +1.6370e-02, -1.4811e-02, +6.4398e-02, +4.2043e-03, -1.8589e-02, -8.3142e-02, +8.4976e-02, -8.1452e-02, +1.6556e-01, -3.5496e-02, +5.1480e-03, +8.0947e-02, -7.0823e-02, +3.1439e-02, +8.6725e-02, -7.1909e-02, -2.1738e-02, -1.2743e-02, -8.5656e-02, -5.4133e-02, -1.0865e-01, -1.5319e-02, +1.2289e-02, -2.2576e-02, +2.7668e-02, +9.2334e-03, +9.6083e-03, -3.1043e-02, +1.3298e-03, -1.0600e-01, +4.2865e-02, +2.8122e-02, -1.0198e-02
+3.8922e-02, +9.1668e-02, +8.9635e-02, +7.5613e-02, +2.9048e-02, +1.6735e-01, -2.9232e-03, +8.3407e-02, +2.9793e-03, -1.0000e+00, -6.6263e-02, +1.0379e-01, +5.4232e-02, +6.0655e-03, +1.2761e-01, -1.8762e-02, +7.7284e-02, +1.0316e-01, +1.0369e-01, +7.2416e-02, -4.5106e-02, -3.3596e-02, +1.5012e-01, -2.2752e-01, +1.0312e-03, +8.7762e-02, +1.3526e-01, +1.3764e-01, +1.1844e-01, -2.4208e-02, +2.6448e-02, -9.3611e-03, +6.4932e-03, -1.5950e-02, +1.7330e-02, -7.1881e-02, -4.0940e-02, +5.7378e-02, +4.8173e-02, +5.6351e-02, +1.3685e-01, -3.5966e-02, -1.9128e-02, +4.8560e-03, +4.4064e-02, +1.2958e-01, +1.8029e-01, +1.3360e-02, +7.7645e-03, +2.7702e-03
+4.5491e-03, -3.9295e-02, -1.7434e-02, -1.0465e-01, -1.5767e-01, -8.7620e-02, -5.3274e-02, -1.1340e-01, +6.5360e-02, -6.6263e-02, -1.0000e+00, -2.0067e-01, -1.4485e-01, -4.7600e-02, -1.8803e-01, -1.3974e-02, -3.7168e-02, -1.6067e-01, -1.1700e-01, -1.4224e-01, +9.7817e-03, -2.1900e-02, +3.6144e-01, +1.1038e-01, -2.8635e-02, -9.2721e-02, -8.9680e-02, -1.7729e-01, -1.9387e-01, -9.2447e-02, -2.4313e-01, +5.1194e-03, -4.6081e-02, -3.9905e-04, +5.4932e-02, -5.1235e-02, -2.9619e-02, -1.1506e-01, -1.5673e-01, +2.8153e-02, -8.4218e-02, +2.2062e-02, +5.0687e-02, -2.0356e-02, -1.2514e-01, -4.3731e-02, -1.8914e-01, +2.6557e-01, -2.7645e-02, +4.0934e-02
-4.3945e-02, +2.2035e-02, -1.3646e-01, -4.5579e-02, -1.5878e-01, -1.0027e-01, +2.8186e-02, -1.4701e-01, +4.4590e-02, +1.0379e-01, -2.0067e-01, -1.0000e+00, -9.3687e-02, -5.4272e-03, -2.2341e-01, -8.6248e-02, -3.5816e-02, -2.1182e-01, -3.8150e-02, +2.9043e-02, -3.9472e-02, -5.5140e-03, +3.4238e-01, +1.5018e-01, +6.5424e-02, -6.2781e-02, -1.0173e-01, -1.5219e-01, -1.1444e-01, +3.8059e-02, -1.4027e-01, +1.3432e-02, +4.4843e-03, +5.9928e-02, -2.1057e-02, -8.7774e-02, -3.4928e-02, -6.3389e-02, -7.5595e-02, -1.4062e-01, -2.0771e-02, +4.2432e-01, -2.1268e-02, +1.1582e-01, -9.9468e-02, -7.4860e-02, -4.8351e-02, +4.5640e-01, +2.9430e-03, -3.7438e-02
+6.1721e-02, +1.0582e-01, -8.2414e-02, -2.8461e-02, -3.5428e-02, -7.1095e-02, +5.0573e-02, -1.5446e-03, +6.1886e-02, +5.4232e-02, -1.4485e-01, -9.3687e-02, -1.0000e+00, +2.2908e-02, +1.8112e-02, -1.8691e-02, -7.8287e-02, -1.5063e-01, -1.0847e-01, -6.2425e-02, +4.1409e-02, +1.9137e-03, +2.6301e-01, -3.7904e-02, -4.4372e-02, -3.0681e-01, -6.9640e-02, +3.1681e-02, -5.2129e-02, -5.9778e-02, -7.8184e-02, +1.0122e-01, +4.3349e-02, +6.0675e-02, +1.1169e-01, +3.1213e-02, +2.9786e-03, -6.3313e-03, -7.3384e-02, +5.1070e-02, -5.7235e-02, +1.3913e-01, +7.9598e-02, -6.5997e-02, -3.3331e-01, -3.5887e-02, -7.9340e-02, -5.3994e-02, -8.3327e-02, -4.4150e-03
-1.7207e-01, +3.9161e-02, -1.4506e-01, +3.4830e-02, -2.4939e-01, -5.5367e-02, -1.1279e-01, -1.4195e-01, -1.8380e-01, +6.0655e-03, -4.7600e-02, -5.4272e-03, +2.2908e-02, -1.0000e+00, -2.9239e-02, -1.6691e-01, +3.8087e-02, -3.1751e-02, -1.8319e-01, +1.1438e-02, +1.7371e-02, +4.8589e-02, +1.5231e-01, -1.1408e-01, -3.6310e-02, -6.7511e-02, -1.7872e-01, -8.6425e-02, +4.8691e-02, -2.0854e-01, -1.7116e-01, +1.9979e-01, -8.0065e-02, -4.5113e-02, -3.7926e-02, -1.3380e-01, -8.8449e-02, -5.8318e-02, -1.8074e-01, -1.9930e-02, -4.1585e-02, +4.8058e-02, +6.1598e-02, -7.8038e-02, -1.9318e-01, -9.0760e-02, -6.2319e-02, +1.4388e-01, +1.5204e-01, -1.8826e-02
-7.6965e-02, -1.1319e-01, -2.0725e-02, -5.8420e-02, -2.1922e-01, -2.2089e-01, -2.5464e-03, -6.0026e-02, -4.1960e-03, +1.2761e-01, -1.8803e-01, -2.2341e-01, +1.8112e-02, -2.9239e-02, -1.0000e+00, -4.6237e-02, -2.8654e-02, -1.4293e-01, -1.4721e-01, -1.8997e-01, -3.1504e-02, +5.6258e-02, +9.1567e-02, -2.0159e-02, -8.0598e-02, +4.3510e-02, -1.6306e-01, -5.8259e-02, -1.7395e-01, +2.5428e-02, -2.0599e-01, -4.8616e-02, -8.5706e-02, -4.2861e-02, -1.5477e-01, -1.1822e-01, +5.7498e-02, -1.6864e-01, -7.0036e-02, -6.0564e-04, -1.3920e-01, +2.4281e-02, -1.7485e-03, +1.7593e-02, -9.3040e-02, -7.7426e-02, -1.3986e-01, +4.0621e-01, -9.6545e-02, +5.5582e-02
+6.7432e-03, +4.5751e-03, -8.7148e-02, +1.5640e-01, +8.5872e-02, -3.2406e-02, +3.2162e-02, +5.6747e-02, -3.3758e-02, -1.8762e-02, -1.3974e-02, -8.6248e-02, -1.8691e-02, -1.6691e-01, -4.6237e-02, -1.0000e+00, +5.7217e-02, +1.4361e-01, -6.4400e-02, +5.7491e-02, +4.3120e-02, +1.1461e-01, -2.3293e-02, -2.7578e-02, +3.9108e-02, +9.1750e-02, -1.6033e-02, +1.5268e-01, +3.5261e-02, +4.4888e-02, +4.0743e-02, +1.6958e-01, +1.0539e-01, +1.5654e-02, -1.7162e-01, -1.6729e-01, -1.4440e-01, -9.9051e-02, -2.6911e-02, -7.0964e-03, +5.5663e-02, +3.5331e-01, +2.7284e-02, +1.0818e-02, -5.4218e-02, -3.9451e-02, -2.8074e-02, +9.1941e-02, +6.3404e-02, -7.6789e-03
+4.2461e-02, +2.2025e-02, +1.8559e-02, -8.3775e-02, -2.6114e-02, -7.8517e-02, +3.1086e-03, +2.2658e-03, +3.1557e-03, +7.7284e-02, -3.7168e-02, -3.5816e-02, -7.8287e-02, +3.8087e-02, -2.8654e-02, +5.7217e-02, -1.0000e+00, -2.8440e-02, -9.7891e-02, -2.2338e-02, +3.8420e-02, +9.4219e-02, +3.9074e-02, +4.6818e-02, +6.0982e-02, -2.7707e-02, +6.5259e-02, +1.0485e-02, -6.1275e-02, +1.2601e-02, +3.3253e-02, -1.7654e-01, +6.5055e-02, +3.1074e-02, -4.1545e-02, +1.0370e-01, +2.8217e-02, +2.1340e-03, +5.4133e-03, -1.4527e-02, +3.7314e-02, +1.4712e-02, -7.3310e-02, +2.2566e-02, +3.1303e-02, -1.0587e-02, +4.7659e-05, +2.7092e-02, -2.6524e-02, -7.1734e-02
-8.3075e-02, -6.8244e-02, +4.9069e-02, -1.1192e-01, -2.8248e-02, +2.3176e-02, +4.4327e-03, -4.5677e-02, +1.6370e-02, +1.0316e-01, -1.6067e-01, -2.1182e-01, -1.5063e-01, -3.1751e-02, -1.4293e-01, +1.4361e-01, -2.8440e-02, -1.0000e+00, +7.2034e-02, -6.3125e-02, -4.5388e-02, -3.2896e-02, +3.6001e-01, +6.4157e-02, -1.9004e-02, -1.6217e-01, -3.9447e-02, -1.7400e-02, -8.1698e-02, -5.1381e-02, -1.5842e-01, -1.2968e-01, +2.3574e-02, +2.1209e-02, +1.1819e-01, +5.2698e-02, -1.5670e-02, -6.0044e-02, +6.0655e-02, -8.4223e-02, -1.6896e-01, -3.5274e-02, +1.6871e-02, +3.0859e-02, -9.1802e-02, -7.5550e-02, -2.4428e-02, +1.0970e-01, -1.1668e-01, +7.9079e-02
-3.2575e-02, -3.2126e-02, -1.3428e-02, -8.2529e-02, -1.6116e-01, -2.0477e-01, -1.4678e-01, -1.8935e-01, -1.4811e-02, +1.0369e-01, -1.1700e-01, -3.8150e-02, -1.0847e-01, -1.8319e-01, -1.4721e-01, -6.4400e-02, -9.7891e-02, +7.2034e-02, -1.0000e+00, -4.4827e-02, -4.9904e-02, +2.2771e-02, +1.4598e-01, +3.0253e-02, +5.4084e-02, -5.3129e-02, +3.4463e-02, -1.0907e-01, +2.0537e-02, -9.1355e-02, -1.5185e-01, +2.2192e-01, -4.5110e-02, -1.1316e-01, +1.3103e-02, -1.7342e-01, +8.2180e-02, -1.3111e-01, -8.9976e-02, +9.4971e-02, -6.2452e-03, +8.8765e-03, +8.4486e-03, -1.3264e-01, -1.4972e-01, -1.7138e-01, -2.0466e-01, +9.3250e-02, -3.6147e-02, +9.8489e-03
+9.4956e-02, +4.0336e-02, -9.6966e-02, +2.6645e-02, -7.3886e-02, -1.1673e-01, +5.3715e-02, -1.0756e-02, +6.4398e-02, +7.2416e-02, -1.4224e-01, +2.9043e-02, -6.2425e-02, +1.1438e-02, -1.8997e-01, +5.7491e-02, -2.2338e-02, -6.3125e-02, -4.4827e-02, -1.0000e+00, -9.7571e-02, -5.1028e-02, -7.2901e-02, -8.6117e-02, +2.7394e-02, -2.2995e-03, -8.4441e-02, -6.1840e-02, -5.6832e-02, -7.2870e-02, -1.0725e-01, -3.0800e-02, -7.1851e-02, +5.5776e-02, -2.8586e-02, +4.3706e-02, +1.1124e-01, -2.4901e-02, -9.5539e-02, -1.1275e-01, -1.4162e-01, -6.7039e-02, -8.3773e-02, -5.1400e-03, -1.0513e-01, +8.5597e-02, -1.1992e-02, +2.1345e-01, +9.0368e-03, +2.1337e-02
+5.3972e-02, +2.1496e-02, +5.8137e-02, -3.6651e-02, -5.6681e-02, -8.9770e-02, +4.1181e-02, +6.2050e-02, +4.2043e-03, -4.5106e-02, +9.7817e-03, -3.9472e-02, +4.1409e-02, +1.7371e-02, -3.1504e-02, +4.3120e-02, +3.8420e-02, -4.5388e-02, -4.9903e-02, -9.7571e-02, -1.0000e+00, -6.0991e-02, -1.6992e-01, +1.6819e-03, +3.0487e-03, -4.8614e-02, +5.3130e-03, +6.1104e-03, -1.0161e-02, -1.9883e-02, -2.8202e-02, +2.9038e-02, -5.8409e-02, -9.8086e-03, +1.3141e-02, -8.7549e-03, +1.0792e-01, -2.3365e-02, -5.4140e-02, -3.7512e-02, -8.9335e-02, +1.0573e-01, -5.6393e-02, -2.4607e-01, -1.8557e-02, -5.3599e-02, -4.7009e-02, +9.4106e-02, +1.0999e-02, +5.1672e-02
+2.5066e-02, +9.7134e-02, -2.4626e-02, -2.7283e-02, -3.7127e-02, +1.5290e-02, +1.5900e-02, -7.9191e-02, -1.8589e-02, -3.3596e-02, -2.1900e-02, -5.5140e-03, +1.9137e-03, +4.8589e-02, +5.6258e-02, +1.1461e-01, +9.4219e-02, -3.2896e-02, +2.2771e-02, -5.1028e-02, -6.0992e-02, -1.0000e+00, -3.7606e-02, -2.1516e-03, -2.1089e-03, -4.2410e-02, +5.1098e-02, +2.8008e-03, -2.0048e-03, +5.7292e-02, -2.3612e-02, +1.2984e-02, -2.4147e-02, -6.0933e-02, +4.3362e-02, +9.8649e-04, -1.1906e-02, +1.3393e-02, -5.3362e-02, -6.8821e-02, -4.0421e-02, +3.1614e-02, -9.9117e-02, +1.9183e-02, -3.7011e-02, +1.8663e-02, +3.1869e-02, +2.2862e-02, +1.2603e-01, -5.4572e-02
-3.7521e-02, +2.1323e-01, +3.6511e-02, +1.1147e-01, +1.8526e-01, -8.2602e-03, +1.4948e-01, +2.4421e-01, -8.3142e-02, +1.5012e-01, +3.6144e-01, +3.4238e-01, +2.6301e-01, +1.5231e-01, +9.1567e-02, -2.3293e-02, +3.9074e-02, +3.6001e-01, +1.4598e-01, -7.2901e-02, -1.6992e-01, -3.7606e-02, -1.0000e+00, -3.5213e-02, +3.7138e-02, +1.5996e-01, +1.9741e-01, +2.0106e-01, +1.1898e-01, -3.3297e-03, +1.8003e-01, -3.1486e-02, +9.3843e-03, +4.5717e-02, -2.2521e-01, -6.5357e-02, +1.2258e-01, +7.7739e-02, +1.2349e-01, +6.4155e-02, -1.8194e-02, +5.0066e-02, -6.2898e-02, -1.6041e-01, +1.9143e-01, +3.6611e-02, +1.2424e-01, +3.6436e-03, +1.8775e-01, -4.0661e-03
+1.6980e-02, +1.0027e-01, -3.6998e-02, +1.8215e-02, -1.4829e-01, +1.9023e-02, -2.4461e-02, +8.6226e-02, +8.4976e-02, -2.2752e-01, +1.1038e-01, +1.5018e-01, -3.7904e-02, -1.1408e-01, -2.0159e-02, -2.7578e-02, +4.6818e-02, +6.4157e-02, +3.0253e-02, -8.6117e-02, +1.6819e-03, -2.1516e-03, -3.5213e-02, -1.0000e+00, +4.0326e-02, -9.7844e-02, -1.3967e-01, +3.7709e-02, -1.4204e-02, -1.2386e-01, -1.6702e-01, +2.5725e-02, +7.3333e-03, -2.5485e-02, -3.7088e-02, -7.0667e-02, -1.5317e-02, -5.9797e-02, -1.4375e-01, +1.7497e-02, -3.4962e-02, +1.7014e-03, +2.1250e-02, -3.0429e-02, -1.6906e-01, -2.4049e-02, -4.4421e-02, +1.5565e-01, -8.0880e-03, +2.5890e-02
-6.2856e-02, +5.2439e-02, -5.5393e-02, -8.3562e-02, -8.6062e-02, -2.7158e-02, -3.9567e-02, -2.2440e-02, -8.1452e-02, +1.0312e-03, -2.8635e-02, +6.5424e-02, -4.4372e-02, -3.6310e-02, -8.0598e-02, +3.9108e-02, +6.0982e-02, -1.9004e-02, +5.4084e-02, +2.7394e-02, +3.0488e-03, -2.1089e-03, +3.7138e-02, +4.0326e-02, -1.0000e+00, -5.3640e-02, -1.0921e-01, +1.9133e-02, -1.4805e-02, +6.4925e-03, -2.6256e-02, -2.3833e-03, -2.8652e-02, +5.9497e-02, +7.6474e-02, -4.8594e-02, -1.6517e-02, -1.1213e-01, -1.4433e-02, +2.3183e-02, +4.8393e-03, -4.6546e-02, -3.6922e-03, -3.7795e-02, -6.9968e-02, +3.8317e-03, -1.2078e-01, +2.2678e-02, -4.0138e-02, -8.0921e-03
-2.2366e-02, +1.7808e-01, -1.1348e-01, -1.9003e-01, +1.7914e-02, -7.1330e-02, -9.0620e-02, -9.9723e-02, +1.6556e-01, +8.7762e-02, -9.2721e-02, -6.2781e-02, -3.0681e-01, -6.7511e-02, +4.3510e-02, +9.1750e-02, -2.7707e-02, -1.6217e-01, -5.3129e-02, -2.2995e-03, -4.8614e-02, -4.2410e-02, +1.5996e-01, -9.7844e-02, -5.3640e-02, -1.0000e+00, -8.8424e-02, +3.1851e-02, -1.0052e-01, -6.3951e-02, -3.0521e-02, -4.3285e-02, +8.1866e-02, +9.1061e-02, +6.9243e-02, -1.2101e-02, -5.9392e-02, +1.5803e-01, -1.6192e-02, +2.1920e-02, -1.4060e-01, +1.9821e-02, +1.6420e-02, -4.8261e-02, -2.2198e-01, -1.0452e-01, +1.7298e-02, +8.4974e-02, -7.9400e-02, +1.1944e-01
+3.6387e-02, -1.3557e-01, -1.0951e-01, -1.2347e-02, -2.0975e-01, -1.0972e-01, -6.1768e-02, -8.7874e-02, -3.5496e-02, +1.3526e-01, -8.9680e-02, -1.0173e-01, -6.9640e-02, -1.7872e-01, -1.6306e-01, -1.6033e-02, +6.5259e-02, -3.9447e-02, +3.4463e-02, -8.4441e-02, +5.3130e-03, +5.1098e-02, +1.9741e-01, -1.3967e-01, -1.0921e-01, -8.8424e-02, -1.0000e+00, -1.5888e-01, -1.7794e-01, -2.1778e-02, -9.6786e-02, +6.6580e-02, -1.3195e-02, -9.8324e-02, +4.6344e-02, -1.3481e-01, -2.7744e-02, -1.6369e-01, -1.3509e-01, +7.9521e-03, -1.0064e-02, +3.1913e-03, +1.9380e-02, -3.1322e-02, -1.6238e-01, -5.3895e-02, -2.2551e-01, +1.4433e-01, -3.3445e-02, +6.6857e-02
-8.1160e-02, -1.4391e-01, -1.2088e-01, -1.3671e-01, -1.1031e-01, -6.8024e-02, -9.8353e-03, -1.3485e-01, +5.1480e-03, +1.3764e-01, -1.7729e-01, -1.5219e-01, +3.1681e-02, -8.6425e-02, -5.8259e-02, +1.5268e-01, +1.0485e-02, -1.7400e-02, -1.0907e-01, -6.1840e-02, +6.1104e-03, +2.8008e-03, +2.0106e-01, +3.7709e-02, +1.9133e-02, +3.1851e-02, -1.5888e-01, -1.0000e+00, -6.7620e-02, +1.5967e-02, -1.4027e-01, +1.4489e-02, -6.2536e-02, -4.5331e-02, +8.5240e-02, -8.5069e-02, -2.4277e-02, -9.4485e-02, -1.7248e-01, +3.0551e-02, -4.8047e-02, -7.2999e-02, -2.3116e-02, +1.6473e-02, -3.6151e-02, +3.6307e-03, -1.8104e-01, +2.1219e-01, +5.1027e-02, +2.3728e-02
-3.9850e-02, -2.9324e-02, -1.4447e-03, -1.4050e-01, -9.5362e-02, -1.3391e-01, +4.1632e-02, -6.6590e-02, +8.0947e-02, +1.1844e-01, -1.9387e-01, -1.1444e-01, -5.2129e-02, +4.8691e-02, -1.7395e-01, +3.5261e-02, -6.1275e-02, -8.1698e-02, +2.0537e-02, -5.6832e-02, -1.0161e-02, -2.0048e-03, +1.1898e-01, -1.4204e-02, -1.4805e-02, -1.0052e-01, -1.7794e-01, -6.7620e-02, -1.0000e+00, -6.5710e-02, -1.8747e-01, -4.4662e-03, -6.5687e-02, +6.4803e-02, -3.1973e-02, -8.5254e-02, +3.8738e-02, -1.5599e-01, -3.8308e-02, -1.7405e-02, -2.4050e-02, -3.3436e-02, -6.2548e-04, +2.7247e-02, -1.3121e-01, -6.8736e-02, -1.2417e-01, +2.3528e-01, -2.6645e-02, +6.7127e-02
-1.1295e-01, +1.3136e-01, -5.3640e-02, -1.4734e-02, -1.6295e-01, -5.5682e-02, -1.0590e-01, -7.9570e-02, -7.0823e-02, -2.4208e-02, -9.2447e-02, +3.8059e-02, -5.9778e-02, -2.0854e-01, +2.5428e-02, +4.4888e-02, +1.2601e-02, -5.1381e-02, -9.1355e-02, -7.2870e-02, -1.9883e-02, +5.7292e-02, -3.3297e-03, -1.2386e-01, +6.4925e-03, -6.3951e-02, -2.1778e-02, +1.5967e-02, -6.5710e-02, -1.0000e+00, -1.1348e-01, +1.0240e-02, +4.7561e-02, -3.6467e-04, +9.3252e-02, +3.7330e-02, +3.1608e-02, -3.5622e-02, -1.5492e-01, -1.0983e-02, -3.0817e-02, -1.2863e-02, +6.5735e-02, -4.9689e-02, -1.6763e-01, -6.6334e-02, -6.2718e-02, +1.8433e-01, +2.6124e-02, +9.1491e-02
-1.4974e-01, -3.2598e-02, +9.0311e-03, -1.3241e-01, -2.2537e-01, -1.9670e-01, -6.3680e-03, -4.8868e-02, +3.1439e-02, +2.6448e-02, -2.4313e-01, -1.4027e-01, -7.8184e-02, -1.7116e-01, -2.0599e-01, +4.0743e-02, +3.3253e-02, -1.5842e-01, -1.5185e-01, -1.0725e-01, -2.8202e-02, -2.3612e-02, +1.8003e-01, -1.6702e-01, -2.6256e-02, -3.0521e-02, -9.6786e-02, -1.4027e-01, -1.8747e-01, -1.1348e-01, -1.0000e+00, +4.5156e-02, -5.2705e-02, -1.7287e-02, -1.3821e-02, -2.0535e-01, +9.8309e-02, -2.2115e-01, -1.8776e-01, -6.2616e-02, -2.6073e-01, -4.4096e-02, +3.4810e-02, -3.3631e-02, -1.6684e-01, -1.6526e-01, -2.6205e-01, +4.5575e-01, -5.8588e-02, +3.0533e-02
-8.9768e-02, +4.0899e-02, +6.7273e-02, -4.8745e-02, +1.3000e-01, +9.4817e-02, +4.2128e-02, +2.3060e-01, +8.6725e-02, -9.3611e-03, +5.1194e-03, +1.3432e-02, +1.0122e-01, +1.9979e-01, -4.8616e-02, +1.6958e-01, -1.7654e-01, -1.2968e-01, +2.2192e-01, -3.0800e-02, +2.9038e-02, +1.2984e-02, -3.1486e-02, +2.5725e-02, -2.3833e-03, -4.3285e-02, +6.6580e-02, +1.4489e-02, -4.4663e-03, +1.0240e-02, +4.5156e-02, -1.0000e+00, +2.4041e-01, +6.4091e-02, +4.3538e-02, +4.3548e-01, +1.1288e-01, +1.4468e-01, +6.3866e-02, -8.2026e-02, -1.2030e-01, -1.8257e-01, +1.0707e-01, +2.3383e-01, +2.6744e-01, +1.4580e-01, +1.5594e-01, +1.7833e-01, -7.4918e-02, +4.3086e-02
+1.1517e-01, -7.3032e-03, -3.5538e-02, -6.6230e-02, -1.0771e-01, -8.7996e-02, -2.2557e-02, -1.2861e-01, -7.1909e-02, +6.4932e-03, -4.6081e-02, +4.4843e-03, +4.3349e-02, -8.0065e-02, -8.5706e-02, +1.0539e-01, +6.5055e-02, +2.3574e-02, -4.5110e-02, -7.1851e-02, -5.8409e-02, -2.4147e-02, +9.3843e-03, +7.3333e-03, -2.8652e-02, +8.1866e-02, -1.3195e-02, -6.2536e-02, -6.5687e-02, +4.7561e-02, -5.2705e-02, +2.4041e-01, -1.0000e+00, +8.4107e-03, +3.6789e-02, -5.6181e-02, +2.0058e-02, -9.4358e-02, -6.5921e-02, -3.4002e-02, +1.8152e-02, -3.4143e-02, -5.0425e-02, -5.8238e-02, -8.5929e-02, -6.1340e-03, -6.8465e-02, +1.6604e-02, +8.3564e-02, -2.6624e-02
+4.8127e-02, -6.9997e-02, -3.8351e-02, +2.3605e-02, +1.2870e-02, -4.0776e-02, -2.1066e-02, -3.6309e-02, -2.1738e-02, -1.5950e-02, -3.9905e-04, +5.9928e-02, +6.0675e-02, -4.5113e-02, -4.2861e-02, +1.5654e-02, +3.1074e-02, +2.1209e-02, -1.1316e-01, +5.5776e-02, -9.8086e-03, -6.0933e-02, +4.5717e-02, -2.5485e-02, +5.9497e-02, +9.1061e-02, -9.8324e-02, -4.5331e-02, +6.4803e-02, -3.6467e-04, -1.7287e-02, +6.4091e-02, +8.4107e-03, -1.0000e+00, +3.5730e-02, -2.8363e-02, +1.1982e-01, +1.4396e-02, -5.2594e-02, +5.8151e-02, +2.7584e-03, -6.9368e-02, +1.9734e-02, -1.1813e-02, -1.4613e-03, -4.2971e-02, -7.9627e-02, -5.8050e-02, -1.4632e-02, -2.2737e-02
-6.1597e-02, +9.3428e-02, -4.9374e-02, -1.8924e-02, -1.0393e-02, -1.4266e-01, +4.1182e-02, +6.9152e-02, -1.2743e-02, +1.7330e-02, +5.4932e-02, -2.1057e-02, +1.1169e-01, -3.7926e-02, -1.5477e-01, -1.7162e-01, -4.1545e-02, +1.1819e-01, +1.3103e-02, -2.8586e-02, +1.3141e-02, +4.3362e-02, -2.2521e-01, -3.7088e-02, +7.6474e-02, +6.9243e-02, +4.6344e-02, +8.5240e-02, -3.1973e-02, +9.3252e-02, -1.3821e-02, +4.3538e-02, +3.6789e-02, +3.5730e-02, -1.0000e+00, -1.7869e-01, -6.9685e-03, -3.6947e-02, +1.8092e-01, -8.9728e-03, -6.3492e-02, +5.3863e-02, +2.9837e-03, +4.8958e-02, +2.6417e-02, -1.9356e-02, +2.3042e-02, +1.7543e-01, +6.1458e-02, -2.5421e-02
+4.6265e-02, -1.0599e-01, -7.3746e-02, -4.8448e-02, -1.0301e-01, -2.0560e-01, +1.1804e-03, -1.0103e-01, -8.5656e-02, -7.1881e-02, -5.1235e-02, -8.7774e-02, +3.1213e-02, -1.3380e-01, -1.1822e-01, -1.6729e-01, +1.0370e-01, +5.2698e-02, -1.7342e-01, +4.3706e-02, -8.7549e-03, +9.8650e-04, -6.5357e-02, -7.0667e-02, -4.8594e-02, -1.2101e-02, -1.3481e-01, -8.5069e-02, -8.5254e-02, +3.7330e-02, -2.0535e-01, +4.3548e-01, -5.6181e-02, -2.8363e-02, -1.7869e-01, -1.0000e+00, -1.0655e-02, -1.5008e-01, -1.3643e-01, +1.2820e-01, -1.0173e-01, -8.6022e-02, -2.8911e-02, -1.2040e-01, -1.8578e-01, -1.0856e-01, -3.7913e-01, +2.5204e-01, -8.6351e-02, +1.4911e-01
+4.3890e-02, -1.0672e-02, -1.4459e-01, +4.1052e-02, +1.2382e-02, +7.0555e-02, +6.2013e-02, -4.6320e-02, -5.4133e-02, -4.0940e-02, -2.9619e-02, -3.4928e-02, +2.9786e-03, -8.8449e-02, +5.7498e-02, -1.4440e-01, +2.8217e-02, -1.5670e-02, +8.2180e-02, +1.1124e-01, +1.0792e-01, -1.1906e-02, +1.2258e-01, -1.5317e-02, -1.6517e-02, -5.9392e-02, -2.7744e-02, -2.4277e-02, +3.8738e-02, +3.1608e-02, +9.8309e-02, +1.1288e-01, +2.0058e-02, +1.1982e-01, -6.9685e-03, -1.0655e-02, -1.0000e+00, +4.2329e-02, -9.5063e-02, +3.9360e-02, +1.5854e-01, +7.3049e-02, -2.4006e-02, +6.3079e-02, +3.9204e-02, +9.9127e-03, +1.6305e-02, +4.3735e-02, +4.3074e-02, -2.5530e-02
-9.1116e-02, -1.5700e-01, +6.0597e-02, +3.8010e-02, -1.0317e-01, -1.0011e-01, -2.8939e-03, -7.0335e-02, -1.0865e-01, +5.7378e-02, -1.1506e-01, -6.3389e-02, -6.3313e-03, -5.8318e-02, -1.6864e-01, -9.9051e-02, +2.1340e-03, -6.0044e-02, -1.3111e-01, -2.4901e-02, -2.3365e-02, +1.3393e-02, +7.7739e-02, -5.9797e-02, -1.1213e-01, +1.5803e-01, -1.6369e-01, -9.4485e-02, -1.5599e-01, -3.5622e-02, -2.2115e-01, +1.4468e-01, -9.4358e-02, +1.4396e-02, -3.6947e-02, -1.5008e-01, +4.2329e-02, -1.0000e+00, -1.5958e-01, -5.1229e-02, -3.7911e-02, +4.1300e-02, +7.1381e-03, -5.5975e-02, -5.3324e-02, -4.1432e-02, -2.2581e-01, +1.5930e-01, +5.8417e-02, -6.7190e-03
-9.5923e-04, -2.3553e-02, -9.0248e-02, -3.2176e-02, -1.0919e-01, -1.1443e-01, +1.9050e-02, -6.1870e-02, -1.5319e-02, +4.8173e-02, -1.5673e-01, -7.5595e-02, -7.3384e-02, -1.8074e-01, -7.0036e-02, -2.6911e-02, +5.4133e-03, +6.0655e-02, -8.9976e-02, -9.5539e-02, -5.4140e-02, -5.3362e-02, +1.2349e-01, -1.4375e-01, -1.4433e-02, -1.6192e-02, -1.3509e-01, -1.7248e-01, -3.8308e-02, -1.5492e-01, -1.8776e-01, +6.3866e-02, -6.5921e-02, -5.2594e-02, +1.8092e-01, -1.3643e-01, -9.5063e-02, -1.5958e-01, -1.0000e+00, +2.7372e-02, +8.2241e-02, -1.5613e-02, +1.2215e-03, -4.8058e-02, -1.4941e-01, -9.7711e-02, -3.1204e-01, +2.9561e-01, +3.1228e-02, -1.2748e-02
-1.1345e-02, +2.2897e-02, +3.7385e-02, -8.2869e-02, +5.4479e-02, +1.4904e-02, +3.2988e-02, -6.3542e-02, +1.2289e-02, +5.6351e-02, +2.8153e-02, -1.4062e-01, +5.1070e-02, -1.9930e-02, -6.0564e-04, -7.0964e-03, -1.4527e-02, -8.4223e-02, +9.4971e-02, -1.1275e-01, -3.7512e-02, -6.8821e-02, +6.4155e-02, +1.7497e-02, +2.3183e-02, +2.1920e-02, +7.9521e-03, +3.0551e-02, -1.7405e-02, -1.0983e-02, -6.2616e-02, -8.2026e-02, -3.4002e-02, +5.8151e-02, -8.9728e-03, +1.2820e-01, +3.9360e-02, -5.1229e-02, +2.7372e-02, -1.0000e+00, -6.2464e-02, +1.4995e-02, +2.7847e-02, +2.2110e-02, +4.2391e-02, +5.4674e-02, -1.8364e-02, +6.0363e-02, +2.5857e-02, -2.4734e-02
-1.3389e-01, -6.8411e-02, +1.0271e-01, -9.5743e-02, -5.5875e-02, -7.7585e-02, -1.5237e-02, +4.9342e-02, -2.2576e-02, +1.3685e-01, -8.4218e-02, -2.0771e-02, -5.7235e-02, -4.1585e-02, -1.3920e-01, +5.5663e-02, +3.7314e-02, -1.6896e-01, -6.2452e-03, -1.4162e-01, -8.9335e-02, -4.0421e-02, -1.8194e-02, -3.4962e-02, +4.8393e-03, -1.4060e-01, -1.0064e-02, -4.8047e-02, -2.4050e-02, -3.0817e-02, -2.6073e-01, -1.2030e-01, +1.8152e-02, +2.7584e-03, -6.3492e-02, -1.0173e-01, +1.5854e-01, -3.7911e-02, +8.2241e-02, -6.2464e-02, -1.0000e+00, -4.5617e-02, +4.7790e-02, -4.4114e-02, -1.0686e-02, +9.1849e-03, -1.1015e-01, +2.0196e-01, -9.1182e-02, +1.3447e-01
-2.8286e-02, -1.9750e-02, +5.8565e-02, -6.0525e-02, +3.5054e-02, +7.3011e-02, +3.2916e-02, -1.0175e-01, +2.7668e-02, -3.5966e-02, +2.2062e-02, +4.2432e-01, +1.3913e-01, +4.8058e-02, +2.4281e-02, +3.5331e-01, +1.4712e-02, -3.5274e-02, +8.8765e-03, -6.7039e-02, +1.0573e-01, +3.1614e-02, +5.0066e-02, +1.7014e-03, -4.6546e-02, +1.9821e-02, +3.1913e-03, -7.2999e-02, -3.3436e-02, -1.2863e-02, -4.4096e-02, -1.8257e-01, -3.4143e-02, -6.9367e-02, +5.3863e-02, -8.6022e-02, +7.3049e-02, +4.1300e-02, -1.5613e-02, +1.4995e-02, -4.5617e-02, -1.0000e+00, +7.9614e-02, +1.0856e-01, +1.1941e-01, -2.5422e-03, -4.1843e-02, +3.2172e-02, -2.5053e-01, +7.8447e-03
+5.3493e-02, +7.2606e-02, -2.1992e-02, -5.4307e-03, -2.5863e-02, -5.7096e-03, +1.1025e-02, -4.0949e-02, +9.2334e-03, -1.9128e-02, +5.0687e-02, -2.1268e-02, +7.9598e-02, +6.1598e-02, -1.7485e-03, +2.7284e-02, -7.3310e-02, +1.6871e-02, +8.4486e-03, -8.3773e-02, -5.6393e-02, -9.9117e-02, -6.2898e-02, +2.1250e-02, -3.6922e-03, +1.6420e-02, +1.9380e-02, -2.3116e-02, -6.2548e-04, +6.5735e-02, +3.4810e-02, +1.0707e-01, -5.0425e-02, +1.9734e-02, +2.9837e-03, -2.8911e-02, -2.4006e-02, +7.1381e-03, +1.2215e-03, +2.7847e-02, +4.7790e-02, +7.9614e-02, -1.0000e+00, -4.9745e-02, -9.7284e-02, +6.6275e-03, +1.3461e-02, -1.1883e-02, +3.6846e-02, +2.5137e-02
+6.1542e-02, +8.8932e-02, +9.7073e-03, +5.4830e-02, -1.0048e-01, -1.3645e-01, -3.3815e-02, -1.3024e-02, +9.6083e-03, +4.8560e-03, -2.0356e-02, +1.1582e-01, -6.5997e-02, -7.8038e-02, +1.7593e-02, +1.0818e-02, +2.2566e-02, +3.0859e-02, -1.3264e-01, -5.1400e-03, -2.4607e-01, +1.9183e-02, -1.6041e-01, -3.0429e-02, -3.7795e-02, -4.8261e-02, -3.1322e-02, +1.6473e-02, +2.7247e-02, -4.9689e-02, -3.3631e-02, +2.3383e-01, -5.8238e-02, -1.1813e-02, +4.8958e-02, -1.2040e-01, +6.3079e-02, -5.5975e-02, -4.8058e-02, +2.2110e-02, -4.4114e-02, +1.0856e-01, -4.9745e-02, -1.0000e+00, -9.7231e-02, -8.9300e-02, -1.1359e-01, -2.8135e-02, +4.6965e-02, +4.4934e-02
-5.6784e-02, +2.2003e-01, -1.6540e-01, -1.7490e-02, -1.9622e-01, -1.4994e-01, -7.3104e-02, -1.1882e-01, -3.1043e-02, +4.4064e-02, -1.2514e-01, -9.9468e-02, -3.3331e-01, -1.9318e-01, -9.3040e-02, -5.4218e-02, +3.1303e-02, -9.1802e-02, -1.4972e-01, -1.0513e-01, -1.8557e-02, -3.7011e-02, +1.9143e-01, -1.6906e-01, -6.9968e-02, -2.2198e-01, -1.6238e-01, -3.6151e-02, -1.3121e-01, -1.6763e-01, -1.6684e-01, +2.6744e-01, -8.5929e-02, -1.4613e-03, +2.6417e-02, -1.8578e-01, +3.9204e-02, -5.3324e-02, -1.4941e-01, +4.2391e-02, -1.0686e-02, +1.1941e-01, -9.7284e-02, -9.7231e-02, -1.0000e+00, -1.2598e-01, -1.3066e-01, +1.9311e-01, -1.0795e-02, +1.0798e-02
-1.3003e-01, +4.5855e-02, -7.9818e-02, -7.3605e-02, -1.0132e-01, -8.2597e-02, -1.1861e-01, -2.2480e-02, +1.3298e-03, +1.2958e-01, -4.3731e-02, -7.4860e-02, -3.5887e-02, -9.0760e-02, -7.7426e-02, -3.9451e-02, -1.0587e-02, -7.5550e-02, -1.7138e-01, +8.5597e-02, -5.3599e-02, +1.8663e-02, +3.6611e-02, -2.4049e-02, +3.8317e-03, -1.0452e-01, -5.3895e-02, +3.6307e-03, -6.8736e-02, -6.6334e-02, -1.6526e-01, +1.4580e-01, -6.1341e-03, -4.2971e-02, -1.9356e-02, -1.0856e-01, +9.9127e-03, -4.1432e-02, -9.7711e-02, +5.4674e-02, +9.1849e-03, -2.5422e-03, +6.6275e-03, -8.9300e-02, -1.2598e-01, -1.0000e+00, -2.4493e-01, +1.7139e-01, -3.5531e-02, -2.1614e-02
-7.2551e-02, -2.4418e-01, -2.2636e-02, -1.3603e-01, -1.6149e-01, -3.1149e-01, -1.2955e-01, -3.0932e-02, -1.0600e-01, +1.8029e-01, -1.8914e-01, -4.8351e-02, -7.9341e-02, -6.2319e-02, -1.3986e-01, -2.8074e-02, +4.7657e-05, -2.4428e-02, -2.0466e-01, -1.1992e-02, -4.7009e-02, +3.1869e-02, +1.2424e-01, -4.4421e-02, -1.2078e-01, +1.7298e-02, -2.2551e-01, -1.8104e-01, -1.2417e-01, -6.2718e-02, -2.6205e-01, +1.5594e-01, -6.8465e-02, -7.9627e-02, +2.3042e-02, -3.7913e-01, +1.6305e-02, -2.2581e-01, -3.1204e-01, -1.8364e-02, -1.1015e-01, -4.1843e-02, +1.3461e-02, -1.1359e-01, -1.3066e-01, -2.4493e-01, -1.0000e+00, +2.4396e-01, -6.2914e-03, +3.5423e-02
+2.3719e-01, -8.1977e-02, +2.0703e-01, +1.1983e-01, +2.9944e-01, +2.3829e-01, -5.0758e-02, +1.1525e-01, +4.2865e-02, +1.3360e-02, +2.6557e-01, +4.5640e-01, -5.3994e-02, +1.4388e-01, +4.0621e-01, +9.1941e-02, +2.7092e-02, +1.0970e-01, +9.3250e-02, +2.1345e-01, +9.4106e-02, +2.2862e-02, +3.6436e-03, +1.5565e-01, +2.2678e-02, +8.4974e-02, +1.4433e-01, +2.1219e-01, +2.3528e-01, +1.8433e-01, +4.5575e-01, +1.7833e-01, +1.6604e-02, -5.8050e-02, +1.7543e-01, +2.5204e-01, +4.3735e-02, +1.5930e-01, +2.9561e-01, +6.0363e-02, +2.0196e-01, +3.2172e-02, -1.1883e-02, -2.8135e-02, +1.9311e-01, +1.7139e-01, +2.4396e-01, -1.0000e+00, +9.0514e-03, -1.7831e-02
+6.4991e-02, -5.3078e-02, +7.2505e-02, -9.2377e-02, -7.1646e-02, +3.2827e-02, -7.8693e-02, -2.9018e-03, +2.8122e-02, +7.7645e-03, -2.7645e-02, +2.9430e-03, -8.3327e-02, +1.5204e-01, -9.6545e-02, +6.3404e-02, -2.6524e-02, -1.1668e-01, -3.6147e-02, +9.0367e-03, +1.0999e-02, +1.2603e-01, +1.8775e-01, -8.0880e-03, -4.0138e-02, -7.9400e-02, -3.3445e-02, +5.1027e-02, -2.6645e-02, +2.6124e-02, -5.8588e-02, -7.4918e-02, +8.3564e-02, -1.4632e-02, +6.1458e-02, -8.6351e-02, +4.3074e-02, +5.8417e-02, +3.1228e-02, +2.5857e-02, -9.1182e-02, -2.5053e-01, +3.6846e-02, +4.6965e-02, -1.0795e-02, -3.5531e-02, -6.2914e-03, +9.0514e-03, -1.0000e+00, -2.5398e-02
+3.0092e-02, +2.9811e-02, +6.5188e-02, -3.4184e-03, +3.2205e-02, +1.1184e-01, +1.0751e-01, +2.4773e-02, -1.0198e-02, +2.7702e-03, +4.0934e-02, -3.7438e-02, -4.4150e-03, -1.8826e-02, +5.5582e-02, -7.6789e-03, -7.1734e-02, +7.9079e-02, +9.8489e-03, +2.1337e-02, +5.1672e-02, -5.4572e-02, -4.0661e-03, +2.5890e-02, -8.0921e-03, +1.1944e-01, +6.6857e-02, +2.3728e-02, +6.7127e-02, +9.1491e-02, +3.0533e-02, +4.3086e-02, -2.6624e-02, -2.2737e-02, -2.5421e-02, +1.4911e-01, -2.5530e-02, -6.7190e-03, -1.2748e-02, -2.4734e-02, +1.3447e-01, +7.8447e-03, +2.5137e-02, +4.4934e-02, +1.0798e-02, -2.1614e-02, +3.5423e-02, -1.7831e-02, -2.5398e-02, -1.0000e+00
