-1.0000e+00, +4.0798e-02, +9.2528e-02, -1.3701e-01, -1.2135e-02, -1.7414e-01, +1.6872e-02, -9.4387e-02, -1.4754e-01, +2.1520e-02, -1.3734e-01, +4.3588e-02, +8.6137e-02, -4.8986e-02, -1.1216e-01, +5.5458e-02, +3.3139e-03, -1.6290e-01, -1.2846e-01, -5.2271e-03, +1.2125e-02, -1.4628e-02, +1.0381e-02, -3.2848e-02, -1.0175e-01, -2.2556e-02, -1.2623e-01, -2.5736e-01, -1.3848e-01, -3.4143e-02, -1.5137e-01, +6.3803e-02, -3.0278e-02, -3.0041e-02, +1.4947e-02, +5.3392e-03, +1.0658e-01, -8.2241e-02, -1.1447e-01, +6.7731e-02, -7.1821e-02, +1.4118e-01, +1.0898e-02, -5.0718e-03, -1.0285e-02, -1.5505e-01, -3.4490e-01, +3.2667e-01, -1.7797e-02, -1.6748e-02
+4.0798e-02, -1.0000e+00, -1.0558e-01, -3.9746e-02, -1.9899e-03, +7.3309e-02, +8.8102e-02, -4.6339e-02, -7.4067e-03, +2.9041e-02, +7.8173e-02, -8.1513e-03, +3.2920e-02, -9.9557e-02, -2.4300e-03, +4.0278e-02, -5.3953e-03, +3.8418e-02, +1.5986e-02, +6.6682e-02, +5.4542e-03, +1.7208e-01, +5.9034e-02, +1.3252e-01, -2.0881e-02, +4.6980e-02, +9.4957e-02, -2.4547e-03, +4.6157e-02, -3.0454e-02, +3.1375e-03, -5.3351e-04, +1.0980e-01, +6.2191e-03, -8.9610e-03, +9.2081e-02, +2.7182e-02, +1.3593e-01, +1.2203e-01, -4.4806e-02, +3.3116e-02, +1.5325e-01, -1.3316e-02, +1.9866e-02, +6.9908e-02, +8.7713e-02, +1.6072e-01, -2.1992e-02, +1.2077e-01, -1.0700e-01
+9.2528e-02, -1.0558e-01, -1.0000e+00, +3.6222e-02, -6.6446e-02, +1.8698e-02, -1.8297e-01, -2.1787e-01, +9.1371e-02, +1.0240e-01, -2.5142e-02, -1.2114e-01, -1.1105e-01, +1.2993e-01, +9.6431e-02, -1.3357e-01, +1.1327e-01, -1.3635e-02, +7.8804e-02, +9.3285e-02, -7.3221e-02, +5.0805e-02, +2.0267e-01, +1.1592e-01, -1.6180e-02, -5.7329e-03, -1.0151e-02, +1.1986e-03, +6.8006e-02, -1.9565e-02, +1.5395e-01, +5.1184e-02, -5.0348e-02, -2.0502e-02, -4.8980e-02, +1.8309e-01, -2.1187e-01, +8.5243e-02, +7.2767e-03, +4.2148e-02, +6.3175e-02, +2.0723e-01, +3.5958e-02, +6.8370e-02, -1.7674e-01, +2.9045e-02, +1.4686e-01, -6.3857e-02, +1.2391e-01, -1.7814e-01
-1.3701e-01, -3.9746e-02, +3.6222e-02, -1.0000e+00, +2.4700e-02, -9.4138e-02, -5.9468e-02, -4.4212e-02, -5.8161e-02, +3.5949e-02, -9.7204e-02, -3.1881e-02, -2.4568e-02, +8.6604e-02, -6.2090e-02, -4.8574e-02, +5.3249e-02, -3.0264e-02, -2.0029e-02, -7.1404e-02, +1.6726e-02, +6.4298e-02, +4.8170e-02, -1.2110e-01, -1.1705e-01, -9.3604e-02, +1.2047e-02, -1.5778e-01, -1.6527e-01, -1.1303e-01, -1.1290e-01, -8.4829e-05, +1.1051e-01, +6.8715e-03, +6.1302e-02, -1.1931e-02, +7.3192e-02, +5.7203e-02, -8.6710e-02, -1.1989e-02, -4.3814e-02, +4.2903e-02, -2.0835e-02, +4.0357e-02, -2.8028e-02, -1.2103e-01, +4.4618e-02, +1.2217e-01, -5.4401e-02, -1.1276e-02
-1.2135e-02, -1.9899e-03, -6.6446e-02, +2.4700e-02, -1.0000e+00, -1.0681e-01, -1.7253e-01, +1.7900e-02, +9.4583e-02, +5.3391e-02, -1.2253e-01, +9.2406e-03, -4.7522e-02, +4.6465e-02, -9.3719e-02, +2.1820e-02, +9.8090e-02, -4.7844e-02, -2.3948e-02, -8.9674e-02, -4.4633e-02, +5.2643e-02, +1.3380e-01, -8.3871e-02, -4.3519e-02, -3.1053e-02, -1.3540e-01, -1.2448e-01, -5.1757e-02, -1.5887e-01, -3.2733e-03, +8.0700e-03, +8.4598e-02, +9.7198e-03, -4.2478e-02, +1.6841e-02, +1.0886e-02, -6.7754e-02, -9.9613e-02, -3.9150e-03, -1.7596e-02, -1.9166e-02, -1.0030e-01, -3.4467e-02, -2.6135e-02, -1.3608e-01, -2.4134e-02, +1.0387e-01, +2.8994e-02, -7.1482e-03
-1.7414e-01, +7.3309e-02, +1.8698e-02, -9.4138e-02, -1.0681e-01, -1.0000e+00, +1.3288e-01, +2.8180e-02, +3.1081e-03, +1.0171e-02, -1.6882e-01, -2.0743e-02, +9.0676e-02, +2.8950e-02, -1.6698e-01, -5.3018e-03, +3.6474e-04, -1.5309e-01, -2.5898e-01, -8.6046e-02, -5.0327e-03, -8.4244e-03, +4.3265e-02, -1.4013e-01, -4.4303e-02, -5.1319e-02, -2.2337e-01, -2.7043e-01, -1.9209e-01, -7.0340e-02, -2.7239e-01, +1.5170e-02, +5.3378e-02, -7.2064e-02, -6.9286e-02, -7.5677e-02, +9.7364e-02, -1.0404e-01, -1.8283e-01, +4.5688e-02, -3.6779e-02, -1.9949e-02, -8.2728e-02, -8.2820e-03, +1.9715e-02, -1.1485e-01, -2.5454e-01, +2.5153e-01, -1.4848e-01, -5.6757e-02
+1.6872e-02, +8.8102e-02, -1.8297e-01, -5.9468e-02, -1.7253e-01, +1.3288e-01, -1.0000e+00, -1.6011e-01, -2.4337e-04, +5.8147e-03, -6.0140e-02, -1.0274e-01, -9.6727e-02, +8.7839e-02, +1.7028e-02, +3.8945e-03, +9.5022e-02, +6.0112e-02, +1.4884e-02, +2.5082e-02, +2.3218e-02, -6.3816e-02, +1.7291e-01, -6.8548e-02, -3.2165e-02, +3.9190e-02, -2.5013e-02, -4.2002e-02, +3.4225e-02, +7.9480e-02, +1.0914e-01, +3.0421e-02, -7.2061e-02, +2.0078e-02, -1.2641e-02, +1.0747e-01, +1.3107e-02, -7.2440e-02, -3.0813e-02, -3.4290e-03, -4.8323e-02, +1.0106e-03, -8.0038e-02, -1.4187e-02, -7.5326e-02, -2.7404e-03, -8.8992e-04, -5.1805e-02, +3.6134e-02, -6.0690e-02
-9.4387e-02, -4.6339e-02, -2.1787e-01, -4.4212e-02, +1.7900e-02, +2.8180e-02, -1.6011e-01, -1.0000e+00, -3.9203e-02, +1.0798e-01, -1.0021e-01, +1.1602e-02, +2.1691e-02, -1.8802e-02, -4.4403e-02, -1.3043e-01, +4.2737e-02, -4.6381e-02, +8.0850e-02, -1.0264e-01, +1.5350e-02, +2.6402e-02, +7.3662e-02, -2.7791e-04, -6.4690e-02, +4.0983e-02, +1.6642e-02, -1.1265e-01, +2.0084e-02, +3.8475e-02, +6.4587e-02, +1.2447e-03, +7.8766e-02, -1.3700e-02, +2.9869e-02, -2.3905e-02, -1.2236e-01, +5.0739e-02, -5.8498e-03, -8.4680e-03, -3.9412e-02, +3.1031e-02, +3.4070e-02, +6.2204e-02, -4.4490e-02, +1.3630e-01, -7.4249e-02, -3.6888e-02, +1.2730e-01, -2.2289e-01
-1.4754e-01, -7.4067e-03, +9.1371e-02, -5.8161e-02, +9.4583e-02, +3.1081e-03, -2.4337e-04, -3.9203e-02, -1.0000e+00, +1.4519e-01, -3.5449e-02, -8.9124e-02, +9.7643e-02, -5.4443e-02, +3.7873e-04, +7.8701e-02, +3.1957e-02, -6.4362e-02, +5.4792e-02, -6.4966e-02, -1.1845e-02, -7.7212e-02, +4.2616e-02, -1.4317e-03, -6.6099e-02, +4.3513e-02, -3.8388e-02, -1.0568e-01, -5.2579e-02, -2.1817e-03, -1.0000e-01, -2.5525e-02, -4.2185e-02, +7.7934e-03, +1.1488e-03, +1.4097e-02, +1.4823e-02, -1.1986e-01, -1.8140e-02, +4.9344e-02, -2.8740e-02, +4.2805e-01, -1.7795e-02, -8.7555e-02, -2.8402e-02, -1.1725e-02, -1.9191e-01, +5.0530e-01, -1.8549e-01, +1.6157e-01
+2.1520e-02, +2.9041e-02, +1.0240e-01, +3.5949e-02, +5.3391e-02, +1.0171e-02, +5.8147e-03, +1.0798e-01, +1.4519e-01, -1.0000e+00, -1.5504e-01, +7.7988e-02, +3.3493e-02, -7.4470e-02, +1.2776e-01, -5.1452e-02, +8.7265e-02, +4.2370e-02, -2.5276e-03, -6.1192e-02, -1.9570e-02, -2.7740e-02, +1.4326e-01, -1.6579e-01, +2.7906e-02, +4.7641e-02, -6.0274e-02, +1.0859e-01, +5.3034e-02, -2.4731e-02, -9.0094e-02, -3.4968e-02, -8.3903e-02, -2.6848e-02, -3.3341e-02, -6.9069e-02, -1.2152e-02, +1.5059e-01, +4.1247e-02, +2.5639e-02, +4.7522e-02, +1.6558e-02, -1.8394e-03, -8.1596e-02, +7.0882e-02, +5.7776e-02, +2.6684e-02, -1.6050e-01, +9.2168e-02, +6.0518e-02
-1.3734e-01, +7.8173e-02, -2.5142e-02, -9.7204e-02, -1.2253e-01, -1.6882e-01, -6.0140e-02, -1.0021e-01, -3.5449e-02, -1.5504e-01, -1.0000e+00, -2.0366e-02, +3.7344e-03, -1.6438e-02, -1.5877e-01, -1.8549e-02, +6.2113e-02, -1.3784e-01, -2.0367e-01, -9.6052e-02, +5.7861e-02, +2.8254e-02, +1.4682e-01, -9.9763e-02, -6.1524e-02, -1.1473e-01, -1.5363e-01, -2.1491e-01, -8.3220e-02, -1.2920e-01, -1.4911e-01, +4.0019e-02, +5.5914e-03, -6.3769e-02, -5.5919e-02, -5.4913e-02, +3.3151e-02, -7.4026e-02, -1.0105e-01, +1.2721e-02, -7.0764e-02, +9.6084e-02, -2.7464e-02, -5.1048e-02, -1.2580e-01, -1.1494e-01, -2.4494e-01, +2.4529e-01, -3.5919e-02, -1.8439e-01
+4.3588e-02, -8.1513e-03, -1.2114e-01, -3.1881e-02, +9.2405e-03, -2.0743e-02, -1.0274e-01, +1.1602e-02, -8.9124e-02, +7.7988e-02, -2.0366e-02, -1.0000e+00, -3.7855e-02, +1.8582e-02, -2.0021e-02, -9.0630e-02, +3.3519e-01, -2.8342e-02, -2.1971e-02, +1.0455e-01, +4.3007e-02, +7.0371e-02, +7.2302e-02, -5.3282e-02, -4.1648e-02, +6.7033e-03, +2.8360e-03, +2.0969e-02, -6.9185e-02, +3.1198e-03, -2.2226e-02, -2.0181e-02, -4.8679e-02, -1.2446e-02, +2.3638e-02, +1.3612e-01, -1.3589e-01, +1.2800e-01, +1.6559e-02, +7.7373e-02, -1.1878e-02, +1.8028e-01, +2.1384e-02, +8.1274e-02, -1.2150e-01, -1.6879e-02, +1.0539e-01, +1.4377e-01, -2.0477e-02, +8.3714e-02
+8.6137e-02, +3.2920e-02, -1.1105e-01, -2.4568e-02, -4.7522e-02, +9.0676e-02, -9.6727e-02, +2.1691e-02, +9.7643e-02, +3.3493e-02, +3.7344e-03, -3.7855e-02, -1.0000e+00, +6.1632e-02, +6.1695e-03, -8.1447e-03, +5.5684e-02, +4.5842e-02, +1.6103e-02, +4.9509e-02, +1.2748e-02, -4.3101e-02, +7.9130e-02, +6.9790e-02, +1.5611e-01, -8.2486e-02, +6.1253e-02, +4.0862e-02, +1.2572e-01, -1.5483e-02, +6.8999e-02, +1.4771e-02, -1.3363e-02, +7.3766e-02, +3.3693e-03, +4.7820e-02, -9.1396e-02, +1.3107e-02, +2.1291e-02, +2.1822e-02, +3.9834e-02, +3.0206e-02, +3.4026e-02, -1.4334e-02, -1.4759e-01, +4.3650e-02, +9.2210e-02, -8.5083e-02, +8.4155e-02, +9.2811e-02
-4.8986e-02, -9.9557e-02, +1.2993e-01, +8.6604e-02, +4.6465e-02, +2.8950e-02, +8.7839e-02, -1.8802e-02, -5.4443e-02, -7.4470e-02, -1.6438e-02, +1.8582e-02, +6.1632e-02, -1.0000e+00, +6.1487e-04, +2.9435e-02, +1.3509e-01, -8.1280e-02, -1.0066e-01, +4.6485e-02, +7.4024e-02, -3.9159e-02, +4.5807e-02, -4.7468e-02, -2.9012e-02, +4.7541e-02, -5.6849e-02, -3.8713e-02, +6.7450e-03, -2.5704e-02, -1.2866e-02, +1.8065e-02, -2.7116e-02, +6.1633e-02, -1.4461e-02, -1.1613e-01, -1.4385e-02, +9.4163e-02, +2.8019e-02, -5.1430e-02, -6.3118e-02, -4.0228e-02, +1.2333e-02, +1.2794e-01, +6.9569e-02, -6.6373e-02, +7.0720e-02, -6.6679e-02, -2.4249e-02, -2.6031e-01
-1.1216e-01, -2.4300e-03, +9.6431e-02, -6.2090e-02, -9.3719e-02, -1.6698e-01, +1.7028e-02, -4.4403e-02, +3.7873e-04, +1.2776e-01, -1.5877e-01, -2.0021e-02, +6.1695e-03, +6.1486e-04, -1.0000e+00, -2.6858e-02, -1.9693e-02, -1.0628e-01, -1.3020e-01, -9.0981e-02, +1.1742e-03, +5.6899e-02, +9.0540e-04, -9.4644e-02, +3.8406e-02, -5.1880e-02, -1.0636e-01, -8.9405e-02, -1.3105e-01, -5.7779e-02, -1.0393e-01, +2.2094e-02, -3.1478e-03, +1.0624e-03, -7.1902e-02, -2.6223e-02, +8.7133e-02, -9.6722e-02, -6.4275e-02, -4.9916e-02, -1.0657e-01, +1.2908e-02, -5.5760e-02, -4.8688e-02, -1.0486e-01, -7.3501e-02, -1.0794e-01, +2.1124e-01, -7.9418e-02, -4.9057e-02
+5.5458e-02, +4.0278e-02, -1.3357e-01, -4.8574e-02, +2.1820e-02, -5.3018e-03, +3.8945e-03, -1.3043e-01, +7.8701e-02, -5.1452e-02, -1.8549e-02, -9.0630e-02, -8.1447e-03, +2.9435e-02, -2.6858e-02, -1.0000e+00, -1.5320e-02, -4.6476e-02, -2.4700e-02, -3.8365e-02, -5.6308e-02, +9.9084e-02, -1.1920e-01, -4.2943e-02, -5.4889e-02, -1.7942e-02, +2.8782e-02, +2.9867e-02, +5.2315e-02, -1.8568e-02, +1.0034e-02, -1.9145e-02, +1.0482e-02, -6.8940e-02, +3.9215e-02, +5.7786e-02, -5.9012e-02, -5.1264e-03, +1.1746e-02, -8.2310e-02, +7.0396e-02, -3.7995e-02, -4.9275e-03, -6.5177e-02, -1.8626e-01, +6.6670e-03, +1.4110e-02, -1.2372e-01, -4.8090e-02, -3.3143e-01
+3.3139e-03, -5.3953e-03, +1.1327e-01, +5.3249e-02, +9.8090e-02, +3.6475e-04, +9.5022e-02, +4.2737e-02, +3.1957e-02, +8.7265e-02, +6.2113e-02, +3.3519e-01, +5.5684e-02, +1.3509e-01, -1.9693e-02, -1.5320e-02, -1.0000e+00, +1.6866e-02, +7.8455e-02, -1.5233e-02, -6.6045e-02, -5.1464e-04, +1.0906e-01, +1.4761e-01, +4.1222e-02, +9.4944e-03, +8.5016e-02, +3.6259e-02, +6.9975e-02, +1.8801e-02, +8.0305e-02, -4.1209e-02, -3.6693e-03, +3.8786e-03, -4.6507e-03, -9.3310e-03, +5.0671e-02, -9.5591e-03, +6.4960e-02, -3.0754e-02, +2.8239e-02, -8.8460e-03, -2.1987e-02, -7.4754e-02, +1.3472e-01, +3.1563e-02, -5.9284e-03, -1.5290e-01, -6.6546e-02, +1.8619e-02
-1.6290e-01, +3.8418e-02, -1.3635e-02, -3.0264e-02, -4.7844e-02, -1.5309e-01, +6.0112e-02, -4.6381e-02, -6.4362e-02, +4.2370e-02, -1.3784e-01, -2.8342e-02, +4.5842e-02, -8.1280e-02, -1.0628e-01, -4.6476e-02, +1.6866e-02, -1.0000e+00, -2.6171e-02, -8.9347e-02, -5.4156e-02, -1.7904e-03, +1.3161e-01, -1.5651e-02, -3.3705e-02, -7.8335e-02, -1.3381e-01, -3.2014e-02, -1.2535e-01, -8.0290e-03, -1.1651e-01, +2.0056e-02, +2.8976e-02, -2.1805e-02, +5.3162e-02, -3.6865e-02, +4.0039e-02, -8.6596e-02, -4.4374e-02, +3.6369e-02, -6.0850e-02, +2.8869e-02, -6.7582e-03, -2.3921e-02, -8.9642e-02, +5.6889e-02, -1.4050e-01, +1.4793e-01, -1.1870e-01, -1.1989e-01
-1.2846e-01, +1.5986e-02, +7.8804e-02, -2.0029e-02, -2.3948e-02, -2.5898e-01, +1.4884e-02, +8.0850e-02, +5.4792e-02, -2.5276e-03, -2.0367e-01, -2.1971e-02, +1.6103e-02, -1.0066e-01, -1.3020e-01, -2.4700e-02, +7.8455e-02, -2.6171e-02, -1.0000e+00, +3.6168e-02, +8.7646e-02, +3.3814e-02, +6.2839e-02, -7.1378e-02, -6.2482e-02, -3.4020e-03, -8.1814e-02, -1.1639e-01, +3.3408e-02, -7.3255e-02, -1.3985e-01, -1.5729e-02, -4.4893e-02, -1.1465e-01, -3.8024e-02, -3.3933e-02, +1.3734e-01, -1.0906e-01, -2.3065e-01, +5.8331e-02, -5.8485e-02, -6.1013e-02, -9.9872e-02, +3.5637e-04, +1.7034e-02, -2.2081e-01, -9.8077e-02, +8.8465e-02, -1.0399e-01, -9.8706e-02
-5.2271e-03, +6.6682e-02, +9.3285e-02, -7.1404e-02, -8.9674e-02, -8.6046e-02, +2.5082e-02, -1.0264e-01, -6.4966e-02, -6.1192e-02, -9.6052e-02, +1.0455e-01, +4.9509e-02, +4.6485e-02, -9.0981e-02, -3.8365e-02, -1.5233e-02, -8.9347e-02, +3.6168e-02, -1.0000e+00, -1.3945e-01, -1.7912e-02, -1.1505e-01, -1.2036e-01, +5.8829e-02, -4.6840e-02, -6.2330e-02, -1.7541e-01, -6.6586e-02, -1.0027e-01, -5.9049e-02, +1.5221e-02, +1.0614e-01, +3.3741e-02, +7.6524e-03, -1.2692e-01, +1.9299e-01, -8.0982e-02, -9.3699e-02, -7.9307e-02, -7.2402e-02, +4.1278e-02, -8.5314e-03, -1.1238e-01, -1.5760e-02, -4.0137e-02, -1.5426e-01, +2.0992e-01, -1.7557e-02, -1.1413e-01
+1.2125e-02, +5.4542e-03, -7.3221e-02, +1.6726e-02, -4.4633e-02, -5.0327e-03, +2.3218e-02, +1.5350e-02, -1.1845e-02, -1.9570e-02, +5.7861e-02, +4.3007e-02, +1.2748e-02, +7.4024e-02, +1.1742e-03, -5.6308e-02, -6.6045e-02, -5.4156e-02, +8.7646e-02, -1.3945e-01, -1.0000e+00, +6.2514e-02, -1.0848e-01, +2.9886e-02, -9.2056e-03, +1.3555e-02, +5.7397e-04, +1.0316e-02, -2.5419e-03, +1.6313e-02, +2.5576e-02, -2.2373e-02, +1.1085e-01, +5.2793e-02, +2.2370e-02, -2.1596e-02, -2.2186e-02, -1.9539e-02, -1.0431e-01, +7.3922e-02, -3.8389e-02, +5.8403e-02, -5.8983e-02, -1.6921e-01, -3.2538e-02, -6.9823e-03, -1.4914e-02, +5.9199e-02, +8.4096e-03, +1.0999e-02
-1.4628e-02, +1.7208e-01, +5.0805e-02, +6.4298e-02, +5.2643e-02, -8.4244e-03, -6.3816e-02, +2.6402e-02, -7.7212e-02, -2.7740e-02, +2.8254e-02, +7.0371e-02, -4.3101e-02, -3.9159e-02, +5.6899e-02, +9.9084e-02, -5.1464e-04, -1.7904e-03, +3.3814e-02, -1.7912e-02, +6.2514e-02, -1.0000e+00, -1.9795e-02, +1.2328e-02, -3.0666e-03, +2.2282e-02, -2.6926e-02, +8.3512e-03, +3.1210e-02, +6.2969e-02, -1.4689e-02, -6.3091e-03, -9.2469e-02, -3.8537e-02, -1.9485e-02, -8.5555e-02, +7.1650e-02, +3.2355e-02, +1.4656e-03, -4.0380e-02, -9.0137e-02, -4.5360e-02, -7.2368e-02, +1.6161e-03, +7.2501e-02, +3.3707e-02, -4.3009e-02, -1.4304e-02, -5.5825e-02, -2.5083e-02
+1.0381e-02, +5.9034e-02, +2.0267e-01, +4.8170e-02, +1.3380e-01, +4.3265e-02, +1.7291e-01, +7.3662e-02, +4.2616e-02, +1.4326e-01, +1.4682e-01, +7.2302e-02, +7.9130e-02, +4.5807e-02, +9.0541e-04, -1.1920e-01, +1.0906e-01, +1.3161e-01, +6.2839e-02, -1.1505e-01, -1.0848e-01, -1.9795e-02, -1.0000e+00, +2.8936e-02, +1.8214e-02, -4.1486e-03, +3.3307e-02, +4.5073e-02, +8.1908e-02, +1.1006e-01, +1.1585e-02, -6.3154e-02, -2.8558e-02, +9.6066e-03, +3.8105e-02, +1.1704e-01, +1.7370e-01, +7.9598e-02, +1.2163e-01, -8.5816e-02, +4.7503e-02, -5.4484e-02, -9.8627e-02, -1.1817e-01, +9.9134e-02, +3.9953e-02, -1.4992e-01, +7.8264e-02, +5.3899e-02, +8.1034e-02
-3.2848e-02, +1.3252e-01, +1.1592e-01, -1.2110e-01, -8.3871e-02, -1.4013e-01, -6.8548e-02, -2.7792e-04, -1.4317e-03, -1.6579e-01, -9.9763e-02, -5.3282e-02, +6.9790e-02, -4.7468e-02, -9.4644e-02, -4.2943e-02, +1.4761e-01, -1.5651e-02, -7.1378e-02, -1.2036e-01, +2.9886e-02, +1.2328e-02, +2.8936e-02, -1.0000e+00, +4.3551e-03, -1.0174e-01, -1.7763e-01, -1.2728e-01, -1.8108e-01, -3.1591e-02, -1.7044e-01, +7.1034e-02, -2.2021e-02, -1.5479e-02, -8.7043e-02, -1.0011e-01, +1.0681e-01, -6.1038e-02, -1.5387e-01, -2.6064e-03, -8.5595e-02, -9.0311e-02, +5.7381e-02, -5.4821e-03, -4.9691e-02, -8.6894e-02, -1.9045e-01, +1.5677e-01, -6.6195e-02, -7.6832e-02
-1.0175e-01, -2.0881e-02, -1.6180e-02, -1.1705e-01, -4.3519e-02, -4.4303e-02, -3.2165e-02, -6.4690e-02, -6.6099e-02, +2.7906e-02, -6.1524e-02, -4.1648e-02, +1.5611e-01, -2.9012e-02, +3.8406e-02, -5.4889e-02, +4.1222e-02, -3.3705e-02, -6.2482e-02, +5.8829e-02, -9.2056e-03, -3.0666e-03, +1.8214e-02, +4.3551e-03, -1.0000e+00, -5.1182e-02, -1.0439e-01, -3.8101e-02, -7.5911e-02, +1.5972e-02, -1.2018e-01, -1.9322e-02, +5.3549e-02, +1.4935e-02, +1.4367e-02, -4.0473e-03, -2.7609e-02, -5.1305e-03, -7.9529e-02, +4.7974e-02, -2.8757e-02, +3.9403e-02, -2.2565e-02, -2.5044e-02, -2.0406e-03, -1.0894e-01, -7.9106e-02, +1.0955e-01, -5.0698e-02, -1.0914e-02
-2.2556e-02, +4.6980e-02, -5.7329e-03, -9.3604e-02, -3.1052e-02, -5.1319e-02, +3.9190e-02, +4.0983e-02, +4.3513e-02, +4.7641e-02, -1.1473e-01, +6.7033e-03, -8.2486e-02, +4.7541e-02, -5.1880e-02, -1.7942e-02, +9.4944e-03, -7.8335e-02, -3.4020e-03, -4.6840e-02, +1.3555e-02, +2.2282e-02, -4.1485e-03, -1.0174e-01, -5.1182e-02, -1.0000e+00, -6.4252e-02, -1.9748e-02, -1.2432e-01, -1.3346e-01, -1.2512e-01, +3.4955e-02, +1.1099e-02, -1.4866e-02, -1.6920e-02, +3.6929e-02, +1.0350e-01, -8.3896e-02, -1.2573e-03, +6.9806e-02, -1.3271e-01, +6.2213e-03, +3.2578e-02, +2.2260e-02, -1.1760e-01, -1.6686e-02, +6.7572e-02, +8.4634e-02, -7.4024e-04, +6.7155e-02
-1.2623e-01, +9.4957e-02, -1.0151e-02, +1.2047e-02, -1.3540e-01, -2.2337e-01, -2.5013e-02, +1.6642e-02, -3.8388e-02, -6.0274e-02, -1.5363e-01, +2.8360e-03, +6.1253e-02, -5.6849e-02, -1.0636e-01, +2.8782e-02, +8.5016e-02, -1.3381e-01, -8.1814e-02, -6.2330e-02, +5.7397e-04, -2.6926e-02, +3.3307e-02, -1.7763e-01, -1.0439e-01, -6.4252e-02, -1.0000e+00, -1.6061e-01, -2.1636e-01, -1.1677e-01, -1.9998e-01, -3.3805e-02, -8.8414e-02, -8.8948e-02, -1.9179e-02, -4.5639e-02, +8.3033e-02, -7.1651e-02, -1.4722e-01, +1.9260e-02, -1.1061e-01, -1.4291e-02, -3.4987e-02, +1.6969e-03, -1.1582e-02, -1.4399e-01, -2.4854e-01, +2.0141e-01, -1.5173e-01, -1.0573e-01
-2.5736e-01, -2.4547e-03, +1.1986e-03, -1.5778e-01, -1.2448e-01, -2.7043e-01, -4.2002e-02, -1.1265e-01, -1.0568e-01, +1.0859e-01, -2.1491e-01, +2.0969e-02, +4.0862e-02, -3.8713e-02, -8.9405e-02, +2.9867e-02, +3.6259e-02, -3.2014e-02, -1.1639e-01, -1.7541e-01, +1.0316e-02, +8.3512e-03, +4.5073e-02, -1.2728e-01, -3.8101e-02, -1.9748e-02, -1.6061e-01, -1.0000e+00, -1.3011e-01, -9.4597e-02, -1.4441e-01, +2.8003e-02, +2.7483e-02, -4.2248e-02, +7.6665e-03, -4.0288e-02, +1.4562e-01, -1.6589e-01, -1.9702e-01, +2.3334e-03, -7.8245e-02, +5.9858e-02, -5.6666e-03, -4.1400e-02, +3.0227e-02, -9.8966e-02, -2.9898e-01, +3.2021e-01, -1.0144e-01, -1.3820e-01
-1.3848e-01, +4.6157e-02, +6.8006e-02, -1.6527e-01, -5.1757e-02, -1.9209e-01, +3.4225e-02, +2.0084e-02, -5.2579e-02, +5.3034e-02, -8.3220e-02, -6.9185e-02, +1.2572e-01, +6.7450e-03, -1.3105e-01, +5.2315e-02, +6.9975e-02, -1.2535e-01, +3.3408e-02, -6.6586e-02, -2.5419e-03, +3.1210e-02, +8.1908e-02, -1.8108e-01, -7.5911e-02, -1.2432e-01, -2.1636e-01, -1.3011e-01, -1.0000e+00, -1.6375e-02, -1.6783e-01, -8.6313e-04, +8.2760e-02, -5.8695e-02, -2.8944e-02, -3.7541e-02, +1.1558e-01, -1.5347e-02, -1.5539e-01, +1.3328e-03, -4.9439e-02, -4.6131e-02, +1.3771e-02, -1.2714e-02, +4.0371e-02, -1.3232e-01, -1.0491e-01, +2.1457e-01, -9.4841e-02, +6.5670e-03
-3.4143e-02, -3.0454e-02, -1.9565e-02, -1.1303e-01, -1.5887e-01, -7.0340e-02, +7.9480e-02, +3.8475e-02, -2.1817e-03, -2.4731e-02, -1.2920e-01, +3.1198e-03, -1.5483e-02, -2.5704e-02, -5.7779e-02, -1.8568e-02, +1.8801e-02, -8.0290e-03, -7.3255e-02, -1.0027e-01, +1.6313e-02, +6.2969e-02, +1.1006e-01, -3.1591e-02, +1.5972e-02, -1.3346e-01, -1.1677e-01, -9.4597e-02, -1.6375e-02, -1.0000e+00, -2.5459e-02, +1.4042e-02, +7.3406e-02, -3.3661e-02, -1.0049e-02, -5.5119e-02, +8.9195e-02, -7.2437e-02, -2.2420e-02, -2.4303e-03, +4.2127e-02, +3.9629e-02, -3.1643e-02, +7.2874e-02, -2.3693e-02, -7.7049e-03, -1.3569e-03, +6.3231e-02, -2.7966e-02, -4.6973e-02
-1.5137e-01, +3.1375e-03, +1.5395e-01, -1.1290e-01, -3.2733e-03, -2.7239e-01, +1.0914e-01, +6.4587e-02, -1.0000e-01, -9.0094e-02, -1.4911e-01, -2.2226e-02, +6.8999e-02, -1.2866e-02, -1.0393e-01, +1.0034e-02, +8.0305e-02, -1.1651e-01, -1.3985e-01, -5.9049e-02, +2.5576e-02, -1.4689e-02, +1.1585e-02, -1.7044e-01, -1.2018e-01, -1.2512e-01, -1.9998e-01, -1.4441e-01, -1.6783e-01, -2.5459e-02, -1.0000e+00, -3.6814e-02, -4.8071e-02, -6.3856e-02, +5.9640e-02, -4.4517e-02, +1.4124e-01, -1.1813e-01, -1.2672e-01, +1.9732e-02, -2.0785e-01, +6.9948e-02, +7.9246e-03, -9.3481e-02, -5.9840e-02, -1.1079e-01, -1.6597e-01, +3.3521e-01, -2.4134e-01, -4.6037e-02
+6.3803e-02, -5.3351e-04, +5.1184e-02, -8.4824e-05, +8.0700e-03, +1.5170e-02, +3.0421e-02, +1.2447e-03, -2.5525e-02, -3.4968e-02, +4.0019e-02, -2.0181e-02, +1.4771e-02, +1.8065e-02, +2.2094e-02, -1.9145e-02, -4.1209e-02, +2.0056e-02, -1.5729e-02, +1.5221e-02, -2.2373e-02, -6.3091e-03, -6.3154e-02, +7.1034e-02, -1.9322e-02, +3.4955e-02, -3.3805e-02, +2.8003e-02, -8.6314e-04, +1.4042e-02, -3.6814e-02, -1.0000e+00, -4.8924e-02, +2.1879e-02, +1.9039e-02, +8.9279e-02, +4.3805e-02, -8.6990e-02, +3.3444e-02, +9.5174e-02, +2.2434e-03, +4.6332e-02, +4.0198e-02, -1.0131e-02, +3.9900e-02, +1.6388e-02, -5.7787e-02, +5.2241e-03, +3.4854e-02, +7.1212e-02
-3.0278e-02, +1.0980e-01, -5.0348e-02, +1.1051e-01, +8.4598e-02, +5.3378e-02, -7.2061e-02, +7.8766e-02, -4.2185e-02, -8.3903e-02, +5.5914e-03, -4.8679e-02, -1.3363e-02, -2.7116e-02, -3.1478e-03, +1.0482e-02, -3.6693e-03, +2.8976e-02, -4.4893e-02, +1.0614e-01, +1.1085e-01, -9.2469e-02, -2.8558e-02, -2.2021e-02, +5.3549e-02, +1.1099e-02, -8.8414e-02, +2.7483e-02, +8.2760e-02, +7.3406e-02, -4.8071e-02, -4.8924e-02, -1.0000e+00, +2.0366e-02, +1.9191e-02, -1.9141e-02, +1.0075e-01, -1.7511e-02, -1.0281e-02, -5.1451e-02, -3.2910e-02, +1.6790e-01, -5.0343e-02, +8.9649e-02, -8.2043e-02, +6.7483e-02, -5.5004e-02, +1.6306e-01, -1.9139e-01, -1.0305e-01
-3.0041e-02, +6.2191e-03, -2.0502e-02, +6.8715e-03, +9.7198e-03, -7.2064e-02, +2.0078e-02, -1.3700e-02, +7.7934e-03, -2.6848e-02, -6.3769e-02, -1.2446e-02, +7.3766e-02, +6.1633e-02, +1.0624e-03, -6.8940e-02, +3.8786e-03, -2.1805e-02, -1.1465e-01, +3.3741e-02, +5.2793e-02, -3.8537e-02, +9.6066e-03, -1.5479e-02, +1.4935e-02, -1.4866e-02, -8.8948e-02, -4.2248e-02, -5.8695e-02, -3.3661e-02, -6.3856e-02, +2.1879e-02, +2.0366e-02, -1.0000e+00, +3.0649e-02, -2.1253e-02, -3.7870e-02, +3.1629e-03, +2.6745e-02, +2.1881e-02, +6.7788e-02, -8.7160e-03, -1.6247e-02, -1.5585e-02, +5.6351e-02, +3.1349e-02, -3.2807e-02, +2.1374e-02, -3.9847e-02, -3.0215e-03
+1.4947e-02, -8.9610e-03, -4.8980e-02, +6.1302e-02, -4.2478e-02, -6.9286e-02, -1.2641e-02, +2.9869e-02, +1.1488e-03, -3.3341e-02, -5.5919e-02, +2.3638e-02, +3.3693e-03, -1.4461e-02, -7.1902e-02, +3.9215e-02, -4.6507e-03, +5.3162e-02, -3.8024e-02, +7.6524e-03, +2.2370e-02, -1.9485e-02, +3.8105e-02, -8.7043e-02, +1.4367e-02, -1.6920e-02, -1.9179e-02, +7.6665e-03, -2.8944e-02, -1.0049e-02, +5.9640e-02, +1.9039e-02, +1.9191e-02, +3.0649e-02, -1.0000e+00, -1.5243e-02, +2.1567e-03, -3.6787e-02, +1.4455e-02, -1.0082e-02, +1.0883e-01, +5.2653e-02, -3.7862e-02, -3.5955e-02, +6.3505e-02, -1.5126e-01, +1.1063e-02, +6.1289e-02, +6.7513e-02, +3.2326e-03
+5.3392e-03, +9.2081e-02, +1.8309e-01, -1.1931e-02, +1.6841e-02, -7.5677e-02, +1.0747e-01, -2.3905e-02, +1.4097e-02, -6.9069e-02, -5.4913e-02, +1.3612e-01, +4.7820e-02, -1.1613e-01, -2.6223e-02, +5.7786e-02, -9.3310e-03, -3.6865e-02, -3.3933e-02, -1.2692e-01, -2.1596e-02, -8.5555e-02, +1.1704e-01, -1.0011e-01, -4.0473e-03, +3.6929e-02, -4.5639e-02, -4.0288e-02, -3.7541e-02, -5.5119e-02, -4.4517e-02, +8.9279e-02, -1.9142e-02, -2.1253e-02, -1.5243e-02, -1.0000e+00, -7.5164e-02, -7.5089e-02, -1.0597e-01, +1.3260e-01, -5.7240e-02, -2.8570e-01, -8.1624e-03, +1.4416e-02, +3.7628e-02, +3.3261e-03, -9.0571e-02, -6.3850e-02, -7.8941e-02, -4.4989e-03
+1.0658e-01, +2.7182e-02, -2.1187e-01, +7.3192e-02, +1.0886e-02, +9.7364e-02, +1.3107e-02, -1.2236e-01, +1.4823e-02, -1.2152e-02, +3.3151e-02, -1.3589e-01, -9.1396e-02, -1.4385e-02, +8.7133e-02, -5.9012e-02, +5.0671e-02, +4.0039e-02, +1.3734e-01, +1.9299e-01, -2.2186e-02, +7.1650e-02, +1.7370e-01, +1.0681e-01, -2.7609e-02, +1.0350e-01, +8.3033e-02, +1.4562e-01, +1.1558e-01, +8.9195e-02, +1.4124e-01, +4.3805e-02, +1.0075e-01, -3.7870e-02, +2.1567e-03, -7.5164e-02, -1.0000e+00, +1.2010e-01, +6.2744e-02, -1.4811e-02, +1.0233e-01, +1.2610e-01, +1.2116e-01, +1.9587e-01, +6.6966e-02, +1.3428e-01, +1.3688e-01, -5.9403e-02, +4.7078e-02, -1.2080e-02
-8.2241e-02, +1.3593e-01, +8.5243e-02, +5.7203e-02, -6.7754e-02, -1.0404e-01, -7.2440e-02, +5.0739e-02, -1.1986e-01, +1.5059e-01, -7.4026e-02, +1.2800e-01, +1.3107e-02, +9.4163e-02, -9.6722e-02, -5.1264e-03, -9.5591e-03, -8.6596e-02, -1.0906e-01, -8.0982e-02, -1.9539e-02, +3.2355e-02, +7.9598e-02, -6.1039e-02, -5.1305e-03, -8.3896e-02, -7.1651e-02, -1.6589e-01, -1.5347e-02, -7.2437e-02, -1.1813e-01, -8.6990e-02, -1.7511e-02, +3.1629e-03, -3.6787e-02, -7.5089e-02, +1.2010e-01, -1.0000e+00, -8.3461e-02, +1.3873e-01, -8.2892e-02, -4.3847e-02, +4.1481e-02, -9.0689e-02, -1.2349e-02, -7.7295e-02, -1.4342e-01, +2.1380e-01, -1.4495e-01, +1.6555e-01
-1.1447e-01, +1.2203e-01, +7.2767e-03, -8.6710e-02, -9.9613e-02, -1.8283e-01, -3.0813e-02, -5.8498e-03, -1.8140e-02, +4.1247e-02, -1.0105e-01, +1.6559e-02, +2.1291e-02, +2.8019e-02, -6.4275e-02, +1.1746e-02, +6.4960e-02, -4.4374e-02, -2.3065e-01, -9.3699e-02, -1.0431e-01, +1.4656e-03, +1.2163e-01, -1.5387e-01, -7.9529e-02, -1.2573e-03, -1.4722e-01, -1.9702e-01, -1.5539e-01, -2.2420e-02, -1.2672e-01, +3.3444e-02, -1.0281e-02, +2.6745e-02, +1.4455e-02, -1.0597e-01, +6.2744e-02, -8.3461e-02, -1.0000e+00, +4.1160e-02, -2.0521e-02, +1.4216e-02, +1.3913e-02, -9.2797e-02, +1.2545e-03, -1.8324e-01, -2.4076e-01, +2.0833e-01, -1.0839e-01, -2.3460e-02
+6.7731e-02, -4.4806e-02, +4.2148e-02, -1.1989e-02, -3.9150e-03, +4.5688e-02, -3.4290e-03, -8.4680e-03, +4.9344e-02, +2.5639e-02, +1.2721e-02, +7.7373e-02, +2.1822e-02, -5.1430e-02, -4.9916e-02, -8.2310e-02, -3.0754e-02, +3.6369e-02, +5.8331e-02, -7.9307e-02, +7.3922e-02, -4.0380e-02, -8.5816e-02, -2.6064e-03, +4.7974e-02, +6.9806e-02, +1.9260e-02, +2.3334e-03, +1.3328e-03, -2.4303e-03, +1.9732e-02, +9.5174e-02, -5.1451e-02, +2.1881e-02, -1.0082e-02, +1.3260e-01, -1.4811e-02, +1.3873e-01, +4.1160e-02, -1.0000e+00, +6.1221e-03, +8.4389e-02, +2.5772e-02, -3.6882e-03, -2.7577e-02, +1.8375e-02, +1.4487e-02, +1.9032e-02, -3.7256e-04, -2.2313e-01
-7.1821e-02, +3.3116e-02, +6.3175e-02, -4.3814e-02, -1.7596e-02, -3.6779e-02, -4.8323e-02, -3.9412e-02, -2.8740e-02, +4.7522e-02, -7.0764e-02, -1.1878e-02, +3.9834e-02, -6.3118e-02, -1.0657e-01, +7.0396e-02, +2.8239e-02, -6.0850e-02, -5.8485e-02, -7.2402e-02, -3.8389e-02, -9.0137e-02, +4.7503e-02, -8.5595e-02, -2.8757e-02, -1.3271e-01, -1.1061e-01, -7.8245e-02, -4.9439e-02, +4.2127e-02, -2.0785e-01, +2.2434e-03, -3.2910e-02, +6.7788e-02, +1.0883e-01, -5.7240e-02, +1.0233e-01, -8.2892e-02, -2.0521e-02, +6.1221e-03, -1.0000e+00, -4.7191e-02, -2.0704e-02, -3.7288e-02, -3.2708e-02, +1.9708e-02, -1.1098e-01, +9.3384e-02, -4.9419e-02, +6.6642e-03
+1.4118e-01, +1.5325e-01, +2.0723e-01, +4.2903e-02, -1.9166e-02, -1.9949e-02, +1.0106e-03, +3.1031e-02, +4.2805e-01, +1.6558e-02, +9.6084e-02, +1.8028e-01, +3.0206e-02, -4.0228e-02, +1.2908e-02, -3.7995e-02, -8.8460e-03, +2.8869e-02, -6.1013e-02, +4.1278e-02, +5.8403e-02, -4.5360e-02, -5.4484e-02, -9.0311e-02, +3.9403e-02, +6.2213e-03, -1.4291e-02, +5.9858e-02, -4.6131e-02, +3.9629e-02, +6.9948e-02, +4.6332e-02, +1.6790e-01, -8.7159e-03, +5.2653e-02, -2.8570e-01, +1.2610e-01, -4.3847e-02, +1.4216e-02, +8.4389e-02, -4.7191e-02, -1.0000e+00, +4.7059e-02, +7.0660e-02, +1.3026e-01, -2.2388e-02, +1.8820e-01, -6.6287e-01, +4.7046e-02, +4.7686e-02
+1.0898e-02, -1.3316e-02, +3.5958e-02, -2.0835e-02, -1.0030e-01, -8.2728e-02, -8.0038e-02, +3.4070e-02, -1.7795e-02, -1.8394e-03, -2.7464e-02, +2.1384e-02, +3.4026e-02, +1.2333e-02, -5.5760e-02, -4.9275e-03, -2.1987e-02, -6.7582e-03, -9.9872e-02, -8.5314e-03, -5.8983e-02, -7.2368e-02, -9.8627e-02, +5.7381e-02, -2.2565e-02, +3.2578e-02, -3.4987e-02, -5.6667e-03, +1.3771e-02, -3.1643e-02, +7.9246e-03, +4.0198e-02, -5.0343e-02, -1.6247e-02, -3.7862e-02, -8.1624e-03, +1.2116e-01, +4.1481e-02, +1.3913e-02, +2.5772e-02, -2.0704e-02, +4.7059e-02, -1.0000e+00, -1.6735e-01, +7.9656e-03, -8.8888e-02, +7.0534e-03, +6.6402e-02, -1.0808e-02, +3.7470e-02
-5.0718e-03, +1.9866e-02, +6.8370e-02, +4.0357e-02, -3.4467e-02, -8.2820e-03, -1.4187e-02, +6.2204e-02, -8.7555e-02, -8.1596e-02, -5.1048e-02, +8.1274e-02, -1.4334e-02, +1.2794e-01, -4.8688e-02, -6.5177e-02, -7.4754e-02, -2.3921e-02, +3.5637e-04, -1.1238e-01, -1.6921e-01, +1.6161e-03, -1.1817e-01, -5.4821e-03, -2.5044e-02, +2.2260e-02, +1.6969e-03, -4.1400e-02, -1.2714e-02, +7.2874e-02, -9.3481e-02, -1.0131e-02, +8.9649e-02, -1.5585e-02, -3.5955e-02, +1.4416e-02, +1.9587e-01, -9.0689e-02, -9.2797e-02, -3.6882e-03, -3.7288e-02, +7.0660e-02, -1.6735e-01, -1.0000e+00, -1.0319e-01, -1.2370e-01, -5.3710e-02, +1.3718e-01, -6.3654e-02, +3.8978e-02
-1.0285e-02, +6.9908e-02, -1.7674e-01, -2.8028e-02, -2.6135e-02, +1.9715e-02, -7.5326e-02, -4.4490e-02, -2.8402e-02, +7.0882e-02, -1.2580e-01, -1.2150e-01, -1.4759e-01, +6.9569e-02, -1.0486e-01, -1.8626e-01, +1.3472e-01, -8.9642e-02, +1.7034e-02, -1.5760e-02, -3.2538e-02, +7.2501e-02, +9.9134e-02, -4.9691e-02, -2.0406e-03, -1.1760e-01, -1.1582e-02, +3.0227e-02, +4.0371e-02, -2.3693e-02, -5.9840e-02, +3.9900e-02, -8.2043e-02, +5.6351e-02, +6.3505e-02, +3.7628e-02, +6.6966e-02, -1.2349e-02, +1.2545e-03, -2.7577e-02, -3.2708e-02, +1.3026e-01, +7.9656e-03, -1.0319e-01, -1.0000e+00, +4.0399e-02, -3.3283e-02, +7.6613e-02, -2.6969e-02, -2.6256e-01
-1.5505e-01, +8.7713e-02, +2.9045e-02, -1.2103e-01, -1.3608e-01, -1.1485e-01, -2.7404e-03, +1.3630e-01, -1.1725e-02, +5.7776e-02, -1.1494e-01, -1.6879e-02, +4.3650e-02, -6.6373e-02, -7.3501e-02, +6.6670e-03, +3.1563e-02, +5.6889e-02, -2.2081e-01, -4.0137e-02, -6.9823e-03, +3.3707e-02, +3.9953e-02, -8.6894e-02, -1.0894e-01, -1.6686e-02, -1.4399e-01, -9.8966e-02, -1.3232e-01, -7.7049e-03, -1.1079e-01, +1.6388e-02, +6.7483e-02, +3.1349e-02, -1.5126e-01, +3.3261e-03, +1.3428e-01, -7.7295e-02, -1.8324e-01, +1.8375e-02, +1.9708e-02, -2.2388e-02, -8.8888e-02, -1.2370e-01, +4.0399e-02, -1.0000e+00, -1.9376e-01, +1.5488e-01, -6.9960e-03, -4.8554e-02
-3.4490e-01, +1.6072e-01, +1.4686e-01, +4.4618e-02, -2.4134e-02, -2.5454e-01, -8.8992e-04, -7.4249e-02, -1.9191e-01, +2.6684e-02, -2.4494e-01, +1.0539e-01, +9.2210e-02, +7.0720e-02, -1.0794e-01, +1.4110e-02, -5.9284e-03, -1.4050e-01, -9.8077e-02, -1.5426e-01, -1.4914e-02, -4.3009e-02, -1.4992e-01, -1.9045e-01, -7.9106e-02, +6.7572e-02, -2.4854e-01, -2.9898e-01, -1.0491e-01, -1.3569e-03, -1.6597e-01, -5.7787e-02, -5.5004e-02, -3.2807e-02, +1.1063e-02, -9.0571e-02, +1.3688e-01, -1.4342e-01, -2.4076e-01, +1.4487e-02, -1.1098e-01, +1.8820e-01, +7.0534e-03, -5.3710e-02, -3.3283e-02, -1.9376e-01, -1.0000e+00, +4.5192e-01, -1.0284e-01, -1.1717e-01
+3.2667e-01, -2.1992e-02, -6.3857e-02, +1.2217e-01, +1.0387e-01, +2.5153e-01, -5.1805e-02, -3.6888e-02, +5.0530e-01, -1.6050e-01, +2.4529e-01, +1.4377e-01, -8.5083e-02, -6.6679e-02, +2.1124e-01, -1.2372e-01, -1.5290e-01, +1.4793e-01, +8.8465e-02, +2.0992e-01, +5.9199e-02, -1.4304e-02, +7.8264e-02, +1.5677e-01, +1.0955e-01, +8.4634e-02, +2.0141e-01, +3.2021e-01, +2.1457e-01, +6.3231e-02, +3.3521e-01, +5.2241e-03, +1.6306e-01, +2.1374e-02, +6.1289e-02, -6.3850e-02, -5.9403e-02, +2.1380e-01, +2.0833e-01, +1.9032e-02, +9.3384e-02, -6.6287e-01, +6.6402e-02, +1.3718e-01, +7.6613e-02, +1.5488e-01, +4.5192e-01, -1.0000e+00, +2.8054e-01, -1.4999e-02
-1.7797e-02, +1.2077e-01, +1.2391e-01, -5.4401e-02, +2.8994e-02, -1.4848e-01, +3.6134e-02, +1.2730e-01, -1.8549e-01, +9.2168e-02, -3.5919e-02, -2.0477e-02, +8.4155e-02, -2.4249e-02, -7.9418e-02, -4.8090e-02, -6.6546e-02, -1.1870e-01, -1.0399e-01, -1.7557e-02, +8.4096e-03, -5.5825e-02, +5.3899e-02, -6.6195e-02, -5.0698e-02, -7.4025e-04, -1.5173e-01, -1.0144e-01, -9.4841e-02, -2.7966e-02, -2.4134e-01, +3.4854e-02, -1.9139e-01, -3.9847e-02, +6.7513e-02, -7.8941e-02, +4.7078e-02, -1.4495e-01, -1.0839e-01, -3.7256e-04, -4.9419e-02, +4.7046e-02, -1.0808e-02, -6.3654e-02, -2.6969e-02, -6.9960e-03, -1.0284e-01, +2.8054e-01, -1.0000e+00, -3.4348e-02
-1.6748e-02, -1.0700e-01, -1.7814e-01, -1.1276e-02, -7.1482e-03, -5.6757e-02, -6.0690e-02, -2.2289e-01, +1.6157e-01, +6.0518e-02, -1.8439e-01, +8.3714e-02, +9.2811e-02, -2.6031e-01, -4.9057e-02, -3.3143e-01, +1.8619e-02, -1.1989e-01, -9.8706e-02, -1.1413e-01, +1.0999e-02, -2.5083e-02, +8.1034e-02, -7.6832e-02, -1.0914e-02, +6.7155e-02, -1.0573e-01, -1.3820e-01, +6.5669e-03, -4.6973e-02, -4.6037e-02, +7.1212e-02, -1.0305e-01, -3.0215e-03, +3.2325e-03, -4.4989e-03, -1.2080e-02, +1.6555e-01, -2.3460e-02, -2.2313e-01, +6.6642e-03, +4.7686e-02, +3.7470e-02, +3.8978e-02, -2.6256e-01, -4.8554e-02, -1.1717e-01, -1.4999e-02, -3.4348e-02, -1.0000e+00
