-1.0000e+00, -2.6157e-02, +5.1291e-02, -1.5195e-02, -3.6239e-03, +8.3037e-02, +2.0233e-02, +2.7321e-02, -8.6399e-02, -2.9746e-02, +9.7160e-02, -3.2547e-02, +2.4775e-02, -3.3668e-02, -2.4245e-02, +6.4134e-02, -1.6365e-02, +8.0520e-02, +2.0556e-02, +3.1483e-02, -2.5277e-02, +4.1529e-04, +1.2900e-02, -4.2771e-02, -2.2332e-02, +5.3468e-02, -4.1326e-02, -7.6569e-02, +7.8749e-02, +4.0064e-02, +2.2447e-02, -1.0105e-01, +1.1195e-01, -1.2816e-02, -4.5341e-02, +5.1464e-02, +6.5443e-02, -2.4451e-02, +3.3432e-02, -2.7694e-02, -2.8539e-02, +5.1828e-03, -1.7266e-02, -4.3317e-02, +4.7646e-02, +4.3107e-02, -3.3453e-02, +4.6780e-02, +7.3003e-02, -2.1966e-02
-2.6157e-02, -1.0000e+00, +3.1151e-02, +4.2583e-03, -6.6239e-02, +9.7388e-02, +1.1396e-01, +1.5244e-02, +1.0851e-02, -4.1776e-02, +3.6103e-02, -4.2438e-02, +6.2294e-02, +2.5424e-02, -1.5652e-02, -4.9774e-03, +1.4561e-02, +7.5276e-02, +6.9603e-02, +2.2312e-02, -3.4957e-03, +4.5060e-02, +9.2477e-03, +3.3487e-02, -5.4194e-03, +3.5624e-02, +8.7826e-02, +7.2825e-02, +3.8668e-02, +3.6977e-02, -2.5232e-02, +2.9698e-02, -9.8412e-03, +4.4304e-02, -5.7676e-02, -3.1679e-02, -2.5983e-02, +2.1015e-02, +2.0513e-02, +2.9460e-02, +3.9751e-02, +5.1028e-02, +3.2148e-02, +5.0691e-03, -5.1347e-03, +2.6165e-02, -2.4696e-02, -1.2129e-01, -1.5554e-02, +4.4289e-02
+5.1291e-02, +3.1151e-02, -1.0000e+00, +8.5010e-02, -8.1112e-02, -1.8379e-01, -3.2763e-02, -3.8366e-02, -3.5358e-02, +6.9907e-02, -1.3630e-01, +7.3518e-03, +1.7055e-02, +5.6405e-02, +1.9708e-01, -1.1348e-01, +2.2410e-02, -1.2353e-01, -2.6566e-03, +3.6295e-04, -6.8423e-02, -1.4068e-01, +1.0707e-01, +5.9818e-02, -4.1389e-02, -3.1670e-02, -4.3246e-02, -8.1504e-02, +4.4637e-02, +1.0598e-01, -9.2691e-03, -9.5027e-02, -1.5724e-01, +6.7814e-02, +1.5252e-02, -5.9942e-02, -1.0204e-01, -3.4398e-02, -4.8774e-02, -1.6619e-02, +4.0431e-02, +9.1223e-03, -2.7824e-02, -3.4583e-02, -4.4542e-02, -3.2585e-02, +1.0319e-02, +1.2267e-01, -3.1145e-03, +4.1881e-02
-1.5195e-02, +4.2583e-03, +8.5010e-02, -1.0000e+00, -2.3972e-02, +1.6235e-02, -1.6404e-02, -7.3361e-02, +8.6679e-02, +1.7252e-02, -3.4820e-02, -2.6002e-02, +1.2801e-02, +7.7047e-02, -4.7436e-02, +1.0043e-01, +5.6401e-02, +8.4301e-02, +4.3232e-03, -5.9457e-02, +2.5863e-02, +1.5043e-02, +9.6534e-02, -5.8802e-02, -7.0056e-02, -8.2589e-02, -3.8140e-02, -1.0977e-02, -8.4052e-02, -1.3888e-01, -5.5079e-02, -1.1147e-02, +2.2624e-02, -4.5522e-02, +7.7854e-02, +1.2621e-02, +3.7037e-02, -2.7183e-03, -5.9214e-02, +1.4365e-02, -1.3231e-01, +2.4154e-02, +5.8900e-02, +4.9001e-02, +4.1931e-02, -1.4118e-01, -3.8068e-02, +3.3346e-02, +2.1314e-02, -1.7129e-02
-3.6239e-03, -6.6239e-02, -8.1112e-02, -2.3972e-02, -1.0000e+00, -1.1234e-01, -1.9644e-02, -4.6542e-02, +4.8189e-02, -1.5725e-02, -1.6970e-01, -5.8495e-02, -6.1449e-02, -3.9958e-02, -6.2364e-02, -3.8914e-02, +3.1076e-02, -7.5999e-02, -3.1848e-02, -2.5065e-03, +1.2310e-02, +4.7237e-02, +3.3505e-02, +2.4365e-02, +8.4202e-03, -4.1376e-02, -6.6068e-02, -6.1859e-02, -6.3110e-02, -8.9442e-02, -1.2991e-02, +2.9250e-02, -7.6224e-02, +2.4471e-03, +5.4701e-02, -1.0825e-02, -2.5936e-02, +7.5460e-02, -3.2115e-02, -2.3532e-02, +8.9491e-03, -3.4375e-02, -3.5161e-02, +2.5271e-02, -7.4453e-03, -8.5250e-02, -5.5847e-02, +1.2953e-01, -1.7144e-02, +4.9864e-02
+8.3037e-02, +9.7388e-02, -1.8379e-01, +1.6235e-02, -1.1234e-01, -1.0000e+00, -9.2753e-03, -4.3420e-02, -8.5019e-03, -1.9242e-04, -2.1537e-01, -7.1233e-02, -7.7126e-03, -4.3831e-02, -1.0467e-01, -1.4193e-01, +1.4437e-02, -3.6480e-02, -1.1395e-01, +5.9891e-03, -1.1001e-02, +6.1482e-02, +4.3299e-02, +5.8721e-03, +4.3830e-02, -1.8656e-02, -9.1635e-02, -1.5517e-02, -3.0662e-02, +1.7234e-02, -1.7206e-01, -6.9956e-03, -5.9134e-02, -1.8495e-02, +3.2175e-02, +3.3178e-02, -1.2541e-03, -9.5862e-02, -2.8782e-02, +1.1167e-02, -1.1800e-02, -4.2450e-02, -2.3517e-02, -3.2380e-02, +2.4397e-03, -3.5250e-02, -1.0339e-01, +1.6937e-01, +2.8002e-02, +1.2482e-02
+2.0233e-02, +1.1396e-01, -3.2763e-02, -1.6404e-02, -1.9644e-02, -9.2753e-03, -1.0000e+00, -1.0497e-01, +5.3325e-03, -2.7225e-02, -2.0687e-02, -3.9334e-02, +9.9189e-03, +3.0906e-02, +6.2461e-02, +1.6590e-02, +9.3509e-02, +6.2634e-02, +4.6857e-02, -1.4665e-02, +3.7250e-03, +4.1753e-02, +8.9547e-02, -3.7948e-02, +2.6703e-02, +5.7252e-02, -2.6254e-02, -8.9470e-02, -4.8242e-03, -2.6851e-02, +7.7801e-02, +1.6016e-02, -4.6398e-02, +2.6254e-02, +1.3152e-02, -5.2040e-02, -6.7726e-02, -1.2618e-02, -3.6219e-02, -3.9217e-02, +3.9152e-03, +3.7181e-03, +4.3519e-02, -6.5454e-02, +1.9323e-02, -4.5192e-02, +8.3896e-03, -3.4070e-02, -2.2975e-02, +1.8254e-03
+2.7321e-02, +1.5244e-02, -3.8366e-02, -7.3361e-02, -4.6542e-02, -4.3420e-02, -1.0497e-01, -1.0000e+00, -3.5430e-02, -2.2488e-02, -7.7305e-02, -1.0485e-01, -1.9466e-02, +4.1540e-02, +2.5295e-02, +3.3811e-02, +1.0792e-01, -2.6175e-02, -2.4017e-03, +1.5481e-03, +1.6148e-01, +7.2727e-03, +9.4395e-02, -5.7948e-03, -1.7110e-02, -3.0580e-03, -9.6724e-02, -8.8418e-02, +2.5797e-02, -2.5113e-02, -5.8533e-02, +3.5984e-02, -7.8269e-03, -2.8880e-03, +4.0695e-02, +7.4611e-02, -8.2404e-02, -1.1922e-02, -2.3919e-02, +6.3144e-03, -3.9474e-03, +5.4038e-02, -7.3622e-02, +9.1681e-02, -1.5695e-01, +3.3059e-02, -2.4537e-02, +1.6723e-02, -8.5378e-02, +1.6835e-01
-8.6399e-02, +1.0851e-02, -3.5358e-02, +8.6679e-02, +4.8189e-02, -8.5019e-03, +5.3325e-03, -3.5430e-02, -1.0000e+00, +3.5356e-04, +5.7367e-02, +5.2468e-03, -6.3572e-02, -2.0175e-02, -2.1380e-03, -5.4237e-02, -4.9074e-02, +4.2512e-02, +1.0822e-02, +1.2119e-03, -4.4453e-02, +1.8722e-02, -6.4918e-03, +4.1730e-02, +2.6144e-02, +2.3513e-02, -1.8244e-02, +3.9210e-02, +4.6359e-02, +1.3276e-02, -1.0940e-02, -5.3521e-02, +2.2276e-02, -5.1777e-02, +5.9067e-02, +4.1105e-02, +1.4095e-02, +3.2051e-02, +3.5005e-02, +7.8630e-02, +5.7955e-02, -6.8389e-02, -6.1391e-03, -5.1083e-02, -5.7072e-02, -3.8622e-02, -3.6696e-03, +1.2202e-01, -4.1828e-02, +1.9661e-03
-2.9746e-02, -4.1776e-02, +6.9907e-02, +1.7252e-02, -1.5725e-02, -1.9243e-04, -2.7225e-02, -2.2488e-02, +3.5356e-04, -1.0000e+00, -1.6772e-02, -5.1237e-02, -2.8156e-02, -2.9835e-02, -2.2813e-02, +6.1825e-02, +9.9435e-02, +2.6560e-02, -7.9646e-03, -5.0459e-02, +5.8763e-02, +4.4277e-02, +9.4927e-02, -6.5598e-04, -2.8563e-02, -1.6166e-03, -6.5432e-03, -1.3218e-02, -1.6196e-02, -2.8863e-03, +1.5689e-03, +5.1331e-02, +3.6424e-02, +2.4600e-02, -9.6990e-03, -2.5806e-02, -8.7879e-02, +6.4239e-02, +2.8464e-02, +2.7349e-02, +5.9703e-02, +3.3302e-04, +6.7228e-02, +1.3252e-02, +1.2575e-03, -2.4193e-02, +1.8399e-02, -1.6562e-01, -1.6336e-02, +1.3357e-02
+9.7160e-02, +3.6103e-02, -1.3630e-01, -3.4820e-02, -1.6970e-01, -2.1537e-01, -2.0687e-02, -7.7305e-02, +5.7367e-02, -1.6772e-02, -1.0000e+00, -1.3916e-01, -2.9375e-02, -3.1515e-02, -2.2940e-02, -1.6279e-01, +1.3680e-02, -1.0374e-01, -1.0582e-01, +2.6204e-03, -2.1603e-02, +1.4748e-01, +1.4133e-01, +9.0594e-02, -1.3831e-02, -8.4942e-03, -5.2976e-02, -1.1974e-01, -1.0911e-01, -3.4115e-02, -1.5920e-01, +5.2573e-02, -6.1887e-02, +1.1705e-02, +1.2647e-02, -1.5968e-02, -3.9734e-02, -1.2514e-01, -5.8887e-02, +5.5435e-02, -1.3194e-02, -8.8287e-02, -1.5390e-02, -1.4289e-03, -5.0260e-02, -9.4359e-03, -7.9105e-02, +1.1285e-01, +3.2582e-02, +4.0250e-02
-3.2547e-02, -4.2438e-02, +7.3518e-03, -2.6002e-02, -5.8495e-02, -7.1233e-02, -3.9334e-02, -1.0485e-01, +5.2468e-03, -5.1237e-02, -1.3916e-01, -1.0000e+00, +5.3047e-02, -3.8016e-02, -1.0449e-02, -2.8579e-02, +1.0639e-01, -6.7037e-02, -9.4733e-02, +4.4169e-02, +2.3595e-02, -4.7697e-02, +1.4461e-01, +2.7133e-02, -5.0646e-02, +2.6725e-02, -8.3013e-02, -3.5338e-02, +2.4045e-02, +2.2954e-02, -1.2713e-01, +2.7126e-02, +1.2672e-02, +2.8835e-02, -2.3013e-02, -5.8122e-02, -1.2797e-01, -2.9307e-02, -7.6072e-02, -4.1058e-03, +5.7658e-02, +1.2580e-02, -4.6861e-02, +3.8726e-02, -2.1556e-02, +1.4014e-02, +1.0001e-02, +4.5980e-02, -5.4235e-03, +2.7867e-02
+2.4775e-02, +6.2294e-02, +1.7055e-02, +1.2801e-02, -6.1449e-02, -7.7126e-03, +9.9189e-03, -1.9466e-02, -6.3572e-02, -2.8156e-02, -2.9375e-02, +5.3047e-02, -1.0000e+00, +9.1243e-03, +3.1269e-02, -1.7262e-02, +8.6619e-02, -4.0164e-02, +5.2114e-03, +1.4512e-02, -2.1689e-02, +1.5119e-02, +8.2682e-02, +3.5384e-02, -4.3812e-02, -1.2120e-01, -1.0868e-02, +6.8035e-02, -2.6914e-02, -5.2509e-02, +5.8232e-03, +4.9318e-02, +1.4003e-02, -7.2476e-03, +9.3789e-03, -6.9525e-02, +1.8041e-02, -3.3230e-02, +2.9895e-02, +3.6752e-03, -2.9180e-03, +2.0313e-02, +1.9382e-02, +4.4550e-02, -1.1278e-01, +1.9519e-02, -2.7007e-03, -3.0018e-02, -3.4607e-03, +3.7137e-02
-3.3668e-02, +2.5424e-02, +5.6405e-02, +7.7047e-02, -3.9958e-02, -4.3831e-02, +3.0906e-02, +4.1540e-02, -2.0175e-02, -2.9835e-02, -3.1515e-02, -3.8016e-02, +9.1243e-03, -1.0000e+00, -2.6264e-02, -4.9608e-02, +5.7552e-02, -6.0693e-02, -1.2069e-01, +8.8910e-03, +6.4267e-02, +1.5042e-02, +3.7794e-02, -5.6353e-02, -4.5580e-02, -1.8897e-02, -1.0840e-01, -6.2371e-02, +3.5757e-03, -3.6466e-02, -1.3896e-01, +5.4261e-03, +2.4850e-02, -5.9866e-02, +6.8935e-02, -1.8879e-02, +6.0938e-02, +1.0322e-03, -7.0622e-02, -1.5946e-02, -7.1887e-02, -4.1571e-02, +2.9558e-02, -3.6582e-02, +8.1148e-02, -4.3714e-02, -2.5533e-02, +2.9068e-03, +3.0619e-02, -1.9264e-03
-2.4245e-02, -1.5652e-02, +1.9708e-01, -4.7436e-02, -6.2364e-02, -1.0467e-01, +6.2461e-02, +2.5295e-02, -2.1380e-03, -2.2813e-02, -2.2940e-02, -1.0449e-02, +3.1269e-02, -2.6264e-02, -1.0000e+00, +4.0055e-02, -8.2213e-02, +4.2268e-02, -6.2802e-02, -9.1524e-03, -1.6094e-02, +1.4618e-02, -9.4879e-02, -5.3268e-02, -8.6450e-03, +1.7917e-02, -9.4653e-02, -1.7079e-02, -2.5048e-02, -2.2965e-02, -8.9622e-02, +8.6033e-03, +1.3848e-02, -6.2726e-03, +1.1559e-02, +4.8412e-02, +6.3694e-02, -7.9357e-03, -1.6038e-02, +4.4040e-02, -2.0184e-02, -1.4574e-02, +6.7774e-03, +5.2110e-03, +3.8197e-02, -1.5585e-02, -2.7798e-02, +1.3822e-01, +2.0693e-02, +2.7795e-03
+6.4134e-02, -4.9774e-03, -1.1348e-01, +1.0043e-01, -3.8914e-02, -1.4193e-01, +1.6590e-02, +3.3811e-02, -5.4237e-02, +6.1825e-02, -1.6279e-01, -2.8579e-02, -1.7262e-02, -4.9608e-02, +4.0055e-02, -1.0000e+00, -7.6054e-03, -9.9764e-02, -7.2504e-02, -1.3399e-02, +1.0247e-01, +1.0832e-01, -8.5182e-02, +2.9937e-02, +5.1886e-03, -5.5453e-02, -6.9793e-02, -2.7534e-02, -5.4580e-02, +3.1688e-02, -1.2304e-01, -3.0162e-03, -1.2684e-01, -8.1546e-02, -1.4468e-02, -5.6584e-02, +3.6411e-02, +2.6101e-03, -7.4260e-02, -3.5714e-02, -3.6069e-02, +6.4759e-02, -2.4960e-02, +4.4598e-02, -2.5955e-02, -1.1622e-01, -7.4911e-02, +3.2905e-02, -9.7679e-02, -3.0934e-02
-1.6365e-02, +1.4561e-02, +2.2410e-02, +5.6401e-02, +3.1076e-02, +1.4437e-02, +9.3509e-02, +1.0792e-01, -4.9074e-02, +9.9435e-02, +1.3680e-02, +1.0639e-01, +8.6619e-02, +5.7552e-02, -8.2213e-02, -7.6054e-03, -1.0000e+00, -1.2786e-02, +2.1435e-02, -1.6329e-02, -3.9910e-02, +1.0826e-02, +8.1507e-02, +6.6742e-02, +3.4157e-02, +2.9378e-02, +6.7697e-03, +3.7473e-02, +5.0937e-02, -9.5121e-03, +9.7360e-02, -7.2311e-02, -4.1567e-02, -1.3986e-02, -6.3421e-02, +6.8152e-03, +2.7456e-02, -1.4086e-02, +3.1740e-02, +5.3650e-03, -3.7869e-03, +1.5857e-02, -2.4787e-02, -1.4149e-02, +7.4220e-02, +7.8835e-02, -1.3695e-02, +2.1141e-02, -2.3758e-02, +1.9367e-03
+8.0520e-02, +7.5276e-02, -1.2353e-01, +8.4301e-02, -7.5999e-02, -3.6480e-02, +6.2634e-02, -2.6175e-02, +4.2512e-02, +2.6560e-02, -1.0374e-01, -6.7037e-02, -4.0164e-02, -6.0693e-02, +4.2268e-02, -9.9764e-02, -1.2786e-02, -1.0000e+00, -8.0975e-03, -8.3750e-04, -2.3378e-02, -1.1087e-01, +4.5283e-02, +1.1406e-01, -5.3352e-02, -5.2479e-02, +4.7597e-02, -1.0287e-01, -6.2814e-02, +5.5998e-03, -2.9578e-02, +1.6940e-02, -2.3419e-02, +4.6321e-02, -5.8366e-02, -2.1336e-02, -4.6913e-02, -1.4826e-01, +2.1232e-02, -4.1495e-02, +3.6998e-02, -2.2440e-03, -6.2074e-02, +3.9286e-03, -4.1764e-02, +9.2770e-02, -1.1775e-01, +5.5297e-02, +4.9083e-02, +5.0110e-03
+2.0556e-02, +6.9603e-02, -2.6566e-03, +4.3232e-03, -3.1848e-02, -1.1395e-01, +4.6857e-02, -2.4017e-03, +1.0822e-02, -7.9646e-03, -1.0582e-01, -9.4733e-02, +5.2114e-03, -1.2069e-01, -6.2802e-02, -7.2504e-02, +2.1435e-02, -8.0975e-03, -1.0000e+00, -1.3037e-02, +1.4814e-02, -1.0289e-01, +5.6096e-02, -2.5918e-02, +2.2693e-03, -2.3472e-03, -8.6975e-02, -1.0479e-01, -1.9236e-02, +3.6093e-02, -1.1541e-01, +4.9142e-02, +7.0048e-02, -4.0702e-02, +1.6457e-02, -2.5344e-02, +5.2337e-02, -1.0238e-01, -8.3688e-02, +5.9229e-02, -1.4287e-02, -5.6971e-02, -3.7267e-02, -4.7966e-02, +4.7545e-02, -4.1908e-02, -7.1670e-02, +7.9280e-02, +1.1955e-02, +1.7231e-02
+3.1483e-02, +2.2312e-02, +3.6295e-04, -5.9457e-02, -2.5065e-03, +5.9891e-03, -1.4664e-02, +1.5481e-03, +1.2119e-03, -5.0459e-02, +2.6204e-03, +4.4169e-02, +1.4512e-02, +8.8910e-03, -9.1524e-03, -1.3399e-02, -1.6329e-02, -8.3750e-04, -1.3037e-02, -1.0000e+00, +2.0201e-02, -8.7812e-02, -1.1466e-02, -3.5534e-03, -4.3670e-02, -5.1212e-02, +1.5678e-02, +3.0564e-02, -7.2398e-03, +8.5701e-03, +1.4855e-02, +1.3750e-02, +2.6944e-04, +1.9881e-02, +1.6304e-03, +8.7368e-03, -2.4592e-02, +1.0051e-02, +1.0096e-02, +4.1339e-02, -4.2943e-02, +2.2742e-02, +1.6454e-02, +1.4379e-02, +3.3699e-02, +3.8957e-03, -9.4515e-03, -4.1382e-02, +1.3063e-02, -2.2976e-03
-2.5277e-02, -3.4957e-03, -6.8423e-02, +2.5863e-02, +1.2310e-02, -1.1001e-02, +3.7250e-03, +1.6148e-01, -4.4453e-02, +5.8763e-02, -2.1603e-02, +2.3595e-02, -2.1689e-02, +6.4267e-02, -1.6094e-02, +1.0247e-01, -3.9910e-02, -2.3378e-02, +1.4814e-02, +2.0201e-02, -1.0000e+00, -1.3767e-02, +1.2302e-02, -2.4815e-02, -2.0933e-02, +7.5234e-02, +9.1919e-02, -1.0048e-02, +6.7649e-03, -1.9650e-02, +2.3005e-02, -5.9997e-02, +1.0225e-02, -6.2170e-02, +2.1218e-02, +2.9711e-02, +9.2409e-02, -7.1047e-02, +1.5640e-02, +9.3471e-02, +6.5886e-04, -2.0303e-02, +9.6449e-03, +1.6333e-01, +6.4672e-02, -8.1052e-03, +9.9266e-03, +1.8719e-01, +5.6655e-02, -7.7817e-03
+4.1529e-04, +4.5061e-02, -1.4068e-01, +1.5043e-02, +4.7237e-02, +6.1482e-02, +4.1753e-02, +7.2727e-03, +1.8722e-02, +4.4277e-02, +1.4748e-01, -4.7697e-02, +1.5119e-02, +1.5042e-02, +1.4618e-02, +1.0832e-01, +1.0826e-02, -1.1087e-01, -1.0289e-01, -8.7812e-02, -1.3767e-02, -1.0000e+00, -2.6530e-02, +1.2364e-01, -4.1834e-03, -6.8180e-02, -9.5364e-02, -7.4736e-02, +7.8860e-02, +8.4667e-02, +8.2132e-02, -2.3926e-02, -2.0831e-02, +9.3729e-02, +3.1477e-03, -6.0146e-02, +1.1122e-01, -9.8290e-02, +3.0193e-02, -4.8380e-02, +6.8235e-02, +7.0801e-04, -8.1036e-02, +1.4932e-02, -1.2587e-01, +1.2409e-01, -6.9879e-02, +1.1173e-01, -5.0034e-02, +2.4037e-02
+1.2900e-02, +9.2477e-03, +1.0707e-01, +9.6534e-02, +3.3505e-02, +4.3299e-02, +8.9547e-02, +9.4395e-02, -6.4918e-03, +9.4927e-02, +1.4133e-01, +1.4461e-01, +8.2682e-02, +3.7794e-02, -9.4879e-02, -8.5182e-02, +8.1507e-02, +4.5283e-02, +5.6096e-02, -1.1466e-02, +1.2302e-02, -2.6530e-02, -1.0000e+00, -9.7233e-02, +3.4340e-02, +4.2234e-02, +1.6460e-02, +4.8236e-02, +6.8061e-02, +9.8821e-02, +4.5784e-02, -8.1714e-02, -7.4550e-02, -2.0540e-02, -1.0286e-02, -2.4381e-02, +5.2820e-02, +1.5147e-03, +8.3826e-02, +2.8844e-02, +1.5768e-03, -1.4154e-02, -1.9308e-02, -7.8271e-02, +1.0373e-01, -9.1312e-03, +5.2369e-02, +8.4369e-02, -6.8284e-02, +2.9797e-02
-4.2771e-02, +3.3487e-02, +5.9818e-02, -5.8802e-02, +2.4365e-02, +5.8721e-03, -3.7948e-02, -5.7948e-03, +4.1730e-02, -6.5599e-04, +9.0594e-02, +2.7133e-02, +3.5384e-02, -5.6353e-02, -5.3268e-02, +2.9937e-02, +6.6742e-02, +1.1406e-01, -2.5918e-02, -3.5534e-03, -2.4815e-02, +1.2364e-01, -9.7233e-02, -1.0000e+00, +6.7150e-02, +5.3807e-02, -6.6974e-02, +4.3451e-02, +3.6705e-02, +3.0141e-02, -5.3248e-02, -6.8271e-03, +2.8060e-02, -3.6120e-02, +3.1387e-02, +4.2689e-02, +1.0007e-01, +5.8566e-02, -5.5548e-02, -1.2948e-02, -4.3884e-02, +3.7768e-02, +3.2940e-02, -1.7858e-02, +6.2200e-03, -1.4841e-01, -8.9650e-02, -8.7023e-03, +7.2977e-04, -5.6925e-02
-2.2332e-02, -5.4194e-03, -4.1389e-02, -7.0056e-02, +8.4202e-03, +4.3830e-02, +2.6703e-02, -1.7110e-02, +2.6144e-02, -2.8563e-02, -1.3831e-02, -5.0646e-02, -4.3812e-02, -4.5580e-02, -8.6450e-03, +5.1886e-03, +3.4157e-02, -5.3352e-02, +2.2693e-03, -4.3670e-02, -2.0933e-02, -4.1834e-03, +3.4340e-02, +6.7150e-02, -1.0000e+00, +2.3808e-02, +3.2531e-03, -4.3240e-02, -5.5435e-02, -1.5547e-03, -9.2347e-03, +7.1482e-03, -2.1158e-02, -2.7290e-02, -6.4150e-02, +1.6275e-02, -3.0761e-02, -6.7937e-02, -7.7311e-03, +2.1448e-02, +2.6002e-02, -6.1247e-03, +4.0438e-03, +3.6411e-02, +5.7922e-02, +5.4485e-02, -4.4808e-02, +7.0950e-02, +3.8521e-02, -3.5904e-02
+5.3468e-02, +3.5624e-02, -3.1670e-02, -8.2589e-02, -4.1376e-02, -1.8656e-02, +5.7252e-02, -3.0580e-03, +2.3513e-02, -1.6166e-03, -8.4942e-03, +2.6725e-02, -1.2120e-01, -1.8897e-02, +1.7917e-02, -5.5453e-02, +2.9378e-02, -5.2479e-02, -2.3471e-03, -5.1212e-02, +7.5234e-02, -6.8180e-02, +4.2234e-02, +5.3807e-02, +2.3808e-02, -1.0000e+00, -6.2284e-02, +2.4000e-02, -2.5016e-02, +2.1594e-02, -4.1718e-02, +9.3344e-03, +3.8450e-02, +1.7268e-03, +3.1482e-02, +3.7717e-03, +9.3360e-03, +8.4964e-02, +2.2392e-02, -6.4551e-02, -5.5508e-02, -1.1649e-02, -1.2914e-02, +5.0581e-03, -1.7112e-01, +4.1854e-02, -3.8685e-03, +8.8464e-03, +6.5254e-02, +6.9489e-02
-4.1326e-02, +8.7826e-02, -4.3246e-02, -3.8140e-02, -6.6068e-02, -9.1635e-02, -2.6254e-02, -9.6724e-02, -1.8244e-02, -6.5432e-03, -5.2976e-02, -8.3013e-02, -1.0868e-02, -1.0840e-01, -9.4653e-02, -6.9793e-02, +6.7697e-03, +4.7597e-02, -8.6975e-02, +1.5678e-02, +9.1919e-02, -9.5364e-02, +1.6460e-02, -6.6974e-02, +3.2531e-03, -6.2284e-02, -1.0000e+00, -7.2293e-02, -6.6632e-02, +1.6499e-03, -1.6412e-01, -7.3197e-03, +6.6646e-02, +2.6552e-02, +9.7325e-02, +2.7526e-02, +1.6419e-02, -7.7885e-02, -3.4120e-02, +2.4538e-02, -3.7673e-02, -4.1359e-02, -2.1888e-02, +6.0495e-03, -7.6851e-02, +3.1693e-02, -7.3434e-02, +1.0630e-01, +4.0447e-02, +1.6674e-02
-7.6569e-02, +7.2825e-02, -8.1504e-02, -1.0977e-02, -6.1859e-02, -1.5517e-02, -8.9470e-02, -8.8418e-02, +3.9210e-02, -1.3218e-02, -1.1974e-01, -3.5338e-02, +6.8035e-02, -6.2371e-02, -1.7079e-02, -2.7534e-02, +3.7473e-02, -1.0287e-01, -1.0479e-01, +3.0564e-02, -1.0048e-02, -7.4736e-02, +4.8236e-02, +4.3451e-02, -4.3240e-02, +2.4000e-02, -7.2293e-02, -1.0000e+00, -5.7541e-02, +4.0317e-02, -9.5156e-02, -1.7121e-02, -6.4610e-02, +1.0771e-02, -1.7736e-02, -1.1584e-02, +2.9413e-02, -1.5792e-01, -2.5568e-02, +6.0285e-02, -2.2118e-02, -9.9774e-02, -6.7331e-03, -5.2584e-02, +1.3117e-02, +1.4208e-02, -1.1233e-01, +1.6600e-01, +5.2989e-02, +4.6040e-03
+7.8749e-02, +3.8668e-02, +4.4637e-02, -8.4052e-02, -6.3110e-02, -3.0662e-02, -4.8242e-03, +2.5797e-02, +4.6359e-02, -1.6196e-02, -1.0911e-01, +2.4045e-02, -2.6914e-02, +3.5757e-03, -2.5048e-02, -5.4580e-02, +5.0937e-02, -6.2814e-02, -1.9236e-02, -7.2398e-03, +6.7649e-03, +7.8860e-02, +6.8061e-02, +3.6705e-02, -5.5435e-02, -2.5016e-02, -6.6632e-02, -5.7541e-02, -1.0000e+00, -7.3858e-02, -9.0941e-02, +3.5403e-02, -4.3479e-03, +1.5756e-02, +7.0572e-02, -3.2180e-02, +1.5922e-03, -1.0811e-01, +1.5173e-02, +4.2745e-02, +6.0320e-02, +4.2567e-03, +4.3775e-03, +6.2667e-02, +1.9454e-02, +4.0831e-03, -4.0994e-02, +1.2953e-02, +3.7448e-02, -3.9907e-02
+4.0064e-02, +3.6977e-02, +1.0598e-01, -1.3888e-01, -8.9442e-02, +1.7234e-02, -2.6851e-02, -2.5113e-02, +1.3276e-02, -2.8863e-03, -3.4115e-02, +2.2954e-02, -5.2509e-02, -3.6466e-02, -2.2965e-02, +3.1688e-02, -9.5121e-03, +5.5998e-03, +3.6093e-02, +8.5701e-03, -1.9650e-02, +8.4667e-02, +9.8821e-02, +3.0141e-02, -1.5547e-03, +2.1594e-02, +1.6499e-03, +4.0317e-02, -7.3858e-02, -1.0000e+00, -7.4252e-02, -1.0335e-02, -4.3479e-02, +1.5444e-02, +1.3195e-01, -3.6518e-02, +7.4981e-03, -2.7639e-02, +1.7868e-02, -8.3730e-03, +3.1394e-02, -7.2821e-02, +2.1523e-02, +2.5777e-02, -7.3569e-02, +2.3396e-02, -3.2569e-02, +3.2066e-02, +1.6184e-02, -4.7782e-02
+2.2447e-02, -2.5232e-02, -9.2691e-03, -5.5079e-02, -1.2991e-02, -1.7206e-01, +7.7801e-02, -5.8533e-02, -1.0940e-02, +1.5689e-03, -1.5920e-01, -1.2713e-01, +5.8232e-03, -1.3896e-01, -8.9622e-02, -1.2304e-01, +9.7360e-02, -2.9578e-02, -1.1541e-01, +1.4855e-02, +2.3005e-02, +8.2132e-02, +4.5784e-02, -5.3248e-02, -9.2347e-03, -4.1718e-02, -1.6412e-01, -9.5156e-02, -9.0941e-02, -7.4252e-02, -1.0000e+00, -2.1849e-03, +4.2137e-02, -6.3917e-02, +1.0265e-01, +6.0245e-02, +7.7608e-02, -1.7027e-01, -2.1933e-02, +8.5407e-02, -1.7289e-01, -9.0911e-02, -4.3106e-02, +1.4397e-02, -9.5148e-02, -4.0330e-02, -7.7321e-02, +3.2361e-01, +6.6235e-02, -5.1292e-02
-1.0105e-01, +2.9698e-02, -9.5027e-02, -1.1147e-02, +2.9250e-02, -6.9956e-03, +1.6016e-02, +3.5984e-02, -5.3521e-02, +5.1331e-02, +5.2573e-02, +2.7126e-02, +4.9318e-02, +5.4261e-03, +8.6033e-03, -3.0162e-03, -7.2311e-02, +1.6940e-02, +4.9142e-02, +1.3750e-02, -5.9997e-02, -2.3926e-02, -8.1714e-02, -6.8271e-03, +7.1482e-03, +9.3344e-03, -7.3197e-03, -1.7121e-02, +3.5403e-02, -1.0335e-02, -2.1849e-03, -1.0000e+00, -5.0170e-02, -4.9674e-03, +8.7177e-03, +1.0335e-02, +1.9298e-02, -5.6204e-02, +2.4377e-02, -3.0695e-02, +9.5766e-03, -6.4734e-02, -4.5987e-02, +3.5355e-02, +3.3451e-02, +6.4984e-02, +2.1570e-02, +1.1686e-01, -1.9807e-02, -4.2651e-02
+1.1195e-01, -9.8412e-03, -1.5724e-01, +2.2624e-02, -7.6224e-02, -5.9134e-02, -4.6398e-02, -7.8269e-03, +2.2276e-02, +3.6424e-02, -6.1887e-02, +1.2672e-02, +1.4003e-02, +2.4850e-02, +1.3848e-02, -1.2684e-01, -4.1567e-02, -2.3419e-02, +7.0048e-02, +2.6944e-04, +1.0225e-02, -2.0831e-02, -7.4550e-02, +2.8060e-02, -2.1158e-02, +3.8450e-02, +6.6646e-02, -6.4610e-02, -4.3479e-03, -4.3479e-02, +4.2137e-02, -5.0170e-02, -1.0000e+00, +6.3807e-02, -1.7050e-02, -1.5466e-02, -7.0379e-02, -7.5446e-02, +8.3035e-03, -7.6612e-02, +2.8797e-02, -6.0154e-02, +9.8222e-03, +1.0860e-02, -3.1105e-02, +1.3657e-02, +3.6243e-03, -2.7817e-02, -1.6911e-02, +4.9130e-02
-1.2816e-02, +4.4304e-02, +6.7814e-02, -4.5522e-02, +2.4471e-03, -1.8495e-02, +2.6254e-02, -2.8881e-03, -5.1777e-02, +2.4600e-02, +1.1705e-02, +2.8835e-02, -7.2476e-03, -5.9866e-02, -6.2727e-03, -8.1546e-02, -1.3986e-02, +4.6321e-02, -4.0702e-02, +1.9881e-02, -6.2170e-02, +9.3729e-02, -2.0540e-02, -3.6120e-02, -2.7290e-02, +1.7268e-03, +2.6552e-02, +1.0771e-02, +1.5756e-02, +1.5444e-02, -6.3917e-02, -4.9674e-03, +6.3807e-02, -1.0000e+00, +3.2161e-02, +5.0717e-02, +6.3700e-02, -9.6885e-03, -1.6940e-02, +4.6010e-02, -1.1387e-02, -2.4669e-02, -5.1678e-02, +9.2200e-03, +3.6233e-03, +2.5471e-02, +2.6970e-02, +3.0054e-02, -1.5757e-02, -3.6755e-02
-4.5341e-02, -5.7676e-02, +1.5252e-02, +7.7854e-02, +5.4701e-02, +3.2175e-02, +1.3152e-02, +4.0695e-02, +5.9067e-02, -9.6990e-03, +1.2647e-02, -2.3013e-02, +9.3789e-03, +6.8935e-02, +1.1559e-02, -1.4468e-02, -6.3421e-02, -5.8366e-02, +1.6457e-02, +1.6304e-03, +2.1218e-02, +3.1478e-03, -1.0286e-02, +3.1387e-02, -6.4150e-02, +3.1482e-02, +9.7325e-02, -1.7736e-02, +7.0572e-02, +1.3195e-01, +1.0265e-01, +8.7177e-03, -1.7050e-02, +3.2161e-02, -1.0000e+00, -4.7662e-02, -5.4011e-02, +9.8355e-02, -9.8224e-03, -5.9830e-02, +3.9930e-02, +6.2018e-02, -8.8647e-03, +2.1824e-03, +6.0036e-02, +2.7361e-02, -8.8907e-03, -1.1028e-01, -3.4342e-02, -1.3229e-03
+5.1464e-02, -3.1679e-02, -5.9942e-02, +1.2621e-02, -1.0825e-02, +3.3178e-02, -5.2040e-02, +7.4611e-02, +4.1105e-02, -2.5806e-02, -1.5968e-02, -5.8122e-02, -6.9525e-02, -1.8879e-02, +4.8412e-02, -5.6584e-02, +6.8152e-03, -2.1336e-02, -2.5344e-02, +8.7368e-03, +2.9711e-02, -6.0146e-02, -2.4381e-02, +4.2689e-02, +1.6275e-02, +3.7717e-03, +2.7526e-02, -1.1584e-02, -3.2180e-02, -3.6518e-02, +6.0245e-02, +1.0335e-02, -1.5466e-02, +5.0717e-02, -4.7662e-02, -1.0000e+00, -2.4763e-02, +1.9473e-02, +2.6889e-02, -9.8694e-02, +5.4108e-02, +1.5152e-02, -1.5581e-02, +4.2789e-02, +3.7687e-02, -3.3382e-02, -1.0523e-02, -1.2709e-01, -5.6766e-02, +5.5543e-02
+6.5443e-02, -2.5983e-02, -1.0204e-01, +3.7037e-02, -2.5936e-02, -1.2541e-03, -6.7726e-02, -8.2404e-02, +1.4095e-02, -8.7879e-02, -3.9734e-02, -1.2797e-01, +1.8041e-02, +6.0938e-02, +6.3694e-02, +3.6411e-02, +2.7456e-02, -4.6913e-02, +5.2337e-02, -2.4592e-02, +9.2409e-02, +1.1122e-01, +5.2820e-02, +1.0007e-01, -3.0761e-02, +9.3360e-03, +1.6419e-02, +2.9413e-02, +1.5922e-03, +7.4981e-03, +7.7608e-02, +1.9298e-02, -7.0379e-02, +6.3700e-02, -5.4011e-02, -2.4763e-02, -1.0000e+00, -3.7710e-02, +5.7268e-02, -7.6631e-02, +1.2079e-01, +5.3876e-02, +8.2398e-02, +1.1163e-01, +1.0676e-01, +4.0009e-02, +5.5968e-02, -8.7494e-02, +3.3079e-02, -3.0449e-03
-2.4451e-02, +2.1015e-02, -3.4398e-02, -2.7183e-03, +7.5460e-02, -9.5862e-02, -1.2618e-02, -1.1922e-02, +3.2051e-02, +6.4239e-02, -1.2514e-01, -2.9307e-02, -3.3230e-02, +1.0322e-03, -7.9357e-03, +2.6101e-03, -1.4086e-02, -1.4826e-01, -1.0238e-01, +1.0051e-02, -7.1047e-02, -9.8290e-02, +1.5147e-03, +5.8566e-02, -6.7937e-02, +8.4964e-02, -7.7885e-02, -1.5792e-01, -1.0811e-01, -2.7639e-02, -1.7027e-01, -5.6204e-02, -7.5446e-02, -9.6885e-03, +9.8355e-02, +1.9473e-02, -3.7710e-02, -1.0000e+00, +9.7104e-03, +1.0112e-01, -2.4587e-02, -3.8875e-02, -9.8024e-03, +9.9180e-05, -3.3329e-02, +1.1124e-01, -8.6141e-02, +2.4995e-01, +8.9594e-03, -6.9250e-03
+3.3432e-02, +2.0513e-02, -4.8774e-02, -5.9214e-02, -3.2115e-02, -2.8782e-02, -3.6219e-02, -2.3919e-02, +3.5005e-02, +2.8464e-02, -5.8887e-02, -7.6072e-02, +2.9895e-02, -7.0622e-02, -1.6038e-02, -7.4260e-02, +3.1740e-02, +2.1232e-02, -8.3688e-02, +1.0096e-02, +1.5640e-02, +3.0193e-02, +8.3826e-02, -5.5548e-02, -7.7311e-03, +2.2392e-02, -3.4120e-02, -2.5568e-02, +1.5173e-02, +1.7868e-02, -2.1933e-02, +2.4377e-02, +8.3035e-03, -1.6940e-02, -9.8224e-03, +2.6889e-02, +5.7268e-02, +9.7103e-03, -1.0000e+00, -6.3303e-02, -4.5835e-02, -1.8511e-02, -2.4917e-02, +9.0446e-03, +3.2790e-03, -3.0542e-02, -9.3874e-02, +2.9167e-02, -6.7467e-03, +1.6218e-03
-2.7694e-02, +2.9460e-02, -1.6619e-02, +1.4365e-02, -2.3532e-02, +1.1167e-02, -3.9217e-02, +6.3144e-03, +7.8630e-02, +2.7349e-02, +5.5435e-02, -4.1058e-03, +3.6752e-03, -1.5946e-02, +4.4040e-02, -3.5714e-02, +5.3650e-03, -4.1495e-02, +5.9229e-02, +4.1339e-02, +9.3471e-02, -4.8380e-02, +2.8844e-02, -1.2948e-02, +2.1448e-02, -6.4551e-02, +2.4538e-02, +6.0285e-02, +4.2745e-02, -8.3730e-03, +8.5407e-02, -3.0695e-02, -7.6612e-02, +4.6010e-02, -5.9830e-02, -9.8694e-02, -7.6631e-02, +1.0112e-01, -6.3303e-02, -1.0000e+00, +5.0870e-03, +2.3284e-02, -2.9025e-02, +3.5901e-03, -4.7032e-02, +1.5632e-02, +4.4166e-02, -7.8839e-02, +5.7993e-03, +2.8328e-02
-2.8539e-02, +3.9751e-02, +4.0431e-02, -1.3231e-01, +8.9491e-03, -1.1800e-02, +3.9152e-03, -3.9474e-03, +5.7955e-02, +5.9703e-02, -1.3194e-02, +5.7658e-02, -2.9180e-03, -7.1887e-02, -2.0184e-02, -3.6069e-02, -3.7869e-03, +3.6998e-02, -1.4287e-02, -4.2943e-02, +6.5885e-04, +6.8235e-02, +1.5768e-03, -4.3884e-02, +2.6002e-02, -5.5508e-02, -3.7673e-02, -2.2118e-02, +6.0320e-02, +3.1394e-02, -1.7289e-01, +9.5766e-03, +2.8797e-02, -1.1387e-02, +3.9930e-02, +5.4108e-02, +1.2079e-01, -2.4587e-02, -4.5835e-02, +5.0870e-03, -1.0000e+00, +8.1610e-03, -2.3537e-02, -2.3106e-02, +1.8112e-02, -3.7381e-02, -2.8145e-02, +4.6692e-02, +4.9080e-03, -6.9800e-02
+5.1828e-03, +5.1028e-02, +9.1223e-03, +2.4154e-02, -3.4375e-02, -4.2450e-02, +3.7181e-03, +5.4038e-02, -6.8389e-02, +3.3302e-04, -8.8287e-02, +1.2580e-02, +2.0313e-02, -4.1571e-02, -1.4574e-02, +6.4759e-02, +1.5857e-02, -2.2440e-03, -5.6971e-02, +2.2742e-02, -2.0303e-02, +7.0802e-04, -1.4154e-02, +3.7768e-02, -6.1247e-03, -1.1649e-02, -4.1359e-02, -9.9774e-02, +4.2567e-03, -7.2821e-02, -9.0911e-02, -6.4734e-02, -6.0154e-02, -2.4669e-02, +6.2018e-02, +1.5152e-02, +5.3876e-02, -3.8875e-02, -1.8511e-02, +2.3284e-02, +8.1610e-03, -1.0000e+00, -1.1576e-02, -1.2566e-02, -4.2246e-02, +1.9063e-02, +9.7186e-03, +1.3398e-01, +7.5430e-02, +4.6457e-02
-1.7266e-02, +3.2148e-02, -2.7824e-02, +5.8900e-02, -3.5161e-02, -2.3517e-02, +4.3519e-02, -7.3622e-02, -6.1391e-03, +6.7228e-02, -1.5390e-02, -4.6861e-02, +1.9382e-02, +2.9558e-02, +6.7774e-03, -2.4960e-02, -2.4787e-02, -6.2074e-02, -3.7267e-02, +1.6454e-02, +9.6449e-03, -8.1036e-02, -1.9308e-02, +3.2940e-02, +4.0438e-03, -1.2914e-02, -2.1888e-02, -6.7331e-03, +4.3775e-03, +2.1523e-02, -4.3106e-02, -4.5987e-02, +9.8222e-03, -5.1678e-02, -8.8647e-03, -1.5581e-02, +8.2398e-02, -9.8024e-03, -2.4917e-02, -2.9025e-02, -2.3537e-02, -1.1576e-02, -1.0000e+00, -6.4329e-03, -5.7565e-02, -1.6457e-02, -7.0885e-02, +1.0153e-01, -2.6418e-02, +5.5943e-02
-4.3317e-02, +5.0691e-03, -3.4583e-02, +4.9001e-02, +2.5271e-02, -3.2380e-02, -6.5454e-02, +9.1681e-02, -5.1083e-02, +1.3252e-02, -1.4289e-03, +3.8726e-02, +4.4550e-02, -3.6582e-02, +5.2110e-03, +4.4598e-02, -1.4149e-02, +3.9286e-03, -4.7966e-02, +1.4379e-02, +1.6333e-01, +1.4932e-02, -7.8271e-02, -1.7858e-02, +3.6411e-02, +5.0581e-03, +6.0495e-03, -5.2584e-02, +6.2667e-02, +2.5777e-02, +1.4397e-02, +3.5355e-02, +1.0860e-02, +9.2200e-03, +2.1824e-03, +4.2789e-02, +1.1163e-01, +9.9181e-05, +9.0446e-03, +3.5901e-03, -2.3106e-02, -1.2566e-02, -6.4329e-03, -1.0000e+00, +2.1279e-02, -1.9473e-02, +4.9769e-02, -4.1536e-03, -8.5072e-03, +1.8730e-01
+4.7646e-02, -5.1347e-03, -4.4542e-02, +4.1931e-02, -7.4453e-03, +2.4398e-03, +1.9323e-02, -1.5695e-01, -5.7072e-02, +1.2575e-03, -5.0260e-02, -2.1556e-02, -1.1278e-01, +8.1148e-02, +3.8197e-02, -2.5955e-02, +7.4220e-02, -4.1764e-02, +4.7545e-02, +3.3699e-02, +6.4672e-02, -1.2587e-01, +1.0373e-01, +6.2200e-03, +5.7922e-02, -1.7112e-01, -7.6851e-02, +1.3117e-02, +1.9454e-02, -7.3569e-02, -9.5148e-02, +3.3451e-02, -3.1105e-02, +3.6233e-03, +6.0036e-02, +3.7687e-02, +1.0676e-01, -3.3329e-02, +3.2790e-03, -4.7032e-02, +1.8112e-02, -4.2246e-02, -5.7565e-02, +2.1279e-02, -1.0000e+00, +3.4216e-02, -1.0305e-01, +1.4470e-01, +1.5464e-02, -1.5037e-02
+4.3107e-02, +2.6165e-02, -3.2585e-02, -1.4118e-01, -8.5250e-02, -3.5250e-02, -4.5192e-02, +3.3059e-02, -3.8622e-02, -2.4193e-02, -9.4359e-03, +1.4014e-02, +1.9519e-02, -4.3714e-02, -1.5585e-02, -1.1622e-01, +7.8835e-02, +9.2770e-02, -4.1908e-02, +3.8957e-03, -8.1052e-03, +1.2409e-01, -9.1312e-03, -1.4841e-01, +5.4485e-02, +4.1854e-02, +3.1693e-02, +1.4208e-02, +4.0831e-03, +2.3396e-02, -4.0330e-02, +6.4984e-02, +1.3657e-02, +2.5471e-02, +2.7361e-02, -3.3382e-02, +4.0009e-02, +1.1124e-01, -3.0542e-02, +1.5632e-02, -3.7381e-02, +1.9063e-02, -1.6457e-02, -1.9473e-02, +3.4216e-02, -1.0000e+00, -3.2600e-02, +2.0490e-02, +4.1241e-02, -5.3264e-02
-3.3453e-02, -2.4696e-02, +1.0319e-02, -3.8068e-02, -5.5847e-02, -1.0339e-01, +8.3896e-03, -2.4537e-02, -3.6696e-03, +1.8399e-02, -7.9105e-02, +1.0001e-02, -2.7007e-03, -2.5533e-02, -2.7798e-02, -7.4911e-02, -1.3695e-02, -1.1775e-01, -7.1670e-02, -9.4515e-03, +9.9265e-03, -6.9879e-02, +5.2369e-02, -8.9650e-02, -4.4808e-02, -3.8685e-03, -7.3434e-02, -1.1233e-01, -4.0994e-02, -3.2569e-02, -7.7321e-02, +2.1570e-02, +3.6243e-03, +2.6970e-02, -8.8907e-03, -1.0523e-02, +5.5968e-02, -8.6141e-02, -9.3874e-02, +4.4166e-02, -2.8145e-02, +9.7186e-03, -7.0885e-02, +4.9769e-02, -1.0305e-01, -3.2600e-02, -1.0000e+00, +9.0180e-02, -1.2546e-02, -1.0200e-02
+4.6780e-02, -1.2129e-01, +1.2267e-01, +3.3346e-02, +1.2953e-01, +1.6937e-01, -3.4070e-02, +1.6723e-02, +1.2202e-01, -1.6562e-01, +1.1285e-01, +4.5980e-02, -3.0018e-02, +2.9068e-03, +1.3822e-01, +3.2905e-02, +2.1141e-02, +5.5297e-02, +7.9280e-02, -4.1382e-02, +1.8719e-01, +1.1173e-01, +8.4369e-02, -8.7024e-03, +7.0950e-02, +8.8464e-03, +1.0630e-01, +1.6600e-01, +1.2953e-02, +3.2066e-02, +3.2361e-01, +1.1686e-01, -2.7817e-02, +3.0054e-02, -1.1028e-01, -1.2709e-01, -8.7494e-02, +2.4995e-01, +2.9167e-02, -7.8839e-02, +4.6692e-02, +1.3398e-01, +1.0153e-01, -4.1536e-03, +1.4470e-01, +2.0490e-02, +9.0180e-02, -1.0000e+00, -6.8831e-02, +1.4055e-01
+7.3003e-02, -1.5554e-02, -3.1145e-03, +2.1314e-02, -1.7144e-02, +2.8002e-02, -2.2975e-02, -8.5378e-02, -4.1828e-02, -1.6336e-02, +3.2582e-02, -5.4235e-03, -3.4607e-03, +3.0619e-02, +2.0693e-02, -9.7679e-02, -2.3758e-02, +4.9083e-02, +1.1955e-02, +1.3063e-02, +5.6655e-02, -5.0034e-02, -6.8284e-02, +7.2977e-04, +3.8521e-02, +6.5254e-02, +4.0447e-02, +5.2989e-02, +3.7448e-02, +1.6184e-02, +6.6235e-02, -1.9807e-02, -1.6911e-02, -1.5757e-02, -3.4342e-02, -5.6766e-02, +3.3079e-02, +8.9594e-03, -6.7467e-03, +5.7993e-03, +4.9081e-03, +7.5430e-02, -2.6418e-02, -8.5072e-03, +1.5464e-02, +4.1241e-02, -1.2546e-02, -6.8831e-02, -1.0000e+00, -2.7695e-02
-2.1966e-02, +4.4289e-02, +4.1881e-02, -1.7129e-02, +4.9864e-02, +1.2482e-02, +1.8254e-03, +1.6835e-01, +1.9661e-03, +1.3357e-02, +4.0250e-02, +2.7867e-02, +3.7137e-02, -1.9264e-03, +2.7795e-03, -3.0934e-02, +1.9367e-03, +5.0110e-03, +1.7231e-02, -2.2976e-03, -7.7817e-03, +2.4037e-02, +2.9797e-02, -5.6925e-02, -3.5904e-02, +6.9489e-02, +1.6674e-02, +4.6040e-03, -3.9907e-02, -4.7782e-02, -5.1292e-02, -4.2651e-02, +4.9130e-02, -3.6755e-02, -1.3229e-03, +5.5543e-02, -3.0449e-03, -6.9250e-03, +1.6218e-03, +2.8328e-02, -6.9800e-02, +4.6457e-02, +5.5943e-02, +1.8730e-01, -1.5037e-02, -5.3264e-02, -1.0200e-02, +1.4055e-01, -2.7695e-02, -1.0000e+00
