-1.0000e+00, +9.3050e-03, -4.3777e-02, -1.9421e-02, -8.9078e-02, -1.6195e-01, +1.9136e-01, +3.9845e-02, +1.8952e-02, -1.7106e-02, -2.9576e-01, +9.2284e-02, +7.5927e-02, -9.9136e-02, -2.8995e-01, -3.3296e-01, +1.4802e-02, -5.2213e-02, -9.7303e-02, -3.3683e-02, -1.4351e-01, -5.7174e-02, +1.3162e-02, +6.2528e-02, -1.4175e-01, -1.4675e-01, -4.5605e-02, -7.6096e-02, -9.6863e-02, -1.2379e-02, -2.0232e-01, -8.2257e-03, +2.2831e-02, -2.1206e-02, -5.0928e-02, +5.2788e-02, +2.1387e-01, -8.1723e-03, +3.8921e-02, +2.6429e-02, -1.6652e-01, -1.3050e-02, -8.8820e-02, +3.1293e-01, -9.0934e-02, +4.6594e-02, -1.7954e-01, +3.6523e-01, -2.0336e-03, +1.0559e-01
+9.3050e-03, -1.0000e+00, -7.5188e-02, -3.4588e-02, +7.7092e-02, +1.1350e-01, +9.5709e-02, -6.6647e-02, -3.5545e-02, +1.7350e-02, -2.3276e-02, +1.3414e-01, -1.9632e-02, -4.6168e-02, +8.3554e-02, +1.3409e-01, -2.7307e-03, -1.9949e-02, -9.4210e-02, +1.0713e-01, +3.6501e-02, +7.3259e-02, +4.8825e-03, +9.2870e-02, +6.0438e-02, -6.2223e-02, -3.5107e-02, +4.1182e-02, +5.5206e-03, +6.5416e-02, -7.5939e-02, -9.3077e-03, +2.2212e-02, +5.6242e-02, +3.0231e-02, +9.1552e-02, -7.9637e-02, -5.5225e-02, +6.6938e-02, -2.4870e-03, -4.7727e-02, -1.8366e-01, -3.7831e-02, +1.4395e-02, -1.1000e-02, -3.5989e-03, -1.0013e-01, +5.7712e-02, -1.2948e-02, -1.8735e-01
-4.3777e-02, -7.5188e-02, -1.0000e+00, -8.3969e-02, +4.6416e-02, -2.2074e-01, +3.3390e-02, +1.0863e-01, +4.7323e-02, +2.9377e-01, -1.6444e-01, +1.2443e-01, +7.7404e-02, +4.0740e-02, -1.0060e-01, -1.7641e-01, -3.0473e-02, +9.0803e-02, +4.0085e-02, +5.5552e-02, +3.7156e-02, -5.9361e-02, -8.9205e-02, +3.2298e-02, +1.3769e-01, -1.3585e-01, -1.3365e-01, -9.9604e-02, +1.4681e-01, -1.9315e-02, +2.2360e-02, -2.1367e-01, +9.8954e-02, -8.2560e-02, +9.3873e-02, -2.9101e-02, -4.0433e-01, +1.9029e-03, +1.7872e-02, +9.4964e-02, -3.9569e-02, -8.7083e-02, -4.7462e-03, -9.6800e-03, -2.2366e-01, -5.3790e-02, -1.3970e-01, +9.0820e-02, -6.9624e-02, +8.9523e-02
-1.9421e-02, -3.4588e-02, -8.3969e-02, -1.0000e+00, +2.5586e-02, -1.5751e-01, +1.7905e-02, -3.1926e-02, +2.4359e-02, +4.7747e-02, -3.5944e-01, -7.2363e-02, +7.0182e-03, -2.2037e-02, -4.3689e-02, +4.0375e-03, +8.7176e-02, -1.3922e-01, -8.0698e-02, +1.1751e-01, +6.9189e-02, -3.7833e-02, +6.2647e-02, -2.2439e-01, +1.0460e-02, -1.2363e-01, -8.3692e-02, -8.5154e-02, -9.1961e-02, +4.5041e-02, -2.9390e-01, -9.4138e-02, +2.2998e-01, +8.3603e-02, +5.8437e-02, +1.0468e-01, +4.2305e-02, -7.8072e-02, +2.0146e-02, -1.2707e-02, -2.0825e-01, -3.4891e-02, -1.8284e-02, +2.3175e-01, -1.8931e-01, -8.3026e-02, -1.5989e-01, +1.9700e-02, -6.5102e-02, -7.3535e-02
-8.9078e-02, +7.7092e-02, +4.6416e-02, +2.5586e-02, -1.0000e+00, -1.2893e-01, +1.1932e-01, -2.1666e-02, +4.8888e-02, +4.2475e-02, -4.5406e-03, -2.2382e-01, -5.3908e-03, -9.0013e-02, -1.4697e-01, -2.0303e-01, +8.0249e-02, -4.4194e-02, -1.8515e-01, -3.4370e-02, +6.9078e-02, -7.7042e-02, +3.2279e-02, -1.6341e-01, +1.9276e-02, -4.4071e-02, -9.8973e-02, -1.7131e-01, -2.1880e-01, -1.7889e-01, +6.0799e-02, +3.2111e-02, +6.9579e-02, +1.2803e-02, -6.9932e-02, -5.3913e-02, +9.0178e-02, +9.6475e-02, -2.5397e-02, +9.3177e-02, +6.8871e-02, -1.3425e-01, +2.2152e-02, -1.0393e-02, -1.1071e-01, -3.3206e-02, -1.7460e-01, +9.4560e-02, -4.6876e-02, +1.1062e-01
-1.6195e-01, +1.1350e-01, -2.2074e-01, -1.5751e-01, -1.2893e-01, -1.0000e+00, +3.6704e-02, +6.9314e-02, +8.8133e-02, +7.8149e-02, -2.1292e-01, -1.2162e-01, +2.5264e-02, +1.1575e-02, -2.9521e-01, -3.6049e-01, -5.0084e-02, -9.3884e-02, -1.9417e-01, +6.7768e-02, +2.4957e-02, -2.1215e-01, +2.4160e-02, -2.0705e-01, -2.1441e-01, -1.9022e-01, -2.9911e-01, -7.3105e-02, -1.8481e-01, -9.1610e-03, -3.3448e-01, -4.6844e-02, +2.3478e-01, +2.8309e-02, +1.1248e-01, +5.1509e-02, +4.6231e-02, -1.2258e-01, -7.5614e-02, +1.4555e-01, -1.6760e-01, +4.6899e-02, -1.0037e-01, -1.2948e-01, -3.1012e-01, -1.5231e-02, -2.4040e-01, +1.8332e-01, -4.9157e-02, +1.8933e-01
+1.9136e-01, +9.5709e-02, +3.3390e-02, +1.7905e-02, +1.1932e-01, +3.6704e-02, -1.0000e+00, +5.1521e-02, -1.3587e-02, -7.8922e-02, -1.2691e-02, -8.4540e-02, -8.2533e-02, -2.9001e-03, +1.7150e-01, +2.0379e-01, +1.6465e-01, +1.8960e-02, -7.9058e-03, +9.3718e-02, +7.4456e-02, +1.1927e-02, +5.0263e-02, -2.2092e-01, +1.1007e-01, +5.0255e-02, -1.4747e-01, -1.1049e-01, -8.9233e-02, -1.4077e-01, -6.3024e-03, -6.9083e-02, +2.0463e-01, +1.0172e-01, -6.6328e-02, +8.4923e-02, -1.8428e-01, +6.6443e-02, -1.0087e-01, +1.9567e-02, +1.4330e-01, +2.6694e-02, +4.0145e-02, +7.0796e-02, -1.4525e-01, -1.3632e-01, +4.9844e-03, -1.2745e-01, -8.2757e-02, -2.2025e-01
+3.9845e-02, -6.6647e-02, +1.0863e-01, -3.1926e-02, -2.1666e-02, +6.9314e-02, +5.1521e-02, -1.0000e+00, -4.7601e-02, +7.6415e-02, -3.1721e-02, -8.6728e-02, -2.2990e-01, -4.2328e-02, +1.0431e-02, +5.0084e-02, +7.0063e-02, -3.2334e-02, -7.1940e-02, +1.7814e-01, -1.7039e-02, -1.9767e-02, +1.8803e-01, -3.4377e-02, +9.9497e-02, +3.1973e-02, -1.2390e-01, -3.0781e-02, -1.7501e-01, -3.4741e-02, +4.8977e-03, +2.3188e-02, +8.0200e-02, +5.5663e-02, -6.3617e-02, +5.6904e-04, +6.8396e-02, -2.1333e-02, +2.9056e-02, -2.2864e-02, -1.7685e-02, -9.6612e-02, +5.6821e-02, +3.2974e-02, -9.0745e-02, +9.7328e-02, -1.0750e-01, -1.7524e-01, -1.1219e-01, +1.1233e-03
+1.8952e-02, -3.5545e-02, +4.7323e-02, +2.4359e-02, +4.8888e-02, +8.8133e-02, -1.3587e-02, -4.7601e-02, -1.0000e+00, +1.1891e-02, +3.8588e-02, -1.1074e-02, +1.4725e-02, -6.3547e-02, +3.2319e-02, -7.5521e-02, -6.4260e-02, +1.1106e-01, +1.5787e-01, -8.1623e-02, +3.8301e-02, -8.8533e-03, -6.4707e-02, +6.4716e-02, -2.3132e-01, +1.3568e-01, +1.2699e-01, +3.4096e-02, +2.0265e-01, +7.7144e-02, +1.8643e-01, -5.7707e-02, +5.3621e-02, +5.4565e-02, -4.5811e-02, -4.2202e-02, -1.2944e-01, +7.8575e-02, +4.5309e-02, -4.2867e-02, +1.0940e-01, +1.3206e-02, -2.5666e-02, +1.5330e-03, +1.5646e-01, -1.9707e-02, +8.3699e-02, -4.0820e-02, +5.2273e-02, +9.0628e-02
-1.7106e-02, +1.7350e-02, +2.9377e-01, +4.7747e-02, +4.2475e-02, +7.8149e-02, -7.8922e-02, +7.6415e-02, +1.1891e-02, -1.0000e+00, -1.3664e-01, +6.8496e-02, +4.6094e-02, -3.3419e-02, -2.2708e-02, +1.9356e-02, +7.9030e-02, +9.4322e-02, -1.6389e-02, -8.1163e-03, -1.2317e-02, +3.4791e-02, +1.1515e-01, -1.3142e-01, +1.4401e-02, +8.2877e-02, -1.7892e-02, +1.2230e-01, +6.8737e-02, -4.3639e-02, -4.6885e-02, -1.1352e-02, -2.7210e-03, -9.0347e-02, +5.5485e-02, -4.5526e-02, +4.1883e-02, +8.4202e-03, +4.4700e-02, +9.7446e-03, +1.0504e-01, +2.4790e-02, -5.0618e-02, -5.6733e-02, +2.0942e-02, -1.0204e-03, +7.3306e-02, -7.6755e-03, -8.7456e-03, +2.1083e-01
-2.9576e-01, -2.3276e-02, -1.6444e-01, -3.5944e-01, -4.5406e-03, -2.1292e-01, -1.2691e-02, -3.1721e-02, +3.8588e-02, -1.3664e-01, -1.0000e+00, -6.2229e-02, +4.1242e-02, -4.0700e-02, -1.8405e-01, -1.5932e-01, -2.9365e-02, -1.2053e-01, -2.3133e-01, +2.1261e-01, +4.0411e-02, -7.7021e-02, +1.6473e-01, -5.4149e-02, -1.5827e-01, -4.9354e-02, -1.9344e-01, -1.5095e-01, -1.3635e-01, -1.4775e-02, -2.7607e-01, -8.4674e-02, +3.1397e-01, +9.1573e-02, +2.8807e-02, +9.9264e-02, -5.2318e-02, -1.2049e-01, +5.8182e-02, +1.6794e-02, -2.1040e-01, +4.8683e-02, -1.0608e-01, +4.9061e-01, -3.4430e-01, -1.0446e-01, -2.3944e-01, +1.3892e-01, -1.2570e-01, +2.8040e-02
+9.2284e-02, +1.3414e-01, +1.2443e-01, -7.2363e-02, -2.2382e-01, -1.2162e-01, -8.4540e-02, -8.6728e-02, -1.1074e-02, +6.8496e-02, -6.2229e-02, -1.0000e+00, -5.8324e-02, -1.9125e-01, -4.5569e-02, +5.1059e-03, +6.3569e-02, -5.4977e-02, -1.1654e-01, +3.2326e-02, -6.6905e-03, -5.5602e-02, +1.0180e-01, -2.3586e-01, -3.1463e-02, -5.9144e-02, -2.5285e-01, -1.5530e-01, -1.3434e-01, -7.9378e-02, +1.8564e-02, -1.7352e-03, +2.1262e-01, -4.3286e-02, -5.3467e-02, -2.5528e-02, +2.6049e-02, +7.2026e-02, -8.3331e-02, -2.0898e-02, +7.0710e-02, +3.7443e-02, +1.2480e-01, -1.2525e-01, -2.1711e-01, -1.0632e-01, -1.8455e-01, -9.7831e-02, +8.1534e-02, -3.8963e-02
+7.5927e-02, -1.9632e-02, +7.7404e-02, +7.0182e-03, -5.3908e-03, +2.5264e-02, -8.2533e-02, -2.2990e-01, +1.4725e-02, +4.6094e-02, +4.1242e-02, -5.8324e-02, -1.0000e+00, +4.9394e-02, +9.8214e-02, -9.3145e-03, +8.2770e-02, +1.2249e-02, -1.0053e-01, +2.0537e-01, -6.7275e-02, +8.1437e-02, +9.0758e-02, -4.1705e-02, -6.5077e-03, -1.9960e-03, +3.5346e-02, -2.4607e-02, -7.3835e-02, -3.9165e-02, +7.1146e-03, -1.7527e-02, +2.0607e-01, +2.0299e-01, +3.1495e-02, -3.9128e-02, +4.1657e-02, +6.6905e-02, +5.0949e-02, -1.4994e-02, -2.8435e-02, -3.0824e-02, +1.8653e-01, +2.0178e-02, +6.5807e-02, -1.3910e-01, -7.1122e-02, -5.4510e-02, +1.0168e-02, +3.4810e-02
-9.9136e-02, -4.6168e-02, +4.0740e-02, -2.2037e-02, -9.0013e-02, +1.1575e-02, -2.9001e-03, -4.2328e-02, -6.3547e-02, -3.3419e-02, -4.0700e-02, -1.9125e-01, +4.9394e-02, -1.0000e+00, +6.1816e-02, -1.8308e-02, +6.2833e-02, -1.3701e-01, -1.0186e-01, +1.4112e-01, -1.9147e-01, +4.1857e-02, +8.0570e-02, -2.4252e-01, +2.4295e-02, -2.6327e-01, -2.4146e-01, -1.4740e-01, -2.6276e-02, -2.0502e-01, -1.6052e-02, +1.1444e-02, +6.6562e-02, -1.7981e-01, -1.1897e-01, -1.1399e-01, +1.0499e-01, +2.7029e-02, -6.9496e-02, +3.1499e-02, -3.6750e-02, -3.7267e-03, +1.6713e-01, -1.5458e-02, -2.4101e-01, -9.0704e-02, -2.2567e-01, -5.4218e-02, +1.0249e-01, -5.4798e-02
-2.8995e-01, +8.3554e-02, -1.0060e-01, -4.3689e-02, -1.4697e-01, -2.9521e-01, +1.7150e-01, +1.0431e-02, +3.2319e-02, -2.2708e-02, -1.8405e-01, -4.5569e-02, +9.8214e-02, +6.1816e-02, -1.0000e+00, -3.2470e-01, -4.8932e-02, -1.3779e-01, -1.4551e-01, -2.3892e-01, -3.0024e-01, -2.0463e-01, -1.3250e-02, -1.0687e-02, -2.1093e-02, -1.3551e-01, -2.2669e-01, -3.0247e-02, -2.0112e-01, +8.3293e-04, -2.6138e-01, -4.2723e-02, +5.2960e-02, -1.9347e-03, +8.5346e-02, +1.1954e-01, +3.0955e-01, -9.6885e-03, +4.0635e-02, +7.2581e-02, -2.1154e-01, -6.5840e-02, +2.9939e-02, +7.5561e-02, -1.1085e-01, +8.7171e-02, -1.3280e-01, +2.4896e-01, -3.0524e-02, +3.0867e-01
-3.3296e-01, +1.3409e-01, -1.7641e-01, +4.0375e-03, -2.0303e-01, -3.6049e-01, +2.0379e-01, +5.0084e-02, -7.5521e-02, +1.9356e-02, -1.5932e-01, +5.1059e-03, -9.3145e-03, -1.8308e-02, -3.2470e-01, -1.0000e+00, +1.6696e-02, +6.2015e-02, -2.6068e-02, +4.8441e-02, +5.0982e-02, -1.1756e-01, -5.8331e-02, -8.4237e-02, -2.5231e-01, -2.8035e-02, -1.6756e-01, +4.9735e-02, +4.7778e-02, -3.2684e-04, -1.4433e-01, +1.0921e-01, -1.0415e-01, -1.1275e-03, +1.2627e-01, +6.7402e-02, -7.5852e-02, -4.4978e-02, +2.7266e-02, +1.9558e-01, -2.6964e-01, +4.9592e-02, -8.1261e-02, +2.4683e-02, +3.6461e-02, -1.0709e-02, -1.2326e-01, +1.1883e-01, +5.0221e-02, +6.5552e-01
+1.4802e-02, -2.7307e-03, -3.0473e-02, +8.7176e-02, +8.0249e-02, -5.0084e-02, +1.6465e-01, +7.0063e-02, -6.4260e-02, +7.9030e-02, -2.9365e-02, +6.3569e-02, +8.2770e-02, +6.2833e-02, -4.8932e-02, +1.6696e-02, -1.0000e+00, +1.3539e-02, +1.2359e-01, -1.5549e-02, -1.7096e-01, -1.1332e-02, +1.0995e-01, +1.4253e-01, +2.0956e-02, +7.7142e-04, +1.0791e-01, +4.6013e-03, +7.4909e-02, +1.9939e-02, +1.7528e-01, +1.0509e-02, -1.5805e-03, -1.1874e-01, -4.2345e-02, +2.9543e-03, +1.1236e-02, -2.1085e-02, +5.7137e-03, -9.3974e-03, +7.1068e-02, +5.5419e-03, -3.3655e-02, -1.4886e-02, +8.1084e-02, +2.8332e-02, +7.1369e-02, -3.6369e-02, -2.9312e-02, +2.0154e-01
-5.2213e-02, -1.9949e-02, +9.0803e-02, -1.3922e-01, -4.4194e-02, -9.3884e-02, +1.8960e-02, -3.2334e-02, +1.1106e-01, +9.4322e-02, -1.2053e-01, -5.4977e-02, +1.2249e-02, -1.3701e-01, -1.3779e-01, +6.2015e-02, +1.3539e-02, -1.0000e+00, -1.0851e-01, -2.2742e-02, -1.8411e-01, -3.3645e-02, +6.6376e-02, +6.4091e-02, -5.8642e-02, -1.5336e-01, -1.5570e-01, -8.6022e-02, -7.1613e-02, -8.7711e-02, -1.1708e-01, -2.0209e-02, +2.3214e-02, +2.1677e-02, -1.1364e-01, -1.0179e-01, +2.4435e-01, -9.2199e-02, +8.0108e-02, +3.4418e-02, -1.5847e-01, -3.3802e-02, +7.4890e-02, +1.8649e-02, -2.5275e-01, -1.3434e-02, -1.2183e-01, +2.0699e-01, -2.0703e-01, -1.3660e-01
-9.7303e-02, -9.4210e-02, +4.0085e-02, -8.0698e-02, -1.8515e-01, -1.9417e-01, -7.9058e-03, -7.1940e-02, +1.5787e-01, -1.6389e-02, -2.3133e-01, -1.1654e-01, -1.0053e-01, -1.0186e-01, -1.4551e-01, -2.6069e-02, +1.2359e-01, -1.0851e-01, -1.0000e+00, +2.0113e-01, +3.2753e-02, -4.2565e-02, +1.2887e-01, -2.2694e-01, -2.1825e-02, -2.0796e-01, -2.5501e-01, -3.9727e-02, -1.9756e-01, +5.2062e-02, -2.5865e-01, -6.3618e-02, +1.0164e-01, +1.0068e-01, +8.6723e-02, +6.4722e-02, +1.8393e-01, +6.2988e-02, -1.1591e-01, +7.8565e-02, -1.0949e-01, -6.5908e-02, +9.4951e-02, +1.0984e-01, -2.4611e-01, -2.3679e-03, -6.5389e-02, -4.9133e-02, -1.7265e-01, +1.1701e-02
-3.3683e-02, +1.0713e-01, +5.5552e-02, +1.1751e-01, -3.4370e-02, +6.7768e-02, +9.3718e-02, +1.7814e-01, -8.1623e-02, -8.1163e-03, +2.1261e-01, +3.2326e-02, +2.0537e-01, +1.4112e-01, -2.3892e-01, +4.8441e-02, -1.5549e-02, -2.2742e-02, +2.0113e-01, -1.0000e+00, -1.0608e-01, -1.3050e-01, +1.9628e-02, +2.2152e-01, +5.1028e-02, +2.4104e-02, +1.0351e-01, +9.7252e-02, +2.1057e-01, -5.8118e-02, +3.9469e-02, -1.1378e-01, +9.6978e-02, +1.0309e-01, +6.5510e-02, +1.8011e-02, +9.9909e-02, +6.0990e-02, +4.6257e-02, +2.2961e-02, +3.5628e-02, +5.2171e-02, +2.7816e-01, -3.0947e-02, +2.1993e-01, +1.2547e-01, +5.4540e-02, +1.1130e-01, -4.7664e-02, -2.0946e-02
-1.4351e-01, +3.6501e-02, +3.7156e-02, +6.9189e-02, +6.9078e-02, +2.4957e-02, +7.4456e-02, -1.7039e-02, +3.8301e-02, -1.2317e-02, +4.0411e-02, -6.6905e-03, -6.7275e-02, -1.9147e-01, -3.0024e-01, +5.0982e-02, -1.7096e-01, -1.8411e-01, +3.2753e-02, -1.0608e-01, -1.0000e+00, -9.2764e-02, -1.8899e-01, +7.4309e-02, +1.6188e-01, -2.5978e-01, -6.1780e-02, +2.0076e-02, -9.7906e-02, -2.0731e-02, -1.0752e-01, -1.4422e-01, -3.5878e-02, -2.6824e-01, -8.6444e-02, -2.5028e-02, +6.7445e-01, -1.2102e-02, +5.2659e-02, -6.4937e-03, -1.2499e-01, -1.3495e-01, +1.7847e-01, +5.3783e-02, -4.9473e-02, +2.7292e-02, -2.4566e-01, +9.8748e-02, +2.1360e-01, +8.1887e-02
-5.7174e-02, +7.3259e-02, -5.9361e-02, -3.7833e-02, -7.7042e-02, -2.1215e-01, +1.1927e-02, -1.9767e-02, -8.8533e-03, +3.4791e-02, -7.7021e-02, -5.5602e-02, +8.1437e-02, +4.1857e-02, -2.0463e-01, -1.1756e-01, -1.1332e-02, -3.3645e-02, -4.2565e-02, -1.3050e-01, -9.2764e-02, -1.0000e+00, +3.0434e-02, -4.9476e-02, -1.4721e-02, -1.2790e-02, -9.1329e-02, +6.2011e-03, -5.9100e-02, -7.3262e-02, -1.0807e-01, -6.3605e-02, +1.0120e-01, -1.3929e-02, -2.7010e-02, -2.3163e-02, +1.6690e-01, -4.4489e-02, -1.5920e-02, +3.8402e-02, -4.0687e-02, -4.8772e-02, +1.6783e-02, -2.1192e-02, -1.1693e-01, +7.1832e-02, -7.5222e-02, +1.9775e-02, -1.3270e-01, +1.3816e-01
+1.3162e-02, +4.8824e-03, -8.9205e-02, +6.2647e-02, +3.2279e-02, +2.4160e-02, +5.0263e-02, +1.8803e-01, -6.4707e-02, +1.1515e-01, +1.6473e-01, +1.0180e-01, +9.0758e-02, +8.0570e-02, -1.3250e-02, -5.8331e-02, +1.0995e-01, +6.6376e-02, +1.2887e-01, +1.9628e-02, -1.8899e-01, +3.0434e-02, -1.0000e+00, +5.0510e-02, +1.2174e-02, +5.6542e-02, +7.6981e-02, +8.4270e-02, +1.6699e-01, -1.7329e-02, +2.0817e-01, -1.2496e-02, +6.9883e-03, -1.1469e-01, +1.1613e-01, +3.3447e-02, +8.4612e-02, -3.0926e-02, -1.9934e-02, +1.4426e-02, +5.7380e-02, -1.6094e-02, -6.7883e-02, -3.3574e-02, +5.0812e-02, -1.6331e-02, +2.2930e-01, -4.7598e-02, -5.0199e-02, +1.3477e-01
+6.2528e-02, +9.2870e-02, +3.2298e-02, -2.2439e-01, -1.6341e-01, -2.0705e-01, -2.2092e-01, -3.4377e-02, +6.4716e-02, -1.3142e-01, -5.4149e-02, -2.3586e-01, -4.1705e-02, -2.4252e-01, -1.0687e-02, -8.4237e-02, +1.4253e-01, +6.4091e-02, -2.2694e-01, +2.2152e-01, +7.4309e-02, -4.9476e-02, +5.0510e-02, -1.0000e+00, +6.1618e-02, -1.9888e-01, -2.9739e-01, -6.3374e-02, -2.0419e-01, -2.6201e-02, -2.1644e-01, -3.5437e-02, +2.6651e-01, -1.3315e-01, +7.7530e-02, +8.0595e-02, +5.6879e-02, +9.9894e-03, -1.4639e-01, +6.8572e-02, +9.0050e-02, -3.0790e-02, +7.8672e-02, -7.0334e-04, -2.1774e-01, -8.5573e-02, -1.6100e-01, -2.8734e-01, +7.9036e-02, +1.0164e-01
-1.4175e-01, +6.0438e-02, +1.3769e-01, +1.0460e-02, +1.9276e-02, -2.1441e-01, +1.1007e-01, +9.9497e-02, -2.3132e-01, +1.4401e-02, -1.5827e-01, -3.1463e-02, -6.5077e-03, +2.4295e-02, -2.1093e-02, -2.5231e-01, +2.0956e-02, -5.8642e-02, -2.1825e-02, +5.1028e-02, +1.6188e-01, -1.4721e-02, +1.2174e-02, +6.1618e-02, -1.0000e+00, +1.8038e-01, -1.8632e-02, +9.1604e-03, +6.1484e-02, +8.6479e-02, -7.8085e-02, +1.1743e-01, +1.6804e-02, +2.6060e-01, -1.0564e-01, +6.5775e-02, -3.6140e-03, -1.2001e-01, -2.6839e-03, +5.9507e-03, -2.4185e-01, +2.3156e-01, -1.2332e-01, -1.4301e-02, -4.3668e-02, -1.0884e-01, -2.2426e-02, +2.8559e-01, +7.2474e-02, +1.0429e-02
-1.4675e-01, -6.2223e-02, -1.3585e-01, -1.2363e-01, -4.4071e-02, -1.9022e-01, +5.0255e-02, +3.1973e-02, +1.3568e-01, +8.2877e-02, -4.9354e-02, -5.9144e-02, -1.9960e-03, -2.6327e-01, -1.3551e-01, -2.8035e-02, +7.7141e-04, -1.5336e-01, -2.0796e-01, +2.4104e-02, -2.5978e-01, -1.2790e-02, +5.6542e-02, -1.9888e-01, +1.8038e-01, -1.0000e+00, -2.4602e-01, -9.8357e-02, -7.7829e-02, -9.3963e-02, -2.2159e-01, -1.4325e-01, +2.3152e-02, -2.1331e-02, -4.7868e-02, +3.1284e-02, +2.5697e-01, -9.1205e-03, -4.8803e-03, +4.7967e-03, -1.5659e-01, -1.3961e-01, +1.9031e-01, -2.6967e-03, -1.9834e-01, -2.8698e-02, -2.7504e-01, -2.0779e-02, -6.6891e-02, +5.6977e-02
-4.5605e-02, -3.5107e-02, -1.3365e-01, -8.3692e-02, -9.8973e-02, -2.9911e-01, -1.4747e-01, -1.2390e-01, +1.2699e-01, -1.7892e-02, -1.9344e-01, -2.5285e-01, +3.5346e-02, -2.4146e-01, -2.2669e-01, -1.6756e-01, +1.0791e-01, -1.5570e-01, -2.5501e-01, +1.0351e-01, -6.1780e-02, -9.1329e-02, +7.6981e-02, -2.9739e-01, -1.8632e-02, -2.4602e-01, -1.0000e+00, -1.6007e-01, -3.3044e-01, -9.9626e-02, -3.0879e-01, -1.9673e-02, +3.1921e-01, -6.9130e-02, -7.8936e-03, +8.7114e-02, +4.1862e-02, -6.2474e-02, -1.6582e-01, +9.0671e-02, -1.4316e-01, -1.2854e-02, +8.7745e-02, -1.0790e-01, -5.0634e-01, -5.0974e-02, -3.0071e-01, -2.8520e-02, -5.9423e-02, +5.1540e-02
-7.6096e-02, +4.1182e-02, -9.9604e-02, -8.5154e-02, -1.7131e-01, -7.3105e-02, -1.1049e-01, -3.0781e-02, +3.4096e-02, +1.2230e-01, -1.5095e-01, -1.5530e-01, -2.4607e-02, -1.4740e-01, -3.0247e-02, +4.9735e-02, +4.6013e-03, -8.6022e-02, -3.9727e-02, +9.7252e-02, +2.0076e-02, +6.2011e-03, +8.4270e-02, -6.3374e-02, +9.1604e-03, -9.8357e-02, -1.6007e-01, -1.0000e+00, -1.4235e-01, -2.0581e-01, +1.2226e-02, -1.1519e-01, +1.3529e-01, +2.0553e-01, +5.1890e-03, +7.8962e-02, -8.2361e-02, -6.4444e-02, -3.9945e-02, +3.9424e-02, +1.3482e-02, -3.5227e-02, +2.3506e-02, +1.5499e-01, -2.0174e-01, -1.8964e-02, -2.4956e-01, +1.5499e-01, -5.7020e-02, -2.2888e-01
-9.6863e-02, +5.5206e-03, +1.4681e-01, -9.1961e-02, -2.1880e-01, -1.8481e-01, -8.9233e-02, -1.7501e-01, +2.0265e-01, +6.8737e-02, -1.3635e-01, -1.3434e-01, -7.3835e-02, -2.6276e-02, -2.0112e-01, +4.7778e-02, +7.4909e-02, -7.1613e-02, -1.9756e-01, +2.1057e-01, -9.7906e-02, -5.9100e-02, +1.6699e-01, -2.0419e-01, +6.1484e-02, -7.7829e-02, -3.3044e-01, -1.4235e-01, -1.0000e+00, -1.2822e-02, -2.4916e-01, +4.6488e-02, +1.8502e-01, +5.5358e-02, -3.9597e-02, +7.4293e-02, +2.3520e-01, -7.6474e-02, -2.0102e-01, +6.4822e-02, +2.0981e-02, -3.5475e-02, -6.1752e-02, +1.5225e-01, -2.0650e-01, +4.8153e-02, -1.3200e-01, +1.4361e-01, +9.6307e-02, -1.8940e-01
-1.2379e-02, +6.5416e-02, -1.9315e-02, +4.5041e-02, -1.7889e-01, -9.1610e-03, -1.4077e-01, -3.4741e-02, +7.7144e-02, -4.3639e-02, -1.4775e-02, -7.9378e-02, -3.9165e-02, -2.0502e-01, +8.3293e-04, -3.2685e-04, +1.9939e-02, -8.7711e-02, +5.2062e-02, -5.8118e-02, -2.0731e-02, -7.3262e-02, -1.7329e-02, -2.6201e-02, +8.6479e-02, -9.3963e-02, -9.9626e-02, -2.0581e-01, -1.2822e-02, -1.0000e+00, +1.1726e-01, -8.6312e-02, +1.4141e-01, +3.0473e-02, -2.8214e-02, -3.2638e-02, -8.2792e-02, +5.7751e-03, +1.8025e-02, +1.1352e-02, +6.9477e-02, -6.9732e-02, +4.6617e-02, -2.5151e-02, -1.0690e-01, -2.1170e-02, -3.7166e-02, +1.2469e-01, -6.6192e-02, -8.7460e-02
-2.0232e-01, -7.5939e-02, +2.2360e-02, -2.9390e-01, +6.0799e-02, -3.3448e-01, -6.3025e-03, +4.8977e-03, +1.8643e-01, -4.6885e-02, -2.7607e-01, +1.8564e-02, +7.1146e-03, -1.6052e-02, -2.6138e-01, -1.4433e-01, +1.7528e-01, -1.1708e-01, -2.5865e-01, +3.9469e-02, -1.0752e-01, -1.0807e-01, +2.0817e-01, -2.1644e-01, -7.8085e-02, -2.2159e-01, -3.0879e-01, +1.2226e-02, -2.4916e-01, +1.1726e-01, -1.0000e+00, -2.5617e-02, +1.9063e-01, +3.0364e-02, +1.4671e-01, +2.5547e-01, +3.4517e-01, -1.1691e-01, -7.5171e-02, +1.0302e-01, -4.0970e-01, +2.2146e-02, -9.4841e-03, +1.8797e-01, -2.0247e-01, -3.8861e-02, -1.9610e-01, +7.2777e-02, +8.5450e-02, +4.1530e-02
-8.2257e-03, -9.3077e-03, -2.1367e-01, -9.4138e-02, +3.2111e-02, -4.6844e-02, -6.9083e-02, +2.3188e-02, -5.7707e-02, -1.1352e-02, -8.4674e-02, -1.7352e-03, -1.7527e-02, +1.1444e-02, -4.2723e-02, +1.0921e-01, +1.0509e-02, -2.0209e-02, -6.3618e-02, -1.1378e-01, -1.4422e-01, -6.3605e-02, -1.2496e-02, -3.5437e-02, +1.1743e-01, -1.4325e-01, -1.9673e-02, -1.1519e-01, +4.6488e-02, -8.6312e-02, -2.5617e-02, -1.0000e+00, +1.1085e-01, +2.5205e-02, +3.7668e-02, +9.3698e-03, +1.1685e-01, +8.5165e-02, +2.6439e-03, -2.1231e-02, -4.7424e-02, -1.3928e-01, +1.0731e-01, +1.0824e-01, -7.5643e-02, +6.1965e-02, -6.5371e-02, -6.0225e-02, -1.8125e-01, +5.9324e-03
+2.2831e-02, +2.2212e-02, +9.8954e-02, +2.2998e-01, +6.9579e-02, +2.3478e-01, +2.0463e-01, +8.0200e-02, +5.3621e-02, -2.7210e-03, +3.1397e-01, +2.1262e-01, +2.0607e-01, +6.6562e-02, +5.2960e-02, -1.0415e-01, -1.5805e-03, +2.3214e-02, +1.0164e-01, +9.6978e-02, -3.5878e-02, +1.0120e-01, +6.9883e-03, +2.6651e-01, +1.6804e-02, +2.3152e-02, +3.1921e-01, +1.3529e-01, +1.8502e-01, +1.4141e-01, +1.9063e-01, +1.1085e-01, -1.0000e+00, +4.6662e-03, -5.1940e-02, -6.7962e-02, +9.0216e-03, +9.9848e-02, +1.1390e-01, -6.8337e-02, +1.2277e-02, +3.4389e-02, +2.5036e-01, +9.5454e-03, +4.3623e-01, +1.6544e-01, +1.7238e-01, +7.9847e-02, -7.9767e-02, +1.4196e-01
-2.1206e-02, +5.6242e-02, -8.2560e-02, +8.3603e-02, +1.2803e-02, +2.8309e-02, +1.0172e-01, +5.5663e-02, +5.4565e-02, -9.0347e-02, +9.1573e-02, -4.3286e-02, +2.0299e-01, -1.7981e-01, -1.9347e-03, -1.1275e-03, -1.1874e-01, +2.1677e-02, +1.0068e-01, +1.0309e-01, -2.6824e-01, -1.3929e-02, -1.1469e-01, -1.3315e-01, +2.6060e-01, -2.1331e-02, -6.9130e-02, +2.0553e-01, +5.5358e-02, +3.0473e-02, +3.0364e-02, +2.5205e-02, +4.6662e-03, -1.0000e+00, +3.9694e-02, -2.4760e-01, +1.1613e-01, +2.2070e-02, +5.7772e-03, -3.7602e-02, +4.2479e-02, -4.9732e-02, -3.4221e-02, -2.7360e-01, -8.7683e-02, +2.4609e-02, -1.6351e-02, -2.1462e-01, +2.5101e-01, +2.1151e-01
-5.0928e-02, +3.0231e-02, +9.3873e-02, +5.8437e-02, -6.9932e-02, +1.1248e-01, -6.6328e-02, -6.3617e-02, -4.5811e-02, +5.5485e-02, +2.8807e-02, -5.3467e-02, +3.1495e-02, -1.1897e-01, +8.5346e-02, +1.2627e-01, -4.2345e-02, -1.1364e-01, +8.6723e-02, +6.5510e-02, -8.6444e-02, -2.7010e-02, +1.1613e-01, +7.7530e-02, -1.0564e-01, -4.7868e-02, -7.8936e-03, +5.1890e-03, -3.9597e-02, -2.8214e-02, +1.4671e-01, +3.7668e-02, -5.1940e-02, +3.9694e-02, -1.0000e+00, -1.1847e-01, +4.9506e-02, +1.8770e-02, -9.2311e-02, -7.7258e-02, +3.1811e-02, -7.5939e-02, -2.8161e-02, -1.2735e-01, -1.3589e-01, -2.5123e-02, -1.0502e-01, +1.7591e-01, -2.4092e-02, -1.8299e-01
+5.2788e-02, +9.1552e-02, -2.9101e-02, +1.0468e-01, -5.3913e-02, +5.1509e-02, +8.4923e-02, +5.6904e-04, -4.2202e-02, -4.5526e-02, +9.9264e-02, -2.5528e-02, -3.9128e-02, -1.1399e-01, +1.1954e-01, +6.7402e-02, +2.9543e-03, -1.0179e-01, +6.4723e-02, +1.8011e-02, -2.5028e-02, -2.3163e-02, +3.3447e-02, +8.0595e-02, +6.5775e-02, +3.1284e-02, +8.7114e-02, +7.8962e-02, +7.4293e-02, -3.2638e-02, +2.5547e-01, +9.3698e-03, -6.7962e-02, -2.4760e-01, -1.1847e-01, -1.0000e+00, -2.9146e-02, +3.4612e-02, +3.3508e-02, +9.8300e-02, +1.3117e-01, -1.7125e-02, +2.8095e-02, -2.7528e-01, -8.4673e-02, +1.0952e-02, -7.5694e-02, -5.7526e-02, -9.2932e-02, +8.9060e-02
+2.1387e-01, -7.9637e-02, -4.0433e-01, +4.2305e-02, +9.0178e-02, +4.6231e-02, -1.8428e-01, +6.8396e-02, -1.2944e-01, +4.1883e-02, -5.2318e-02, +2.6049e-02, +4.1657e-02, +1.0499e-01, +3.0955e-01, -7.5852e-02, +1.1236e-02, +2.4435e-01, +1.8393e-01, +9.9909e-02, +6.7445e-01, +1.6690e-01, +8.4612e-02, +5.6879e-02, -3.6140e-03, +2.5697e-01, +4.1862e-02, -8.2361e-02, +2.3520e-01, -8.2792e-02, +3.4517e-01, +1.1685e-01, +9.0216e-03, +1.1613e-01, +4.9506e-02, -2.9146e-02, -1.0000e+00, -1.7743e-02, +3.2156e-02, +2.1129e-02, +2.4459e-01, +1.5686e-01, -6.7744e-02, -4.0512e-03, +3.4919e-02, -1.2896e-01, +1.6913e-01, +6.0446e-03, -7.0571e-03, -1.0910e-01
-8.1723e-03, -5.5225e-02, +1.9029e-03, -7.8072e-02, +9.6475e-02, -1.2258e-01, +6.6443e-02, -2.1333e-02, +7.8575e-02, +8.4202e-03, -1.2049e-01, +7.2026e-02, +6.6905e-02, +2.7029e-02, -9.6885e-03, -4.4978e-02, -2.1085e-02, -9.2199e-02, +6.2988e-02, +6.0990e-02, -1.2102e-02, -4.4489e-02, -3.0926e-02, +9.9894e-03, -1.2001e-01, -9.1205e-03, -6.2474e-02, -6.4444e-02, -7.6474e-02, +5.7751e-03, -1.1691e-01, +8.5165e-02, +9.9848e-02, +2.2070e-02, +1.8770e-02, +3.4612e-02, -1.7743e-02, -1.0000e+00, +3.9614e-02, +1.8525e-02, -1.6098e-01, +5.9005e-02, -1.3858e-01, +5.1415e-02, -1.1720e-01, +3.9617e-02, -7.1204e-02, +1.3631e-01, +4.7605e-02, -9.0376e-02
+3.8921e-02, +6.6938e-02, +1.7872e-02, +2.0146e-02, -2.5397e-02, -7.5614e-02, -1.0087e-01, +2.9056e-02, +4.5309e-02, +4.4700e-02, +5.8182e-02, -8.3331e-02, +5.0949e-02, -6.9496e-02, +4.0635e-02, +2.7266e-02, +5.7137e-03, +8.0108e-02, -1.1591e-01, +4.6257e-02, +5.2659e-02, -1.5920e-02, -1.9934e-02, -1.4639e-01, -2.6839e-03, -4.8804e-03, -1.6582e-01, -3.9945e-02, -2.0102e-01, +1.8025e-02, -7.5171e-02, +2.6439e-03, +1.1390e-01, +5.7772e-03, -9.2311e-02, +3.3508e-02, +3.2156e-02, +3.9614e-02, -1.0000e+00, +3.7424e-02, +1.4779e-01, +6.8019e-02, -2.4239e-02, -6.8737e-02, -7.5569e-02, +4.2763e-02, -7.6330e-02, -7.6211e-02, +6.5953e-04, -3.1142e-02
+2.6429e-02, -2.4870e-03, +9.4964e-02, -1.2707e-02, +9.3177e-02, +1.4555e-01, +1.9567e-02, -2.2864e-02, -4.2867e-02, +9.7446e-03, +1.6794e-02, -2.0898e-02, -1.4994e-02, +3.1499e-02, +7.2581e-02, +1.9558e-01, -9.3973e-03, +3.4418e-02, +7.8565e-02, +2.2961e-02, -6.4937e-03, +3.8402e-02, +1.4426e-02, +6.8572e-02, +5.9507e-03, +4.7967e-03, +9.0671e-02, +3.9424e-02, +6.4822e-02, +1.1352e-02, +1.0302e-01, -2.1231e-02, -6.8337e-02, -3.7602e-02, -7.7258e-02, +9.8300e-02, +2.1129e-02, +1.8525e-02, +3.7424e-02, -1.0000e+00, +6.5204e-02, +1.3396e-02, -2.7102e-02, -1.4553e-02, +4.7757e-02, +6.4105e-02, +1.0763e-01, +3.3239e-02, -1.8391e-02, -1.5956e-01
-1.6652e-01, -4.7727e-02, -3.9569e-02, -2.0825e-01, +6.8871e-02, -1.6760e-01, +1.4330e-01, -1.7685e-02, +1.0940e-01, +1.0504e-01, -2.1040e-01, +7.0710e-02, -2.8435e-02, -3.6750e-02, -2.1154e-01, -2.6964e-01, +7.1068e-02, -1.5847e-01, -1.0949e-01, +3.5628e-02, -1.2499e-01, -4.0687e-02, +5.7380e-02, +9.0050e-02, -2.4185e-01, -1.5659e-01, -1.4316e-01, +1.3482e-02, +2.0981e-02, +6.9477e-02, -4.0970e-01, -4.7424e-02, +1.2277e-02, +4.2479e-02, +3.1811e-02, +1.3117e-01, +2.4459e-01, -1.6098e-01, +1.4779e-01, +6.5204e-02, -1.0000e+00, -2.5331e-02, -7.1513e-03, +1.6274e-01, -8.9309e-02, -6.1063e-02, -1.5474e-01, +1.1811e-01, -7.8992e-02, +1.3427e-01
-1.3050e-02, -1.8366e-01, -8.7083e-02, -3.4891e-02, -1.3425e-01, +4.6899e-02, +2.6694e-02, -9.6612e-02, +1.3206e-02, +2.4790e-02, +4.8683e-02, +3.7443e-02, -3.0824e-02, -3.7267e-03, -6.5840e-02, +4.9592e-02, +5.5419e-03, -3.3802e-02, -6.5908e-02, +5.2171e-02, -1.3495e-01, -4.8772e-02, -1.6094e-02, -3.0790e-02, +2.3156e-01, -1.3961e-01, -1.2854e-02, -3.5227e-02, -3.5475e-02, -6.9732e-02, +2.2146e-02, -1.3928e-01, +3.4389e-02, -4.9732e-02, -7.5939e-02, -1.7125e-02, +1.5686e-01, +5.9005e-02, +6.8019e-02, +1.3396e-02, -2.5331e-02, -1.0000e+00, -8.9213e-02, -5.6339e-02, -2.5639e-02, -2.4739e-02, -1.0379e-01, -6.0941e-02, -7.4144e-02, +5.9219e-02
-8.8820e-02, -3.7831e-02, -4.7462e-03, -1.8284e-02, +2.2152e-02, -1.0037e-01, +4.0145e-02, +5.6821e-02, -2.5666e-02, -5.0618e-02, -1.0608e-01, +1.2480e-01, +1.8653e-01, +1.6713e-01, +2.9939e-02, -8.1261e-02, -3.3655e-02, +7.4890e-02, +9.4951e-02, +2.7816e-01, +1.7847e-01, +1.6783e-02, -6.7883e-02, +7.8672e-02, -1.2332e-01, +1.9031e-01, +8.7745e-02, +2.3506e-02, -6.1752e-02, +4.6617e-02, -9.4841e-03, +1.0731e-01, +2.5036e-01, -3.4221e-02, -2.8161e-02, +2.8095e-02, -6.7744e-02, -1.3858e-01, -2.4239e-02, -2.7102e-02, -7.1513e-03, -8.9213e-02, -1.0000e+00, -1.7588e-01, -9.2653e-02, +2.9690e-03, +1.3842e-01, +2.2196e-01, +2.5470e-01, -7.2813e-02
+3.1293e-01, +1.4395e-02, -9.6800e-03, +2.3175e-01, -1.0393e-02, -1.2948e-01, +7.0796e-02, +3.2974e-02, +1.5330e-03, -5.6733e-02, +4.9061e-01, -1.2525e-01, +2.0178e-02, -1.5458e-02, +7.5561e-02, +2.4683e-02, -1.4886e-02, +1.8649e-02, +1.0984e-01, -3.0947e-02, +5.3783e-02, -2.1192e-02, -3.3574e-02, -7.0336e-04, -1.4301e-02, -2.6967e-03, -1.0790e-01, +1.5499e-01, +1.5225e-01, -2.5151e-02, +1.8797e-01, +1.0824e-01, +9.5454e-03, -2.7360e-01, -1.2735e-01, -2.7528e-01, -4.0512e-03, +5.1415e-02, -6.8737e-02, -1.4553e-02, +1.6274e-01, -5.6339e-02, -1.7588e-01, -1.0000e+00, -1.4010e-01, -3.7413e-02, +8.1146e-02, -1.0870e-01, +1.6900e-01, +1.5942e-01
-9.0934e-02, -1.1000e-02, -2.2366e-01, -1.8931e-01, -1.1071e-01, -3.1012e-01, -1.4525e-01, -9.0745e-02, +1.5646e-01, +2.0942e-02, -3.4430e-01, -2.1711e-01, +6.5807e-02, -2.4101e-01, -1.1085e-01, +3.6461e-02, +8.1084e-02, -2.5275e-01, -2.4611e-01, +2.1993e-01, -4.9473e-02, -1.1693e-01, +5.0812e-02, -2.1774e-01, -4.3668e-02, -1.9834e-01, -5.0634e-01, -2.0174e-01, -2.0650e-01, -1.0690e-01, -2.0247e-01, -7.5643e-02, +4.3623e-01, -8.7683e-02, -1.3589e-01, -8.4673e-02, +3.4919e-02, -1.1720e-01, -7.5569e-02, +4.7757e-02, -8.9309e-02, -2.5639e-02, -9.2653e-02, -1.4010e-01, -1.0000e+00, -1.3465e-01, -2.8554e-01, +1.3669e-01, -2.4498e-01, -1.4638e-01
+4.6594e-02, -3.5989e-03, -5.3790e-02, -8.3026e-02, -3.3206e-02, -1.5231e-02, -1.3632e-01, +9.7328e-02, -1.9707e-02, -1.0204e-03, -1.0446e-01, -1.0632e-01, -1.3910e-01, -9.0704e-02, +8.7171e-02, -1.0709e-02, +2.8332e-02, -1.3434e-02, -2.3679e-03, +1.2547e-01, +2.7291e-02, +7.1832e-02, -1.6331e-02, -8.5573e-02, -1.0884e-01, -2.8698e-02, -5.0974e-02, -1.8964e-02, +4.8153e-02, -2.1170e-02, -3.8861e-02, +6.1965e-02, +1.6544e-01, +2.4609e-02, -2.5123e-02, +1.0952e-02, -1.2896e-01, +3.9617e-02, +4.2763e-02, +6.4105e-02, -6.1063e-02, -2.4739e-02, +2.9690e-03, -3.7413e-02, -1.3465e-01, -1.0000e+00, -3.9327e-02, +5.5512e-02, +7.4056e-02, -4.7104e-02
-1.7954e-01, -1.0013e-01, -1.3970e-01, -1.5989e-01, -1.7460e-01, -2.4040e-01, +4.9844e-03, -1.0750e-01, +8.3699e-02, +7.3306e-02, -2.3944e-01, -1.8455e-01, -7.1122e-02, -2.2567e-01, -1.3280e-01, -1.2326e-01, +7.1369e-02, -1.2183e-01, -6.5389e-02, +5.4540e-02, -2.4566e-01, -7.5222e-02, +2.2930e-01, -1.6100e-01, -2.2426e-02, -2.7504e-01, -3.0071e-01, -2.4956e-01, -1.3200e-01, -3.7166e-02, -1.9610e-01, -6.5371e-02, +1.7238e-01, -1.6351e-02, -1.0502e-01, -7.5694e-02, +1.6913e-01, -7.1204e-02, -7.6330e-02, +1.0763e-01, -1.5474e-01, -1.0379e-01, +1.3842e-01, +8.1146e-02, -2.8554e-01, -3.9327e-02, -1.0000e+00, +3.6162e-02, -1.7236e-02, +2.1935e-02
+3.6523e-01, +5.7712e-02, +9.0820e-02, +1.9700e-02, +9.4560e-02, +1.8332e-01, -1.2745e-01, -1.7524e-01, -4.0820e-02, -7.6755e-03, +1.3892e-01, -9.7831e-02, -5.4510e-02, -5.4218e-02, +2.4896e-01, +1.1883e-01, -3.6369e-02, +2.0699e-01, -4.9133e-02, +1.1130e-01, +9.8748e-02, +1.9775e-02, -4.7598e-02, -2.8734e-01, +2.8559e-01, -2.0779e-02, -2.8520e-02, +1.5499e-01, +1.4361e-01, +1.2469e-01, +7.2777e-02, -6.0225e-02, +7.9847e-02, -2.1462e-01, +1.7591e-01, -5.7526e-02, +6.0446e-03, +1.3631e-01, -7.6211e-02, +3.3239e-02, +1.1811e-01, -6.0941e-02, +2.2196e-01, -1.0870e-01, +1.3669e-01, +5.5512e-02, +3.6162e-02, -1.0000e+00, -8.7530e-02, +4.3456e-01
-2.0336e-03, -1.2948e-02, -6.9624e-02, -6.5102e-02, -4.6876e-02, -4.9157e-02, -8.2757e-02, -1.1219e-01, +5.2273e-02, -8.7456e-03, -1.2570e-01, +8.1534e-02, +1.0168e-02, +1.0249e-01, -3.0524e-02, +5.0221e-02, -2.9312e-02, -2.0703e-01, -1.7265e-01, -4.7664e-02, +2.1360e-01, -1.3270e-01, -5.0199e-02, +7.9036e-02, +7.2474e-02, -6.6891e-02, -5.9423e-02, -5.7020e-02, +9.6307e-02, -6.6192e-02, +8.5450e-02, -1.8125e-01, -7.9767e-02, +2.5101e-01, -2.4092e-02, -9.2932e-02, -7.0571e-03, +4.7605e-02, +6.5954e-04, -1.8391e-02, -7.8992e-02, -7.4144e-02, +2.5470e-01, +1.6900e-01, -2.4498e-01, +7.4056e-02, -1.7236e-02, -8.7530e-02, -1.0000e+00, +1.4702e-01
+1.0559e-01, -1.8735e-01, +8.9523e-02, -7.3535e-02, +1.1062e-01, +1.8933e-01, -2.2025e-01, +1.1233e-03, +9.0628e-02, +2.1083e-01, +2.8040e-02, -3.8963e-02, +3.4810e-02, -5.4798e-02, +3.0867e-01, +6.5552e-01, +2.0154e-01, -1.3660e-01, +1.1701e-02, -2.0946e-02, +8.1887e-02, +1.3816e-01, +1.3477e-01, +1.0164e-01, +1.0429e-02, +5.6977e-02, +5.1540e-02, -2.2888e-01, -1.8940e-01, -8.7460e-02, +4.1530e-02, +5.9324e-03, +1.4196e-01, +2.1151e-01, -1.8299e-01, +8.9060e-02, -1.0910e-01, -9.0376e-02, -3.1142e-02, -1.5956e-01, +1.3427e-01, +5.9219e-02, -7.2813e-02, +1.5942e-01, -1.4638e-01, -4.7104e-02, +2.1935e-02, +4.3456e-01, +1.4702e-01, -1.0000e+00
