-1.0000e+00, +3.5625e-02, -3.0863e-02, -6.5201e-02, +4.1803e-02, +4.3206e-02, +3.9175e-02, -4.6086e-02, -4.6216e-02, -2.7282e-02, -5.4616e-03, -5.9989e-02, +8.0773e-02, -5.5499e-02, -4.9544e-03, -5.2617e-02, -6.9460e-02, -1.3292e-02, +1.0304e-01, -3.7085e-02, +1.0923e-01, -6.5604e-03, -5.6098e-03, +2.5946e-02, +7.4752e-02, -8.8114e-02, +5.1323e-02, +6.1407e-02, +8.3004e-03, -1.0724e-01, +3.1515e-02, -1.7842e-02, +2.1580e-03, -1.1342e-03, -3.4283e-02, +4.4444e-02, +1.5703e-02, +6.0489e-02, +9.9370e-03, -5.6263e-02, +6.6122e-02, +5.0138e-03, +8.6998e-03, -6.9629e-04, -1.6489e-01, +3.3486e-03, -2.9306e-02, +1.6111e-01, +6.2309e-03, -3.2417e-02
+3.5625e-02, -1.0000e+00, +3.4361e-02, -5.4468e-02, +1.1227e-03, +1.8800e-02, -2.2654e-02, +7.3801e-02, +3.5641e-02, +2.4728e-01, +8.9942e-02, -4.6873e-02, -1.5887e-02, +4.9955e-02, -4.8766e-03, +4.6987e-02, -3.0214e-02, +1.7452e-02, -5.2086e-02, -2.9547e-02, -1.1345e-02, +3.4760e-02, -1.7486e-01, +5.1240e-02, +3.5892e-02, -2.1068e-02, -1.1096e-02, -1.0867e-02, -5.2735e-03, +3.0741e-02, -2.0058e-02, +2.9346e-02, +1.1166e-01, -1.8818e-02, +1.1586e-01, +4.2356e-03, +1.9509e-01, -5.3830e-02, -8.3092e-02, -1.4267e-02, -5.8347e-03, +7.5200e-02, +2.3642e-02, +1.1717e-01, +1.5349e-01, -7.1414e-02, +7.7039e-02, +6.2342e-02, -1.0825e-01, -9.2926e-02
-3.0863e-02, +3.4361e-02, -1.0000e+00, +2.2392e-01, +7.7149e-02, -1.3932e-01, +5.8393e-02, -1.4385e-01, -6.7647e-02, +1.4142e-01, -4.7860e-02, +1.4497e-02, -3.7706e-03, -4.8143e-02, +1.1439e-01, -2.1311e-02, -2.1370e-02, -4.3192e-02, +9.8290e-02, -5.0659e-02, +5.0625e-02, +7.1684e-02, -1.0912e-03, +2.6072e-02, +1.8947e-01, -7.9163e-02, -8.8261e-02, -5.0219e-02, +4.7196e-02, +4.2666e-02, +8.5083e-02, -7.3540e-02, -1.4312e-01, -4.6144e-02, +5.8338e-02, +1.4120e-02, -2.7246e-01, +1.9803e-02, -7.5276e-03, +9.7432e-02, +2.3364e-02, +1.4327e-01, -7.2242e-02, +6.0024e-02, +5.0142e-02, -1.9214e-02, -1.2829e-01, -8.0675e-02, +6.9304e-02, -4.8314e-02
-6.5201e-02, -5.4468e-02, +2.2392e-01, -1.0000e+00, +1.1954e-02, -7.4843e-03, -6.5034e-02, +4.6726e-02, -6.2767e-02, +1.0174e-01, +2.7255e-03, -2.2463e-01, -6.1556e-02, +1.0272e-01, -5.0181e-02, -3.2372e-02, +6.1946e-03, +8.0470e-03, +6.4020e-02, +4.4993e-02, -4.6929e-04, -5.2791e-02, -6.2703e-02, -7.1631e-02, +1.1373e-02, -1.9171e-01, +1.5421e-01, +1.8107e-01, -9.5520e-02, -9.8440e-02, -2.5120e-02, +1.8410e-02, -4.5919e-02, +9.2554e-02, -2.9908e-02, -2.5407e-02, +1.2277e-01, +1.3475e-03, -1.0639e-02, -2.5306e-02, +1.9551e-02, +4.3225e-02, -1.5294e-02, -1.0185e-02, -3.2783e-03, -6.8401e-02, +6.6920e-02, +3.5409e-02, -1.3279e-02, +5.2034e-02
+4.1803e-02, +1.1227e-03, +7.7149e-02, +1.1954e-02, -1.0000e+00, -5.8368e-02, +1.2323e-02, -2.9338e-02, +7.3955e-02, +1.8140e-02, -2.9889e-02, +1.8341e-02, -3.7892e-02, -2.5320e-02, -1.0044e-01, -5.4720e-03, -6.3628e-02, +1.1021e-02, -9.7318e-02, -2.1126e-02, +1.2476e-02, +5.6276e-02, +2.6652e-02, +5.2321e-02, +1.1705e-01, +3.6654e-02, -3.7519e-02, -6.5705e-02, -7.8079e-02, -7.7184e-02, -7.2679e-03, -7.8761e-03, +5.0089e-02, -2.1185e-02, -6.8302e-02, -5.0781e-02, -1.9343e-02, +9.7383e-02, +7.3966e-02, -2.9882e-03, -8.3128e-02, +4.7338e-02, -8.0258e-02, +9.6387e-03, -9.6472e-02, -4.3153e-02, -1.2245e-01, +1.2302e-01, +5.6098e-02, -1.7621e-02
+4.3206e-02, +1.8800e-02, -1.3932e-01, -7.4843e-03, -5.8368e-02, -1.0000e+00, -5.9777e-03, +2.3046e-02, -4.8770e-02, +1.0963e-01, -4.3678e-02, +2.2206e-02, +7.5898e-03, +8.9589e-03, -7.1508e-02, -3.8567e-02, +2.4466e-02, -7.7073e-02, -9.7357e-02, +1.9818e-02, +1.4665e-02, -4.4590e-03, -2.2551e-02, +7.6023e-02, -2.4850e-02, -5.9293e-02, -2.3507e-02, -5.2353e-02, +5.6347e-02, +5.4606e-02, -1.0970e-01, +7.5546e-02, -9.3643e-02, +6.2956e-02, +2.2311e-02, +4.9977e-02, +6.4933e-02, -6.1795e-02, -3.2375e-02, -1.7623e-03, -2.5181e-02, +4.9261e-02, +2.2046e-02, -3.2688e-02, +6.7912e-03, +4.3207e-03, -6.8506e-02, +5.3824e-02, +3.3820e-02, +6.3284e-02
+3.9175e-02, -2.2654e-02, +5.8393e-02, -6.5034e-02, +1.2323e-02, -5.9777e-03, -1.0000e+00, +1.0759e-01, -3.1498e-03, +4.6937e-02, +3.5589e-02, -3.5548e-02, -2.9142e-02, +2.5770e-02, -7.4834e-03, +3.5572e-02, +2.8803e-02, -9.9154e-03, -2.4806e-02, -3.0361e-02, +1.9930e-02, -6.6210e-03, +1.2155e-02, -5.8254e-02, -6.1091e-02, -4.2110e-02, +9.8721e-03, -7.0910e-02, +1.3410e-02, +3.9353e-02, +1.1438e-02, +5.3369e-02, +7.9748e-04, +3.7544e-02, +9.1259e-02, +3.4871e-03, +6.3125e-02, +2.1906e-02, -5.6772e-02, -2.6348e-02, +7.3340e-03, -4.0242e-02, -4.3435e-02, +6.8919e-02, +6.4904e-02, -6.5263e-02, +3.0026e-02, -4.3318e-03, -5.3946e-03, +1.9590e-02
-4.6086e-02, +7.3801e-02, -1.4385e-01, +4.6726e-02, -2.9338e-02, +2.3046e-02, +1.0759e-01, -1.0000e+00, -1.3837e-01, +2.2088e-01, -2.5912e-02, +1.5948e-02, +4.9516e-02, +7.4429e-02, -1.7955e-02, -1.7100e-02, -9.9744e-02, -6.6833e-04, +1.8689e-01, -7.8114e-02, -4.8161e-03, +1.0376e-01, +4.6674e-03, +1.4097e-01, +7.0222e-02, +5.2941e-02, +2.8326e-02, -7.7000e-02, +1.0324e-02, +6.3388e-03, +1.0980e-01, -1.4633e-03, +3.3483e-02, -2.6326e-02, -3.3671e-02, +3.2453e-03, -1.6410e-01, +2.3571e-02, +8.3855e-02, +3.0356e-02, -6.8508e-02, -5.2452e-02, -4.8119e-02, +7.2263e-02, -1.0627e-02, +1.0692e-01, -2.6667e-02, -1.2788e-01, +1.2153e-02, +1.5885e-04
-4.6216e-02, +3.5641e-02, -6.7647e-02, -6.2767e-02, +7.3955e-02, -4.8770e-02, -3.1498e-03, -1.3837e-01, -1.0000e+00, +7.1424e-02, +4.0294e-02, +8.3887e-03, -8.9812e-02, +4.1529e-02, +4.8360e-02, -5.3748e-02, -5.3926e-02, +6.5418e-02, -4.8869e-03, -1.3313e-01, -4.6972e-02, -5.0521e-02, -7.0634e-03, +9.0227e-04, +1.2420e-02, -7.7095e-02, +6.7688e-02, -7.2871e-02, +1.4099e-01, -2.6152e-02, +6.1662e-02, -1.7893e-02, -2.2722e-01, +1.1736e-01, +3.0276e-02, -3.0118e-02, +8.6525e-02, +3.6852e-02, +6.5885e-02, -2.1332e-02, +6.6425e-02, -1.2717e-02, +8.0110e-03, -1.3680e-01, -1.2480e-01, -3.3290e-02, +9.5377e-02, -3.3022e-02, +2.4693e-03, +1.5565e-01
-2.7282e-02, +2.4728e-01, +1.4142e-01, +1.0174e-01, +1.8140e-02, +1.0963e-01, +4.6937e-02, +2.2088e-01, +7.1424e-02, -1.0000e+00, -1.2213e-01, +9.9703e-02, -2.2181e-02, -2.7713e-02, +4.6619e-02, -2.8220e-02, +4.1537e-02, +7.6689e-02, -1.2166e-02, +6.5291e-03, -5.6799e-02, +2.6230e-02, +1.4710e-01, -1.7793e-01, -3.1192e-02, +1.0420e-02, -1.5443e-02, +6.4362e-02, +1.8983e-01, +4.3037e-02, -1.2399e-01, -3.7872e-02, -1.2387e-01, -7.7709e-03, -3.3869e-02, -5.0165e-02, +3.9220e-03, +2.1931e-03, +1.7264e-01, +3.2610e-02, +6.6411e-02, +9.9975e-02, +9.5244e-03, -7.3416e-02, +4.1560e-02, +4.1349e-02, +2.5221e-01, +4.6882e-02, +5.5812e-03, +3.0245e-02
-5.4616e-03, +8.9942e-02, -4.7860e-02, +2.7255e-03, -2.9889e-02, -4.3678e-02, +3.5589e-02, -2.5912e-02, +4.0294e-02, -1.2213e-01, -1.0000e+00, +1.5026e-02, +4.8761e-02, +2.8976e-02, -1.2401e-01, +5.4170e-03, +4.5386e-02, -1.6077e-01, -6.2335e-02, +5.7640e-02, -3.5702e-03, +5.7931e-02, +5.6245e-02, +1.7060e-01, +1.1792e-01, -2.3694e-03, -4.8845e-02, -6.9311e-02, +1.8179e-02, -7.9125e-02, +7.1610e-02, -1.4474e-02, -6.5915e-02, +7.7729e-03, -3.0200e-03, -5.8220e-02, +1.1567e-01, -9.4007e-02, +1.6953e-02, +4.1201e-02, +8.7353e-02, +9.5197e-02, -1.7725e-02, -6.0973e-02, +4.8941e-02, +1.0353e-01, -2.0432e-02, +4.8907e-02, +6.5559e-02, +2.6196e-02
-5.9989e-02, -4.6873e-02, +1.4497e-02, -2.2463e-01, +1.8341e-02, +2.2206e-02, -3.5548e-02, +1.5948e-02, +8.3887e-03, +9.9703e-02, +1.5026e-02, -1.0000e+00, +9.1754e-02, -1.0771e-02, +6.0884e-02, +1.7459e-03, +3.5144e-02, +4.0147e-02, +9.2124e-03, +2.8698e-02, +3.5329e-02, -7.7738e-02, +4.7910e-02, -3.3769e-02, -5.3391e-02, -2.9291e-02, +1.0212e-01, -1.2335e-02, -2.7393e-02, +1.0213e-02, +6.2958e-02, -6.0250e-02, +1.1336e-03, -1.6260e-03, -1.6863e-02, +3.0305e-02, -3.7185e-02, -6.3363e-02, -1.8278e-02, +1.7198e-02, +2.2338e-02, +1.0602e-01, -1.1586e-01, +2.8043e-02, +4.7553e-02, -5.1652e-03, -1.1143e-01, +5.8192e-02, -1.6179e-02, -6.5228e-02
+8.0773e-02, -1.5887e-02, -3.7705e-03, -6.1556e-02, -3.7892e-02, +7.5897e-03, -2.9142e-02, +4.9517e-02, -8.9812e-02, -2.2181e-02, +4.8761e-02, +9.1754e-02, -1.0000e+00, +1.3100e-01, -1.2004e-01, -3.7837e-02, +4.6109e-02, +7.2302e-02, +3.5738e-02, -1.3830e-02, -9.5510e-02, -1.6388e-02, +3.9664e-04, +3.2169e-02, +3.9544e-02, -1.2491e-01, +1.7474e-02, +1.2328e-01, +5.0874e-02, -4.2431e-02, -1.1472e-01, -3.2036e-02, +3.1388e-02, -1.0620e-02, +6.0713e-02, -7.4962e-04, +6.2663e-02, +1.7668e-02, +6.2114e-02, +1.6328e-02, -7.6443e-03, +2.4815e-02, +6.5671e-02, +2.5700e-02, +4.9959e-03, +2.5086e-04, +2.2184e-01, -1.0729e-01, -8.6922e-02, +1.5070e-02
-5.5499e-02, +4.9955e-02, -4.8143e-02, +1.0272e-01, -2.5320e-02, +8.9589e-03, +2.5770e-02, +7.4429e-02, +4.1529e-02, -2.7713e-02, +2.8976e-02, -1.0771e-02, +1.3100e-01, -1.0000e+00, +2.0626e-02, +2.6995e-02, +3.2582e-02, -2.3563e-02, +2.3994e-02, -1.9175e-03, +5.4686e-03, +3.3743e-02, +3.0078e-03, -3.9149e-02, -1.3639e-02, +9.0104e-02, -9.2196e-03, -1.1120e-01, +2.1664e-02, -5.8385e-02, +2.0990e-02, -7.4711e-02, -1.4138e-02, -5.6840e-02, -1.1382e-01, +7.9653e-03, -7.1420e-02, -1.8866e-02, +5.9719e-02, +7.7107e-02, +2.2566e-03, -7.7337e-02, -3.1797e-02, -2.5895e-02, +8.8765e-02, +2.3677e-02, -7.3986e-03, +1.2033e-01, +5.9529e-02, -7.2236e-02
-4.9544e-03, -4.8766e-03, +1.1439e-01, -5.0181e-02, -1.0044e-01, -7.1508e-02, -7.4834e-03, -1.7955e-02, +4.8360e-02, +4.6619e-02, -1.2401e-01, +6.0884e-02, -1.2004e-01, +2.0626e-02, -1.0000e+00, -9.1907e-02, +2.5662e-02, -1.5888e-01, -1.1675e-01, +1.7973e-02, -3.0438e-02, +1.1804e-03, -9.5672e-02, +1.0193e-02, +7.3715e-02, +1.5399e-04, -7.6704e-02, -7.6001e-02, -7.2461e-02, -3.3824e-02, -1.6713e-01, -2.7888e-02, -5.8315e-02, +7.8081e-02, -9.2840e-02, +6.0017e-02, +1.2278e-01, +7.7992e-02, -3.5570e-02, -2.3002e-02, -9.7096e-02, +7.7615e-02, -2.6278e-03, -1.4975e-02, -8.9064e-02, -1.1023e-02, -5.4792e-02, +1.6677e-01, +1.4602e-02, +2.8003e-02
-5.2617e-02, +4.6987e-02, -2.1311e-02, -3.2372e-02, -5.4720e-03, -3.8567e-02, +3.5572e-02, -1.7100e-02, -5.3748e-02, -2.8220e-02, +5.4170e-03, +1.7459e-03, -3.7837e-02, +2.6995e-02, -9.1907e-02, -1.0000e+00, +1.4727e-02, +4.1783e-02, +4.4268e-02, -6.5488e-02, -4.3311e-04, +8.6774e-02, -2.6503e-02, +7.2347e-02, +5.4683e-02, -2.5756e-02, -1.2720e-02, -5.9926e-02, -5.3701e-02, +3.9616e-02, -4.4134e-02, +6.3239e-02, +6.6219e-02, +7.7157e-03, -4.7816e-03, -2.8131e-02, +5.8275e-02, +4.9771e-02, -1.6033e-02, -5.2664e-02, -1.6284e-03, +1.4279e-01, -9.4158e-02, -6.0809e-02, -9.5101e-02, +8.5153e-02, -6.3880e-02, +3.3049e-02, -3.3891e-02, -6.0342e-03
-6.9460e-02, -3.0214e-02, -2.1370e-02, +6.1946e-03, -6.3628e-02, +2.4466e-02, +2.8803e-02, -9.9744e-02, -5.3926e-02, +4.1537e-02, +4.5386e-02, +3.5144e-02, +4.6109e-02, +3.2582e-02, +2.5662e-02, +1.4727e-02, -1.0000e+00, +6.5088e-02, +7.8198e-02, -7.7623e-02, -9.4230e-03, +5.9937e-02, +8.2864e-02, +4.0576e-02, +3.1177e-02, -6.0185e-02, +3.4367e-02, +8.7565e-02, +9.2058e-02, -9.2385e-02, +4.5974e-02, -5.5064e-02, -1.3284e-01, -6.2490e-02, +3.8844e-02, -1.0572e-02, +1.9969e-02, +3.8583e-02, +5.5754e-02, -2.8236e-02, -8.4470e-02, +8.8361e-02, -3.4151e-02, -6.2547e-02, -1.5588e-01, +6.5613e-02, -1.6456e-02, +1.6609e-02, +4.8838e-02, -9.8933e-02
-1.3292e-02, +1.7452e-02, -4.3192e-02, +8.0470e-03, +1.1021e-02, -7.7073e-02, -9.9154e-03, -6.6834e-04, +6.5418e-02, +7.6689e-02, -1.6077e-01, +4.0147e-02, +7.2302e-02, -2.3563e-02, -1.5888e-01, +4.1783e-02, +6.5088e-02, -1.0000e+00, -5.5543e-02, +7.6139e-02, +3.1335e-02, -1.4691e-02, +4.4913e-02, +1.0719e-01, +7.8217e-02, -3.1275e-02, -1.2059e-01, -1.3017e-01, -6.1344e-02, +4.0692e-02, -2.4112e-02, -9.7976e-02, +3.0798e-03, -2.0845e-02, +1.8223e-02, -1.3653e-02, -5.2071e-03, -7.0457e-02, +5.0609e-03, +3.5743e-02, +8.3768e-02, +5.0988e-02, +1.5365e-02, -7.6715e-03, +4.2003e-02, +4.6113e-03, -9.1285e-02, -1.6434e-02, +4.3633e-02, +4.5665e-02
+1.0304e-01, -5.2086e-02, +9.8290e-02, +6.4020e-02, -9.7318e-02, -9.7357e-02, -2.4806e-02, +1.8689e-01, -4.8869e-03, -1.2166e-02, -6.2335e-02, +9.2124e-03, +3.5738e-02, +2.3994e-02, -1.1675e-01, +4.4268e-02, +7.8198e-02, -5.5543e-02, -1.0000e+00, +4.4728e-02, -2.0901e-02, -5.0421e-02, +6.9352e-02, -1.2027e-01, -3.0806e-02, +3.3487e-02, -1.6831e-01, -7.7308e-02, -5.7442e-02, -7.4903e-02, -8.0504e-02, -4.3649e-02, -4.3748e-02, +6.6324e-02, +4.0775e-02, -3.7993e-02, +2.5197e-01, -2.1512e-01, -2.2211e-01, -6.2678e-02, +4.9153e-02, +9.3281e-02, +1.7548e-02, -6.6062e-02, +3.4087e-02, -6.4574e-03, -3.3576e-02, +1.2187e-01, -1.3576e-02, +1.5560e-01
-3.7085e-02, -2.9547e-02, -5.0659e-02, +4.4993e-02, -2.1126e-02, +1.9818e-02, -3.0361e-02, -7.8114e-02, -1.3313e-01, +6.5291e-03, +5.7640e-02, +2.8698e-02, -1.3830e-02, -1.9176e-03, +1.7973e-02, -6.5488e-02, -7.7623e-02, +7.6139e-02, +4.4728e-02, -1.0000e+00, +2.5889e-02, +7.9108e-02, -1.9761e-02, -3.3314e-02, -4.5396e-02, -2.1412e-02, +8.1882e-03, +3.1774e-02, +7.9060e-02, -1.4421e-01, -7.4321e-03, +1.4780e-02, -2.5186e-01, -1.6214e-02, +1.4114e-01, +1.9795e-02, +3.8971e-02, +2.2756e-02, -2.0331e-03, +3.2962e-02, -1.1297e-01, +5.9076e-02, -5.7203e-02, +2.1686e-01, -1.0444e-01, +6.3179e-03, +1.8571e-02, +7.5833e-02, +8.6715e-02, -6.5511e-02
+1.0923e-01, -1.1345e-02, +5.0625e-02, -4.6929e-04, +1.2476e-02, +1.4665e-02, +1.9930e-02, -4.8161e-03, -4.6972e-02, -5.6799e-02, -3.5702e-03, +3.5329e-02, -9.5510e-02, +5.4685e-03, -3.0438e-02, -4.3309e-04, -9.4230e-03, +3.1335e-02, -2.0901e-02, +2.5889e-02, -1.0000e+00, +1.1225e-01, -1.0273e-02, +4.6015e-02, -5.5459e-02, +5.8437e-03, -4.7195e-02, +3.3501e-02, -6.0072e-02, +4.8055e-02, -4.8374e-02, +3.7606e-02, +6.3925e-03, +9.9413e-02, +1.5629e-02, -3.4048e-02, +1.3887e-01, -7.7653e-03, +1.8497e-03, -7.0329e-02, -3.3540e-02, +5.7470e-02, +4.7220e-02, -1.9480e-01, +3.5725e-02, -4.5258e-02, +7.0424e-02, -1.0227e-01, +2.6811e-02, +2.1467e-03
-6.5604e-03, +3.4760e-02, +7.1684e-02, -5.2791e-02, +5.6276e-02, -4.4590e-03, -6.6210e-03, +1.0376e-01, -5.0521e-02, +2.6230e-02, +5.7931e-02, -7.7737e-02, -1.6388e-02, +3.3743e-02, +1.1804e-03, +8.6775e-02, +5.9937e-02, -1.4691e-02, -5.0421e-02, +7.9108e-02, +1.1225e-01, -1.0000e+00, +3.1086e-02, -9.1116e-02, +3.7689e-02, -4.3632e-02, -8.1183e-02, +4.9696e-02, -3.7486e-02, +1.1351e-02, -4.6747e-02, -7.4119e-02, -1.5357e-02, +2.9455e-02, +9.9968e-03, -1.3855e-02, -2.1578e-02, -5.0009e-02, -5.1790e-02, -8.8527e-03, -7.8243e-02, -1.5315e-02, +7.0768e-02, +2.8083e-02, -2.3569e-02, +8.8053e-02, -1.4510e-02, -2.9762e-03, -5.3885e-02, +4.1019e-02
-5.6098e-03, -1.7486e-01, -1.0912e-03, -6.2703e-02, +2.6652e-02, -2.2551e-02, +1.2155e-02, +4.6674e-03, -7.0634e-03, +1.4710e-01, +5.6245e-02, +4.7910e-02, +3.9664e-04, +3.0078e-03, -9.5672e-02, -2.6503e-02, +8.2864e-02, +4.4913e-02, +6.9352e-02, -1.9761e-02, -1.0273e-02, +3.1086e-02, -1.0000e+00, -4.7094e-02, +3.1413e-02, -5.5784e-03, +5.1287e-02, +6.7558e-03, -5.2125e-02, -3.2078e-03, +6.7097e-02, -2.2018e-02, +3.0336e-02, -1.1898e-02, -1.0198e-02, +4.7179e-02, +2.7836e-02, +1.1352e-02, -1.0267e-02, -2.0448e-02, +1.4596e-02, +9.7398e-02, -2.8911e-02, -5.3218e-04, +9.3629e-03, -7.9718e-02, -2.1532e-02, -4.7327e-02, -6.2179e-02, -7.4141e-02
+2.5946e-02, +5.1240e-02, +2.6072e-02, -7.1631e-02, +5.2321e-02, +7.6023e-02, -5.8254e-02, +1.4097e-01, +9.0226e-04, -1.7793e-01, +1.7060e-01, -3.3769e-02, +3.2169e-02, -3.9149e-02, +1.0193e-02, +7.2347e-02, +4.0576e-02, +1.0719e-01, -1.2027e-01, -3.3314e-02, +4.6015e-02, -9.1116e-02, -4.7094e-02, -1.0000e+00, -6.6686e-02, -6.8161e-02, +1.3022e-02, +1.1188e-02, +5.5170e-02, -4.5562e-03, -2.0066e-02, +1.2832e-02, -1.1930e-01, -1.8370e-02, +3.8550e-02, +2.8769e-02, +5.6439e-02, +1.2839e-02, -7.7688e-02, -4.2607e-02, +2.2473e-02, -6.5041e-03, +1.0685e-03, +5.2437e-02, -3.1268e-02, -1.2653e-01, +3.7037e-02, +1.4555e-01, +3.2296e-02, +2.7757e-03
+7.4752e-02, +3.5892e-02, +1.8947e-01, +1.1373e-02, +1.1705e-01, -2.4850e-02, -6.1091e-02, +7.0222e-02, +1.2420e-02, -3.1192e-02, +1.1792e-01, -5.3391e-02, +3.9544e-02, -1.3639e-02, +7.3715e-02, +5.4683e-02, +3.1177e-02, +7.8217e-02, -3.0806e-02, -4.5396e-02, -5.5459e-02, +3.7689e-02, +3.1413e-02, -6.6686e-02, -1.0000e+00, +4.4310e-02, +9.1096e-02, -1.0936e-01, +5.4913e-02, +1.3525e-02, +2.6549e-02, -4.0468e-03, +3.2381e-02, -2.9718e-02, -6.7865e-04, -6.1488e-02, -1.8972e-03, -7.9142e-03, -7.0616e-02, -7.5156e-02, -4.2992e-02, -5.1906e-02, -1.6973e-02, -1.1027e-01, -3.2518e-02, -1.0889e-01, +6.4967e-02, +1.7858e-01, +1.3990e-01, -1.4191e-02
-8.8114e-02, -2.1068e-02, -7.9163e-02, -1.9171e-01, +3.6654e-02, -5.9293e-02, -4.2110e-02, +5.2941e-02, -7.7095e-02, +1.0420e-02, -2.3694e-03, -2.9291e-02, -1.2491e-01, +9.0104e-02, +1.5399e-04, -2.5756e-02, -6.0185e-02, -3.1275e-02, +3.3487e-02, -2.1412e-02, +5.8437e-03, -4.3632e-02, -5.5784e-03, -6.8161e-02, +4.4310e-02, -1.0000e+00, +1.2384e-02, +1.0129e-01, +3.3183e-02, -2.9925e-02, -2.1800e-03, -1.6281e-02, +2.9632e-03, +7.6996e-02, +9.5598e-03, +3.0618e-02, +1.5473e-01, +1.3187e-01, +6.9773e-02, -4.3169e-02, +5.4718e-02, +8.0277e-02, -2.8846e-02, -6.2897e-03, +1.4998e-02, -4.2226e-02, +1.0937e-01, -5.2107e-02, -1.3717e-01, +6.7268e-02
+5.1323e-02, -1.1096e-02, -8.8261e-02, +1.5421e-01, -3.7519e-02, -2.3507e-02, +9.8721e-03, +2.8326e-02, +6.7688e-02, -1.5443e-02, -4.8845e-02, +1.0212e-01, +1.7474e-02, -9.2196e-03, -7.6704e-02, -1.2720e-02, +3.4367e-02, -1.2059e-01, -1.6831e-01, +8.1882e-03, -4.7195e-02, -8.1183e-02, +5.1287e-02, +1.3022e-02, +9.1096e-02, +1.2384e-02, -1.0000e+00, -6.6006e-02, -1.2355e-01, -8.4656e-03, -1.0633e-01, -1.0795e-01, -3.9373e-02, +1.8595e-02, +4.4461e-02, +7.9022e-02, +1.7501e-02, +2.2965e-02, -5.4518e-02, +5.3093e-04, -9.7102e-02, +9.7294e-02, +5.2358e-03, -4.8038e-02, -1.6069e-03, +1.0383e-02, -1.7671e-01, +5.3295e-02, +3.4288e-02, +5.6879e-02
+6.1407e-02, -1.0867e-02, -5.0219e-02, +1.8107e-01, -6.5705e-02, -5.2353e-02, -7.0910e-02, -7.7000e-02, -7.2871e-02, +6.4362e-02, -6.9311e-02, -1.2335e-02, +1.2328e-01, -1.1120e-01, -7.6001e-02, -5.9926e-02, +8.7565e-02, -1.3017e-01, -7.7308e-02, +3.1774e-02, +3.3501e-02, +4.9696e-02, +6.7558e-03, +1.1188e-02, -1.0936e-01, +1.0129e-01, -6.6006e-02, -1.0000e+00, +4.9867e-02, +1.2044e-01, +2.1373e-02, -1.8629e-02, +2.3389e-03, -5.7936e-02, -1.8429e-02, +2.2064e-02, +2.1297e-02, -1.8366e-02, -6.2474e-02, +5.9501e-03, +5.1767e-02, +3.7591e-02, -5.7923e-02, -9.1348e-02, +1.1071e-01, +4.1079e-02, -7.9862e-02, +9.6393e-02, -9.4744e-03, +4.3972e-02
+8.3004e-03, -5.2735e-03, +4.7196e-02, -9.5520e-02, -7.8079e-02, +5.6347e-02, +1.3410e-02, +1.0324e-02, +1.4099e-01, +1.8983e-01, +1.8179e-02, -2.7393e-02, +5.0874e-02, +2.1664e-02, -7.2461e-02, -5.3701e-02, +9.2058e-02, -6.1344e-02, -5.7442e-02, +7.9060e-02, -6.0072e-02, -3.7486e-02, -5.2125e-02, +5.5170e-02, +5.4913e-02, +3.3183e-02, -1.2355e-01, +4.9867e-02, -1.0000e+00, -8.0192e-04, -1.1424e-01, -1.6168e-02, +1.0669e-01, +8.1294e-02, -2.0139e-01, +3.0985e-02, +1.1682e-01, -9.8801e-02, -8.4004e-02, -2.2799e-03, +2.7961e-02, +1.1669e-01, -2.8915e-02, -6.1950e-02, +4.1741e-02, -2.3580e-02, -1.7206e-01, -3.1894e-02, +3.3621e-02, +5.1023e-03
-1.0724e-01, +3.0741e-02, +4.2666e-02, -9.8440e-02, -7.7184e-02, +5.4606e-02, +3.9353e-02, +6.3388e-03, -2.6152e-02, +4.3037e-02, -7.9125e-02, +1.0213e-02, -4.2431e-02, -5.8385e-02, -3.3824e-02, +3.9616e-02, -9.2385e-02, +4.0692e-02, -7.4903e-02, -1.4421e-01, +4.8055e-02, +1.1351e-02, -3.2078e-03, -4.5562e-03, +1.3525e-02, -2.9925e-02, -8.4656e-03, +1.2044e-01, -8.0192e-04, -1.0000e+00, +4.1834e-02, -4.9016e-02, -1.1723e-01, -2.2446e-02, +1.5740e-01, +9.3133e-02, +3.4917e-02, +8.7500e-02, -2.3240e-02, -2.7105e-02, -4.6645e-02, +1.8559e-02, +3.1625e-02, -2.3799e-03, -1.0000e-01, +1.7565e-02, +7.5633e-04, +1.1526e-01, +9.7559e-02, +2.1009e-02
+3.1515e-02, -2.0058e-02, +8.5083e-02, -2.5120e-02, -7.2679e-03, -1.0970e-01, +1.1438e-02, +1.0980e-01, +6.1662e-02, -1.2399e-01, +7.1610e-02, +6.2958e-02, -1.1472e-01, +2.0990e-02, -1.6713e-01, -4.4134e-02, +4.5974e-02, -2.4112e-02, -8.0504e-02, -7.4321e-03, -4.8374e-02, -4.6747e-02, +6.7097e-02, -2.0066e-02, +2.6549e-02, -2.1800e-03, -1.0633e-01, +2.1373e-02, -1.1424e-01, +4.1834e-02, -1.0000e+00, -8.8188e-02, -5.1751e-02, +3.0944e-02, +2.3203e-02, +5.3943e-02, +1.4974e-01, -2.6262e-02, +5.3539e-02, -3.7193e-02, -1.5292e-01, +1.6218e-01, -4.7617e-02, -6.9407e-02, +2.0106e-02, -9.9820e-02, -3.0969e-02, +1.9210e-01, +7.5457e-04, +7.9740e-03
-1.7842e-02, +2.9346e-02, -7.3540e-02, +1.8410e-02, -7.8761e-03, +7.5546e-02, +5.3369e-02, -1.4633e-03, -1.7893e-02, -3.7872e-02, -1.4474e-02, -6.0250e-02, -3.2036e-02, -7.4711e-02, -2.7888e-02, +6.3239e-02, -5.5064e-02, -9.7976e-02, -4.3649e-02, +1.4780e-02, +3.7606e-02, -7.4119e-02, -2.2018e-02, +1.2832e-02, -4.0467e-03, -1.6281e-02, -1.0795e-01, -1.8629e-02, -1.6168e-02, -4.9016e-02, -8.8188e-02, -1.0000e+00, +3.1332e-02, +1.7793e-02, -8.6369e-03, +2.8366e-02, -6.5553e-02, -1.6463e-02, -7.5824e-02, +5.2453e-02, +6.8378e-02, +2.8131e-01, +9.4779e-02, -7.9308e-02, -1.2136e-01, -2.2454e-02, -4.7003e-02, +3.8567e-02, +6.9557e-02, -6.9009e-03
+2.1580e-03, +1.1166e-01, -1.4312e-01, -4.5919e-02, +5.0089e-02, -9.3643e-02, +7.9747e-04, +3.3483e-02, -2.2722e-01, -1.2387e-01, -6.5915e-02, +1.1336e-03, +3.1388e-02, -1.4138e-02, -5.8315e-02, +6.6219e-02, -1.3284e-01, +3.0798e-03, -4.3748e-02, -2.5186e-01, +6.3925e-03, -1.5357e-02, +3.0336e-02, -1.1930e-01, +3.2381e-02, +2.9632e-03, -3.9373e-02, +2.3389e-03, +1.0669e-01, -1.1723e-01, -5.1751e-02, +3.1332e-02, -1.0000e+00, -9.9085e-03, +1.0727e-01, +2.4389e-02, +1.7518e-02, +1.5715e-04, +1.8357e-02, -2.3996e-02, -1.9406e-01, +3.0662e-03, -1.0843e-01, +2.2779e-02, -1.1056e-01, -1.0165e-02, +6.0143e-03, +1.3861e-01, +1.6239e-01, -2.9432e-02
-1.1342e-03, -1.8818e-02, -4.6144e-02, +9.2554e-02, -2.1185e-02, +6.2956e-02, +3.7544e-02, -2.6326e-02, +1.1736e-01, -7.7709e-03, +7.7729e-03, -1.6260e-03, -1.0620e-02, -5.6840e-02, +7.8081e-02, +7.7157e-03, -6.2490e-02, -2.0845e-02, +6.6324e-02, -1.6214e-02, +9.9413e-02, +2.9455e-02, -1.1898e-02, -1.8370e-02, -2.9718e-02, +7.6996e-02, +1.8595e-02, -5.7936e-02, +8.1294e-02, -2.2446e-02, +3.0944e-02, +1.7793e-02, -9.9085e-03, -1.0000e+00, -9.2285e-03, -3.1693e-02, -1.7905e-01, -1.4068e-02, +5.7678e-03, -1.9981e-02, -1.0171e-02, -6.1569e-02, -6.7907e-02, +3.6304e-02, +1.4950e-01, +6.8644e-02, -3.0641e-02, +1.5133e-02, -9.7530e-03, +3.6160e-02
-3.4283e-02, +1.1586e-01, +5.8338e-02, -2.9908e-02, -6.8302e-02, +2.2311e-02, +9.1259e-02, -3.3671e-02, +3.0276e-02, -3.3869e-02, -3.0199e-03, -1.6863e-02, +6.0713e-02, -1.1382e-01, -9.2840e-02, -4.7817e-03, +3.8844e-02, +1.8223e-02, +4.0775e-02, +1.4114e-01, +1.5629e-02, +9.9968e-03, -1.0198e-02, +3.8550e-02, -6.7865e-04, +9.5598e-03, +4.4461e-02, -1.8429e-02, -2.0139e-01, +1.5740e-01, +2.3203e-02, -8.6369e-03, +1.0727e-01, -9.2285e-03, -1.0000e+00, -2.5858e-02, -1.4403e-01, +5.9731e-02, +9.9691e-02, +4.4808e-02, +1.1047e-01, -3.9001e-03, +1.5180e-02, +3.4922e-02, -6.3015e-03, +6.8648e-02, -8.0655e-04, -5.7826e-02, +1.9788e-03, +3.4525e-02
+4.4444e-02, +4.2356e-03, +1.4120e-02, -2.5407e-02, -5.0781e-02, +4.9977e-02, +3.4871e-03, +3.2453e-03, -3.0118e-02, -5.0165e-02, -5.8220e-02, +3.0305e-02, -7.4962e-04, +7.9653e-03, +6.0017e-02, -2.8131e-02, -1.0572e-02, -1.3653e-02, -3.7993e-02, +1.9795e-02, -3.4048e-02, -1.3855e-02, +4.7179e-02, +2.8769e-02, -6.1488e-02, +3.0618e-02, +7.9022e-02, +2.2064e-02, +3.0985e-02, +9.3133e-02, +5.3943e-02, +2.8366e-02, +2.4389e-02, -3.1693e-02, -2.5858e-02, -1.0000e+00, +4.7203e-02, -4.3056e-02, +1.9677e-02, +6.8705e-03, +4.7797e-03, -1.0198e-01, +5.6275e-02, -1.1234e-01, +9.9041e-02, -9.7026e-04, +6.4963e-02, -5.0406e-02, +4.5336e-03, -9.7901e-03
+1.5703e-02, +1.9509e-01, -2.7246e-01, +1.2277e-01, -1.9343e-02, +6.4933e-02, +6.3125e-02, -1.6410e-01, +8.6525e-02, +3.9220e-03, +1.1567e-01, -3.7185e-02, +6.2663e-02, -7.1420e-02, +1.2278e-01, +5.8275e-02, +1.9969e-02, -5.2070e-03, +2.5197e-01, +3.8971e-02, +1.3887e-01, -2.1578e-02, +2.7836e-02, +5.6439e-02, -1.8972e-03, +1.5473e-01, +1.7501e-02, +2.1297e-02, +1.1682e-01, +3.4917e-02, +1.4974e-01, -6.5553e-02, +1.7518e-02, -1.7905e-01, -1.4403e-01, +4.7203e-02, -1.0000e+00, +1.4614e-01, +1.6133e-01, +1.8303e-01, +3.7269e-02, -2.0075e-01, -6.6944e-02, +1.5403e-01, -6.7460e-02, +8.7133e-02, -3.3837e-02, +6.5430e-02, +3.4586e-01, -2.6484e-01
+6.0489e-02, -5.3830e-02, +1.9803e-02, +1.3475e-03, +9.7383e-02, -6.1795e-02, +2.1906e-02, +2.3571e-02, +3.6852e-02, +2.1931e-03, -9.4007e-02, -6.3363e-02, +1.7668e-02, -1.8866e-02, +7.7992e-02, +4.9771e-02, +3.8583e-02, -7.0457e-02, -2.1512e-01, +2.2756e-02, -7.7653e-03, -5.0009e-02, +1.1352e-02, +1.2839e-02, -7.9142e-03, +1.3187e-01, +2.2965e-02, -1.8366e-02, -9.8801e-02, +8.7500e-02, -2.6262e-02, -1.6463e-02, +1.5715e-04, -1.4068e-02, +5.9731e-02, -4.3056e-02, +1.4614e-01, -1.0000e+00, -1.7108e-01, +4.9947e-02, +5.4446e-03, +1.2343e-02, +8.2187e-02, -9.0292e-02, +1.1251e-01, +4.4983e-02, +6.3051e-02, -1.7195e-02, -9.6423e-02, +6.5720e-02
+9.9371e-03, -8.3092e-02, -7.5276e-03, -1.0639e-02, +7.3966e-02, -3.2375e-02, -5.6772e-02, +8.3855e-02, +6.5885e-02, +1.7264e-01, +1.6953e-02, -1.8278e-02, +6.2114e-02, +5.9719e-02, -3.5570e-02, -1.6033e-02, +5.5754e-02, +5.0609e-03, -2.2211e-01, -2.0331e-03, +1.8497e-03, -5.1790e-02, -1.0267e-02, -7.7688e-02, -7.0616e-02, +6.9773e-02, -5.4518e-02, -6.2474e-02, -8.4004e-02, -2.3240e-02, +5.3539e-02, -7.5824e-02, +1.8357e-02, +5.7678e-03, +9.9691e-02, +1.9677e-02, +1.6133e-01, -1.7108e-01, -1.0000e+00, -1.0401e-01, +4.6717e-02, +1.0681e-01, +3.0508e-03, -6.2043e-02, +4.9275e-03, -9.6603e-02, -1.4523e-01, +1.9929e-02, -6.8833e-02, +6.1374e-02
-5.6263e-02, -1.4267e-02, +9.7432e-02, -2.5306e-02, -2.9882e-03, -1.7623e-03, -2.6348e-02, +3.0356e-02, -2.1332e-02, +3.2610e-02, +4.1201e-02, +1.7198e-02, +1.6328e-02, +7.7107e-02, -2.3002e-02, -5.2664e-02, -2.8236e-02, +3.5743e-02, -6.2678e-02, +3.2962e-02, -7.0329e-02, -8.8527e-03, -2.0448e-02, -4.2607e-02, -7.5156e-02, -4.3169e-02, +5.3093e-04, +5.9501e-03, -2.2799e-03, -2.7105e-02, -3.7193e-02, +5.2453e-02, -2.3996e-02, -1.9981e-02, +4.4808e-02, +6.8706e-03, +1.8303e-01, +4.9947e-02, -1.0401e-01, -1.0000e+00, -2.8914e-02, +2.6358e-02, +4.2337e-02, -1.3266e-01, -6.5014e-02, -4.6305e-02, -3.0678e-02, +3.6191e-02, -5.4601e-02, +1.0327e-01
+6.6122e-02, -5.8347e-03, +2.3364e-02, +1.9551e-02, -8.3128e-02, -2.5181e-02, +7.3340e-03, -6.8508e-02, +6.6425e-02, +6.6411e-02, +8.7353e-02, +2.2338e-02, -7.6443e-03, +2.2566e-03, -9.7096e-02, -1.6284e-03, -8.4470e-02, +8.3768e-02, +4.9153e-02, -1.1297e-01, -3.3540e-02, -7.8243e-02, +1.4596e-02, +2.2473e-02, -4.2992e-02, +5.4718e-02, -9.7102e-02, +5.1767e-02, +2.7961e-02, -4.6645e-02, -1.5292e-01, +6.8378e-02, -1.9406e-01, -1.0171e-02, +1.1047e-01, +4.7797e-03, +3.7269e-02, +5.4446e-03, +4.6717e-02, -2.8914e-02, -1.0000e+00, -4.8365e-02, +1.7390e-02, +3.9694e-02, -3.7584e-02, -7.1595e-02, -8.1858e-02, +8.0556e-02, +1.2041e-02, +4.3103e-02
+5.0138e-03, +7.5200e-02, +1.4327e-01, +4.3225e-02, +4.7338e-02, +4.9261e-02, -4.0242e-02, -5.2452e-02, -1.2717e-02, +9.9975e-02, +9.5197e-02, +1.0602e-01, +2.4815e-02, -7.7337e-02, +7.7615e-02, +1.4279e-01, +8.8361e-02, +5.0988e-02, +9.3281e-02, +5.9076e-02, +5.7470e-02, -1.5315e-02, +9.7398e-02, -6.5041e-03, -5.1906e-02, +8.0277e-02, +9.7294e-02, +3.7591e-02, +1.1669e-01, +1.8559e-02, +1.6218e-01, +2.8131e-01, +3.0662e-03, -6.1569e-02, -3.9001e-03, -1.0198e-01, -2.0075e-01, +1.2343e-02, +1.0681e-01, +2.6358e-02, -4.8365e-02, -1.0000e+00, +1.0951e-01, +1.1095e-01, +4.9878e-02, +1.1190e-01, +1.2884e-01, +2.8883e-02, +1.0211e-01, +1.2690e-01
+8.6998e-03, +2.3642e-02, -7.2242e-02, -1.5294e-02, -8.0258e-02, +2.2046e-02, -4.3435e-02, -4.8119e-02, +8.0110e-03, +9.5244e-03, -1.7725e-02, -1.1586e-01, +6.5671e-02, -3.1797e-02, -2.6278e-03, -9.4158e-02, -3.4150e-02, +1.5365e-02, +1.7548e-02, -5.7203e-02, +4.7220e-02, +7.0768e-02, -2.8911e-02, +1.0685e-03, -1.6973e-02, -2.8846e-02, +5.2358e-03, -5.7923e-02, -2.8915e-02, +3.1625e-02, -4.7617e-02, +9.4779e-02, -1.0843e-01, -6.7907e-02, +1.5180e-02, +5.6275e-02, -6.6944e-02, +8.2187e-02, +3.0508e-03, +4.2337e-02, +1.7390e-02, +1.0951e-01, -1.0000e+00, -4.5429e-02, -4.1025e-02, -1.2746e-03, -7.1382e-02, +1.0552e-01, +6.8418e-02, +1.5184e-02
-6.9628e-04, +1.1717e-01, +6.0024e-02, -1.0185e-02, +9.6387e-03, -3.2688e-02, +6.8919e-02, +7.2263e-02, -1.3680e-01, -7.3416e-02, -6.0973e-02, +2.8043e-02, +2.5700e-02, -2.5895e-02, -1.4975e-02, -6.0809e-02, -6.2547e-02, -7.6715e-03, -6.6062e-02, +2.1686e-01, -1.9480e-01, +2.8083e-02, -5.3217e-04, +5.2437e-02, -1.1027e-01, -6.2898e-03, -4.8038e-02, -9.1348e-02, -6.1950e-02, -2.3799e-03, -6.9407e-02, -7.9308e-02, +2.2779e-02, +3.6304e-02, +3.4922e-02, -1.1234e-01, +1.5403e-01, -9.0292e-02, -6.2043e-02, -1.3266e-01, +3.9694e-02, +1.1095e-01, -4.5429e-02, -1.0000e+00, -1.7304e-01, -1.5730e-02, -3.1439e-02, +1.0119e-01, +8.5965e-02, +4.7439e-03
-1.6489e-01, +1.5349e-01, +5.0143e-02, -3.2783e-03, -9.6472e-02, +6.7912e-03, +6.4904e-02, -1.0627e-02, -1.2480e-01, +4.1560e-02, +4.8941e-02, +4.7553e-02, +4.9959e-03, +8.8765e-02, -8.9064e-02, -9.5101e-02, -1.5588e-01, +4.2003e-02, +3.4087e-02, -1.0444e-01, +3.5725e-02, -2.3569e-02, +9.3629e-03, -3.1268e-02, -3.2518e-02, +1.4998e-02, -1.6069e-03, +1.1071e-01, +4.1741e-02, -1.0000e-01, +2.0106e-02, -1.2136e-01, -1.1056e-01, +1.4950e-01, -6.3015e-03, +9.9041e-02, -6.7460e-02, +1.1251e-01, +4.9275e-03, -6.5014e-02, -3.7584e-02, +4.9878e-02, -4.1025e-02, -1.7304e-01, -1.0000e+00, -4.5763e-02, -1.0744e-02, +1.7751e-01, +1.2826e-01, -5.7950e-02
+3.3486e-03, -7.1414e-02, -1.9214e-02, -6.8401e-02, -4.3153e-02, +4.3207e-03, -6.5263e-02, +1.0692e-01, -3.3290e-02, +4.1349e-02, +1.0353e-01, -5.1652e-03, +2.5086e-04, +2.3677e-02, -1.1023e-02, +8.5153e-02, +6.5613e-02, +4.6113e-03, -6.4574e-03, +6.3179e-03, -4.5258e-02, +8.8053e-02, -7.9718e-02, -1.2653e-01, -1.0889e-01, -4.2226e-02, +1.0383e-02, +4.1079e-02, -2.3580e-02, +1.7565e-02, -9.9820e-02, -2.2453e-02, -1.0165e-02, +6.8644e-02, +6.8648e-02, -9.7025e-04, +8.7133e-02, +4.4983e-02, -9.6603e-02, -4.6305e-02, -7.1595e-02, +1.1190e-01, -1.2746e-03, -1.5730e-02, -4.5763e-02, -1.0000e+00, -7.7268e-02, +9.8200e-02, -4.0074e-02, -2.8542e-02
-2.9306e-02, +7.7039e-02, -1.2829e-01, +6.6920e-02, -1.2245e-01, -6.8506e-02, +3.0026e-02, -2.6667e-02, +9.5377e-02, +2.5221e-01, -2.0432e-02, -1.1143e-01, +2.2184e-01, -7.3986e-03, -5.4792e-02, -6.3880e-02, -1.6456e-02, -9.1285e-02, -3.3576e-02, +1.8571e-02, +7.0424e-02, -1.4510e-02, -2.1532e-02, +3.7037e-02, +6.4967e-02, +1.0937e-01, -1.7671e-01, -7.9862e-02, -1.7206e-01, +7.5631e-04, -3.0969e-02, -4.7003e-02, +6.0143e-03, -3.0641e-02, -8.0655e-04, +6.4963e-02, -3.3837e-02, +6.3051e-02, -1.4523e-01, -3.0678e-02, -8.1858e-02, +1.2884e-01, -7.1382e-02, -3.1439e-02, -1.0744e-02, -7.7268e-02, -1.0000e+00, +1.3411e-01, +6.0761e-02, -1.7514e-02
+1.6111e-01, +6.2342e-02, -8.0675e-02, +3.5409e-02, +1.2302e-01, +5.3824e-02, -4.3318e-03, -1.2788e-01, -3.3022e-02, +4.6882e-02, +4.8907e-02, +5.8192e-02, -1.0729e-01, +1.2033e-01, +1.6677e-01, +3.3049e-02, +1.6609e-02, -1.6434e-02, +1.2187e-01, +7.5833e-02, -1.0227e-01, -2.9762e-03, -4.7327e-02, +1.4555e-01, +1.7858e-01, -5.2107e-02, +5.3295e-02, +9.6393e-02, -3.1894e-02, +1.1526e-01, +1.9210e-01, +3.8567e-02, +1.3861e-01, +1.5133e-02, -5.7826e-02, -5.0406e-02, +6.5430e-02, -1.7195e-02, +1.9929e-02, +3.6191e-02, +8.0556e-02, +2.8883e-02, +1.0552e-01, +1.0119e-01, +1.7751e-01, +9.8200e-02, +1.3411e-01, -1.0000e+00, -3.8036e-01, +3.1399e-01
+6.2309e-03, -1.0825e-01, +6.9304e-02, -1.3279e-02, +5.6098e-02, +3.3820e-02, -5.3946e-03, +1.2153e-02, +2.4693e-03, +5.5812e-03, +6.5559e-02, -1.6179e-02, -8.6922e-02, +5.9529e-02, +1.4602e-02, -3.3891e-02, +4.8838e-02, +4.3633e-02, -1.3576e-02, +8.6715e-02, +2.6811e-02, -5.3885e-02, -6.2179e-02, +3.2296e-02, +1.3990e-01, -1.3717e-01, +3.4288e-02, -9.4744e-03, +3.3621e-02, +9.7559e-02, +7.5457e-04, +6.9557e-02, +1.6239e-01, -9.7530e-03, +1.9788e-03, +4.5336e-03, +3.4586e-01, -9.6423e-02, -6.8833e-02, -5.4601e-02, +1.2041e-02, +1.0211e-01, +6.8418e-02, +8.5965e-02, +1.2826e-01, -4.0074e-02, +6.0761e-02, -3.8036e-01, -1.0000e+00, +3.8429e-01
-3.2417e-02, -9.2926e-02, -4.8314e-02, +5.2034e-02, -1.7621e-02, +6.3284e-02, +1.9590e-02, +1.5884e-04, +1.5565e-01, +3.0245e-02, +2.6196e-02, -6.5228e-02, +1.5070e-02, -7.2236e-02, +2.8003e-02, -6.0342e-03, -9.8933e-02, +4.5665e-02, +1.5560e-01, -6.5511e-02, +2.1467e-03, +4.1019e-02, -7.4141e-02, +2.7757e-03, -1.4191e-02, +6.7268e-02, +5.6879e-02, +4.3972e-02, +5.1023e-03, +2.1009e-02, +7.9740e-03, -6.9009e-03, -2.9432e-02, +3.6160e-02, +3.4525e-02, -9.7901e-03, -2.6484e-01, +6.5720e-02, +6.1374e-02, +1.0327e-01, +4.3103e-02, +1.2690e-01, +1.5184e-02, +4.7439e-03, -5.7950e-02, -2.8542e-02, -1.7514e-02, +3.1399e-01, +3.8429e-01, -1.0000e+00
