-1.0000e+00, +4.1296e-02, -6.1198e-02, +1.3121e-02, -1.3717e-01, +8.3207e-03, +6.7005e-02, +2.7380e-02, -1.7171e-01, +5.5442e-02, -9.8921e-02, -1.9847e-01, -9.3899e-02, +2.9833e-02, +2.5610e-02, +1.8405e-01, +8.7352e-02, +3.1786e-02, +3.6805e-02, +2.6199e-01, -8.0342e-02, +7.0004e-02, +3.3297e-02, -7.6139e-02, +5.7646e-02, -9.7116e-02, -1.2036e-01, +1.1067e-01, -6.7234e-02, +5.4626e-03, -1.0152e-01, -2.8043e-02, +1.4232e-01, +1.1513e-02, +1.1370e-01, -3.1151e-02, -1.6720e-01, +7.7251e-03, +2.4675e-02, -3.4202e-02, -1.0184e-01, -1.1247e-01, +7.6111e-02, -9.1515e-02, -8.2597e-02, -1.5449e-01, -1.1551e-01, +3.1597e-01, -6.5650e-02, +2.4738e-02
+4.1296e-02, -1.0000e+00, -7.2031e-02, -1.6518e-01, -8.8121e-02, -3.3796e-02, -1.1620e-01, -7.5539e-02, +8.4288e-02, +8.9188e-02, +8.7267e-02, -2.0168e-02, +1.1797e-01, +1.8127e-02, -9.6061e-02, +4.4627e-02, +1.3148e-01, -1.6343e-01, -1.1493e-02, -7.4474e-02, +2.4145e-02, -1.9621e-02, +4.6232e-02, -4.2895e-02, -1.2405e-01, -8.0185e-02, -2.8279e-02, -1.8311e-01, -1.4259e-02, -1.9536e-02, -1.3915e-01, +1.1880e-01, +7.7128e-02, -1.6879e-01, -8.8855e-02, -5.4811e-02, +8.6503e-02, -1.4403e-02, -4.3203e-02, -3.4062e-02, -8.0319e-02, -3.4857e-03, +1.7404e-01, -1.9154e-01, +7.5482e-02, -9.6651e-02, +8.5286e-03, -1.0280e-01, +1.7442e-01, +9.1543e-02
-6.1198e-02, -7.2031e-02, -1.0000e+00, -1.9525e-01, -1.6929e-01, -7.2964e-02, -2.3288e-01, +7.7642e-02, -7.8338e-02, +6.8076e-02, -9.6414e-02, -1.4901e-01, -2.9592e-02, +2.2745e-02, +3.3275e-02, +2.0161e-01, +5.7874e-02, -1.6021e-02, +5.5884e-02, -1.1848e-01, +1.2086e-01, -2.7175e-02, +2.2028e-01, +6.8552e-02, -1.6042e-01, -1.7440e-01, -1.0468e-01, -8.4553e-02, -1.1728e-01, +4.1154e-02, -5.7945e-03, -8.2767e-03, -5.4788e-02, -1.5848e-01, -1.8072e-02, +2.7470e-02, -2.1116e-01, +3.7459e-02, -1.5092e-01, +1.5980e-01, +9.4601e-02, -3.4982e-02, +1.1996e-01, +4.7586e-02, -8.8054e-02, -2.1266e-01, -1.2746e-01, -1.2264e-02, -1.6823e-01, +3.1968e-01
+1.3121e-02, -1.6518e-01, -1.9525e-01, -1.0000e+00, -1.4595e-01, -1.1017e-01, -2.0259e-01, +4.6028e-02, +1.2436e-01, +1.2957e-01, -2.5157e-02, -6.1281e-03, -1.2000e-01, -6.4311e-03, -1.5680e-01, +1.3919e-01, +1.9119e-01, -1.5019e-02, +2.2111e-02, -2.1583e-01, -2.3406e-02, -9.7943e-02, +8.8303e-02, +4.7497e-02, -1.3068e-01, -3.5650e-01, +6.0303e-02, -3.4955e-02, -5.6614e-02, -1.4248e-01, -2.2322e-01, -2.4863e-02, -2.5470e-01, -1.0520e-01, +1.9460e-02, +8.7171e-02, +2.0920e-01, -1.8550e-01, -9.7729e-02, +9.5253e-02, +1.8101e-02, -6.2959e-02, -1.3610e-01, -7.1684e-02, -6.9286e-02, -9.8677e-02, -6.1758e-02, +1.3708e-01, -2.0228e-01, +1.6958e-01
-1.3717e-01, -8.8121e-02, -1.6929e-01, -1.4595e-01, -1.0000e+00, -5.9524e-02, +7.6365e-02, +8.4508e-02, -1.8513e-01, +7.8075e-02, -8.6105e-02, -7.9709e-02, -1.0804e-02, -5.6695e-02, -1.8914e-01, +1.3111e-01, +3.5519e-02, +1.5880e-01, +4.5605e-03, -5.2682e-02, -1.5132e-01, +4.5186e-02, +8.0352e-03, -3.5427e-02, -1.3711e-02, -1.7284e-01, -1.1460e-01, -1.6068e-01, -1.7970e-02, -2.1264e-01, -1.6123e-01, -2.7304e-02, +7.1242e-02, -1.6842e-01, -1.7040e-02, +6.2838e-02, -1.6079e-01, -1.0131e-01, -1.9900e-02, +3.6944e-02, -2.9075e-02, -7.8262e-02, -9.6195e-03, -1.7481e-01, -7.9323e-02, -2.6743e-01, -2.1034e-01, +2.7807e-01, +2.2012e-01, +3.0885e-01
+8.3207e-03, -3.3796e-02, -7.2964e-02, -1.1017e-01, -5.9524e-02, -1.0000e+00, +1.0768e-01, +8.4747e-02, -1.2192e-02, +4.3429e-02, -1.4680e-01, +6.2197e-02, -1.5390e-03, -5.5914e-02, -3.1700e-01, -4.1849e-02, -4.9530e-03, -9.1844e-02, -1.4780e-01, -5.3140e-02, -1.7536e-01, -6.7064e-03, +7.7754e-02, -2.3302e-01, +8.3097e-02, -2.1356e-02, -5.0497e-02, -7.0486e-02, -1.5239e-01, -2.6927e-02, -2.3296e-01, -8.4456e-02, +1.0597e-01, +5.5339e-02, +9.2500e-02, +8.7802e-02, +3.5124e-01, -1.1068e-01, -7.7597e-03, -6.4284e-02, -2.1016e-01, +6.1632e-02, -6.5842e-02, -4.8754e-02, +6.5016e-02, +5.5694e-02, -1.6917e-01, +1.8640e-02, -4.6711e-03, +1.9520e-01
+6.7005e-02, -1.1620e-01, -2.3288e-01, -2.0259e-01, +7.6365e-02, +1.0768e-01, -1.0000e+00, -1.1909e-01, +2.4092e-01, +3.8879e-02, +9.4213e-02, -9.9720e-02, -4.9810e-02, +7.4627e-02, +2.6469e-02, +6.4285e-02, +1.9180e-01, -1.2750e-01, +5.9787e-02, -1.1513e-02, +2.3953e-01, -8.9284e-02, +1.7173e-01, +1.8635e-01, -1.6916e-01, -1.1429e-01, -1.0801e-01, +1.0190e-01, -4.1087e-02, +1.0006e-02, +4.0977e-02, +4.2808e-02, -1.3143e-01, -1.4744e-01, +8.3238e-02, -8.0455e-02, -2.5243e-02, +4.3969e-02, -7.6811e-02, +1.0071e-01, -1.9723e-02, +8.3870e-03, +6.7272e-02, -1.0163e-01, -1.7701e-01, -7.0516e-02, -3.4400e-02, -1.8536e-01, -2.9120e-01, +6.6440e-02
+2.7380e-02, -7.5539e-02, +7.7642e-02, +4.6028e-02, +8.4508e-02, +8.4747e-02, -1.1909e-01, -1.0000e+00, +2.0760e-01, +1.2105e-01, +3.9726e-02, +6.3773e-02, -5.1315e-02, +9.3418e-02, -6.7997e-03, +6.6086e-03, -5.3646e-03, -1.0065e-01, +9.5178e-02, +5.6277e-03, +2.1928e-01, +3.7244e-02, +7.8285e-02, +9.1668e-02, -1.3035e-02, +1.5001e-02, -1.3546e-01, -1.0121e-01, -8.6145e-03, +7.0841e-02, -5.7396e-02, +2.6163e-02, +1.2751e-01, -6.9285e-02, +1.2613e-01, -2.0922e-01, -9.5618e-02, -5.9295e-02, -5.5864e-02, -1.2287e-01, -1.0051e-01, +7.2668e-02, -3.9906e-02, -6.3445e-02, -1.0762e-01, +1.6004e-01, -9.6155e-02, -1.2075e-01, +5.7773e-02, -2.3775e-01
-1.7171e-01, +8.4288e-02, -7.8338e-02, +1.2436e-01, -1.8513e-01, -1.2192e-02, +2.4092e-01, +2.0760e-01, -1.0000e+00, +7.6392e-02, -1.2245e-01, -5.8447e-02, +1.2506e-01, +4.1649e-02, -8.8365e-02, +1.1923e-01, -2.1210e-01, +1.8083e-01, +9.0083e-02, +1.6112e-01, -1.1146e-01, +4.1476e-03, -2.4958e-01, -9.0737e-02, +1.2765e-01, +1.3462e-01, +6.4025e-02, -9.4865e-02, +1.3048e-01, +4.8385e-02, +5.0226e-02, -7.2504e-02, +3.1111e-02, +4.8419e-03, -1.1534e-01, -8.9184e-02, -1.9180e-01, +8.0691e-02, -6.8778e-02, -5.2453e-02, +1.4936e-01, -1.5379e-01, +8.0978e-02, +1.1747e-01, +1.0245e-01, -1.5851e-02, -9.1654e-02, +3.7039e-01, +1.0677e-01, +3.5210e-01
+5.5442e-02, +8.9188e-02, +6.8076e-02, +1.2957e-01, +7.8075e-02, +4.3429e-02, +3.8879e-02, +1.2105e-01, +7.6392e-02, -1.0000e+00, -5.4166e-02, +1.2251e-01, +1.8693e-02, +1.6367e-02, +1.8513e-01, -1.2279e-01, +8.7169e-02, +9.7053e-02, +5.2008e-02, -4.2903e-02, +8.7127e-02, -3.8703e-02, +1.1535e-01, -1.4370e-01, +5.9494e-02, +1.3908e-01, +4.4492e-02, +1.1829e-01, +1.3982e-01, +2.1493e-02, +6.3875e-03, -5.5820e-02, +3.0633e-02, +1.8523e-02, +4.8167e-02, -1.0690e-02, -3.2949e-03, +8.9900e-02, +2.8976e-02, -7.7646e-02, +1.6679e-01, +5.3972e-02, -5.1942e-03, -8.4566e-02, +9.6694e-02, +7.7963e-02, +1.3523e-01, +1.9975e-03, +6.0683e-02, +3.9034e-02
-9.8921e-02, +8.7267e-02, -9.6414e-02, -2.5157e-02, -8.6105e-02, -1.4680e-01, +9.4213e-02, +3.9726e-02, -1.2245e-01, -5.4166e-02, -1.0000e+00, +7.1268e-02, -8.2888e-02, -2.9743e-02, -1.4010e-01, +1.1568e-01, +5.1393e-02, +1.0169e-01, +1.0040e-02, -2.4122e-02, +1.9028e-02, +1.8657e-02, +1.5913e-01, -4.8458e-02, +5.3006e-02, -1.0459e-01, -2.8420e-02, -1.7298e-02, -7.5751e-02, -1.6258e-02, -3.0377e-02, +3.1777e-02, +1.4227e-01, +9.4707e-02, -4.4624e-02, -1.1213e-01, +1.3306e-02, +5.4995e-02, +4.1931e-02, -3.8921e-02, -9.7969e-02, +4.7416e-02, -1.8782e-01, +2.3226e-01, +2.2394e-02, +6.5943e-02, -4.2237e-02, +7.8368e-02, -1.5054e-03, +1.9347e-01
-1.9847e-01, -2.0168e-02, -1.4901e-01, -6.1281e-03, -7.9709e-02, +6.2197e-02, -9.9720e-02, +6.3773e-02, -5.8447e-02, +1.2251e-01, +7.1268e-02, -1.0000e+00, -1.3040e-01, +7.7557e-02, +2.0110e-02, +1.1031e-01, +2.2176e-01, +7.4248e-02, -2.4083e-02, +8.6637e-02, -1.6146e-01, +6.8973e-02, +1.9222e-01, +8.0591e-02, -2.3430e-01, -4.2790e-02, +7.5161e-02, -2.2807e-02, -1.0523e-02, +1.1530e-01, +8.6151e-02, -2.0832e-01, -7.8073e-02, -1.4495e-01, -1.1548e-02, +8.8895e-02, -3.4793e-02, +4.0155e-02, -2.4044e-02, +2.8712e-02, -2.5905e-03, -1.4413e-01, +6.5028e-01, -3.3018e-03, -1.0255e-01, -6.8855e-02, +3.5315e-02, +1.6332e-01, -3.8902e-02, +4.7557e-02
-9.3899e-02, +1.1797e-01, -2.9592e-02, -1.2000e-01, -1.0804e-02, -1.5390e-03, -4.9810e-02, -5.1315e-02, +1.2506e-01, +1.8693e-02, -8.2888e-02, -1.3040e-01, -1.0000e+00, +3.6411e-02, +2.6220e-02, +3.7927e-02, +1.7882e-01, +6.5720e-02, -3.1697e-02, +2.5087e-01, +2.1438e-02, +8.2650e-02, +1.9219e-01, -4.9413e-02, +3.0529e-02, -8.4704e-02, -4.6531e-02, +1.1530e-01, -6.5791e-02, +1.5566e-01, -5.2383e-02, +2.5848e-02, +4.8722e-02, +1.3408e-02, -4.1100e-02, +1.4716e-01, -1.0159e-01, +1.0050e-01, +1.0332e-01, -9.1997e-02, -6.9317e-02, +7.4958e-02, +2.9671e-02, -8.4287e-02, -1.5966e-01, +1.3979e-02, -1.5696e-02, -9.2740e-02, -8.9742e-02, +1.9533e-02
+2.9833e-02, +1.8127e-02, +2.2745e-02, -6.4311e-03, -5.6695e-02, -5.5914e-02, +7.4627e-02, +9.3418e-02, +4.1649e-02, +1.6367e-02, -2.9743e-02, +7.7557e-02, +3.6411e-02, -1.0000e+00, +5.4248e-03, +5.4379e-02, +1.2481e-01, -8.3698e-02, -8.6218e-02, -3.9909e-02, +1.4764e-01, +3.9074e-02, +4.7884e-02, -1.6921e-01, +1.9157e-02, +1.1046e-01, -1.1770e-01, -1.6414e-01, +6.6643e-03, -1.4023e-02, -5.1999e-02, -2.9080e-02, +2.1820e-01, +8.4123e-02, -1.3756e-02, -8.9797e-02, +7.8653e-02, -1.3951e-01, +1.0594e-01, -7.2174e-02, -2.5661e-02, -7.3146e-02, -4.8845e-02, +1.4902e-02, -6.0921e-02, -1.3907e-01, +4.9259e-02, -7.9179e-02, -1.2080e-01, -2.4838e-02
+2.5610e-02, -9.6061e-02, +3.3275e-02, -1.5680e-01, -1.8914e-01, -3.1700e-01, +2.6469e-02, -6.7997e-03, -8.8365e-02, +1.8513e-01, -1.4010e-01, +2.0110e-02, +2.6220e-02, +5.4248e-03, -1.0000e+00, -1.0980e-04, -6.0272e-02, -3.8605e-02, -3.6040e-02, -2.3622e-01, -1.5976e-01, +3.4040e-02, -7.9242e-02, -8.1798e-02, -9.2717e-04, -5.7517e-02, -7.0179e-02, -2.3083e-01, -1.0604e-01, -6.8714e-02, -2.7246e-01, -9.7978e-02, +9.1715e-03, -2.1278e-02, +6.1422e-02, +1.0999e-02, +3.2172e-01, -1.2108e-01, -9.4319e-02, -1.0598e-03, -1.7508e-01, +1.7417e-02, -8.4171e-02, -1.1810e-01, -3.4556e-02, +6.4542e-02, -7.9559e-02, +2.9624e-01, +4.5945e-02, +1.6252e-01
+1.8405e-01, +4.4627e-02, +2.0161e-01, +1.3919e-01, +1.3111e-01, -4.1849e-02, +6.4285e-02, +6.6086e-03, +1.1923e-01, -1.2279e-01, +1.1568e-01, +1.1031e-01, +3.7927e-02, +5.4379e-02, -1.0979e-04, -1.0000e+00, -6.9650e-02, -1.3507e-01, -8.8363e-02, +1.4032e-01, -9.9580e-02, +4.7580e-02, -2.0588e-01, -4.6456e-02, +1.4685e-01, +2.1848e-01, -1.1313e-01, +8.2705e-02, +1.3351e-01, +2.9477e-02, -1.6269e-02, -6.2701e-02, -5.4308e-02, +3.4892e-02, -3.3990e-02, +2.1267e-01, +1.6085e-01, +9.9702e-02, +1.2303e-01, +8.1753e-02, -1.2066e-01, -1.0792e-01, -1.0442e-01, -3.0634e-01, +1.7265e-01, +1.0684e-01, +1.4806e-01, -6.0722e-02, +8.4953e-03, -2.7244e-02
+8.7352e-02, +1.3148e-01, +5.7874e-02, +1.9119e-01, +3.5519e-02, -4.9530e-03, +1.9180e-01, -5.3646e-03, -2.1210e-01, +8.7169e-02, +5.1393e-02, +2.2176e-01, +1.7882e-01, +1.2481e-01, -6.0272e-02, -6.9650e-02, -1.0000e+00, -3.0627e-02, +1.8244e-01, -3.6012e-02, -4.9475e-02, +2.9677e-02, +1.3487e-01, +1.0086e-01, +1.4781e-01, +5.5077e-02, +1.3520e-02, -5.7390e-03, +1.0341e-01, -3.1607e-02, +9.7776e-02, -1.1682e-01, -9.1943e-02, +3.7432e-02, -5.7559e-02, +9.5555e-02, -3.6916e-02, -2.8984e-02, +1.7866e-02, -1.1288e-01, +1.0186e-01, +6.3574e-02, -1.1849e-02, -6.0025e-02, +1.4633e-01, +1.4814e-01, +7.1849e-02, -1.3043e-02, -5.2621e-02, -5.0949e-03
+3.1786e-02, -1.6343e-01, -1.6021e-02, -1.5019e-02, +1.5880e-01, -9.1844e-02, -1.2750e-01, -1.0065e-01, +1.8083e-01, +9.7053e-02, +1.0169e-01, +7.4248e-02, +6.5720e-02, -8.3698e-02, -3.8605e-02, -1.3507e-01, -3.0627e-02, -1.0000e+00, -3.4974e-02, +2.1127e-02, -1.1672e-01, -1.4997e-02, -2.9001e-02, -2.6553e-02, -4.7146e-03, +1.0764e-01, -7.2082e-02, -1.3111e-01, -6.4092e-03, +3.3114e-02, -5.9954e-02, -1.2641e-01, -4.0734e-03, -1.2782e-02, +1.0951e-01, +1.5798e-03, +1.3408e-01, -5.4317e-02, -3.4372e-02, +4.5654e-02, -6.6534e-02, +6.1963e-02, +8.0875e-02, -3.0255e-02, -4.9411e-02, +8.8824e-02, -7.0191e-02, -1.3251e-01, -1.0585e-01, -2.3309e-02
+3.6805e-02, -1.1493e-02, +5.5884e-02, +2.2111e-02, +4.5605e-03, -1.4780e-01, +5.9787e-02, +9.5178e-02, +9.0083e-02, +5.2008e-02, +1.0040e-02, -2.4083e-02, -3.1697e-02, -8.6218e-02, -3.6040e-02, -8.8363e-02, +1.8244e-01, -3.4974e-02, -1.0000e+00, +1.0208e-01, -8.9436e-02, +4.5314e-03, +2.4425e-02, -3.6224e-02, +1.3180e-01, +5.7107e-02, -8.7114e-04, -8.1229e-02, +3.2401e-03, -3.3674e-02, -4.4694e-02, -4.0509e-03, -3.2296e-02, +8.4102e-02, +1.0604e-02, +3.9650e-02, +1.7652e-01, -7.9290e-03, -2.1946e-02, +9.4477e-02, -4.1291e-02, -9.9957e-03, -1.2142e-01, -7.8564e-02, +8.7093e-02, -1.5348e-02, -8.2574e-02, +9.9984e-03, +2.5938e-02, +4.2117e-02
+2.6199e-01, -7.4474e-02, -1.1848e-01, -2.1583e-01, -5.2682e-02, -5.3140e-02, -1.1513e-02, +5.6277e-03, +1.6112e-01, -4.2903e-02, -2.4122e-02, +8.6637e-02, +2.5087e-01, -3.9909e-02, -2.3622e-01, +1.4032e-01, -3.6012e-02, +2.1127e-02, +1.0208e-01, -1.0000e+00, +5.3561e-02, -1.2137e-01, -3.2244e-02, -3.6547e-02, -1.6911e-01, -7.6967e-02, +1.3591e-01, -1.2595e-01, -1.4622e-01, -2.5171e-01, -1.1668e-01, -3.8913e-02, +1.7125e-01, -9.1950e-02, +3.7758e-02, +1.5535e-01, +1.6857e-01, -1.5044e-01, -2.0406e-01, +2.3462e-01, +1.2928e-01, +1.9697e-01, +1.4812e-02, +2.1390e-01, -6.1824e-02, -4.2312e-02, +4.7588e-02, +9.4550e-02, -8.0225e-02, -2.7377e-02
-8.0342e-02, +2.4145e-02, +1.2086e-01, -2.3406e-02, -1.5132e-01, -1.7536e-01, +2.3953e-01, +2.1928e-01, -1.1146e-01, +8.7127e-02, +1.9028e-02, -1.6146e-01, +2.1438e-02, +1.4764e-01, -1.5976e-01, -9.9580e-02, -4.9475e-02, -1.1672e-01, -8.9436e-02, +5.3561e-02, -1.0000e+00, +1.1888e-01, -1.3654e-02, -3.1550e-02, +1.1148e-01, +1.6384e-01, +7.4040e-02, -7.2184e-02, -1.3899e-01, -1.9819e-01, -1.8032e-01, -5.0650e-02, -1.4033e-01, -1.1393e-02, +4.4923e-02, +4.4278e-01, +2.1963e-01, -3.9875e-03, -2.1642e-02, +1.5093e-01, -7.4598e-02, +7.7156e-02, -1.9750e-02, -1.2056e-02, -4.3518e-02, -6.8681e-02, -1.0446e-01, +4.6504e-01, +2.8024e-01, +2.2161e-01
+7.0004e-02, -1.9621e-02, -2.7175e-02, -9.7943e-02, +4.5186e-02, -6.7064e-03, -8.9284e-02, +3.7244e-02, +4.1476e-03, -3.8703e-02, +1.8656e-02, +6.8973e-02, +8.2650e-02, +3.9074e-02, +3.4040e-02, +4.7580e-02, +2.9677e-02, -1.4997e-02, +4.5314e-03, -1.2137e-01, +1.1888e-01, -1.0000e+00, -1.8132e-02, +3.9116e-02, -8.4504e-02, +9.6638e-03, +3.7755e-03, +2.0060e-02, -4.5634e-02, -5.5283e-02, -2.4148e-02, -1.9603e-02, -6.3743e-02, -6.5519e-02, +2.6740e-02, -4.2212e-02, +7.4401e-02, -7.9844e-02, -2.1961e-02, +5.6251e-02, +4.6643e-02, -1.6080e-02, -5.0783e-02, -3.1660e-02, -7.9254e-02, +7.8487e-02, +1.2185e-02, +4.4048e-02, -6.4985e-02, -8.2298e-02
+3.3297e-02, +4.6232e-02, +2.2028e-01, +8.8303e-02, +8.0352e-03, +7.7754e-02, +1.7173e-01, +7.8285e-02, -2.4958e-01, +1.1535e-01, +1.5913e-01, +1.9222e-01, +1.9219e-01, +4.7884e-02, -7.9242e-02, -2.0588e-01, +1.3487e-01, -2.9001e-02, +2.4425e-02, -3.2244e-02, -1.3654e-02, -1.8132e-02, -1.0000e+00, -1.9448e-02, +1.5392e-01, +6.8709e-02, +4.7995e-02, +3.9062e-02, +1.4102e-01, +9.8088e-03, +3.1751e-02, -1.0145e-01, -5.0854e-02, +1.5257e-02, -6.4027e-02, +6.4279e-02, -2.7912e-02, -5.4211e-02, -4.2198e-02, -8.8600e-02, +8.7583e-04, +7.7603e-02, -2.3621e-03, -5.3071e-02, +1.5521e-01, +1.7962e-02, -1.2383e-02, +4.5118e-03, -6.5631e-02, +7.3259e-03
-7.6139e-02, -4.2895e-02, +6.8552e-02, +4.7497e-02, -3.5427e-02, -2.3302e-01, +1.8635e-01, +9.1668e-02, -9.0737e-02, -1.4370e-01, -4.8458e-02, +8.0591e-02, -4.9413e-02, -1.6921e-01, -8.1798e-02, -4.6456e-02, +1.0086e-01, -2.6553e-02, -3.6224e-02, -3.6547e-02, -3.1550e-02, +3.9116e-02, -1.9448e-02, -1.0000e+00, +1.8428e-01, +4.1577e-02, -3.0826e-02, -1.1506e-01, +7.4776e-02, +7.5603e-02, -2.0367e-01, -1.0888e-01, +5.4197e-01, +1.4716e-01, +5.8191e-02, +8.3968e-02, +2.4738e-02, +1.5154e-03, -2.5781e-02, +2.2734e-02, -1.1521e-01, +9.3475e-02, +1.4029e-02, -1.0518e-01, +5.6921e-02, -1.3332e-02, -1.0869e-01, +3.4138e-02, +1.2381e-01, +3.4003e-03
+5.7646e-02, -1.2405e-01, -1.6042e-01, -1.3068e-01, -1.3711e-02, +8.3097e-02, -1.6916e-01, -1.3035e-02, +1.2765e-01, +5.9494e-02, +5.3006e-02, -2.3430e-01, +3.0529e-02, +1.9157e-02, -9.2718e-04, +1.4685e-01, +1.4781e-01, -4.7146e-03, +1.3180e-01, -1.6911e-01, +1.1148e-01, -8.4504e-02, +1.5392e-01, +1.8428e-01, -1.0000e+00, -3.9887e-02, +6.3435e-02, +2.6025e-02, -3.8695e-02, +5.8083e-02, +5.8558e-02, -8.7401e-02, -1.9035e-01, -1.4538e-01, -3.0907e-02, -9.4880e-02, -1.0012e-01, -6.4158e-02, -1.1006e-01, +1.8176e-01, +9.3072e-02, +1.0385e-02, +6.1141e-02, +7.3269e-02, -1.4766e-01, -7.0151e-02, +4.7011e-02, +2.1799e-02, -5.6701e-02, +3.8975e-02
-9.7116e-02, -8.0185e-02, -1.7440e-01, -3.5650e-01, -1.7284e-01, -2.1356e-02, -1.1429e-01, +1.5001e-02, +1.3462e-01, +1.3908e-01, -1.0459e-01, -4.2790e-02, -8.4704e-02, +1.1046e-01, -5.7517e-02, +2.1848e-01, +5.5077e-02, +1.0764e-01, +5.7107e-02, -7.6967e-02, +1.6384e-01, +9.6638e-03, +6.8709e-02, +4.1577e-02, -3.9887e-02, -1.0000e+00, -1.0582e-01, +1.9918e-02, +5.8908e-02, -1.4195e-01, -5.5274e-02, +2.1458e-03, +1.5310e-02, -1.0137e-01, -9.2747e-03, +6.1319e-03, -9.6359e-02, -1.6041e-01, +1.8802e-02, +4.0924e-02, -3.5580e-02, -6.9980e-02, -9.6318e-03, -2.0299e-01, +5.0074e-02, -7.0976e-02, -7.6477e-02, -6.2487e-02, -1.2772e-02, -6.2531e-03
-1.2036e-01, -2.8279e-02, -1.0468e-01, +6.0303e-02, -1.1460e-01, -5.0497e-02, -1.0801e-01, -1.3546e-01, +6.4025e-02, +4.4492e-02, -2.8420e-02, +7.5161e-02, -4.6531e-02, -1.1770e-01, -7.0179e-02, -1.1313e-01, +1.3520e-02, -7.2082e-02, -8.7113e-04, +1.3591e-01, +7.4040e-02, +3.7755e-03, +4.7995e-02, -3.0826e-02, +6.3435e-02, -1.0582e-01, -1.0000e+00, -1.4911e-01, -1.3040e-01, -1.1478e-01, -2.0381e-01, -1.2104e-02, +2.1384e-01, -1.5229e-02, +1.4520e-01, -2.1565e-01, -4.6325e-03, -1.1658e-01, -1.1656e-02, -3.8114e-02, -1.1537e-01, -6.3112e-02, -1.1377e-02, -3.7640e-01, -5.0413e-02, -9.6959e-02, -1.7249e-01, +7.3413e-03, -1.5323e-02, +1.2724e-01
+1.1067e-01, -1.8311e-01, -8.4553e-02, -3.4955e-02, -1.6068e-01, -7.0486e-02, +1.0190e-01, -1.0121e-01, -9.4865e-02, +1.1829e-01, -1.7298e-02, -2.2807e-02, +1.1530e-01, -1.6414e-01, -2.3083e-01, +8.2705e-02, -5.7390e-03, -1.3111e-01, -8.1229e-02, -1.2595e-01, -7.2184e-02, +2.0060e-02, +3.9062e-02, -1.1506e-01, +2.6025e-02, +1.9918e-02, -1.4911e-01, -1.0000e+00, +1.1153e-02, -4.0554e-03, -1.4379e-01, -6.1076e-02, +6.0941e-02, -3.3746e-02, +7.2798e-02, -1.9376e-01, +1.7294e-01, -1.2673e-01, -1.6049e-01, -8.3883e-02, -9.5411e-02, -1.7918e-02, +9.3143e-02, -7.3693e-02, -7.1330e-02, -7.5372e-02, -1.9691e-01, +1.1653e-01, +1.8187e-01, +8.9516e-02
-6.7234e-02, -1.4259e-02, -1.1728e-01, -5.6614e-02, -1.7970e-02, -1.5239e-01, -4.1087e-02, -8.6145e-03, +1.3048e-01, +1.3982e-01, -7.5751e-02, -1.0523e-02, -6.5791e-02, +6.6643e-03, -1.0604e-01, +1.3351e-01, +1.0341e-01, -6.4092e-03, +3.2401e-03, -1.4622e-01, -1.3899e-01, -4.5634e-02, +1.4102e-01, +7.4776e-02, -3.8695e-02, +5.8908e-02, -1.3040e-01, +1.1153e-02, -1.0000e+00, -6.7564e-02, -1.5152e-01, -9.5557e-03, +6.6538e-02, +5.1292e-03, +1.0848e-02, +8.7689e-02, +1.6032e-01, -9.4584e-02, -1.0317e-01, +7.2664e-03, -1.0158e-02, +4.7621e-02, -6.1308e-02, +1.3352e-01, -9.7230e-02, +2.7208e-02, -5.4009e-02, +6.8534e-03, +1.5112e-02, +5.9486e-02
+5.4626e-03, -1.9536e-02, +4.1154e-02, -1.4248e-01, -2.1264e-01, -2.6927e-02, +1.0006e-02, +7.0841e-02, +4.8385e-02, +2.1493e-02, -1.6258e-02, +1.1530e-01, +1.5566e-01, -1.4023e-02, -6.8715e-02, +2.9477e-02, -3.1607e-02, +3.3114e-02, -3.3674e-02, -2.5171e-01, -1.9819e-01, -5.5283e-02, +9.8088e-03, +7.5603e-02, +5.8083e-02, -1.4195e-01, -1.1478e-01, -4.0555e-03, -6.7564e-02, -1.0000e+00, -5.9390e-02, +8.7087e-02, -3.4578e-02, +2.9271e-02, +1.3222e-02, +9.2381e-02, +2.6381e-01, -1.2997e-01, +1.5591e-02, -1.1556e-02, -7.3513e-02, -2.8336e-02, -1.4218e-01, -1.6466e-01, +1.0524e-01, +6.8479e-04, +5.9823e-02, +2.8681e-02, +1.2979e-01, +2.2959e-01
-1.0152e-01, -1.3915e-01, -5.7945e-03, -2.2322e-01, -1.6123e-01, -2.3296e-01, +4.0977e-02, -5.7396e-02, +5.0226e-02, +6.3875e-03, -3.0377e-02, +8.6151e-02, -5.2383e-02, -5.1999e-02, -2.7246e-01, -1.6269e-02, +9.7776e-02, -5.9954e-02, -4.4694e-02, -1.1668e-01, -1.8032e-01, -2.4148e-02, +3.1751e-02, -2.0367e-01, +5.8558e-02, -5.5274e-02, -2.0381e-01, -1.4379e-01, -1.5152e-01, -5.9390e-02, -1.0000e+00, -8.5401e-02, +5.1379e-02, -4.5598e-02, +2.7152e-01, +1.2734e-03, +2.4326e-01, -1.3813e-01, -7.3643e-02, +9.2209e-02, -2.2015e-01, +1.0129e-01, -1.1572e-01, -1.9107e-01, -1.4096e-01, -4.2866e-02, -1.8552e-01, +2.8235e-01, +1.7365e-01, +7.6760e-02
-2.8043e-02, +1.1880e-01, -8.2767e-03, -2.4863e-02, -2.7304e-02, -8.4456e-02, +4.2808e-02, +2.6163e-02, -7.2504e-02, -5.5820e-02, +3.1777e-02, -2.0832e-01, +2.5848e-02, -2.9080e-02, -9.7978e-02, -6.2701e-02, -1.1682e-01, -1.2641e-01, -4.0509e-03, -3.8913e-02, -5.0650e-02, -1.9603e-02, -1.0145e-01, -1.0888e-01, -8.7401e-02, +2.1458e-03, -1.2104e-02, -6.1076e-02, -9.5557e-03, +8.7087e-02, -8.5401e-02, -1.0000e+00, -1.2463e-02, +8.4091e-02, +7.4213e-02, +1.3096e-01, +1.0992e-01, -8.8394e-02, -2.6901e-02, -1.6980e-02, -2.4771e-02, +7.1318e-02, +5.6865e-02, -9.2094e-02, -7.5232e-02, +1.5649e-03, -2.7522e-02, +1.1884e-01, -7.9382e-02, -9.1469e-02
+1.4232e-01, +7.7128e-02, -5.4788e-02, -2.5470e-01, +7.1242e-02, +1.0597e-01, -1.3143e-01, +1.2751e-01, +3.1111e-02, +3.0633e-02, +1.4227e-01, -7.8073e-02, +4.8722e-02, +2.1820e-01, +9.1715e-03, -5.4308e-02, -9.1943e-02, -4.0734e-03, -3.2296e-02, +1.7125e-01, -1.4033e-01, -6.3743e-02, -5.0854e-02, +5.4197e-01, -1.9035e-01, +1.5310e-02, +2.1384e-01, +6.0941e-02, +6.6538e-02, -3.4578e-02, +5.1379e-02, -1.2463e-02, -1.0000e+00, -6.2538e-02, -9.5014e-02, +2.0896e-02, +1.9789e-01, +2.1118e-02, -1.8506e-02, +9.5324e-02, +1.8312e-01, -1.3902e-01, -5.9335e-02, +1.7303e-01, +2.5318e-02, +6.6796e-02, +1.7722e-02, +4.5370e-02, +7.0558e-02, +2.7099e-02
+1.1513e-02, -1.6879e-01, -1.5848e-01, -1.0520e-01, -1.6842e-01, +5.5339e-02, -1.4744e-01, -6.9285e-02, +4.8419e-03, +1.8523e-02, +9.4707e-02, -1.4495e-01, +1.3408e-02, +8.4123e-02, -2.1278e-02, +3.4892e-02, +3.7432e-02, -1.2782e-02, +8.4102e-02, -9.1950e-02, -1.1393e-02, -6.5519e-02, +1.5257e-02, +1.4716e-01, -1.4538e-01, -1.0137e-01, -1.5229e-02, -3.3746e-02, +5.1292e-03, +2.9271e-02, -4.5598e-02, +8.4091e-02, -6.2538e-02, -1.0000e+00, +3.2386e-02, +1.3833e-01, -1.8829e-01, -3.7039e-02, -6.8824e-03, +1.5185e-01, +5.1620e-02, -1.6796e-02, +1.7240e-01, -8.9597e-02, -1.4521e-01, -1.2816e-01, -1.4781e-01, +5.7424e-02, +5.3635e-02, +1.4666e-02
+1.1370e-01, -8.8855e-02, -1.8072e-02, +1.9460e-02, -1.7040e-02, +9.2500e-02, +8.3238e-02, +1.2613e-01, -1.1534e-01, +4.8167e-02, -4.4624e-02, -1.1548e-02, -4.1100e-02, -1.3756e-02, +6.1422e-02, -3.3990e-02, -5.7559e-02, +1.0951e-01, +1.0604e-02, +3.7758e-02, +4.4923e-02, +2.6740e-02, -6.4027e-02, +5.8191e-02, -3.0907e-02, -9.2747e-03, +1.4520e-01, +7.2798e-02, +1.0848e-02, +1.3222e-02, +2.7152e-01, +7.4213e-02, -9.5014e-02, +3.2386e-02, -1.0000e+00, +1.3229e-01, -5.0479e-02, +4.6261e-02, +1.3758e-01, -6.4718e-02, +1.8348e-01, -1.1070e-01, +3.1830e-02, +7.9325e-02, +1.6416e-01, -8.0456e-02, +8.3425e-02, -2.2764e-01, +5.7053e-02, +1.7183e-01
-3.1151e-02, -5.4811e-02, +2.7470e-02, +8.7171e-02, +6.2838e-02, +8.7802e-02, -8.0455e-02, -2.0922e-01, -8.9184e-02, -1.0690e-02, -1.1213e-01, +8.8895e-02, +1.4716e-01, -8.9797e-02, +1.0999e-02, +2.1267e-01, +9.5555e-02, +1.5798e-03, +3.9650e-02, +1.5535e-01, +4.4278e-01, -4.2212e-02, +6.4279e-02, +8.3968e-02, -9.4880e-02, +6.1320e-03, -2.1565e-01, -1.9376e-01, +8.7689e-02, +9.2381e-02, +1.2734e-03, +1.3096e-01, +2.0896e-02, +1.3833e-01, +1.3229e-01, -1.0000e+00, +2.0563e-02, -2.4525e-02, -1.5019e-01, -3.0477e-01, -1.1620e-02, -5.0418e-03, +2.4009e-02, +9.4681e-02, -6.0511e-02, +1.2350e-01, +3.6521e-02, -3.6299e-02, -5.1160e-02, +6.2060e-02
-1.6720e-01, +8.6503e-02, -2.1116e-01, +2.0920e-01, -1.6079e-01, +3.5124e-01, -2.5243e-02, -9.5618e-02, -1.9180e-01, -3.2949e-03, +1.3306e-02, -3.4793e-02, -1.0159e-01, +7.8653e-02, +3.2172e-01, +1.6085e-01, -3.6916e-02, +1.3408e-01, +1.7652e-01, +1.6857e-01, +2.1963e-01, +7.4401e-02, -2.7912e-02, +2.4738e-02, -1.0012e-01, -9.6359e-02, -4.6325e-03, +1.7294e-01, +1.6032e-01, +2.6381e-01, +2.4326e-01, +1.0992e-01, +1.9789e-01, -1.8829e-01, -5.0479e-02, +2.0563e-02, -1.0000e+00, +1.5074e-01, +4.5327e-02, +2.7250e-01, +3.6504e-01, +8.6166e-02, +5.3724e-02, +1.8040e-01, -8.9738e-02, -1.6925e-01, -1.6957e-01, -5.0567e-03, +4.3135e-02, -7.8020e-02
+7.7251e-03, -1.4403e-02, +3.7459e-02, -1.8550e-01, -1.0131e-01, -1.1068e-01, +4.3969e-02, -5.9295e-02, +8.0691e-02, +8.9900e-02, +5.4995e-02, +4.0155e-02, +1.0050e-01, -1.3951e-01, -1.2108e-01, +9.9702e-02, -2.8984e-02, -5.4317e-02, -7.9290e-03, -1.5044e-01, -3.9874e-03, -7.9844e-02, -5.4211e-02, +1.5154e-03, -6.4158e-02, -1.6041e-01, -1.1658e-01, -1.2673e-01, -9.4584e-02, -1.2997e-01, -1.3813e-01, -8.8394e-02, +2.1118e-02, -3.7039e-02, +4.6261e-02, -2.4525e-02, +1.5074e-01, -1.0000e+00, -8.1279e-02, -3.1183e-02, +4.1690e-02, +6.8695e-02, -3.1928e-02, -1.9435e-01, +8.1718e-03, +1.0923e-01, -1.7139e-01, +2.2154e-02, -3.8814e-03, +6.7827e-02
+2.4675e-02, -4.3203e-02, -1.5092e-01, -9.7729e-02, -1.9900e-02, -7.7597e-03, -7.6811e-02, -5.5864e-02, -6.8778e-02, +2.8976e-02, +4.1931e-02, -2.4044e-02, +1.0332e-01, +1.0594e-01, -9.4319e-02, +1.2303e-01, +1.7866e-02, -3.4372e-02, -2.1946e-02, -2.0406e-01, -2.1642e-02, -2.1961e-02, -4.2198e-02, -2.5781e-02, -1.1006e-01, +1.8802e-02, -1.1656e-02, -1.6049e-01, -1.0317e-01, +1.5591e-02, -7.3643e-02, -2.6901e-02, -1.8506e-02, -6.8824e-03, +1.3758e-01, -1.5019e-01, +4.5327e-02, -8.1279e-02, -1.0000e+00, +6.1918e-02, +5.0551e-03, +2.6026e-02, +2.8835e-02, +2.0636e-02, -9.5390e-02, -9.3028e-03, -1.8734e-01, +7.0533e-02, -1.5079e-02, +2.2101e-01
-3.4202e-02, -3.4062e-02, +1.5980e-01, +9.5253e-02, +3.6944e-02, -6.4284e-02, +1.0071e-01, -1.2287e-01, -5.2453e-02, -7.7646e-02, -3.8921e-02, +2.8712e-02, -9.1997e-02, -7.2174e-02, -1.0598e-03, +8.1753e-02, -1.1288e-01, +4.5654e-02, +9.4477e-02, +2.3462e-01, +1.5093e-01, +5.6251e-02, -8.8600e-02, +2.2734e-02, +1.8176e-01, +4.0924e-02, -3.8114e-02, -8.3883e-02, +7.2664e-03, -1.1556e-02, +9.2209e-02, -1.6980e-02, +9.5324e-02, +1.5185e-01, -6.4718e-02, -3.0477e-01, +2.7250e-01, -3.1183e-02, +6.1918e-02, -1.0000e+00, -2.3414e-01, -3.2228e-02, +1.6310e-01, -1.4848e-01, -1.0756e-02, +1.0786e-01, +7.8829e-02, -1.7576e-01, -6.9945e-02, +4.7824e-03
-1.0184e-01, -8.0319e-02, +9.4601e-02, +1.8101e-02, -2.9075e-02, -2.1016e-01, -1.9723e-02, -1.0051e-01, +1.4936e-01, +1.6679e-01, -9.7969e-02, -2.5905e-03, -6.9317e-02, -2.5661e-02, -1.7508e-01, -1.2066e-01, +1.0186e-01, -6.6534e-02, -4.1291e-02, +1.2928e-01, -7.4598e-02, +4.6643e-02, +8.7583e-04, -1.1521e-01, +9.3072e-02, -3.5580e-02, -1.1537e-01, -9.5411e-02, -1.0158e-02, -7.3513e-02, -2.2015e-01, -2.4771e-02, +1.8312e-01, +5.1620e-02, +1.8348e-01, -1.1620e-02, +3.6504e-01, +4.1690e-02, +5.0551e-03, -2.3414e-01, -1.0000e+00, +3.7605e-02, -5.6062e-02, -2.2584e-01, +1.0138e-03, +2.2427e-02, -5.5062e-04, -7.1755e-02, -8.5124e-03, +8.3999e-02
-1.1247e-01, -3.4857e-03, -3.4982e-02, -6.2959e-02, -7.8262e-02, +6.1632e-02, +8.3870e-03, +7.2668e-02, -1.5379e-01, +5.3972e-02, +4.7416e-02, -1.4413e-01, +7.4958e-02, -7.3146e-02, +1.7417e-02, -1.0792e-01, +6.3574e-02, +6.1963e-02, -9.9957e-03, +1.9697e-01, +7.7156e-02, -1.6080e-02, +7.7603e-02, +9.3475e-02, +1.0385e-02, -6.9980e-02, -6.3112e-02, -1.7918e-02, +4.7621e-02, -2.8336e-02, +1.0129e-01, +7.1317e-02, -1.3902e-01, -1.6796e-02, -1.1070e-01, -5.0418e-03, +8.6166e-02, +6.8695e-02, +2.6026e-02, -3.2228e-02, +3.7605e-02, -1.0000e+00, +5.3835e-02, -7.6279e-02, +6.7465e-02, -1.0266e-01, +8.9726e-02, +2.7494e-02, +5.6863e-02, -5.0625e-02
+7.6111e-02, +1.7404e-01, +1.1996e-01, -1.3610e-01, -9.6194e-03, -6.5842e-02, +6.7272e-02, -3.9906e-02, +8.0978e-02, -5.1942e-03, -1.8782e-01, +6.5028e-01, +2.9671e-02, -4.8845e-02, -8.4171e-02, -1.0442e-01, -1.1849e-02, +8.0875e-02, -1.2142e-01, +1.4812e-02, -1.9750e-02, -5.0783e-02, -2.3621e-03, +1.4029e-02, +6.1141e-02, -9.6318e-03, -1.1377e-02, +9.3143e-02, -6.1308e-02, -1.4218e-01, -1.1572e-01, +5.6865e-02, -5.9335e-02, +1.7240e-01, +3.1830e-02, +2.4009e-02, +5.3724e-02, -3.1928e-02, +2.8835e-02, +1.6310e-01, -5.6062e-02, +5.3835e-02, -1.0000e+00, +5.2365e-02, +6.0869e-02, +1.7602e-02, -2.6354e-03, +8.1271e-02, +9.2534e-03, +2.1345e-02
-9.1515e-02, -1.9154e-01, +4.7586e-02, -7.1684e-02, -1.7481e-01, -4.8754e-02, -1.0163e-01, -6.3445e-02, +1.1747e-01, -8.4566e-02, +2.3226e-01, -3.3018e-03, -8.4287e-02, +1.4902e-02, -1.1810e-01, -3.0634e-01, -6.0025e-02, -3.0255e-02, -7.8564e-02, +2.1390e-01, -1.2056e-02, -3.1660e-02, -5.3071e-02, -1.0518e-01, +7.3269e-02, -2.0299e-01, -3.7640e-01, -7.3693e-02, +1.3352e-01, -1.6466e-01, -1.9107e-01, -9.2094e-02, +1.7303e-01, -8.9597e-02, +7.9325e-02, +9.4681e-02, +1.8040e-01, -1.9435e-01, +2.0636e-02, -1.4848e-01, -2.2584e-01, -7.6279e-02, +5.2365e-02, -1.0000e+00, +2.7830e-02, -4.1962e-02, -5.5823e-02, -3.5473e-04, -2.6039e-02, +1.3491e-01
-8.2597e-02, +7.5482e-02, -8.8054e-02, -6.9286e-02, -7.9323e-02, +6.5016e-02, -1.7701e-01, -1.0762e-01, +1.0245e-01, +9.6694e-02, +2.2394e-02, -1.0255e-01, -1.5966e-01, -6.0921e-02, -3.4556e-02, +1.7265e-01, +1.4633e-01, -4.9411e-02, +8.7093e-02, -6.1824e-02, -4.3518e-02, -7.9254e-02, +1.5521e-01, +5.6921e-02, -1.4766e-01, +5.0074e-02, -5.0413e-02, -7.1330e-02, -9.7230e-02, +1.0524e-01, -1.4096e-01, -7.5232e-02, +2.5318e-02, -1.4521e-01, +1.6416e-01, -6.0511e-02, -8.9738e-02, +8.1718e-03, -9.5390e-02, -1.0756e-02, +1.0138e-03, +6.7465e-02, +6.0869e-02, +2.7830e-02, -1.0000e+00, -1.1320e-01, -1.1307e-01, +1.3495e-01, -1.7414e-02, -6.1568e-02
-1.5449e-01, -9.6651e-02, -2.1266e-01, -9.8677e-02, -2.6743e-01, +5.5694e-02, -7.0516e-02, +1.6004e-01, -1.5851e-02, +7.7963e-02, +6.5943e-02, -6.8855e-02, +1.3979e-02, -1.3907e-01, +6.4542e-02, +1.0684e-01, +1.4814e-01, +8.8824e-02, -1.5348e-02, -4.2312e-02, -6.8681e-02, +7.8487e-02, +1.7962e-02, -1.3332e-02, -7.0151e-02, -7.0976e-02, -9.6959e-02, -7.5372e-02, +2.7208e-02, +6.8479e-04, -4.2866e-02, +1.5649e-03, +6.6796e-02, -1.2816e-01, -8.0456e-02, +1.2350e-01, -1.6925e-01, +1.0923e-01, -9.3028e-03, +1.0786e-01, +2.2427e-02, -1.0266e-01, +1.7602e-02, -4.1962e-02, -1.1320e-01, -1.0000e+00, -1.3389e-01, +1.4177e-02, +7.3738e-02, +1.3529e-01
-1.1551e-01, +8.5285e-03, -1.2746e-01, -6.1758e-02, -2.1034e-01, -1.6917e-01, -3.4400e-02, -9.6155e-02, -9.1654e-02, +1.3523e-01, -4.2237e-02, +3.5315e-02, -1.5696e-02, +4.9259e-02, -7.9559e-02, +1.4806e-01, +7.1849e-02, -7.0191e-02, -8.2574e-02, +4.7588e-02, -1.0446e-01, +1.2185e-02, -1.2383e-02, -1.0869e-01, +4.7011e-02, -7.6477e-02, -1.7249e-01, -1.9691e-01, -5.4009e-02, +5.9823e-02, -1.8552e-01, -2.7522e-02, +1.7722e-02, -1.4781e-01, +8.3425e-02, +3.6521e-02, -1.6957e-01, -1.7139e-01, -1.8734e-01, +7.8829e-02, -5.5062e-04, +8.9726e-02, -2.6354e-03, -5.5823e-02, -1.1307e-01, -1.3389e-01, -1.0000e+00, +1.3422e-01, +2.7792e-01, +3.0941e-02
+3.1597e-01, -1.0280e-01, -1.2264e-02, +1.3708e-01, +2.7807e-01, +1.8640e-02, -1.8536e-01, -1.2075e-01, +3.7039e-01, +1.9975e-03, +7.8368e-02, +1.6332e-01, -9.2740e-02, -7.9179e-02, +2.9624e-01, -6.0722e-02, -1.3043e-02, -1.3251e-01, +9.9984e-03, +9.4550e-02, +4.6504e-01, +4.4048e-02, +4.5117e-03, +3.4138e-02, +2.1799e-02, -6.2487e-02, +7.3413e-03, +1.1653e-01, +6.8534e-03, +2.8681e-02, +2.8235e-01, +1.1884e-01, +4.5370e-02, +5.7424e-02, -2.2764e-01, -3.6299e-02, -5.0567e-03, +2.2154e-02, +7.0533e-02, -1.7576e-01, -7.1755e-02, +2.7494e-02, +8.1271e-02, -3.5471e-04, +1.3495e-01, +1.4177e-02, +1.3422e-01, -1.0000e+00, +9.5101e-03, +5.5760e-02
-6.5650e-02, +1.7442e-01, -1.6823e-01, -2.0228e-01, +2.2012e-01, -4.6711e-03, -2.9120e-01, +5.7773e-02, +1.0677e-01, +6.0683e-02, -1.5054e-03, -3.8902e-02, -8.9742e-02, -1.2080e-01, +4.5945e-02, +8.4953e-03, -5.2621e-02, -1.0585e-01, +2.5938e-02, -8.0225e-02, +2.8024e-01, -6.4985e-02, -6.5631e-02, +1.2381e-01, -5.6701e-02, -1.2772e-02, -1.5323e-02, +1.8187e-01, +1.5112e-02, +1.2979e-01, +1.7365e-01, -7.9382e-02, +7.0558e-02, +5.3635e-02, +5.7053e-02, -5.1160e-02, +4.3135e-02, -3.8814e-03, -1.5079e-02, -6.9945e-02, -8.5124e-03, +5.6863e-02, +9.2534e-03, -2.6039e-02, -1.7413e-02, +7.3738e-02, +2.7792e-01, +9.5101e-03, -1.0000e+00, +8.8178e-02
+2.4738e-02, +9.1543e-02, +3.1968e-01, +1.6958e-01, +3.0885e-01, +1.9520e-01, +6.6440e-02, -2.3775e-01, +3.5210e-01, +3.9034e-02, +1.9347e-01, +4.7557e-02, +1.9533e-02, -2.4838e-02, +1.6252e-01, -2.7245e-02, -5.0949e-03, -2.3309e-02, +4.2117e-02, -2.7377e-02, +2.2161e-01, -8.2298e-02, +7.3259e-03, +3.4003e-03, +3.8975e-02, -6.2532e-03, +1.2724e-01, +8.9516e-02, +5.9486e-02, +2.2959e-01, +7.6760e-02, -9.1469e-02, +2.7099e-02, +1.4666e-02, +1.7183e-01, +6.2060e-02, -7.8020e-02, +6.7827e-02, +2.2101e-01, +4.7824e-03, +8.3999e-02, -5.0625e-02, +2.1345e-02, +1.3491e-01, -6.1568e-02, +1.3529e-01, +3.0941e-02, +5.5760e-02, +8.8178e-02, -1.0000e+00
