-1.0000e+00, -2.5402e-02, -4.1113e-02, -1.6407e-01, -1.3692e-01, -1.4401e-01, +4.6024e-02, -4.2030e-02, -1.6444e-01, +3.5809e-02, -1.8848e-01, -1.6333e-01, +1.3759e-01, +1.9150e-02, -9.8294e-02, +1.4332e-02, +9.9424e-03, +6.5594e-03, -1.1494e-01, +4.7521e-02, +2.1030e-01, -3.5852e-02, -1.0396e-02, -1.0208e-01, -1.0205e-01, +1.6191e-01, -2.2713e-02, -7.4226e-03, -3.2219e-02, +4.5938e-02, -8.5002e-02, +7.5835e-02, -3.3281e-02, -1.2641e-01, -2.1771e-02, +1.3344e-02, +2.0567e-01, -4.6863e-02, -9.2164e-02, -6.6439e-03, -3.8991e-02, -1.2725e-01, +2.8332e-02, +4.8799e-02, +5.4282e-02, -4.5673e-02, -8.7885e-02, +1.9260e-01, +4.4810e-02, +3.9976e-02
-2.5402e-02, -1.0000e+00, -1.6894e-01, -2.4831e-02, -9.9140e-02, -2.0413e-03, +1.4754e-02, +6.9340e-02, -2.9454e-02, +3.2818e-03, +7.8127e-02, -4.3556e-02, +1.9035e-01, -3.4579e-02, +9.1608e-03, -4.2089e-02, -4.8211e-03, -4.5021e-02, -4.9743e-02, +1.9362e-02, +7.8467e-03, +7.9840e-03, +4.4549e-02, -4.1846e-02, -6.9435e-03, +1.5103e-01, -3.9319e-02, +1.3234e-01, -7.4005e-02, +1.3505e-01, -1.6299e-02, -4.4474e-02, +1.2836e-03, +9.8137e-02, -5.6989e-02, +6.1480e-02, +6.2302e-02, +2.5328e-02, +1.4022e-02, -8.1077e-03, -1.0110e-01, +4.6112e-02, +7.7318e-03, +2.4620e-02, -8.3702e-03, -3.7835e-02, +9.7094e-03, -7.9946e-02, +1.8148e-03, -1.0992e-02
-4.1113e-02, -1.6894e-01, -1.0000e+00, -1.1950e-01, +2.8469e-02, -8.0534e-02, -4.1835e-02, +2.4725e-02, +1.3351e-01, +7.9599e-02, -9.9307e-02, +2.2692e-02, +7.0763e-02, -1.5611e-02, -6.3866e-02, +1.4057e-01, +8.5113e-02, -1.8622e-01, -3.6269e-02, -6.0663e-02, -2.2280e-01, -3.1906e-01, +5.1690e-02, +1.2655e-02, -6.8128e-02, -9.5488e-02, -5.6270e-02, -3.4794e-02, -1.5876e-01, +4.7949e-02, -1.7706e-01, +7.5096e-02, -5.8120e-02, +6.5600e-02, +7.2389e-02, -5.1650e-02, +2.1022e-01, -7.6780e-02, -1.0212e-01, +3.6961e-02, -1.0422e-01, -4.3234e-02, -9.5137e-02, -3.0184e-02, -8.0730e-02, -1.0582e-01, -6.0631e-02, +3.7558e-02, -3.4452e-02, +1.8659e-01
-1.6407e-01, -2.4831e-02, -1.1950e-01, -1.0000e+00, -1.7537e-01, -2.1717e-01, -5.7797e-03, -9.8038e-03, -8.0199e-02, +5.5289e-02, -1.8351e-01, -6.1493e-02, +5.5277e-02, +2.4689e-02, -1.1997e-01, +5.6749e-02, +1.0806e-01, -1.2344e-01, -8.2453e-02, +1.2200e-01, +2.6424e-02, -9.8122e-02, +1.1302e-02, -1.5693e-01, -1.3097e-02, -5.1421e-02, -2.0966e-02, -1.4436e-02, -6.6744e-02, -8.5593e-02, -8.6932e-02, +8.3743e-02, -3.0035e-03, -6.7080e-03, -2.2926e-02, -5.1398e-02, +8.1369e-02, -9.7214e-02, -8.2215e-02, -2.9792e-02, -8.1025e-03, -1.2613e-01, +7.7545e-02, -1.8630e-02, -1.1166e-01, +3.9537e-03, -1.2553e-01, +1.2829e-01, -9.2412e-04, +5.2540e-02
-1.3692e-01, -9.9140e-02, +2.8469e-02, -1.7537e-01, -1.0000e+00, -2.0707e-01, -7.9927e-02, -9.4342e-03, -1.6036e-01, +4.4941e-02, -5.0218e-02, -1.7024e-01, -1.0341e-01, +1.8076e-02, -1.1006e-01, +8.7499e-02, +7.0088e-02, -5.2016e-02, -6.0112e-02, -7.8641e-02, +1.7927e-01, -3.2015e-02, +5.4613e-02, -1.5112e-01, -5.9378e-02, +6.8223e-02, -1.0151e-01, -2.0416e-02, -7.4858e-02, +2.8039e-02, -5.2304e-02, +1.1841e-01, +8.9593e-02, -5.7973e-03, -7.9651e-02, -5.0274e-02, +5.3228e-02, +4.0220e-02, -6.1874e-02, -1.5945e-03, -3.9852e-02, -1.7548e-01, +2.0365e-01, -2.2434e-02, -1.5980e-01, +1.8431e-03, -1.4115e-01, +1.7340e-01, +7.2671e-02, +8.2733e-02
-1.4401e-01, -2.0413e-03, -8.0534e-02, -2.1717e-01, -2.0707e-01, -1.0000e+00, -9.6153e-02, -4.6533e-02, -1.3646e-01, +3.1550e-02, -2.0713e-01, -5.6537e-02, +1.3504e-01, -2.2903e-02, -1.6617e-01, +9.0890e-02, +4.7053e-02, -9.7708e-02, -1.4709e-01, -3.1216e-02, +8.8023e-02, +1.7313e-02, +8.3244e-02, -1.1521e-01, -6.2772e-02, +3.0077e-02, -1.3171e-01, -8.6921e-03, -1.1776e-01, -2.2358e-02, -2.5072e-01, +1.3069e-01, -4.5301e-02, -8.5014e-04, +4.6437e-02, -5.7604e-02, +1.0690e-01, -1.9244e-01, -3.7653e-02, +8.4919e-03, -8.3432e-02, -1.7890e-01, +1.3255e-01, -5.9717e-02, -4.4761e-02, -7.3449e-02, -2.7404e-01, +1.8615e-01, -5.3682e-03, +4.2295e-02
+4.6024e-02, +1.4754e-02, -4.1835e-02, -5.7797e-03, -7.9927e-02, -9.6153e-02, -1.0000e+00, +1.0538e-01, +4.0893e-02, +1.7648e-02, -3.8102e-02, +6.5162e-02, -7.2902e-02, -7.0700e-02, -2.2990e-02, +7.2298e-02, +1.3157e-01, -1.0379e-01, -6.6843e-04, +5.0857e-02, +2.2153e-02, +7.7977e-02, +3.3306e-02, +3.0909e-02, +3.8575e-03, -1.5153e-01, -1.6121e-01, -1.4571e-01, -4.4211e-02, +2.6669e-02, -1.9424e-01, +9.8393e-02, -5.3601e-02, -1.3593e-03, -8.4998e-02, +8.8310e-03, -1.5307e-01, -4.9043e-02, -6.7960e-02, -4.4944e-02, -1.1180e-01, -1.0621e-01, +1.0176e-01, +2.0359e-02, -2.0137e-02, -2.6937e-02, -1.4295e-01, -2.8437e-02, -1.4338e-01, +2.5208e-02
-4.2030e-02, +6.9340e-02, +2.4725e-02, -9.8038e-03, -9.4342e-03, -4.6533e-02, +1.0538e-01, -1.0000e+00, -3.0598e-01, +7.0242e-02, -3.7100e-02, -3.7262e-02, +2.5158e-02, +1.8119e-01, -4.9477e-02, +7.1069e-02, -1.3449e-02, +1.4302e-02, -2.3716e-03, +2.2322e-02, +5.8029e-02, +5.2364e-02, +2.9858e-02, -2.6467e-02, +3.7684e-02, +5.4156e-02, -1.0826e-02, -1.8799e-02, -8.6937e-02, -1.9325e-01, +1.2418e-01, -1.2785e-01, -3.5659e-02, +8.3840e-02, +1.4368e-02, -4.0415e-02, +2.0213e-01, -4.8219e-02, -6.5623e-02, +4.2390e-02, +1.4011e-02, -1.7843e-01, +7.7268e-02, -1.6948e-02, +1.2576e-02, -3.7259e-02, +3.8078e-02, -4.3914e-02, +4.6763e-02, +6.2803e-02
-1.6444e-01, -2.9454e-02, +1.3351e-01, -8.0199e-02, -1.6036e-01, -1.3646e-01, +4.0893e-02, -3.0598e-01, -1.0000e+00, +1.8690e-01, -1.2993e-01, -2.8493e-01, +4.1097e-02, -5.0722e-02, -1.5273e-01, +1.3122e-01, -6.3221e-02, +5.4659e-02, -1.9311e-02, +3.0513e-02, +4.8875e-02, +7.3865e-02, -8.2162e-03, -5.1303e-02, -2.1297e-04, +1.8249e-01, +4.5513e-02, -5.1062e-02, -6.1339e-02, +1.5862e-02, +1.4870e-01, -1.1405e-01, +3.9552e-02, +5.7500e-02, +7.2048e-02, +4.0952e-02, +1.6908e-01, +2.9571e-02, -4.4044e-03, +2.4953e-02, +2.0504e-02, -1.9373e-01, +9.4166e-02, +4.7846e-02, +4.1737e-02, -1.4813e-01, -5.2763e-02, +3.8634e-01, +4.2681e-02, +1.8084e-01
+3.5809e-02, +3.2818e-03, +7.9599e-02, +5.5289e-02, +4.4941e-02, +3.1550e-02, +1.7648e-02, +7.0242e-02, +1.8690e-01, -1.0000e+00, -9.2513e-02, +3.2011e-02, +8.3390e-03, -3.5438e-02, +1.4350e-01, -6.1790e-03, +5.9967e-02, +4.4192e-02, +2.6928e-02, -1.3149e-02, -4.1298e-02, +1.5118e-03, +1.0732e-01, -1.1344e-01, -1.2287e-02, +6.7948e-02, -9.4033e-02, +8.1543e-04, +9.6477e-02, -2.6001e-02, -3.5928e-04, -3.3597e-02, +1.6407e-02, +2.5599e-02, +8.8616e-03, +2.0798e-04, +3.8912e-02, +3.7368e-02, +2.3421e-02, +2.8553e-02, +7.4252e-02, -5.5107e-02, -4.3516e-03, -2.9662e-02, +1.1398e-01, +8.1715e-02, +7.3554e-02, -2.5376e-02, -5.2800e-03, +3.8816e-02
-1.8848e-01, +7.8127e-02, -9.9307e-02, -1.8351e-01, -5.0218e-02, -2.0713e-01, -3.8102e-02, -3.7100e-02, -1.2993e-01, -9.2513e-02, -1.0000e+00, -1.2407e-01, -2.4470e-02, +3.6818e-03, -2.8594e-01, +1.0674e-01, +1.8099e-02, -1.2187e-01, -1.5435e-01, +1.3215e-01, -5.7217e-02, +1.9087e-01, +1.6647e-01, -4.9717e-02, -8.5863e-02, +9.5738e-02, -1.2395e-01, -7.4644e-02, -1.6311e-01, -6.3342e-02, -1.2770e-01, +6.7350e-02, +6.8526e-02, -2.7722e-02, -1.6055e-02, -1.3858e-01, +1.4346e-01, -7.3356e-02, -1.6529e-02, +4.9001e-02, -8.5368e-02, -1.5489e-01, -6.2102e-02, +1.1387e-02, +1.0895e-02, -7.0484e-02, -1.9818e-01, +1.7940e-01, +6.0249e-02, +1.3108e-01
-1.6333e-01, -4.3556e-02, +2.2691e-02, -6.1493e-02, -1.7024e-01, -5.6537e-02, +6.5162e-02, -3.7262e-02, -2.8493e-01, +3.2011e-02, -1.2407e-01, -1.0000e+00, +1.2006e-02, +1.3731e-01, -1.0782e-01, +8.7696e-02, +2.7990e-01, +5.3411e-02, -5.4926e-02, +1.0149e-02, +8.9764e-03, +2.2262e-01, +1.1077e-01, -5.4560e-02, -1.0391e-01, +1.4553e-01, -3.0334e-02, -3.7721e-02, -5.3310e-02, +2.6485e-01, +9.9495e-02, -3.8821e-02, +6.1100e-02, -1.4874e-02, +5.5873e-02, -2.4254e-02, +1.3382e-01, +4.6105e-02, -1.3090e-01, +1.1731e-01, -4.6600e-02, -7.6785e-02, +3.0820e-02, +1.9521e-02, -7.7584e-02, +1.5003e-01, -7.6031e-03, +2.2657e-01, +1.3687e-01, +7.8497e-02
+1.3759e-01, +1.9035e-01, +7.0763e-02, +5.5277e-02, -1.0341e-01, +1.3504e-01, -7.2902e-02, +2.5158e-02, +4.1098e-02, +8.3390e-03, -2.4470e-02, +1.2006e-02, -1.0000e+00, +1.0309e-01, -1.6969e-01, -2.6545e-02, +1.1884e-01, +2.0180e-02, +1.0890e-01, +1.8765e-01, +6.9718e-03, +4.3902e-02, +8.5893e-02, -2.7183e-02, -1.0575e-01, +9.4355e-03, -5.8482e-02, -6.8524e-02, -6.3866e-03, +8.1968e-02, -1.0352e-01, +7.9924e-02, +1.1805e-01, +1.8018e-01, -8.1633e-02, +4.6032e-02, -4.1332e-02, +4.2946e-02, +6.1455e-02, -1.3216e-01, -1.3480e-02, -8.4808e-02, -6.7940e-02, -2.7021e-03, -1.6043e-01, -1.1454e-01, -1.5184e-01, -3.9052e-02, +1.7911e-01, -1.9946e-03
+1.9150e-02, -3.4579e-02, -1.5611e-02, +2.4689e-02, +1.8076e-02, -2.2903e-02, -7.0700e-02, +1.8119e-01, -5.0722e-02, -3.5438e-02, +3.6818e-03, +1.3731e-01, +1.0309e-01, -1.0000e+00, +8.1811e-02, +3.8715e-02, +4.8676e-02, -4.3640e-02, -2.5934e-02, -2.7782e-02, -9.2217e-02, -1.9995e-01, -4.1354e-02, +2.7017e-02, -1.5211e-03, +1.3027e-01, -8.8371e-02, -3.0607e-02, -1.0946e-01, +2.5846e-01, -2.1745e-01, +1.6619e-02, -3.6800e-02, +1.7989e-02, +8.0513e-02, -2.4264e-02, +7.1400e-02, +1.2673e-01, -7.9652e-02, -6.8271e-03, -5.8547e-02, +5.5642e-03, +1.0738e-02, -1.2349e-02, +4.5143e-02, -4.2490e-02, -1.3531e-01, -3.5743e-02, -1.2677e-01, -1.9350e-02
-9.8294e-02, +9.1608e-03, -6.3866e-02, -1.1997e-01, -1.1006e-01, -1.6617e-01, -2.2990e-02, -4.9477e-02, -1.5273e-01, +1.4350e-01, -2.8594e-01, -1.0782e-01, -1.6969e-01, +8.1811e-02, -1.0000e+00, +9.9420e-02, -1.7297e-01, -3.8106e-02, -1.4856e-01, +6.0645e-02, -1.9336e-01, +2.2558e-01, -1.4169e-01, -1.0543e-01, -7.9462e-02, +7.0617e-02, -1.5092e-01, -8.7936e-03, -1.1011e-01, -7.1515e-02, -1.2403e-01, +7.7111e-02, -5.0591e-03, +3.2368e-02, +2.4482e-02, -3.1441e-03, +2.9622e-01, -1.2593e-01, +2.0319e-02, +1.0799e-03, -1.1485e-01, -1.3303e-01, -8.2422e-02, -3.0602e-02, -1.1181e-01, +1.1398e-02, -2.3337e-01, +1.3612e-01, +4.5505e-02, +1.1258e-01
+1.4332e-02, -4.2089e-02, +1.4057e-01, +5.6749e-02, +8.7499e-02, +9.0890e-02, +7.2298e-02, +7.1069e-02, +1.3122e-01, -6.1790e-03, +1.0674e-01, +8.7696e-02, -2.6545e-02, +3.8715e-02, +9.9420e-02, -1.0000e+00, -2.0735e-02, +5.7205e-03, -1.3748e-01, +1.0272e-02, -1.9431e-02, +3.6141e-02, -1.7955e-02, -6.7189e-03, +8.3689e-02, +4.4515e-02, -2.0884e-03, -8.5934e-03, +1.0380e-01, -5.6115e-02, -1.0800e-01, -3.4785e-03, +7.4302e-03, +2.4389e-02, +1.4151e-02, +7.8220e-03, +3.4496e-02, -5.7237e-02, +2.5743e-02, +1.0157e-02, +4.2832e-02, +3.8961e-02, +6.9459e-03, -2.2087e-02, +4.1421e-02, -2.8468e-02, +2.3024e-02, +6.2828e-02, -5.7100e-02, +5.3623e-02
+9.9424e-03, -4.8211e-03, +8.5113e-02, +1.0806e-01, +7.0088e-02, +4.7053e-02, +1.3157e-01, -1.3449e-02, -6.3221e-02, +5.9967e-02, +1.8099e-02, +2.7990e-01, +1.1884e-01, +4.8676e-02, -1.7297e-01, -2.0735e-02, -1.0000e+00, +4.2644e-03, +1.2080e-01, -3.3480e-02, -1.2203e-03, -4.4688e-02, +8.4651e-02, +1.2487e-01, +4.3689e-02, +4.9617e-02, +7.4258e-02, +5.6731e-02, +4.2145e-02, -1.0847e-02, +8.3227e-02, -4.5990e-02, -8.7525e-03, -1.3790e-04, +1.4572e-04, +8.6841e-03, -3.0992e-02, +3.9412e-04, +1.0059e-01, -1.0054e-02, +8.3728e-03, +1.1461e-01, -3.8078e-03, -2.0477e-02, +1.0502e-01, +2.4853e-01, -1.8715e-02, -6.3915e-03, -1.3162e-01, +2.1488e-02
+6.5593e-03, -4.5021e-02, -1.8622e-01, -1.2344e-01, -5.2016e-02, -9.7708e-02, -1.0379e-01, +1.4302e-02, +5.4659e-02, +4.4192e-02, -1.2187e-01, +5.3411e-02, +2.0180e-02, -4.3640e-02, -3.8106e-02, +5.7205e-03, +4.2644e-03, -1.0000e+00, -1.0376e-01, -4.8702e-03, +4.4193e-02, -2.2210e-01, +1.0872e-01, +1.3473e-02, -4.1794e-02, -9.8558e-02, -2.0898e-02, -8.5580e-02, -1.1265e-01, -2.2695e-02, -2.4042e-01, +2.2779e-02, +4.8660e-02, +5.9954e-03, -4.8586e-02, -1.5382e-02, +9.0113e-02, -7.0328e-02, -2.9603e-02, +3.8512e-02, -6.6460e-02, -1.6131e-01, -2.1084e-02, +9.5564e-03, -5.6900e-02, -3.2534e-02, -1.5122e-01, +5.4019e-02, -1.0391e-02, +1.1806e-03
-1.1494e-01, -4.9743e-02, -3.6269e-02, -8.2453e-02, -6.0112e-02, -1.4709e-01, -6.6842e-04, -2.3716e-03, -1.9311e-02, +2.6928e-02, -1.5435e-01, -5.4926e-02, +1.0890e-01, -2.5934e-02, -1.4856e-01, -1.3748e-01, +1.2080e-01, -1.0376e-01, -1.0000e+00, +1.2673e-01, -1.2718e-01, +1.4400e-01, +1.9404e-02, -4.9321e-02, -2.0765e-02, +5.8880e-02, -6.0347e-02, +5.8972e-03, -8.8516e-02, -9.9195e-02, -1.9260e-01, +7.3597e-02, -6.0404e-02, -1.7217e-02, +2.8206e-03, +1.8693e-03, +2.1564e-01, -1.9163e-02, -6.4144e-02, +5.3895e-02, -1.5031e-01, -1.0844e-01, +5.9304e-02, -3.5388e-02, -8.4655e-03, +2.3646e-02, -1.5145e-01, -3.0866e-02, +8.0352e-03, -8.7148e-02
+4.7521e-02, +1.9362e-02, -6.0663e-02, +1.2200e-01, -7.8641e-02, -3.1216e-02, +5.0857e-02, +2.2322e-02, +3.0513e-02, -1.3149e-02, +1.3215e-01, +1.0149e-02, +1.8765e-01, -2.7782e-02, +6.0645e-02, +1.0272e-02, -3.3480e-02, -4.8702e-03, +1.2673e-01, -1.0000e+00, -6.1248e-03, +5.3318e-04, -3.7105e-02, +4.9476e-02, +9.3900e-02, -5.4106e-02, +4.9084e-02, -9.1090e-02, -9.5715e-02, -6.4211e-02, -5.4705e-02, +1.0088e-02, -5.2257e-02, -1.0866e-01, +1.0676e-02, -2.1785e-02, +2.0231e-01, -2.3265e-02, -1.5929e-01, -2.7050e-02, -2.9038e-02, +3.5939e-02, +2.3268e-02, +1.3446e-02, -5.4695e-02, -4.6397e-02, -3.7539e-02, +1.2308e-01, -1.2124e-01, +2.9671e-02
+2.1030e-01, +7.8467e-03, -2.2280e-01, +2.6424e-02, +1.7927e-01, +8.8023e-02, +2.2153e-02, +5.8029e-02, +4.8875e-02, -4.1298e-02, -5.7217e-02, +8.9764e-03, +6.9718e-03, -9.2217e-02, -1.9336e-01, -1.9431e-02, -1.2203e-03, +4.4193e-02, -1.2718e-01, -6.1248e-03, -1.0000e+00, +5.3252e-02, -3.1685e-02, +1.1642e-01, +1.3386e-02, -8.9610e-02, -6.1221e-02, +4.6399e-02, -1.6976e-01, -1.8694e-01, -6.6982e-02, -9.2556e-02, +8.6256e-03, +1.3899e-01, +2.4183e-01, -1.8918e-02, +1.9406e-01, -1.7459e-02, +3.8303e-02, -2.4609e-02, -4.6083e-02, +2.3329e-01, +3.4042e-02, -1.3295e-01, -7.2940e-02, +4.8008e-02, -2.6944e-03, +9.7181e-02, -1.3223e-01, +3.7726e-02
-3.5852e-02, +7.9840e-03, -3.1906e-01, -9.8122e-02, -3.2015e-02, +1.7313e-02, +7.7977e-02, +5.2364e-02, +7.3865e-02, +1.5118e-03, +1.9087e-01, +2.2262e-01, +4.3902e-02, -1.9995e-01, +2.2558e-01, +3.6141e-02, -4.4688e-02, -2.2210e-01, +1.4400e-01, +5.3315e-04, +5.3252e-02, -1.0000e+00, +1.1440e-03, +1.8103e-01, -5.8393e-02, -1.7464e-01, +1.5280e-01, -3.7996e-02, +5.0245e-02, +2.4351e-02, -1.6180e-01, -2.7973e-02, -1.5922e-02, -2.9899e-02, +7.3864e-02, +1.1300e-04, +1.8366e-01, -1.7795e-01, +7.4151e-03, -2.0970e-02, +1.6791e-01, -1.2397e-01, +1.4840e-02, +2.0778e-02, -1.5127e-01, -5.2432e-02, -1.4479e-02, +1.1341e-01, -1.9204e-01, +3.2976e-02
-1.0396e-02, +4.4549e-02, +5.1690e-02, +1.1302e-02, +5.4613e-02, +8.3244e-02, +3.3306e-02, +2.9858e-02, -8.2162e-03, +1.0732e-01, +1.6647e-01, +1.1077e-01, +8.5893e-02, -4.1354e-02, -1.4169e-01, -1.7955e-02, +8.4651e-02, +1.0872e-01, +1.9404e-02, -3.7105e-02, -3.1685e-02, +1.1439e-03, -1.0000e+00, -7.5685e-02, -1.0071e-02, +2.2863e-02, +2.3870e-02, +4.7374e-02, +1.1004e-01, +6.7289e-02, +3.3888e-02, -5.8026e-02, -2.7061e-03, +6.4490e-02, -4.6326e-03, -1.2549e-02, +4.3254e-03, -5.1190e-02, +6.6536e-02, -4.4083e-04, +3.8142e-02, +1.2256e-01, -4.8254e-02, -3.8588e-02, +8.6252e-02, -1.0016e-01, +3.9580e-02, -2.8862e-03, -4.1485e-02, +1.1434e-02
-1.0208e-01, -4.1846e-02, +1.2655e-02, -1.5693e-01, -1.5112e-01, -1.1521e-01, +3.0909e-02, -2.6467e-02, -5.1303e-02, -1.1344e-01, -4.9717e-02, -5.4560e-02, -2.7183e-02, +2.7017e-02, -1.0543e-01, -6.7189e-03, +1.2487e-01, +1.3473e-02, -4.9321e-02, +4.9476e-02, +1.1642e-01, +1.8103e-01, -7.5685e-02, -1.0000e+00, -6.0037e-02, +3.0241e-02, -8.0535e-02, +5.3731e-02, +2.1499e-02, -8.2048e-02, -7.2678e-02, -2.4261e-02, -4.5810e-02, -1.0740e-02, -4.5471e-02, -4.8164e-02, +1.1886e-01, -1.0615e-01, -2.9097e-02, +1.3605e-02, -4.9366e-02, -1.0329e-01, +7.9306e-02, +6.6273e-02, -2.6947e-02, +5.1980e-03, -1.0220e-01, +8.1142e-03, -1.2162e-02, +7.8513e-02
-1.0205e-01, -6.9435e-03, -6.8128e-02, -1.3097e-02, -5.9378e-02, -6.2772e-02, +3.8575e-03, +3.7684e-02, -2.1298e-04, -1.2287e-02, -8.5863e-02, -1.0391e-01, -1.0575e-01, -1.5211e-03, -7.9462e-02, +8.3689e-02, +4.3689e-02, -4.1794e-02, -2.0765e-02, +9.3900e-02, +1.3386e-02, -5.8393e-02, -1.0071e-02, -6.0037e-02, -1.0000e+00, +4.6126e-02, -7.0888e-02, +3.8751e-02, -5.8134e-02, +7.8688e-02, -1.4025e-01, +1.1002e-01, +7.8812e-02, +6.9978e-02, +2.5559e-02, -1.0835e-02, +7.2702e-03, -7.9067e-02, -4.5313e-02, +6.7539e-02, -4.2530e-02, -6.0653e-02, +5.0843e-02, +2.1115e-02, -1.1976e-01, +1.3165e-02, -1.3036e-01, +8.2089e-02, +1.2090e-01, +6.4850e-02
+1.6191e-01, +1.5103e-01, -9.5488e-02, -5.1421e-02, +6.8223e-02, +3.0077e-02, -1.5153e-01, +5.4156e-02, +1.8249e-01, +6.7948e-02, +9.5738e-02, +1.4553e-01, +9.4355e-03, +1.3027e-01, +7.0617e-02, +4.4515e-02, +4.9617e-02, -9.8558e-02, +5.8880e-02, -5.4106e-02, -8.9610e-02, -1.7464e-01, +2.2863e-02, +3.0241e-02, +4.6126e-02, -1.0000e+00, +4.9238e-02, -2.9203e-02, +7.0155e-02, -1.9004e-01, -7.4204e-03, -2.6253e-02, +8.1585e-02, -6.3277e-02, +3.1386e-03, +6.4392e-03, -8.4678e-02, -1.2168e-01, +2.4792e-02, +3.8712e-02, +7.7087e-02, +7.3755e-03, +3.5957e-02, -1.1974e-02, -6.9092e-02, +5.0107e-02, +1.6764e-02, -1.5282e-01, -1.2262e-01, +8.7209e-02
-2.2713e-02, -3.9319e-02, -5.6270e-02, -2.0966e-02, -1.0151e-01, -1.3171e-01, -1.6121e-01, -1.0826e-02, +4.5513e-02, -9.4033e-02, -1.2395e-01, -3.0334e-02, -5.8482e-02, -8.8371e-02, -1.5092e-01, -2.0884e-03, +7.4258e-02, -2.0898e-02, -6.0347e-02, +4.9084e-02, -6.1221e-02, +1.5280e-01, +2.3870e-02, -8.0535e-02, -7.0888e-02, +4.9238e-02, -1.0000e+00, -1.0754e-02, -1.7033e-01, +5.6068e-03, -1.7915e-01, +1.1188e-01, +1.6394e-02, +6.2684e-02, -2.4037e-02, -9.1836e-02, +8.0211e-02, -7.8516e-02, -1.2614e-01, +6.4906e-02, -9.8090e-02, -1.2472e-01, +5.1658e-02, -5.5489e-02, -1.0232e-01, -1.2593e-02, -1.7722e-01, -2.9602e-02, +5.3408e-02, -2.5588e-02
-7.4226e-03, +1.3234e-01, -3.4794e-02, -1.4436e-02, -2.0416e-02, -8.6921e-03, -1.4571e-01, -1.8799e-02, -5.1062e-02, +8.1543e-04, -7.4644e-02, -3.7721e-02, -6.8524e-02, -3.0607e-02, -8.7936e-03, -8.5934e-03, +5.6731e-02, -8.5580e-02, +5.8971e-03, -9.1090e-02, +4.6399e-02, -3.7996e-02, +4.7374e-02, +5.3731e-02, +3.8751e-02, -2.9203e-02, -1.0754e-02, -1.0000e+00, -8.5233e-02, -1.7588e-02, -1.4764e-01, +2.6622e-02, +6.2273e-02, +8.8402e-03, +1.0265e-02, +5.6867e-03, +8.4732e-03, -1.1825e-01, +3.3673e-03, -4.1574e-02, -4.1874e-02, -6.4604e-02, -6.9185e-02, -4.6256e-02, -9.0502e-02, +4.6524e-02, -9.3977e-02, +1.0857e-01, +4.4646e-02, -4.0338e-02
-3.2219e-02, -7.4005e-02, -1.5876e-01, -6.6744e-02, -7.4858e-02, -1.1776e-01, -4.4211e-02, -8.6937e-02, -6.1339e-02, +9.6477e-02, -1.6311e-01, -5.3310e-02, -6.3866e-03, -1.0946e-01, -1.1011e-01, +1.0380e-01, +4.2145e-02, -1.1265e-01, -8.8516e-02, -9.5715e-02, -1.6976e-01, +5.0245e-02, +1.1004e-01, +2.1499e-02, -5.8134e-02, +7.0155e-02, -1.7033e-01, -8.5233e-02, -1.0000e+00, -1.4344e-02, -3.0622e-01, +2.0610e-02, -7.2237e-03, +3.7800e-02, -2.7020e-02, -4.6499e-02, +1.9597e-01, -1.5676e-01, +1.7104e-02, +5.9329e-02, -1.0054e-01, -5.4009e-02, -8.1996e-02, -7.3441e-02, -1.4505e-01, +9.5321e-03, -2.2548e-01, +7.0021e-02, +6.0648e-02, -2.0363e-02
+4.5938e-02, +1.3505e-01, +4.7949e-02, -8.5593e-02, +2.8039e-02, -2.2358e-02, +2.6669e-02, -1.9325e-01, +1.5862e-02, -2.6001e-02, -6.3342e-02, +2.6485e-01, +8.1968e-02, +2.5846e-01, -7.1515e-02, -5.6115e-02, -1.0847e-02, -2.2695e-02, -9.9195e-02, -6.4211e-02, -1.8694e-01, +2.4351e-02, +6.7289e-02, -8.2048e-02, +7.8688e-02, -1.9004e-01, +5.6068e-03, -1.7588e-02, -1.4344e-02, -1.0000e+00, +2.1130e-02, +4.3850e-02, -2.1326e-02, -5.4388e-02, +2.4413e-03, -5.7162e-03, +8.9910e-02, -1.4256e-01, +3.5922e-02, -1.9559e-02, +1.6015e-02, -9.6852e-03, -2.8700e-02, +7.0877e-02, -6.5682e-02, +3.1499e-01, +1.5368e-01, +3.2537e-02, -2.6626e-02, +2.0310e-02
-8.5002e-02, -1.6299e-02, -1.7706e-01, -8.6932e-02, -5.2304e-02, -2.5072e-01, -1.9424e-01, +1.2418e-01, +1.4870e-01, -3.5928e-04, -1.2770e-01, +9.9495e-02, -1.0352e-01, -2.1745e-01, -1.2403e-01, -1.0800e-01, +8.3227e-02, -2.4042e-01, -1.9260e-01, -5.4705e-02, -6.6982e-02, -1.6180e-01, +3.3888e-02, -7.2678e-02, -1.4025e-01, -7.4204e-03, -1.7915e-01, -1.4764e-01, -3.0622e-01, +2.1130e-02, -1.0000e+00, +4.4246e-02, +7.2720e-02, +5.8940e-02, +3.2097e-02, +1.5154e-02, +2.8266e-01, -2.3324e-01, -9.9973e-02, +2.4852e-02, -3.2459e-01, -2.4292e-01, +4.0850e-02, -5.7701e-02, -1.1136e-01, -7.5505e-02, -4.7863e-01, +5.6768e-02, -1.9025e-03, +2.7552e-02
+7.5835e-02, -4.4473e-02, +7.5096e-02, +8.3743e-02, +1.1841e-01, +1.3069e-01, +9.8393e-02, -1.2785e-01, -1.1405e-01, -3.3597e-02, +6.7350e-02, -3.8821e-02, +7.9924e-02, +1.6619e-02, +7.7111e-02, -3.4785e-03, -4.5990e-02, +2.2779e-02, +7.3597e-02, +1.0088e-02, -9.2556e-02, -2.7973e-02, -5.8026e-02, -2.4261e-02, +1.1002e-01, -2.6253e-02, +1.1188e-01, +2.6622e-02, +2.0610e-02, +4.3850e-02, +4.4246e-02, -1.0000e+00, -6.4646e-02, +2.4188e-02, -1.0426e-02, +2.6025e-02, +2.3066e-02, +3.8870e-02, +3.8019e-02, +7.5573e-03, +2.2243e-02, +3.9474e-02, -9.0875e-03, +4.9983e-02, +1.1031e-01, -1.2340e-01, -5.7895e-02, -4.6570e-03, -4.7893e-02, +4.7113e-02
-3.3281e-02, +1.2836e-03, -5.8120e-02, -3.0035e-03, +8.9593e-02, -4.5301e-02, -5.3601e-02, -3.5659e-02, +3.9552e-02, +1.6407e-02, +6.8526e-02, +6.1100e-02, +1.1805e-01, -3.6800e-02, -5.0591e-03, +7.4302e-03, -8.7525e-03, +4.8660e-02, -6.0404e-02, -5.2257e-02, +8.6255e-03, -1.5922e-02, -2.7061e-03, -4.5810e-02, +7.8812e-02, +8.1585e-02, +1.6394e-02, +6.2273e-02, -7.2237e-03, -2.1326e-02, +7.2720e-02, -6.4646e-02, -1.0000e+00, -1.6541e-01, -1.0879e-01, +1.0847e-02, +1.2105e-01, -4.2283e-02, -3.4330e-02, -3.7966e-03, -2.5337e-02, +4.6227e-02, +3.6663e-03, -7.0698e-03, -5.3074e-02, +2.1400e-02, -8.0401e-02, +6.6941e-02, -1.4087e-02, +2.5700e-02
-1.2641e-01, +9.8137e-02, +6.5600e-02, -6.7080e-03, -5.7973e-03, -8.5014e-04, -1.3592e-03, +8.3840e-02, +5.7500e-02, +2.5599e-02, -2.7722e-02, -1.4874e-02, +1.8018e-01, +1.7989e-02, +3.2368e-02, +2.4389e-02, -1.3790e-04, +5.9953e-03, -1.7217e-02, -1.0866e-01, +1.3899e-01, -2.9899e-02, +6.4490e-02, -1.0740e-02, +6.9978e-02, -6.3277e-02, +6.2684e-02, +8.8402e-03, +3.7800e-02, -5.4388e-02, +5.8940e-02, +2.4188e-02, -1.6541e-01, -1.0000e+00, +4.2744e-02, +1.1138e-02, +1.2191e-01, -6.7304e-02, +2.0757e-02, +8.8042e-02, +1.7429e-02, +8.1030e-02, -3.5990e-02, +8.4058e-02, -3.7745e-02, +7.2407e-02, -2.7351e-02, +8.1501e-03, -1.0022e-01, -1.1586e-01
-2.1771e-02, -5.6989e-02, +7.2389e-02, -2.2926e-02, -7.9651e-02, +4.6437e-02, -8.4998e-02, +1.4368e-02, +7.2048e-02, +8.8616e-03, -1.6055e-02, +5.5873e-02, -8.1633e-02, +8.0513e-02, +2.4482e-02, +1.4151e-02, +1.4572e-04, -4.8586e-02, +2.8206e-03, +1.0676e-02, +2.4183e-01, +7.3864e-02, -4.6326e-03, -4.5471e-02, +2.5559e-02, +3.1386e-03, -2.4037e-02, +1.0265e-02, -2.7020e-02, +2.4413e-03, +3.2097e-02, -1.0426e-02, -1.0879e-01, +4.2744e-02, -1.0000e+00, +2.5634e-02, -1.3459e-01, +9.4415e-02, +1.7300e-02, -1.3463e-02, -1.0058e-02, +2.7954e-02, -5.4371e-02, +9.9643e-03, -8.0513e-02, +1.6325e-02, -2.3522e-02, -7.0066e-02, +5.5254e-02, -4.4780e-02
+1.3344e-02, +6.1480e-02, -5.1650e-02, -5.1398e-02, -5.0274e-02, -5.7604e-02, +8.8310e-03, -4.0415e-02, +4.0952e-02, +2.0798e-04, -1.3858e-01, -2.4254e-02, +4.6032e-02, -2.4264e-02, -3.1441e-03, +7.8220e-03, +8.6841e-03, -1.5382e-02, +1.8693e-03, -2.1785e-02, -1.8918e-02, +1.1300e-04, -1.2549e-02, -4.8164e-02, -1.0835e-02, +6.4392e-03, -9.1836e-02, +5.6867e-03, -4.6499e-02, -5.7162e-03, +1.5154e-02, +2.6025e-02, +1.0847e-02, +1.1138e-02, +2.5634e-02, -1.0000e+00, -5.7117e-02, -3.3006e-02, -9.7210e-02, +8.8477e-03, +1.7408e-02, +1.8658e-03, -1.1293e-03, -3.1485e-02, -4.6683e-03, -3.2311e-02, +4.9709e-02, -1.4073e-01, +9.2535e-03, +1.1223e-03
+2.0567e-01, +6.2302e-02, +2.1022e-01, +8.1369e-02, +5.3228e-02, +1.0690e-01, -1.5307e-01, +2.0213e-01, +1.6908e-01, +3.8912e-02, +1.4346e-01, +1.3382e-01, -4.1332e-02, +7.1400e-02, +2.9622e-01, +3.4496e-02, -3.0992e-02, +9.0113e-02, +2.1564e-01, +2.0231e-01, +1.9406e-01, +1.8366e-01, +4.3254e-03, +1.1886e-01, +7.2702e-03, -8.4678e-02, +8.0211e-02, +8.4732e-03, +1.9597e-01, +8.9910e-02, +2.8266e-01, +2.3066e-02, +1.2105e-01, +1.2191e-01, -1.3459e-01, -5.7117e-02, -1.0000e+00, +2.0001e-01, +7.3051e-02, +2.9536e-02, +1.4202e-01, +1.7811e-01, +1.3045e-01, +6.1263e-02, +5.6835e-02, +1.0703e-01, +2.0731e-01, +8.9273e-02, +2.9402e-01, +1.2035e-02
-4.6863e-02, +2.5329e-02, -7.6780e-02, -9.7214e-02, +4.0220e-02, -1.9244e-01, -4.9043e-02, -4.8219e-02, +2.9571e-02, +3.7368e-02, -7.3355e-02, +4.6105e-02, +4.2946e-02, +1.2673e-01, -1.2593e-01, -5.7237e-02, +3.9413e-04, -7.0328e-02, -1.9163e-02, -2.3265e-02, -1.7459e-02, -1.7795e-01, -5.1190e-02, -1.0615e-01, -7.9067e-02, -1.2168e-01, -7.8516e-02, -1.1825e-01, -1.5676e-01, -1.4256e-01, -2.3324e-01, +3.8870e-02, -4.2283e-02, -6.7304e-02, +9.4415e-02, -3.3006e-02, +2.0001e-01, -1.0000e+00, -7.5651e-02, +1.0344e-02, -3.2709e-03, -1.6373e-01, +1.7448e-02, -3.8736e-02, -4.5239e-02, +4.2808e-02, -1.9675e-01, +1.1636e-01, -2.3110e-03, +3.3560e-02
-9.2164e-02, +1.4022e-02, -1.0212e-01, -8.2215e-02, -6.1874e-02, -3.7653e-02, -6.7960e-02, -6.5623e-02, -4.4044e-03, +2.3421e-02, -1.6529e-02, -1.3090e-01, +6.1455e-02, -7.9652e-02, +2.0319e-02, +2.5743e-02, +1.0059e-01, -2.9603e-02, -6.4144e-02, -1.5929e-01, +3.8303e-02, +7.4150e-03, +6.6536e-02, -2.9097e-02, -4.5313e-02, +2.4792e-02, -1.2614e-01, +3.3673e-03, +1.7104e-02, +3.5922e-02, -9.9973e-02, +3.8019e-02, -3.4330e-02, +2.0757e-02, +1.7300e-02, -9.7210e-02, +7.3051e-02, -7.5651e-02, -1.0000e+00, -4.7259e-02, -8.3177e-02, -1.0303e-01, +2.4182e-02, +9.8567e-03, -1.2336e-01, +2.3571e-02, -6.5209e-02, -2.2819e-03, +1.5351e-02, +1.0340e-01
-6.6439e-03, -8.1077e-03, +3.6961e-02, -2.9792e-02, -1.5945e-03, +8.4919e-03, -4.4944e-02, +4.2390e-02, +2.4953e-02, +2.8553e-02, +4.9001e-02, +1.1731e-01, -1.3216e-01, -6.8271e-03, +1.0799e-03, +1.0157e-02, -1.0054e-02, +3.8512e-02, +5.3895e-02, -2.7050e-02, -2.4609e-02, -2.0970e-02, -4.4083e-04, +1.3605e-02, +6.7539e-02, +3.8712e-02, +6.4907e-02, -4.1574e-02, +5.9329e-02, -1.9559e-02, +2.4852e-02, +7.5573e-03, -3.7966e-03, +8.8042e-02, -1.3463e-02, +8.8476e-03, +2.9536e-02, +1.0344e-02, -4.7259e-02, -1.0000e+00, -5.4955e-03, +3.7351e-02, -9.8708e-04, -6.1077e-03, +3.5951e-02, +7.7448e-04, +4.3065e-02, -8.0955e-03, -1.3725e-02, -2.4236e-02
-3.8991e-02, -1.0110e-01, -1.0422e-01, -8.1025e-03, -3.9852e-02, -8.3432e-02, -1.1180e-01, +1.4011e-02, +2.0504e-02, +7.4252e-02, -8.5368e-02, -4.6600e-02, -1.3480e-02, -5.8547e-02, -1.1485e-01, +4.2832e-02, +8.3728e-03, -6.6460e-02, -1.5031e-01, -2.9038e-02, -4.6083e-02, +1.6791e-01, +3.8142e-02, -4.9366e-02, -4.2530e-02, +7.7087e-02, -9.8090e-02, -4.1874e-02, -1.0054e-01, +1.6015e-02, -3.2459e-01, +2.2243e-02, -2.5337e-02, +1.7429e-02, -1.0058e-02, +1.7408e-02, +1.4202e-01, -3.2709e-03, -8.3177e-02, -5.4955e-03, -1.0000e+00, -8.3246e-02, -1.4672e-01, -2.2090e-02, -3.7496e-02, +3.4588e-02, -1.8373e-01, +3.5736e-02, +8.6669e-03, +4.6657e-02
-1.2725e-01, +4.6112e-02, -4.3234e-02, -1.2613e-01, -1.7548e-01, -1.7890e-01, -1.0621e-01, -1.7843e-01, -1.9373e-01, -5.5107e-02, -1.5489e-01, -7.6785e-02, -8.4808e-02, +5.5642e-03, -1.3303e-01, +3.8961e-02, +1.1461e-01, -1.6131e-01, -1.0844e-01, +3.5939e-02, +2.3329e-01, -1.2397e-01, +1.2256e-01, -1.0329e-01, -6.0653e-02, +7.3755e-03, -1.2472e-01, -6.4604e-02, -5.4009e-02, -9.6852e-03, -2.4292e-01, +3.9474e-02, +4.6227e-02, +8.1030e-02, +2.7954e-02, +1.8658e-03, +1.7811e-01, -1.6373e-01, -1.0303e-01, +3.7351e-02, -8.3246e-02, -1.0000e+00, +1.9586e-01, +1.8533e-02, +2.0577e-02, -1.6726e-01, -1.5733e-01, +1.9653e-01, +4.5592e-02, -6.9211e-03
+2.8332e-02, +7.7318e-03, -9.5137e-02, +7.7545e-02, +2.0365e-01, +1.3255e-01, +1.0176e-01, +7.7268e-02, +9.4167e-02, -4.3516e-03, -6.2102e-02, +3.0820e-02, -6.7940e-02, +1.0738e-02, -8.2422e-02, +6.9459e-03, -3.8078e-03, -2.1084e-02, +5.9304e-02, +2.3268e-02, +3.4042e-02, +1.4840e-02, -4.8254e-02, +7.9306e-02, +5.0843e-02, +3.5957e-02, +5.1658e-02, -6.9185e-02, -8.1996e-02, -2.8700e-02, +4.0850e-02, -9.0874e-03, +3.6663e-03, -3.5990e-02, -5.4371e-02, -1.1293e-03, +1.3045e-01, +1.7448e-02, +2.4182e-02, -9.8708e-04, -1.4672e-01, +1.9586e-01, -1.0000e+00, -6.5993e-02, -3.8783e-03, +3.1099e-02, +7.5426e-02, +8.5928e-02, -8.6745e-02, +3.9388e-02
+4.8799e-02, +2.4620e-02, -3.0184e-02, -1.8630e-02, -2.2434e-02, -5.9717e-02, +2.0359e-02, -1.6948e-02, +4.7846e-02, -2.9662e-02, +1.1387e-02, +1.9521e-02, -2.7021e-03, -1.2349e-02, -3.0602e-02, -2.2087e-02, -2.0477e-02, +9.5564e-03, -3.5388e-02, +1.3446e-02, -1.3295e-01, +2.0778e-02, -3.8588e-02, +6.6273e-02, +2.1115e-02, -1.1974e-02, -5.5489e-02, -4.6256e-02, -7.3441e-02, +7.0877e-02, -5.7701e-02, +4.9983e-02, -7.0698e-03, +8.4058e-02, +9.9643e-03, -3.1485e-02, +6.1263e-02, -3.8736e-02, +9.8567e-03, -6.1077e-03, -2.2090e-02, +1.8533e-02, -6.5993e-02, -1.0000e+00, +8.4280e-03, -8.2956e-02, +4.9189e-02, +2.0056e-02, -6.3484e-03, +4.2745e-02
+5.4282e-02, -8.3702e-03, -8.0730e-02, -1.1166e-01, -1.5980e-01, -4.4761e-02, -2.0137e-02, +1.2576e-02, +4.1737e-02, +1.1398e-01, +1.0895e-02, -7.7584e-02, -1.6043e-01, +4.5143e-02, -1.1181e-01, +4.1421e-02, +1.0502e-01, -5.6900e-02, -8.4655e-03, -5.4695e-02, -7.2940e-02, -1.5127e-01, +8.6252e-02, -2.6947e-02, -1.1976e-01, -6.9092e-02, -1.0232e-01, -9.0502e-02, -1.4505e-01, -6.5682e-02, -1.1136e-01, +1.1031e-01, -5.3074e-02, -3.7745e-02, -8.0513e-02, -4.6683e-03, +5.6835e-02, -4.5239e-02, -1.2336e-01, +3.5951e-02, -3.7496e-02, +2.0577e-02, -3.8783e-03, +8.4280e-03, -1.0000e+00, +4.1802e-02, -1.4095e-01, +7.0175e-02, +1.4153e-01, +1.1064e-01
-4.5673e-02, -3.7835e-02, -1.0582e-01, +3.9537e-03, +1.8431e-03, -7.3449e-02, -2.6937e-02, -3.7259e-02, -1.4813e-01, +8.1715e-02, -7.0484e-02, +1.5003e-01, -1.1454e-01, -4.2490e-02, +1.1398e-02, -2.8468e-02, +2.4853e-01, -3.2534e-02, +2.3646e-02, -4.6397e-02, +4.8008e-02, -5.2432e-02, -1.0016e-01, +5.1980e-03, +1.3165e-02, +5.0107e-02, -1.2593e-02, +4.6524e-02, +9.5321e-03, +3.1499e-01, -7.5505e-02, -1.2340e-01, +2.1400e-02, +7.2407e-02, +1.6325e-02, -3.2311e-02, +1.0703e-01, +4.2808e-02, +2.3571e-02, +7.7447e-04, +3.4588e-02, -1.6726e-01, +3.1099e-02, -8.2956e-02, +4.1802e-02, -1.0000e+00, -1.0884e-01, +4.2901e-02, -3.7025e-02, -7.0230e-03
-8.7885e-02, +9.7094e-03, -6.0631e-02, -1.2553e-01, -1.4115e-01, -2.7404e-01, -1.4295e-01, +3.8077e-02, -5.2763e-02, +7.3554e-02, -1.9818e-01, -7.6031e-03, -1.5184e-01, -1.3531e-01, -2.3337e-01, +2.3024e-02, -1.8715e-02, -1.5122e-01, -1.5145e-01, -3.7539e-02, -2.6944e-03, -1.4479e-02, +3.9580e-02, -1.0220e-01, -1.3036e-01, +1.6764e-02, -1.7722e-01, -9.3977e-02, -2.2548e-01, +1.5368e-01, -4.7863e-01, -5.7895e-02, -8.0401e-02, -2.7351e-02, -2.3522e-02, +4.9709e-02, +2.0731e-01, -1.9675e-01, -6.5209e-02, +4.3065e-02, -1.8373e-01, -1.5733e-01, +7.5426e-02, +4.9189e-02, -1.4095e-01, -1.0884e-01, -1.0000e+00, +1.0771e-01, +3.5285e-02, +3.2194e-02
+1.9260e-01, -7.9946e-02, +3.7558e-02, +1.2829e-01, +1.7340e-01, +1.8615e-01, -2.8437e-02, -4.3914e-02, +3.8634e-01, -2.5376e-02, +1.7940e-01, +2.2657e-01, -3.9052e-02, -3.5743e-02, +1.3612e-01, +6.2828e-02, -6.3915e-03, +5.4019e-02, -3.0866e-02, +1.2308e-01, +9.7181e-02, +1.1341e-01, -2.8862e-03, +8.1142e-03, +8.2089e-02, -1.5282e-01, -2.9602e-02, +1.0857e-01, +7.0021e-02, +3.2537e-02, +5.6768e-02, -4.6570e-03, +6.6941e-02, +8.1501e-03, -7.0066e-02, -1.4073e-01, +8.9273e-02, +1.1636e-01, -2.2819e-03, -8.0955e-03, +3.5736e-02, +1.9653e-01, +8.5928e-02, +2.0056e-02, +7.0175e-02, +4.2901e-02, +1.0771e-01, -1.0000e+00, -1.9347e-01, +4.1194e-02
+4.4810e-02, +1.8148e-03, -3.4452e-02, -9.2412e-04, +7.2671e-02, -5.3682e-03, -1.4338e-01, +4.6763e-02, +4.2681e-02, -5.2800e-03, +6.0249e-02, +1.3687e-01, +1.7911e-01, -1.2677e-01, +4.5505e-02, -5.7100e-02, -1.3162e-01, -1.0391e-02, +8.0352e-03, -1.2124e-01, -1.3223e-01, -1.9204e-01, -4.1485e-02, -1.2162e-02, +1.2090e-01, -1.2262e-01, +5.3408e-02, +4.4646e-02, +6.0648e-02, -2.6626e-02, -1.9025e-03, -4.7893e-02, -1.4087e-02, -1.0022e-01, +5.5254e-02, +9.2535e-03, +2.9402e-01, -2.3110e-03, +1.5351e-02, -1.3725e-02, +8.6669e-03, +4.5592e-02, -8.6745e-02, -6.3484e-03, +1.4153e-01, -3.7025e-02, +3.5285e-02, -1.9347e-01, -1.0000e+00, +2.8599e-02
+3.9976e-02, -1.0992e-02, +1.8659e-01, +5.2540e-02, +8.2733e-02, +4.2295e-02, +2.5208e-02, +6.2803e-02, +1.8084e-01, +3.8816e-02, +1.3108e-01, +7.8497e-02, -1.9946e-03, -1.9350e-02, +1.1258e-01, +5.3623e-02, +2.1488e-02, +1.1807e-03, -8.7148e-02, +2.9671e-02, +3.7726e-02, +3.2976e-02, +1.1434e-02, +7.8513e-02, +6.4850e-02, +8.7209e-02, -2.5588e-02, -4.0338e-02, -2.0362e-02, +2.0310e-02, +2.7552e-02, +4.7113e-02, +2.5700e-02, -1.1586e-01, -4.4780e-02, +1.1223e-03, +1.2035e-02, +3.3560e-02, +1.0340e-01, -2.4236e-02, +4.6657e-02, -6.9211e-03, +3.9388e-02, +4.2745e-02, +1.1064e-01, -7.0230e-03, +3.2194e-02, +4.1194e-02, +2.8599e-02, -1.0000e+00
