-1.0000e+00, +2.5483e-02, +5.9267e-02, -2.6269e-02, +3.2144e-02, -8.5813e-02, +6.5241e-03, -8.8982e-02, -8.9349e-02, +3.4518e-02, -7.9675e-02, -1.8432e-02, +1.5746e-02, -6.5078e-02, +3.8639e-02, -8.0830e-02, +2.9507e-02, -5.1927e-02, +3.5156e-02, +1.1259e-02, +1.4893e-02, -1.7576e-02, +5.0440e-02, -6.8360e-03, +4.2901e-02, -7.0556e-02, +7.5949e-02, -5.8737e-02, -4.6464e-02, -5.0709e-03, -6.8192e-02, -5.0754e-02, -7.3899e-02, +3.3335e-02, +1.8196e-02, -5.1284e-02, +2.1001e-01, -4.6859e-02, -2.6164e-02, -2.6919e-03, -1.8264e-02, +5.2689e-02, -1.9753e-02, -3.5988e-03, +5.1226e-02, -4.7202e-03, -5.5767e-02, +5.6215e-02, +2.9785e-02, +1.4026e-02
+2.5483e-02, -1.0000e+00, -4.5369e-02, -5.7346e-02, -2.4998e-02, +4.6050e-02, +1.0603e-01, +1.7335e-01, -5.8541e-02, +5.3283e-02, +3.3886e-02, -2.4681e-02, +2.3516e-01, +8.0101e-02, +8.6846e-02, -3.9938e-02, +2.5747e-02, +4.2757e-02, -3.4145e-02, -4.6568e-02, +1.4784e-02, +5.0627e-02, +3.3112e-02, +3.4962e-03, -6.5429e-02, +2.1872e-02, +4.5882e-03, +6.7645e-02, +3.9852e-02, -4.0083e-02, +1.7915e-02, +3.9402e-02, +7.2836e-02, -1.6897e-01, +3.2140e-02, -5.5096e-02, -1.8088e-01, -6.9192e-02, -5.5458e-03, -1.3631e-02, +5.6821e-02, +2.1230e-02, -9.1726e-02, +5.6095e-02, +3.9538e-02, -4.0074e-02, -3.8311e-02, -7.3570e-03, -1.0589e-02, +1.0077e-02
+5.9267e-02, -4.5369e-02, -1.0000e+00, -3.2322e-02, +5.0840e-02, -6.6144e-02, -4.1613e-02, +1.6199e-02, -4.2820e-02, +8.5020e-02, -3.5665e-02, +2.0328e-02, -5.7314e-02, +1.5754e-03, +2.6620e-03, +4.3188e-02, +5.8262e-02, +5.5648e-02, -9.3988e-02, +1.2492e-01, -1.7429e-03, +4.7372e-02, +6.2923e-02, +3.1087e-02, +2.6791e-02, +2.3813e-02, -5.0702e-02, -8.3874e-03, +5.6035e-02, -4.7797e-02, +2.9258e-02, +2.2453e-02, +1.7922e-02, -1.1530e-01, +4.6040e-02, -7.4704e-02, -1.7316e-01, -5.5390e-02, -2.8924e-02, +5.8048e-03, +1.8058e-02, -4.6160e-02, +1.2219e-02, -6.4187e-02, -4.0222e-02, -3.5619e-02, -1.0622e-01, -1.8594e-02, -1.4400e-02, -8.0029e-03
-2.6269e-02, -5.7346e-02, -3.2322e-02, -1.0000e+00, +3.0316e-02, -6.0998e-02, +3.8136e-02, -1.3731e-03, -2.3854e-02, +6.0647e-02, -1.4366e-01, -1.0508e-01, -4.4101e-02, -3.7009e-03, +5.7373e-02, +2.4034e-02, +7.8725e-02, -1.0118e-04, -1.7526e-02, +8.8682e-02, -9.6939e-02, +4.0637e-02, +4.2492e-02, -6.3816e-02, -1.0093e-01, -1.7430e-01, -6.5958e-02, -1.5102e-01, -1.0818e-01, -7.8722e-02, -5.0126e-02, -1.8780e-02, +1.3012e-02, -3.2841e-02, -6.0543e-02, -4.5029e-03, -2.9994e-02, -4.0910e-02, -1.0339e-01, -1.5374e-03, -4.8439e-02, -9.1373e-03, -8.9690e-02, -8.0969e-03, -8.3197e-03, -5.8582e-02, -1.4223e-01, +4.5538e-02, +2.0979e-02, +4.0970e-02
+3.2144e-02, -2.4998e-02, +5.0840e-02, +3.0316e-02, -1.0000e+00, -1.1748e-01, -2.6262e-02, +5.8593e-02, -4.7855e-03, +2.8416e-02, -3.4231e-03, +1.4155e-02, +2.3005e-02, +3.6034e-02, -1.1099e-01, -9.9466e-03, +4.6117e-02, -7.8028e-02, -4.4210e-02, -4.9263e-03, -7.1768e-02, +9.0905e-02, +7.1711e-04, -1.8007e-01, +8.7061e-02, -8.5920e-02, -2.6850e-02, -7.3068e-02, -1.7150e-01, -1.0838e-01, -5.3848e-03, +7.4544e-02, -3.3383e-02, +7.8756e-02, -1.1537e-01, -3.2645e-02, +4.8705e-02, -1.1139e-01, -8.4558e-02, -6.4168e-02, +4.9026e-02, +3.9126e-02, -1.1334e-01, -3.4993e-02, +1.0555e-02, -1.1971e-01, -1.6697e-02, +4.4267e-01, +2.5063e-02, +4.4478e-02
-8.5813e-02, +4.6050e-02, -6.6144e-02, -6.0998e-02, -1.1748e-01, -1.0000e+00, +1.5819e-02, -6.3178e-02, -1.6363e-02, +7.1183e-02, -1.9103e-01, -2.7042e-02, -4.0908e-02, -2.9605e-02, -1.1580e-01, -6.7650e-02, +4.9160e-02, -1.2773e-01, -8.1842e-02, -5.9129e-02, -7.9293e-02, +1.4019e-02, +1.9394e-03, +2.1293e-02, -2.0879e-02, -4.8697e-02, -2.4484e-03, -1.3751e-01, -1.2133e-01, -1.1540e-01, -1.7672e-01, +4.9207e-02, -7.2004e-02, +1.7719e-02, -3.9840e-02, -7.0577e-02, +1.6436e-01, -8.2852e-02, -8.3163e-02, -4.5712e-03, +1.9277e-02, +1.3747e-02, -9.3118e-03, +2.8805e-02, -1.1260e-02, +1.2152e-02, -2.4274e-01, +1.4743e-01, -1.0699e-01, -5.7811e-02
+6.5241e-03, +1.0603e-01, -4.1613e-02, +3.8136e-02, -2.6262e-02, +1.5819e-02, -1.0000e+00, -4.3500e-02, +2.7025e-02, +2.4409e-02, -2.6203e-02, -1.5973e-01, -6.1603e-02, -6.6172e-02, -1.3446e-01, -9.0640e-03, +7.6187e-02, -4.2344e-02, -5.5392e-02, +8.7568e-03, -4.9545e-02, +2.3543e-02, +6.3417e-02, -9.1422e-02, +5.4576e-02, -1.0699e-02, -5.1841e-02, -2.1453e-02, -5.4082e-02, -1.5065e-02, +1.0408e-02, +4.4900e-02, +3.1680e-02, -6.6136e-03, +4.3010e-02, +1.7516e-02, +1.1415e-01, +6.7407e-02, -1.3299e-03, -4.8256e-02, -8.0008e-02, +4.4302e-03, +5.1307e-02, +9.4407e-02, -9.0500e-02, -7.6372e-02, -2.7303e-02, -2.2108e-02, -3.3350e-02, +1.0678e-02
-8.8982e-02, +1.7335e-01, +1.6199e-02, -1.3731e-03, +5.8593e-02, -6.3178e-02, -4.3500e-02, -1.0000e+00, +4.1772e-02, +3.4630e-02, -5.0596e-02, -5.3529e-02, -1.2810e-01, +8.0253e-02, -2.8960e-02, -2.4877e-02, +5.2199e-02, +2.9026e-02, -2.3768e-02, +6.1731e-02, +3.5702e-02, +5.6956e-03, +4.5680e-02, -4.2929e-03, -9.4321e-02, +4.3293e-02, -8.0804e-02, -9.1051e-02, +7.8429e-03, -8.6202e-03, -5.9226e-02, +4.3274e-03, +3.2110e-02, -1.4978e-02, +8.5891e-03, +4.7609e-02, +7.6241e-02, -5.5908e-02, +1.6275e-02, -1.7664e-02, -3.9395e-02, -8.9915e-03, +1.0173e-02, -4.0713e-02, -7.6436e-02, +4.5607e-02, -4.9622e-02, -6.8424e-02, -1.5161e-02, -5.6111e-02
-8.9349e-02, -5.8541e-02, -4.2820e-02, -2.3854e-02, -4.7855e-03, -1.6363e-02, +2.7025e-02, +4.1772e-02, -1.0000e+00, +2.1667e-02, +3.8231e-02, +1.0465e-01, -1.4376e-02, -1.2414e-01, +3.0554e-02, -9.0745e-03, -1.9317e-02, -3.0908e-02, +8.6801e-02, -2.7876e-02, +3.5415e-02, +5.8651e-02, -8.5048e-03, +3.1349e-02, -5.3545e-02, +4.9837e-02, +3.9206e-02, -2.7210e-02, +4.2373e-02, -3.6244e-02, -4.4930e-03, +2.9184e-03, +2.3733e-02, +1.1476e-01, +3.4249e-02, +3.8856e-02, +5.4850e-02, +1.0855e-02, +3.5996e-02, -2.6257e-02, +6.5583e-02, -1.8149e-02, +5.1695e-02, +6.9231e-03, +2.0741e-02, -4.3370e-03, +3.6130e-02, +6.1115e-03, -4.2683e-02, +2.3731e-02
+3.4518e-02, +5.3283e-02, +8.5020e-02, +6.0647e-02, +2.8416e-02, +7.1183e-02, +2.4409e-02, +3.4630e-02, +2.1667e-02, -1.0000e+00, -6.6123e-02, +6.5235e-02, +8.2429e-02, +1.8734e-02, +8.3224e-02, -1.7582e-02, +8.2550e-02, +2.5207e-01, +1.0135e-02, -1.0979e-01, -2.7773e-02, +4.2284e-02, +1.2842e-01, -1.3126e-01, +3.6917e-02, +6.2132e-02, -2.1621e-02, +5.6469e-02, +3.9940e-02, +1.7675e-03, -2.5018e-02, -4.9358e-02, +1.9789e-02, -8.4099e-03, +2.1109e-02, +2.6327e-02, +3.2738e-02, +1.4840e-01, +5.3398e-02, -8.5762e-03, +5.5428e-02, -6.4438e-03, -2.7553e-02, -1.2968e-01, +1.2745e-01, +4.5587e-02, +9.2104e-02, -1.0095e-01, -2.0165e-02, +6.3937e-02
-7.9675e-02, +3.3886e-02, -3.5665e-02, -1.4366e-01, -3.4232e-03, -1.9103e-01, -2.6203e-02, -5.0596e-02, +3.8231e-02, -6.6123e-02, -1.0000e+00, -3.7217e-02, -8.7519e-02, +3.0217e-03, -1.9237e-01, -5.7324e-02, +3.5271e-02, -2.8674e-02, -1.7687e-01, -4.3251e-02, -1.2341e-01, -3.2932e-02, +1.2439e-01, +8.0690e-03, +2.1887e-03, -2.2991e-01, -1.3643e-01, -1.2829e-01, -1.7735e-01, -9.8761e-02, -1.7948e-01, +1.4517e-02, -6.1595e-02, +3.6446e-02, -8.7448e-02, -1.1901e-02, +3.1051e-01, -8.9388e-02, -6.4064e-02, -4.6138e-02, -1.1022e-01, -1.0365e-02, -6.4749e-03, +6.4795e-02, -9.5253e-02, +8.5639e-03, -2.0918e-01, +3.2243e-02, -1.6607e-02, +3.6630e-02
-1.8432e-02, -2.4681e-02, +2.0328e-02, -1.0508e-01, +1.4155e-02, -2.7042e-02, -1.5973e-01, -5.3529e-02, +1.0465e-01, +6.5235e-02, -3.7217e-02, -1.0000e+00, -9.0830e-02, -6.3505e-02, -4.1298e-02, +4.0535e-02, +1.0630e-01, -8.6005e-03, -5.4605e-02, -2.6985e-02, +1.9017e-02, -3.7169e-02, +1.0224e-01, -7.1292e-02, -5.5824e-03, -1.2434e-01, -3.0705e-02, +7.7501e-03, -6.4702e-03, -9.7849e-03, +4.7054e-03, +3.8457e-02, -1.8735e-02, -1.0536e-01, -5.1970e-03, -3.2478e-02, +1.3164e-02, +2.7041e-04, -3.4260e-02, +8.6479e-02, -3.0725e-02, -2.6392e-02, +1.2845e-02, +8.7498e-02, -1.0959e-01, +1.4034e-02, -3.2030e-02, -1.0868e-01, -2.3979e-02, -8.0036e-02
+1.5746e-02, +2.3516e-01, -5.7314e-02, -4.4101e-02, +2.3005e-02, -4.0908e-02, -6.1603e-02, -1.2810e-01, -1.4376e-02, +8.2429e-02, -8.7519e-02, -9.0830e-02, -1.0000e+00, +6.3617e-03, -1.6994e-01, +1.3086e-01, +4.6687e-02, +3.2615e-03, -1.2316e-01, +1.1687e-01, -9.6069e-02, +1.3150e-02, +1.1196e-01, -7.1451e-02, -5.5919e-03, -2.5330e-01, -1.1628e-01, -7.8743e-02, -1.9724e-02, -1.5304e-02, +1.4617e-02, +3.4467e-02, +9.0221e-05, -9.0256e-02, +2.2169e-03, +5.0885e-02, +7.0741e-02, +1.0295e-01, +2.7715e-02, +3.7108e-02, -5.8026e-02, -6.2095e-02, +1.7324e-01, +1.8745e-03, -1.8278e-01, +6.7044e-03, -1.8615e-02, -2.7569e-01, -4.9857e-02, +1.5196e-02
-6.5078e-02, +8.0101e-02, +1.5754e-03, -3.7009e-03, +3.6034e-02, -2.9605e-02, -6.6172e-02, +8.0253e-02, -1.2414e-01, +1.8734e-02, +3.0217e-03, -6.3505e-02, +6.3617e-03, -1.0000e+00, -8.0624e-03, +4.4894e-02, +2.5487e-01, -6.3707e-02, -4.3442e-02, -1.1650e-01, +8.8682e-02, +7.2432e-02, +1.1983e-01, +4.7522e-03, +2.4492e-03, +2.8238e-02, -2.4954e-03, -1.1818e-01, -1.0657e-01, -6.0322e-02, -9.5084e-04, -6.6231e-02, -1.4047e-01, +1.2126e-02, -3.2069e-02, -1.5846e-01, +2.1884e-01, +7.9603e-02, -2.5918e-03, -4.0052e-02, +3.5561e-02, -5.9563e-03, +1.4077e-01, +1.1838e-01, -3.6519e-02, -3.0220e-02, +6.3671e-03, -1.2322e-02, +7.5279e-03, +1.9398e-03
+3.8639e-02, +8.6846e-02, +2.6620e-03, +5.7373e-02, -1.1099e-01, -1.1580e-01, -1.3446e-01, -2.8960e-02, +3.0554e-02, +8.3224e-02, -1.9237e-01, -4.1298e-02, -1.6994e-01, -8.0624e-03, -1.0000e+00, +3.3264e-02, -3.8284e-02, -2.7130e-02, -1.5171e-01, -1.1908e-01, -9.0017e-02, -1.0123e-01, -4.6540e-02, -9.6233e-02, -3.3374e-03, -9.1484e-02, -8.7640e-02, -1.1972e-01, -1.9053e-01, -2.3949e-02, -1.3897e-01, +3.9501e-02, -1.0032e-01, -2.5602e-03, -7.7714e-02, -6.1123e-02, +3.3976e-01, +7.5361e-02, -6.0152e-02, -8.8910e-02, -2.5118e-02, +3.2189e-02, +3.9803e-03, +4.0359e-02, -1.0175e-01, -6.3884e-02, -3.4632e-02, +6.4801e-02, +5.4566e-03, +3.0476e-02
-8.0830e-02, -3.9938e-02, +4.3188e-02, +2.4034e-02, -9.9466e-03, -6.7650e-02, -9.0640e-03, -2.4877e-02, -9.0745e-03, -1.7582e-02, -5.7324e-02, +4.0535e-02, +1.3086e-01, +4.4894e-02, +3.3264e-02, -1.0000e+00, +1.1231e-03, +2.0905e-01, +1.7927e-02, +1.1260e-01, +3.5376e-01, -1.1737e-01, -6.0141e-02, -3.7821e-02, +4.4886e-02, +1.3102e-01, +8.7369e-03, +1.5554e-04, +2.5437e-02, -3.4422e-02, -2.9240e-02, +4.7934e-02, -4.1678e-02, -2.9011e-02, -3.4714e-02, -7.0614e-02, +1.0351e-02, -3.0056e-01, +2.0951e-02, +1.9610e-01, -6.0067e-02, -6.9741e-04, -1.2946e-01, +4.0279e-02, +8.6789e-02, -3.9345e-02, -1.6097e-02, -8.7246e-02, +3.7020e-02, -7.6585e-02
+2.9507e-02, +2.5747e-02, +5.8262e-02, +7.8725e-02, +4.6117e-02, +4.9160e-02, +7.6187e-02, +5.2199e-02, -1.9317e-02, +8.2550e-02, +3.5271e-02, +1.0630e-01, +4.6687e-02, +2.5487e-01, -3.8284e-02, +1.1231e-03, -1.0000e+00, +6.6330e-02, +9.2903e-02, -1.1002e-01, -3.2205e-02, -1.0323e-01, +1.0137e-01, +1.2272e-01, +4.5303e-02, -8.2548e-03, +5.6456e-02, +3.9512e-02, +5.4071e-02, +8.6708e-03, +8.3629e-02, -4.2387e-02, -4.0861e-02, +1.9964e-02, -3.6525e-02, +8.3656e-02, -4.1116e-02, +3.5650e-02, +5.5171e-02, -6.1567e-04, +2.5034e-02, +3.0089e-02, -6.3321e-02, -1.1884e-01, +1.7565e-01, +5.2968e-02, +1.8209e-03, -7.6150e-02, -1.7191e-02, +4.4037e-02
-5.1927e-02, +4.2757e-02, +5.5648e-02, -1.0119e-04, -7.8028e-02, -1.2773e-01, -4.2344e-02, +2.9026e-02, -3.0908e-02, +2.5207e-01, -2.8674e-02, -8.6005e-03, +3.2615e-03, -6.3707e-02, -2.7130e-02, +2.0905e-01, +6.6330e-02, -1.0000e+00, +6.8108e-02, -1.5735e-01, -2.5011e-01, +4.4616e-02, +1.7887e-01, -1.2201e-02, -7.9622e-02, -1.1718e-01, +5.9746e-02, -7.2068e-02, -1.2848e-01, -2.9392e-02, -8.8782e-02, -7.1100e-03, -5.6319e-03, +1.7577e-01, -6.7037e-03, -1.6296e-01, +1.1728e-01, +1.5150e-01, -2.5401e-03, +6.7512e-02, -3.2101e-03, +6.5737e-02, +1.1234e-02, +7.6548e-02, -1.5063e-01, -5.2747e-02, -3.9340e-02, +4.4825e-01, -1.4543e-01, -5.2138e-03
+3.5156e-02, -3.4145e-02, -9.3988e-02, -1.7526e-02, -4.4210e-02, -8.1842e-02, -5.5392e-02, -2.3768e-02, +8.6801e-02, +1.0135e-02, -1.7687e-01, -5.4605e-02, -1.2316e-01, -4.3442e-02, -1.5171e-01, +1.7927e-02, +9.2903e-02, +6.8108e-02, -1.0000e+00, -5.0319e-02, -1.3061e-01, +4.3133e-02, +6.9784e-02, -9.9089e-02, +2.2918e-02, -1.6255e-01, -1.0882e-01, -5.3625e-02, -1.1163e-02, -8.0239e-02, -9.6386e-02, +1.2038e-03, -4.7276e-02, -8.2094e-02, +2.0032e-02, +7.1923e-02, +1.5184e-01, -6.2519e-02, -8.2946e-02, -2.9306e-02, -6.7250e-02, +2.0690e-03, -3.6751e-02, +9.2116e-02, -9.3027e-02, -7.4568e-02, -1.1423e-01, +3.6860e-03, +2.5212e-03, +2.7468e-02
+1.1259e-02, -4.6568e-02, +1.2492e-01, +8.8682e-02, -4.9264e-03, -5.9129e-02, +8.7568e-03, +6.1731e-02, -2.7876e-02, -1.0979e-01, -4.3251e-02, -2.6985e-02, +1.1687e-01, -1.1650e-01, -1.1908e-01, +1.1260e-01, -1.1002e-01, -1.5735e-01, -5.0319e-02, -1.0000e+00, -3.0461e-01, -5.7729e-03, -1.0224e-01, -3.9267e-02, +1.2831e-02, -2.0131e-02, -8.5542e-02, -1.1451e-01, -4.6645e-02, -3.2923e-02, -5.8788e-02, -8.9116e-02, -4.9412e-02, -7.6425e-02, -1.7432e-02, -8.9272e-02, +1.5925e-01, +9.3635e-02, -1.8124e-02, -1.7736e-01, +3.9966e-02, +5.5947e-02, -3.6958e-01, +2.1330e-01, -1.6934e-01, +1.0113e-01, -6.5204e-02, +1.5263e-01, -8.5662e-02, -7.9540e-02
+1.4893e-02, +1.4784e-02, -1.7429e-03, -9.6939e-02, -7.1769e-02, -7.9293e-02, -4.9545e-02, +3.5702e-02, +3.5415e-02, -2.7773e-02, -1.2341e-01, +1.9017e-02, -9.6069e-02, +8.8682e-02, -9.0017e-02, +3.5376e-01, -3.2205e-02, -2.5011e-01, -1.3061e-01, -3.0461e-01, -1.0000e+00, +3.2336e-01, -1.0321e-01, -8.1917e-02, -5.6627e-02, -1.6890e-01, -1.0675e-01, -8.2794e-02, -1.0185e-01, -7.4504e-02, -1.9842e-01, +4.3424e-02, +1.5647e-01, +1.0003e-01, +5.4653e-02, +1.4237e-01, +8.9138e-02, +1.6543e-01, -4.6853e-02, +7.4881e-03, -1.2293e-02, +1.2566e-02, -2.4082e-01, -9.2674e-02, -6.7682e-02, -1.4819e-01, -1.3692e-01, +2.3559e-01, +5.3696e-02, +1.2481e-01
-1.7576e-02, +5.0627e-02, +4.7372e-02, +4.0637e-02, +9.0905e-02, +1.4019e-02, +2.3543e-02, +5.6956e-03, +5.8651e-02, +4.2284e-02, -3.2932e-02, -3.7169e-02, +1.3150e-02, +7.2432e-02, -1.0123e-01, -1.1737e-01, -1.0323e-01, +4.4616e-02, +4.3133e-02, -5.7729e-03, +3.2336e-01, -1.0000e+00, -6.5411e-02, +2.0970e-02, +4.4270e-02, -9.0231e-02, +2.1199e-02, -1.0555e-02, -3.8926e-02, +7.8453e-02, -2.4315e-02, -4.9575e-02, -1.3010e-01, -4.1349e-02, -3.5998e-02, -2.2582e-01, +2.0104e-01, -4.0992e-03, +6.8224e-03, +4.6662e-02, -1.0216e-01, +6.5356e-02, +9.8285e-02, +1.1863e-01, -8.3707e-02, +1.0128e-01, -1.5903e-03, -5.3830e-02, -2.1426e-01, -8.5417e-02
+5.0440e-02, +3.3112e-02, +6.2923e-02, +4.2492e-02, +7.1712e-04, +1.9394e-03, +6.3417e-02, +4.5680e-02, -8.5048e-03, +1.2842e-01, +1.2439e-01, +1.0224e-01, +1.1196e-01, +1.1983e-01, -4.6540e-02, -6.0141e-02, +1.0137e-01, +1.7887e-01, +6.9784e-02, -1.0224e-01, -1.0321e-01, -6.5411e-02, -1.0000e+00, -7.8676e-03, +7.9232e-02, +4.0560e-02, +7.5062e-03, +6.6728e-02, +8.7832e-02, +1.8497e-02, +3.8198e-02, -3.6973e-02, -1.4549e-02, -2.0807e-02, -4.2083e-02, -2.7479e-02, -5.4699e-02, +2.2498e-01, +4.6880e-02, -6.2534e-02, -1.3157e-02, -1.4384e-02, -1.2896e-01, +2.6314e-02, +1.7697e-01, -4.9483e-03, -4.2250e-03, -1.7263e-01, -3.8646e-02, +4.2966e-02
-6.8360e-03, +3.4962e-03, +3.1087e-02, -6.3816e-02, -1.8007e-01, +2.1293e-02, -9.1422e-02, -4.2929e-03, +3.1349e-02, -1.3126e-01, +8.0690e-03, -7.1292e-02, -7.1451e-02, +4.7522e-03, -9.6233e-02, -3.7821e-02, +1.2272e-01, -1.2201e-02, -9.9089e-02, -3.9267e-02, -8.1917e-02, +2.0970e-02, -7.8676e-03, -1.0000e+00, +3.3195e-02, -1.7146e-01, -8.2001e-02, +1.1921e-02, -1.0523e-01, -1.7737e-02, -9.1742e-02, +3.2217e-02, +5.0752e-02, -2.4422e-02, -7.4820e-02, -2.0401e-02, +9.6064e-02, -5.2077e-03, -6.2963e-02, -1.1941e-02, -4.9599e-03, +3.8514e-02, -2.3237e-02, +1.2048e-01, -1.3002e-02, -1.3580e-01, -1.3493e-01, +1.3447e-01, +6.7737e-02, -7.9807e-02
+4.2901e-02, -6.5429e-02, +2.6791e-02, -1.0093e-01, +8.7061e-02, -2.0879e-02, +5.4576e-02, -9.4321e-02, -5.3545e-02, +3.6917e-02, +2.1888e-03, -5.5824e-03, -5.5919e-03, +2.4492e-03, -3.3374e-03, +4.4886e-02, +4.5303e-02, -7.9622e-02, +2.2918e-02, +1.2831e-02, -5.6627e-02, +4.4270e-02, +7.9232e-02, +3.3195e-02, -1.0000e+00, +8.6177e-02, -3.8150e-02, +3.6444e-02, +8.7473e-03, -1.5385e-02, -7.1373e-02, +3.4441e-02, +3.9433e-02, -1.0173e-01, +5.7886e-02, -3.1641e-02, -1.1357e-01, +6.1969e-03, -2.5816e-02, +1.0168e-01, -1.3011e-01, -1.3767e-02, +1.7269e-02, +2.1957e-02, -4.8830e-02, +3.1551e-02, -3.9177e-02, -8.0826e-02, +5.0790e-03, +2.9404e-02
-7.0556e-02, +2.1872e-02, +2.3813e-02, -1.7430e-01, -8.5920e-02, -4.8697e-02, -1.0699e-02, +4.3293e-02, +4.9837e-02, +6.2132e-02, -2.2991e-01, -1.2434e-01, -2.5330e-01, +2.8238e-02, -9.1484e-02, +1.3102e-01, -8.2548e-03, -1.1718e-01, -1.6255e-01, -2.0131e-02, -1.6890e-01, -9.0231e-02, +4.0560e-02, -1.7146e-01, +8.6177e-02, -1.0000e+00, -1.3974e-02, -1.6608e-02, -1.7040e-01, -8.3492e-02, -1.3071e-01, +4.5677e-02, -4.5287e-02, -5.0050e-02, -1.2155e-01, -8.8577e-02, +1.7266e-01, +3.0652e-02, -2.3868e-02, -3.1023e-02, -7.2750e-02, +1.9387e-02, -8.6005e-02, +9.3505e-02, -1.1784e-01, +3.9787e-02, -9.2872e-02, +2.0104e-01, -4.7774e-02, -2.5726e-02
+7.5949e-02, +4.5882e-03, -5.0702e-02, -6.5958e-02, -2.6850e-02, -2.4484e-03, -5.1841e-02, -8.0804e-02, +3.9206e-02, -2.1621e-02, -1.3643e-01, -3.0705e-02, -1.1628e-01, -2.4954e-03, -8.7640e-02, +8.7369e-03, +5.6456e-02, +5.9746e-02, -1.0882e-01, -8.5542e-02, -1.0675e-01, +2.1199e-02, +7.5062e-03, -8.2001e-02, -3.8150e-02, -1.3974e-02, -1.0000e+00, -1.0311e-01, -1.7070e-01, -1.7384e-02, -7.1193e-02, +4.4296e-02, +7.6954e-02, -5.2749e-02, -1.1813e-02, +1.7282e-02, +2.6892e-03, -4.7636e-02, -6.1484e-02, -3.8022e-02, -1.0419e-02, -9.9827e-03, +8.4518e-02, +9.1187e-02, -6.7062e-02, -1.8787e-02, -1.7519e-01, -1.2427e-01, +1.6367e-02, +8.0052e-03
-5.8737e-02, +6.7645e-02, -8.3874e-03, -1.5102e-01, -7.3068e-02, -1.3751e-01, -2.1453e-02, -9.1051e-02, -2.7210e-02, +5.6469e-02, -1.2829e-01, +7.7501e-03, -7.8743e-02, -1.1818e-01, -1.1972e-01, +1.5554e-04, +3.9512e-02, -7.2069e-02, -5.3625e-02, -1.1451e-01, -8.2794e-02, -1.0555e-02, +6.6728e-02, +1.1921e-02, +3.6444e-02, -1.6608e-02, -1.0311e-01, -1.0000e+00, -1.0068e-01, +4.1747e-02, -5.2058e-02, +7.7010e-02, -9.7827e-02, -5.7209e-02, -9.6494e-02, +4.1395e-02, +2.2949e-01, -3.3224e-02, -2.9683e-02, -5.5365e-02, -3.8939e-02, +9.9824e-03, -5.4407e-02, +2.0293e-02, -9.0788e-02, +2.0000e-02, -9.1381e-02, +2.5180e-02, -2.3450e-02, -5.9383e-02
-4.6464e-02, +3.9852e-02, +5.6035e-02, -1.0818e-01, -1.7150e-01, -1.2133e-01, -5.4082e-02, +7.8429e-03, +4.2373e-02, +3.9940e-02, -1.7735e-01, -6.4702e-03, -1.9724e-02, -1.0657e-01, -1.9053e-01, +2.5437e-02, +5.4071e-02, -1.2848e-01, -1.1163e-02, -4.6645e-02, -1.0185e-01, -3.8926e-02, +8.7832e-02, -1.0523e-01, +8.7473e-03, -1.7040e-01, -1.7070e-01, -1.0068e-01, -1.0000e+00, -9.7047e-02, -1.5268e-01, +9.0989e-02, +3.8275e-03, +1.5664e-02, -9.6945e-02, -7.8650e-02, +2.2485e-01, -2.7552e-02, -1.0832e-01, -6.9065e-02, +3.4428e-02, +1.1124e-02, -3.5220e-02, +7.8262e-03, -2.9132e-02, -5.1648e-02, -9.4821e-02, +2.5409e-01, -6.2076e-03, +2.0273e-02
-5.0709e-03, -4.0083e-02, -4.7797e-02, -7.8722e-02, -1.0838e-01, -1.1540e-01, -1.5065e-02, -8.6202e-03, -3.6244e-02, +1.7674e-03, -9.8761e-02, -9.7849e-03, -1.5304e-02, -6.0322e-02, -2.3949e-02, -3.4422e-02, +8.6708e-03, -2.9392e-02, -8.0239e-02, -3.2923e-02, -7.4504e-02, +7.8453e-02, +1.8497e-02, -1.7737e-02, -1.5385e-02, -8.3492e-02, -1.7384e-02, +4.1747e-02, -9.7047e-02, -1.0000e+00, -2.4458e-02, -2.8954e-02, +5.8294e-03, +1.3428e-02, -4.8729e-03, -4.1437e-02, +2.6338e-02, +8.5579e-03, -3.6843e-02, -5.7064e-02, +1.6822e-02, -3.0806e-03, -5.4845e-02, -2.6306e-02, -1.1400e-02, +4.6993e-02, -2.6527e-02, +1.2532e-01, +2.8859e-02, +1.3805e-02
-6.8192e-02, +1.7915e-02, +2.9258e-02, -5.0126e-02, -5.3848e-03, -1.7672e-01, +1.0408e-02, -5.9226e-02, -4.4931e-03, -2.5018e-02, -1.7948e-01, +4.7054e-03, +1.4617e-02, -9.5084e-04, -1.3897e-01, -2.9240e-02, +8.3629e-02, -8.8782e-02, -9.6386e-02, -5.8788e-02, -1.9842e-01, -2.4315e-02, +3.8198e-02, -9.1742e-02, -7.1373e-02, -1.3071e-01, -7.1193e-02, -5.2058e-02, -1.5268e-01, -2.4458e-02, -1.0000e+00, -3.2208e-03, -4.1337e-02, +2.2369e-02, +6.2652e-02, +1.3270e-02, +2.6431e-01, -1.0384e-01, -8.7113e-02, -3.1488e-02, -1.1845e-01, +2.6634e-02, -1.2810e-02, +6.3704e-02, -9.6352e-04, -1.0235e-02, -1.3256e-01, +1.9634e-01, +9.1966e-03, +3.6023e-02
-5.0754e-02, +3.9402e-02, +2.2453e-02, -1.8780e-02, +7.4544e-02, +4.9207e-02, +4.4900e-02, +4.3274e-03, +2.9184e-03, -4.9358e-02, +1.4517e-02, +3.8457e-02, +3.4467e-02, -6.6231e-02, +3.9501e-02, +4.7934e-02, -4.2387e-02, -7.1100e-03, +1.2038e-03, -8.9116e-02, +4.3424e-02, -4.9575e-02, -3.6973e-02, +3.2217e-02, +3.4441e-02, +4.5677e-02, +4.4296e-02, +7.7010e-02, +9.0989e-02, -2.8954e-02, -3.2208e-03, -1.0000e+00, -1.8366e-02, +1.0867e-01, +4.9002e-02, -3.1213e-02, +1.5649e-01, +7.6913e-02, +2.8726e-02, -7.3553e-02, +1.3653e-02, -1.8730e-02, +8.5287e-02, -6.7421e-03, +2.0422e-02, -8.8684e-02, -3.3429e-02, -3.4995e-02, -1.7273e-02, -7.8612e-04
-7.3899e-02, +7.2836e-02, +1.7922e-02, +1.3012e-02, -3.3383e-02, -7.2004e-02, +3.1680e-02, +3.2110e-02, +2.3733e-02, +1.9789e-02, -6.1595e-02, -1.8735e-02, +9.0221e-05, -1.4047e-01, -1.0032e-01, -4.1678e-02, -4.0861e-02, -5.6319e-03, -4.7276e-02, -4.9412e-02, +1.5647e-01, -1.3010e-01, -1.4549e-02, +5.0752e-02, +3.9433e-02, -4.5287e-02, +7.6954e-02, -9.7827e-02, +3.8275e-03, +5.8294e-03, -4.1337e-02, -1.8366e-02, -1.0000e+00, -9.6959e-02, -6.8355e-02, +1.1374e-01, +3.2644e-01, +7.2055e-02, -4.3318e-03, -5.1410e-03, -1.0239e-01, +2.7234e-02, +5.6546e-02, +1.1719e-01, +7.0607e-02, -1.3352e-03, -2.8109e-02, -1.0266e-02, +3.6308e-02, +8.0546e-03
+3.3335e-02, -1.6897e-01, -1.1530e-01, -3.2841e-02, +7.8756e-02, +1.7719e-02, -6.6136e-03, -1.4978e-02, +1.1476e-01, -8.4099e-03, +3.6446e-02, -1.0536e-01, -9.0256e-02, +1.2126e-02, -2.5602e-03, -2.9011e-02, +1.9964e-02, +1.7577e-01, -8.2094e-02, -7.6425e-02, +1.0003e-01, -4.1349e-02, -2.0807e-02, -2.4422e-02, -1.0173e-01, -5.0050e-02, -5.2749e-02, -5.7209e-02, +1.5664e-02, +1.3428e-02, +2.2369e-02, +1.0867e-01, -9.6959e-02, -1.0000e+00, -1.9858e-02, +4.5472e-02, -1.0564e-01, +7.5021e-02, -3.9675e-02, +2.2121e-02, -3.9803e-02, -1.9214e-02, -3.4129e-02, +2.6449e-02, -2.6115e-02, +1.9824e-02, -3.3851e-02, -1.3261e-01, -4.0847e-03, +2.5465e-02
+1.8196e-02, +3.2140e-02, +4.6040e-02, -6.0543e-02, -1.1537e-01, -3.9840e-02, +4.3010e-02, +8.5891e-03, +3.4249e-02, +2.1109e-02, -8.7448e-02, -5.1970e-03, +2.2169e-03, -3.2069e-02, -7.7714e-02, -3.4714e-02, -3.6525e-02, -6.7037e-03, +2.0032e-02, -1.7432e-02, +5.4653e-02, -3.5998e-02, -4.2083e-02, -7.4820e-02, +5.7886e-02, -1.2155e-01, -1.1813e-02, -9.6494e-02, -9.6945e-02, -4.8729e-03, +6.2652e-02, +4.9002e-02, -6.8355e-02, -1.9858e-02, -1.0000e+00, +1.6315e-02, +8.9335e-02, +9.1343e-03, -6.7307e-02, -2.4084e-02, +4.9675e-02, +3.0796e-02, -6.7399e-02, +9.5474e-03, +1.9487e-02, -7.0650e-02, -7.4846e-02, +1.5497e-01, +3.3940e-02, -7.2284e-02
-5.1284e-02, -5.5096e-02, -7.4704e-02, -4.5029e-03, -3.2645e-02, -7.0577e-02, +1.7516e-02, +4.7609e-02, +3.8856e-02, +2.6327e-02, -1.1901e-02, -3.2478e-02, +5.0885e-02, -1.5846e-01, -6.1123e-02, -7.0614e-02, +8.3656e-02, -1.6296e-01, +7.1923e-02, -8.9272e-02, +1.4237e-01, -2.2582e-01, -2.7479e-02, -2.0401e-02, -3.1641e-02, -8.8577e-02, +1.7282e-02, +4.1395e-02, -7.8650e-02, -4.1437e-02, +1.3270e-02, -3.1213e-02, +1.1374e-01, +4.5472e-02, +1.6315e-02, -1.0000e+00, +5.8547e-02, +7.6720e-02, +7.0142e-02, -6.2909e-02, -2.4373e-02, -4.7551e-03, +4.8856e-02, +2.4810e-01, -5.1425e-02, +5.5412e-02, +1.4766e-02, +4.8046e-02, -1.4770e-01, -7.3045e-02
+2.1001e-01, -1.8088e-01, -1.7316e-01, -2.9994e-02, +4.8705e-02, +1.6436e-01, +1.1415e-01, +7.6241e-02, +5.4850e-02, +3.2738e-02, +3.1051e-01, +1.3164e-02, +7.0741e-02, +2.1884e-01, +3.3976e-01, +1.0351e-02, -4.1116e-02, +1.1728e-01, +1.5184e-01, +1.5925e-01, +8.9138e-02, +2.0104e-01, -5.4699e-02, +9.6064e-02, -1.1357e-01, +1.7266e-01, +2.6892e-03, +2.2949e-01, +2.2485e-01, +2.6338e-02, +2.6431e-01, +1.5649e-01, +3.2644e-01, -1.0564e-01, +8.9335e-02, +5.8547e-02, -1.0000e+00, -1.4672e-01, +6.2997e-02, +2.0583e-01, +1.1182e-01, -5.8782e-02, -2.7707e-02, -9.5878e-02, -1.6780e-02, +1.2457e-01, +1.8022e-01, -1.5213e-01, +4.4540e-02, +6.0854e-02
-4.6859e-02, -6.9192e-02, -5.5390e-02, -4.0910e-02, -1.1139e-01, -8.2852e-02, +6.7407e-02, -5.5908e-02, +1.0855e-02, +1.4840e-01, -8.9388e-02, +2.7041e-04, +1.0295e-01, +7.9603e-02, +7.5361e-02, -3.0056e-01, +3.5650e-02, +1.5150e-01, -6.2519e-02, +9.3635e-02, +1.6543e-01, -4.0992e-03, +2.2498e-01, -5.2077e-03, +6.1969e-03, +3.0652e-02, -4.7636e-02, -3.3224e-02, -2.7552e-02, +8.5579e-03, -1.0384e-01, +7.6913e-02, +7.2055e-02, +7.5021e-02, +9.1343e-03, +7.6720e-02, -1.4672e-01, -1.0000e+00, -4.8373e-02, +1.6221e-01, -8.7110e-02, -6.9190e-02, -3.3714e-01, +1.1235e-01, +3.1882e-02, +1.8538e-02, -5.3486e-02, +1.3685e-01, -2.1171e-01, -5.3217e-02
-2.6164e-02, -5.5458e-03, -2.8924e-02, -1.0339e-01, -8.4558e-02, -8.3163e-02, -1.3299e-03, +1.6275e-02, +3.5996e-02, +5.3398e-02, -6.4064e-02, -3.4260e-02, +2.7715e-02, -2.5918e-03, -6.0152e-02, +2.0951e-02, +5.5171e-02, -2.5401e-03, -8.2946e-02, -1.8124e-02, -4.6853e-02, +6.8224e-03, +4.6880e-02, -6.2963e-02, -2.5816e-02, -2.3868e-02, -6.1484e-02, -2.9683e-02, -1.0832e-01, -3.6843e-02, -8.7113e-02, +2.8726e-02, -4.3318e-03, -3.9675e-02, -6.7307e-02, +7.0142e-02, +6.2997e-02, -4.8373e-02, -1.0000e+00, -2.1935e-02, -4.1168e-02, -4.7806e-04, -9.1420e-03, +2.4005e-02, -1.6955e-02, -5.1072e-02, -1.3728e-01, +1.4122e-01, +1.8562e-02, +4.7351e-02
-2.6919e-03, -1.3631e-02, +5.8048e-03, -1.5374e-03, -6.4168e-02, -4.5712e-03, -4.8256e-02, -1.7664e-02, -2.6257e-02, -8.5762e-03, -4.6138e-02, +8.6479e-02, +3.7108e-02, -4.0052e-02, -8.8910e-02, +1.9610e-01, -6.1567e-04, +6.7512e-02, -2.9306e-02, -1.7736e-01, +7.4881e-03, +4.6662e-02, -6.2534e-02, -1.1941e-02, +1.0168e-01, -3.1023e-02, -3.8022e-02, -5.5365e-02, -6.9065e-02, -5.7064e-02, -3.1488e-02, -7.3553e-02, -5.1410e-03, +2.2121e-02, -2.4084e-02, -6.2909e-02, +2.0583e-01, +1.6221e-01, -2.1935e-02, -1.0000e+00, +3.2816e-04, +2.3581e-02, -2.8442e-02, +4.3014e-02, +5.8922e-03, +2.2143e-02, +2.1722e-02, +1.6760e-01, +7.6848e-02, +8.1843e-02
-1.8264e-02, +5.6821e-02, +1.8058e-02, -4.8439e-02, +4.9026e-02, +1.9277e-02, -8.0008e-02, -3.9395e-02, +6.5583e-02, +5.5428e-02, -1.1022e-01, -3.0725e-02, -5.8026e-02, +3.5561e-02, -2.5118e-02, -6.0067e-02, +2.5034e-02, -3.2101e-03, -6.7250e-02, +3.9966e-02, -1.2293e-02, -1.0216e-01, -1.3157e-02, -4.9599e-03, -1.3011e-01, -7.2750e-02, -1.0419e-02, -3.8939e-02, +3.4428e-02, +1.6822e-02, -1.1845e-01, +1.3653e-02, -1.0239e-01, -3.9803e-02, +4.9675e-02, -2.4373e-02, +1.1182e-01, -8.7110e-02, -4.1168e-02, +3.2816e-04, -1.0000e+00, +3.0255e-03, -1.4735e-02, +4.7900e-02, -9.0822e-04, +9.6175e-03, -2.8203e-02, -4.8722e-02, -5.1053e-03, +2.3152e-02
+5.2689e-02, +2.1230e-02, -4.6160e-02, -9.1373e-03, +3.9126e-02, +1.3747e-02, +4.4303e-03, -8.9915e-03, -1.8149e-02, -6.4438e-03, -1.0365e-02, -2.6392e-02, -6.2095e-02, -5.9563e-03, +3.2189e-02, -6.9740e-04, +3.0089e-02, +6.5737e-02, +2.0690e-03, +5.5947e-02, +1.2565e-02, +6.5356e-02, -1.4384e-02, +3.8514e-02, -1.3767e-02, +1.9387e-02, -9.9827e-03, +9.9825e-03, +1.1124e-02, -3.0806e-03, +2.6634e-02, -1.8730e-02, +2.7233e-02, -1.9214e-02, +3.0796e-02, -4.7551e-03, -5.8782e-02, -6.9190e-02, -4.7806e-04, +2.3581e-02, +3.0255e-03, -1.0000e+00, -1.7695e-02, -3.3128e-02, +7.0190e-03, +9.5801e-03, +3.1000e-02, -8.6918e-02, -5.6121e-02, +6.9648e-02
-1.9753e-02, -9.1726e-02, +1.2219e-02, -8.9690e-02, -1.1334e-01, -9.3118e-03, +5.1307e-02, +1.0173e-02, +5.1695e-02, -2.7553e-02, -6.4749e-03, +1.2845e-02, +1.7324e-01, +1.4077e-01, +3.9803e-03, -1.2946e-01, -6.3321e-02, +1.1234e-02, -3.6751e-02, -3.6958e-01, -2.4082e-01, +9.8285e-02, -1.2896e-01, -2.3237e-02, +1.7269e-02, -8.6005e-02, +8.4518e-02, -5.4407e-02, -3.5220e-02, -5.4845e-02, -1.2810e-02, +8.5287e-02, +5.6546e-02, -3.4129e-02, -6.7399e-02, +4.8856e-02, -2.7707e-02, -3.3714e-01, -9.1420e-03, -2.8442e-02, -1.4735e-02, -1.7695e-02, -1.0000e+00, -8.1156e-02, -7.7423e-02, +1.8291e-02, -1.1576e-03, +2.9136e-01, +8.2174e-02, +3.2060e-02
-3.5988e-03, +5.6095e-02, -6.4187e-02, -8.0969e-03, -3.4993e-02, +2.8805e-02, +9.4407e-02, -4.0713e-02, +6.9231e-03, -1.2968e-01, +6.4794e-02, +8.7498e-02, +1.8745e-03, +1.1838e-01, +4.0359e-02, +4.0279e-02, -1.1884e-01, +7.6548e-02, +9.2116e-02, +2.1330e-01, -9.2674e-02, +1.1863e-01, +2.6314e-02, +1.2048e-01, +2.1957e-02, +9.3505e-02, +9.1187e-02, +2.0293e-02, +7.8263e-03, -2.6306e-02, +6.3704e-02, -6.7421e-03, +1.1719e-01, +2.6449e-02, +9.5474e-03, +2.4810e-01, -9.5878e-02, +1.1235e-01, +2.4005e-02, +4.3014e-02, +4.7900e-02, -3.3128e-02, -8.1156e-02, -1.0000e+00, +1.1060e-01, -3.9074e-04, +6.1711e-02, -1.7782e-02, +2.7709e-01, -6.3147e-02
+5.1226e-02, +3.9538e-02, -4.0222e-02, -8.3197e-03, +1.0555e-02, -1.1260e-02, -9.0500e-02, -7.6436e-02, +2.0741e-02, +1.2745e-01, -9.5253e-02, -1.0959e-01, -1.8278e-01, -3.6519e-02, -1.0175e-01, +8.6789e-02, +1.7565e-01, -1.5063e-01, -9.3027e-02, -1.6934e-01, -6.7682e-02, -8.3707e-02, +1.7697e-01, -1.3002e-02, -4.8830e-02, -1.1784e-01, -6.7062e-02, -9.0788e-02, -2.9132e-02, -1.1400e-02, -9.6353e-04, +2.0422e-02, +7.0607e-02, -2.6115e-02, +1.9487e-02, -5.1426e-02, -1.6780e-02, +3.1882e-02, -1.6955e-02, +5.8922e-03, -9.0821e-04, +7.0190e-03, -7.7423e-02, +1.1060e-01, -1.0000e+00, +5.4214e-02, -2.5273e-03, +5.0393e-02, -1.4241e-01, -4.1891e-02
-4.7202e-03, -4.0074e-02, -3.5619e-02, -5.8582e-02, -1.1971e-01, +1.2152e-02, -7.6372e-02, +4.5607e-02, -4.3371e-03, +4.5587e-02, +8.5639e-03, +1.4034e-02, +6.7044e-03, -3.0220e-02, -6.3884e-02, -3.9345e-02, +5.2968e-02, -5.2747e-02, -7.4568e-02, +1.0113e-01, -1.4819e-01, +1.0128e-01, -4.9483e-03, -1.3580e-01, +3.1551e-02, +3.9787e-02, -1.8787e-02, +2.0000e-02, -5.1648e-02, +4.6993e-02, -1.0235e-02, -8.8684e-02, -1.3352e-03, +1.9824e-02, -7.0650e-02, +5.5412e-02, +1.2457e-01, +1.8538e-02, -5.1072e-02, +2.2143e-02, +9.6175e-03, +9.5801e-03, +1.8291e-02, -3.9075e-04, +5.4214e-02, -1.0000e+00, -9.1427e-02, +1.3003e-01, +3.1464e-02, -4.8871e-02
-5.5767e-02, -3.8311e-02, -1.0622e-01, -1.4223e-01, -1.6697e-02, -2.4274e-01, -2.7303e-02, -4.9622e-02, +3.6130e-02, +9.2104e-02, -2.0918e-01, -3.2030e-02, -1.8615e-02, +6.3671e-03, -3.4632e-02, -1.6097e-02, +1.8209e-03, -3.9340e-02, -1.1423e-01, -6.5204e-02, -1.3692e-01, -1.5903e-03, -4.2250e-03, -1.3493e-01, -3.9177e-02, -9.2872e-02, -1.7519e-01, -9.1381e-02, -9.4821e-02, -2.6527e-02, -1.3256e-01, -3.3429e-02, -2.8109e-02, -3.3851e-02, -7.4846e-02, +1.4766e-02, +1.8022e-01, -5.3486e-02, -1.3728e-01, +2.1722e-02, -2.8203e-02, +3.1000e-02, -1.1576e-03, +6.1711e-02, -2.5273e-03, -9.1427e-02, -1.0000e+00, +6.8527e-02, -3.4271e-02, -2.4498e-02
+5.6215e-02, -7.3570e-03, -1.8594e-02, +4.5538e-02, +4.4267e-01, +1.4743e-01, -2.2108e-02, -6.8424e-02, +6.1116e-03, -1.0095e-01, +3.2243e-02, -1.0868e-01, -2.7569e-01, -1.2322e-02, +6.4801e-02, -8.7246e-02, -7.6150e-02, +4.4825e-01, +3.6859e-03, +1.5263e-01, +2.3559e-01, -5.3830e-02, -1.7263e-01, +1.3447e-01, -8.0826e-02, +2.0104e-01, -1.2427e-01, +2.5180e-02, +2.5409e-01, +1.2532e-01, +1.9634e-01, -3.4995e-02, -1.0266e-02, -1.3261e-01, +1.5497e-01, +4.8046e-02, -1.5213e-01, +1.3685e-01, +1.4122e-01, +1.6760e-01, -4.8722e-02, -8.6918e-02, +2.9136e-01, -1.7782e-02, +5.0393e-02, +1.3003e-01, +6.8527e-02, -1.0000e+00, +3.5855e-02, +6.8725e-02
+2.9785e-02, -1.0589e-02, -1.4400e-02, +2.0979e-02, +2.5063e-02, -1.0699e-01, -3.3350e-02, -1.5161e-02, -4.2683e-02, -2.0165e-02, -1.6607e-02, -2.3979e-02, -4.9857e-02, +7.5279e-03, +5.4566e-03, +3.7020e-02, -1.7191e-02, -1.4543e-01, +2.5212e-03, -8.5662e-02, +5.3696e-02, -2.1426e-01, -3.8646e-02, +6.7737e-02, +5.0790e-03, -4.7774e-02, +1.6367e-02, -2.3450e-02, -6.2076e-03, +2.8859e-02, +9.1966e-03, -1.7273e-02, +3.6308e-02, -4.0847e-03, +3.3940e-02, -1.4770e-01, +4.4540e-02, -2.1171e-01, +1.8562e-02, +7.6848e-02, -5.1053e-03, -5.6121e-02, +8.2174e-02, +2.7709e-01, -1.4241e-01, +3.1464e-02, -3.4271e-02, +3.5855e-02, -1.0000e+00, -1.6266e-02
+1.4026e-02, +1.0077e-02, -8.0029e-03, +4.0970e-02, +4.4478e-02, -5.7811e-02, +1.0678e-02, -5.6111e-02, +2.3731e-02, +6.3937e-02, +3.6630e-02, -8.0036e-02, +1.5196e-02, +1.9398e-03, +3.0476e-02, -7.6585e-02, +4.4037e-02, -5.2138e-03, +2.7468e-02, -7.9540e-02, +1.2481e-01, -8.5417e-02, +4.2966e-02, -7.9807e-02, +2.9404e-02, -2.5726e-02, +8.0053e-03, -5.9383e-02, +2.0273e-02, +1.3805e-02, +3.6023e-02, -7.8612e-04, +8.0546e-03, +2.5465e-02, -7.2284e-02, -7.3045e-02, +6.0854e-02, -5.3217e-02, +4.7351e-02, +8.1843e-02, +2.3152e-02, +6.9648e-02, +3.2060e-02, -6.3147e-02, -4.1891e-02, -4.8871e-02, -2.4498e-02, +6.8725e-02, -1.6266e-02, -1.0000e+00
