-1.0000e+00, -2.4496e-02, +1.5940e-01, +1.8907e-02, -1.5905e-02, -6.2590e-03, +5.7672e-03, +1.8274e-02, -1.4316e-01, +1.9540e-02, +2.8263e-03, +6.6936e-02, -4.4407e-02, -3.0814e-03, -4.9521e-02, +3.4243e-02, -1.1238e-02, +2.0440e-02, -2.3095e-02, +1.5868e-02, -5.0900e-02, +4.6497e-03, +3.8243e-02, +8.1611e-02, +3.5207e-02, +1.5890e-02, +2.3840e-02, +4.3489e-03, -1.3320e-01, -3.8793e-03, -2.8577e-02, +1.6873e-02, +6.4337e-02, -7.6805e-02, +6.7420e-03, +4.9005e-02, -4.2785e-02, +1.7463e-02, +1.1586e-02, +7.7843e-02, -3.5324e-02, -4.7682e-02, +5.3272e-02, -2.6355e-02, -7.9910e-03, -5.2633e-02, +1.6976e-02, +1.4503e-01, -3.3906e-02, +4.9979e-02
-2.4496e-02, -1.0000e+00, -9.8438e-03, -1.2217e-01, -1.1850e-01, -3.4745e-02, +1.6954e-01, -1.5068e-02, -7.9788e-03, +1.4909e-01, +4.9073e-02, +2.2870e-02, -6.2752e-02, +2.1474e-03, +2.7504e-03, -4.5099e-02, -1.2023e-02, -6.2146e-02, +4.0709e-02, -9.3491e-02, +1.9226e-02, +1.4860e-01, +8.1533e-02, -5.7382e-02, -8.7652e-02, +5.6142e-02, +4.6039e-02, +4.7618e-02, -6.6303e-02, -4.2462e-04, +7.8094e-02, -5.6137e-02, +1.7183e-02, -1.0788e-01, -7.7788e-02, -1.1608e-01, +7.0437e-02, +2.3578e-02, -5.2573e-02, -1.0434e-02, +3.7966e-02, +2.3949e-02, -4.6392e-03, +7.3583e-03, +1.9068e-02, -2.3097e-03, +1.4085e-02, -1.0318e-01, +5.2162e-03, +1.0065e-02
+1.5940e-01, -9.8438e-03, -1.0000e+00, -6.3032e-02, -2.4324e-03, -1.4354e-01, -1.6083e-02, +6.4650e-02, +6.1268e-02, +5.6828e-02, -3.9946e-02, -9.7341e-02, +4.0208e-02, -6.9591e-03, +2.8585e-02, -2.6058e-02, -1.9875e-02, -7.1332e-02, -1.7963e-02, +8.8026e-02, -3.3719e-02, +4.4960e-03, +1.7032e-01, -2.5166e-02, -2.6588e-02, -2.6054e-02, -7.6309e-02, -4.6373e-03, +4.7331e-02, +2.4295e-02, +4.7971e-02, -2.4182e-03, +7.3198e-03, -5.7689e-02, +4.4383e-02, -9.7788e-02, -6.5162e-02, +4.9978e-02, -3.5034e-02, +4.4048e-02, -3.3085e-03, +1.9923e-02, -5.1145e-02, -3.5429e-02, -4.1781e-02, +9.8287e-03, -6.1279e-02, -1.0876e-01, -2.5179e-02, -8.5497e-02
+1.8907e-02, -1.2217e-01, -6.3032e-02, -1.0000e+00, -5.8957e-02, -1.2018e-01, -5.0645e-02, +3.0415e-02, -4.4402e-02, +8.4344e-02, -6.1205e-02, -1.6835e-01, -8.9384e-03, -1.0955e-02, -4.8354e-02, +3.3678e-02, -5.7421e-02, +1.4574e-02, -7.9015e-02, +2.8684e-02, +3.0452e-02, +2.2128e-02, -1.7251e-02, -3.8215e-02, -7.9788e-02, -1.6619e-01, -2.7279e-02, -6.7751e-02, -9.9741e-02, -3.9624e-02, -1.1379e-01, +2.1821e-02, -7.1451e-02, -2.0836e-02, +5.8308e-02, -2.5202e-02, +5.1786e-02, -4.2947e-02, -6.0162e-02, +2.8284e-02, -6.0314e-02, -1.1179e-02, -1.0916e-03, +1.4587e-02, -4.1836e-02, -1.5925e-01, -1.0419e-01, +8.7529e-02, +3.8424e-02, +9.0123e-02
-1.5905e-02, -1.1850e-01, -2.4324e-03, -5.8957e-02, -1.0000e+00, -8.9359e-02, +2.9543e-04, +4.3950e-02, +6.6039e-03, +6.0701e-02, -5.7879e-02, -4.8449e-02, -5.6125e-03, -9.3495e-02, -7.4806e-02, +7.8459e-02, +1.5490e-03, -5.4018e-03, -1.5020e-01, +3.7635e-02, +2.9270e-02, -3.5460e-02, +9.3239e-02, -3.8683e-02, -4.3166e-02, +4.0284e-02, -9.1964e-02, -1.0126e-01, -1.4246e-01, -9.2204e-02, -1.1741e-01, +3.4232e-03, -6.8457e-02, -7.3463e-02, -1.2123e-01, -3.8824e-03, -1.8764e-02, -5.8674e-02, -3.3183e-04, -4.3230e-02, -3.1654e-02, -1.5211e-02, +1.1472e-02, -1.4527e-02, -1.2421e-01, -5.8602e-02, -1.6247e-02, +2.0817e-01, +1.8137e-02, +1.1408e-01
-6.2590e-03, -3.4745e-02, -1.4354e-01, -1.2018e-01, -8.9359e-02, -1.0000e+00, -4.1772e-02, +1.4739e-01, +1.4448e-02, +4.8598e-02, -1.6720e-01, -9.0899e-03, +5.6747e-02, -8.2959e-02, -9.5398e-02, +2.9661e-02, -4.8347e-02, -1.0811e-01, -1.8616e-01, +1.1840e-01, -1.9385e-02, -5.8802e-02, +3.4773e-02, -5.5412e-02, -5.8970e-02, -6.5201e-02, -1.7039e-01, -8.9478e-02, -2.1094e-01, -7.1570e-02, -2.0536e-01, +1.0489e-02, -4.9066e-02, -1.0716e-03, +8.9542e-03, -6.0586e-02, +6.2419e-02, -8.4260e-02, -1.0628e-01, +4.0344e-02, -5.6703e-02, -4.6053e-02, -5.7306e-02, -1.5693e-02, -1.0864e-01, -8.0019e-02, -2.4300e-01, +1.6014e-01, -1.9674e-02, +6.8046e-02
+5.7672e-03, +1.6954e-01, -1.6083e-02, -5.0645e-02, +2.9543e-04, -4.1772e-02, -1.0000e+00, -1.3731e-02, +3.4370e-02, +4.1640e-02, -7.8886e-02, +1.6115e-02, +1.1986e-01, -3.5534e-02, -3.1916e-02, +1.9706e-02, -1.0002e-01, +3.4838e-02, -6.8200e-02, +5.0161e-02, -9.6105e-02, -2.4317e-02, +1.8326e-01, -1.5756e-02, +2.6847e-02, -2.7339e-02, -1.4449e-01, -8.4187e-02, -1.0177e-02, +6.1754e-03, -4.9873e-02, -5.3605e-02, -1.4881e-02, -1.0686e-01, +8.8489e-02, +9.4089e-04, +3.7889e-04, -8.7083e-02, -5.7724e-02, +5.4951e-02, -6.5884e-02, +5.1890e-02, +1.7539e-03, -2.0145e-02, -7.6662e-02, -9.9532e-02, -9.9733e-03, +1.9795e-02, +2.9199e-02, +1.5477e-02
+1.8274e-02, -1.5068e-02, +6.4650e-02, +3.0415e-02, +4.3950e-02, +1.4739e-01, -1.3731e-02, -1.0000e+00, +3.7970e-02, +3.6633e-02, +3.5766e-02, -6.9886e-02, +7.4945e-02, -8.8126e-03, +1.2402e-01, -6.2353e-02, -2.6652e-02, -2.9766e-02, +2.0194e-01, -1.2243e-01, +6.9199e-02, +6.0504e-02, +1.4780e-01, +5.4596e-02, +9.8601e-02, +1.3405e-02, +8.6813e-02, +3.0631e-02, +1.6214e-01, +1.2313e-01, +1.6932e-01, -7.2807e-02, +2.3344e-02, -1.1192e-01, +7.2646e-02, +3.8272e-03, -2.2295e-02, -5.7124e-02, +4.9453e-02, -5.2111e-03, -3.6268e-02, +9.3751e-03, -3.4682e-02, +4.7064e-02, +5.3344e-02, +1.1951e-01, +1.3057e-01, -3.1749e-01, +4.0821e-02, -3.2339e-02
-1.4316e-01, -7.9788e-03, +6.1268e-02, -4.4402e-02, +6.6039e-03, +1.4448e-02, +3.4370e-02, +3.7970e-02, -1.0000e+00, -1.4622e-02, +2.0633e-02, +5.7031e-02, -9.1919e-04, +3.0957e-02, -5.3882e-02, +1.0356e-02, +7.8982e-02, +2.9994e-02, +5.8386e-03, -1.9860e-03, -2.1825e-02, -3.3294e-02, -8.5499e-02, +4.3536e-02, -4.3586e-02, +1.9156e-02, -9.9307e-03, -1.4913e-02, -7.5049e-02, +3.0454e-03, -2.4518e-02, +2.6624e-02, +7.9077e-02, -9.2324e-02, +1.2595e-02, +1.0715e-02, -5.6719e-03, -1.3193e-02, +3.4511e-03, -1.6976e-02, -4.4938e-02, -1.6107e-01, -1.0344e-01, +4.4261e-02, +4.6505e-02, -1.3869e-02, -1.8440e-02, +1.1683e-01, +1.9707e-02, +9.4544e-02
+1.9540e-02, +1.4909e-01, +5.6828e-02, +8.4344e-02, +6.0701e-02, +4.8598e-02, +4.1640e-02, +3.6633e-02, -1.4622e-02, -1.0000e+00, -1.0245e-01, +2.6456e-02, -4.5353e-03, +7.3612e-02, +1.1818e-01, -7.9234e-02, +1.3657e-01, +3.6343e-02, -6.6006e-03, +9.1093e-03, -3.5388e-02, +5.2378e-03, +1.3916e-01, -1.5246e-01, +3.5017e-02, +6.9983e-02, -7.1527e-02, +7.1887e-02, +1.1862e-01, +1.5723e-02, -5.9447e-02, -8.1936e-02, -4.3277e-02, +2.1641e-01, -1.7344e-02, +1.6738e-02, +3.8877e-02, +1.2377e-01, +4.6708e-02, +2.5489e-02, +6.0707e-02, -6.6460e-02, -4.4286e-02, -4.5917e-02, +1.2897e-01, +3.0179e-02, +1.2652e-01, +1.2945e-01, +3.6300e-02, +8.6125e-02
+2.8263e-03, +4.9073e-02, -3.9946e-02, -6.1205e-02, -5.7879e-02, -1.6720e-01, -7.8885e-02, +3.5766e-02, +2.0633e-02, -1.0245e-01, -1.0000e+00, -4.2039e-02, -9.0952e-03, +8.9216e-03, -2.1825e-02, +4.5196e-02, -2.6547e-02, -1.0076e-01, -2.2006e-01, +4.6065e-03, -5.0964e-02, -3.2430e-02, +1.0515e-01, -1.8108e-02, -5.2102e-02, -4.3248e-02, -1.5588e-01, -4.6806e-02, -1.0934e-01, -2.4851e-02, -1.4415e-01, -1.6897e-02, -4.6904e-02, -1.2635e-01, -1.8067e-02, -8.7931e-02, +4.6905e-02, -3.3423e-02, -1.0192e-01, +4.4699e-02, -4.0903e-02, +1.0210e-02, -4.5351e-02, -3.6516e-02, -1.1835e-01, -3.8935e-02, -1.5507e-01, +2.0348e-01, -3.0758e-02, +8.2701e-02
+6.6936e-02, +2.2870e-02, -9.7341e-02, -1.6835e-01, -4.8449e-02, -9.0899e-03, +1.6115e-02, -6.9886e-02, +5.7031e-02, +2.6456e-02, -4.2039e-02, -1.0000e+00, +3.8992e-02, -1.1818e-01, +1.3251e-02, +3.9751e-02, -5.1545e-02, -5.2578e-02, -7.2998e-02, -3.2691e-03, +3.5368e-02, +2.3484e-02, +1.4554e-01, -1.1015e-02, -6.4050e-02, -6.9672e-02, -2.8033e-04, +1.1526e-01, +4.9458e-02, -1.1745e-01, -4.8824e-03, -1.8643e-02, -1.3579e-02, -9.4708e-02, -2.0973e-02, +4.2340e-02, +1.2384e-01, -1.5175e-01, -1.2958e-02, +2.3141e-02, -3.7465e-02, +3.0148e-03, -3.5463e-02, +1.1737e-02, -3.6699e-02, -2.5215e-02, -1.0389e-01, -1.8655e-01, -3.2372e-02, +2.1061e-02
-4.4407e-02, -6.2752e-02, +4.0208e-02, -8.9384e-03, -5.6125e-03, +5.6747e-02, +1.1986e-01, +7.4945e-02, -9.1919e-04, -4.5353e-03, -9.0952e-03, +3.8992e-02, -1.0000e+00, +7.9383e-02, -2.5395e-02, +7.9523e-02, -7.8599e-02, +3.1973e-02, +1.7200e-02, +1.7737e-02, +1.5490e-02, +2.9469e-02, +1.0192e-01, +4.7319e-02, +3.2255e-03, -8.0499e-02, -1.2035e-02, -5.6976e-02, -6.1878e-02, -2.7722e-02, -2.8226e-02, -3.0480e-02, -2.4931e-02, -2.0682e-02, +1.6587e-02, +9.4606e-02, -8.6723e-02, +7.5458e-03, -5.3363e-02, +5.0846e-03, +1.7353e-02, +4.2320e-02, +5.3272e-02, +3.2123e-02, -1.6059e-01, +5.4251e-02, -1.0142e-01, +7.9477e-02, +7.3546e-02, -1.1809e-02
-3.0814e-03, +2.1474e-03, -6.9591e-03, -1.0955e-02, -9.3495e-02, -8.2959e-02, -3.5534e-02, -8.8126e-03, +3.0957e-02, +7.3612e-02, +8.9216e-03, -1.1818e-01, +7.9383e-02, -1.0000e+00, +9.1438e-03, +4.2184e-02, -1.1595e-02, -6.1428e-02, -1.1942e-01, +3.9012e-02, -5.8471e-02, -3.5059e-02, +4.0233e-02, -3.7117e-02, +6.4232e-03, -1.1512e-02, -1.3292e-01, -1.4348e-01, -3.6034e-02, -1.6343e-01, -8.2059e-02, +7.7107e-02, +2.1580e-02, +2.3962e-02, -6.3032e-02, -3.7586e-02, -2.3556e-02, -2.0993e-02, -1.8702e-02, -1.7196e-02, -2.6402e-02, +3.0130e-02, +3.7729e-02, -3.7030e-03, -2.6086e-02, -9.5048e-02, -1.2766e-01, +4.8971e-02, -3.6394e-02, +2.7902e-02
-4.9521e-02, +2.7504e-03, +2.8585e-02, -4.8354e-02, -7.4806e-02, -9.5398e-02, -3.1916e-02, +1.2402e-01, -5.3882e-02, +1.1818e-01, -2.1825e-02, +1.3251e-02, -2.5395e-02, +9.1438e-03, -1.0000e+00, +8.8446e-02, +1.8671e-03, +1.2691e-02, -1.0377e-01, +1.0614e-01, -2.0260e-02, +1.0340e-02, -1.7457e-01, -9.2431e-05, -4.0341e-02, +3.8677e-02, -6.3928e-02, -5.9246e-02, -1.3558e-01, -1.6404e-02, -1.0713e-01, +3.0975e-02, -4.8763e-03, +3.4547e-02, -6.3298e-02, -7.0035e-03, -1.0346e-02, -1.6252e-02, -2.3269e-02, +2.8019e-02, -5.0006e-02, +3.6137e-03, +1.5334e-02, +4.4158e-03, -9.5104e-02, -5.0048e-02, -3.6535e-02, +2.4434e-01, -6.1677e-03, +8.5296e-02
+3.4243e-02, -4.5099e-02, -2.6058e-02, +3.3678e-02, +7.8459e-02, +2.9661e-02, +1.9706e-02, -6.2353e-02, +1.0356e-02, -7.9234e-02, +4.5196e-02, +3.9751e-02, +7.9523e-02, +4.2184e-02, +8.8446e-02, -1.0000e+00, +1.0205e-01, +2.4228e-02, +1.2915e-01, +3.1755e-02, +2.1422e-03, +1.3322e-01, -1.3054e-01, -1.4681e-02, +3.7258e-02, +1.9835e-02, +1.6870e-02, +1.2491e-01, +1.3513e-01, +2.2250e-02, +1.0488e-01, -3.5579e-02, -1.3241e-02, +1.5130e-01, +5.1849e-02, +4.2584e-02, +9.7474e-02, +4.0213e-02, -3.8980e-03, +5.6501e-02, -8.6688e-02, +4.6910e-03, -2.3134e-02, +2.2785e-03, +1.0124e-01, -2.8249e-02, +6.5115e-02, -2.3115e-01, +8.4602e-02, -1.0494e-01
-1.1238e-02, -1.2023e-02, -1.9875e-02, -5.7421e-02, +1.5490e-03, -4.8347e-02, -1.0002e-01, -2.6652e-02, +7.8982e-02, +1.3657e-01, -2.6547e-02, -5.1545e-02, -7.8599e-02, -1.1595e-02, +1.8671e-03, +1.0205e-01, -1.0000e+00, -7.2328e-02, +1.4695e-02, -1.0074e-02, +2.1562e-02, -6.4807e-02, +6.9221e-02, +1.5340e-02, -1.1060e-02, -9.0265e-03, -5.1374e-02, -3.7345e-02, +7.8483e-04, -6.0996e-02, -9.8876e-02, -6.5609e-02, -9.4280e-02, +3.1627e-02, +5.1501e-03, -4.4519e-02, -7.5732e-02, -7.4565e-02, -3.8503e-02, -5.4082e-02, -3.9957e-02, -1.6195e-02, +6.2735e-02, -8.9894e-02, -5.2575e-02, +6.6283e-03, -4.8837e-02, +1.1380e-02, +8.8515e-02, -6.2638e-02
+2.0440e-02, -6.2146e-02, -7.1332e-02, +1.4574e-02, -5.4018e-03, -1.0811e-01, +3.4838e-02, -2.9766e-02, +2.9994e-02, +3.6343e-02, -1.0076e-01, -5.2578e-02, +3.1973e-02, -6.1428e-02, +1.2691e-02, +2.4228e-02, -7.2328e-02, -1.0000e+00, -2.8136e-02, -8.4613e-02, +1.3408e-02, +1.4247e-02, +9.0447e-02, +4.0755e-02, -1.3107e-03, -1.3263e-02, +3.6172e-03, -9.1896e-02, -7.7975e-02, +3.9293e-03, -2.5393e-02, -8.1952e-03, -4.6764e-02, -1.0130e-01, -3.3692e-02, -7.8309e-03, +2.1124e-04, -1.1864e-01, -3.1057e-04, -5.0968e-02, +5.6772e-02, -7.3734e-03, -3.0953e-02, +3.3291e-02, -4.9191e-02, +8.0426e-02, -5.1417e-02, +6.1528e-02, -2.9853e-02, +1.4934e-02
-2.3095e-02, +4.0709e-02, -1.7963e-02, -7.9015e-02, -1.5020e-01, -1.8616e-01, -6.8200e-02, +2.0194e-01, +5.8385e-03, -6.6006e-03, -2.2006e-01, -7.2998e-02, +1.7200e-02, -1.1942e-01, -1.0377e-01, +1.2915e-01, +1.4695e-02, -2.8136e-02, -1.0000e+00, +4.1663e-02, -1.0119e-03, -3.2297e-02, +4.6810e-02, -9.1048e-02, +1.3828e-02, -7.3335e-03, -1.8125e-01, -1.4608e-01, -1.1136e-01, -1.7221e-01, -1.5867e-01, +7.5094e-02, -3.5656e-02, -4.6872e-02, -7.3817e-02, -8.9500e-02, +1.3335e-01, -3.9881e-02, -1.4248e-01, +1.4067e-02, -8.6842e-03, -2.6876e-02, -8.8444e-03, -7.6682e-02, -1.4838e-01, -2.2207e-01, -2.1265e-01, +2.0617e-01, -3.5482e-02, +1.7400e-01
+1.5868e-02, -9.3491e-02, +8.8026e-02, +2.8684e-02, +3.7635e-02, +1.1840e-01, +5.0161e-02, -1.2243e-01, -1.9861e-03, +9.1093e-03, +4.6065e-03, -3.2691e-03, +1.7737e-02, +3.9012e-02, +1.0614e-01, +3.1755e-02, -1.0074e-02, -8.4613e-02, +4.1663e-02, -1.0000e+00, +1.1482e-02, +1.4660e-02, +9.2083e-02, -1.5822e-02, +5.3246e-03, +1.7082e-02, +6.7148e-02, -9.2850e-02, -6.0900e-04, +5.8197e-02, +7.8428e-02, +2.8765e-02, -5.9864e-02, -1.0623e-01, -3.9956e-03, -2.6103e-01, +1.0679e-01, -2.6197e-03, -1.8329e-02, -7.3320e-02, -1.2506e-02, -2.8164e-02, -2.1029e-02, +5.1062e-02, +4.5645e-02, +7.2101e-02, +7.2819e-02, +2.8835e-02, +4.8352e-02, -1.4533e-02
-5.0900e-02, +1.9226e-02, -3.3719e-02, +3.0452e-02, +2.9270e-02, -1.9385e-02, -9.6105e-02, +6.9199e-02, -2.1825e-02, -3.5388e-02, -5.0964e-02, +3.5368e-02, +1.5490e-02, -5.8471e-02, -2.0260e-02, +2.1422e-03, +2.1562e-02, +1.3408e-02, -1.0119e-03, +1.1482e-02, -1.0000e+00, +7.1219e-02, -5.5138e-02, +5.0464e-02, +3.5347e-02, -4.8459e-02, -7.2111e-02, +3.3374e-04, -6.4879e-02, +1.3402e-02, -8.3042e-02, +3.0180e-02, -2.9084e-02, +8.0169e-02, +1.9162e-02, -5.2315e-02, +3.5209e-02, -1.6536e-02, -5.0505e-02, +1.4677e-02, -1.0291e-01, -3.0901e-02, -7.1430e-02, -1.1042e-01, -7.4979e-02, -8.3263e-02, -4.4055e-02, +8.9178e-02, +1.5005e-02, -8.0802e-04
+4.6497e-03, +1.4860e-01, +4.4960e-03, +2.2128e-02, -3.5460e-02, -5.8802e-02, -2.4317e-02, +6.0504e-02, -3.3294e-02, +5.2378e-03, -3.2430e-02, +2.3484e-02, +2.9469e-02, -3.5059e-02, +1.0340e-02, +1.3322e-01, -6.4807e-02, +1.4247e-02, -3.2297e-02, +1.4660e-02, +7.1219e-02, -1.0000e+00, +1.3799e-02, -4.9226e-02, +3.9701e-03, -3.5024e-03, -1.3515e-02, +2.5784e-03, -5.9737e-02, -1.1169e-01, -7.4619e-02, -3.5957e-02, -1.4093e-01, +5.6580e-02, +3.2278e-02, +3.1954e-02, +8.2755e-03, -1.3556e-01, -1.9898e-02, +3.2417e-02, -6.3071e-02, +1.7142e-02, +5.0082e-02, +4.4566e-02, -6.7305e-02, +7.6253e-03, -4.0229e-02, +6.2424e-02, -1.8049e-03, -3.1779e-02
+3.8243e-02, +8.1533e-02, +1.7032e-01, -1.7251e-02, +9.3239e-02, +3.4773e-02, +1.8326e-01, +1.4780e-01, -8.5499e-02, +1.3916e-01, +1.0515e-01, +1.4554e-01, +1.0192e-01, +4.0233e-02, -1.7457e-01, -1.3054e-01, +6.9221e-02, +9.0447e-02, +4.6810e-02, +9.2083e-02, -5.5138e-02, +1.3799e-02, -1.0000e+00, -2.3115e-02, +1.1589e-02, +3.6568e-02, +1.1078e-01, +3.8202e-03, +4.1641e-02, +1.1984e-03, +2.3395e-02, +6.0125e-03, -1.3001e-02, +5.3685e-01, +6.3253e-03, -6.3545e-02, +6.8477e-02, -4.6337e-02, +1.4377e-01, -2.2217e-02, -8.1855e-02, +5.9495e-03, -6.6121e-02, -3.5913e-02, +1.6762e-01, +1.5781e-03, +3.0360e-02, -1.7571e-02, +3.7780e-02, +3.8913e-02
+8.1611e-02, -5.7382e-02, -2.5166e-02, -3.8215e-02, -3.8683e-02, -5.5412e-02, -1.5756e-02, +5.4596e-02, +4.3536e-02, -1.5246e-01, -1.8108e-02, -1.1015e-02, +4.7319e-02, -3.7117e-02, -9.2438e-05, -1.4681e-02, +1.5340e-02, +4.0755e-02, -9.1048e-02, -1.5822e-02, +5.0464e-02, -4.9226e-02, -2.3115e-02, -1.0000e+00, +2.6525e-02, -4.7098e-02, -1.2197e-01, -3.0483e-02, +2.7092e-03, -4.4782e-02, -9.2080e-02, -4.2266e-02, -4.7599e-02, +5.6312e-02, -4.4640e-02, -3.9472e-02, +1.0935e-01, -5.5824e-02, -1.3157e-02, +2.8456e-02, +1.8785e-02, +1.4942e-02, +3.9192e-03, +2.6850e-02, +9.8045e-03, -3.1749e-02, -7.6953e-05, +2.4005e-02, +2.0134e-02, +1.6393e-02
+3.5207e-02, -8.7652e-02, -2.6588e-02, -7.9788e-02, -4.3166e-02, -5.8970e-02, +2.6847e-02, +9.8601e-02, -4.3586e-02, +3.5017e-02, -5.2102e-02, -6.4050e-02, +3.2255e-03, +6.4232e-03, -4.0341e-02, +3.7258e-02, -1.1060e-02, -1.3107e-03, +1.3828e-02, +5.3246e-03, +3.5347e-02, +3.9701e-03, +1.1589e-02, +2.6525e-02, -1.0000e+00, +1.9235e-02, -1.0895e-01, +5.1841e-02, -4.3825e-02, +2.1285e-02, -5.7851e-02, +1.9684e-02, +1.0262e-02, -9.1055e-03, +1.8662e-02, -9.0877e-02, -1.7648e-02, -6.9282e-03, -3.0993e-02, +3.1716e-02, -9.7933e-02, +3.5223e-03, +5.7844e-02, -5.1998e-02, -2.8587e-02, -2.9228e-02, +2.5045e-03, +7.9157e-02, -9.9386e-03, +7.3555e-03
+1.5890e-02, +5.6142e-02, -2.6054e-02, -1.6619e-01, +4.0284e-02, -6.5201e-02, -2.7339e-02, +1.3405e-02, +1.9156e-02, +6.9983e-02, -4.3248e-02, -6.9672e-02, -8.0499e-02, -1.1512e-02, +3.8677e-02, +1.9835e-02, -9.0265e-03, -1.3263e-02, -7.3335e-03, +1.7082e-02, -4.8459e-02, -3.5024e-03, +3.6568e-02, -4.7098e-02, +1.9235e-02, -1.0000e+00, -4.8397e-02, +1.5110e-02, -3.0268e-02, +1.3985e-01, -1.1419e-01, +1.0760e-02, -9.4588e-03, -2.4248e-02, +1.1530e-01, -1.0795e-01, +5.0262e-02, +1.7247e-02, -6.7412e-02, +1.1403e-02, -2.6570e-02, -1.3995e-02, -1.3033e-02, -3.7767e-02, -1.2744e-01, -8.0353e-02, -1.7270e-01, +4.9098e-02, +2.3225e-02, +1.2657e-02
+2.3840e-02, +4.6039e-02, -7.6309e-02, -2.7279e-02, -9.1964e-02, -1.7039e-01, -1.4449e-01, +8.6813e-02, -9.9307e-03, -7.1527e-02, -1.5588e-01, -2.8032e-04, -1.2035e-02, -1.3292e-01, -6.3928e-02, +1.6870e-02, -5.1374e-02, +3.6172e-03, -1.8125e-01, +6.7148e-02, -7.2111e-02, -1.3515e-02, +1.1078e-01, -1.2197e-01, -1.0895e-01, -4.8397e-02, -1.0000e+00, -5.4266e-02, -2.5297e-01, -1.1387e-01, -1.9445e-01, +4.4376e-02, -6.5582e-02, +1.2474e-02, +1.8827e-02, -6.7351e-02, +9.9509e-02, -9.7707e-02, -1.3268e-01, +2.3952e-02, -2.0601e-02, -4.2697e-02, -2.1935e-02, -2.4621e-02, -1.8351e-01, -1.2523e-01, -1.9183e-01, +2.2058e-01, -1.1785e-02, +7.6343e-02
+4.3489e-03, +4.7618e-02, -4.6373e-03, -6.7751e-02, -1.0126e-01, -8.9478e-02, -8.4187e-02, +3.0631e-02, -1.4913e-02, +7.1887e-02, -4.6806e-02, +1.1526e-01, -5.6976e-02, -1.4348e-01, -5.9246e-02, +1.2491e-01, -3.7345e-02, -9.1896e-02, -1.4608e-01, -9.2850e-02, +3.3375e-04, +2.5784e-03, +3.8202e-03, -3.0483e-02, +5.1841e-02, +1.5110e-02, -5.4266e-02, -1.0000e+00, -9.8141e-02, -9.5929e-02, -9.2047e-02, +2.8670e-02, -4.0564e-02, -8.4518e-02, -3.8008e-03, -9.5199e-02, +1.6162e-01, -1.0991e-01, -8.8268e-02, -8.7243e-03, +4.8609e-02, -3.3686e-03, -1.8275e-02, +3.3630e-02, -1.1450e-01, -1.0089e-02, -1.0439e-01, +1.7629e-01, -1.5347e-01, +5.9174e-02
-1.3320e-01, -6.6303e-02, +4.7331e-02, -9.9741e-02, -1.4246e-01, -2.1094e-01, -1.0177e-02, +1.6214e-01, -7.5049e-02, +1.1862e-01, -1.0934e-01, +4.9458e-02, -6.1878e-02, -3.6034e-02, -1.3558e-01, +1.3513e-01, +7.8482e-04, -7.7975e-02, -1.1136e-01, -6.0901e-04, -6.4879e-02, -5.9737e-02, +4.1641e-02, +2.7092e-03, -4.3825e-02, -3.0268e-02, -2.5297e-01, -9.8141e-02, -1.0000e+00, -1.3265e-01, -1.5379e-01, +1.2026e-01, -2.5565e-03, -1.2820e-01, -6.9917e-02, -1.5631e-02, -8.1407e-03, -1.5816e-01, -1.3318e-01, -2.8603e-03, +1.3511e-01, -6.2688e-02, +1.4854e-03, -1.5321e-02, -1.9511e-01, -4.2412e-02, -2.0005e-01, +4.4913e-01, -1.5532e-02, +1.1128e-01
-3.8793e-03, -4.2462e-04, +2.4295e-02, -3.9624e-02, -9.2204e-02, -7.1570e-02, +6.1754e-03, +1.2313e-01, +3.0454e-03, +1.5723e-02, -2.4851e-02, -1.1745e-01, -2.7722e-02, -1.6343e-01, -1.6404e-02, +2.2250e-02, -6.0996e-02, +3.9293e-03, -1.7221e-01, +5.8197e-02, +1.3402e-02, -1.1169e-01, +1.1984e-03, -4.4782e-02, +2.1285e-02, +1.3985e-01, -1.1387e-01, -9.5929e-02, -1.3265e-01, -1.0000e+00, -8.1135e-02, +1.4958e-02, -7.8115e-02, +7.1982e-02, +8.6481e-03, +2.9442e-02, +3.7690e-02, +3.6997e-02, -4.2699e-02, -2.8218e-02, +2.9267e-02, -1.5015e-02, +9.4053e-03, +2.1752e-02, -8.8118e-02, +1.4360e-02, -1.0709e-01, +1.5430e-01, -5.2836e-02, +3.9899e-02
-2.8577e-02, +7.8094e-02, +4.7971e-02, -1.1379e-01, -1.1741e-01, -2.0536e-01, -4.9873e-02, +1.6932e-01, -2.4518e-02, -5.9447e-02, -1.4415e-01, -4.8824e-03, -2.8226e-02, -8.2059e-02, -1.0713e-01, +1.0488e-01, -9.8876e-02, -2.5393e-02, -1.5867e-01, +7.8428e-02, -8.3042e-02, -7.4619e-02, +2.3395e-02, -9.2080e-02, -5.7851e-02, -1.1419e-01, -1.9445e-01, -9.2047e-02, -1.5379e-01, -8.1135e-02, -1.0000e+00, +6.0757e-02, -3.9387e-02, +4.5920e-02, +4.9760e-02, -8.4171e-02, +2.1155e-02, -1.8030e-01, -1.1170e-01, -4.1727e-02, -1.3228e-01, -1.3899e-02, -2.7290e-02, -6.7662e-02, -1.7226e-01, -8.9403e-02, -1.7043e-01, +4.1762e-01, -3.5645e-02, +1.2637e-01
+1.6873e-02, -5.6137e-02, -2.4182e-03, +2.1821e-02, +3.4232e-03, +1.0489e-02, -5.3605e-02, -7.2807e-02, +2.6624e-02, -8.1936e-02, -1.6897e-02, -1.8643e-02, -3.0480e-02, +7.7107e-02, +3.0975e-02, -3.5579e-02, -6.5609e-02, -8.1952e-03, +7.5094e-02, +2.8765e-02, +3.0180e-02, -3.5957e-02, +6.0125e-03, -4.2266e-02, +1.9684e-02, +1.0760e-02, +4.4376e-02, +2.8670e-02, +1.2026e-01, +1.4958e-02, +6.0757e-02, -1.0000e+00, +4.6072e-02, +1.0330e-02, +2.8934e-02, -5.0691e-02, +2.9707e-04, -4.1199e-02, +4.7635e-02, -3.8834e-02, -1.8105e-02, +1.1191e-01, +2.7180e-02, +1.9517e-02, +1.7604e-02, +8.3135e-02, +1.1442e-01, -1.0086e-01, +6.1373e-02, +1.6186e-01
+6.4337e-02, +1.7183e-02, +7.3198e-03, -7.1451e-02, -6.8457e-02, -4.9066e-02, -1.4881e-02, +2.3344e-02, +7.9077e-02, -4.3277e-02, -4.6904e-02, -1.3579e-02, -2.4931e-02, +2.1580e-02, -4.8763e-03, -1.3241e-02, -9.4280e-02, -4.6764e-02, -3.5656e-02, -5.9864e-02, -2.9084e-02, -1.4093e-01, -1.3001e-02, -4.7599e-02, +1.0262e-02, -9.4588e-03, -6.5582e-02, -4.0564e-02, -2.5565e-03, -7.8115e-02, -3.9387e-02, +4.6072e-02, -1.0000e+00, -1.7492e-02, +4.7576e-03, -5.3947e-03, +7.5070e-02, -7.2866e-02, -6.4993e-02, -5.5765e-02, -1.1836e-01, +9.0019e-02, -7.3331e-03, -2.1469e-02, -3.7450e-02, +3.1923e-02, -8.0609e-02, +8.3980e-02, -5.0067e-02, +3.6847e-02
-7.6805e-02, -1.0788e-01, -5.7689e-02, -2.0836e-02, -7.3463e-02, -1.0716e-03, -1.0686e-01, -1.1192e-01, -9.2324e-02, +2.1641e-01, -1.2635e-01, -9.4708e-02, -2.0682e-02, +2.3962e-02, +3.4547e-02, +1.5130e-01, +3.1627e-02, -1.0130e-01, -4.6872e-02, -1.0623e-01, +8.0169e-02, +5.6580e-02, +5.3685e-01, +5.6312e-02, -9.1055e-03, -2.4248e-02, +1.2474e-02, -8.4518e-02, -1.2820e-01, +7.1982e-02, +4.5920e-02, +1.0330e-02, -1.7492e-02, -1.0000e+00, +1.8336e-03, -1.6057e-01, -2.2392e-02, -7.5777e-03, -1.2724e-01, -2.5327e-02, +4.6859e-02, -2.3240e-02, +7.0786e-02, +7.3429e-02, -7.7473e-02, +1.1712e-02, -5.0610e-02, +8.6196e-02, -4.4185e-02, +9.8788e-02
+6.7420e-03, -7.7788e-02, +4.4383e-02, +5.8308e-02, -1.2123e-01, +8.9542e-03, +8.8489e-02, +7.2646e-02, +1.2595e-02, -1.7344e-02, -1.8067e-02, -2.0973e-02, +1.6587e-02, -6.3032e-02, -6.3298e-02, +5.1849e-02, +5.1501e-03, -3.3692e-02, -7.3817e-02, -3.9956e-03, +1.9162e-02, +3.2278e-02, +6.3253e-03, -4.4640e-02, +1.8662e-02, +1.1530e-01, +1.8827e-02, -3.8008e-03, -6.9917e-02, +8.6481e-03, +4.9760e-02, +2.8934e-02, +4.7576e-03, +1.8336e-03, -1.0000e+00, +1.1005e-02, -2.4601e-02, -3.0241e-02, +1.0556e-01, +1.5883e-02, +1.2739e-01, +1.6354e-02, -1.8721e-02, +3.9655e-02, +4.0044e-02, -8.5945e-03, +6.9415e-02, +5.1350e-02, -6.7404e-03, +1.8509e-02
+4.9005e-02, -1.1608e-01, -9.7788e-02, -2.5202e-02, -3.8824e-03, -6.0586e-02, +9.4088e-04, +3.8272e-03, +1.0715e-02, +1.6738e-02, -8.7931e-02, +4.2340e-02, +9.4606e-02, -3.7586e-02, -7.0035e-03, +4.2584e-02, -4.4519e-02, -7.8309e-03, -8.9500e-02, -2.6103e-01, -5.2315e-02, +3.1954e-02, -6.3545e-02, -3.9472e-02, -9.0877e-02, -1.0795e-01, -6.7351e-02, -9.5199e-02, -1.5631e-02, +2.9442e-02, -8.4171e-02, -5.0691e-02, -5.3947e-03, -1.6057e-01, +1.1005e-02, -1.0000e+00, +1.1327e-01, +2.3582e-03, -6.2424e-02, -6.5400e-02, -6.6119e-02, -3.0264e-02, -1.0938e-01, -5.1862e-02, +3.8199e-02, -3.3791e-02, -1.0834e-01, -1.9218e-02, -7.6287e-02, +7.3318e-03
-4.2785e-02, +7.0437e-02, -6.5162e-02, +5.1786e-02, -1.8764e-02, +6.2419e-02, +3.7889e-04, -2.2295e-02, -5.6719e-03, +3.8877e-02, +4.6905e-02, +1.2384e-01, -8.6723e-02, -2.3556e-02, -1.0346e-02, +9.7473e-02, -7.5732e-02, +2.1124e-04, +1.3335e-01, +1.0679e-01, +3.5209e-02, +8.2755e-03, +6.8477e-02, +1.0935e-01, -1.7648e-02, +5.0262e-02, +9.9509e-02, +1.6162e-01, -8.1407e-03, +3.7690e-02, +2.1155e-02, +2.9707e-04, +7.5070e-02, -2.2392e-02, -2.4601e-02, +1.1327e-01, -1.0000e+00, +1.5705e-01, +2.8318e-02, -3.7227e-02, +1.9382e-02, +3.7924e-03, +6.9593e-02, -4.5154e-02, -8.1994e-02, +1.0029e-01, -3.1940e-02, +2.0090e-01, +1.3992e-01, +3.3416e-02
+1.7463e-02, +2.3578e-02, +4.9978e-02, -4.2947e-02, -5.8674e-02, -8.4260e-02, -8.7083e-02, -5.7124e-02, -1.3193e-02, +1.2377e-01, -3.3423e-02, -1.5175e-01, +7.5458e-03, -2.0993e-02, -1.6252e-02, +4.0213e-02, -7.4565e-02, -1.1864e-01, -3.9881e-02, -2.6197e-03, -1.6536e-02, -1.3556e-01, -4.6337e-02, -5.5824e-02, -6.9282e-03, +1.7247e-02, -9.7707e-02, -1.0991e-01, -1.5816e-01, +3.6997e-02, -1.8030e-01, -4.1199e-02, -7.2866e-02, -7.5777e-03, -3.0240e-02, +2.3582e-03, +1.5705e-01, -1.0000e+00, -2.2886e-02, -2.6245e-02, +9.7375e-03, +2.1588e-02, -3.9107e-02, -1.3789e-02, -1.0515e-01, -5.0555e-02, -2.5467e-02, +1.3430e-01, -2.4657e-02, +1.0866e-02
+1.1586e-02, -5.2573e-02, -3.5034e-02, -6.0162e-02, -3.3182e-04, -1.0628e-01, -5.7724e-02, +4.9453e-02, +3.4511e-03, +4.6708e-02, -1.0192e-01, -1.2958e-02, -5.3363e-02, -1.8702e-02, -2.3269e-02, -3.8980e-03, -3.8503e-02, -3.1056e-04, -1.4248e-01, -1.8329e-02, -5.0505e-02, -1.9898e-02, +1.4377e-01, -1.3157e-02, -3.0993e-02, -6.7412e-02, -1.3268e-01, -8.8268e-02, -1.3318e-01, -4.2699e-02, -1.1170e-01, +4.7635e-02, -6.4993e-02, -1.2724e-01, +1.0556e-01, -6.2424e-02, +2.8318e-02, -2.2886e-02, -1.0000e+00, -9.9970e-03, -1.0708e-01, -2.8630e-02, +2.4021e-02, -3.0061e-03, -1.2423e-01, -7.1126e-02, -1.5808e-01, +1.5230e-01, -3.4608e-02, +4.9170e-02
+7.7843e-02, -1.0434e-02, +4.4048e-02, +2.8284e-02, -4.3230e-02, +4.0344e-02, +5.4951e-02, -5.2112e-03, -1.6976e-02, +2.5489e-02, +4.4699e-02, +2.3141e-02, +5.0846e-03, -1.7196e-02, +2.8019e-02, +5.6501e-02, -5.4082e-02, -5.0968e-02, +1.4067e-02, -7.3320e-02, +1.4677e-02, +3.2417e-02, -2.2217e-02, +2.8456e-02, +3.1716e-02, +1.1403e-02, +2.3952e-02, -8.7243e-03, -2.8603e-03, -2.8218e-02, -4.1727e-02, -3.8834e-02, -5.5765e-02, -2.5327e-02, +1.5883e-02, -6.5400e-02, -3.7227e-02, -2.6245e-02, -9.9970e-03, -1.0000e+00, -3.1667e-02, -1.4559e-02, -4.6776e-02, +1.5024e-02, -1.5838e-03, +2.6361e-02, +5.7092e-02, +8.9322e-03, +7.7696e-03, +3.8008e-02
-3.5324e-02, +3.7966e-02, -3.3085e-03, -6.0314e-02, -3.1654e-02, -5.6703e-02, -6.5884e-02, -3.6268e-02, -4.4938e-02, +6.0707e-02, -4.0903e-02, -3.7465e-02, +1.7353e-02, -2.6402e-02, -5.0006e-02, -8.6688e-02, -3.9957e-02, +5.6772e-02, -8.6842e-03, -1.2506e-02, -1.0291e-01, -6.3071e-02, -8.1855e-02, +1.8785e-02, -9.7933e-02, -2.6570e-02, -2.0601e-02, +4.8609e-02, +1.3511e-01, +2.9267e-02, -1.3228e-01, -1.8105e-02, -1.1836e-01, +4.6859e-02, +1.2739e-01, -6.6119e-02, +1.9382e-02, +9.7375e-03, -1.0708e-01, -3.1667e-02, -1.0000e+00, -2.1633e-02, -1.0199e-01, -8.7207e-02, -2.0309e-02, -3.5683e-02, -5.4936e-02, +1.1532e-03, +1.9367e-02, +3.5274e-02
-4.7682e-02, +2.3949e-02, +1.9923e-02, -1.1179e-02, -1.5211e-02, -4.6053e-02, +5.1890e-02, +9.3751e-03, -1.6107e-01, -6.6460e-02, +1.0210e-02, +3.0148e-03, +4.2320e-02, +3.0130e-02, +3.6137e-03, +4.6910e-03, -1.6195e-02, -7.3734e-03, -2.6876e-02, -2.8164e-02, -3.0901e-02, +1.7142e-02, +5.9495e-03, +1.4942e-02, +3.5223e-03, -1.3995e-02, -4.2697e-02, -3.3686e-03, -6.2688e-02, -1.5015e-02, -1.3899e-02, +1.1191e-01, +9.0019e-02, -2.3240e-02, +1.6354e-02, -3.0264e-02, +3.7924e-03, +2.1588e-02, -2.8630e-02, -1.4559e-02, -2.1633e-02, -1.0000e+00, -1.5308e-02, -7.2695e-02, -3.3524e-02, -2.0924e-02, -3.7013e-02, +4.3875e-02, -1.8788e-02, +3.7072e-02
+5.3272e-02, -4.6392e-03, -5.1145e-02, -1.0916e-03, +1.1472e-02, -5.7306e-02, +1.7539e-03, -3.4682e-02, -1.0344e-01, -4.4286e-02, -4.5351e-02, -3.5463e-02, +5.3272e-02, +3.7729e-02, +1.5334e-02, -2.3134e-02, +6.2735e-02, -3.0953e-02, -8.8443e-03, -2.1029e-02, -7.1430e-02, +5.0082e-02, -6.6121e-02, +3.9192e-03, +5.7844e-02, -1.3033e-02, -2.1935e-02, -1.8275e-02, +1.4855e-03, +9.4053e-03, -2.7290e-02, +2.7180e-02, -7.3331e-03, +7.0786e-02, -1.8721e-02, -1.0938e-01, +6.9593e-02, -3.9107e-02, +2.4021e-02, -4.6776e-02, -1.0199e-01, -1.5308e-02, -1.0000e+00, -2.5116e-02, -2.9706e-02, -5.6147e-02, +3.7836e-02, -4.0468e-02, +6.0966e-02, -2.4224e-03
-2.6355e-02, +7.3583e-03, -3.5429e-02, +1.4587e-02, -1.4527e-02, -1.5693e-02, -2.0145e-02, +4.7064e-02, +4.4261e-02, -4.5917e-02, -3.6516e-02, +1.1737e-02, +3.2123e-02, -3.7030e-03, +4.4158e-03, +2.2785e-03, -8.9894e-02, +3.3291e-02, -7.6682e-02, +5.1062e-02, -1.1042e-01, +4.4566e-02, -3.5913e-02, +2.6850e-02, -5.1998e-02, -3.7767e-02, -2.4622e-02, +3.3630e-02, -1.5321e-02, +2.1753e-02, -6.7662e-02, +1.9517e-02, -2.1469e-02, +7.3429e-02, +3.9655e-02, -5.1862e-02, -4.5154e-02, -1.3789e-02, -3.0061e-03, +1.5024e-02, -8.7207e-02, -7.2695e-02, -2.5116e-02, -1.0000e+00, -5.6607e-02, -1.9896e-02, +2.1712e-03, -5.0509e-03, +2.3348e-02, -5.1604e-02
-7.9910e-03, +1.9068e-02, -4.1781e-02, -4.1836e-02, -1.2421e-01, -1.0864e-01, -7.6662e-02, +5.3344e-02, +4.6505e-02, +1.2897e-01, -1.1835e-01, -3.6699e-02, -1.6059e-01, -2.6086e-02, -9.5104e-02, +1.0124e-01, -5.2575e-02, -4.9191e-02, -1.4838e-01, +4.5645e-02, -7.4979e-02, -6.7305e-02, +1.6762e-01, +9.8045e-03, -2.8587e-02, -1.2744e-01, -1.8351e-01, -1.1450e-01, -1.9511e-01, -8.8118e-02, -1.7226e-01, +1.7604e-02, -3.7450e-02, -7.7473e-02, +4.0044e-02, +3.8199e-02, -8.1994e-02, -1.0515e-01, -1.2423e-01, -1.5838e-03, -2.0309e-02, -3.3524e-02, -2.9706e-02, -5.6607e-02, -1.0000e+00, -5.6343e-02, -1.5176e-01, +2.6407e-01, -9.6147e-02, +2.1232e-02
-5.2633e-02, -2.3097e-03, +9.8287e-03, -1.5925e-01, -5.8602e-02, -8.0019e-02, -9.9532e-02, +1.1951e-01, -1.3869e-02, +3.0179e-02, -3.8935e-02, -2.5215e-02, +5.4251e-02, -9.5048e-02, -5.0048e-02, -2.8249e-02, +6.6282e-03, +8.0426e-02, -2.2207e-01, +7.2101e-02, -8.3263e-02, +7.6253e-03, +1.5781e-03, -3.1749e-02, -2.9228e-02, -8.0353e-02, -1.2523e-01, -1.0089e-02, -4.2412e-02, +1.4360e-02, -8.9403e-02, +8.3135e-02, +3.1923e-02, +1.1712e-02, -8.5945e-03, -3.3791e-02, +1.0029e-01, -5.0555e-02, -7.1126e-02, +2.6361e-02, -3.5683e-02, -2.0924e-02, -5.6147e-02, -1.9896e-02, -5.6343e-02, -1.0000e+00, -1.2399e-01, +3.7759e-02, -2.9695e-03, +1.0753e-01
+1.6976e-02, +1.4085e-02, -6.1279e-02, -1.0419e-01, -1.6247e-02, -2.4300e-01, -9.9732e-03, +1.3057e-01, -1.8440e-02, +1.2652e-01, -1.5507e-01, -1.0389e-01, -1.0142e-01, -1.2766e-01, -3.6535e-02, +6.5115e-02, -4.8837e-02, -5.1417e-02, -2.1265e-01, +7.2819e-02, -4.4055e-02, -4.0229e-02, +3.0360e-02, -7.6954e-05, +2.5045e-03, -1.7270e-01, -1.9183e-01, -1.0439e-01, -2.0005e-01, -1.0709e-01, -1.7043e-01, +1.1442e-01, -8.0609e-02, -5.0610e-02, +6.9415e-02, -1.0834e-01, -3.1940e-02, -2.5467e-02, -1.5808e-01, +5.7092e-02, -5.4936e-02, -3.7013e-02, +3.7836e-02, +2.1712e-03, -1.5176e-01, -1.2399e-01, -1.0000e+00, +2.4870e-01, +3.7767e-03, +6.6908e-02
+1.4503e-01, -1.0318e-01, -1.0876e-01, +8.7529e-02, +2.0817e-01, +1.6014e-01, +1.9795e-02, -3.1749e-01, +1.1683e-01, +1.2945e-01, +2.0348e-01, -1.8655e-01, +7.9477e-02, +4.8971e-02, +2.4434e-01, -2.3115e-01, +1.1380e-02, +6.1528e-02, +2.0617e-01, +2.8835e-02, +8.9178e-02, +6.2424e-02, -1.7571e-02, +2.4005e-02, +7.9157e-02, +4.9098e-02, +2.2058e-01, +1.7629e-01, +4.4913e-01, +1.5430e-01, +4.1762e-01, -1.0086e-01, +8.3980e-02, +8.6196e-02, +5.1350e-02, -1.9218e-02, +2.0090e-01, +1.3430e-01, +1.5230e-01, +8.9322e-03, +1.1532e-03, +4.3875e-02, -4.0468e-02, -5.0509e-03, +2.6407e-01, +3.7759e-02, +2.4870e-01, -1.0000e+00, +1.9393e-02, -1.7691e-01
-3.3906e-02, +5.2162e-03, -2.5179e-02, +3.8424e-02, +1.8137e-02, -1.9674e-02, +2.9199e-02, +4.0821e-02, +1.9707e-02, +3.6300e-02, -3.0758e-02, -3.2372e-02, +7.3546e-02, -3.6394e-02, -6.1677e-03, +8.4602e-02, +8.8515e-02, -2.9853e-02, -3.5482e-02, +4.8352e-02, +1.5005e-02, -1.8049e-03, +3.7780e-02, +2.0134e-02, -9.9386e-03, +2.3225e-02, -1.1785e-02, -1.5347e-01, -1.5532e-02, -5.2836e-02, -3.5645e-02, +6.1373e-02, -5.0067e-02, -4.4185e-02, -6.7404e-03, -7.6287e-02, +1.3992e-01, -2.4657e-02, -3.4608e-02, +7.7696e-03, +1.9367e-02, -1.8788e-02, +6.0966e-02, +2.3348e-02, -9.6147e-02, -2.9695e-03, +3.7767e-03, +1.9393e-02, -1.0000e+00, +2.3504e-02
+4.9979e-02, +1.0065e-02, -8.5497e-02, +9.0123e-02, +1.1408e-01, +6.8046e-02, +1.5477e-02, -3.2339e-02, +9.4544e-02, +8.6125e-02, +8.2701e-02, +2.1061e-02, -1.1809e-02, +2.7902e-02, +8.5296e-02, -1.0494e-01, -6.2638e-02, +1.4934e-02, +1.7400e-01, -1.4533e-02, -8.0802e-04, -3.1779e-02, +3.8913e-02, +1.6393e-02, +7.3555e-03, +1.2657e-02, +7.6343e-02, +5.9174e-02, +1.1128e-01, +3.9899e-02, +1.2637e-01, +1.6186e-01, +3.6847e-02, +9.8788e-02, +1.8509e-02, +7.3318e-03, +3.3416e-02, +1.0866e-02, +4.9170e-02, +3.8008e-02, +3.5274e-02, +3.7072e-02, -2.4224e-03, -5.1604e-02, +2.1232e-02, +1.0753e-01, +6.6908e-02, -1.7691e-01, +2.3504e-02, -1.0000e+00
