-1.0000e+00, -1.0327e-02, -1.0291e-01, -1.4921e-01, -2.9539e-03, -8.3544e-02, -2.7017e-02, -6.2140e-02, -5.6791e-02, +1.0486e-01, -5.3024e-02, -8.1850e-02, +1.0837e-02, -6.0554e-02, +1.5333e-02, +1.9482e-02, +1.2731e-01, -5.0642e-02, -3.7891e-02, -1.1387e-03, -1.8362e-02, +2.9266e-02, +9.0585e-03, +6.6808e-02, -8.6137e-02, -5.2552e-02, +1.5110e-02, -3.6053e-02, -5.0640e-02, -5.9838e-02, -2.8101e-02, +1.2553e-02, +1.3291e-02, -1.1706e-03, +1.5023e-02, +1.2650e-02, -8.9068e-03, +5.2808e-02, -3.6332e-02, -5.5680e-02, -1.6922e-02, -9.6977e-02, -2.6256e-02, +3.3712e-02, -1.2878e-01, -5.8266e-02, -4.1781e-02, +1.5117e-01, +2.9021e-03, -6.1660e-02
-1.0327e-02, -1.0000e+00, -4.7254e-02, -4.2481e-02, -5.9721e-02, -3.0512e-04, -6.6321e-02, +2.8385e-02, +3.6043e-02, +9.2893e-02, +3.1462e-02, +2.2556e-03, -9.4928e-03, -7.0521e-02, -3.9516e-02, +4.4418e-03, +8.8865e-02, -4.1742e-02, -7.5854e-03, +5.3921e-02, +3.6825e-02, -8.1388e-03, -2.3054e-02, +2.0201e-03, -4.9210e-02, -6.9974e-02, +2.9099e-02, -1.0065e-02, -6.6396e-02, +1.0270e-02, +2.5576e-02, +1.8133e-02, +5.5020e-02, -2.4168e-02, +1.8792e-02, +5.2183e-03, +6.4519e-02, +2.5014e-02, +1.7860e-02, +2.2168e-02, +1.0106e-02, +4.3425e-03, -8.7283e-02, -5.8846e-03, -7.7268e-02, +1.1828e-02, -5.6497e-02, -2.1590e-02, +6.7974e-04, -4.6824e-02
-1.0291e-01, -4.7254e-02, -1.0000e+00, -1.1652e-01, -6.0811e-02, -9.6374e-02, +1.6283e-02, +8.6480e-03, +2.7183e-02, +1.1420e-01, -1.2220e-01, -1.4865e-02, -4.3632e-02, -7.0446e-02, +9.2931e-03, +1.9813e-02, +1.4573e-01, -9.1453e-03, -6.6100e-02, -1.3555e-01, -5.1004e-02, -1.7667e-02, +3.9821e-02, +1.1809e-02, -9.5351e-02, -1.2190e-01, -7.6286e-02, -6.0356e-02, -1.0372e-01, -4.9882e-02, +1.2543e-02, -2.4327e-02, +6.7974e-02, +4.3479e-02, +2.6616e-03, +1.8097e-02, +8.0372e-03, +2.3039e-03, -4.0291e-02, -6.2713e-02, -2.2533e-02, -8.3730e-03, -4.5843e-02, -5.1904e-02, -1.2137e-01, -7.7671e-02, -8.6163e-02, +1.3877e-02, -1.3021e-03, -3.6746e-02
-1.4921e-01, -4.2481e-02, -1.1652e-01, -1.0000e+00, -6.7053e-02, -1.0461e-01, -9.2219e-03, -1.6643e-02, +1.1876e-01, +1.3939e-01, -1.4007e-01, -1.3069e-01, -2.6001e-02, -1.4635e-01, +3.5185e-02, +1.6247e-02, +2.9788e-01, +1.8384e-02, -6.4018e-02, +2.2586e-02, -3.0064e-02, +1.0769e-02, +3.9888e-02, -4.3002e-02, -1.5208e-01, -1.8930e-01, -3.4608e-02, -9.9329e-02, +4.8072e-04, -1.1255e-01, -1.4578e-01, +9.4135e-02, +1.0160e-01, +1.7206e-02, -3.5562e-02, +2.5991e-03, +1.2927e-01, -6.7478e-02, -4.2345e-02, +3.5839e-02, -2.5740e-02, -4.4098e-02, -2.3919e-02, -7.2958e-02, -1.0620e-01, -1.6678e-01, -1.2246e-01, +9.5102e-02, -1.0794e-01, -1.5745e-01
-2.9539e-03, -5.9721e-02, -6.0811e-02, -6.7053e-02, -1.0000e+00, +6.6003e-03, -5.8117e-02, +1.0237e-02, -7.4806e-04, +4.8439e-02, +3.1573e-02, -9.2662e-02, +3.6151e-02, -5.8524e-02, -6.2873e-02, +6.5671e-02, +6.6766e-02, +1.6796e-02, -1.9902e-02, +1.0466e-02, +4.4259e-02, +2.8798e-02, -2.0614e-02, -8.0204e-02, +1.2101e-02, -4.0695e-02, -4.0799e-02, -2.8633e-02, -4.8758e-02, -5.3497e-02, -6.0408e-03, +9.7920e-02, -4.0400e-02, +1.3164e-02, -2.6523e-02, +1.5618e-03, +3.9458e-02, +3.3270e-02, +2.0364e-02, -3.2138e-02, -2.4702e-02, +7.1282e-04, +5.1021e-02, -2.6909e-02, +1.2732e-02, -9.0256e-02, -7.3399e-02, +7.5053e-02, +2.5856e-02, -4.2408e-03
-8.3544e-02, -3.0512e-04, -9.6374e-02, -1.0461e-01, +6.6003e-03, -1.0000e+00, -5.9877e-02, -2.1975e-02, +8.6653e-02, +5.9939e-02, -1.5641e-01, -5.8931e-02, -4.8846e-02, -2.1983e-02, -1.0089e-01, -5.4465e-02, +1.1932e-01, -5.9290e-02, -1.3547e-01, +3.0845e-02, +5.4158e-02, -5.7754e-02, -2.0402e-02, -1.2764e-02, -4.3036e-02, -9.4584e-02, -7.9344e-02, -6.1381e-02, -7.2488e-02, -2.6051e-02, -1.0380e-01, -3.5863e-02, -2.4311e-04, -5.2381e-02, -4.0413e-02, -1.1280e-01, -3.8478e-02, +3.8175e-03, +9.1479e-03, -4.9563e-02, -4.6764e-02, -4.0991e-02, -1.8960e-02, -7.8186e-02, +3.4723e-03, -4.5960e-02, -2.1998e-01, +1.5177e-02, +1.4720e-02, -4.5481e-04
-2.7017e-02, -6.6321e-02, +1.6283e-02, -9.2219e-03, -5.8117e-02, -5.9877e-02, -1.0000e+00, -7.1626e-02, +3.7083e-02, +3.6531e-02, +1.6023e-02, -2.2528e-02, +1.1936e-02, -3.3835e-02, +6.4649e-03, +2.1554e-02, +1.1569e-01, -7.3738e-03, -3.0591e-02, +5.9375e-02, +3.5228e-02, -1.6799e-02, +5.0370e-02, -9.4786e-02, -2.0522e-02, +4.1263e-02, -6.7429e-02, -9.5637e-02, +1.5261e-02, -1.7472e-02, -3.4681e-02, +5.0099e-02, +1.4718e-02, +2.3475e-02, -2.7741e-02, -6.1404e-02, -3.4941e-02, +9.4197e-02, +1.1704e-02, +7.5365e-03, -2.3957e-02, +5.7618e-03, +5.6119e-02, -4.8231e-04, -1.2600e-02, -1.6993e-01, -4.5761e-02, +4.8796e-03, -1.3100e-02, -5.2946e-02
-6.2140e-02, +2.8385e-02, +8.6480e-03, -1.6643e-02, +1.0237e-02, -2.1975e-02, -7.1626e-02, -1.0000e+00, +6.0044e-02, +7.7527e-02, -3.3602e-02, +4.4358e-02, -5.2849e-02, -1.1735e-02, -3.6668e-02, +2.7118e-02, +1.2146e-01, -3.6614e-02, +3.5194e-02, -4.1833e-02, -3.0040e-02, -2.4322e-04, +4.2273e-02, -9.4140e-03, +2.7040e-02, -6.2675e-02, -1.3477e-03, -3.8161e-02, -1.2457e-01, -1.0038e-01, -5.6180e-02, +5.8309e-02, +4.6372e-02, -1.5573e-02, -6.6676e-03, -2.2508e-02, +1.4230e-01, +6.1992e-03, +2.6053e-02, -4.3099e-02, -2.4520e-02, -8.1347e-02, +1.1029e-02, -4.2522e-02, -1.1315e-01, +2.3905e-02, -3.0109e-02, +5.8476e-02, -5.6889e-02, -6.2724e-02
-5.6791e-02, +3.6043e-02, +2.7183e-02, +1.1876e-01, -7.4808e-04, +8.6653e-02, +3.7083e-02, +6.0044e-02, -1.0000e+00, +8.4512e-02, +8.2428e-02, +1.9457e-02, -2.8854e-02, +1.1435e-01, +4.8037e-02, +2.8426e-01, -3.8388e-02, -3.3480e-02, +1.1856e-02, -2.3460e-02, -2.8157e-02, +1.9567e-02, -1.8222e-02, +5.9303e-02, -4.2077e-02, +1.3164e-01, +1.2808e-02, -3.0326e-02, +2.0596e-03, +4.6678e-02, +1.7686e-02, -1.1662e-02, -5.2458e-02, +6.3554e-02, +5.8523e-02, +3.2429e-02, -2.6041e-02, +8.1713e-02, -9.5631e-03, +6.5546e-02, +5.0610e-02, +1.9421e-01, -1.0142e-01, +6.9059e-02, -4.9169e-02, +4.5015e-02, +1.3025e-01, +1.9932e-01, -1.0891e-01, +3.3734e-02
+1.0486e-01, +9.2893e-02, +1.1420e-01, +1.3939e-01, +4.8439e-02, +5.9939e-02, +3.6531e-02, +7.7527e-02, +8.4512e-02, -1.0000e+00, -9.3912e-02, +1.0005e-01, +9.0408e-03, +1.8067e-02, +1.3013e-01, -8.2604e-02, +1.9482e-01, +9.4693e-02, +5.7728e-02, -1.5534e-01, -9.7569e-03, -3.2120e-02, +9.6961e-02, -1.0445e-01, +1.0122e-01, +7.9394e-02, -5.0351e-02, +9.6235e-02, +9.5421e-02, -3.1608e-03, -5.2656e-02, -8.4594e-02, +1.4434e-02, -4.3967e-02, +3.7704e-02, +3.3998e-02, +7.7582e-02, +3.6763e-02, +6.4935e-02, -6.2732e-02, +9.7643e-02, +1.8475e-02, +3.4482e-02, -8.8145e-02, +7.8099e-02, +1.1749e-01, +8.1818e-02, +3.4613e-02, +3.4735e-02, +1.6285e-01
-5.3024e-02, +3.1462e-02, -1.2220e-01, -1.4007e-01, +3.1573e-02, -1.5641e-01, +1.6023e-02, -3.3602e-02, +8.2428e-02, -9.3912e-02, -1.0000e+00, -5.3037e-02, -8.1059e-02, -3.9096e-02, -1.0221e-01, -5.7116e-02, +1.1306e-01, -5.7424e-02, -7.2550e-02, +8.5142e-03, -1.5198e-02, -4.6529e-02, +8.4492e-03, +5.0064e-02, +1.0995e-02, -1.5938e-01, -2.9635e-02, -8.9612e-02, -5.5906e-02, -7.3663e-02, -4.7922e-02, +3.1703e-03, +6.2497e-03, -9.9837e-02, -8.9499e-03, -4.5595e-02, +6.6919e-02, -4.5211e-02, +7.3682e-03, -4.5934e-02, -2.6044e-02, -7.4775e-04, -2.5688e-02, -1.8016e-01, -1.0488e-01, -5.8157e-02, -1.4722e-01, +1.0617e-01, -6.6777e-04, +4.3822e-02
-8.1850e-02, +2.2556e-03, -1.4865e-02, -1.3069e-01, -9.2662e-02, -5.8931e-02, -2.2528e-02, +4.4358e-02, +1.9457e-02, +1.0005e-01, -5.3037e-02, -1.0000e+00, -3.5700e-02, -9.5634e-02, +7.5130e-02, -1.5283e-02, +4.0166e-01, -1.2406e-01, -7.7676e-02, -3.6481e-02, -6.2743e-03, -3.2622e-02, +6.8627e-02, -6.4937e-02, -2.3427e-01, -7.2242e-02, -3.6963e-02, +1.1393e-02, +3.1578e-02, +5.6684e-02, -6.3284e-02, +1.1761e-01, +8.3561e-03, +6.5497e-04, +1.1253e-02, -2.6579e-02, -8.2713e-02, +1.1231e-01, -1.0340e-01, +1.1026e-01, +4.5692e-02, +5.8812e-03, -5.6133e-02, +2.1859e-02, -9.5116e-02, -1.0918e-01, +2.8544e-03, -1.1286e-03, +6.1842e-02, -1.5609e-01
+1.0837e-02, -9.4928e-03, -4.3632e-02, -2.6001e-02, +3.6151e-02, -4.8846e-02, +1.1936e-02, -5.2849e-02, -2.8854e-02, +9.0408e-03, -8.1059e-02, -3.5700e-02, -1.0000e+00, +7.9341e-02, +6.3036e-03, +5.9546e-02, +1.1926e-01, +1.9949e-02, -6.7444e-02, -2.0940e-02, +2.3541e-03, +3.7194e-02, -6.5706e-04, +6.6605e-03, +4.4053e-02, -1.0686e-01, -3.1522e-02, -4.9294e-02, -3.0555e-02, +5.8969e-02, -5.2762e-02, +1.3385e-01, -6.2863e-02, +1.0986e-02, -5.9740e-02, -5.2003e-02, -3.9954e-02, +6.2982e-02, -3.2020e-02, -3.5773e-02, -3.6713e-03, -2.1421e-02, -3.7546e-03, -5.3840e-02, -1.3638e-01, -7.3108e-02, -1.5803e-02, -3.8554e-02, +7.7474e-02, -5.4328e-02
-6.0554e-02, -7.0521e-02, -7.0446e-02, -1.4635e-01, -5.8524e-02, -2.1982e-02, -3.3835e-02, -1.1735e-02, +1.1435e-01, +1.8067e-02, -3.9096e-02, -9.5634e-02, +7.9341e-02, -1.0000e+00, -5.8254e-03, -1.4182e-02, +2.2288e-01, +3.7889e-02, -3.9724e-02, +7.2238e-02, +4.5538e-02, -3.2536e-02, +2.0063e-02, +2.8268e-02, -8.4575e-02, -7.5625e-03, +2.9930e-02, -3.8258e-02, +1.4724e-02, -1.3649e-02, -1.3343e-02, +7.7742e-02, +1.2000e-01, +4.0753e-02, +3.3960e-02, -3.7465e-02, +2.0485e-01, -1.0796e-01, +1.0471e-02, -2.9547e-03, -6.0958e-02, -1.0105e-01, -7.1621e-02, +3.3885e-02, -5.0608e-02, -2.0411e-03, -1.1238e-01, +2.3087e-01, -2.3656e-01, -1.0543e-01
+1.5333e-02, -3.9516e-02, +9.2930e-03, +3.5185e-02, -6.2873e-02, -1.0089e-01, +6.4649e-03, -3.6668e-02, +4.8037e-02, +1.3013e-01, -1.0221e-01, +7.5130e-02, +6.3037e-03, -5.8254e-03, -1.0000e+00, -2.4449e-03, -2.0663e-01, -1.0060e-01, -2.0179e-03, -2.1175e-02, -9.6293e-02, -7.3710e-02, -4.6536e-02, -4.7701e-03, +1.0481e-01, -5.7234e-02, -2.4789e-03, +1.3688e-02, -6.4821e-02, -5.5148e-02, +1.8946e-02, -5.6273e-03, -1.9851e-02, -3.3663e-02, -3.2954e-02, +1.9640e-02, +2.3616e-01, -1.4630e-01, +6.7848e-03, -5.3127e-02, -5.0450e-02, -9.8331e-03, -1.2202e-02, -2.6923e-02, -3.5910e-02, -3.2827e-02, -8.3673e-02, +1.1421e-01, -8.2558e-02, +9.5899e-02
+1.9482e-02, +4.4418e-03, +1.9813e-02, +1.6247e-02, +6.5671e-02, -5.4465e-02, +2.1554e-02, +2.7118e-02, +2.8426e-01, -8.2604e-02, -5.7116e-02, -1.5283e-02, +5.9546e-02, -1.4182e-02, -2.4449e-03, -1.0000e+00, -7.7044e-02, -5.6194e-03, -3.9287e-03, -3.8720e-02, -2.0956e-02, -8.5526e-02, +6.9591e-04, -4.1785e-02, -3.9914e-02, -5.2786e-02, -3.7617e-02, -4.5745e-02, +7.9234e-02, +1.4882e-02, +9.7215e-02, -1.9645e-02, -1.1113e-01, -4.2266e-02, +4.4073e-02, -2.8358e-02, -1.4354e-02, -1.0343e-01, -5.5956e-02, -8.6758e-02, -6.5704e-02, +1.8698e-01, +4.2819e-02, +3.6084e-02, +8.0216e-02, +1.1293e-02, -2.8163e-02, +3.5856e-02, +7.7838e-02, +1.3203e-01
+1.2731e-01, +8.8865e-02, +1.4573e-01, +2.9788e-01, +6.6766e-02, +1.1932e-01, +1.1569e-01, +1.2146e-01, -3.8388e-02, +1.9482e-01, +1.1306e-01, +4.0166e-01, +1.1926e-01, +2.2288e-01, -2.0663e-01, -7.7044e-02, -1.0000e+00, -2.6845e-02, +2.4129e-01, +7.9155e-04, -4.4781e-02, -6.1897e-02, -1.5576e-01, +1.2452e-01, +3.4577e-01, +1.1178e-01, +7.7331e-02, +1.0239e-01, +1.7047e-01, +5.5355e-02, +2.0998e-01, -1.2733e-01, -3.4100e-02, -7.9982e-02, -1.4416e-02, +4.2517e-02, -8.6615e-02, -2.1403e-01, +1.6225e-01, -8.5071e-02, -8.7089e-02, +2.1314e-02, +1.1400e-01, +5.9089e-02, +3.0268e-01, +9.3970e-02, +3.6432e-02, -1.8550e-01, -1.6963e-02, +3.8626e-01
-5.0642e-02, -4.1742e-02, -9.1453e-03, +1.8384e-02, +1.6796e-02, -5.9290e-02, -7.3738e-03, -3.6614e-02, -3.3480e-02, +9.4693e-02, -5.7424e-02, -1.2406e-01, +1.9949e-02, +3.7889e-02, -1.0060e-01, -5.6194e-03, -2.6845e-02, -1.0000e+00, +3.5558e-02, +3.5932e-03, -1.8063e-02, -3.4441e-02, -1.5018e-02, +7.7971e-03, +7.9995e-02, -6.3275e-02, +5.1270e-02, -1.9744e-02, +3.3838e-02, -7.3533e-02, +9.2183e-02, +1.3297e-02, +3.1899e-02, -3.0410e-03, -7.2520e-02, -7.8428e-02, +2.3367e-02, +4.2202e-03, -7.6140e-03, -4.0964e-02, +1.0452e-02, +3.6040e-02, +3.7122e-02, -2.3267e-02, +1.7148e-03, -1.0257e-02, -1.2452e-02, +4.3631e-02, -9.5258e-02, -2.6252e-02
-3.7891e-02, -7.5854e-03, -6.6100e-02, -6.4018e-02, -1.9902e-02, -1.3547e-01, -3.0591e-02, +3.5194e-02, +1.1856e-02, +5.7728e-02, -7.2550e-02, -7.7676e-02, -6.7444e-02, -3.9724e-02, -2.0179e-03, -3.9287e-03, +2.4129e-01, +3.5558e-02, -1.0000e+00, -1.0573e-02, +1.0780e-01, -3.1001e-02, +2.8159e-02, +2.7819e-03, -8.7468e-02, -9.0458e-02, -3.5024e-02, -4.1960e-03, -1.1800e-01, -1.7489e-02, -5.9665e-02, +4.2061e-03, -2.4371e-03, -3.0805e-02, -7.2887e-02, +3.0997e-03, -3.6588e-02, +7.4543e-02, -1.1624e-01, -3.3015e-02, +1.0284e-02, -2.4343e-02, -2.6331e-02, +5.9088e-03, -7.9090e-02, -3.7642e-02, -1.1021e-01, +4.6187e-02, +3.3323e-02, -1.3482e-01
-1.1387e-03, +5.3921e-02, -1.3555e-01, +2.2586e-02, +1.0466e-02, +3.0845e-02, +5.9375e-02, -4.1833e-02, -2.3460e-02, -1.5534e-01, +8.5142e-03, -3.6481e-02, -2.0940e-02, +7.2238e-02, -2.1175e-02, -3.8720e-02, +7.9155e-04, +3.5932e-03, -1.0573e-02, -1.0000e+00, +3.1712e-02, -6.9832e-02, -8.4345e-05, -7.3087e-02, -1.0512e-02, -1.8922e-02, +3.1659e-02, +9.8428e-04, -3.2129e-02, -1.0264e-01, +4.4761e-02, -3.4880e-02, +4.6535e-02, +6.7559e-03, +9.2940e-02, +3.9316e-02, +4.5523e-02, -2.2820e-02, +4.5777e-02, -9.4567e-02, +2.8471e-02, +6.3605e-03, -2.1434e-02, +2.0130e-01, -2.5897e-02, -2.8723e-03, +5.2571e-02, -3.4758e-02, -2.0664e-02, +8.3890e-02
-1.8362e-02, +3.6825e-02, -5.1004e-02, -3.0064e-02, +4.4259e-02, +5.4158e-02, +3.5228e-02, -3.0040e-02, -2.8157e-02, -9.7569e-03, -1.5198e-02, -6.2743e-03, +2.3541e-03, +4.5538e-02, -9.6293e-02, -2.0956e-02, -4.4781e-02, -1.8063e-02, +1.0780e-01, +3.1712e-02, -1.0000e+00, +1.9966e-02, +8.5630e-03, +3.4310e-02, -8.6975e-04, +1.8532e-02, +2.4919e-02, -1.1130e-02, +8.0296e-03, -1.9099e-02, +3.3605e-02, -2.7791e-02, -3.7853e-02, +5.5028e-02, +2.0643e-02, +3.1945e-02, +7.4199e-02, -3.4820e-02, +3.6536e-02, -4.2026e-02, -9.3380e-03, +4.7891e-03, -3.2153e-02, -7.6859e-02, +5.1835e-02, +1.1311e-02, +4.5468e-02, -9.5302e-03, +2.2573e-02, -4.2871e-03
+2.9266e-02, -8.1388e-03, -1.7667e-02, +1.0769e-02, +2.8798e-02, -5.7754e-02, -1.6799e-02, -2.4321e-04, +1.9567e-02, -3.2120e-02, -4.6529e-02, -3.2622e-02, +3.7194e-02, -3.2536e-02, -7.3710e-02, -8.5526e-02, -6.1897e-02, -3.4441e-02, -3.1001e-02, -6.9832e-02, +1.9966e-02, -1.0000e+00, -1.7329e-02, +1.3401e-02, +2.6020e-02, +2.3677e-02, +4.8503e-02, -6.3907e-02, -2.4797e-02, -6.2495e-03, +2.3267e-02, -1.0727e-02, -1.0600e-02, +2.8937e-02, +3.8693e-02, -9.2553e-03, -2.9784e-03, -6.3009e-02, -1.6952e-02, -2.1909e-04, -2.4712e-03, +4.5041e-03, +6.4554e-02, +1.8431e-02, +2.6192e-03, -1.1316e-02, -7.0713e-02, +2.7959e-02, -1.8904e-02, +4.8592e-02
+9.0585e-03, -2.3054e-02, +3.9821e-02, +3.9888e-02, -2.0614e-02, -2.0402e-02, +5.0370e-02, +4.2273e-02, -1.8222e-02, +9.6961e-02, +8.4492e-03, +6.8627e-02, -6.5706e-04, +2.0063e-02, -4.6536e-02, +6.9591e-04, -1.5576e-01, -1.5018e-02, +2.8159e-02, -8.4340e-05, +8.5630e-03, -1.7329e-02, -1.0000e+00, +1.1966e-02, +1.0971e-02, -1.6994e-04, -5.6557e-02, +7.7119e-03, -3.1241e-02, -7.5139e-02, +4.3088e-02, -6.6407e-02, +1.4239e-01, +1.3901e-02, -1.2743e-02, +3.5784e-02, -1.9629e-02, -4.7821e-02, +2.0442e-02, -2.7034e-02, -3.2728e-02, +3.8106e-03, +5.1809e-02, -3.3628e-03, +4.4462e-02, +5.5551e-03, -4.3718e-02, +2.8764e-02, -1.0616e-01, +4.0398e-02
+6.6808e-02, +2.0201e-03, +1.1809e-02, -4.3002e-02, -8.0204e-02, -1.2764e-02, -9.4786e-02, -9.4140e-03, +5.9303e-02, -1.0445e-01, +5.0064e-02, -6.4937e-02, +6.6605e-03, +2.8268e-02, -4.7701e-03, -4.1785e-02, +1.2452e-01, +7.7971e-03, +2.7819e-03, -7.3087e-02, +3.4310e-02, +1.3401e-02, +1.1966e-02, -1.0000e+00, -2.9157e-02, -7.6694e-02, -2.9289e-02, +7.6331e-04, +4.3837e-02, -4.1323e-02, -1.2680e-01, +2.5039e-02, +5.6065e-02, +2.5670e-02, -2.7098e-02, +4.1026e-03, +2.0505e-02, +3.6416e-02, -8.1727e-02, +4.6162e-03, +8.2177e-02, -6.6642e-03, +1.4029e-02, -3.6881e-02, +8.4214e-03, -1.4045e-01, -6.4847e-02, -5.1703e-02, +7.6906e-02, +1.9630e-02
-8.6137e-02, -4.9210e-02, -9.5351e-02, -1.5208e-01, +1.2101e-02, -4.3036e-02, -2.0522e-02, +2.7040e-02, -4.2077e-02, +1.0122e-01, +1.0995e-02, -2.3427e-01, +4.4053e-02, -8.4575e-02, +1.0481e-01, -3.9914e-02, +3.4577e-01, +7.9995e-02, -8.7468e-02, -1.0512e-02, -8.6974e-04, +2.6020e-02, +1.0971e-02, -2.9157e-02, -1.0000e+00, -5.9722e-03, -3.1905e-02, -2.9780e-02, -2.5624e-02, +1.3776e-02, -9.7305e-02, -1.3499e-02, -3.1547e-02, +3.6112e-02, -2.0147e-02, -2.7214e-02, -8.0201e-02, +8.3200e-02, -8.4686e-02, +2.7551e-02, +1.5114e-02, +3.8438e-02, +5.4517e-02, +2.2016e-02, -1.4400e-01, -3.6141e-02, -3.8873e-02, +6.5835e-03, +4.9461e-02, -1.8323e-01
-5.2552e-02, -6.9974e-02, -1.2190e-01, -1.8930e-01, -4.0695e-02, -9.4584e-02, +4.1263e-02, -6.2675e-02, +1.3164e-01, +7.9394e-02, -1.5938e-01, -7.2242e-02, -1.0686e-01, -7.5625e-03, -5.7234e-02, -5.2786e-02, +1.1178e-01, -6.3275e-02, -9.0458e-02, -1.8922e-02, +1.8532e-02, +2.3677e-02, -1.6995e-04, -7.6694e-02, -5.9722e-03, -1.0000e+00, -6.1661e-02, -8.9701e-02, -4.9415e-02, -7.8039e-02, -1.4495e-01, +3.4227e-02, -1.4494e-03, +1.0772e-02, -3.9533e-02, -2.8975e-04, +1.2463e-01, +6.8597e-03, +4.5542e-03, -3.3200e-02, +6.1944e-03, +4.1151e-03, -6.1735e-02, -1.9086e-01, -9.6602e-02, -8.4013e-02, -1.1926e-01, +5.0155e-02, +1.2178e-02, +3.5416e-02
+1.5110e-02, +2.9099e-02, -7.6286e-02, -3.4608e-02, -4.0799e-02, -7.9344e-02, -6.7429e-02, -1.3477e-03, +1.2808e-02, -5.0351e-02, -2.9635e-02, -3.6963e-02, -3.1522e-02, +2.9930e-02, -2.4789e-03, -3.7617e-02, +7.7331e-02, +5.1270e-02, -3.5024e-02, +3.1659e-02, +2.4919e-02, +4.8503e-02, -5.6557e-02, -2.9289e-02, -3.1905e-02, -6.1661e-02, -1.0000e+00, +7.9828e-04, -6.2667e-02, -4.1859e-02, -1.1066e-01, -1.8702e-02, +1.0532e-01, -3.1885e-02, +3.5652e-02, -5.5859e-02, +2.8057e-03, -5.3743e-02, -1.2361e-02, -5.5069e-02, +1.4493e-02, +8.5135e-03, +1.8097e-02, -2.5703e-02, -9.7876e-03, -6.7801e-02, -1.0609e-01, +2.1789e-02, -7.4605e-02, +3.6654e-02
-3.6053e-02, -1.0065e-02, -6.0356e-02, -9.9329e-02, -2.8633e-02, -6.1381e-02, -9.5637e-02, -3.8161e-02, -3.0326e-02, +9.6235e-02, -8.9611e-02, +1.1393e-02, -4.9294e-02, -3.8258e-02, +1.3688e-02, -4.5745e-02, +1.0239e-01, -1.9744e-02, -4.1960e-03, +9.8429e-04, -1.1130e-02, -6.3907e-02, +7.7119e-03, +7.6331e-04, -2.9780e-02, -8.9701e-02, +7.9828e-04, -1.0000e+00, -1.8444e-03, +1.0816e-01, +9.6906e-02, +1.2066e-01, +3.3325e-03, +3.8302e-02, +8.6195e-02, +7.1984e-03, +1.8161e-02, +3.8966e-02, +5.5425e-03, -7.5139e-02, -3.7256e-02, +4.2935e-03, -3.3567e-02, -1.0297e-01, -5.4012e-02, -3.6884e-02, -5.3024e-02, +2.3348e-02, +3.9976e-02, -9.6449e-02
-5.0640e-02, -6.6396e-02, -1.0372e-01, +4.8074e-04, -4.8758e-02, -7.2488e-02, +1.5261e-02, -1.2457e-01, +2.0596e-03, +9.5421e-02, -5.5906e-02, +3.1578e-02, -3.0555e-02, +1.4724e-02, -6.4821e-02, +7.9234e-02, +1.7047e-01, +3.3838e-02, -1.1800e-01, -3.2129e-02, +8.0296e-03, -2.4797e-02, -3.1241e-02, +4.3837e-02, -2.5624e-02, -4.9415e-02, -6.2667e-02, -1.8444e-03, -1.0000e+00, -1.6875e-02, -2.3780e-02, +4.8757e-02, +4.8020e-03, -2.6218e-02, +1.5160e-02, -2.2202e-02, +7.4353e-02, -2.0023e-02, -7.6984e-03, +4.9277e-02, +4.9909e-03, -1.3402e-02, -3.7849e-02, +4.0409e-02, -1.0475e-01, +2.2618e-02, +4.3575e-03, +4.8206e-02, -7.7925e-02, -8.2020e-02
-5.9838e-02, +1.0270e-02, -4.9882e-02, -1.1255e-01, -5.3497e-02, -2.6051e-02, -1.7472e-02, -1.0038e-01, +4.6678e-02, -3.1608e-03, -7.3663e-02, +5.6684e-02, +5.8969e-02, -1.3649e-02, -5.5148e-02, +1.4882e-02, +5.5355e-02, -7.3533e-02, -1.7489e-02, -1.0264e-01, -1.9099e-02, -6.2495e-03, -7.5139e-02, -4.1323e-02, +1.3776e-02, -7.8039e-02, -4.1859e-02, +1.0816e-01, -1.6875e-02, -1.0000e+00, +4.8686e-02, +4.6930e-02, +1.4130e-01, -3.0525e-03, +1.9688e-02, -1.5532e-02, +1.1433e-01, +4.1748e-02, -6.6865e-02, +6.8736e-03, +4.5752e-02, +9.2334e-03, +1.7879e-02, -4.0616e-02, +2.1635e-02, +3.8149e-03, -4.4550e-02, +5.3940e-02, -1.1750e-01, -1.6750e-02
-2.8101e-02, +2.5576e-02, +1.2543e-02, -1.4578e-01, -6.0408e-03, -1.0380e-01, -3.4681e-02, -5.6180e-02, +1.7686e-02, -5.2656e-02, -4.7922e-02, -6.3284e-02, -5.2762e-02, -1.3343e-02, +1.8946e-02, +9.7215e-02, +2.0998e-01, +9.2183e-02, -5.9665e-02, +4.4761e-02, +3.3605e-02, +2.3267e-02, +4.3088e-02, -1.2680e-01, -9.7305e-02, -1.4495e-01, -1.1066e-01, +9.6906e-02, -2.3780e-02, +4.8686e-02, -1.0000e+00, -7.3042e-02, +6.3863e-02, +1.3384e-02, -1.6609e-03, -7.7760e-02, +2.6263e-02, -3.3116e-02, +2.1896e-02, -2.6975e-03, -4.6566e-02, -4.3872e-02, -4.7771e-02, -8.7853e-02, -1.0239e-01, -1.5698e-01, -1.1443e-01, +1.3482e-02, -3.0169e-02, -4.8759e-02
+1.2553e-02, +1.8133e-02, -2.4327e-02, +9.4135e-02, +9.7920e-02, -3.5863e-02, +5.0099e-02, +5.8309e-02, -1.1662e-02, -8.4594e-02, +3.1703e-03, +1.1761e-01, +1.3385e-01, +7.7742e-02, -5.6273e-03, -1.9645e-02, -1.2733e-01, +1.3297e-02, +4.2061e-03, -3.4880e-02, -2.7791e-02, -1.0727e-02, -6.6407e-02, +2.5039e-02, -1.3499e-02, +3.4227e-02, -1.8702e-02, +1.2066e-01, +4.8757e-02, +4.6930e-02, -7.3042e-02, -1.0000e+00, +2.3941e-02, -5.6186e-02, +1.0293e-02, +1.2726e-01, -6.0897e-02, -4.6317e-02, -2.5152e-02, +4.6766e-02, -5.5611e-02, +3.1094e-02, +8.7009e-02, +9.0974e-02, +7.2414e-02, +6.8939e-02, +2.0878e-02, +9.3829e-02, -2.5748e-02, +3.9096e-02
+1.3291e-02, +5.5020e-02, +6.7974e-02, +1.0160e-01, -4.0400e-02, -2.4310e-04, +1.4718e-02, +4.6372e-02, -5.2458e-02, +1.4434e-02, +6.2497e-03, +8.3561e-03, -6.2863e-02, +1.2000e-01, -1.9851e-02, -1.1113e-01, -3.4100e-02, +3.1899e-02, -2.4371e-03, +4.6535e-02, -3.7853e-02, -1.0600e-02, +1.4239e-01, +5.6065e-02, -3.1547e-02, -1.4494e-03, +1.0532e-01, +3.3325e-03, +4.8020e-03, +1.4130e-01, +6.3863e-02, +2.3941e-02, -1.0000e+00, +1.8620e-02, -6.6433e-02, -8.1499e-02, -1.5856e-01, +7.8868e-02, +3.9065e-02, -2.4928e-02, +4.5529e-02, +3.2802e-02, -4.5776e-02, +1.1727e-02, +1.1751e-01, +1.1210e-01, +4.1265e-02, +1.2100e-02, +4.7718e-01, -5.9800e-02
-1.1706e-03, -2.4168e-02, +4.3479e-02, +1.7206e-02, +1.3164e-02, -5.2381e-02, +2.3475e-02, -1.5573e-02, +6.3554e-02, -4.3967e-02, -9.9837e-02, +6.5497e-04, +1.0986e-02, +4.0753e-02, -3.3663e-02, -4.2266e-02, -7.9982e-02, -3.0409e-03, -3.0805e-02, +6.7559e-03, +5.5028e-02, +2.8937e-02, +1.3901e-02, +2.5670e-02, +3.6112e-02, +1.0772e-02, -3.1885e-02, +3.8302e-02, -2.6218e-02, -3.0525e-03, +1.3384e-02, -5.6186e-02, +1.8620e-02, -1.0000e+00, +5.6148e-02, -2.8855e-02, +5.6638e-03, -1.3404e-02, +9.1356e-03, +8.3330e-02, -1.4352e-02, +2.8453e-02, -2.5690e-02, +1.5602e-03, -1.7629e-02, +7.1816e-02, +3.7678e-03, +1.2002e-02, +2.7629e-02, +8.2565e-02
+1.5023e-02, +1.8792e-02, +2.6616e-03, -3.5562e-02, -2.6523e-02, -4.0413e-02, -2.7741e-02, -6.6676e-03, +5.8523e-02, +3.7704e-02, -8.9499e-03, +1.1253e-02, -5.9740e-02, +3.3960e-02, -3.2954e-02, +4.4073e-02, -1.4416e-02, -7.2520e-02, -7.2887e-02, +9.2940e-02, +2.0643e-02, +3.8693e-02, -1.2743e-02, -2.7098e-02, -2.0147e-02, -3.9533e-02, +3.5652e-02, +8.6195e-02, +1.5160e-02, +1.9688e-02, -1.6609e-03, +1.0293e-02, -6.6433e-02, +5.6148e-02, -1.0000e+00, -2.3899e-02, -1.0630e-01, +1.0601e-01, +8.5370e-03, +2.2603e-02, +2.9582e-02, -2.8323e-02, +4.3904e-02, -1.4241e-02, +1.0937e-01, -8.2943e-03, +2.9256e-02, -1.1685e-01, +1.0492e-01, -3.8552e-02
+1.2650e-02, +5.2183e-03, +1.8097e-02, +2.5991e-03, +1.5619e-03, -1.1280e-01, -6.1404e-02, -2.2508e-02, +3.2429e-02, +3.3998e-02, -4.5595e-02, -2.6579e-02, -5.2003e-02, -3.7465e-02, +1.9640e-02, -2.8358e-02, +4.2517e-02, -7.8428e-02, +3.0997e-03, +3.9316e-02, +3.1945e-02, -9.2553e-03, +3.5784e-02, +4.1026e-03, -2.7214e-02, -2.8975e-04, -5.5859e-02, +7.1984e-03, -2.2202e-02, -1.5532e-02, -7.7760e-02, +1.2726e-01, -8.1499e-02, -2.8855e-02, -2.3899e-02, -1.0000e+00, -5.8610e-02, +4.3568e-03, -6.3135e-03, +3.4725e-03, -2.3952e-02, +6.3317e-02, -4.7156e-02, -1.0609e-02, -6.1801e-02, -2.7315e-02, -8.9219e-02, -3.7763e-02, +7.0404e-02, +8.6037e-02
-8.9068e-03, +6.4519e-02, +8.0372e-03, +1.2927e-01, +3.9458e-02, -3.8478e-02, -3.4941e-02, +1.4230e-01, -2.6041e-02, +7.7582e-02, +6.6919e-02, -8.2713e-02, -3.9954e-02, +2.0485e-01, +2.3616e-01, -1.4354e-02, -8.6615e-02, +2.3367e-02, -3.6588e-02, +4.5523e-02, +7.4199e-02, -2.9784e-03, -1.9629e-02, +2.0505e-02, -8.0201e-02, +1.2463e-01, +2.8057e-03, +1.8161e-02, +7.4353e-02, +1.1433e-01, +2.6263e-02, -6.0897e-02, -1.5856e-01, +5.6638e-03, -1.0630e-01, -5.8610e-02, -1.0000e+00, +1.7560e-01, -1.7875e-02, +9.1056e-02, +8.6140e-02, -7.3429e-02, +1.0517e-02, +1.1332e-01, +6.6084e-03, -8.1559e-02, +5.7961e-02, -1.2020e-01, +2.7276e-01, +1.3284e-01
+5.2808e-02, +2.5014e-02, +2.3039e-03, -6.7478e-02, +3.3270e-02, +3.8175e-03, +9.4197e-02, +6.1992e-03, +8.1713e-02, +3.6763e-02, -4.5211e-02, +1.1231e-01, +6.2982e-02, -1.0796e-01, -1.4630e-01, -1.0343e-01, -2.1403e-01, +4.2202e-03, +7.4543e-02, -2.2820e-02, -3.4820e-02, -6.3009e-02, -4.7821e-02, +3.6416e-02, +8.3200e-02, +6.8597e-03, -5.3743e-02, +3.8966e-02, -2.0023e-02, +4.1748e-02, -3.3116e-02, -4.6317e-02, +7.8868e-02, -1.3404e-02, +1.0601e-01, +4.3568e-03, +1.7560e-01, -1.0000e+00, +3.5456e-02, -1.4793e-02, -3.8378e-02, +7.8575e-03, -2.8745e-02, +1.2394e-02, +2.2920e-02, +8.1721e-02, -8.2632e-02, +1.5323e-01, -2.3733e-01, +1.1474e-01
-3.6332e-02, +1.7861e-02, -4.0291e-02, -4.2345e-02, +2.0364e-02, +9.1479e-03, +1.1704e-02, +2.6053e-02, -9.5631e-03, +6.4935e-02, +7.3682e-03, -1.0340e-01, -3.2020e-02, +1.0471e-02, +6.7848e-03, -5.5956e-02, +1.6225e-01, -7.6140e-03, -1.1624e-01, +4.5777e-02, +3.6536e-02, -1.6952e-02, +2.0442e-02, -8.1727e-02, -8.4686e-02, +4.5542e-03, -1.2361e-02, +5.5425e-03, -7.6984e-03, -6.6865e-02, +2.1896e-02, -2.5152e-02, +3.9065e-02, +9.1356e-03, +8.5370e-03, -6.3135e-03, -1.7875e-02, +3.5456e-02, -1.0000e+00, +4.0018e-02, +1.8226e-02, +6.0732e-02, -1.3373e-02, +1.9594e-02, -1.5697e-02, -8.7936e-02, -1.2501e-02, +6.8607e-02, -2.5802e-02, -6.3941e-02
-5.5680e-02, +2.2168e-02, -6.2713e-02, +3.5839e-02, -3.2138e-02, -4.9563e-02, +7.5365e-03, -4.3099e-02, +6.5546e-02, -6.2732e-02, -4.5934e-02, +1.1026e-01, -3.5773e-02, -2.9547e-03, -5.3127e-02, -8.6758e-02, -8.5071e-02, -4.0964e-02, -3.3015e-02, -9.4567e-02, -4.2026e-02, -2.1907e-04, -2.7034e-02, +4.6162e-03, +2.7551e-02, -3.3200e-02, -5.5069e-02, -7.5139e-02, +4.9277e-02, +6.8736e-03, -2.6975e-03, +4.6766e-02, -2.4928e-02, +8.3330e-02, +2.2603e-02, +3.4726e-03, +9.1056e-02, -1.4793e-02, +4.0018e-02, -1.0000e+00, -2.3606e-02, -2.4237e-02, +1.0973e-01, +4.6221e-02, +3.6028e-02, +3.2353e-02, +4.6839e-03, -5.4088e-03, +2.0251e-02, +1.0083e-01
-1.6922e-02, +1.0106e-02, -2.2533e-02, -2.5740e-02, -2.4702e-02, -4.6764e-02, -2.3957e-02, -2.4520e-02, +5.0610e-02, +9.7643e-02, -2.6044e-02, +4.5692e-02, -3.6713e-03, -6.0958e-02, -5.0450e-02, -6.5704e-02, -8.7089e-02, +1.0452e-02, +1.0284e-02, +2.8471e-02, -9.3380e-03, -2.4712e-03, -3.2728e-02, +8.2177e-02, +1.5114e-02, +6.1944e-03, +1.4493e-02, -3.7256e-02, +4.9909e-03, +4.5752e-02, -4.6566e-02, -5.5611e-02, +4.5529e-02, -1.4352e-02, +2.9582e-02, -2.3952e-02, +8.6140e-02, -3.8378e-02, +1.8226e-02, -2.3606e-02, -1.0000e+00, -4.1362e-02, -5.7037e-02, -1.1833e-01, +7.9456e-03, +5.8426e-03, -8.5095e-03, +6.9492e-03, -6.1465e-03, +1.2042e-02
-9.6977e-02, +4.3425e-03, -8.3730e-03, -4.4098e-02, +7.1283e-04, -4.0991e-02, +5.7618e-03, -8.1347e-02, +1.9421e-01, +1.8475e-02, -7.4774e-04, +5.8811e-03, -2.1421e-02, -1.0105e-01, -9.8331e-03, +1.8698e-01, +2.1314e-02, +3.6040e-02, -2.4343e-02, +6.3605e-03, +4.7891e-03, +4.5041e-03, +3.8106e-03, -6.6642e-03, +3.8438e-02, +4.1151e-03, +8.5135e-03, +4.2935e-03, -1.3402e-02, +9.2334e-03, -4.3872e-02, +3.1094e-02, +3.2802e-02, +2.8453e-02, -2.8323e-02, +6.3317e-02, -7.3429e-02, +7.8575e-03, +6.0732e-02, -2.4237e-02, -4.1362e-02, -1.0000e+00, -1.5637e-02, -2.3878e-02, -8.9034e-03, -4.3745e-02, -2.3382e-02, +1.3781e-03, +1.9126e-01, +1.2625e-01
-2.6256e-02, -8.7283e-02, -4.5843e-02, -2.3919e-02, +5.1021e-02, -1.8960e-02, +5.6119e-02, +1.1029e-02, -1.0142e-01, +3.4482e-02, -2.5688e-02, -5.6133e-02, -3.7546e-03, -7.1621e-02, -1.2202e-02, +4.2819e-02, +1.1400e-01, +3.7122e-02, -2.6331e-02, -2.1434e-02, -3.2153e-02, +6.4554e-02, +5.1810e-02, +1.4029e-02, +5.4518e-02, -6.1735e-02, +1.8097e-02, -3.3567e-02, -3.7849e-02, +1.7879e-02, -4.7771e-02, +8.7009e-02, -4.5776e-02, -2.5690e-02, +4.3904e-02, -4.7156e-02, +1.0517e-02, -2.8745e-02, -1.3373e-02, +1.0973e-01, -5.7037e-02, -1.5637e-02, -1.0000e+00, -1.3215e-01, -4.3311e-02, -2.8573e-02, -8.7807e-02, -1.2314e-01, +1.3273e-01, -2.1684e-02
+3.3711e-02, -5.8846e-03, -5.1904e-02, -7.2958e-02, -2.6909e-02, -7.8186e-02, -4.8232e-04, -4.2522e-02, +6.9059e-02, -8.8145e-02, -1.8016e-01, +2.1859e-02, -5.3840e-02, +3.3885e-02, -2.6923e-02, +3.6084e-02, +5.9089e-02, -2.3267e-02, +5.9088e-03, +2.0130e-01, -7.6859e-02, +1.8431e-02, -3.3628e-03, -3.6881e-02, +2.2016e-02, -1.9086e-01, -2.5703e-02, -1.0297e-01, +4.0409e-02, -4.0616e-02, -8.7853e-02, +9.0974e-02, +1.1727e-02, +1.5602e-03, -1.4241e-02, -1.0609e-02, +1.1332e-01, +1.2394e-02, +1.9594e-02, +4.6221e-02, -1.1833e-01, -2.3878e-02, -1.3215e-01, -1.0000e+00, -1.2187e-02, -1.5152e-01, -2.0885e-01, -1.8898e-01, +6.4423e-02, +1.1185e-02
-1.2878e-01, -7.7268e-02, -1.2137e-01, -1.0620e-01, +1.2732e-02, +3.4723e-03, -1.2600e-02, -1.1315e-01, -4.9169e-02, +7.8099e-02, -1.0488e-01, -9.5116e-02, -1.3638e-01, -5.0608e-02, -3.5910e-02, +8.0216e-02, +3.0268e-01, +1.7148e-03, -7.9090e-02, -2.5897e-02, +5.1835e-02, +2.6192e-03, +4.4462e-02, +8.4214e-03, -1.4400e-01, -9.6602e-02, -9.7876e-03, -5.4012e-02, -1.0475e-01, +2.1635e-02, -1.0239e-01, +7.2414e-02, +1.1751e-01, -1.7629e-02, +1.0937e-01, -6.1801e-02, +6.6084e-03, +2.2920e-02, -1.5697e-02, +3.6028e-02, +7.9456e-03, -8.9034e-03, -4.3311e-02, -1.2187e-02, -1.0000e+00, -2.4321e-02, -1.8960e-03, +5.1346e-02, -1.5402e-01, -1.1302e-01
-5.8266e-02, +1.1828e-02, -7.7671e-02, -1.6678e-01, -9.0256e-02, -4.5960e-02, -1.6993e-01, +2.3905e-02, +4.5015e-02, +1.1749e-01, -5.8157e-02, -1.0918e-01, -7.3108e-02, -2.0411e-03, -3.2827e-02, +1.1293e-02, +9.3970e-02, -1.0257e-02, -3.7642e-02, -2.8723e-03, +1.1311e-02, -1.1316e-02, +5.5551e-03, -1.4045e-01, -3.6141e-02, -8.4013e-02, -6.7801e-02, -3.6884e-02, +2.2618e-02, +3.8149e-03, -1.5698e-01, +6.8939e-02, +1.1210e-01, +7.1816e-02, -8.2943e-03, -2.7315e-02, -8.1559e-02, +8.1721e-02, -8.7936e-02, +3.2353e-02, +5.8426e-03, -4.3745e-02, -2.8573e-02, -1.5152e-01, -2.4321e-02, -1.0000e+00, -2.3308e-01, -1.1133e-01, +7.9146e-02, +2.2086e-02
-4.1781e-02, -5.6497e-02, -8.6163e-02, -1.2246e-01, -7.3399e-02, -2.1998e-01, -4.5761e-02, -3.0109e-02, +1.3025e-01, +8.1818e-02, -1.4722e-01, +2.8544e-03, -1.5803e-02, -1.1238e-01, -8.3673e-02, -2.8163e-02, +3.6432e-02, -1.2452e-02, -1.1021e-01, +5.2571e-02, +4.5468e-02, -7.0713e-02, -4.3718e-02, -6.4847e-02, -3.8873e-02, -1.1926e-01, -1.0609e-01, -5.3024e-02, +4.3576e-03, -4.4550e-02, -1.1443e-01, +2.0878e-02, +4.1265e-02, +3.7678e-03, +2.9256e-02, -8.9219e-02, +5.7961e-02, -8.2632e-02, -1.2501e-02, +4.6839e-03, -8.5095e-03, -2.3382e-02, -8.7807e-02, -2.0885e-01, -1.8960e-03, -2.3308e-01, -1.0000e+00, -8.8503e-02, -2.1528e-02, +9.2770e-02
+1.5117e-01, -2.1590e-02, +1.3877e-02, +9.5102e-02, +7.5053e-02, +1.5177e-02, +4.8796e-03, +5.8476e-02, +1.9932e-01, +3.4613e-02, +1.0617e-01, -1.1287e-03, -3.8554e-02, +2.3087e-01, +1.1421e-01, +3.5856e-02, -1.8550e-01, +4.3631e-02, +4.6187e-02, -3.4758e-02, -9.5302e-03, +2.7959e-02, +2.8764e-02, -5.1703e-02, +6.5835e-03, +5.0155e-02, +2.1789e-02, +2.3348e-02, +4.8206e-02, +5.3940e-02, +1.3482e-02, +9.3829e-02, +1.2100e-02, +1.2002e-02, -1.1685e-01, -3.7763e-02, -1.2020e-01, +1.5323e-01, +6.8607e-02, -5.4088e-03, +6.9492e-03, +1.3781e-03, -1.2314e-01, -1.8898e-01, +5.1346e-02, -1.1133e-01, -8.8503e-02, -1.0000e+00, +4.8989e-01, +2.8669e-01
+2.9021e-03, +6.7974e-04, -1.3021e-03, -1.0794e-01, +2.5856e-02, +1.4720e-02, -1.3100e-02, -5.6889e-02, -1.0891e-01, +3.4735e-02, -6.6777e-04, +6.1842e-02, +7.7474e-02, -2.3656e-01, -8.2558e-02, +7.7838e-02, -1.6963e-02, -9.5258e-02, +3.3323e-02, -2.0664e-02, +2.2573e-02, -1.8904e-02, -1.0616e-01, +7.6906e-02, +4.9461e-02, +1.2178e-02, -7.4605e-02, +3.9976e-02, -7.7925e-02, -1.1750e-01, -3.0169e-02, -2.5748e-02, +4.7718e-01, +2.7629e-02, +1.0492e-01, +7.0404e-02, +2.7276e-01, -2.3733e-01, -2.5802e-02, +2.0251e-02, -6.1465e-03, +1.9126e-01, +1.3273e-01, +6.4423e-02, -1.5402e-01, +7.9146e-02, -2.1528e-02, +4.8989e-01, -1.0000e+00, -1.7961e-01
-6.1660e-02, -4.6824e-02, -3.6746e-02, -1.5745e-01, -4.2408e-03, -4.5480e-04, -5.2946e-02, -6.2724e-02, +3.3734e-02, +1.6285e-01, +4.3822e-02, -1.5609e-01, -5.4328e-02, -1.0543e-01, +9.5899e-02, +1.3203e-01, +3.8626e-01, -2.6252e-02, -1.3482e-01, +8.3890e-02, -4.2871e-03, +4.8592e-02, +4.0398e-02, +1.9630e-02, -1.8323e-01, +3.5416e-02, +3.6654e-02, -9.6449e-02, -8.2020e-02, -1.6750e-02, -4.8759e-02, +3.9096e-02, -5.9800e-02, +8.2565e-02, -3.8552e-02, +8.6037e-02, +1.3284e-01, +1.1474e-01, -6.3941e-02, +1.0083e-01, +1.2042e-02, +1.2625e-01, -2.1684e-02, +1.1185e-02, -1.1302e-01, +2.2086e-02, +9.2770e-02, +2.8669e-01, -1.7961e-01, -1.0000e+00
