-1.0000e+00, -1.3014e-02, +3.5486e-02, -1.4180e-01, +2.4312e-02, +2.2476e-02, -6.1648e-02, -2.1852e-02, -4.4893e-02, -1.2351e-02, -3.9871e-02, -1.5992e-02, -9.0320e-03, +3.1822e-03, -4.6636e-02, +4.1207e-04, +9.1058e-02, -4.2942e-02, -8.0776e-04, +8.5270e-02, +6.6407e-02, -9.4342e-03, -4.0322e-02, +7.2324e-02, -3.3068e-02, +5.0743e-02, +1.1113e-02, -2.3313e-02, +9.4831e-03, +3.1619e-02, +9.4328e-03, -2.0990e-02, -2.4774e-02, -3.6702e-02, +3.9810e-02, +1.5809e-01, +5.9287e-02, -6.1231e-02, +1.5936e-03, +5.1678e-02, -1.1436e-02, +2.2772e-02, +6.4850e-02, +6.4265e-02, -1.9254e-04, +3.1477e-02, -1.4351e-02, +1.5242e-02, -5.2846e-02, -6.6782e-02
-1.3014e-02, -1.0000e+00, +2.0474e-02, -3.6489e-02, -2.6337e-03, +4.0723e-02, +2.8184e-03, -2.5486e-02, -2.9418e-03, +4.2476e-02, -2.7559e-02, -4.8208e-02, -1.1757e-01, -2.0294e-02, +3.6262e-02, +2.8402e-02, +1.1414e-01, -2.2700e-02, +8.4682e-02, +6.3305e-02, +4.2726e-02, +1.4453e-02, -4.5687e-02, +8.2314e-02, +3.1155e-02, +6.1946e-02, -4.4780e-02, +1.6039e-01, +8.8524e-02, -1.9579e-04, -2.6699e-02, -5.7744e-02, +5.1488e-02, +1.1760e-02, -7.5604e-02, -4.1441e-02, +3.2908e-03, +1.2636e-01, +1.3162e-02, -3.4673e-02, +6.9311e-02, -1.6438e-02, +2.2348e-02, -3.1540e-02, +4.0278e-02, +4.7655e-02, -7.6612e-03, -1.7387e-01, +4.0142e-02, +8.1854e-02
+3.5486e-02, +2.0474e-02, -1.0000e+00, -4.0038e-02, +5.2029e-02, -7.9010e-02, -3.7400e-02, -2.8067e-02, -5.7933e-02, +5.4376e-02, -1.5059e-02, -7.8146e-02, -3.6941e-02, -6.1720e-02, -1.4308e-02, -3.4504e-02, +2.7379e-03, -5.0648e-02, +8.7394e-02, -6.6138e-02, -3.9167e-02, -1.6991e-02, +1.4071e-01, -7.3951e-03, -2.0644e-01, -9.0500e-02, -3.4355e-02, -6.8564e-02, +5.3531e-02, +2.8675e-02, -2.4498e-02, +3.3084e-02, -5.6927e-03, +1.3003e-02, +1.1960e-01, +1.4240e-01, -6.8292e-02, -8.9332e-02, +1.6120e-02, +1.7939e-02, -3.0729e-02, +1.1345e-02, +5.0457e-02, +1.8124e-02, -6.4891e-02, -3.2036e-02, +7.9340e-02, +1.5634e-04, +2.5801e-02, -9.4677e-02
-1.4180e-01, -3.6489e-02, -4.0038e-02, -1.0000e+00, -7.7807e-03, -8.1703e-02, -1.7105e-01, -5.8545e-02, -4.5065e-02, +7.4158e-02, -7.0042e-02, -1.1451e-01, -5.4907e-02, -4.4313e-04, -3.5089e-02, +4.4547e-02, +1.5202e-01, -6.9172e-02, -1.7199e-02, +2.7144e-02, -1.7269e-02, +5.0979e-02, +1.3093e-01, -4.2154e-02, -5.0260e-02, -1.4523e-01, +1.7559e-02, -1.4924e-01, -4.0741e-02, -6.1342e-02, -9.0732e-02, +1.0469e-02, -5.8850e-02, +2.9479e-04, +7.9496e-02, +2.6529e-01, +5.1101e-02, -9.7393e-02, -8.7698e-02, +8.8496e-02, -3.3274e-02, +6.9217e-02, +1.8456e-02, +6.3278e-02, -6.0240e-02, -6.8878e-02, -4.6757e-02, +1.7376e-03, -2.8912e-02, -2.8027e-02
+2.4312e-02, -2.6337e-03, +5.2029e-02, -7.7807e-03, -1.0000e+00, -3.9578e-02, +1.8367e-02, -1.7486e-02, -5.8332e-02, +6.5728e-02, -3.4248e-02, -4.3201e-02, -4.6516e-02, +1.8062e-02, -1.2353e-02, +3.5989e-02, +3.7590e-02, +6.3854e-02, -1.4701e-02, +1.8326e-02, +3.6870e-02, +3.0348e-02, -4.1440e-02, -1.8468e-02, +6.7376e-02, -4.9034e-02, -4.8272e-03, -5.5059e-02, -5.3511e-02, -1.0131e-01, +3.6046e-02, -4.1366e-02, +2.5739e-02, +2.0079e-02, +6.5846e-02, +5.4788e-02, -6.6681e-02, +7.4692e-02, +5.4078e-02, -1.8869e-02, +3.2742e-02, +1.0393e-02, -2.5111e-02, +2.3886e-02, +2.1394e-02, -5.4426e-02, +4.4093e-02, +9.5586e-02, -1.1641e-02, +4.0420e-02
+2.2476e-02, +4.0723e-02, -7.9010e-02, -8.1703e-02, -3.9578e-02, -1.0000e+00, +6.6804e-02, +5.7871e-02, -2.9666e-02, +8.9472e-02, -1.1145e-01, -1.2825e-02, +1.7343e-02, +1.8739e-02, -2.3783e-01, +4.9967e-03, +1.0791e-01, -7.9834e-02, -1.1741e-01, -7.4630e-03, -1.9994e-02, +2.2453e-02, +4.0061e-02, -1.2178e-01, -5.9677e-02, -9.3724e-02, -1.2147e-01, -9.8687e-02, -1.4157e-01, +8.0151e-03, -1.4981e-01, +1.1108e-01, -5.5003e-02, +6.9237e-02, +5.9042e-02, -1.0443e-01, +8.9188e-02, -7.0919e-02, -6.0848e-02, +8.3068e-02, -3.4593e-02, -5.9375e-03, +3.3539e-03, -1.2015e-01, -4.7776e-02, -1.3281e-01, -8.3883e-02, +8.1248e-03, -5.0334e-02, -3.5016e-02
-6.1648e-02, +2.8184e-03, -3.7400e-02, -1.7105e-01, +1.8367e-02, +6.6804e-02, -1.0000e+00, -6.0669e-02, +4.4678e-02, +6.0106e-02, -2.4470e-02, -4.4696e-02, -6.3245e-02, -4.6346e-02, -6.5086e-02, -3.3128e-03, +7.9106e-02, -6.2649e-02, -7.0461e-02, -2.8778e-02, -2.4527e-02, +1.7913e-02, +4.6555e-02, -4.5068e-02, -9.7806e-03, -4.3896e-02, -5.2848e-02, -7.2155e-02, +6.5469e-02, -3.0637e-02, -1.1753e-01, -3.1996e-03, -7.8014e-02, +3.6267e-02, +5.6111e-02, +2.2658e-01, +4.7591e-02, -6.6659e-03, -7.7838e-02, +3.5013e-02, -6.1570e-02, -1.1293e-02, +7.2745e-02, +1.2159e-01, -5.1860e-02, +4.0055e-04, -1.1870e-01, +3.0116e-02, -1.2799e-02, +3.3940e-03
-2.1852e-02, -2.5486e-02, -2.8067e-02, -5.8545e-02, -1.7486e-02, +5.7871e-02, -6.0669e-02, -1.0000e+00, -1.5234e-02, +6.7146e-02, -2.8466e-02, +5.5044e-03, -6.9386e-02, -4.3076e-02, -2.0433e-02, -1.0472e-02, +6.3157e-02, -2.8676e-02, +7.0678e-02, -2.2085e-02, -8.4601e-02, -9.7294e-03, +2.3650e-02, +8.3698e-02, -4.6030e-03, +3.0595e-02, +1.0850e-02, -6.9333e-02, -3.4795e-02, -5.1728e-02, -1.0461e-01, +7.7990e-03, -7.9018e-02, -2.6049e-02, +4.6401e-03, +7.5467e-03, -5.7490e-02, +7.5191e-02, -7.0132e-03, +2.2482e-02, +1.2192e-02, +3.0722e-02, +7.2078e-02, +4.2571e-03, -3.3893e-02, +1.3061e-01, +1.1252e-02, +6.6546e-02, -3.1126e-02, -3.6378e-02
-4.4893e-02, -2.9418e-03, -5.7933e-02, -4.5065e-02, -5.8332e-02, -2.9666e-02, +4.4678e-02, -1.5234e-02, -1.0000e+00, +5.5981e-02, +2.8907e-02, -2.9795e-01, -3.5111e-02, +3.8004e-03, +2.1275e-02, +3.5716e-02, +1.9583e-01, +1.4898e-02, +2.2018e-02, -2.1431e-02, -2.4505e-02, +5.3419e-02, +9.5322e-02, +4.0763e-02, +8.9206e-02, +6.1241e-02, -2.0209e-02, -7.3653e-02, +6.8976e-02, +1.3893e-02, +1.5130e-02, +5.4020e-02, -7.5070e-03, +5.6569e-02, +3.0732e-02, +2.6424e-02, +2.0403e-02, +6.9655e-02, +5.9606e-02, +3.2474e-02, +5.2752e-02, +5.0085e-02, -7.0848e-02, +6.9072e-03, +5.0313e-02, -7.6224e-02, +3.5326e-02, +9.7728e-02, +2.6993e-02, -1.6086e-02
-1.2351e-02, +4.2476e-02, +5.4376e-02, +7.4158e-02, +6.5728e-02, +8.9472e-02, +6.0106e-02, +6.7146e-02, +5.5981e-02, -1.0000e+00, -1.9910e-02, +1.8691e-01, +7.7475e-02, +2.8721e-02, +1.3771e-01, -4.6703e-02, +1.4300e-01, +1.0781e-01, +6.7790e-03, -9.2051e-02, -9.0640e-02, -3.0090e-02, +8.7183e-02, -1.9203e-01, +5.2457e-02, +1.1731e-01, +1.8467e-02, +3.7028e-02, +7.2212e-02, -3.1431e-02, -2.3697e-02, -3.6131e-02, -1.0314e-02, -3.8038e-02, +5.2677e-02, +7.0359e-03, +2.8860e-02, +3.7079e-03, +1.2348e-01, +4.0115e-02, -4.2771e-03, +7.1806e-03, +2.9331e-02, -7.9030e-02, -1.6284e-02, +1.1009e-01, +9.8605e-02, +2.7450e-02, +3.2218e-02, +2.7340e-03
-3.9871e-02, -2.7559e-02, -1.5059e-02, -7.0042e-02, -3.4248e-02, -1.1145e-01, -2.4470e-02, -2.8466e-02, +2.8907e-02, -1.9910e-02, -1.0000e+00, +9.3877e-03, +1.0648e-02, +4.9936e-02, -1.0374e-01, +5.0639e-02, +4.9170e-02, -7.0919e-02, -8.3029e-02, -4.3664e-02, -9.7338e-02, +4.3727e-02, -3.4648e-02, +1.0100e-01, +8.2131e-02, -7.8481e-02, -9.3713e-02, -2.7610e-02, -1.2657e-01, -1.2432e-01, -1.5951e-01, +9.4693e-02, -5.0886e-02, +7.7539e-02, -4.1243e-02, -8.0315e-02, +2.4256e-02, -6.4029e-02, -4.8053e-02, +6.6456e-02, -5.7394e-02, -2.7397e-02, +8.4224e-02, -1.6607e-01, -1.7328e-02, +6.7118e-02, -1.2183e-01, +9.0342e-02, -8.7038e-03, +3.4918e-03
-1.5992e-02, -4.8208e-02, -7.8146e-02, -1.1451e-01, -4.3201e-02, -1.2825e-02, -4.4696e-02, +5.5044e-03, -2.9795e-01, +1.8691e-01, +9.3877e-03, -1.0000e+00, -1.1101e-01, +7.4608e-04, +1.1306e-02, -3.3299e-02, +2.2033e-01, +1.8919e-02, -4.7342e-03, +1.0929e-01, +9.7526e-03, +1.1186e-01, +1.0553e-01, +8.9784e-02, -2.0532e-02, +1.7369e-02, -3.8338e-02, -8.3174e-03, -1.7654e-02, +1.4275e-02, -6.2482e-02, +2.0435e-02, -3.8136e-02, +6.2024e-02, +1.2184e-01, +3.6153e-02, -1.0464e-02, +2.3107e-02, -7.0293e-02, +4.6121e-02, -2.2468e-02, +7.7598e-02, +4.0372e-02, +1.7696e-01, -6.1907e-02, -5.8065e-02, +8.4059e-02, +2.8747e-01, -4.9638e-03, +4.4042e-02
-9.0320e-03, -1.1757e-01, -3.6941e-02, -5.4907e-02, -4.6516e-02, +1.7343e-02, -6.3245e-02, -6.9386e-02, -3.5111e-02, +7.7475e-02, +1.0647e-02, -1.1101e-01, -1.0000e+00, -1.1359e-02, +3.3039e-02, +4.5883e-02, +2.6076e-01, -1.8637e-04, -4.7055e-03, +6.6037e-02, +7.3830e-02, +3.4137e-02, +1.1032e-01, +7.1844e-02, -7.5076e-02, -1.0995e-01, -8.0540e-02, +6.2422e-02, +2.0205e-02, +6.4587e-02, -1.0445e-01, +4.3071e-02, +1.7709e-04, +1.7471e-03, +3.6485e-02, +8.7461e-02, -1.5657e-01, +1.6273e-01, +2.9087e-02, -3.5468e-02, +1.6936e-01, +2.7310e-02, -3.3123e-02, +6.6416e-02, -2.3642e-02, +7.9219e-02, +2.9212e-02, -2.9800e-02, -1.1479e-01, -7.9404e-02
+3.1822e-03, -2.0294e-02, -6.1720e-02, -4.4311e-04, +1.8062e-02, +1.8739e-02, -4.6346e-02, -4.3076e-02, +3.8004e-03, +2.8721e-02, +4.9936e-02, +7.4609e-04, -1.1359e-02, -1.0000e+00, -3.8045e-02, +2.0935e-02, -3.1617e-02, -8.4643e-02, -4.8042e-02, -3.5033e-02, -1.0594e-01, -4.0042e-02, +1.1154e-01, -8.8426e-02, -9.8431e-02, -6.1981e-02, -1.5764e-02, -1.4912e-01, +2.9986e-02, -4.0944e-02, -1.0159e-01, -1.3853e-02, -1.1891e-01, -4.7525e-02, +2.2985e-02, +8.4368e-02, +1.1937e-01, -6.2070e-03, -1.4287e-02, +8.9591e-03, -9.2925e-02, -3.5701e-02, +8.5131e-02, -4.3645e-02, -1.1618e-01, +3.3662e-02, -1.7424e-02, +9.7297e-03, -9.3789e-02, -3.0187e-02
-4.6636e-02, +3.6262e-02, -1.4308e-02, -3.5089e-02, -1.2353e-02, -2.3783e-01, -6.5086e-02, -2.0433e-02, +2.1275e-02, +1.3771e-01, -1.0374e-01, +1.1306e-02, +3.3039e-02, -3.8045e-02, -1.0000e+00, +1.6693e-02, -2.4052e-01, -9.2522e-03, -7.2497e-02, -4.6375e-02, -8.0972e-02, +5.5059e-02, +5.2578e-02, -7.6760e-02, -4.6769e-02, -7.3435e-02, -1.3866e-01, -1.4061e-01, -9.3864e-02, -2.1357e-02, -1.0321e-01, +2.4904e-02, -7.8094e-02, +3.4218e-04, +4.8854e-03, +1.3805e-01, -4.2706e-02, -1.2636e-01, +6.3649e-02, +2.6822e-02, -1.0389e-01, +4.4402e-02, +6.0120e-02, -6.1501e-02, -5.6924e-03, +2.3491e-02, -1.7571e-01, +1.1607e-01, -6.3042e-02, +1.8020e-02
+4.1207e-04, +2.8402e-02, -3.4504e-02, +4.4547e-02, +3.5989e-02, +4.9967e-03, -3.3128e-03, -1.0472e-02, +3.5716e-02, -4.6703e-02, +5.0639e-02, -3.3299e-02, +4.5883e-02, +2.0935e-02, +1.6693e-02, -1.0000e+00, -2.1808e-02, -3.5018e-02, -3.6184e-03, +3.5923e-02, -3.1459e-02, -5.9401e-03, -3.9442e-02, +3.2719e-02, +2.9235e-02, +9.4044e-02, -2.3662e-02, +8.6017e-02, +9.0952e-03, +5.0761e-02, +3.7997e-02, -1.3663e-02, -1.3218e-02, +2.6174e-02, +5.1317e-02, +2.9607e-02, +7.4447e-03, -5.7759e-02, +2.0726e-03, -3.8444e-02, -1.3626e-02, +7.9778e-02, -6.5936e-02, -1.0731e-02, +9.9334e-03, +4.4957e-02, +1.2930e-02, +4.3777e-02, +5.9556e-02, -8.2172e-02
+9.1058e-02, +1.1414e-01, +2.7379e-03, +1.5202e-01, +3.7590e-02, +1.0791e-01, +7.9105e-02, +6.3157e-02, +1.9583e-01, +1.4300e-01, +4.9170e-02, +2.2033e-01, +2.6076e-01, -3.1617e-02, -2.4052e-01, -2.1808e-02, -1.0000e+00, +9.4434e-02, +9.3517e-02, -1.1374e-01, -1.7941e-02, -6.4151e-03, -1.7096e-02, -9.5613e-02, +3.8972e-02, -1.0698e-01, +5.8028e-02, -2.3120e-02, -1.7577e-02, -1.0185e-01, +1.0758e-01, +4.2218e-03, -8.1402e-02, +8.9110e-05, -1.6567e-01, -2.5239e-02, -4.6207e-02, -1.3532e-01, +1.2029e-01, -7.5726e-02, -1.1329e-01, +5.1232e-02, +7.3957e-02, -2.9136e-03, -2.1645e-02, +2.0218e-01, -1.8371e-01, +4.1661e-02, +5.0065e-02, +7.3823e-02
-4.2942e-02, -2.2700e-02, -5.0648e-02, -6.9172e-02, +6.3854e-02, -7.9834e-02, -6.2649e-02, -2.8676e-02, +1.4898e-02, +1.0781e-01, -7.0919e-02, +1.8919e-02, -1.8638e-04, -8.4643e-02, -9.2522e-03, -3.5018e-02, +9.4434e-02, -1.0000e+00, -4.1362e-02, -7.2398e-03, -1.1847e-01, +8.1617e-03, +4.2723e-03, -3.2675e-03, +8.8622e-03, -8.0148e-02, -6.3992e-02, -6.8568e-02, -7.3370e-02, -5.3398e-02, -4.9768e-02, -2.9113e-02, -1.5120e-02, +1.6976e-02, +2.0259e-02, +9.2516e-02, +9.7497e-02, -1.2681e-01, -9.2402e-02, +1.9685e-03, -9.7119e-03, -9.4050e-02, +2.1927e-02, +6.6336e-03, -2.1038e-02, +3.1395e-02, -1.0406e-01, -4.1840e-02, -1.0063e-01, -5.7518e-02
-8.0776e-04, +8.4682e-02, +8.7394e-02, -1.7199e-02, -1.4701e-02, -1.1741e-01, -7.0461e-02, +7.0678e-02, +2.2018e-02, +6.7790e-03, -8.3029e-02, -4.7342e-03, -4.7055e-03, -4.8042e-02, -7.2497e-02, -3.6184e-03, +9.3517e-02, -4.1362e-02, -1.0000e+00, -9.9500e-02, -2.8426e-02, +6.4977e-02, +7.2218e-03, -8.3248e-02, +1.8752e-02, -1.0977e-02, -6.7237e-02, -1.0224e-01, +1.3086e-02, -6.9821e-02, -4.8084e-02, -6.5985e-02, +1.6722e-02, +2.0541e-02, +9.3621e-02, +1.2342e-01, +1.1436e-01, -2.4991e-02, -1.2394e-01, +5.5046e-02, -3.0728e-02, -9.2065e-02, +3.8491e-02, +4.6213e-02, -4.2811e-02, -9.5489e-02, -1.3409e-01, +5.9899e-02, -3.9555e-02, -2.1652e-03
+8.5270e-02, +6.3305e-02, -6.6138e-02, +2.7144e-02, +1.8326e-02, -7.4630e-03, -2.8778e-02, -2.2085e-02, -2.1431e-02, -9.2051e-02, -4.3664e-02, +1.0929e-01, +6.6037e-02, -3.5033e-02, -4.6375e-02, +3.5923e-02, -1.1374e-01, -7.2398e-03, -9.9500e-02, -1.0000e+00, +3.9973e-03, -1.5983e-01, +7.6043e-02, -7.3831e-02, +6.6369e-02, -1.8901e-02, -1.1301e-01, -7.7441e-02, -3.5496e-02, -6.7137e-02, +4.0714e-02, +6.2450e-02, +1.9609e-02, +1.5464e-02, +1.0904e-02, +1.1687e-01, +1.1468e-01, -7.9701e-02, -3.2189e-02, -5.0009e-02, -5.6150e-02, -7.8600e-02, +5.7721e-02, +3.5818e-02, +7.1784e-03, +5.3491e-02, -5.3806e-03, -1.1658e-03, -8.3448e-02, -2.8718e-02
+6.6407e-02, +4.2726e-02, -3.9167e-02, -1.7269e-02, +3.6870e-02, -1.9994e-02, -2.4527e-02, -8.4601e-02, -2.4505e-02, -9.0640e-02, -9.7338e-02, +9.7526e-03, +7.3830e-02, -1.0594e-01, -8.0972e-02, -3.1459e-02, -1.7941e-02, -1.1847e-01, -2.8426e-02, +3.9973e-03, -1.0000e+00, +7.1514e-02, +3.8700e-02, +7.0581e-02, +4.9716e-02, -3.9289e-02, -5.9968e-02, -7.3683e-02, +2.8905e-02, -5.8828e-02, -2.3045e-02, -7.1071e-02, -1.8292e-02, +3.7669e-02, -1.1297e-03, +1.4531e-01, +1.8975e-01, -1.0063e-01, -5.2306e-02, +5.2834e-02, -1.3284e-01, -6.1782e-02, +2.5801e-02, -1.2750e-01, +4.9475e-02, -8.2121e-02, -5.8019e-02, +5.7862e-02, -4.4150e-02, -3.2713e-02
-9.4342e-03, +1.4453e-02, -1.6991e-02, +5.0979e-02, +3.0348e-02, +2.2453e-02, +1.7913e-02, -9.7294e-03, +5.3419e-02, -3.0090e-02, +4.3727e-02, +1.1186e-01, +3.4137e-02, -4.0042e-02, +5.5059e-02, -5.9401e-03, -6.4151e-03, +8.1617e-03, +6.4977e-02, -1.5983e-01, +7.1514e-02, -1.0000e+00, -2.9753e-02, -6.4297e-02, -4.0297e-02, +3.8318e-02, +7.2437e-02, +6.5185e-02, -3.8249e-02, +6.2931e-02, +6.9311e-02, +2.7334e-02, +1.3044e-01, -2.9809e-02, -2.1990e-02, -1.3534e-01, +1.5182e-02, +1.6040e-02, -5.8812e-03, +2.8123e-02, +1.3897e-02, -1.4181e-01, -1.1768e-02, +6.1765e-02, -2.3107e-02, -1.5090e-03, +1.4801e-01, -5.7528e-02, +2.1397e-02, +3.2473e-02
-4.0322e-02, -4.5687e-02, +1.4071e-01, +1.3093e-01, -4.1440e-02, +4.0061e-02, +4.6555e-02, +2.3650e-02, +9.5322e-02, +8.7183e-02, -3.4648e-02, +1.0553e-01, +1.1032e-01, +1.1154e-01, +5.2578e-02, -3.9442e-02, -1.7096e-02, +4.2723e-03, +7.2218e-03, +7.6043e-02, +3.8700e-02, -2.9753e-02, -1.0000e+00, +5.3705e-02, -4.1643e-02, +1.0534e-01, +5.3350e-02, +5.4198e-02, -2.7159e-02, -6.2035e-02, +1.2255e-01, -2.1367e-02, +6.6058e-02, -4.4015e-03, -1.2342e-01, -1.2443e-01, +1.5728e-02, +1.3121e-02, -9.9743e-02, -2.4225e-02, +5.8171e-02, -6.0964e-02, +2.0141e-03, -8.1395e-02, +5.4397e-02, -2.5325e-02, -3.0524e-02, +4.3527e-02, +1.3990e-02, +2.6207e-01
+7.2324e-02, +8.2314e-02, -7.3951e-03, -4.2154e-02, -1.8468e-02, -1.2178e-01, -4.5068e-02, +8.3698e-02, +4.0763e-02, -1.9203e-01, +1.0100e-01, +8.9784e-02, +7.1844e-02, -8.8426e-02, -7.6760e-02, +3.2719e-02, -9.5613e-02, -3.2675e-03, -8.3248e-02, -7.3831e-02, +7.0581e-02, -6.4297e-02, +5.3705e-02, -1.0000e+00, -2.8484e-02, -9.6920e-02, -1.1806e-01, -1.0830e-01, -4.3179e-02, -8.5794e-02, -1.2439e-01, -1.3588e-02, +1.3587e-02, +1.1004e-01, -1.0485e-02, +1.7584e-02, +5.2951e-02, -1.2392e-02, +1.0484e-03, +4.3497e-02, +7.8240e-03, -7.0972e-03, -1.7483e-02, -9.1136e-03, -1.1170e-01, -3.8326e-02, -1.3173e-01, -1.9976e-02, -2.0446e-02, +2.3466e-02
-3.3068e-02, +3.1155e-02, -2.0644e-01, -5.0260e-02, +6.7376e-02, -5.9677e-02, -9.7806e-03, -4.6030e-03, +8.9206e-02, +5.2457e-02, +8.2131e-02, -2.0532e-02, -7.5076e-02, -9.8431e-02, -4.6769e-02, +2.9235e-02, +3.8972e-02, +8.8622e-03, +1.8752e-02, +6.6369e-02, +4.9716e-02, -4.0297e-02, -4.1643e-02, -2.8484e-02, -1.0000e+00, +5.9834e-03, -5.3865e-02, -2.8727e-02, +4.2521e-02, -2.2366e-02, -3.3848e-02, +6.8205e-02, +2.3513e-02, +4.6570e-02, +4.2242e-02, +6.0069e-02, -4.4375e-02, -7.2674e-02, -1.3880e-02, +2.4487e-02, +2.5358e-02, +6.3201e-02, -1.3578e-02, +7.4229e-03, -5.2100e-02, -6.8738e-02, -9.3532e-02, -3.7556e-02, +4.1354e-02, +1.7876e-02
+5.0743e-02, +6.1946e-02, -9.0500e-02, -1.4523e-01, -4.9034e-02, -9.3724e-02, -4.3896e-02, +3.0595e-02, +6.1241e-02, +1.1731e-01, -7.8481e-02, +1.7369e-02, -1.0995e-01, -6.1981e-02, -7.3435e-02, +9.4044e-02, -1.0698e-01, -8.0148e-02, -1.0977e-02, -1.8901e-02, -3.9289e-02, +3.8318e-02, +1.0534e-01, -9.6920e-02, +5.9834e-03, -1.0000e+00, -2.6141e-02, -1.8147e-01, -7.4568e-02, -1.2742e-01, -4.5605e-02, +1.3896e-02, -3.4612e-02, +3.2322e-02, +5.3251e-02, +2.0914e-01, -4.5211e-02, +8.0946e-03, +7.5974e-02, +5.5519e-02, +1.5923e-02, +8.5902e-02, +1.2173e-01, -3.0251e-02, -1.1954e-01, +1.7951e-02, -1.1328e-01, +4.3645e-02, +4.2875e-02, -5.8504e-02
+1.1113e-02, -4.4780e-02, -3.4355e-02, +1.7559e-02, -4.8272e-03, -1.2147e-01, -5.2848e-02, +1.0850e-02, -2.0209e-02, +1.8467e-02, -9.3713e-02, -3.8338e-02, -8.0540e-02, -1.5764e-02, -1.3866e-01, -2.3662e-02, +5.8028e-02, -6.3992e-02, -6.7237e-02, -1.1301e-01, -5.9968e-02, +7.2437e-02, +5.3350e-02, -1.1806e-01, -5.3865e-02, -2.6141e-02, -1.0000e+00, -8.4754e-02, -7.9252e-02, -1.0177e-02, -1.0262e-01, +7.5522e-03, -2.8687e-02, +2.7687e-02, -6.6904e-03, -1.5504e-02, -6.1564e-04, +2.7489e-03, -9.0578e-03, +6.8517e-03, +2.9091e-02, +3.8657e-03, +4.3068e-02, -6.0530e-02, -5.5471e-02, -1.0248e-01, -1.4506e-01, -3.1287e-02, +1.5149e-02, +5.2791e-02
-2.3313e-02, +1.6039e-01, -6.8564e-02, -1.4924e-01, -5.5059e-02, -9.8687e-02, -7.2155e-02, -6.9333e-02, -7.3653e-02, +3.7028e-02, -2.7610e-02, -8.3174e-03, +6.2422e-02, -1.4912e-01, -1.4061e-01, +8.6017e-02, -2.3120e-02, -6.8568e-02, -1.0224e-01, -7.7441e-02, -7.3683e-02, +6.5185e-02, +5.4198e-02, -1.0830e-01, -2.8727e-02, -1.8147e-01, -8.4754e-02, -1.0000e+00, -1.2605e-01, -6.3804e-02, -1.2121e-01, -2.1376e-02, -8.1066e-02, +2.6649e-02, +1.0427e-01, +2.6234e-01, +1.0393e-01, -9.5142e-02, -5.0468e-02, +1.9667e-02, -3.7121e-02, +4.3987e-02, +4.6927e-02, +2.0935e-02, -1.6481e-01, +1.6918e-02, -1.4053e-01, +1.3940e-01, -1.1589e-01, -6.6027e-02
+9.4832e-03, +8.8524e-02, +5.3531e-02, -4.0741e-02, -5.3511e-02, -1.4157e-01, +6.5469e-02, -3.4795e-02, +6.8976e-02, +7.2212e-02, -1.2657e-01, -1.7654e-02, +2.0205e-02, +2.9986e-02, -9.3864e-02, +9.0952e-03, -1.7577e-02, -7.3370e-02, +1.3086e-02, -3.5496e-02, +2.8905e-02, -3.8249e-02, -2.7159e-02, -4.3179e-02, +4.2521e-02, -7.4568e-02, -7.9252e-02, -1.2605e-01, -1.0000e+00, -1.5451e-02, -1.8436e-02, +2.6937e-02, -5.8080e-02, +3.5438e-02, +4.1673e-02, -2.9439e-02, +7.4115e-02, -8.8621e-02, +4.5009e-03, -1.3027e-02, +3.3621e-02, -2.1662e-02, +9.2264e-02, -2.2475e-02, -1.0319e-01, +2.1287e-02, -5.9450e-02, +5.5205e-02, -3.2443e-02, +4.5986e-02
+3.1619e-02, -1.9580e-04, +2.8675e-02, -6.1342e-02, -1.0131e-01, +8.0151e-03, -3.0637e-02, -5.1728e-02, +1.3893e-02, -3.1431e-02, -1.2432e-01, +1.4275e-02, +6.4587e-02, -4.0944e-02, -2.1357e-02, +5.0761e-02, -1.0185e-01, -5.3398e-02, -6.9821e-02, -6.7137e-02, -5.8828e-02, +6.2931e-02, -6.2035e-02, -8.5794e-02, -2.2366e-02, -1.2742e-01, -1.0177e-02, -6.3804e-02, -1.5451e-02, -1.0000e+00, +1.8181e-02, -6.0217e-02, -1.7325e-02, -2.2468e-02, -6.9424e-02, +4.9911e-02, +2.7252e-02, +9.4256e-03, -5.1352e-02, +2.2300e-02, -8.6343e-03, +3.9067e-02, +8.7774e-02, -3.7129e-02, -5.2224e-02, +2.0297e-02, -2.0563e-02, +4.2102e-02, -2.8633e-02, +9.8404e-02
+9.4328e-03, -2.6699e-02, -2.4498e-02, -9.0732e-02, +3.6046e-02, -1.4981e-01, -1.1753e-01, -1.0461e-01, +1.5130e-02, -2.3697e-02, -1.5951e-01, -6.2482e-02, -1.0445e-01, -1.0159e-01, -1.0321e-01, +3.7997e-02, +1.0758e-01, -4.9768e-02, -4.8084e-02, +4.0714e-02, -2.3045e-02, +6.9311e-02, +1.2255e-01, -1.2439e-01, -3.3848e-02, -4.5605e-02, -1.0262e-01, -1.2121e-01, -1.8436e-02, +1.8181e-02, -1.0000e+00, +3.7975e-03, -1.7202e-02, +4.7823e-02, +1.0961e-01, +1.9116e-02, +1.1410e-01, -4.6434e-02, -7.6835e-02, +7.4552e-02, -1.1921e-01, +4.5988e-02, +4.8949e-02, -9.9105e-02, -1.1049e-01, +3.4117e-02, -1.6110e-01, +1.0567e-01, -5.6499e-02, -8.7031e-02
-2.0990e-02, -5.7744e-02, +3.3084e-02, +1.0469e-02, -4.1366e-02, +1.1108e-01, -3.1996e-03, +7.7990e-03, +5.4020e-02, -3.6131e-02, +9.4693e-02, +2.0435e-02, +4.3071e-02, -1.3853e-02, +2.4904e-02, -1.3663e-02, +4.2218e-03, -2.9113e-02, -6.5985e-02, +6.2450e-02, -7.1071e-02, +2.7334e-02, -2.1367e-02, -1.3588e-02, +6.8205e-02, +1.3896e-02, +7.5522e-03, -2.1376e-02, +2.6937e-02, -6.0217e-02, +3.7975e-03, -1.0000e+00, -1.4620e-02, -5.1827e-02, -2.7150e-02, +2.1563e-01, -5.2326e-02, -2.7454e-02, +1.9150e-02, +1.0956e-01, +3.9363e-02, +1.0236e-01, +1.9657e-02, +1.3854e-01, -4.9693e-02, +2.2158e-02, -6.3029e-02, -7.9073e-02, -1.3935e-02, +8.8956e-02
-2.4774e-02, +5.1488e-02, -5.6927e-03, -5.8850e-02, +2.5739e-02, -5.5003e-02, -7.8014e-02, -7.9018e-02, -7.5070e-03, -1.0314e-02, -5.0886e-02, -3.8136e-02, +1.7709e-04, -1.1891e-01, -7.8094e-02, -1.3218e-02, -8.1402e-02, -1.5120e-02, +1.6722e-02, +1.9609e-02, -1.8292e-02, +1.3044e-01, +6.6058e-02, +1.3587e-02, +2.3513e-02, -3.4612e-02, -2.8687e-02, -8.1066e-02, -5.8080e-02, -1.7325e-02, -1.7202e-02, -1.4620e-02, -1.0000e+00, -3.0401e-02, +5.8055e-02, +4.1858e-03, +9.3855e-02, -8.0136e-02, -4.6714e-02, -1.7216e-01, -1.5888e-01, +8.7771e-02, +2.4181e-02, -3.6057e-02, -3.8327e-02, +2.9857e-02, -1.7288e-02, +9.7231e-02, -6.5421e-02, +8.3940e-03
-3.6702e-02, +1.1760e-02, +1.3003e-02, +2.9479e-04, +2.0079e-02, +6.9237e-02, +3.6267e-02, -2.6049e-02, +5.6569e-02, -3.8038e-02, +7.7539e-02, +6.2024e-02, +1.7472e-03, -4.7525e-02, +3.4220e-04, +2.6174e-02, +8.9109e-05, +1.6976e-02, +2.0541e-02, +1.5464e-02, +3.7669e-02, -2.9809e-02, -4.4015e-03, +1.1004e-01, +4.6570e-02, +3.2322e-02, +2.7687e-02, +2.6649e-02, +3.5438e-02, -2.2468e-02, +4.7823e-02, -5.1827e-02, -3.0401e-02, -1.0000e+00, +4.4186e-02, +3.4650e-02, +1.9609e-02, -8.5160e-03, +2.5017e-02, -8.8509e-03, -2.4371e-02, +1.1344e-01, +2.6116e-01, +7.2940e-02, +1.0098e-01, -1.3842e-03, +2.1271e-02, +8.0191e-02, +2.3394e-02, +2.1348e-01
+3.9810e-02, -7.5604e-02, +1.1960e-01, +7.9496e-02, +6.5846e-02, +5.9042e-02, +5.6111e-02, +4.6401e-03, +3.0732e-02, +5.2677e-02, -4.1243e-02, +1.2184e-01, +3.6485e-02, +2.2985e-02, +4.8854e-03, +5.1317e-02, -1.6567e-01, +2.0259e-02, +9.3621e-02, +1.0904e-02, -1.1297e-03, -2.1990e-02, -1.2342e-01, -1.0485e-02, +4.2242e-02, +5.3251e-02, -6.6904e-03, +1.0427e-01, +4.1673e-02, -6.9424e-02, +1.0961e-01, -2.7150e-02, +5.8055e-02, +4.4186e-02, -1.0000e+00, -9.1166e-02, -1.0694e-01, +7.1714e-02, +2.8190e-02, -2.3504e-02, +3.5016e-02, -1.0741e-01, +1.1998e-02, -3.6425e-02, +5.7249e-02, +1.1502e-02, -8.6163e-03, -6.2476e-02, +6.3493e-02, +1.1104e-01
+1.5809e-01, -4.1441e-02, +1.4240e-01, +2.6529e-01, +5.4788e-02, -1.0443e-01, +2.2658e-01, +7.5467e-03, +2.6424e-02, +7.0359e-03, -8.0315e-02, +3.6153e-02, +8.7461e-02, +8.4368e-02, +1.3805e-01, +2.9607e-02, -2.5239e-02, +9.2516e-02, +1.2342e-01, +1.1687e-01, +1.4531e-01, -1.3534e-01, -1.2443e-01, +1.7584e-02, +6.0069e-02, +2.0914e-01, -1.5504e-02, +2.6234e-01, -2.9439e-02, +4.9911e-02, +1.9116e-02, +2.1563e-01, +4.1858e-03, +3.4650e-02, -9.1166e-02, -1.0000e+00, -6.6983e-03, +1.9201e-01, -5.2046e-02, -7.3668e-02, +7.3050e-03, -7.1641e-02, -1.1115e-01, -1.7781e-01, +3.4395e-02, -1.2205e-01, +1.4500e-01, -7.2149e-02, +1.7466e-01, +1.4441e-01
+5.9287e-02, +3.2908e-03, -6.8292e-02, +5.1101e-02, -6.6681e-02, +8.9188e-02, +4.7591e-02, -5.7490e-02, +2.0403e-02, +2.8860e-02, +2.4256e-02, -1.0464e-02, -1.5657e-01, +1.1937e-01, -4.2706e-02, +7.4447e-03, -4.6207e-02, +9.7497e-02, +1.1436e-01, +1.1468e-01, +1.8975e-01, +1.5182e-02, +1.5728e-02, +5.2951e-02, -4.4375e-02, -4.5211e-02, -6.1563e-04, +1.0393e-01, +7.4115e-02, +2.7252e-02, +1.1410e-01, -5.2326e-02, +9.3855e-02, +1.9609e-02, -1.0694e-01, -6.6983e-03, -1.0000e+00, +1.2782e-01, +1.8691e-01, +4.4404e-02, +2.4278e-01, +1.8329e-01, -8.4378e-02, +5.4234e-02, +1.7372e-01, +7.8107e-02, -4.4419e-02, -5.6723e-02, +1.0637e-01, +8.4607e-02
-6.1231e-02, +1.2636e-01, -8.9332e-02, -9.7393e-02, +7.4692e-02, -7.0919e-02, -6.6659e-03, +7.5191e-02, +6.9655e-02, +3.7079e-03, -6.4029e-02, +2.3107e-02, +1.6273e-01, -6.2070e-03, -1.2636e-01, -5.7759e-02, -1.3532e-01, -1.2681e-01, -2.4991e-02, -7.9701e-02, -1.0063e-01, +1.6040e-02, +1.3121e-02, -1.2392e-02, -7.2674e-02, +8.0946e-03, +2.7489e-03, -9.5142e-02, -8.8621e-02, +9.4256e-03, -4.6434e-02, -2.7454e-02, -8.0136e-02, -8.5160e-03, +7.1714e-02, +1.9201e-01, +1.2782e-01, -1.0000e+00, -5.0243e-02, -3.0056e-02, -1.0500e-01, -5.1999e-02, -3.6016e-03, -5.8073e-02, +3.4303e-02, +4.0029e-03, -4.5574e-02, +1.8996e-03, -8.3997e-02, -9.4789e-03
+1.5936e-03, +1.3162e-02, +1.6120e-02, -8.7698e-02, +5.4078e-02, -6.0848e-02, -7.7838e-02, -7.0132e-03, +5.9606e-02, +1.2348e-01, -4.8053e-02, -7.0293e-02, +2.9087e-02, -1.4287e-02, +6.3649e-02, +2.0726e-03, +1.2029e-01, -9.2402e-02, -1.2394e-01, -3.2189e-02, -5.2306e-02, -5.8812e-03, -9.9743e-02, +1.0484e-03, -1.3880e-02, +7.5974e-02, -9.0578e-03, -5.0468e-02, +4.5009e-03, -5.1352e-02, -7.6835e-02, +1.9150e-02, -4.6714e-02, +2.5017e-02, +2.8190e-02, -5.2046e-02, +1.8691e-01, -5.0243e-02, -1.0000e+00, -8.8648e-02, -1.7725e-02, -7.7134e-02, +2.2102e-02, +4.6813e-04, -9.2945e-02, -1.4753e-01, -8.6636e-02, -3.0255e-02, -3.8212e-03, +1.2441e-01
+5.1678e-02, -3.4673e-02, +1.7939e-02, +8.8496e-02, -1.8869e-02, +8.3068e-02, +3.5013e-02, +2.2482e-02, +3.2474e-02, +4.0115e-02, +6.6456e-02, +4.6121e-02, -3.5468e-02, +8.9590e-03, +2.6822e-02, -3.8444e-02, -7.5726e-02, +1.9685e-03, +5.5046e-02, -5.0009e-02, +5.2834e-02, +2.8123e-02, -2.4225e-02, +4.3497e-02, +2.4487e-02, +5.5519e-02, +6.8517e-03, +1.9667e-02, -1.3027e-02, +2.2300e-02, +7.4552e-02, +1.0956e-01, -1.7216e-01, -8.8509e-03, -2.3504e-02, -7.3668e-02, +4.4404e-02, -3.0056e-02, -8.8648e-02, -1.0000e+00, -9.1468e-02, -1.9345e-02, -3.2013e-02, -8.2500e-02, +1.4895e-02, +8.9276e-03, -4.2991e-02, -8.0297e-02, -3.7555e-02, +1.2110e-01
-1.1436e-02, +6.9311e-02, -3.0729e-02, -3.3274e-02, +3.2742e-02, -3.4593e-02, -6.1570e-02, +1.2192e-02, +5.2752e-02, -4.2771e-03, -5.7394e-02, -2.2468e-02, +1.6936e-01, -9.2925e-02, -1.0389e-01, -1.3626e-02, -1.1329e-01, -9.7119e-03, -3.0728e-02, -5.6150e-02, -1.3284e-01, +1.3897e-02, +5.8171e-02, +7.8240e-03, +2.5358e-02, +1.5923e-02, +2.9091e-02, -3.7121e-02, +3.3621e-02, -8.6343e-03, -1.1921e-01, +3.9363e-02, -1.5888e-01, -2.4371e-02, +3.5016e-02, +7.3050e-03, +2.4278e-01, -1.0500e-01, -1.7725e-02, -9.1468e-02, -1.0000e+00, -6.4584e-03, +8.2616e-02, -8.4950e-02, -5.4616e-02, +2.9381e-03, -7.3332e-02, +8.8924e-02, -4.5467e-02, -5.7489e-02
+2.2772e-02, -1.6438e-02, +1.1345e-02, +6.9217e-02, +1.0393e-02, -5.9375e-03, -1.1293e-02, +3.0722e-02, +5.0085e-02, +7.1806e-03, -2.7397e-02, +7.7598e-02, +2.7310e-02, -3.5701e-02, +4.4402e-02, +7.9778e-02, +5.1232e-02, -9.4050e-02, -9.2065e-02, -7.8600e-02, -6.1782e-02, -1.4181e-01, -6.0964e-02, -7.0972e-03, +6.3201e-02, +8.5902e-02, +3.8657e-03, +4.3987e-02, -2.1662e-02, +3.9067e-02, +4.5988e-02, +1.0236e-01, +8.7771e-02, +1.1344e-01, -1.0741e-01, -7.1641e-02, +1.8329e-01, -5.1999e-02, -7.7134e-02, -1.9345e-02, -6.4584e-03, -1.0000e+00, -6.7731e-03, -7.0548e-03, +4.3893e-02, -1.0857e-01, +3.5475e-02, -4.5384e-02, -5.3673e-02, -4.2102e-02
+6.4850e-02, +2.2348e-02, +5.0457e-02, +1.8456e-02, -2.5111e-02, +3.3539e-03, +7.2745e-02, +7.2078e-02, -7.0848e-02, +2.9331e-02, +8.4224e-02, +4.0372e-02, -3.3123e-02, +8.5131e-02, +6.0120e-02, -6.5936e-02, +7.3957e-02, +2.1927e-02, +3.8491e-02, +5.7721e-02, +2.5801e-02, -1.1768e-02, +2.0141e-03, -1.7483e-02, -1.3578e-02, +1.2173e-01, +4.3068e-02, +4.6927e-02, +9.2264e-02, +8.7774e-02, +4.8949e-02, +1.9657e-02, +2.4181e-02, +2.6116e-01, +1.1998e-02, -1.1115e-01, -8.4378e-02, -3.6016e-03, +2.2102e-02, -3.2013e-02, +8.2616e-02, -6.7731e-03, -1.0000e+00, +1.3923e-03, +8.4156e-02, -9.1524e-03, +6.2817e-02, +1.1002e-01, +6.8137e-02, -7.2639e-02
+6.4265e-02, -3.1540e-02, +1.8124e-02, +6.3278e-02, +2.3886e-02, -1.2015e-01, +1.2159e-01, +4.2571e-03, +6.9072e-03, -7.9030e-02, -1.6607e-01, +1.7696e-01, +6.6416e-02, -4.3645e-02, -6.1501e-02, -1.0731e-02, -2.9136e-03, +6.6336e-03, +4.6213e-02, +3.5818e-02, -1.2750e-01, +6.1765e-02, -8.1395e-02, -9.1136e-03, +7.4229e-03, -3.0251e-02, -6.0530e-02, +2.0935e-02, -2.2475e-02, -3.7129e-02, -9.9105e-02, +1.3854e-01, -3.6057e-02, +7.2940e-02, -3.6425e-02, -1.7781e-01, +5.4234e-02, -5.8073e-02, +4.6813e-04, -8.2500e-02, -8.4951e-02, -7.0548e-03, +1.3923e-03, -1.0000e+00, -2.6502e-02, -7.3743e-02, -6.3933e-02, -1.3644e-01, -4.2510e-02, +2.3372e-02
-1.9255e-04, +4.0278e-02, -6.4891e-02, -6.0240e-02, +2.1394e-02, -4.7776e-02, -5.1860e-02, -3.3893e-02, +5.0313e-02, -1.6284e-02, -1.7328e-02, -6.1907e-02, -2.3642e-02, -1.1618e-01, -5.6924e-03, +9.9334e-03, -2.1645e-02, -2.1038e-02, -4.2811e-02, +7.1784e-03, +4.9475e-02, -2.3107e-02, +5.4397e-02, -1.1170e-01, -5.2100e-02, -1.1954e-01, -5.5471e-02, -1.6481e-01, -1.0319e-01, -5.2224e-02, -1.1049e-01, -4.9693e-02, -3.8327e-02, +1.0098e-01, +5.7249e-02, +3.4395e-02, +1.7372e-01, +3.4303e-02, -9.2945e-02, +1.4895e-02, -5.4616e-02, +4.3893e-02, +8.4156e-02, -2.6502e-02, -1.0000e+00, +9.4463e-02, -7.3936e-02, +1.1837e-01, -8.7796e-02, +3.7513e-02
+3.1477e-02, +4.7655e-02, -3.2036e-02, -6.8878e-02, -5.4426e-02, -1.3281e-01, +4.0054e-04, +1.3061e-01, -7.6224e-02, +1.1009e-01, +6.7118e-02, -5.8065e-02, +7.9219e-02, +3.3662e-02, +2.3491e-02, +4.4957e-02, +2.0218e-01, +3.1395e-02, -9.5489e-02, +5.3491e-02, -8.2121e-02, -1.5090e-03, -2.5325e-02, -3.8326e-02, -6.8738e-02, +1.7951e-02, -1.0248e-01, +1.6918e-02, +2.1287e-02, +2.0297e-02, +3.4117e-02, +2.2158e-02, +2.9857e-02, -1.3842e-03, +1.1502e-02, -1.2205e-01, +7.8107e-02, +4.0029e-03, -1.4753e-01, +8.9276e-03, +2.9381e-03, -1.0857e-01, -9.1524e-03, -7.3743e-02, +9.4463e-02, -1.0000e+00, -4.3652e-03, -1.0427e-01, +4.2448e-02, +6.2431e-02
-1.4351e-02, -7.6611e-03, +7.9340e-02, -4.6757e-02, +4.4093e-02, -8.3883e-02, -1.1870e-01, +1.1252e-02, +3.5326e-02, +9.8605e-02, -1.2183e-01, +8.4059e-02, +2.9212e-02, -1.7424e-02, -1.7571e-01, +1.2930e-02, -1.8371e-01, -1.0406e-01, -1.3409e-01, -5.3806e-03, -5.8019e-02, +1.4801e-01, -3.0524e-02, -1.3173e-01, -9.3532e-02, -1.1328e-01, -1.4506e-01, -1.4053e-01, -5.9450e-02, -2.0563e-02, -1.6110e-01, -6.3029e-02, -1.7288e-02, +2.1271e-02, -8.6163e-03, +1.4500e-01, -4.4419e-02, -4.5574e-02, -8.6636e-02, -4.2991e-02, -7.3332e-02, +3.5475e-02, +6.2817e-02, -6.3933e-02, -7.3936e-02, -4.3652e-03, -1.0000e+00, -1.0534e-02, -1.7085e-02, +5.9032e-02
+1.5242e-02, -1.7387e-01, +1.5634e-04, +1.7376e-03, +9.5586e-02, +8.1248e-03, +3.0116e-02, +6.6546e-02, +9.7728e-02, +2.7450e-02, +9.0342e-02, +2.8747e-01, -2.9800e-02, +9.7297e-03, +1.1607e-01, +4.3777e-02, +4.1661e-02, -4.1840e-02, +5.9899e-02, -1.1658e-03, +5.7862e-02, -5.7528e-02, +4.3527e-02, -1.9976e-02, -3.7556e-02, +4.3645e-02, -3.1287e-02, +1.3940e-01, +5.5205e-02, +4.2102e-02, +1.0567e-01, -7.9073e-02, +9.7231e-02, +8.0191e-02, -6.2476e-02, -7.2149e-02, -5.6723e-02, +1.8996e-03, -3.0255e-02, -8.0297e-02, +8.8924e-02, -4.5384e-02, +1.1002e-01, -1.3644e-01, +1.1837e-01, -1.0427e-01, -1.0534e-02, -1.0000e+00, +1.5999e-01, +1.4325e-01
-5.2846e-02, +4.0142e-02, +2.5801e-02, -2.8912e-02, -1.1641e-02, -5.0334e-02, -1.2799e-02, -3.1126e-02, +2.6993e-02, +3.2218e-02, -8.7038e-03, -4.9638e-03, -1.1479e-01, -9.3789e-02, -6.3042e-02, +5.9556e-02, +5.0065e-02, -1.0063e-01, -3.9555e-02, -8.3448e-02, -4.4150e-02, +2.1397e-02, +1.3990e-02, -2.0446e-02, +4.1354e-02, +4.2875e-02, +1.5149e-02, -1.1589e-01, -3.2443e-02, -2.8633e-02, -5.6499e-02, -1.3935e-02, -6.5421e-02, +2.3394e-02, +6.3493e-02, +1.7466e-01, +1.0637e-01, -8.3997e-02, -3.8212e-03, -3.7555e-02, -4.5467e-02, -5.3673e-02, +6.8137e-02, -4.2510e-02, -8.7796e-02, +4.2448e-02, -1.7085e-02, +1.5999e-01, -1.0000e+00, -9.1335e-02
-6.6782e-02, +8.1854e-02, -9.4677e-02, -2.8027e-02, +4.0420e-02, -3.5016e-02, +3.3940e-03, -3.6378e-02, -1.6086e-02, +2.7340e-03, +3.4918e-03, +4.4042e-02, -7.9404e-02, -3.0187e-02, +1.8020e-02, -8.2172e-02, +7.3823e-02, -5.7518e-02, -2.1652e-03, -2.8718e-02, -3.2713e-02, +3.2473e-02, +2.6207e-01, +2.3466e-02, +1.7876e-02, -5.8504e-02, +5.2791e-02, -6.6027e-02, +4.5986e-02, +9.8404e-02, -8.7031e-02, +8.8956e-02, +8.3940e-03, +2.1348e-01, +1.1104e-01, +1.4441e-01, +8.4607e-02, -9.4790e-03, +1.2441e-01, +1.2110e-01, -5.7489e-02, -4.2102e-02, -7.2639e-02, +2.3372e-02, +3.7513e-02, +6.2431e-02, +5.9032e-02, +1.4325e-01, -9.1335e-02, -1.0000e+00
