-1.0000e+00, +4.6693e-02, -7.3009e-02, -2.8267e-02, +4.5947e-02, -2.8604e-02, +7.7616e-02, -1.1805e-03, -2.4307e-01, -1.3892e-02, +1.0807e-01, +1.6046e-02, +7.0686e-03, -8.7453e-02, +3.6206e-02, -4.2725e-02, +5.5566e-02, +1.4131e-02, +7.9472e-03, +6.7274e-02, +9.5635e-02, +2.4868e-02, -9.5279e-02, +2.6339e-02, -7.0825e-02, -1.0841e-01, +5.0961e-02, -8.9321e-02, -1.2456e-02, -6.8056e-03, +8.8616e-02, +8.8337e-02, -6.2501e-02, -1.0117e-01, -1.3529e-02, +8.7711e-03, +1.5083e-01, -1.1100e-02, -7.8796e-02, -8.0735e-02, +1.5243e-02, +5.9441e-03, +2.8810e-02, +8.9523e-03, -6.8174e-02, -6.4424e-04, -1.0802e-01, +3.0351e-01, -1.5634e-02, +1.9519e-02
+4.6693e-02, -1.0000e+00, +1.4310e-01, -1.2324e-01, +6.0223e-02, -2.2485e-02, -2.3855e-02, +2.4057e-02, +2.5045e-02, +7.2866e-02, +3.7921e-02, -3.0472e-02, +1.2157e-01, -1.7375e-02, -1.6273e-02, -6.3042e-03, +2.7011e-02, +6.1334e-02, -5.0328e-02, -5.8721e-02, +2.5930e-02, +1.8598e-02, +8.3995e-02, +4.0292e-02, -4.1269e-02, +1.1208e-01, +1.9637e-02, -9.6251e-02, -8.9770e-02, +7.7348e-02, -1.7103e-02, +3.2754e-02, +7.8596e-03, -1.9823e-02, +3.0573e-02, -4.1683e-02, +1.4645e-01, -7.6095e-03, -1.1672e-02, +7.6854e-02, +1.7378e-02, +6.2265e-02, -5.3276e-03, -4.8051e-02, +1.1933e-01, +1.1624e-02, +7.6684e-02, -1.4277e-02, +4.1632e-02, -1.8060e-02
-7.3009e-02, +1.4310e-01, -1.0000e+00, +1.2443e-01, -1.1850e-01, -5.6187e-03, -6.5019e-02, -4.6108e-02, +4.9233e-02, +2.3888e-02, -9.8726e-02, -8.8794e-02, -8.2779e-02, -3.1562e-02, +8.9069e-02, +1.6777e-02, +5.3798e-02, +5.5059e-02, +2.7815e-03, -3.6643e-02, -2.7262e-02, +1.0235e-01, +4.6895e-02, -4.3240e-02, -2.6004e-02, -1.0575e-01, -3.8107e-02, -7.7093e-02, -1.7624e-02, +9.1211e-02, -4.7693e-02, +9.1491e-02, -7.2290e-02, +7.2723e-02, -2.5033e-02, +3.5772e-02, -2.6345e-01, -1.4617e-03, -5.4179e-02, -2.0922e-02, -4.7380e-03, -2.9761e-02, -3.6956e-02, +6.7697e-03, -2.9998e-02, -1.2522e-02, +2.2901e-02, +1.8831e-01, +9.1231e-03, +8.3730e-02
-2.8267e-02, -1.2324e-01, +1.2443e-01, -1.0000e+00, -2.9201e-02, -2.3827e-02, -1.0827e-01, +4.8780e-02, +5.9281e-02, -2.1209e-02, -6.1742e-02, -4.4810e-02, -6.2678e-02, -6.6611e-02, +1.2441e-03, +4.1383e-02, +1.3059e-01, -3.5920e-02, -1.6460e-01, -5.9553e-02, +4.1293e-02, -5.1972e-02, +3.1071e-02, -1.0922e-01, -4.8961e-02, -6.3459e-02, +4.6212e-02, -1.5662e-01, -3.0080e-02, -6.7297e-03, -1.3492e-01, +4.7797e-03, -6.5777e-02, -2.0896e-02, +7.6500e-02, -4.2328e-02, +2.5065e-01, -1.0106e-01, +1.0366e-02, +3.7950e-03, -1.2379e-01, -3.9412e-02, +7.1394e-03, +1.0088e-02, +1.7156e-02, -7.5171e-02, +3.5367e-02, -1.4872e-03, +3.1605e-03, +3.7623e-02
+4.5947e-02, +6.0223e-02, -1.1850e-01, -2.9201e-02, -1.0000e+00, -3.6908e-03, -1.4087e-03, +4.9066e-02, +1.3864e-01, +4.3888e-02, -2.8617e-02, -1.0507e-01, -7.9246e-02, -7.3475e-02, -6.0744e-02, +3.0771e-02, +3.1123e-02, +8.7228e-02, -7.3432e-02, -8.9215e-02, -4.8777e-02, +1.1750e-02, -6.7150e-02, -6.4505e-02, -1.9990e-02, +5.1754e-03, +2.6415e-02, -8.7369e-02, +9.7338e-02, +2.0683e-02, -1.5199e-02, +4.3615e-02, -5.2151e-02, -1.5814e-02, +7.4851e-02, +5.1844e-02, -9.1362e-02, +9.6241e-02, +2.9536e-02, +3.7627e-02, -3.0367e-02, +3.8906e-02, +2.6211e-03, +2.9043e-02, -6.8119e-02, -4.2312e-02, +7.6167e-02, +1.7280e-01, +1.6980e-02, +8.2453e-02
-2.8604e-02, -2.2485e-02, -5.6187e-03, -2.3827e-02, -3.6908e-03, -1.0000e+00, +7.0784e-02, +6.9123e-02, +6.5339e-02, -1.0471e-01, -1.0495e-01, -2.4075e-02, -3.4963e-02, -2.6882e-02, -1.3684e-01, -3.7910e-02, +8.6178e-04, -1.7252e-02, -4.7967e-02, -3.8136e-02, -9.9695e-02, -3.7977e-02, -1.3765e-01, +5.2622e-03, -1.1112e-02, -9.2948e-02, +1.5895e-02, -7.5150e-02, -1.6885e-02, +1.1644e-02, +3.4280e-03, -4.4345e-03, -5.1972e-02, +5.8437e-02, -1.3078e-01, +1.4405e-02, +8.6272e-02, +1.8387e-02, -1.7251e-02, +1.2036e-02, +5.2965e-02, +8.4735e-02, +2.1812e-02, -2.9887e-02, -7.0768e-02, +2.5258e-02, -1.8289e-01, +5.5510e-02, -6.2834e-02, +6.8514e-02
+7.7616e-02, -2.3855e-02, -6.5019e-02, -1.0827e-01, -1.4087e-03, +7.0784e-02, -1.0000e+00, -3.5148e-02, +2.6948e-02, +1.6644e-02, -3.2207e-02, -7.9966e-02, -1.0536e-01, +9.9294e-03, +4.6951e-02, -5.9311e-03, +8.8502e-02, +9.0592e-02, +3.7873e-03, -9.6030e-03, -9.1708e-02, +2.1754e-02, +9.9206e-02, -6.2055e-02, +3.2188e-02, -1.5852e-02, -1.1558e-01, +6.0311e-02, -1.2377e-01, +4.5128e-02, -2.6047e-03, +4.1645e-02, -4.1386e-03, +4.4954e-02, +9.9768e-02, +3.2222e-02, -4.8047e-02, +8.9200e-02, -4.8251e-02, +2.9236e-02, -1.8726e-02, -3.6526e-02, -1.5955e-02, -3.9966e-02, -1.2213e-01, +2.8420e-02, +1.0908e-01, -2.2228e-02, +2.2821e-02, +4.3905e-02
-1.1805e-03, +2.4057e-02, -4.6108e-02, +4.8780e-02, +4.9066e-02, +6.9123e-02, -3.5148e-02, -1.0000e+00, +6.6284e-03, +6.1216e-02, -8.2108e-03, +4.2582e-02, +3.3678e-03, -2.5257e-03, +8.8559e-02, +2.2020e-02, +1.2027e-02, +7.7962e-02, +1.6128e-02, -2.9388e-02, +5.0349e-03, +2.8411e-02, +7.3552e-02, +7.8449e-02, +1.2189e-03, +2.2566e-02, -4.4373e-02, +4.7014e-02, -4.8868e-02, -2.6857e-02, +5.7236e-02, +2.3446e-02, +2.0683e-04, +9.9759e-04, +2.5350e-02, -2.6692e-02, -6.1109e-02, +1.0703e-01, -5.7736e-02, +5.1883e-02, +1.1165e-01, -4.6375e-02, +5.4729e-02, +7.6994e-04, -8.1243e-02, +1.0095e-01, +1.1849e-01, -2.3469e-02, +1.4104e-02, -5.2141e-02
-2.4307e-01, +2.5045e-02, +4.9233e-02, +5.9281e-02, +1.3864e-01, +6.5339e-02, +2.6948e-02, +6.6284e-03, -1.0000e+00, -2.6922e-02, +1.3882e-01, +5.2659e-02, +8.1870e-02, -5.4188e-02, +3.4791e-02, -3.4479e-02, -6.4526e-02, +9.5585e-02, +1.6138e-03, -9.9228e-02, -9.8794e-02, -3.4772e-02, -6.8519e-02, +9.0952e-02, -3.3992e-02, +3.2851e-02, +1.1560e-01, -2.9642e-02, +7.3077e-02, +3.8337e-02, +1.7419e-01, -3.6301e-02, -2.1405e-02, -9.6343e-02, -6.1769e-02, +1.9784e-02, +2.4331e-01, +1.7946e-02, -8.9537e-02, +1.2824e-02, +1.3209e-01, +6.3523e-02, +5.8394e-02, -3.6322e-02, -3.8616e-02, -1.3587e-02, -1.3301e-01, +2.1837e-01, +1.8510e-02, +2.7081e-02
-1.3892e-02, +7.2866e-02, +2.3888e-02, -2.1209e-02, +4.3888e-02, -1.0471e-01, +1.6644e-02, +6.1216e-02, -2.6922e-02, -1.0000e+00, -2.5295e-01, +8.1607e-02, +2.5007e-02, -3.4789e-02, -1.3870e-01, +1.4023e-02, +9.8114e-02, +4.7650e-02, +2.4559e-02, +9.2042e-02, -2.6779e-02, +1.2600e-02, +1.1913e-01, -2.3590e-01, -3.0655e-03, -2.8758e-03, -9.4061e-02, +6.9544e-02, +5.9385e-02, -1.4933e-01, -1.6422e-01, -7.8933e-03, +2.4420e-02, -3.2537e-02, +1.0434e-02, +9.1208e-03, -9.5107e-03, +1.1319e-03, +6.0718e-02, +6.4815e-03, -3.1350e-02, +6.2869e-02, +1.0789e-02, -2.9753e-02, +4.0935e-02, +7.7757e-02, +2.8884e-02, +3.1789e-02, +1.2736e-02, +7.8247e-02
+1.0807e-01, +3.7921e-02, -9.8726e-02, -6.1742e-02, -2.8617e-02, -1.0495e-01, -3.2207e-02, -8.2108e-03, +1.3882e-01, -2.5295e-01, -1.0000e+00, -6.3754e-02, -1.3961e-01, -7.2451e-04, -1.7501e-02, -6.8354e-02, +4.1333e-02, -9.4894e-02, -1.5790e-01, +1.4599e-02, -6.4355e-02, -1.5281e-02, +2.3587e-01, +1.7995e-02, -4.7353e-03, -1.1277e-01, -9.8473e-02, -9.8916e-02, -8.8310e-02, -7.7769e-03, -1.3014e-01, -2.4100e-03, -3.5047e-02, +4.9784e-02, -2.0736e-03, +8.7535e-03, +2.0823e-02, -1.0174e-01, -9.4805e-03, -2.6437e-02, -1.1753e-01, +6.2028e-02, -3.6265e-02, -4.2450e-02, -1.3964e-01, +2.2025e-02, -1.3630e-01, +5.0433e-02, +5.8106e-02, +1.1752e-01
+1.6046e-02, -3.0472e-02, -8.8794e-02, -4.4810e-02, -1.0507e-01, -2.4075e-02, -7.9966e-02, +4.2582e-02, +5.2659e-02, +8.1607e-02, -6.3754e-02, -1.0000e+00, -2.1740e-02, -4.4868e-03, +5.2587e-02, +2.9179e-03, +7.9328e-02, -2.4757e-02, +7.4933e-02, +1.5713e-02, +2.4419e-02, +7.2363e-03, +1.0591e-01, -3.2792e-03, +6.8011e-02, -5.8057e-02, -7.5968e-02, -4.7173e-02, -6.8516e-02, +2.4160e-02, +1.2144e-02, +2.6828e-02, +7.8612e-03, +2.4266e-02, +8.5022e-03, -7.9900e-03, -1.0757e-01, -1.6104e-02, -9.2833e-03, -7.8614e-03, +1.0975e-02, -1.9699e-03, -5.3053e-03, +3.1779e-02, -1.2359e-01, -1.8272e-02, +3.3819e-02, +5.9311e-02, -9.1782e-03, -3.1627e-02
+7.0686e-03, +1.2157e-01, -8.2779e-02, -6.2678e-02, -7.9246e-02, -3.4963e-02, -1.0536e-01, +3.3678e-03, +8.1870e-02, +2.5007e-02, -1.3961e-01, -2.1740e-02, -1.0000e+00, -5.0016e-02, +8.5284e-02, -1.3714e-01, +1.1008e-01, -4.9604e-02, -4.6751e-02, +3.4706e-03, -8.8295e-02, +1.1753e-02, +1.1918e-01, -6.8757e-02, +6.6764e-03, -1.5358e-01, -1.1916e-01, -8.0727e-02, -8.4714e-02, +7.1956e-02, -2.8269e-02, +6.6271e-02, +7.6218e-03, +2.8554e-02, +2.9050e-02, -2.4683e-02, +8.7215e-02, -8.4482e-03, -1.1417e-01, -1.9062e-02, -2.0529e-02, +1.3426e-01, -9.4831e-03, -3.0718e-02, -2.3959e-01, +4.9998e-02, -3.7248e-02, +6.3120e-02, -9.2498e-03, +2.1002e-02
-8.7453e-02, -1.7375e-02, -3.1562e-02, -6.6611e-02, -7.3475e-02, -2.6882e-02, +9.9294e-03, -2.5257e-03, -5.4189e-02, -3.4789e-02, -7.2449e-04, -4.4868e-03, -5.0016e-02, -1.0000e+00, -1.1282e-02, +6.5469e-02, +8.0877e-02, -6.3644e-02, -1.5877e-01, -5.7510e-02, -6.8864e-02, +4.3166e-02, +1.1964e-01, -8.6207e-02, -3.8568e-02, -6.9582e-02, -1.0783e-01, -2.1234e-01, +4.1049e-02, -5.0761e-02, -1.0936e-01, +3.8602e-02, -3.6746e-02, -4.1880e-02, +5.7638e-02, -4.5044e-02, +2.1472e-01, -3.9799e-02, -3.6073e-03, -5.0683e-02, -5.9110e-02, +6.8595e-02, +7.4354e-03, +4.7099e-03, -1.0824e-01, -6.8553e-02, +1.2830e-02, +4.0413e-02, +1.0929e-02, -3.6856e-02
+3.6206e-02, -1.6273e-02, +8.9069e-02, +1.2441e-03, -6.0744e-02, -1.3684e-01, +4.6951e-02, +8.8559e-02, +3.4791e-02, -1.3870e-01, -1.7501e-02, +5.2587e-02, +8.5284e-02, -1.1282e-02, -1.0000e+00, +3.5759e-03, -1.5695e-01, +4.6154e-02, +1.9486e-02, -1.1256e-01, -9.3066e-02, +1.2136e-03, -2.0472e-01, -1.1893e-01, -4.7977e-02, +1.8165e-02, +3.1761e-02, +5.0536e-03, +8.8907e-02, +2.0247e-02, +3.4308e-02, -5.2011e-02, -4.9693e-02, +5.4892e-02, -4.9175e-03, -3.6987e-03, +1.1802e-01, +1.1369e-02, -1.2265e-02, -7.6414e-02, -8.8791e-03, -1.6013e-03, -3.5419e-02, -7.3736e-02, +1.0165e-01, +2.2053e-02, +7.0167e-02, +7.3061e-02, -1.4925e-02, +7.2187e-02
-4.2725e-02, -6.3043e-03, +1.6777e-02, +4.1383e-02, +3.0771e-02, -3.7910e-02, -5.9311e-03, +2.2020e-02, -3.4479e-02, +1.4023e-02, -6.8354e-02, +2.9179e-03, -1.3714e-01, +6.5469e-02, +3.5759e-03, -1.0000e+00, +4.1547e-02, +7.1353e-02, +1.9879e-02, +6.9179e-03, -1.0304e-01, -2.6946e-02, -7.1814e-02, +1.5004e-04, -1.4955e-02, +1.8017e-02, +3.7931e-02, -8.5557e-02, -1.3052e-03, +4.2624e-02, +2.0428e-02, -6.5706e-02, +1.1890e-01, +1.2355e-02, -2.7537e-02, +5.7031e-03, +3.7038e-02, -3.4597e-02, -4.1107e-02, +1.2265e-01, -2.6588e-02, +1.1763e-01, +7.0290e-03, -6.0703e-03, -5.0875e-02, +9.2866e-03, -3.0888e-02, +1.6772e-01, -2.9625e-02, +1.1214e-01
+5.5566e-02, +2.7011e-02, +5.3798e-02, +1.3059e-01, +3.1123e-02, +8.6178e-04, +8.8502e-02, +1.2027e-02, -6.4526e-02, +9.8114e-02, +4.1333e-02, +7.9328e-02, +1.1008e-01, +8.0877e-02, -1.5695e-01, +4.1547e-02, -1.0000e+00, -8.9912e-02, +1.8145e-01, -1.1690e-01, -8.2870e-02, -6.3307e-02, +1.0450e-01, -6.1839e-03, +2.5249e-02, -1.1438e-02, +1.0508e-01, +9.8379e-02, +2.9108e-01, -4.9917e-02, +1.5646e-01, -1.1038e-01, +9.8340e-03, -1.2866e-02, -1.5832e-01, -1.7262e-02, -7.2543e-02, -7.3482e-03, +1.0452e-02, +4.1216e-02, -9.1841e-02, +9.4360e-04, -3.3857e-03, -3.4887e-02, +1.7185e-01, +1.1199e-01, -1.7423e-02, -1.1998e-01, -2.6968e-02, +1.0380e-01
+1.4131e-02, +6.1334e-02, +5.5059e-02, -3.5920e-02, +8.7228e-02, -1.7252e-02, +9.0592e-02, +7.7962e-02, +9.5585e-02, +4.7650e-02, -9.4894e-02, -2.4757e-02, -4.9604e-02, -6.3644e-02, +4.6154e-02, +7.1353e-02, -8.9912e-02, -1.0000e+00, -3.3276e-02, +1.0293e-02, +1.0770e-02, +2.0180e-02, +6.0910e-02, +4.3363e-02, -2.0753e-02, -8.5381e-02, +9.5834e-03, -9.0823e-02, -5.1864e-02, -5.0000e-02, -2.5479e-03, +2.5645e-03, -3.2426e-02, +6.0014e-02, -2.6935e-02, -3.7445e-03, +1.1962e-01, -2.2019e-01, -2.6363e-04, -9.9453e-02, -6.6158e-02, +2.7964e-02, -1.6334e-02, -4.4216e-02, -1.4376e-02, +1.3336e-01, -1.1570e-01, -9.8349e-02, +2.3884e-02, +3.3354e-02
+7.9471e-03, -5.0328e-02, +2.7815e-03, -1.6460e-01, -7.3432e-02, -4.7967e-02, +3.7873e-03, +1.6128e-02, +1.6138e-03, +2.4559e-02, -1.5790e-01, +7.4933e-02, -4.6751e-02, -1.5877e-01, +1.9486e-02, +1.9879e-02, +1.8145e-01, -3.3276e-02, -1.0000e+00, -6.4766e-02, -9.5994e-03, -7.7548e-02, +1.3039e-01, +2.3263e-02, +1.7499e-02, -7.4979e-02, -5.2964e-02, -1.9082e-01, +2.8397e-02, -2.2100e-03, -3.0550e-02, -2.5076e-02, -1.2498e-02, -3.6047e-02, +7.6907e-02, +1.9890e-02, +1.9106e-01, -4.2414e-03, -5.6295e-02, +2.3255e-02, -5.0863e-02, +4.9865e-02, +2.2753e-02, -2.0018e-02, -8.7184e-02, -1.2301e-01, -8.6545e-02, +4.1297e-02, +3.4321e-02, -2.7879e-02
+6.7274e-02, -5.8721e-02, -3.6643e-02, -5.9553e-02, -8.9215e-02, -3.8136e-02, -9.6030e-03, -2.9388e-02, -9.9228e-02, +9.2042e-02, +1.4599e-02, +1.5713e-02, +3.4706e-03, -5.7510e-02, -1.1256e-01, +6.9179e-03, -1.1690e-01, +1.0293e-02, -6.4766e-02, -1.0000e+00, +6.0123e-02, -1.4699e-01, -9.7672e-02, +2.4243e-02, +4.4046e-02, +5.7759e-02, +1.6031e-02, -3.1911e-02, +4.0292e-02, -1.1253e-02, -2.7717e-02, -2.2399e-02, -1.2595e-01, +4.5755e-02, +3.0377e-02, +1.7842e-02, +1.7202e-01, -3.7722e-02, -5.7143e-02, +2.7859e-03, -7.8964e-02, +3.7304e-02, +1.1508e-02, -5.5704e-02, -2.9102e-02, +5.7175e-02, +2.8315e-02, -1.2703e-02, -6.3328e-02, +6.2932e-03
+9.5635e-02, +2.5930e-02, -2.7262e-02, +4.1293e-02, -4.8777e-02, -9.9695e-02, -9.1708e-02, +5.0349e-03, -9.8794e-02, -2.6779e-02, -6.4355e-02, +2.4419e-02, -8.8295e-02, -6.8864e-02, -9.3066e-02, -1.0304e-01, -8.2870e-02, +1.0770e-02, -9.5994e-03, +6.0123e-02, -1.0000e+00, +3.1282e-02, -1.1108e-01, -1.5392e-01, +6.6197e-02, -4.7600e-02, -9.2077e-02, +5.5547e-04, +1.3645e-02, +1.0514e-02, +6.8802e-02, +2.1128e-02, +2.2722e-02, +6.1668e-02, -1.6097e-02, -3.4236e-02, +1.4533e-01, +3.7854e-02, -7.3978e-02, -1.1851e-02, +7.4550e-03, +1.0766e-01, -2.6231e-02, -1.0319e-01, -7.1306e-02, -5.9889e-02, -7.2897e-02, +3.7325e-02, +3.3982e-02, +8.2840e-02
+2.4868e-02, +1.8598e-02, +1.0235e-01, -5.1972e-02, +1.1750e-02, -3.7977e-02, +2.1754e-02, +2.8411e-02, -3.4772e-02, +1.2600e-02, -1.5281e-02, +7.2363e-03, +1.1753e-02, +4.3166e-02, +1.2136e-03, -2.6946e-02, -6.3307e-02, +2.0180e-02, -7.7548e-02, -1.4699e-01, +3.1282e-02, -1.0000e+00, -5.7400e-02, -2.9098e-02, -6.7004e-02, -1.8623e-03, -1.0258e-02, -7.2951e-03, +7.4086e-02, -3.8208e-02, -1.8158e-02, -4.3390e-03, -1.0627e-02, +3.0470e-02, +3.2858e-02, +5.6275e-02, +4.9006e-02, -3.5847e-02, +1.1966e-02, +2.6050e-03, -5.5965e-02, +3.9961e-02, +1.6071e-02, +1.3479e-02, -3.9697e-02, +1.3176e-02, -3.1609e-02, -6.2669e-02, -6.3825e-02, -3.4206e-02
-9.5279e-02, +8.3995e-02, +4.6895e-02, +3.1071e-02, -6.7150e-02, -1.3765e-01, +9.9206e-02, +7.3552e-02, -6.8519e-02, +1.1913e-01, +2.3587e-01, +1.0591e-01, +1.1918e-01, +1.1964e-01, -2.0472e-01, -7.1814e-02, +1.0450e-01, +6.0910e-02, +1.3039e-01, -9.7672e-02, -1.1108e-01, -5.7400e-02, -1.0000e+00, +4.7188e-03, +1.8510e-02, -1.1570e-02, +1.7250e-01, +1.6935e-01, +2.2094e-01, -1.0126e-02, +9.4863e-02, -5.6055e-02, -4.8893e-03, -1.6601e-02, -4.0492e-02, -5.3433e-03, +4.4289e-02, +6.4527e-02, -1.6952e-02, +7.2441e-03, +5.2851e-02, -3.0451e-02, -2.7989e-02, -2.8479e-02, +1.5568e-01, +7.0019e-02, -4.5917e-02, -3.8978e-02, -5.3336e-02, +6.0049e-03
+2.6339e-02, +4.0292e-02, -4.3240e-02, -1.0922e-01, -6.4505e-02, +5.2622e-03, -6.2055e-02, +7.8449e-02, +9.0952e-02, -2.3590e-01, +1.7995e-02, -3.2792e-03, -6.8757e-02, -8.6207e-02, -1.1893e-01, +1.5004e-04, -6.1839e-03, +4.3363e-02, +2.3263e-02, +2.4243e-02, -1.5392e-01, -2.9098e-02, +4.7188e-03, -1.0000e+00, +1.2323e-03, -6.7600e-02, -8.8348e-02, -3.2798e-02, +8.7651e-02, +1.0700e-02, -7.1802e-02, +4.0603e-02, -1.2368e-02, +2.5954e-02, +6.5768e-02, -2.2023e-02, +5.1530e-02, -5.7689e-02, +1.6776e-02, -5.8367e-03, -1.9849e-02, +9.8558e-02, -8.4586e-02, -2.9327e-02, -9.9206e-03, -4.9630e-02, -1.0440e-02, -2.3550e-02, +3.3762e-02, +1.2495e-02
-7.0825e-02, -4.1269e-02, -2.6004e-02, -4.8961e-02, -1.9990e-02, -1.1112e-02, +3.2188e-02, +1.2189e-03, -3.3992e-02, -3.0655e-03, -4.7353e-03, +6.8011e-02, +6.6764e-03, -3.8568e-02, -4.7977e-02, -1.4955e-02, +2.5249e-02, -2.0753e-02, +1.7499e-02, +4.4046e-02, +6.6197e-02, -6.7004e-02, +1.8510e-02, +1.2323e-03, -1.0000e+00, +3.4092e-02, +3.0157e-02, -1.2147e-01, -1.3584e-02, +3.6802e-02, -8.7788e-02, +6.5354e-02, +2.0827e-02, +3.1122e-02, +3.7171e-02, -2.6605e-02, +1.5076e-01, -7.6320e-02, -5.4829e-02, +6.6835e-02, -5.1063e-02, +2.4938e-02, +2.5391e-02, +3.7271e-02, -7.0668e-02, +1.5790e-02, -4.4060e-02, +1.9027e-01, -7.6635e-02, +3.3890e-03
-1.0841e-01, +1.1208e-01, -1.0575e-01, -6.3459e-02, +5.1754e-03, -9.2948e-02, -1.5852e-02, +2.2566e-02, +3.2851e-02, -2.8758e-03, -1.1277e-01, -5.8057e-02, -1.5358e-01, -6.9582e-02, +1.8165e-02, +1.8017e-02, -1.1438e-02, -8.5381e-02, -7.4979e-02, +5.7759e-02, -4.7600e-02, -1.8623e-03, -1.1570e-02, -6.7600e-02, +3.4092e-02, -1.0000e+00, -2.2196e-02, -4.8689e-02, +3.8962e-02, -2.1003e-02, +2.0506e-02, -1.6756e-03, -7.8771e-02, -8.0990e-03, +8.1143e-02, -5.1579e-02, +5.2128e-02, +3.4818e-03, +3.3420e-02, -5.2057e-02, -2.0845e-02, -4.3672e-02, -5.2003e-02, +2.1409e-02, -5.0169e-02, +4.1112e-02, -1.0758e-02, -1.6114e-03, +1.0107e-01, +5.4524e-02
+5.0961e-02, +1.9637e-02, -3.8107e-02, +4.6212e-02, +2.6415e-02, +1.5895e-02, -1.1558e-01, -4.4373e-02, +1.1560e-01, -9.4061e-02, -9.8473e-02, -7.5968e-02, -1.1916e-01, -1.0783e-01, +3.1761e-02, +3.7931e-02, +1.0508e-01, +9.5834e-03, -5.2964e-02, +1.6031e-02, -9.2077e-02, -1.0258e-02, +1.7250e-01, -8.8348e-02, +3.0157e-02, -2.2196e-02, -1.0000e+00, -6.0221e-02, -1.8127e-01, -7.0553e-02, -3.1517e-02, +1.1218e-02, -3.8712e-02, +1.8178e-02, +5.1243e-02, -5.2870e-03, -1.0219e-01, -4.3725e-02, -8.3845e-02, -9.3853e-03, -5.0229e-02, +4.0836e-02, +5.4111e-03, -5.5420e-02, -1.6970e-01, -1.0902e-02, -4.0291e-02, -1.4352e-02, +1.0298e-01, +5.2680e-02
-8.9321e-02, -9.6251e-02, -7.7092e-02, -1.5662e-01, -8.7369e-02, -7.5150e-02, +6.0311e-02, +4.7014e-02, -2.9642e-02, +6.9544e-02, -9.8916e-02, -4.7173e-02, -8.0727e-02, -2.1234e-01, +5.0536e-03, -8.5557e-02, +9.8379e-02, -9.0823e-02, -1.9082e-01, -3.1911e-02, +5.5547e-04, -7.2951e-03, +1.6935e-01, -3.2798e-02, -1.2147e-01, -4.8689e-02, -6.0221e-02, -1.0000e+00, +1.6860e-02, +1.2892e-01, -2.7564e-02, +3.6297e-02, -1.1692e-02, +1.1374e-02, +4.2194e-02, -5.8166e-02, +2.5963e-01, -1.1109e-01, -5.4906e-02, -5.9087e-02, -6.6717e-02, +8.6647e-02, -2.8866e-02, -1.9573e-02, -3.2003e-02, -4.0904e-02, -6.5611e-02, +2.0708e-01, +7.5268e-03, -1.9993e-02
-1.2456e-02, -8.9770e-02, -1.7624e-02, -3.0080e-02, +9.7338e-02, -1.6885e-02, -1.2377e-01, -4.8868e-02, +7.3077e-02, +5.9385e-02, -8.8310e-02, -6.8516e-02, -8.4714e-02, +4.1049e-02, +8.8907e-02, -1.3052e-03, +2.9108e-01, -5.1864e-02, +2.8397e-02, +4.0292e-02, +1.3645e-02, +7.4086e-02, +2.2094e-01, +8.7651e-02, -1.3584e-02, +3.8963e-02, -1.8127e-01, +1.6860e-02, -1.0000e+00, +7.8691e-02, -2.2933e-02, +4.7042e-02, -5.7223e-02, +3.8674e-02, -1.2828e-02, +3.8524e-02, +7.9869e-03, -8.2694e-02, -3.3428e-02, +6.2804e-03, +1.1889e-01, -5.8095e-02, +1.5540e-02, -2.4248e-02, -1.0453e-01, -2.5615e-02, -5.0673e-02, +1.1495e-02, -3.2606e-02, -7.9490e-04
-6.8056e-03, +7.7348e-02, +9.1211e-02, -6.7297e-03, +2.0683e-02, +1.1644e-02, +4.5128e-02, -2.6857e-02, +3.8337e-02, -1.4933e-01, -7.7769e-03, +2.4160e-02, +7.1956e-02, -5.0761e-02, +2.0247e-02, +4.2624e-02, -4.9917e-02, -5.0000e-02, -2.2100e-03, -1.1253e-02, +1.0514e-02, -3.8208e-02, -1.0126e-02, +1.0700e-02, +3.6802e-02, -2.1003e-02, -7.0553e-02, +1.2892e-01, +7.8691e-02, -1.0000e+00, -2.6747e-02, +5.2604e-02, +2.7139e-02, +2.2335e-02, +3.6243e-02, -2.3050e-02, -4.0320e-05, +5.1574e-02, +8.1120e-02, +1.4516e-02, -3.9675e-02, +1.6132e-03, +2.3335e-02, -5.1921e-02, -5.5156e-02, +1.0559e-01, +1.1289e-02, -1.2627e-01, +3.9395e-02, -1.5953e-02
+8.8616e-02, -1.7103e-02, -4.7693e-02, -1.3492e-01, -1.5199e-02, +3.4280e-03, -2.6047e-03, +5.7236e-02, +1.7419e-01, -1.6422e-01, -1.3014e-01, +1.2144e-02, -2.8269e-02, -1.0936e-01, +3.4308e-02, +2.0428e-02, +1.5646e-01, -2.5479e-03, -3.0550e-02, -2.7717e-02, +6.8802e-02, -1.8158e-02, +9.4863e-02, -7.1802e-02, -8.7788e-02, +2.0506e-02, -3.1517e-02, -2.7564e-02, -2.2933e-02, -2.6747e-02, -1.0000e+00, -1.8440e-02, +4.1130e-03, -1.9340e-02, +1.0660e-01, +4.2194e-02, +2.5817e-03, -1.8709e-01, +3.3690e-02, -2.7764e-02, -2.0478e-01, -5.6080e-02, +1.6235e-02, +3.3249e-02, -1.7916e-02, +9.0675e-03, +2.3032e-02, +1.3623e-01, +5.3620e-02, -4.2159e-03
+8.8337e-02, +3.2754e-02, +9.1491e-02, +4.7797e-03, +4.3615e-02, -4.4345e-03, +4.1645e-02, +2.3446e-02, -3.6301e-02, -7.8933e-03, -2.4100e-03, +2.6828e-02, +6.6271e-02, +3.8602e-02, -5.2011e-02, -6.5706e-02, -1.1038e-01, +2.5645e-03, -2.5076e-02, -2.2399e-02, +2.1128e-02, -4.3390e-03, -5.6055e-02, +4.0603e-02, +6.5354e-02, -1.6756e-03, +1.1218e-02, +3.6297e-02, +4.7042e-02, +5.2604e-02, -1.8440e-02, -1.0000e+00, -5.3148e-03, -7.1156e-02, -2.2750e-02, +1.0044e-02, +3.0241e-03, +3.4560e-02, +1.5427e-02, -1.7010e-02, +9.4748e-03, +1.2383e-02, +1.9488e-02, +9.0647e-03, +3.7667e-02, +3.7080e-02, -3.8155e-02, -4.5233e-02, +1.9779e-02, +1.8936e-02
-6.2501e-02, +7.8596e-03, -7.2290e-02, -6.5777e-02, -5.2151e-02, -5.1972e-02, -4.1386e-03, +2.0682e-04, -2.1405e-02, +2.4420e-02, -3.5047e-02, +7.8612e-03, +7.6218e-03, -3.6746e-02, -4.9693e-02, +1.1890e-01, +9.8340e-03, -3.2426e-02, -1.2498e-02, -1.2595e-01, +2.2722e-02, -1.0627e-02, -4.8893e-03, -1.2368e-02, +2.0827e-02, -7.8771e-02, -3.8712e-02, -1.1692e-02, -5.7223e-02, +2.7139e-02, +4.1130e-03, -5.3148e-03, -1.0000e+00, +3.3914e-02, +9.2898e-02, +5.8393e-02, -7.4123e-03, -2.7372e-02, -4.4451e-02, -1.0671e-01, +7.1782e-03, -7.1963e-03, +3.5347e-02, +3.2255e-02, -1.5505e-02, -2.7016e-02, -5.6361e-03, +3.1697e-02, +7.2747e-02, +2.6286e-01
-1.0117e-01, -1.9823e-02, +7.2723e-02, -2.0896e-02, -1.5814e-02, +5.8437e-02, +4.4954e-02, +9.9760e-04, -9.6343e-02, -3.2537e-02, +4.9784e-02, +2.4266e-02, +2.8554e-02, -4.1880e-02, +5.4892e-02, +1.2355e-02, -1.2866e-02, +6.0014e-02, -3.6047e-02, +4.5755e-02, +6.1668e-02, +3.0470e-02, -1.6601e-02, +2.5954e-02, +3.1122e-02, -8.0990e-03, +1.8178e-02, +1.1374e-02, +3.8674e-02, +2.2335e-02, -1.9340e-02, -7.1156e-02, +3.3914e-02, -1.0000e+00, -3.2727e-02, +2.6800e-02, -6.0359e-02, +6.7774e-03, -2.9921e-03, -1.6472e-02, +4.2348e-02, -5.3927e-02, -1.0732e-02, +2.3212e-02, +4.7404e-03, +5.1797e-02, +6.4906e-02, +3.4905e-02, -9.9083e-03, +5.4771e-03
-1.3529e-02, +3.0573e-02, -2.5033e-02, +7.6500e-02, +7.4851e-02, -1.3078e-01, +9.9768e-02, +2.5350e-02, -6.1769e-02, +1.0434e-02, -2.0736e-03, +8.5022e-03, +2.9050e-02, +5.7638e-02, -4.9175e-03, -2.7537e-02, -1.5832e-01, -2.6935e-02, +7.6907e-02, +3.0377e-02, -1.6097e-02, +3.2858e-02, -4.0492e-02, +6.5768e-02, +3.7171e-02, +8.1143e-02, +5.1243e-02, +4.2194e-02, -1.2828e-02, +3.6243e-02, +1.0660e-01, -2.2750e-02, +9.2898e-02, -3.2727e-02, -1.0000e+00, +2.8919e-02, -1.4506e-01, +9.7520e-02, +5.7671e-02, +3.9761e-02, +1.5701e-01, -3.4380e-02, +6.4896e-03, +4.2101e-03, +5.0038e-02, +5.3863e-03, -6.5572e-02, -7.1065e-02, -1.7386e-02, -3.4622e-02
+8.7711e-03, -4.1683e-02, +3.5772e-02, -4.2328e-02, +5.1844e-02, +1.4405e-02, +3.2222e-02, -2.6692e-02, +1.9784e-02, +9.1208e-03, +8.7535e-03, -7.9899e-03, -2.4683e-02, -4.5044e-02, -3.6987e-03, +5.7031e-03, -1.7262e-02, -3.7445e-03, +1.9890e-02, +1.7842e-02, -3.4236e-02, +5.6275e-02, -5.3433e-03, -2.2023e-02, -2.6605e-02, -5.1579e-02, -5.2870e-03, -5.8166e-02, +3.8524e-02, -2.3050e-02, +4.2194e-02, +1.0044e-02, +5.8393e-02, +2.6800e-02, +2.8919e-02, -1.0000e+00, +8.9090e-02, -9.0359e-03, +2.3863e-02, +8.8700e-03, -6.3807e-02, -1.0920e-02, +3.2385e-02, -4.9672e-02, +7.8467e-02, +1.2139e-02, -2.0086e-02, -1.0847e-01, +4.4351e-03, +1.6225e-02
+1.5083e-01, +1.4645e-01, -2.6345e-01, +2.5065e-01, -9.1362e-02, +8.6272e-02, -4.8047e-02, -6.1109e-02, +2.4331e-01, -9.5107e-03, +2.0823e-02, -1.0757e-01, +8.7215e-02, +2.1472e-01, +1.1802e-01, +3.7038e-02, -7.2543e-02, +1.1962e-01, +1.9106e-01, +1.7202e-01, +1.4533e-01, +4.9006e-02, +4.4289e-02, +5.1530e-02, +1.5076e-01, +5.2128e-02, -1.0219e-01, +2.5963e-01, +7.9869e-03, -4.0324e-05, +2.5817e-03, +3.0241e-03, -7.4123e-03, -6.0359e-02, -1.4506e-01, +8.9090e-02, -1.0000e+00, +1.8154e-01, +1.8469e-02, -9.0303e-03, +1.1582e-01, -1.4586e-01, -1.7884e-02, +1.4614e-01, -3.8749e-02, +3.8584e-02, +1.6732e-01, +9.8888e-02, +1.0095e-01, +7.5397e-02
-1.1100e-02, -7.6095e-03, -1.4617e-03, -1.0106e-01, +9.6241e-02, +1.8387e-02, +8.9200e-02, +1.0703e-01, +1.7946e-02, +1.1319e-03, -1.0174e-01, -1.6104e-02, -8.4482e-03, -3.9799e-02, +1.1369e-02, -3.4597e-02, -7.3482e-03, -2.2019e-01, -4.2414e-03, -3.7722e-02, +3.7854e-02, -3.5847e-02, +6.4527e-02, -5.7689e-02, -7.6320e-02, +3.4818e-03, -4.3725e-02, -1.1109e-01, -8.2694e-02, +5.1574e-02, -1.8709e-01, +3.4560e-02, -2.7372e-02, +6.7774e-03, +9.7520e-02, -9.0359e-03, +1.8154e-01, -1.0000e+00, -6.5719e-02, -5.8653e-02, -8.2289e-02, +5.1924e-02, -5.5882e-03, +4.2175e-02, -1.6416e-02, +9.3228e-02, -9.4191e-02, +1.0281e-01, -4.4095e-02, -4.7251e-02
-7.8796e-02, -1.1672e-02, -5.4179e-02, +1.0366e-02, +2.9536e-02, -1.7251e-02, -4.8251e-02, -5.7736e-02, -8.9537e-02, +6.0718e-02, -9.4804e-03, -9.2833e-03, -1.1417e-01, -3.6073e-03, -1.2265e-02, -4.1107e-02, +1.0452e-02, -2.6364e-04, -5.6295e-02, -5.7143e-02, -7.3978e-02, +1.1966e-02, -1.6952e-02, +1.6776e-02, -5.4829e-02, +3.3420e-02, -8.3845e-02, -5.4906e-02, -3.3428e-02, +8.1120e-02, +3.3690e-02, +1.5427e-02, -4.4451e-02, -2.9921e-03, +5.7671e-02, +2.3863e-02, +1.8469e-02, -6.5719e-02, -1.0000e+00, -4.3398e-02, +7.7643e-02, +1.8728e-02, -3.6311e-03, -1.6442e-02, -8.4651e-02, -1.0305e-03, -1.2749e-01, +2.2815e-01, -3.2051e-03, -3.9281e-02
-8.0735e-02, +7.6854e-02, -2.0922e-02, +3.7950e-03, +3.7627e-02, +1.2036e-02, +2.9236e-02, +5.1883e-02, +1.2824e-02, +6.4815e-03, -2.6437e-02, -7.8614e-03, -1.9062e-02, -5.0683e-02, -7.6414e-02, +1.2265e-01, +4.1216e-02, -9.9453e-02, +2.3255e-02, +2.7859e-03, -1.1851e-02, +2.6051e-03, +7.2441e-03, -5.8367e-03, +6.6835e-02, -5.2057e-02, -9.3853e-03, -5.9087e-02, +6.2804e-03, +1.4516e-02, -2.7764e-02, -1.7010e-02, -1.0671e-01, -1.6472e-02, +3.9761e-02, +8.8700e-03, -9.0303e-03, -5.8653e-02, -4.3398e-02, -1.0000e+00, +2.8416e-02, +4.3879e-02, +3.2408e-02, -3.4779e-02, -4.5005e-02, +5.0704e-03, -2.1679e-02, +1.2306e-01, -3.4638e-02, +5.8361e-02
+1.5243e-02, +1.7378e-02, -4.7380e-03, -1.2379e-01, -3.0367e-02, +5.2965e-02, -1.8726e-02, +1.1165e-01, +1.3209e-01, -3.1350e-02, -1.1753e-01, +1.0975e-02, -2.0529e-02, -5.9110e-02, -8.8791e-03, -2.6588e-02, -9.1841e-02, -6.6158e-02, -5.0863e-02, -7.8964e-02, +7.4550e-03, -5.5965e-02, +5.2851e-02, -1.9849e-02, -5.1063e-02, -2.0845e-02, -5.0229e-02, -6.6717e-02, +1.1889e-01, -3.9675e-02, -2.0478e-01, +9.4749e-03, +7.1782e-03, +4.2348e-02, +1.5701e-01, -6.3807e-02, +1.1582e-01, -8.2288e-02, +7.7643e-02, +2.8416e-02, -1.0000e+00, +7.7696e-02, +1.5270e-02, -4.0324e-02, -7.5776e-03, +1.1387e-02, -1.8959e-02, -3.7790e-02, -3.6475e-02, +2.8569e-02
+5.9441e-03, +6.2265e-02, -2.9761e-02, -3.9412e-02, +3.8906e-02, +8.4735e-02, -3.6526e-02, -4.6375e-02, +6.3523e-02, +6.2869e-02, +6.2028e-02, -1.9699e-03, +1.3426e-01, +6.8595e-02, -1.6013e-03, +1.1763e-01, +9.4359e-04, +2.7964e-02, +4.9865e-02, +3.7304e-02, +1.0766e-01, +3.9961e-02, -3.0451e-02, +9.8558e-02, +2.4938e-02, -4.3672e-02, +4.0836e-02, +8.6647e-02, -5.8095e-02, +1.6132e-03, -5.6080e-02, +1.2383e-02, -7.1963e-03, -5.3927e-02, -3.4380e-02, -1.0920e-02, -1.4586e-01, +5.1924e-02, +1.8728e-02, +4.3879e-02, +7.7696e-02, -1.0000e+00, -8.0354e-02, +1.5853e-01, +6.2951e-02, -2.2332e-02, +7.4500e-02, -9.2692e-02, +2.7471e-01, +8.7331e-03
+2.8810e-02, -5.3276e-03, -3.6956e-02, +7.1394e-03, +2.6211e-03, +2.1812e-02, -1.5955e-02, +5.4729e-02, +5.8394e-02, +1.0789e-02, -3.6265e-02, -5.3053e-03, -9.4831e-03, +7.4354e-03, -3.5419e-02, +7.0290e-03, -3.3858e-03, -1.6334e-02, +2.2753e-02, +1.1508e-02, -2.6231e-02, +1.6071e-02, -2.7989e-02, -8.4586e-02, +2.5391e-02, -5.2003e-02, +5.4111e-03, -2.8866e-02, +1.5540e-02, +2.3335e-02, +1.6235e-02, +1.9488e-02, +3.5347e-02, -1.0732e-02, +6.4896e-03, +3.2385e-02, -1.7884e-02, -5.5883e-03, -3.6311e-03, +3.2408e-02, +1.5270e-02, -8.0354e-02, -1.0000e+00, +8.6996e-02, +1.1529e-01, -8.8850e-03, -1.4185e-02, -2.2117e-03, +2.2185e-02, -4.2293e-02
+8.9523e-03, -4.8051e-02, +6.7697e-03, +1.0088e-02, +2.9043e-02, -2.9887e-02, -3.9966e-02, +7.6993e-04, -3.6322e-02, -2.9753e-02, -4.2450e-02, +3.1779e-02, -3.0718e-02, +4.7099e-03, -7.3736e-02, -6.0703e-03, -3.4887e-02, -4.4216e-02, -2.0018e-02, -5.5704e-02, -1.0319e-01, +1.3479e-02, -2.8479e-02, -2.9327e-02, +3.7271e-02, +2.1409e-02, -5.5420e-02, -1.9573e-02, -2.4248e-02, -5.1921e-02, +3.3249e-02, +9.0647e-03, +3.2255e-02, +2.3212e-02, +4.2101e-03, -4.9672e-02, +1.4614e-01, +4.2175e-02, -1.6442e-02, -3.4779e-02, -4.0324e-02, +1.5853e-01, +8.6996e-02, -1.0000e+00, +7.2804e-02, -3.3354e-02, -8.4907e-02, -1.1267e-01, -3.9415e-02, +1.0256e-02
-6.8174e-02, +1.1933e-01, -2.9998e-02, +1.7156e-02, -6.8119e-02, -7.0768e-02, -1.2213e-01, -8.1243e-02, -3.8616e-02, +4.0935e-02, -1.3964e-01, -1.2359e-01, -2.3959e-01, -1.0824e-01, +1.0165e-01, -5.0875e-02, +1.7185e-01, -1.4376e-02, -8.7184e-02, -2.9102e-02, -7.1306e-02, -3.9697e-02, +1.5568e-01, -9.9206e-03, -7.0668e-02, -5.0169e-02, -1.6970e-01, -3.2003e-02, -1.0453e-01, -5.5156e-02, -1.7916e-02, +3.7667e-02, -1.5505e-02, +4.7404e-03, +5.0038e-02, +7.8467e-02, -3.8749e-02, -1.6416e-02, -8.4651e-02, -4.5005e-02, -7.5776e-03, +6.2951e-02, +1.1529e-01, +7.2804e-02, -1.0000e+00, -4.7319e-02, +1.9270e-02, +1.8413e-01, -9.9282e-02, +4.8356e-02
-6.4424e-04, +1.1624e-02, -1.2522e-02, -7.5171e-02, -4.2312e-02, +2.5258e-02, +2.8420e-02, +1.0095e-01, -1.3587e-02, +7.7757e-02, +2.2025e-02, -1.8272e-02, +4.9998e-02, -6.8553e-02, +2.2053e-02, +9.2866e-03, +1.1199e-01, +1.3336e-01, -1.2301e-01, +5.7175e-02, -5.9889e-02, +1.3176e-02, +7.0019e-02, -4.9630e-02, +1.5790e-02, +4.1112e-02, -1.0902e-02, -4.0904e-02, -2.5615e-02, +1.0559e-01, +9.0675e-03, +3.7080e-02, -2.7016e-02, +5.1797e-02, +5.3863e-03, +1.2139e-02, +3.8584e-02, +9.3228e-02, -1.0304e-03, +5.0704e-03, +1.1387e-02, -2.2332e-02, -8.8850e-03, -3.3354e-02, -4.7319e-02, -1.0000e+00, -9.5356e-02, -4.6107e-02, -3.6005e-02, +4.0882e-02
-1.0802e-01, +7.6684e-02, +2.2901e-02, +3.5367e-02, +7.6167e-02, -1.8289e-01, +1.0908e-01, +1.1849e-01, -1.3301e-01, +2.8884e-02, -1.3630e-01, +3.3819e-02, -3.7248e-02, +1.2830e-02, +7.0167e-02, -3.0888e-02, -1.7423e-02, -1.1570e-01, -8.6545e-02, +2.8315e-02, -7.2897e-02, -3.1609e-02, -4.5917e-02, -1.0440e-02, -4.4060e-02, -1.0758e-02, -4.0291e-02, -6.5611e-02, -5.0673e-02, +1.1289e-02, +2.3032e-02, -3.8155e-02, -5.6361e-03, +6.4906e-02, -6.5572e-02, -2.0086e-02, +1.6732e-01, -9.4191e-02, -1.2749e-01, -2.1679e-02, -1.8959e-02, +7.4500e-02, -1.4185e-02, -8.4907e-02, +1.9270e-02, -9.5356e-02, -1.0000e+00, -2.2263e-02, -1.2469e-02, -3.9927e-02
+3.0351e-01, -1.4277e-02, +1.8831e-01, -1.4872e-03, +1.7280e-01, +5.5510e-02, -2.2228e-02, -2.3469e-02, +2.1837e-01, +3.1789e-02, +5.0433e-02, +5.9311e-02, +6.3120e-02, +4.0413e-02, +7.3061e-02, +1.6772e-01, -1.1998e-01, -9.8349e-02, +4.1297e-02, -1.2703e-02, +3.7325e-02, -6.2669e-02, -3.8978e-02, -2.3550e-02, +1.9027e-01, -1.6114e-03, -1.4352e-02, +2.0708e-01, +1.1495e-02, -1.2627e-01, +1.3623e-01, -4.5233e-02, +3.1697e-02, +3.4905e-02, -7.1065e-02, -1.0847e-01, +9.8888e-02, +1.0281e-01, +2.2815e-01, +1.2306e-01, -3.7790e-02, -9.2692e-02, -2.2117e-03, -1.1267e-01, +1.8413e-01, -4.6107e-02, -2.2263e-02, -1.0000e+00, +1.0858e-01, +1.6996e-03
-1.5634e-02, +4.1632e-02, +9.1231e-03, +3.1605e-03, +1.6980e-02, -6.2834e-02, +2.2821e-02, +1.4104e-02, +1.8510e-02, +1.2736e-02, +5.8106e-02, -9.1782e-03, -9.2498e-03, +1.0929e-02, -1.4925e-02, -2.9625e-02, -2.6968e-02, +2.3884e-02, +3.4321e-02, -6.3328e-02, +3.3982e-02, -6.3825e-02, -5.3336e-02, +3.3762e-02, -7.6635e-02, +1.0107e-01, +1.0298e-01, +7.5268e-03, -3.2606e-02, +3.9395e-02, +5.3620e-02, +1.9779e-02, +7.2747e-02, -9.9083e-03, -1.7386e-02, +4.4351e-03, +1.0095e-01, -4.4095e-02, -3.2051e-03, -3.4638e-02, -3.6475e-02, +2.7471e-01, +2.2185e-02, -3.9415e-02, -9.9282e-02, -3.6005e-02, -1.2469e-02, +1.0858e-01, -1.0000e+00, +4.9882e-02
+1.9519e-02, -1.8060e-02, +8.3730e-02, +3.7623e-02, +8.2453e-02, +6.8514e-02, +4.3905e-02, -5.2141e-02, +2.7081e-02, +7.8247e-02, +1.1752e-01, -3.1627e-02, +2.1002e-02, -3.6856e-02, +7.2187e-02, +1.1214e-01, +1.0380e-01, +3.3354e-02, -2.7879e-02, +6.2932e-03, +8.2840e-02, -3.4206e-02, +6.0049e-03, +1.2495e-02, +3.3890e-03, +5.4524e-02, +5.2680e-02, -1.9993e-02, -7.9490e-04, -1.5953e-02, -4.2159e-03, +1.8936e-02, +2.6286e-01, +5.4771e-03, -3.4622e-02, +1.6225e-02, +7.5397e-02, -4.7251e-02, -3.9281e-02, +5.8361e-02, +2.8569e-02, +8.7331e-03, -4.2293e-02, +1.0256e-02, +4.8356e-02, +4.0882e-02, -3.9927e-02, +1.6996e-03, +4.9882e-02, -1.0000e+00
