-1.0000e+00, -2.7998e-02, +3.6542e-02, -6.4278e-02, -3.9480e-03, +6.9425e-02, +2.7432e-02, +3.0541e-05, -2.1449e-02, +9.4377e-03, +1.5137e-02, -1.3867e-02, -1.5346e-03, +3.1125e-02, +2.9661e-02, +7.4121e-03, -2.7957e-02, +6.5281e-02, +7.4774e-02, +2.5830e-02, +2.6981e-03, -8.4268e-02, +2.1898e-02, +5.7217e-02, -6.8570e-02, -8.6625e-02, +1.4045e-02, +6.1128e-02, +1.0328e-01, +5.4729e-02, -9.9511e-02, -1.9093e-02, -1.9285e-03, +1.1043e-02, +7.0545e-02, +4.1194e-02, -7.1821e-02, -2.1261e-02, -1.8662e-02, -1.3825e-03, +2.9666e-02, +8.7957e-03, +2.8812e-02, -3.6693e-02, -7.7613e-03, +1.4482e-03, -5.6576e-02, +1.8366e-02, -2.3596e-02, -3.2219e-03
-2.7998e-02, -1.0000e+00, -7.5343e-02, -2.1513e-02, +4.8554e-02, -3.3165e-03, +5.1337e-02, +7.6038e-04, +1.5828e-02, -5.1847e-02, -2.6207e-02, +9.8383e-03, +2.8204e-02, +2.2994e-02, -8.3919e-03, -4.4920e-02, -9.3331e-02, +6.0648e-02, -6.5792e-06, -7.9277e-02, +4.6150e-02, -1.7599e-02, -1.3636e-02, -1.3083e-03, -1.5903e-02, +4.2650e-02, +6.3568e-02, -3.2099e-02, -1.9487e-02, +2.3464e-02, +2.4648e-02, +4.5508e-02, +2.6692e-02, -3.0827e-02, -3.7619e-02, -4.5437e-03, -6.0046e-02, +1.4136e-02, +2.9929e-02, +1.5045e-02, +5.2974e-02, -6.1209e-02, -3.8084e-02, -1.8640e-02, -4.8038e-02, -1.0557e-02, -7.2752e-02, +5.4361e-02, -5.6672e-02, -2.5239e-02
+3.6542e-02, -7.5343e-02, -1.0000e+00, -2.2621e-02, +7.6348e-02, -1.7026e-01, +3.5864e-02, +8.8838e-03, +2.3211e-02, +2.6757e-02, -6.3118e-02, -9.0998e-03, -1.1063e-01, +9.2405e-02, +9.1377e-03, -9.5093e-02, -2.0785e-02, -3.8918e-02, +8.0398e-02, -1.0175e-01, +1.3738e-02, +2.8135e-02, -1.0470e-01, -9.3038e-02, -6.6875e-02, +5.8859e-02, -1.6536e-02, -2.0822e-02, -6.0858e-02, +7.6766e-02, +1.4421e-02, -6.7120e-02, +2.2328e-02, -9.6657e-02, -1.0555e-02, -5.4144e-02, -2.9135e-02, +9.3690e-02, +6.8496e-04, +2.8686e-02, -1.8655e-02, -3.1798e-03, -1.4853e-02, -1.0497e-01, -2.5153e-02, +9.0156e-02, +6.3371e-03, +5.8680e-02, -5.7690e-02, +1.4763e-02
-6.4278e-02, -2.1513e-02, -2.2621e-02, -1.0000e+00, -7.8330e-03, +9.5493e-02, -1.4673e-04, -7.5987e-02, +5.3021e-02, +2.2659e-02, -6.8416e-03, -6.6521e-02, -6.3525e-02, +2.2393e-02, +3.4553e-02, -1.9319e-02, -2.0343e-03, -6.0251e-02, +6.3564e-02, +5.5683e-02, +6.4327e-03, +4.1783e-02, +7.7755e-02, +4.3161e-03, -2.1368e-02, +2.7176e-02, +1.5917e-02, -3.6842e-02, -2.8729e-02, +3.2896e-02, -8.6432e-03, -6.2673e-02, +2.4382e-03, +8.2598e-02, +1.1938e-02, -5.6987e-02, +2.4371e-02, +2.9430e-02, +9.4559e-02, +7.9235e-03, +8.9445e-03, +1.6339e-02, +2.5584e-02, -7.9643e-03, +2.2696e-02, +3.4517e-02, -5.4069e-03, -1.1364e-01, -9.5637e-03, +7.0148e-02
-3.9480e-03, +4.8554e-02, +7.6348e-02, -7.8330e-03, -1.0000e+00, -1.7388e-02, -1.6611e-02, +3.0510e-03, +5.8981e-02, +1.1574e-02, +3.9283e-02, -9.1314e-04, -2.8472e-02, -5.0398e-02, -7.7662e-02, +3.2072e-02, -1.7438e-02, -4.7902e-03, -1.0991e-01, -3.4131e-02, -4.9150e-02, +2.1127e-02, +2.1104e-02, -6.0302e-02, +5.8462e-02, +3.6601e-02, -3.1118e-02, -4.0644e-03, -5.3231e-02, -5.4177e-02, +1.4831e-02, -8.4671e-02, -1.4327e-02, -2.8486e-02, -6.9961e-02, +7.6364e-02, -2.8257e-02, +5.3725e-02, -3.1816e-02, -1.6620e-02, -5.1773e-02, -5.2449e-02, +3.3721e-02, -3.6156e-03, +8.7060e-02, -5.3320e-02, +2.1641e-02, -8.2829e-02, +2.0616e-02, +1.7587e-01
+6.9425e-02, -3.3165e-03, -1.7026e-01, +9.5493e-02, -1.7388e-02, -1.0000e+00, +1.1513e-01, +1.1454e-01, +3.6992e-02, -4.7955e-02, -1.2918e-02, +4.9939e-02, +4.7914e-02, +9.6068e-02, -8.7925e-02, -9.2184e-02, +5.5585e-02, +9.6657e-02, -8.1770e-02, -9.9637e-03, -8.1471e-03, +5.7678e-03, +1.2807e-02, -4.6382e-02, +3.0255e-02, -1.8651e-02, -2.1529e-02, +8.2505e-02, +1.9908e-02, -4.2077e-02, -5.7387e-02, -9.9800e-03, -1.1906e-02, -7.8133e-02, -1.0537e-02, +2.3640e-03, -3.5826e-02, -1.5319e-02, -4.8985e-02, +2.4163e-02, -4.7096e-02, +3.4593e-02, -8.2529e-02, +4.9200e-02, +4.4336e-02, +3.0026e-02, -1.3974e-02, +6.4975e-02, +2.6879e-02, -2.2163e-02
+2.7432e-02, +5.1337e-02, +3.5864e-02, -1.4676e-04, -1.6611e-02, +1.1513e-01, -1.0000e+00, +3.2734e-02, -5.3365e-02, -5.9513e-03, +9.4578e-02, -7.0319e-02, -9.6981e-02, -1.9175e-02, -3.7514e-03, +8.7970e-02, -3.7696e-02, -4.4550e-03, +4.1318e-02, +1.9503e-02, +2.7176e-03, -7.5568e-02, -9.7623e-03, -5.9531e-02, +1.3328e-02, +7.5667e-02, +1.1978e-02, +4.6004e-02, +8.7672e-03, +9.8448e-03, +6.3632e-02, -6.9036e-02, -3.8198e-02, +4.1170e-02, +2.0893e-02, +2.5330e-02, +2.5304e-02, +7.0255e-02, +6.5322e-02, -7.0966e-02, +2.4675e-02, -7.7849e-02, -3.7652e-02, +7.0375e-03, +4.5991e-02, -7.2470e-02, +3.0830e-02, -2.3756e-01, +4.5014e-02, +1.1509e-02
+3.0543e-05, +7.6038e-04, +8.8838e-03, -7.5987e-02, +3.0510e-03, +1.1454e-01, +3.2734e-02, -1.0000e+00, -4.7384e-02, -4.6443e-02, +1.4009e-02, -4.8823e-02, +3.5048e-02, +7.2657e-03, -3.1552e-02, +4.0586e-02, +5.5124e-03, +9.3084e-03, +1.1087e-01, -8.6792e-03, -1.9937e-02, -6.5608e-02, -5.4522e-02, +3.4212e-02, +4.8651e-02, +2.6509e-02, +2.5531e-02, -6.4007e-02, -1.1334e-02, +6.6007e-02, +4.4482e-02, +4.3216e-02, +3.7069e-03, +3.8107e-02, +2.4580e-03, -4.8452e-02, -2.7862e-03, -1.2609e-01, +3.3007e-02, -4.6877e-02, +2.2932e-02, +3.2850e-02, -3.5438e-02, -2.4051e-02, +2.2313e-02, -3.0509e-03, -1.6751e-02, -8.8994e-02, +1.1038e-01, -2.0663e-02
-2.1449e-02, +1.5828e-02, +2.3211e-02, +5.3021e-02, +5.8981e-02, +3.6992e-02, -5.3365e-02, -4.7384e-02, -1.0000e+00, -9.3541e-02, +8.3565e-02, +2.2224e-02, -1.1540e-02, -2.3827e-02, +1.8401e-03, +6.1802e-03, +4.0631e-04, +2.8492e-02, +1.4460e-02, -1.3707e-02, -5.1794e-02, -7.5278e-02, -4.0530e-02, +3.3794e-02, -9.0931e-02, +1.0212e-01, +1.1232e-01, -1.2053e-02, +3.9948e-02, +7.2024e-02, +4.7529e-02, +7.7524e-04, +4.6603e-02, -2.3976e-02, +2.8147e-02, +3.3686e-02, +6.6845e-02, -7.8400e-02, +3.4175e-02, +7.5365e-02, +7.0079e-02, -5.9290e-02, -3.8061e-02, -8.1279e-04, +4.8310e-02, +7.8167e-03, +3.7296e-02, -1.4937e-03, +5.8580e-02, -7.9615e-02
+9.4377e-03, -5.1847e-02, +2.6757e-02, +2.2659e-02, +1.1574e-02, -4.7955e-02, -5.9512e-03, -4.6443e-02, -9.3541e-02, -1.0000e+00, -3.3556e-02, +2.0615e-02, +3.2299e-02, -3.4675e-02, -1.3506e-02, -1.4271e-01, -6.6601e-02, +1.3337e-02, +2.1257e-02, +7.6652e-02, +6.0027e-02, +4.6858e-02, -5.1209e-02, +6.4772e-04, -3.0888e-02, -5.7376e-02, +1.1281e-02, +1.3123e-02, +6.6516e-02, -1.4748e-02, +9.2549e-04, -3.9046e-02, +6.5483e-03, -1.1233e-02, -3.9523e-02, +2.5019e-01, +4.2458e-02, -5.0746e-02, -3.7318e-03, +1.9131e-02, +2.0405e-02, -1.9239e-01, +2.4140e-02, +1.3022e-01, +2.0735e-01, +7.0115e-02, -8.0142e-03, +1.0654e-01, -2.2531e-02, -1.8329e-01
+1.5137e-02, -2.6207e-02, -6.3118e-02, -6.8416e-03, +3.9283e-02, -1.2918e-02, +9.4578e-02, +1.4009e-02, +8.3565e-02, -3.3556e-02, -1.0000e+00, -1.4123e-02, -1.7226e-02, +1.1971e-02, -4.8905e-02, -6.6676e-02, +2.3606e-02, +1.6134e-02, +2.0159e-02, -3.1893e-02, +3.7575e-02, +9.7641e-02, +5.4487e-02, +1.4417e-01, +2.1707e-02, -7.1773e-03, +1.1288e-02, -4.7110e-02, -7.0061e-02, -5.1207e-02, +4.5783e-02, -2.5059e-02, +2.2562e-02, -3.4953e-02, -6.6665e-02, +1.9012e-02, -1.6761e-02, -1.0571e-02, +9.4892e-04, +5.6603e-03, -4.6993e-02, -1.9330e-02, -5.5164e-03, -4.9607e-02, -3.9407e-02, +3.1888e-02, -1.6518e-02, +1.0855e-01, +1.1769e-02, +7.5988e-02
-1.3867e-02, +9.8383e-03, -9.0998e-03, -6.6521e-02, -9.1314e-04, +4.9939e-02, -7.0319e-02, -4.8823e-02, +2.2224e-02, +2.0615e-02, -1.4123e-02, -1.0000e+00, -2.9226e-02, +6.7778e-02, +2.9315e-03, -2.0228e-02, +5.0057e-02, -2.2370e-02, +2.2230e-02, +4.1288e-02, +2.2534e-02, +6.0508e-02, +2.1829e-02, +4.4994e-02, -5.0710e-02, +2.7472e-03, -2.6415e-02, -4.9050e-03, -6.0778e-03, +5.8804e-02, -1.3660e-02, +5.9564e-02, +3.6805e-03, +4.3906e-02, -2.1508e-02, -4.0203e-02, -3.2675e-02, -2.4814e-02, -1.1953e-02, -2.3592e-02, +6.7841e-03, +1.4882e-02, -3.6810e-02, -1.5927e-02, -2.4790e-02, +1.2994e-02, +1.1213e-03, +1.7751e-02, -9.2201e-04, -3.9684e-02
-1.5346e-03, +2.8204e-02, -1.1063e-01, -6.3525e-02, -2.8472e-02, +4.7914e-02, -9.6981e-02, +3.5048e-02, -1.1540e-02, +3.2299e-02, -1.7226e-02, -2.9226e-02, -1.0000e+00, +9.3329e-02, -2.5840e-02, -1.1999e-02, +3.6886e-02, -1.7753e-02, +2.8058e-02, +1.7741e-02, -1.3850e-03, -9.3214e-02, -1.4761e-02, -4.0128e-02, -9.9647e-02, +2.9508e-02, -6.2481e-02, -4.8890e-02, -4.7788e-02, +7.4820e-02, +7.9802e-02, +1.2294e-02, +4.1638e-02, +4.0729e-02, -1.3288e-02, +1.7009e-02, +1.3377e-02, +2.2868e-04, +8.5639e-02, -1.0457e-01, +5.5486e-02, -2.5985e-02, -3.1856e-02, +6.1030e-03, +3.0686e-02, +4.1758e-03, -9.3395e-02, -1.7626e-01, +4.3605e-02, -5.0024e-02
+3.1125e-02, +2.2994e-02, +9.2405e-02, +2.2393e-02, -5.0398e-02, +9.6068e-02, -1.9175e-02, +7.2657e-03, -2.3827e-02, -3.4675e-02, +1.1971e-02, +6.7778e-02, +9.3329e-02, -1.0000e+00, -6.9080e-03, -2.2480e-02, -1.5598e-02, +7.3205e-02, -3.1957e-03, +1.4116e-02, +3.5764e-02, +1.3486e-02, +5.9689e-03, +1.1356e-02, +7.3256e-02, -1.1536e-02, +1.1875e-01, +3.7544e-02, +3.0746e-02, -2.0325e-02, +9.2798e-02, -1.9023e-02, +1.0132e-02, -4.2976e-02, -2.8251e-02, -1.7215e-02, +8.7035e-02, -8.2859e-03, +4.8019e-02, -1.9099e-02, +4.0832e-02, +1.7888e-02, -6.7161e-03, -2.5100e-02, +1.6801e-02, -1.1810e-02, +3.7002e-02, -6.5080e-02, -4.4356e-03, -2.5013e-02
+2.9661e-02, -8.3919e-03, +9.1377e-03, +3.4553e-02, -7.7662e-02, -8.7925e-02, -3.7514e-03, -3.1552e-02, +1.8401e-03, -1.3506e-02, -4.8905e-02, +2.9315e-03, -2.5840e-02, -6.9080e-03, -1.0000e+00, -6.7925e-03, +2.7967e-03, +1.6106e-02, -1.4132e-01, -7.4921e-02, +1.1386e-02, -1.7748e-02, +4.8453e-02, -5.1963e-02, -8.0030e-02, -2.0973e-02, -3.8862e-02, +1.4907e-03, -1.9162e-03, -2.8522e-02, -4.2559e-02, -6.6142e-02, -1.0697e-02, -3.8821e-02, -3.4340e-02, +4.4603e-02, +5.5613e-02, +2.2615e-02, -2.4023e-02, +5.5604e-03, -6.6553e-02, -7.6776e-03, -1.2969e-02, -2.0366e-02, +3.8273e-02, -1.8873e-02, +5.8902e-02, +6.9251e-02, +6.1926e-02, +9.6230e-02
+7.4121e-03, -4.4920e-02, -9.5093e-02, -1.9319e-02, +3.2072e-02, -9.2184e-02, +8.7970e-02, +4.0586e-02, +6.1802e-03, -1.4271e-01, -6.6676e-02, -2.0228e-02, -1.1999e-02, -2.2480e-02, -6.7925e-03, -1.0000e+00, +2.8655e-02, +2.3808e-02, +2.8548e-02, -1.1671e-01, -7.1611e-02, +2.4458e-01, +5.0667e-02, +1.4710e-02, -4.3567e-02, -6.5851e-03, -3.7120e-02, -3.1101e-02, -2.4337e-02, -3.8401e-02, -8.0872e-02, +5.7968e-02, -3.0555e-02, -6.3924e-02, +2.2849e-02, +3.0315e-02, -3.3540e-03, -6.1632e-02, -4.1629e-02, +3.6102e-03, -3.2773e-03, +1.1286e-01, -1.2816e-02, +8.2777e-02, -1.1658e-01, +7.2321e-03, -2.7571e-03, +2.9725e-01, +6.1511e-02, -3.9604e-02
-2.7957e-02, -9.3331e-02, -2.0785e-02, -2.0343e-03, -1.7438e-02, +5.5585e-02, -3.7696e-02, +5.5124e-03, +4.0631e-04, -6.6601e-02, +2.3606e-02, +5.0057e-02, +3.6886e-02, -1.5598e-02, +2.7967e-03, +2.8655e-02, -1.0000e+00, +2.3166e-02, +6.0359e-02, -6.4587e-02, -6.5726e-03, +2.6573e-03, +2.3789e-02, -6.2990e-03, +1.3290e-02, -2.8414e-02, +1.6687e-02, -3.1448e-02, +9.8342e-02, +5.7255e-02, +2.2613e-02, -2.2763e-02, +6.4015e-02, -1.4089e-02, +4.9841e-03, +2.6288e-02, +1.5054e-02, -4.0821e-04, -8.6816e-03, -1.3918e-02, -1.8273e-02, -1.3227e-01, +5.2702e-03, -5.6717e-02, -3.1677e-02, +1.2422e-02, +1.6962e-03, +1.0659e-01, -1.5996e-02, +6.6209e-02
+6.5281e-02, +6.0648e-02, -3.8918e-02, -6.0251e-02, -4.7902e-03, +9.6657e-02, -4.4550e-03, +9.3084e-03, +2.8492e-02, +1.3337e-02, +1.6134e-02, -2.2370e-02, -1.7753e-02, +7.3205e-02, +1.6106e-02, +2.3808e-02, +2.3166e-02, -1.0000e+00, +5.8454e-02, +7.1848e-02, -4.6354e-02, -2.1194e-02, +3.4937e-02, +1.4709e-01, -1.1629e-02, +2.5492e-02, +1.7312e-02, -2.8328e-02, -1.7479e-02, +6.6551e-02, +6.4611e-02, +3.3403e-02, -1.2519e-01, +1.5519e-02, -5.7204e-02, -7.5755e-02, +6.4142e-03, +2.6075e-02, +4.7360e-02, -5.6209e-02, +3.6441e-02, +7.9240e-02, +1.1868e-02, -4.9755e-02, +8.5197e-02, +4.5687e-02, +7.9432e-02, -1.6387e-01, +1.4998e-02, +2.6835e-02
+7.4774e-02, -6.5841e-06, +8.0398e-02, +6.3564e-02, -1.0991e-01, -8.1770e-02, +4.1318e-02, +1.1087e-01, +1.4460e-02, +2.1257e-02, +2.0159e-02, +2.2230e-02, +2.8058e-02, -3.1957e-03, -1.4132e-01, +2.8548e-02, +6.0359e-02, +5.8454e-02, -1.0000e+00, +1.1786e-02, -1.8063e-02, +6.0676e-02, +7.0896e-03, +9.5761e-03, +2.5825e-02, -1.5599e-02, -8.0666e-02, +4.2780e-02, +5.4909e-03, -5.9306e-02, -8.9281e-02, -8.2516e-02, -7.5898e-03, +3.3766e-02, +2.1940e-02, +1.4560e-02, +6.6522e-02, +1.1414e-02, -8.0170e-03, -9.0232e-02, -2.7075e-02, -3.0996e-02, -8.9067e-02, -1.2257e-03, +7.9301e-02, -9.7402e-03, +3.3156e-03, -1.1372e-01, +5.4090e-02, -5.6221e-03
+2.5830e-02, -7.9277e-02, -1.0175e-01, +5.5683e-02, -3.4131e-02, -9.9637e-03, +1.9503e-02, -8.6792e-03, -1.3707e-02, +7.6652e-02, -3.1893e-02, +4.1288e-02, +1.7741e-02, +1.4116e-02, -7.4921e-02, -1.1671e-01, -6.4587e-02, +7.1848e-02, +1.1786e-02, -1.0000e+00, -2.0758e-03, -2.6462e-02, -2.2932e-02, -7.2051e-03, -6.1552e-03, +7.2069e-02, -8.3660e-02, -7.9762e-02, -9.6797e-02, -5.0167e-02, +6.2337e-03, -2.4482e-02, +2.5098e-02, +9.8643e-02, -4.7606e-02, +1.2438e-02, +8.9419e-02, -7.3175e-02, +6.4813e-02, -5.0533e-02, -3.2491e-03, +1.2964e-01, -8.7043e-02, -6.3978e-02, -1.6217e-01, -1.0331e-02, -1.0994e-01, +1.6159e-01, +1.7993e-04, -1.7080e-02
+2.6981e-03, +4.6150e-02, +1.3738e-02, +6.4327e-03, -4.9150e-02, -8.1471e-03, +2.7176e-03, -1.9937e-02, -5.1794e-02, +6.0027e-02, +3.7575e-02, +2.2534e-02, -1.3850e-03, +3.5764e-02, +1.1386e-02, -7.1611e-02, -6.5726e-03, -4.6354e-02, -1.8063e-02, -2.0758e-03, -1.0000e+00, -1.3635e-02, -1.9806e-02, -1.7505e-04, -5.0910e-02, +1.0808e-02, -1.2198e-02, -6.8260e-02, -5.8220e-02, -3.6913e-02, -5.0418e-02, +4.6219e-02, +7.8833e-02, +9.5759e-02, +3.6650e-03, -4.3248e-02, -9.5950e-03, -8.0959e-02, +2.2625e-02, +1.1681e-02, +1.7891e-02, +2.7864e-02, -3.6478e-02, -1.8887e-02, -2.7390e-02, -2.0087e-02, +3.3029e-02, +1.1502e-02, -3.9270e-03, +5.6089e-04
-8.4268e-02, -1.7599e-02, +2.8135e-02, +4.1783e-02, +2.1127e-02, +5.7678e-03, -7.5568e-02, -6.5608e-02, -7.5278e-02, +4.6858e-02, +9.7641e-02, +6.0508e-02, -9.3214e-02, +1.3486e-02, -1.7748e-02, +2.4458e-01, +2.6573e-03, -2.1194e-02, +6.0676e-02, -2.6462e-02, -1.3635e-02, -1.0000e+00, +9.2786e-03, -8.8809e-02, -1.5011e-02, +1.8267e-02, -4.5138e-02, -2.1350e-02, -1.5733e-02, -4.7447e-03, -4.9694e-02, -2.5415e-02, -1.9247e-02, +1.2540e-01, +6.7613e-02, +5.8311e-02, +7.4188e-02, -1.7141e-02, +2.7169e-02, -4.8398e-02, +6.9183e-04, -9.0488e-02, -3.4572e-02, -5.3979e-02, +2.0296e-02, -7.2918e-02, -1.0699e-01, -1.1046e-01, +4.5208e-02, +9.0391e-02
+2.1898e-02, -1.3636e-02, -1.0470e-01, +7.7755e-02, +2.1104e-02, +1.2807e-02, -9.7623e-03, -5.4522e-02, -4.0530e-02, -5.1209e-02, +5.4487e-02, +2.1829e-02, -1.4761e-02, +5.9689e-03, +4.8453e-02, +5.0667e-02, +2.3789e-02, +3.4937e-02, +7.0896e-03, -2.2932e-02, -1.9806e-02, +9.2786e-03, -1.0000e+00, +2.2668e-03, -9.4023e-04, -3.5290e-02, +7.8177e-02, +3.7622e-02, +2.2673e-02, +5.5734e-02, +1.0860e-01, -4.8604e-02, +2.6289e-02, -4.2839e-02, -2.8281e-02, +3.5237e-02, +1.9013e-02, +5.2323e-02, +4.1859e-02, +8.3646e-03, +1.1862e-01, +4.5666e-02, -1.6311e-02, -7.1689e-02, +2.9324e-02, +7.0257e-03, +2.2790e-02, -6.0383e-02, -7.1790e-02, -2.0006e-02
+5.7217e-02, -1.3083e-03, -9.3038e-02, +4.3161e-03, -6.0302e-02, -4.6382e-02, -5.9531e-02, +3.4212e-02, +3.3794e-02, +6.4771e-04, +1.4417e-01, +4.4994e-02, -4.0128e-02, +1.1356e-02, -5.1963e-02, +1.4710e-02, -6.2990e-03, +1.4709e-01, +9.5761e-03, -7.2051e-03, -1.7505e-04, -8.8809e-02, +2.2667e-03, -1.0000e+00, +6.6891e-02, +4.4021e-03, -5.7244e-02, +1.5461e-02, +5.1309e-02, -3.1722e-02, -6.0469e-02, +9.4265e-04, +4.0053e-02, -3.1659e-02, -5.1698e-02, +2.1620e-02, -4.7192e-03, +1.3073e-02, +2.5140e-02, +2.0432e-02, -3.4412e-03, -5.8295e-02, +2.3600e-02, +3.0951e-02, +2.9549e-02, -2.4165e-02, +2.1282e-02, +2.3242e-02, -1.1749e-02, +1.5776e-02
-6.8570e-02, -1.5903e-02, -6.6875e-02, -2.1368e-02, +5.8462e-02, +3.0255e-02, +1.3328e-02, +4.8651e-02, -9.0931e-02, -3.0888e-02, +2.1707e-02, -5.0710e-02, -9.9647e-02, +7.3256e-02, -8.0030e-02, -4.3567e-02, +1.3290e-02, -1.1629e-02, +2.5825e-02, -6.1552e-03, -5.0910e-02, -1.5011e-02, -9.4022e-04, +6.6891e-02, -1.0000e+00, +7.9311e-02, -5.3858e-02, +1.1535e-01, +5.7512e-02, +1.3897e-01, -2.5835e-02, -3.3913e-02, +1.0497e-02, -1.0424e-02, -2.1376e-02, +2.1858e-02, -3.2811e-02, -4.1555e-02, +2.3814e-02, +4.7239e-03, +1.9000e-02, +5.0941e-03, -1.0191e-02, -2.2049e-02, +4.9752e-02, -3.6333e-02, -4.8637e-02, -2.8242e-02, -3.1330e-02, +2.7555e-02
-8.6625e-02, +4.2650e-02, +5.8859e-02, +2.7176e-02, +3.6601e-02, -1.8651e-02, +7.5667e-02, +2.6509e-02, +1.0212e-01, -5.7376e-02, -7.1773e-03, +2.7472e-03, +2.9508e-02, -1.1537e-02, -2.0973e-02, -6.5851e-03, -2.8414e-02, +2.5492e-02, -1.5599e-02, +7.2069e-02, +1.0808e-02, +1.8267e-02, -3.5290e-02, +4.4021e-03, +7.9311e-02, -1.0000e+00, +5.6262e-02, -3.9156e-02, +8.8736e-02, -9.6877e-02, -3.0853e-03, -3.5342e-02, +7.3017e-02, -3.3398e-03, +1.0761e-02, +1.6951e-02, +5.9105e-03, -2.0625e-02, -9.5158e-03, -1.9740e-02, +3.4202e-02, +4.1278e-02, +5.5683e-02, +4.4395e-02, +1.4163e-02, +3.1516e-02, +1.0530e-02, +2.9275e-02, -5.6068e-02, +1.3525e-02
+1.4045e-02, +6.3568e-02, -1.6536e-02, +1.5917e-02, -3.1118e-02, -2.1529e-02, +1.1978e-02, +2.5531e-02, +1.1232e-01, +1.1281e-02, +1.1288e-02, -2.6415e-02, -6.2481e-02, +1.1875e-01, -3.8862e-02, -3.7120e-02, +1.6687e-02, +1.7312e-02, -8.0666e-02, -8.3660e-02, -1.2198e-02, -4.5138e-02, +7.8177e-02, -5.7244e-02, -5.3858e-02, +5.6262e-02, -1.0000e+00, +3.5371e-02, -4.4631e-02, +5.4322e-02, -8.8622e-02, +8.3867e-03, +4.2322e-02, +9.7505e-03, +5.9714e-03, +2.0716e-02, -8.0587e-02, +7.0666e-02, -1.2544e-02, -4.6221e-02, -6.1401e-02, -3.0436e-02, +8.7222e-03, +1.4469e-02, +3.0741e-02, +4.0313e-02, -5.5918e-02, +2.3725e-02, -5.9143e-02, +4.2444e-02
+6.1128e-02, -3.2099e-02, -2.0822e-02, -3.6842e-02, -4.0644e-03, +8.2505e-02, +4.6004e-02, -6.4007e-02, -1.2053e-02, +1.3123e-02, -4.7110e-02, -4.9050e-03, -4.8890e-02, +3.7544e-02, +1.4908e-03, -3.1101e-02, -3.1448e-02, -2.8328e-02, +4.2780e-02, -7.9762e-02, -6.8260e-02, -2.1350e-02, +3.7622e-02, +1.5461e-02, +1.1535e-01, -3.9156e-02, +3.5371e-02, -1.0000e+00, -8.6424e-02, +2.5509e-02, +2.7624e-02, +4.4205e-02, -1.9621e-02, +6.5274e-02, -1.1910e-02, -3.9065e-02, +3.5231e-02, -8.7190e-02, +2.1972e-02, -2.8260e-02, +4.2543e-03, -2.8526e-03, -2.3368e-02, -6.1804e-02, -3.8850e-02, -2.5770e-02, -5.8619e-02, +6.8603e-03, +2.1024e-02, +1.5922e-02
+1.0328e-01, -1.9487e-02, -6.0858e-02, -2.8729e-02, -5.3231e-02, +1.9908e-02, +8.7672e-03, -1.1334e-02, +3.9948e-02, +6.6516e-02, -7.0061e-02, -6.0778e-03, -4.7788e-02, +3.0746e-02, -1.9162e-03, -2.4337e-02, +9.8342e-02, -1.7480e-02, +5.4909e-03, -9.6797e-02, -5.8220e-02, -1.5733e-02, +2.2673e-02, +5.1309e-02, +5.7512e-02, +8.8736e-02, -4.4631e-02, -8.6424e-02, -1.0000e+00, -4.2302e-02, -1.6344e-02, -4.9390e-02, -4.8230e-02, +1.4247e-02, +4.8999e-03, +1.5016e-02, +2.3992e-02, -7.5244e-02, +4.6552e-02, -2.7053e-02, +1.2498e-01, +3.8327e-02, +2.0821e-02, -2.4579e-02, -9.2589e-03, +5.9545e-02, -1.9938e-02, -3.5637e-02, -2.1812e-03, +7.0102e-02
+5.4729e-02, +2.3464e-02, +7.6766e-02, +3.2896e-02, -5.4177e-02, -4.2077e-02, +9.8448e-03, +6.6007e-02, +7.2024e-02, -1.4748e-02, -5.1207e-02, +5.8804e-02, +7.4820e-02, -2.0325e-02, -2.8522e-02, -3.8401e-02, +5.7255e-02, +6.6551e-02, -5.9306e-02, -5.0167e-02, -3.6913e-02, -4.7447e-03, +5.5734e-02, -3.1722e-02, +1.3897e-01, -9.6877e-02, +5.4322e-02, +2.5509e-02, -4.2302e-02, -1.0000e+00, -1.4149e-02, +5.4523e-02, -1.0098e-02, +2.1143e-02, +4.5816e-02, +2.3265e-02, +3.4602e-02, -1.8475e-03, -8.6112e-03, -1.5439e-02, +1.3381e-02, +5.2586e-02, -2.6619e-02, +1.7019e-02, +1.0624e-02, +2.7779e-02, -5.0372e-02, +8.8896e-02, +1.9073e-03, -9.4815e-03
-9.9511e-02, +2.4648e-02, +1.4421e-02, -8.6432e-03, +1.4831e-02, -5.7387e-02, +6.3632e-02, +4.4482e-02, +4.7529e-02, +9.2549e-04, +4.5783e-02, -1.3660e-02, +7.9802e-02, +9.2798e-02, -4.2559e-02, -8.0872e-02, +2.2613e-02, +6.4611e-02, -8.9281e-02, +6.2337e-03, -5.0418e-02, -4.9694e-02, +1.0860e-01, -6.0469e-02, -2.5835e-02, -3.0853e-03, -8.8622e-02, +2.7624e-02, -1.6344e-02, -1.4149e-02, -1.0000e+00, +4.7830e-02, +6.5488e-03, +6.8012e-03, -1.3360e-02, -9.3783e-02, -1.3147e-02, -7.9290e-02, -4.3649e-02, +1.7287e-02, -9.8178e-03, +7.1879e-02, -2.5415e-02, +2.2259e-02, -6.9668e-02, -1.0871e-02, +7.6201e-02, +1.7566e-01, -8.6627e-02, +3.0578e-02
-1.9093e-02, +4.5508e-02, -6.7120e-02, -6.2673e-02, -8.4671e-02, -9.9800e-03, -6.9036e-02, +4.3216e-02, +7.7524e-04, -3.9046e-02, -2.5059e-02, +5.9564e-02, +1.2294e-02, -1.9023e-02, -6.6142e-02, +5.7968e-02, -2.2763e-02, +3.3403e-02, -8.2516e-02, -2.4482e-02, +4.6219e-02, -2.5415e-02, -4.8604e-02, +9.4265e-04, -3.3914e-02, -3.5342e-02, +8.3867e-03, +4.4205e-02, -4.9390e-02, +5.4523e-02, +4.7830e-02, -1.0000e+00, +1.0662e-02, -1.5418e-02, -2.0201e-02, +1.0380e-01, -6.8701e-03, -4.2135e-02, -2.7761e-02, -4.2622e-02, +1.9736e-02, +1.4757e-05, +2.7071e-02, -3.7615e-02, +5.2733e-02, -6.5621e-02, -5.3612e-02, -1.0287e-01, -2.7551e-02, +1.8958e-02
-1.9285e-03, +2.6692e-02, +2.2328e-02, +2.4382e-03, -1.4327e-02, -1.1906e-02, -3.8198e-02, +3.7069e-03, +4.6603e-02, +6.5483e-03, +2.2562e-02, +3.6805e-03, +4.1638e-02, +1.0132e-02, -1.0697e-02, -3.0555e-02, +6.4015e-02, -1.2519e-01, -7.5898e-03, +2.5098e-02, +7.8833e-02, -1.9247e-02, +2.6289e-02, +4.0053e-02, +1.0497e-02, +7.3017e-02, +4.2322e-02, -1.9621e-02, -4.8230e-02, -1.0098e-02, +6.5488e-03, +1.0662e-02, -1.0000e+00, -7.7448e-02, +2.5320e-02, +1.8564e-02, +3.9567e-02, -4.1775e-02, -2.4320e-02, +5.4496e-03, -5.1753e-02, +5.6403e-03, +4.6850e-02, +2.5941e-02, +6.1491e-02, -9.6533e-03, -5.2972e-03, -1.2461e-01, +5.0021e-02, +7.6957e-02
+1.1043e-02, -3.0827e-02, -9.6657e-02, +8.2598e-02, -2.8486e-02, -7.8133e-02, +4.1170e-02, +3.8107e-02, -2.3976e-02, -1.1233e-02, -3.4953e-02, +4.3906e-02, +4.0729e-02, -4.2976e-02, -3.8821e-02, -6.3924e-02, -1.4089e-02, +1.5519e-02, +3.3766e-02, +9.8643e-02, +9.5759e-02, +1.2540e-01, -4.2839e-02, -3.1659e-02, -1.0424e-02, -3.3398e-03, +9.7505e-03, +6.5274e-02, +1.4247e-02, +2.1143e-02, +6.8012e-03, -1.5418e-02, -7.7448e-02, -1.0000e+00, +2.1240e-02, +3.6599e-02, -5.8005e-02, -3.8838e-02, -8.5315e-02, +1.9889e-02, -5.3606e-03, -1.1822e-02, -5.4589e-02, +4.1824e-03, +1.3251e-02, +4.7655e-02, -1.7223e-02, -4.1961e-02, -5.0112e-03, +1.1276e-03
+7.0545e-02, -3.7619e-02, -1.0555e-02, +1.1938e-02, -6.9961e-02, -1.0537e-02, +2.0893e-02, +2.4580e-03, +2.8147e-02, -3.9523e-02, -6.6665e-02, -2.1508e-02, -1.3288e-02, -2.8251e-02, -3.4340e-02, +2.2849e-02, +4.9841e-03, -5.7204e-02, +2.1940e-02, -4.7606e-02, +3.6650e-03, +6.7613e-02, -2.8281e-02, -5.1698e-02, -2.1376e-02, +1.0761e-02, +5.9714e-03, -1.1910e-02, +4.8999e-03, +4.5816e-02, -1.3360e-02, -2.0201e-02, +2.5320e-02, +2.1240e-02, -1.0000e+00, -2.5897e-02, -7.2192e-02, +3.0162e-02, +1.4478e-02, +3.3098e-02, +4.7545e-02, -5.0144e-02, -5.7908e-02, +3.1823e-03, +7.9389e-02, -1.3004e-02, -4.4203e-02, +1.6664e-02, +6.4621e-02, +4.4069e-02
+4.1194e-02, -4.5437e-03, -5.4144e-02, -5.6987e-02, +7.6364e-02, +2.3640e-03, +2.5330e-02, -4.8452e-02, +3.3686e-02, +2.5019e-01, +1.9012e-02, -4.0203e-02, +1.7009e-02, -1.7215e-02, +4.4603e-02, +3.0315e-02, +2.6288e-02, -7.5755e-02, +1.4560e-02, +1.2438e-02, -4.3248e-02, +5.8311e-02, +3.5237e-02, +2.1620e-02, +2.1858e-02, +1.6951e-02, +2.0716e-02, -3.9065e-02, +1.5016e-02, +2.3265e-02, -9.3783e-02, +1.0380e-01, +1.8564e-02, +3.6599e-02, -2.5897e-02, -1.0000e+00, -8.4526e-02, +1.1640e-02, -2.6206e-02, +6.5688e-02, -2.8478e-02, -1.2261e-01, +2.4618e-03, +3.3491e-02, -1.2557e-01, -2.9639e-02, +3.4871e-02, +1.7221e-02, -1.0060e-01, +6.1381e-02
-7.1821e-02, -6.0046e-02, -2.9135e-02, +2.4371e-02, -2.8257e-02, -3.5826e-02, +2.5304e-02, -2.7862e-03, +6.6845e-02, +4.2458e-02, -1.6761e-02, -3.2675e-02, +1.3377e-02, +8.7035e-02, +5.5613e-02, -3.3540e-03, +1.5054e-02, +6.4142e-03, +6.6522e-02, +8.9419e-02, -9.5950e-03, +7.4188e-02, +1.9013e-02, -4.7192e-03, -3.2811e-02, +5.9105e-03, -8.0587e-02, +3.5231e-02, +2.3992e-02, +3.4602e-02, -1.3147e-02, -6.8701e-03, +3.9567e-02, -5.8005e-02, -7.2192e-02, -8.4526e-02, -1.0000e+00, +5.4816e-02, -1.9331e-02, -4.0305e-02, -8.2730e-03, +3.9334e-02, -1.4597e-02, +1.6372e-01, -8.0278e-04, -8.5751e-03, +3.8072e-02, +1.1924e-01, -6.4109e-02, -1.7146e-02
-2.1261e-02, +1.4136e-02, +9.3690e-02, +2.9430e-02, +5.3725e-02, -1.5319e-02, +7.0255e-02, -1.2609e-01, -7.8400e-02, -5.0746e-02, -1.0571e-02, -2.4814e-02, +2.2868e-04, -8.2859e-03, +2.2615e-02, -6.1632e-02, -4.0821e-04, +2.6075e-02, +1.1414e-02, -7.3175e-02, -8.0959e-02, -1.7141e-02, +5.2323e-02, +1.3073e-02, -4.1555e-02, -2.0625e-02, +7.0666e-02, -8.7190e-02, -7.5244e-02, -1.8475e-03, -7.9290e-02, -4.2135e-02, -4.1775e-02, -3.8838e-02, +3.0162e-02, +1.1640e-02, +5.4816e-02, -1.0000e+00, +3.5711e-02, -4.3111e-02, +1.4793e-01, +3.6370e-02, -3.4403e-02, +1.2070e-03, -8.2368e-03, +1.6763e-02, -8.0510e-02, +1.0621e-01, -2.7849e-02, -4.6396e-02
-1.8662e-02, +2.9929e-02, +6.8496e-04, +9.4559e-02, -3.1816e-02, -4.8985e-02, +6.5322e-02, +3.3007e-02, +3.4175e-02, -3.7318e-03, +9.4891e-04, -1.1953e-02, +8.5639e-02, +4.8019e-02, -2.4023e-02, -4.1629e-02, -8.6816e-03, +4.7360e-02, -8.0170e-03, +6.4813e-02, +2.2625e-02, +2.7169e-02, +4.1859e-02, +2.5140e-02, +2.3814e-02, -9.5158e-03, -1.2544e-02, +2.1972e-02, +4.6552e-02, -8.6112e-03, -4.3649e-02, -2.7761e-02, -2.4320e-02, -8.5315e-02, +1.4478e-02, -2.6206e-02, -1.9331e-02, +3.5711e-02, -1.0000e+00, +1.2095e-02, -4.2638e-02, +2.3673e-03, +2.9209e-02, +5.7103e-02, +2.0047e-02, +6.2997e-03, -1.1759e-02, -3.3976e-02, -1.5491e-02, +2.9933e-02
-1.3825e-03, +1.5045e-02, +2.8686e-02, +7.9235e-03, -1.6620e-02, +2.4163e-02, -7.0966e-02, -4.6877e-02, +7.5365e-02, +1.9131e-02, +5.6603e-03, -2.3592e-02, -1.0457e-01, -1.9099e-02, +5.5604e-03, +3.6102e-03, -1.3918e-02, -5.6209e-02, -9.0232e-02, -5.0533e-02, +1.1681e-02, -4.8398e-02, +8.3647e-03, +2.0432e-02, +4.7239e-03, -1.9740e-02, -4.6221e-02, -2.8260e-02, -2.7053e-02, -1.5439e-02, +1.7287e-02, -4.2622e-02, +5.4496e-03, +1.9889e-02, +3.3098e-02, +6.5688e-02, -4.0305e-02, -4.3111e-02, +1.2095e-02, -1.0000e+00, +5.6991e-02, +4.0778e-02, +1.7356e-02, -6.3744e-02, +1.0298e-01, +2.2200e-02, +1.5194e-02, -1.3604e-01, -1.8623e-02, +9.7878e-02
+2.9666e-02, +5.2974e-02, -1.8655e-02, +8.9445e-03, -5.1773e-02, -4.7096e-02, +2.4675e-02, +2.2932e-02, +7.0079e-02, +2.0405e-02, -4.6993e-02, +6.7842e-03, +5.5486e-02, +4.0832e-02, -6.6553e-02, -3.2773e-03, -1.8273e-02, +3.6441e-02, -2.7075e-02, -3.2491e-03, +1.7890e-02, +6.9183e-04, +1.1862e-01, -3.4412e-03, +1.9000e-02, +3.4202e-02, -6.1401e-02, +4.2543e-03, +1.2498e-01, +1.3381e-02, -9.8178e-03, +1.9736e-02, -5.1753e-02, -5.3606e-03, +4.7545e-02, -2.8478e-02, -8.2730e-03, +1.4793e-01, -4.2638e-02, +5.6991e-02, -1.0000e+00, -5.5994e-03, -1.0822e-02, -4.5134e-02, +2.7182e-02, -1.0432e-01, +5.3028e-02, -8.0160e-02, -3.4080e-02, +6.2794e-02
+8.7957e-03, -6.1209e-02, -3.1798e-03, +1.6339e-02, -5.2449e-02, +3.4593e-02, -7.7849e-02, +3.2850e-02, -5.9290e-02, -1.9239e-01, -1.9330e-02, +1.4882e-02, -2.5985e-02, +1.7888e-02, -7.6776e-03, +1.1286e-01, -1.3227e-01, +7.9240e-02, -3.0996e-02, +1.2964e-01, +2.7864e-02, -9.0488e-02, +4.5666e-02, -5.8295e-02, +5.0941e-03, +4.1278e-02, -3.0436e-02, -2.8526e-03, +3.8327e-02, +5.2586e-02, +7.1879e-02, +1.4757e-05, +5.6403e-03, -1.1822e-02, -5.0144e-02, -1.2261e-01, +3.9334e-02, +3.6370e-02, +2.3673e-03, +4.0778e-02, -5.5994e-03, -1.0000e+00, -4.6643e-02, -2.1327e-02, +1.4517e-02, -4.4079e-02, +3.0449e-02, -1.3914e-01, -3.2977e-02, +3.5793e-02
+2.8812e-02, -3.8084e-02, -1.4853e-02, +2.5584e-02, +3.3721e-02, -8.2529e-02, -3.7652e-02, -3.5438e-02, -3.8061e-02, +2.4140e-02, -5.5164e-03, -3.6810e-02, -3.1856e-02, -6.7161e-03, -1.2969e-02, -1.2816e-02, +5.2702e-03, +1.1868e-02, -8.9067e-02, -8.7043e-02, -3.6478e-02, -3.4572e-02, -1.6311e-02, +2.3600e-02, -1.0191e-02, +5.5683e-02, +8.7221e-03, -2.3368e-02, +2.0821e-02, -2.6619e-02, -2.5415e-02, +2.7071e-02, +4.6850e-02, -5.4589e-02, -5.7908e-02, +2.4618e-03, -1.4597e-02, -3.4403e-02, +2.9209e-02, +1.7356e-02, -1.0822e-02, -4.6643e-02, -1.0000e+00, -7.5313e-02, -6.3163e-02, +1.7885e-02, -8.5490e-02, +9.0087e-02, -1.1456e-02, +1.3303e-03
-3.6693e-02, -1.8640e-02, -1.0497e-01, -7.9643e-03, -3.6156e-03, +4.9200e-02, +7.0375e-03, -2.4051e-02, -8.1279e-04, +1.3022e-01, -4.9607e-02, -1.5927e-02, +6.1030e-03, -2.5100e-02, -2.0366e-02, +8.2777e-02, -5.6717e-02, -4.9755e-02, -1.2257e-03, -6.3978e-02, -1.8887e-02, -5.3979e-02, -7.1689e-02, +3.0951e-02, -2.2049e-02, +4.4395e-02, +1.4469e-02, -6.1804e-02, -2.4579e-02, +1.7019e-02, +2.2259e-02, -3.7615e-02, +2.5941e-02, +4.1824e-03, +3.1823e-03, +3.3491e-02, +1.6372e-01, +1.2070e-03, +5.7103e-02, -6.3744e-02, -4.5134e-02, -2.1327e-02, -7.5313e-02, -1.0000e+00, -1.1344e-01, +3.6287e-02, -1.4401e-02, -3.4399e-02, +2.0621e-02, +3.1324e-02
-7.7613e-03, -4.8038e-02, -2.5153e-02, +2.2696e-02, +8.7060e-02, +4.4336e-02, +4.5991e-02, +2.2313e-02, +4.8310e-02, +2.0735e-01, -3.9407e-02, -2.4790e-02, +3.0686e-02, +1.6801e-02, +3.8273e-02, -1.1658e-01, -3.1677e-02, +8.5197e-02, +7.9301e-02, -1.6217e-01, -2.7390e-02, +2.0296e-02, +2.9324e-02, +2.9549e-02, +4.9752e-02, +1.4163e-02, +3.0741e-02, -3.8850e-02, -9.2589e-03, +1.0624e-02, -6.9668e-02, +5.2733e-02, +6.1491e-02, +1.3251e-02, +7.9389e-02, -1.2557e-01, -8.0279e-04, -8.2368e-03, +2.0047e-02, +1.0298e-01, +2.7182e-02, +1.4517e-02, -6.3163e-02, -1.1344e-01, -1.0000e+00, -1.7194e-02, -1.7916e-02, +2.7837e-01, -2.9566e-02, -1.8448e-02
+1.4482e-03, -1.0557e-02, +9.0156e-02, +3.4517e-02, -5.3320e-02, +3.0026e-02, -7.2470e-02, -3.0509e-03, +7.8167e-03, +7.0115e-02, +3.1888e-02, +1.2994e-02, +4.1758e-03, -1.1810e-02, -1.8873e-02, +7.2321e-03, +1.2422e-02, +4.5687e-02, -9.7402e-03, -1.0331e-02, -2.0087e-02, -7.2918e-02, +7.0257e-03, -2.4165e-02, -3.6333e-02, +3.1516e-02, +4.0313e-02, -2.5770e-02, +5.9545e-02, +2.7779e-02, -1.0871e-02, -6.5621e-02, -9.6533e-03, +4.7655e-02, -1.3004e-02, -2.9639e-02, -8.5751e-03, +1.6763e-02, +6.2997e-03, +2.2200e-02, -1.0432e-01, -4.4079e-02, +1.7885e-02, +3.6287e-02, -1.7194e-02, -1.0000e+00, +5.9008e-03, -5.7934e-02, +7.9540e-02, +4.9443e-02
-5.6576e-02, -7.2752e-02, +6.3371e-03, -5.4069e-03, +2.1641e-02, -1.3974e-02, +3.0830e-02, -1.6751e-02, +3.7296e-02, -8.0142e-03, -1.6518e-02, +1.1213e-03, -9.3395e-02, +3.7002e-02, +5.8902e-02, -2.7571e-03, +1.6962e-03, +7.9432e-02, +3.3156e-03, -1.0994e-01, +3.3029e-02, -1.0699e-01, +2.2790e-02, +2.1282e-02, -4.8637e-02, +1.0530e-02, -5.5918e-02, -5.8619e-02, -1.9938e-02, -5.0372e-02, +7.6201e-02, -5.3612e-02, -5.2972e-03, -1.7223e-02, -4.4203e-02, +3.4871e-02, +3.8072e-02, -8.0510e-02, -1.1759e-02, +1.5194e-02, +5.3028e-02, +3.0449e-02, -8.5490e-02, -1.4401e-02, -1.7916e-02, +5.9008e-03, -1.0000e+00, -3.0332e-02, -5.2447e-03, +8.9526e-03
+1.8366e-02, +5.4361e-02, +5.8680e-02, -1.1364e-01, -8.2829e-02, +6.4975e-02, -2.3756e-01, -8.8993e-02, -1.4937e-03, +1.0654e-01, +1.0855e-01, +1.7751e-02, -1.7626e-01, -6.5080e-02, +6.9251e-02, +2.9725e-01, +1.0659e-01, -1.6387e-01, -1.1372e-01, +1.6159e-01, +1.1502e-02, -1.1046e-01, -6.0383e-02, +2.3242e-02, -2.8242e-02, +2.9275e-02, +2.3725e-02, +6.8603e-03, -3.5637e-02, +8.8896e-02, +1.7566e-01, -1.0287e-01, -1.2461e-01, -4.1961e-02, +1.6664e-02, +1.7221e-02, +1.1924e-01, +1.0621e-01, -3.3976e-02, -1.3604e-01, -8.0160e-02, -1.3914e-01, +9.0087e-02, -3.4399e-02, +2.7837e-01, -5.7934e-02, -3.0332e-02, -1.0000e+00, +1.4580e-01, +2.9176e-01
-2.3596e-02, -5.6672e-02, -5.7690e-02, -9.5637e-03, +2.0616e-02, +2.6879e-02, +4.5014e-02, +1.1038e-01, +5.8580e-02, -2.2531e-02, +1.1769e-02, -9.2201e-04, +4.3605e-02, -4.4356e-03, +6.1926e-02, +6.1511e-02, -1.5996e-02, +1.4998e-02, +5.4090e-02, +1.7993e-04, -3.9270e-03, +4.5208e-02, -7.1790e-02, -1.1749e-02, -3.1330e-02, -5.6068e-02, -5.9143e-02, +2.1024e-02, -2.1812e-03, +1.9073e-03, -8.6627e-02, -2.7551e-02, +5.0021e-02, -5.0112e-03, +6.4621e-02, -1.0060e-01, -6.4109e-02, -2.7849e-02, -1.5491e-02, -1.8623e-02, -3.4080e-02, -3.2977e-02, -1.1456e-02, +2.0621e-02, -2.9566e-02, +7.9540e-02, -5.2447e-03, +1.4580e-01, -1.0000e+00, +2.2227e-02
-3.2219e-03, -2.5239e-02, +1.4763e-02, +7.0148e-02, +1.7587e-01, -2.2163e-02, +1.1509e-02, -2.0663e-02, -7.9615e-02, -1.8329e-01, +7.5988e-02, -3.9684e-02, -5.0024e-02, -2.5013e-02, +9.6230e-02, -3.9604e-02, +6.6209e-02, +2.6835e-02, -5.6222e-03, -1.7080e-02, +5.6089e-04, +9.0391e-02, -2.0006e-02, +1.5776e-02, +2.7555e-02, +1.3525e-02, +4.2444e-02, +1.5922e-02, +7.0102e-02, -9.4815e-03, +3.0578e-02, +1.8958e-02, +7.6957e-02, +1.1276e-03, +4.4069e-02, +6.1381e-02, -1.7146e-02, -4.6396e-02, +2.9933e-02, +9.7878e-02, +6.2794e-02, +3.5793e-02, +1.3303e-03, +3.1324e-02, -1.8448e-02, +4.9443e-02, +8.9526e-03, +2.9176e-01, +2.2227e-02, -1.0000e+00
