-1.0000e+00, +1.4826e-02, +2.4706e-02, -4.6260e-02, -1.8572e-02, +8.6767e-02, -4.1649e-02, -5.9090e-02, -1.2847e-01, -2.7094e-02, +1.8457e-02, -3.2247e-02, -1.2149e-02, +2.9428e-03, +2.4700e-02, -9.7099e-03, +2.0185e-02, +3.4389e-02, +3.1503e-02, -2.6959e-02, -1.5748e-02, -2.6874e-02, +1.2422e-02, +6.8541e-02, -7.3305e-02, -1.6197e-01, +1.9384e-02, -7.1656e-03, +8.9298e-02, +1.2672e-02, +1.5468e-02, -2.8332e-02, +1.0252e-02, +1.6195e-02, -6.9202e-03, -3.5671e-02, -4.1076e-02, +1.7646e-02, +5.3475e-03, +5.4614e-03, +1.0758e-01, +1.1002e-02, +2.2118e-02, +2.2203e-02, -2.9921e-02, +1.2061e-02, -1.0146e-02, -4.7296e-02, -1.2862e-02, +7.4932e-02
+1.4826e-02, -1.0000e+00, +4.9056e-02, -6.2806e-03, -1.2940e-02, +9.0508e-02, -1.4696e-02, +4.6333e-03, +6.2449e-03, +4.3507e-02, +3.0775e-02, +2.4929e-02, +1.4051e-02, -4.0684e-02, +1.3955e-02, -2.4992e-02, -6.2617e-02, +5.7099e-02, +2.1130e-02, -4.2820e-03, -3.1843e-02, +1.5710e-03, -9.4584e-03, -1.4227e-02, +5.5240e-02, +3.4479e-03, +3.8326e-02, -5.1514e-02, -3.8998e-03, +1.6776e-02, +1.0133e-01, +1.7746e-02, +2.0606e-02, -1.0313e-02, +1.8522e-02, +4.4246e-03, +4.1229e-02, +4.0748e-03, +8.0096e-02, -1.3023e-02, -4.3985e-02, -3.5694e-02, -1.9287e-02, -2.5700e-02, -8.5501e-02, -1.9761e-02, +1.8982e-03, -4.2620e-02, -2.8757e-02, +5.4953e-02
+2.4706e-02, +4.9056e-02, -1.0000e+00, -8.0521e-02, +9.0727e-03, +1.4894e-02, +4.7719e-02, +8.5318e-02, -5.7872e-02, -9.8651e-03, -2.4847e-02, -8.5903e-02, +2.7863e-02, -2.7789e-02, -3.1452e-02, -1.8499e-02, -1.4859e-02, -1.2213e-02, +8.5884e-02, +9.9945e-03, -8.0755e-02, +1.2294e-02, +4.2988e-02, +1.3059e-03, -1.4208e-01, +3.9114e-02, +6.9537e-02, -4.2451e-02, +1.7911e-02, -1.6991e-02, +9.5626e-02, -2.5932e-02, -1.1993e-02, +3.7643e-02, +2.1987e-02, -3.8741e-03, -3.4198e-02, +2.5350e-02, +7.0391e-02, +5.0486e-03, -1.4469e-02, -1.1750e-02, -2.5139e-03, +2.5341e-02, -2.3777e-02, -1.4912e-02, -4.8479e-02, -2.7737e-02, +2.8354e-03, +7.0237e-02
-4.6260e-02, -6.2806e-03, -8.0521e-02, -1.0000e+00, -4.2252e-03, +8.2325e-02, +1.8597e-02, -5.7585e-03, +9.2109e-02, +1.5316e-02, +7.2538e-02, -1.0655e-01, +4.5334e-03, -9.2840e-02, +3.6163e-02, -3.6326e-02, +3.0798e-02, +1.6641e-02, +8.7421e-03, +2.5058e-02, -4.7972e-02, -1.5311e-02, +4.0713e-02, +1.1637e-02, -1.0695e-01, -7.8247e-03, -1.8666e-02, -4.4918e-03, +9.2325e-03, -1.2301e-02, -2.7679e-02, -8.2303e-03, +3.5321e-02, +1.9778e-02, -4.2326e-02, -9.5977e-03, -2.0004e-02, -5.2620e-02, -1.2017e-02, +3.7000e-02, +5.8370e-02, +3.3737e-02, +1.3865e-03, -1.4180e-03, -6.9679e-02, -3.7577e-03, -9.2875e-02, -7.5414e-02, -8.4986e-03, +5.8170e-02
-1.8572e-02, -1.2940e-02, +9.0727e-03, -4.2252e-03, -1.0000e+00, -4.0092e-02, -8.5215e-03, +3.9699e-03, +3.5909e-02, -1.1365e-01, +6.9350e-02, -5.6177e-02, -1.1389e-01, -4.5195e-03, -1.5170e-02, -3.9687e-02, +3.1835e-02, -5.1037e-02, -7.7763e-02, +2.2348e-02, -5.7510e-03, +2.1998e-02, -1.5093e-02, -6.3308e-02, +3.9537e-02, -5.2406e-02, -1.0008e-01, +1.8882e-02, +1.1424e-02, -3.1415e-02, -7.0642e-04, +4.2726e-02, -3.1701e-02, +6.3083e-04, -2.7528e-02, +6.0530e-03, +6.2578e-02, +1.2669e-02, +6.1702e-03, -2.1936e-03, -5.4697e-02, -1.4147e-02, -1.6176e-02, -3.4281e-03, +8.6401e-02, -2.0149e-02, +4.7135e-02, +3.2523e-02, -5.8881e-02, +1.2706e-02
+8.6767e-02, +9.0508e-02, +1.4894e-02, +8.2325e-02, -4.0092e-02, -1.0000e+00, +1.2681e-01, +6.0216e-02, +9.8789e-03, +8.7101e-02, -6.2024e-02, +1.0420e-01, +2.2572e-02, +9.8354e-02, -3.1039e-02, +2.2020e-03, +6.3652e-02, -3.7058e-02, +6.1489e-02, +1.9324e-02, +2.3378e-02, -1.6244e-02, +6.4646e-03, -6.9940e-02, +3.8169e-02, +2.1392e-02, -1.2872e-01, +5.2366e-02, -5.6126e-02, -8.3306e-03, -8.0289e-02, +1.1153e-02, +2.6292e-02, -2.8706e-02, -1.7457e-02, +1.6952e-02, -2.2043e-02, +1.6431e-02, -7.1296e-02, -9.9497e-03, -1.6808e-02, +3.4714e-02, -3.6982e-02, -2.2076e-02, +3.7820e-02, +4.1854e-02, +6.7877e-03, -2.1887e-02, +1.2992e-02, -7.8055e-02
-4.1649e-02, -1.4696e-02, +4.7719e-02, +1.8597e-02, -8.5215e-03, +1.2681e-01, -1.0000e+00, -5.8192e-03, +5.1926e-02, +1.4546e-02, +2.2756e-02, -4.4440e-02, -3.9138e-02, -3.6773e-02, -2.3218e-02, +4.0100e-03, -3.6255e-02, +1.4924e-02, -1.0067e-02, -2.5182e-02, +4.6499e-02, -1.4747e-02, -1.2854e-02, -1.4619e-02, +4.8694e-02, +5.6765e-02, -6.5512e-03, +5.7312e-02, +4.4529e-02, -2.7636e-02, +3.1502e-02, -2.6861e-02, -3.8381e-03, -4.1544e-02, +1.6717e-02, +5.7526e-03, +1.6010e-02, +4.1697e-02, +4.4372e-02, -1.9817e-03, -4.2535e-02, -8.5134e-04, +4.8656e-02, +3.4779e-02, -4.5562e-02, -6.6030e-02, -6.4658e-02, -4.4056e-02, -5.5829e-02, -5.8918e-03
-5.9090e-02, +4.6332e-03, +8.5318e-02, -5.7585e-03, +3.9699e-03, +6.0216e-02, -5.8192e-03, -1.0000e+00, -2.9540e-02, -2.7328e-02, +3.0791e-02, -2.8831e-02, -2.7874e-04, -6.7262e-02, -1.7161e-02, +7.5459e-03, -4.2524e-02, -8.5383e-02, +4.0708e-02, -6.6480e-03, +1.4279e-02, -1.1127e-03, +7.0021e-03, +3.7865e-02, +2.3887e-02, +2.4263e-02, +1.1330e-02, -1.4678e-02, +1.3173e-02, +3.0480e-03, +1.3212e-01, -3.3974e-02, -1.6066e-02, +2.4265e-02, -3.5080e-02, -1.5458e-02, +7.5236e-02, -7.9994e-02, +9.2115e-03, +6.3486e-03, +5.1797e-02, +3.5182e-02, +2.3262e-02, -1.1849e-03, -6.5515e-02, +1.1025e-01, +1.9471e-02, -1.5057e-01, -8.7809e-03, +6.4858e-02
-1.2847e-01, +6.2449e-03, -5.7872e-02, +9.2109e-02, +3.5909e-02, +9.8789e-03, +5.1926e-02, -2.9540e-02, -1.0000e+00, -2.8992e-02, -2.3533e-02, +2.9933e-02, -1.8094e-02, +1.0740e-01, -2.6683e-02, +1.6730e-02, +4.5233e-05, -3.7318e-02, -3.4033e-02, -4.6041e-02, -3.8297e-02, -7.5940e-03, -3.6344e-02, +8.4558e-02, -1.3275e-01, -2.1255e-03, +2.1579e-02, -2.6661e-02, -3.1767e-02, +5.9773e-02, +6.1263e-02, +1.7083e-02, +6.5466e-02, +1.0025e-02, -3.2326e-02, -1.8374e-02, +2.0391e-02, +8.7004e-04, -1.3376e-02, -2.3607e-02, +2.7990e-02, -9.4171e-03, -3.0178e-02, -1.6696e-02, -1.5688e-02, +1.6075e-04, +3.9045e-02, +9.0190e-03, +1.1827e-02, +6.0452e-02
-2.7094e-02, +4.3507e-02, -9.8651e-03, +1.5316e-02, -1.1365e-01, +8.7101e-02, +1.4546e-02, -2.7328e-02, -2.8992e-02, -1.0000e+00, +5.0908e-02, -2.5802e-02, -4.4501e-02, +4.0546e-02, +7.0719e-03, -6.8157e-02, +2.6919e-02, +3.8803e-02, -6.0256e-02, -4.1591e-02, -2.2717e-02, +1.9279e-02, +2.7533e-02, +8.2010e-03, +5.8251e-02, +5.5070e-02, -2.1316e-02, -1.3179e-02, +5.9328e-03, -5.2853e-02, +1.4645e-02, -3.7711e-02, -7.0194e-02, +1.1542e-01, -5.3831e-02, -5.0693e-03, -3.4152e-02, -2.5693e-02, +4.5959e-03, -2.7973e-02, -2.0029e-02, +6.3267e-02, -2.6805e-03, +1.3644e-02, +3.2313e-02, +1.6264e-02, -2.7241e-03, +5.5927e-02, +3.1932e-02, +8.9186e-03
+1.8457e-02, +3.0775e-02, -2.4847e-02, +7.2538e-02, +6.9350e-02, -6.2024e-02, +2.2756e-02, +3.0791e-02, -2.3533e-02, +5.0908e-02, -1.0000e+00, +7.1324e-02, -1.2878e-02, -4.7994e-02, -1.7278e-02, +9.8749e-03, +1.3635e-02, -1.2207e-01, +4.4377e-03, +9.2354e-03, -2.0143e-02, -2.9798e-02, +4.6834e-02, +1.2869e-01, +4.5953e-02, -5.4975e-02, -3.6553e-02, -1.8600e-02, -6.2702e-02, +5.3715e-04, -1.0305e-01, -2.3485e-02, -1.2097e-02, -4.6882e-02, +3.7737e-02, +5.1986e-02, -2.1440e-02, +2.1288e-02, -3.2811e-02, +1.2467e-02, -1.0620e-02, +2.4240e-02, -8.2688e-02, -5.9243e-02, -1.2993e-02, +7.0232e-02, -2.1666e-02, +7.9724e-02, -5.4259e-03, +5.9163e-04
-3.2247e-02, +2.4929e-02, -8.5903e-02, -1.0655e-01, -5.6177e-02, +1.0420e-01, -4.4440e-02, -2.8831e-02, +2.9933e-02, -2.5802e-02, +7.1324e-02, -1.0000e+00, -4.9200e-02, -1.2922e-03, +2.9670e-02, -1.0171e-02, +3.0131e-03, +3.9616e-02, +1.6826e-02, +1.3533e-02, -2.4817e-03, +1.6220e-02, +5.2350e-02, +5.0940e-02, -2.4408e-02, +3.7231e-02, +2.8867e-03, -6.5424e-02, -1.7927e-04, +5.3958e-02, +1.2696e-02, +9.5947e-03, +3.0361e-02, +2.6056e-02, +3.0926e-02, -1.3471e-03, +5.8461e-04, -6.0573e-02, +1.5521e-02, +6.6288e-02, +4.2969e-04, -3.1547e-05, +3.1568e-02, -4.0375e-03, -5.6717e-02, +8.0032e-03, -4.4408e-02, -1.0848e-01, -1.9492e-02, +5.1479e-03
-1.2149e-02, +1.4051e-02, +2.7863e-02, +4.5334e-03, -1.1389e-01, +2.2572e-02, -3.9138e-02, -2.7874e-04, -1.8094e-02, -4.4501e-02, -1.2878e-02, -4.9200e-02, -1.0000e+00, -3.1510e-03, -7.0705e-02, -2.8706e-02, +6.1080e-02, -3.3452e-02, +3.2497e-03, -4.5457e-02, -9.0783e-02, -3.1687e-02, -1.7386e-02, -1.2174e-02, -4.4649e-02, +2.6497e-02, -2.6982e-02, -1.2750e-01, +1.0358e-02, +8.6289e-02, +4.6209e-02, -9.2351e-03, -6.5697e-02, +7.4504e-02, -2.0600e-02, +2.5275e-02, +2.5456e-02, +9.3359e-03, +3.0736e-02, +1.6881e-02, -3.1441e-02, +4.4163e-02, +4.7595e-03, -5.3130e-02, -1.0583e-01, +3.5330e-02, +3.2231e-02, +5.0511e-02, +3.6112e-02, +4.0317e-02
+2.9428e-03, -4.0684e-02, -2.7789e-02, -9.2840e-02, -4.5195e-03, +9.8354e-02, -3.6773e-02, -6.7262e-02, +1.0740e-01, +4.0546e-02, -4.7994e-02, -1.2922e-03, -3.1510e-03, -1.0000e+00, +3.4899e-02, -3.3490e-02, +1.1056e-04, -2.9984e-02, +2.7309e-02, +2.1344e-02, -9.7552e-02, -3.2929e-02, +3.7118e-02, +1.1200e-02, +9.9969e-02, -2.7397e-02, +5.8179e-02, -6.2392e-02, +1.0610e-02, +2.3474e-02, -2.6663e-02, -4.2554e-02, +3.3407e-02, +3.6272e-02, +3.4960e-02, +7.0913e-03, +3.2903e-02, -2.4543e-02, +5.6740e-02, -1.8377e-02, +1.0452e-02, -1.8590e-02, -1.3059e-02, -3.7982e-02, -4.8608e-02, -8.6606e-03, +4.9419e-02, +2.3461e-02, -9.6841e-03, +5.5975e-02
+2.4700e-02, +1.3955e-02, -3.1452e-02, +3.6163e-02, -1.5170e-02, -3.1039e-02, -2.3218e-02, -1.7161e-02, -2.6683e-02, +7.0719e-03, -1.7278e-02, +2.9670e-02, -7.0705e-02, +3.4899e-02, -1.0000e+00, -3.7209e-02, +1.1272e-02, +4.6929e-03, -5.6412e-02, -2.4803e-02, -3.3437e-02, +1.7315e-02, -4.3758e-02, -3.4587e-02, -2.1305e-02, +2.2964e-02, -9.0242e-03, +5.2364e-03, -7.8990e-03, +4.7607e-02, -5.2049e-02, -9.6853e-03, -6.6680e-02, -2.5055e-02, +6.2744e-02, +1.0926e-02, +4.3475e-02, -1.7020e-02, +1.5354e-02, +2.4327e-03, -1.5552e-02, +5.5609e-02, -3.6291e-02, -4.1253e-03, +2.9364e-03, -1.0224e-02, -6.3134e-03, +6.1687e-02, -8.7227e-03, +1.8246e-02
-9.7099e-03, -2.4992e-02, -1.8499e-02, -3.6326e-02, -3.9687e-02, +2.2020e-03, +4.0100e-03, +7.5459e-03, +1.6730e-02, -6.8157e-02, +9.8749e-03, -1.0171e-02, -2.8706e-02, -3.3490e-02, -3.7209e-02, -1.0000e+00, -3.2967e-02, +1.1529e-03, +4.0016e-02, +3.8645e-02, -1.0501e-02, -4.3145e-02, -1.7484e-02, -3.0991e-02, +2.2770e-03, -3.1564e-04, +1.4875e-02, -5.6319e-02, +2.1553e-02, -2.1262e-02, +3.5340e-02, +3.7453e-02, +6.3911e-02, +1.3615e-01, -8.7715e-03, -5.4290e-03, +1.7267e-02, +2.5238e-02, +6.7385e-02, -7.2755e-02, -3.9904e-02, +2.7385e-02, +3.9804e-02, -2.4495e-02, -3.3277e-02, +1.4298e-02, -1.0715e-03, +8.6211e-02, -7.8451e-02, +3.3985e-02
+2.0185e-02, -6.2617e-02, -1.4859e-02, +3.0798e-02, +3.1835e-02, +6.3652e-02, -3.6255e-02, -4.2524e-02, +4.5230e-05, +2.6919e-02, +1.3635e-02, +3.0131e-03, +6.1080e-02, +1.1056e-04, +1.1272e-02, -3.2967e-02, -1.0000e+00, -1.3441e-02, +1.9318e-02, +3.5046e-02, -1.8674e-02, -3.4155e-02, -7.6973e-04, +8.1523e-02, +8.2471e-03, -3.2127e-03, +6.6213e-02, -3.5061e-02, +3.6061e-02, -4.6767e-03, +3.1891e-02, +3.0460e-03, +3.7576e-02, -2.9431e-02, +1.2599e-02, -5.1965e-03, +3.7203e-02, -2.3243e-04, +2.0524e-02, -1.6726e-02, +3.1771e-02, -3.9068e-02, -4.4370e-02, -5.5257e-03, -2.0704e-03, +1.2800e-02, +1.9527e-03, +4.2210e-02, -1.3386e-02, +1.9948e-03
+3.4389e-02, +5.7099e-02, -1.2213e-02, +1.6641e-02, -5.1037e-02, -3.7058e-02, +1.4924e-02, -8.5383e-02, -3.7318e-02, +3.8803e-02, -1.2207e-01, +3.9616e-02, -3.3452e-02, -2.9984e-02, +4.6929e-03, +1.1529e-03, -1.3441e-02, -1.0000e+00, +4.2762e-02, -1.2023e-02, -1.2726e-03, -3.3559e-02, +7.9031e-02, +2.9006e-02, +2.7841e-02, -5.7918e-02, -1.5952e-02, -3.3251e-02, +1.2685e-02, -4.0915e-02, +2.8238e-02, -6.3476e-02, +2.7414e-02, -5.0040e-02, -5.1856e-03, +2.8304e-02, +6.7533e-02, +1.6227e-02, -5.0069e-02, -4.2392e-02, -5.8089e-03, +2.2848e-02, +3.4058e-03, -1.8384e-02, -5.4105e-02, +1.0392e-01, -9.5603e-03, -1.2169e-01, -3.4716e-02, +8.9178e-02
+3.1503e-02, +2.1130e-02, +8.5884e-02, +8.7421e-03, -7.7763e-02, +6.1489e-02, -1.0067e-02, +4.0708e-02, -3.4033e-02, -6.0256e-02, +4.4377e-03, +1.6826e-02, +3.2497e-03, +2.7309e-02, -5.6412e-02, +4.0016e-02, +1.9318e-02, +4.2762e-02, -1.0000e+00, +4.7280e-02, +5.3276e-02, +2.7552e-02, -1.0167e-02, -1.7818e-02, -8.1931e-04, -6.2358e-03, -2.8648e-02, +3.7215e-03, +2.8630e-02, -3.9434e-02, -5.1089e-02, -5.5471e-02, +1.9873e-02, -2.4300e-02, -1.6849e-03, +2.5604e-03, -5.4847e-03, +2.0915e-02, -6.4793e-02, -2.4048e-02, -4.9694e-02, +2.9770e-02, +4.0694e-03, -2.3179e-02, -1.1432e-02, -2.9734e-02, -5.0506e-02, -8.1109e-02, +1.0015e-03, -4.7232e-02
-2.6959e-02, -4.2820e-03, +9.9945e-03, +2.5058e-02, +2.2348e-02, +1.9324e-02, -2.5182e-02, -6.6480e-03, -4.6041e-02, -4.1591e-02, +9.2354e-03, +1.3533e-02, -4.5457e-02, +2.1344e-02, -2.4803e-02, +3.8645e-02, +3.5046e-02, -1.2023e-02, +4.7280e-02, -1.0000e+00, -1.1254e-01, -3.9755e-02, +4.8243e-03, +3.2460e-02, -3.4949e-02, +1.2245e-03, +2.8646e-02, +2.6669e-02, -1.5562e-02, +4.0362e-02, +1.4247e-02, -2.7163e-02, +6.5043e-02, +3.7866e-02, -7.0087e-03, +4.0389e-02, +3.3970e-02, +1.2154e-03, +4.0710e-02, +2.3752e-02, +3.4203e-03, -1.4877e-02, +4.3274e-02, +2.3518e-02, -7.6012e-02, +2.3062e-02, -9.8382e-03, -5.8740e-03, +5.3525e-02, +1.6959e-01
-1.5748e-02, -3.1843e-02, -8.0755e-02, -4.7972e-02, -5.7510e-03, +2.3378e-02, +4.6499e-02, +1.4279e-02, -3.8297e-02, -2.2717e-02, -2.0143e-02, -2.4817e-03, -9.0783e-02, -9.7552e-02, -3.3437e-02, -1.0501e-02, -1.8674e-02, -1.2726e-03, +5.3276e-02, -1.1254e-01, -1.0000e+00, -2.3025e-02, +1.0732e-02, +7.0040e-03, -1.0897e-01, +5.1650e-03, -4.5632e-02, -2.0596e-02, +1.9696e-02, +1.1757e-02, +7.0154e-02, -1.4020e-02, -1.0946e-01, +8.0346e-02, +6.5092e-02, +1.5761e-01, +1.4988e-01, -4.6617e-02, +1.0808e-02, -2.6617e-03, +1.0479e-02, +1.3838e-01, -5.5269e-02, -7.2137e-02, -2.2650e-01, -5.6735e-02, +9.3810e-02, +2.9414e-01, -2.6602e-02, -3.1713e-03
-2.6874e-02, +1.5710e-03, +1.2294e-02, -1.5311e-02, +2.1998e-02, -1.6244e-02, -1.4747e-02, -1.1127e-03, -7.5940e-03, +1.9279e-02, -2.9798e-02, +1.6220e-02, -3.1687e-02, -3.2929e-02, +1.7315e-02, -4.3145e-02, -3.4155e-02, -3.3559e-02, +2.7552e-02, -3.9755e-02, -2.3025e-02, -1.0000e+00, -1.5477e-02, -1.9337e-02, +2.2214e-02, -2.3711e-02, -1.8989e-03, -2.5482e-02, +2.9759e-02, -1.8049e-02, +7.0852e-02, +2.5358e-02, -1.1932e-03, +7.1760e-02, -8.7722e-03, +4.3358e-02, +7.9259e-02, +3.0403e-03, +1.2345e-02, -3.7888e-02, +3.0008e-03, +1.7072e-02, -3.5613e-02, +5.6539e-03, -4.9592e-02, -9.4923e-03, +2.4823e-03, -1.6475e-02, +3.3635e-02, +5.3135e-02
+1.2423e-02, -9.4584e-03, +4.2988e-02, +4.0713e-02, -1.5093e-02, +6.4646e-03, -1.2854e-02, +7.0021e-03, -3.6344e-02, +2.7533e-02, +4.6834e-02, +5.2350e-02, -1.7386e-02, +3.7118e-02, -4.3758e-02, -1.7484e-02, -7.6973e-04, +7.9031e-02, -1.0167e-02, +4.8243e-03, +1.0732e-02, -1.5477e-02, -1.0000e+00, -2.6379e-04, +4.0242e-02, +4.4918e-02, +4.3672e-02, +3.4772e-02, -3.8361e-03, +9.1453e-03, -1.4835e-04, -1.9796e-02, +3.5092e-02, +3.1825e-03, -3.4633e-02, +1.3855e-02, -1.3978e-02, -7.1864e-03, +6.2155e-03, -1.7588e-02, -2.9284e-02, -3.2773e-02, -3.9693e-02, -2.0361e-02, -3.1095e-03, -4.1880e-02, -8.9653e-03, +1.2919e-02, -1.0089e-02, -3.4652e-02
+6.8541e-02, -1.4227e-02, +1.3059e-03, +1.1637e-02, -6.3308e-02, -6.9940e-02, -1.4619e-02, +3.7865e-02, +8.4558e-02, +8.2010e-03, +1.2869e-01, +5.0940e-02, -1.2174e-02, +1.1200e-02, -3.4587e-02, -3.0991e-02, +8.1523e-02, +2.9006e-02, -1.7818e-02, +3.2460e-02, +7.0040e-03, -1.9337e-02, -2.6380e-04, -1.0000e+00, +5.0285e-02, +1.1932e-03, -7.8604e-02, +2.1803e-02, -2.0867e-02, -5.8031e-02, -4.5724e-02, +8.4315e-02, -3.3934e-02, +5.2694e-02, -2.5794e-02, +4.4265e-02, -3.2997e-02, +3.1425e-02, +7.6006e-03, +2.4018e-02, -9.7038e-02, -2.4394e-02, +1.1595e-02, -3.2424e-02, +7.9578e-03, -3.0540e-02, -6.3550e-02, +4.7354e-02, +1.3503e-02, -1.1076e-02
-7.3305e-02, +5.5240e-02, -1.4208e-01, -1.0695e-01, +3.9537e-02, +3.8169e-02, +4.8694e-02, +2.3887e-02, -1.3275e-01, +5.8251e-02, +4.5953e-02, -2.4408e-02, -4.4649e-02, +9.9969e-02, -2.1305e-02, +2.2770e-03, +8.2471e-03, +2.7841e-02, -8.1931e-04, -3.4949e-02, -1.0897e-01, +2.2214e-02, +4.0242e-02, +5.0285e-02, -1.0000e+00, -2.5629e-02, +3.4985e-02, +2.4182e-02, +7.6033e-02, +8.5078e-02, +4.6701e-02, -1.8676e-03, -2.4992e-02, -1.7387e-02, -1.7054e-02, +2.2519e-02, +4.6176e-03, -6.1449e-02, -1.6775e-02, +2.5112e-02, +6.1997e-02, +2.6053e-02, -2.5832e-02, -3.7519e-03, -3.8982e-02, -2.4833e-02, +3.1110e-02, -2.3208e-02, +6.3154e-02, +1.4216e-03
-1.6197e-01, +3.4479e-03, +3.9114e-02, -7.8247e-03, -5.2406e-02, +2.1392e-02, +5.6765e-02, +2.4263e-02, -2.1255e-03, +5.5070e-02, -5.4975e-02, +3.7231e-02, +2.6497e-02, -2.7397e-02, +2.2964e-02, -3.1564e-04, -3.2127e-03, -5.7918e-02, -6.2358e-03, +1.2245e-03, +5.1650e-03, -2.3711e-02, +4.4918e-02, +1.1932e-03, -2.5629e-02, -1.0000e+00, +3.0385e-03, -5.1637e-02, +2.2461e-02, -1.4742e-01, +2.7387e-02, -3.9861e-02, +3.3291e-02, +2.9787e-02, +2.0845e-02, -1.0539e-02, +4.8997e-02, -4.3709e-02, +6.4542e-03, +2.6679e-02, +7.8910e-02, +1.1859e-02, -2.4177e-02, +3.8618e-03, -2.1975e-02, -2.1285e-02, -1.2719e-02, -1.4505e-02, +4.7194e-02, -4.0075e-03
+1.9384e-02, +3.8326e-02, +6.9537e-02, -1.8666e-02, -1.0008e-01, -1.2872e-01, -6.5512e-03, +1.1330e-02, +2.1579e-02, -2.1316e-02, -3.6553e-02, +2.8867e-03, -2.6982e-02, +5.8179e-02, -9.0242e-03, +1.4875e-02, +6.6213e-02, -1.5952e-02, -2.8648e-02, +2.8646e-02, -4.5632e-02, -1.8989e-03, +4.3672e-02, -7.8604e-02, +3.4985e-02, +3.0385e-03, -1.0000e+00, +6.9085e-02, -7.5305e-02, +1.1028e-02, -1.2693e-01, +5.4024e-02, -4.1261e-02, -1.6036e-02, +2.3624e-03, +2.0760e-02, -3.2306e-02, +2.6480e-02, -2.0830e-02, +2.6037e-02, -5.3399e-02, +2.3355e-02, -1.1876e-01, -2.7962e-02, +2.2090e-02, +2.4970e-02, +1.2721e-02, +9.1622e-02, +3.7055e-02, -6.3899e-02
-7.1656e-03, -5.1514e-02, -4.2451e-02, -4.4918e-03, +1.8882e-02, +5.2366e-02, +5.7312e-02, -1.4678e-02, -2.6661e-02, -1.3179e-02, -1.8600e-02, -6.5424e-02, -1.2750e-01, -6.2392e-02, +5.2364e-03, -5.6319e-02, -3.5061e-02, -3.3251e-02, +3.7215e-03, +2.6669e-02, -2.0596e-02, -2.5482e-02, +3.4772e-02, +2.1803e-02, +2.4182e-02, -5.1637e-02, +6.9085e-02, -1.0000e+00, -8.0488e-02, -4.9439e-02, +4.9238e-02, -2.4488e-02, +3.3762e-02, +1.6242e-02, -1.2877e-02, +9.1978e-03, +6.5213e-02, -6.3403e-02, -2.9318e-03, +4.4203e-02, -4.8524e-02, -4.4486e-02, +8.3832e-03, +2.5621e-03, -1.0107e-01, +7.2312e-03, -3.0245e-03, -2.9832e-02, +1.0067e-02, +1.6609e-02
+8.9298e-02, -3.8998e-03, +1.7911e-02, +9.2325e-03, +1.1424e-02, -5.6126e-02, +4.4529e-02, +1.3173e-02, -3.1767e-02, +5.9328e-03, -6.2702e-02, -1.7927e-04, +1.0358e-02, +1.0610e-02, -7.8990e-03, +2.1553e-02, +3.6061e-02, +1.2685e-02, +2.8630e-02, -1.5562e-02, +1.9696e-02, +2.9759e-02, -3.8361e-03, -2.0867e-02, +7.6033e-02, +2.2461e-02, -7.5305e-02, -8.0488e-02, -1.0000e+00, -8.3115e-02, +5.5208e-03, -2.2940e-02, +3.2257e-02, +4.4134e-03, -4.1568e-03, +6.6642e-03, +2.4477e-02, -7.9504e-04, -4.7296e-03, +8.7087e-03, +2.9975e-02, +1.4476e-02, -8.0959e-02, +5.7180e-03, -4.7465e-02, +9.0075e-02, -1.4578e-02, -1.9051e-02, -5.5817e-02, -6.5393e-02
+1.2672e-02, +1.6776e-02, -1.6991e-02, -1.2301e-02, -3.1415e-02, -8.3306e-03, -2.7636e-02, +3.0480e-03, +5.9773e-02, -5.2853e-02, +5.3715e-04, +5.3958e-02, +8.6289e-02, +2.3474e-02, +4.7607e-02, -2.1262e-02, -4.6768e-03, -4.0915e-02, -3.9434e-02, +4.0362e-02, +1.1757e-02, -1.8049e-02, +9.1452e-03, -5.8031e-02, +8.5078e-02, -1.4742e-01, +1.1028e-02, -4.9439e-02, -8.3115e-02, -1.0000e+00, +1.4436e-02, -1.4129e-02, +6.5644e-02, -1.6603e-02, -2.0220e-02, -8.9316e-03, +2.8705e-02, +2.1495e-02, -6.5216e-02, -1.2049e-02, +4.0743e-02, -2.5713e-02, +1.3249e-02, +5.4081e-03, -9.1232e-05, +1.4899e-02, -6.5877e-02, -6.8329e-02, -1.7474e-02, +2.5806e-02
+1.5468e-02, +1.0133e-01, +9.5626e-02, -2.7679e-02, -7.0642e-04, -8.0289e-02, +3.1502e-02, +1.3212e-01, +6.1263e-02, +1.4645e-02, -1.0305e-01, +1.2696e-02, +4.6209e-02, -2.6663e-02, -5.2049e-02, +3.5340e-02, +3.1891e-02, +2.8238e-02, -5.1089e-02, +1.4247e-02, +7.0154e-02, +7.0852e-02, -1.4836e-04, -4.5724e-02, +4.6701e-02, +2.7387e-02, -1.2693e-01, +4.9238e-02, +5.5208e-03, +1.4436e-02, -1.0000e+00, +1.8510e-03, -7.7801e-03, -6.5791e-02, +5.9941e-02, +6.1179e-02, -1.3525e-01, +1.5277e-02, -2.4951e-02, +1.6219e-02, -1.0964e-01, +2.5742e-02, -3.0762e-02, -3.8502e-02, +9.0237e-02, -3.0928e-02, -4.2572e-02, +8.9594e-02, -2.5616e-02, -7.0896e-02
-2.8332e-02, +1.7746e-02, -2.5932e-02, -8.2303e-03, +4.2726e-02, +1.1153e-02, -2.6861e-02, -3.3974e-02, +1.7083e-02, -3.7711e-02, -2.3485e-02, +9.5947e-03, -9.2351e-03, -4.2554e-02, -9.6853e-03, +3.7453e-02, +3.0460e-03, -6.3476e-02, -5.5471e-02, -2.7163e-02, -1.4020e-02, +2.5358e-02, -1.9796e-02, +8.4315e-02, -1.8676e-03, -3.9861e-02, +5.4024e-02, -2.4488e-02, -2.2940e-02, -1.4129e-02, +1.8510e-03, -1.0000e+00, +1.1783e-02, -2.7031e-02, +1.7117e-02, -3.2061e-02, -5.4872e-03, -4.6040e-03, -1.5160e-02, -1.5308e-02, +5.4162e-03, -3.2276e-02, -3.0955e-02, -2.4736e-02, +1.9356e-02, -3.8790e-02, -7.3217e-02, +2.4888e-02, +1.0287e-02, -3.8126e-03
+1.0252e-02, +2.0606e-02, -1.1993e-02, +3.5321e-02, -3.1701e-02, +2.6292e-02, -3.8381e-03, -1.6066e-02, +6.5466e-02, -7.0194e-02, -1.2097e-02, +3.0361e-02, -6.5697e-02, +3.3407e-02, -6.6680e-02, +6.3911e-02, +3.7576e-02, +2.7414e-02, +1.9873e-02, +6.5043e-02, -1.0946e-01, -1.1932e-03, +3.5092e-02, -3.3934e-02, -2.4992e-02, +3.3291e-02, -4.1261e-02, +3.3762e-02, +3.2257e-02, +6.5644e-02, -7.7801e-03, +1.1783e-02, -1.0000e+00, -1.7927e-02, +6.3768e-02, +3.0291e-02, +3.7095e-02, -6.7171e-03, +2.3033e-02, +5.3920e-02, -3.1428e-02, +1.7680e-02, +1.0173e-01, -3.6250e-02, -1.8812e-02, +9.9784e-03, +2.8557e-02, +2.6237e-01, -5.2581e-03, +8.6663e-03
+1.6195e-02, -1.0313e-02, +3.7643e-02, +1.9778e-02, +6.3083e-04, -2.8706e-02, -4.1544e-02, +2.4265e-02, +1.0025e-02, +1.1542e-01, -4.6882e-02, +2.6056e-02, +7.4504e-02, +3.6272e-02, -2.5055e-02, +1.3615e-01, -2.9431e-02, -5.0040e-02, -2.4300e-02, +3.7866e-02, +8.0346e-02, +7.1760e-02, +3.1825e-03, +5.2694e-02, -1.7387e-02, +2.9787e-02, -1.6036e-02, +1.6242e-02, +4.4134e-03, -1.6603e-02, -6.5791e-02, -2.7031e-02, -1.7927e-02, -1.0000e+00, +5.7935e-02, +1.8442e-02, -3.0864e-02, -1.9678e-02, +4.3232e-02, -1.3786e-02, -1.7578e-02, -7.9366e-02, -4.0602e-02, -2.4884e-02, +4.9641e-02, +1.8748e-03, +1.8092e-02, +6.4509e-02, -1.3190e-01, -4.5748e-02
-6.9202e-03, +1.8522e-02, +2.1987e-02, -4.2326e-02, -2.7528e-02, -1.7457e-02, +1.6717e-02, -3.5080e-02, -3.2326e-02, -5.3831e-02, +3.7737e-02, +3.0926e-02, -2.0600e-02, +3.4960e-02, +6.2744e-02, -8.7715e-03, +1.2599e-02, -5.1856e-03, -1.6849e-03, -7.0088e-03, +6.5092e-02, -8.7722e-03, -3.4633e-02, -2.5794e-02, -1.7054e-02, +2.0845e-02, +2.3624e-03, -1.2877e-02, -4.1568e-03, -2.0220e-02, +5.9941e-02, +1.7117e-02, +6.3768e-02, +5.7935e-02, -1.0000e+00, -4.8540e-02, +1.4279e-02, -2.0752e-02, -5.7964e-02, -9.5059e-03, +1.0202e-02, -3.6578e-02, +2.0868e-02, +4.5385e-02, +1.9252e-02, -4.2819e-03, -4.9971e-02, -1.3357e-01, +3.0612e-02, +3.1748e-02
-3.5671e-02, +4.4246e-03, -3.8741e-03, -9.5977e-03, +6.0530e-03, +1.6952e-02, +5.7526e-03, -1.5458e-02, -1.8374e-02, -5.0693e-03, +5.1986e-02, -1.3471e-03, +2.5275e-02, +7.0913e-03, +1.0926e-02, -5.4290e-03, -5.1965e-03, +2.8304e-02, +2.5604e-03, +4.0389e-02, +1.5761e-01, +4.3358e-02, +1.3855e-02, +4.4265e-02, +2.2519e-02, -1.0539e-02, +2.0760e-02, +9.1978e-03, +6.6642e-03, -8.9316e-03, +6.1179e-02, -3.2061e-02, +3.0291e-02, +1.8442e-02, -4.8540e-02, -1.0000e+00, +7.1050e-04, +5.1892e-02, -2.1402e-02, -1.5276e-02, +5.6939e-02, -8.3235e-02, +5.3503e-02, -7.3398e-03, +1.4356e-02, -5.3049e-02, -1.3472e-04, -1.9087e-01, +5.9702e-02, +1.2595e-03
-4.1076e-02, +4.1229e-02, -3.4198e-02, -2.0004e-02, +6.2578e-02, -2.2043e-02, +1.6010e-02, +7.5236e-02, +2.0391e-02, -3.4152e-02, -2.1440e-02, +5.8460e-04, +2.5456e-02, +3.2903e-02, +4.3475e-02, +1.7267e-02, +3.7203e-02, +6.7533e-02, -5.4847e-03, +3.3970e-02, +1.4988e-01, +7.9259e-02, -1.3978e-02, -3.2997e-02, +4.6176e-03, +4.8997e-02, -3.2306e-02, +6.5213e-02, +2.4477e-02, +2.8705e-02, -1.3525e-01, -5.4872e-03, +3.7095e-02, -3.0864e-02, +1.4279e-02, +7.1050e-04, -1.0000e+00, +7.9646e-02, +2.9572e-03, -4.0117e-02, -5.1412e-02, +3.4029e-02, -4.4727e-02, +4.6582e-02, +1.1881e-01, +3.8334e-02, -1.3547e-02, +4.9181e-02, -3.2187e-02, +1.4644e-02
+1.7646e-02, +4.0748e-03, +2.5350e-02, -5.2620e-02, +1.2669e-02, +1.6431e-02, +4.1697e-02, -7.9994e-02, +8.7005e-04, -2.5693e-02, +2.1288e-02, -6.0573e-02, +9.3359e-03, -2.4543e-02, -1.7020e-02, +2.5238e-02, -2.3243e-04, +1.6227e-02, +2.0915e-02, +1.2154e-03, -4.6617e-02, +3.0403e-03, -7.1864e-03, +3.1425e-02, -6.1449e-02, -4.3709e-02, +2.6480e-02, -6.3403e-02, -7.9505e-04, +2.1495e-02, +1.5277e-02, -4.6040e-03, -6.7171e-03, -1.9678e-02, -2.0752e-02, +5.1892e-02, +7.9646e-02, -1.0000e+00, +3.3824e-02, +1.8170e-02, +7.6267e-02, +9.1015e-03, -4.0170e-02, +3.8292e-02, -5.9440e-03, +3.6255e-02, -2.8902e-02, +6.8118e-03, +2.7955e-02, +8.7320e-03
+5.3475e-03, +8.0096e-02, +7.0391e-02, -1.2017e-02, +6.1702e-03, -7.1296e-02, +4.4372e-02, +9.2115e-03, -1.3376e-02, +4.5959e-03, -3.2811e-02, +1.5521e-02, +3.0736e-02, +5.6740e-02, +1.5354e-02, +6.7385e-02, +2.0524e-02, -5.0069e-02, -6.4793e-02, +4.0710e-02, +1.0808e-02, +1.2345e-02, +6.2155e-03, +7.6006e-03, -1.6775e-02, +6.4542e-03, -2.0830e-02, -2.9318e-03, -4.7296e-03, -6.5216e-02, -2.4951e-02, -1.5160e-02, +2.3033e-02, +4.3232e-02, -5.7964e-02, -2.1402e-02, +2.9572e-03, +3.3824e-02, -1.0000e+00, -8.5626e-03, +7.5285e-03, +3.4807e-02, +4.7377e-02, +2.6579e-03, +3.1002e-02, -7.5296e-02, -3.7770e-02, -8.0145e-02, +3.5648e-02, +5.8054e-04
+5.4614e-03, -1.3023e-02, +5.0486e-03, +3.7000e-02, -2.1936e-03, -9.9497e-03, -1.9817e-03, +6.3485e-03, -2.3607e-02, -2.7973e-02, +1.2467e-02, +6.6288e-02, +1.6881e-02, -1.8377e-02, +2.4327e-03, -7.2755e-02, -1.6726e-02, -4.2392e-02, -2.4048e-02, +2.3752e-02, -2.6617e-03, -3.7888e-02, -1.7588e-02, +2.4018e-02, +2.5112e-02, +2.6679e-02, +2.6037e-02, +4.4203e-02, +8.7087e-03, -1.2049e-02, +1.6219e-02, -1.5308e-02, +5.3920e-02, -1.3786e-02, -9.5059e-03, -1.5276e-02, -4.0117e-02, +1.8170e-02, -8.5626e-03, -1.0000e+00, +1.4775e-03, +1.9177e-03, +3.1380e-02, -3.2935e-02, -6.1115e-02, -2.3263e-02, -1.7736e-02, -4.2121e-02, +2.3498e-02, +1.4943e-02
+1.0758e-01, -4.3985e-02, -1.4469e-02, +5.8370e-02, -5.4697e-02, -1.6808e-02, -4.2535e-02, +5.1797e-02, +2.7990e-02, -2.0029e-02, -1.0620e-02, +4.2969e-04, -3.1441e-02, +1.0452e-02, -1.5552e-02, -3.9904e-02, +3.1771e-02, -5.8089e-03, -4.9694e-02, +3.4203e-03, +1.0479e-02, +3.0008e-03, -2.9284e-02, -9.7038e-02, +6.1997e-02, +7.8910e-02, -5.3399e-02, -4.8524e-02, +2.9975e-02, +4.0743e-02, -1.0964e-01, +5.4162e-03, -3.1428e-02, -1.7578e-02, +1.0202e-02, +5.6939e-02, -5.1412e-02, +7.6267e-02, +7.5285e-03, +1.4775e-03, -1.0000e+00, -5.2182e-02, -3.5491e-03, -1.1730e-02, -1.2458e-02, -4.5921e-02, -4.9229e-03, -2.6242e-03, +1.3502e-02, +1.2487e-02
+1.1002e-02, -3.5694e-02, -1.1750e-02, +3.3737e-02, -1.4147e-02, +3.4714e-02, -8.5134e-04, +3.5182e-02, -9.4171e-03, +6.3267e-02, +2.4240e-02, -3.1539e-05, +4.4163e-02, -1.8590e-02, +5.5609e-02, +2.7385e-02, -3.9068e-02, +2.2848e-02, +2.9770e-02, -1.4877e-02, +1.3838e-01, +1.7072e-02, -3.2773e-02, -2.4394e-02, +2.6053e-02, +1.1859e-02, +2.3355e-02, -4.4486e-02, +1.4476e-02, -2.5713e-02, +2.5742e-02, -3.2276e-02, +1.7680e-02, -7.9366e-02, -3.6578e-02, -8.3235e-02, +3.4029e-02, +9.1015e-03, +3.4807e-02, +1.9177e-03, -5.2182e-02, -1.0000e+00, -1.0469e-02, +3.5563e-02, +7.9873e-03, +5.9407e-03, +4.1996e-02, -1.6077e-01, +5.5459e-02, -1.4577e-02
+2.2118e-02, -1.9287e-02, -2.5139e-03, +1.3865e-03, -1.6176e-02, -3.6982e-02, +4.8656e-02, +2.3262e-02, -3.0178e-02, -2.6805e-03, -8.2688e-02, +3.1568e-02, +4.7595e-03, -1.3059e-02, -3.6291e-02, +3.9804e-02, -4.4370e-02, +3.4058e-03, +4.0694e-03, +4.3274e-02, -5.5269e-02, -3.5613e-02, -3.9693e-02, +1.1595e-02, -2.5832e-02, -2.4177e-02, -1.1876e-01, +8.3832e-03, -8.0959e-02, +1.3249e-02, -3.0762e-02, -3.0955e-02, +1.0173e-01, -4.0602e-02, +2.0868e-02, +5.3503e-02, -4.4727e-02, -4.0170e-02, +4.7377e-02, +3.1380e-02, -3.5491e-03, -1.0469e-02, -1.0000e+00, -3.4151e-03, -1.7462e-02, -2.4152e-02, +5.7169e-02, +1.9723e-01, -7.3151e-02, +1.8048e-01
+2.2203e-02, -2.5700e-02, +2.5341e-02, -1.4180e-03, -3.4281e-03, -2.2076e-02, +3.4779e-02, -1.1849e-03, -1.6696e-02, +1.3644e-02, -5.9243e-02, -4.0375e-03, -5.3130e-02, -3.7982e-02, -4.1253e-03, -2.4495e-02, -5.5257e-03, -1.8384e-02, -2.3179e-02, +2.3518e-02, -7.2137e-02, +5.6539e-03, -2.0361e-02, -3.2424e-02, -3.7519e-03, +3.8618e-03, -2.7962e-02, +2.5621e-03, +5.7180e-03, +5.4081e-03, -3.8502e-02, -2.4736e-02, -3.6250e-02, -2.4884e-02, +4.5385e-02, -7.3398e-03, +4.6582e-02, +3.8292e-02, +2.6579e-03, -3.2935e-02, -1.1730e-02, +3.5563e-02, -3.4151e-03, -1.0000e+00, +6.6903e-04, -4.4762e-02, -1.5924e-02, +3.4474e-02, +8.5959e-03, -3.5950e-02
-2.9921e-02, -8.5501e-02, -2.3777e-02, -6.9679e-02, +8.6401e-02, +3.7820e-02, -4.5562e-02, -6.5515e-02, -1.5688e-02, +3.2313e-02, -1.2993e-02, -5.6717e-02, -1.0583e-01, -4.8608e-02, +2.9364e-03, -3.3277e-02, -2.0704e-03, -5.4105e-02, -1.1432e-02, -7.6012e-02, -2.2650e-01, -4.9592e-02, -3.1095e-03, +7.9578e-03, -3.8982e-02, -2.1975e-02, +2.2090e-02, -1.0107e-01, -4.7465e-02, -9.1233e-05, +9.0237e-02, +1.9356e-02, -1.8812e-02, +4.9641e-02, +1.9252e-02, +1.4356e-02, +1.1881e-01, -5.9440e-03, +3.1002e-02, -6.1115e-02, -1.2458e-02, +7.9873e-03, -1.7462e-02, +6.6903e-04, -1.0000e+00, -9.4053e-04, -1.5922e-02, +5.1811e-02, -2.4465e-02, +1.0043e-01
+1.2061e-02, -1.9761e-02, -1.4912e-02, -3.7577e-03, -2.0149e-02, +4.1854e-02, -6.6030e-02, +1.1025e-01, +1.6075e-04, +1.6264e-02, +7.0232e-02, +8.0031e-03, +3.5330e-02, -8.6606e-03, -1.0224e-02, +1.4298e-02, +1.2800e-02, +1.0392e-01, -2.9734e-02, +2.3062e-02, -5.6735e-02, -9.4923e-03, -4.1880e-02, -3.0540e-02, -2.4833e-02, -2.1285e-02, +2.4970e-02, +7.2312e-03, +9.0075e-02, +1.4899e-02, -3.0928e-02, -3.8790e-02, +9.9784e-03, +1.8748e-03, -4.2819e-03, -5.3049e-02, +3.8334e-02, +3.6255e-02, -7.5296e-02, -2.3263e-02, -4.5921e-02, +5.9407e-03, -2.4152e-02, -4.4762e-02, -9.4052e-04, -1.0000e+00, -1.3623e-02, +4.8076e-02, -2.0645e-02, -5.1334e-02
-1.0146e-02, +1.8982e-03, -4.8479e-02, -9.2875e-02, +4.7135e-02, +6.7877e-03, -6.4658e-02, +1.9471e-02, +3.9045e-02, -2.7241e-03, -2.1666e-02, -4.4408e-02, +3.2231e-02, +4.9419e-02, -6.3134e-03, -1.0715e-03, +1.9527e-03, -9.5603e-03, -5.0506e-02, -9.8382e-03, +9.3810e-02, +2.4823e-03, -8.9653e-03, -6.3550e-02, +3.1110e-02, -1.2719e-02, +1.2721e-02, -3.0245e-03, -1.4578e-02, -6.5877e-02, -4.2572e-02, -7.3217e-02, +2.8557e-02, +1.8092e-02, -4.9971e-02, -1.3473e-04, -1.3547e-02, -2.8902e-02, -3.7770e-02, -1.7736e-02, -4.9229e-03, +4.1996e-02, +5.7169e-02, -1.5924e-02, -1.5922e-02, -1.3623e-02, -1.0000e+00, -1.2292e-01, -2.6805e-02, -2.1574e-02
-4.7296e-02, -4.2620e-02, -2.7737e-02, -7.5414e-02, +3.2523e-02, -2.1887e-02, -4.4056e-02, -1.5057e-01, +9.0190e-03, +5.5927e-02, +7.9724e-02, -1.0848e-01, +5.0511e-02, +2.3461e-02, +6.1687e-02, +8.6211e-02, +4.2210e-02, -1.2169e-01, -8.1109e-02, -5.8740e-03, +2.9414e-01, -1.6475e-02, +1.2919e-02, +4.7354e-02, -2.3208e-02, -1.4505e-02, +9.1622e-02, -2.9832e-02, -1.9051e-02, -6.8329e-02, +8.9594e-02, +2.4888e-02, +2.6237e-01, +6.4509e-02, -1.3357e-01, -1.9087e-01, +4.9181e-02, +6.8118e-03, -8.0145e-02, -4.2121e-02, -2.6242e-03, -1.6077e-01, +1.9723e-01, +3.4474e-02, +5.1811e-02, +4.8076e-02, -1.2292e-01, -1.0000e+00, +6.4687e-02, +1.1978e-01
-1.2862e-02, -2.8757e-02, +2.8354e-03, -8.4986e-03, -5.8881e-02, +1.2992e-02, -5.5829e-02, -8.7809e-03, +1.1827e-02, +3.1932e-02, -5.4259e-03, -1.9492e-02, +3.6112e-02, -9.6841e-03, -8.7227e-03, -7.8451e-02, -1.3386e-02, -3.4716e-02, +1.0015e-03, +5.3525e-02, -2.6602e-02, +3.3635e-02, -1.0089e-02, +1.3503e-02, +6.3154e-02, +4.7194e-02, +3.7055e-02, +1.0067e-02, -5.5817e-02, -1.7474e-02, -2.5616e-02, +1.0287e-02, -5.2581e-03, -1.3190e-01, +3.0612e-02, +5.9702e-02, -3.2187e-02, +2.7955e-02, +3.5648e-02, +2.3498e-02, +1.3502e-02, +5.5459e-02, -7.3151e-02, +8.5959e-03, -2.4465e-02, -2.0645e-02, -2.6805e-02, +6.4687e-02, -1.0000e+00, +3.6181e-02
+7.4932e-02, +5.4953e-02, +7.0237e-02, +5.8170e-02, +1.2706e-02, -7.8055e-02, -5.8919e-03, +6.4858e-02, +6.0452e-02, +8.9186e-03, +5.9163e-04, +5.1479e-03, +4.0317e-02, +5.5975e-02, +1.8246e-02, +3.3985e-02, +1.9948e-03, +8.9178e-02, -4.7232e-02, +1.6959e-01, -3.1713e-03, +5.3135e-02, -3.4652e-02, -1.1076e-02, +1.4216e-03, -4.0075e-03, -6.3899e-02, +1.6609e-02, -6.5393e-02, +2.5806e-02, -7.0896e-02, -3.8126e-03, +8.6663e-03, -4.5748e-02, +3.1748e-02, +1.2595e-03, +1.4644e-02, +8.7320e-03, +5.8054e-04, +1.4943e-02, +1.2487e-02, -1.4577e-02, +1.8048e-01, -3.5950e-02, +1.0043e-01, -5.1334e-02, -2.1574e-02, +1.1978e-01, +3.6181e-02, -1.0000e+00
