-1.0000e+00, +1.8841e-02, +1.3510e-02, +1.0248e-03, +3.4176e-02, -8.4940e-02, -1.0805e-01, +2.0563e-02, -2.2006e-02, -4.6892e-03, +5.2363e-02, -1.1738e-02, -6.4175e-02, -2.2907e-02, -5.5216e-02, -9.2069e-03, +1.9341e-03, -8.8437e-02, +3.3312e-02, +1.0845e-01, +3.6220e-02, -3.3975e-02, -8.0199e-02, -1.6122e-02, -6.5891e-03, -1.6243e-01, -7.1382e-02, -1.1266e-01, -1.1199e-01, -4.7996e-02, -1.6470e-02, -4.7745e-02, +7.7462e-04, +1.0823e-02, +1.8661e-02, +5.0674e-02, -7.0052e-03, +1.2267e-02, -2.8420e-03, +2.5067e-02, -4.9518e-02, -3.8029e-02, -1.3295e-02, +4.2527e-02, -2.4074e-02, -5.7118e-02, -2.9411e-02, +3.8348e-02, +1.6731e-02, -3.8545e-02
+1.8841e-02, -1.0000e+00, +9.2308e-02, -1.1393e-01, +2.9016e-02, -4.7236e-03, +2.6464e-02, +1.1430e-01, -1.6229e-03, +2.7674e-02, -6.2886e-02, +1.6813e-02, -2.2114e-02, +1.3907e-01, -3.2731e-02, -1.5540e-02, +5.0199e-02, +4.6809e-02, -4.6062e-02, +6.9514e-03, +1.1096e-01, +7.2743e-02, +1.6680e-01, +4.4313e-02, +3.8701e-02, +2.9184e-05, +9.1440e-03, -2.1910e-02, +2.1701e-02, -1.5151e-02, -2.6138e-02, +1.8276e-01, -2.4596e-02, +4.9956e-02, -2.7972e-02, -5.7724e-02, -9.3982e-02, +4.7561e-02, -1.3965e-02, -5.3234e-02, -1.3081e-02, +3.8958e-02, +9.5466e-02, +1.4625e-01, +3.3062e-02, -8.0802e-02, +1.2548e-01, -7.5959e-02, +3.6408e-02, -7.2646e-03
+1.3510e-02, +9.2308e-02, -1.0000e+00, +1.0679e-01, -2.2252e-01, -1.7953e-01, +2.2240e-02, +7.4105e-02, -4.5759e-02, +6.8827e-02, -1.6653e-01, -1.5050e-01, +3.0452e-03, +5.6739e-02, -1.7466e-02, -5.2549e-03, +1.7989e-02, -1.2653e-01, +8.0695e-02, -6.5657e-02, +1.5134e-02, +7.9082e-02, +6.2980e-02, -1.1018e-01, -9.6808e-02, +7.4379e-02, -1.8760e-01, -2.2844e-01, -2.8776e-02, -1.0736e-01, +1.4358e-01, +1.0356e-01, +1.6822e-02, +6.9522e-02, -2.0619e-02, +9.7015e-02, +1.0410e-03, +7.1634e-02, -1.0895e-01, +3.4576e-02, -4.3031e-02, +2.2860e-02, -8.2163e-03, -1.8420e-01, +3.3570e-02, -1.0479e-01, -1.3688e-03, +2.7062e-01, +1.0589e-01, -3.8439e-02
+1.0248e-03, -1.1393e-01, +1.0679e-01, -1.0000e+00, -7.2370e-02, +2.4186e-02, +1.5741e-02, -3.2331e-02, +9.6645e-02, +6.6538e-02, -1.2602e-01, +2.7677e-02, +2.6683e-02, +1.5948e-01, -2.7425e-02, +5.2779e-02, +7.2046e-02, +4.8359e-02, -5.8146e-02, +3.8070e-02, +1.9095e-01, +1.1179e-01, +1.1918e-01, -1.4342e-01, -7.7439e-02, -1.2111e-01, +3.6818e-02, -8.9167e-02, -7.6276e-02, -1.0006e-01, -9.3439e-02, -9.3246e-03, -4.5842e-02, +6.8980e-02, -9.9438e-02, +1.7286e-01, -1.8430e-01, +2.7114e-02, -5.7512e-02, -1.3090e-01, -8.3176e-02, -9.1441e-03, -7.0540e-02, +1.2282e-01, -5.9032e-02, -1.8687e-02, -3.1967e-02, +2.1952e-01, -2.8858e-02, -6.2730e-02
+3.4176e-02, +2.9016e-02, -2.2252e-01, -7.2370e-02, -1.0000e+00, -8.5093e-02, +1.2144e-02, +4.1369e-02, +5.9929e-02, +1.0189e-01, -7.9786e-02, -1.0932e-01, +3.0670e-02, -5.3238e-03, -4.3840e-02, +5.8199e-03, +3.3602e-02, -4.2995e-02, -4.5093e-02, +1.8087e-03, +8.5325e-02, +9.7066e-02, +1.2204e-01, -1.3544e-01, -4.9486e-02, -3.5785e-02, -5.4949e-02, -1.9537e-01, -8.1467e-02, -1.4905e-01, +5.1937e-02, -6.9116e-02, -6.9073e-04, +7.3574e-02, -7.6644e-02, +4.3318e-02, -1.0823e-01, +9.3944e-02, -6.4444e-02, -1.2008e-01, +7.3083e-02, +6.0368e-03, +5.1771e-02, +1.9050e-02, -1.4372e-02, -5.4281e-02, -5.8814e-02, +2.3180e-01, -3.1059e-02, -1.8398e-03
-8.4940e-02, -4.7236e-03, -1.7953e-01, +2.4186e-02, -8.5093e-02, -1.0000e+00, +9.2501e-02, -3.3521e-02, +5.5539e-02, +7.9669e-02, -2.0957e-01, -4.9243e-02, -9.6969e-04, -1.4340e-01, -8.4391e-02, -2.5851e-02, -2.0843e-03, -1.1366e-01, -1.2277e-01, -1.7183e-01, -9.1927e-02, +5.5718e-02, +6.2056e-02, +3.0563e-03, -7.7647e-02, -5.5798e-02, -1.6982e-01, -2.2732e-01, -2.5202e-03, -3.8969e-02, -1.0486e-01, +3.6522e-03, -2.6363e-02, -1.2575e-01, -2.0153e-02, -4.1003e-02, +1.0236e-01, -2.6237e-02, -2.9096e-02, +3.4289e-01, -9.1282e-02, -6.7948e-02, +3.5880e-02, -2.1059e-02, -7.9896e-02, -4.3342e-02, -9.4189e-02, +2.2739e-01, +9.8321e-03, +7.9301e-02
-1.0805e-01, +2.6464e-02, +2.2240e-02, +1.5741e-02, +1.2144e-02, +9.2501e-02, -1.0000e+00, -1.9198e-01, -1.3713e-02, +4.5746e-02, +4.2083e-02, -1.7810e-02, -2.0223e-01, +8.3683e-03, +9.0580e-02, -3.7935e-02, +1.2932e-01, -6.0918e-02, +1.0790e-01, +9.9372e-02, -2.0516e-01, +4.4551e-02, +1.7900e-01, +2.2261e-02, +7.7595e-02, -1.2238e-01, -1.1768e-01, -4.0720e-02, -6.1894e-02, -6.1877e-03, -2.0132e-02, -5.3217e-02, +9.9816e-03, -5.5527e-02, +1.9604e-02, +4.3702e-02, -1.2154e-02, -6.4423e-02, +5.0681e-02, +6.8320e-02, +2.4493e-02, -9.8253e-02, -7.1021e-03, +3.7533e-02, +5.7224e-02, +3.3771e-02, -1.6362e-02, -2.8326e-01, -3.9257e-02, -1.1432e-01
+2.0563e-02, +1.1430e-01, +7.4105e-02, -3.2331e-02, +4.1369e-02, -3.3521e-02, -1.9198e-01, -1.0000e+00, +6.6051e-02, +4.2773e-02, -1.2556e-01, +5.0367e-02, -5.9695e-02, -1.5829e-01, +6.0340e-03, +2.1679e-02, +6.5455e-02, -7.2218e-02, -1.2329e-01, -1.0511e-02, +2.1974e-02, -2.2310e-01, +1.5775e-01, +2.2762e-02, +9.2449e-02, -1.3635e-01, -1.6054e-03, -1.5319e-01, -6.2853e-02, +1.3630e-01, -1.2930e-01, +3.1076e-02, +1.9831e-02, -1.1440e-01, -1.1089e-02, -1.1161e-01, -8.4492e-02, +3.9386e-02, -9.0563e-03, +6.7258e-02, -1.0761e-02, +4.6271e-03, +2.8916e-02, +3.8889e-02, -2.1651e-02, +2.1485e-01, -1.6769e-01, -6.9342e-03, +3.2838e-02, -1.5929e-02
-2.2006e-02, -1.6229e-03, -4.5759e-02, +9.6645e-02, +5.9929e-02, +5.5539e-02, -1.3713e-02, +6.6051e-02, -1.0000e+00, +2.3846e-02, +1.0049e-01, -1.4109e-02, -5.1279e-02, +2.3606e-02, -2.9580e-03, +4.5217e-03, -3.9191e-03, +6.2036e-02, +2.2856e-02, -7.7673e-02, -1.3509e-01, +4.5634e-02, -4.7333e-02, -1.6015e-02, +4.5813e-02, +6.4985e-02, -1.8660e-02, +5.3759e-02, +2.8699e-02, +2.4075e-02, +2.2934e-02, -3.1012e-02, -1.5893e-02, -1.1772e-02, -8.9771e-03, +4.6968e-02, +6.3662e-02, -3.4813e-02, +3.0244e-03, +3.5202e-02, +3.1479e-02, +2.6341e-02, -3.9947e-02, -7.9947e-02, +2.5841e-02, -5.2695e-02, +3.0394e-02, -1.9140e-02, +1.2514e-03, -4.9290e-02
-4.6892e-03, +2.7674e-02, +6.8827e-02, +6.6538e-02, +1.0189e-01, +7.9669e-02, +4.5746e-02, +4.2773e-02, +2.3846e-02, -1.0000e+00, -4.9449e-02, +2.3963e-02, +2.8891e-02, -1.4267e-02, +6.2134e-02, -2.3045e-02, +8.3290e-02, +6.5284e-02, -5.8561e-03, -1.8700e-02, +7.9718e-03, +3.6781e-02, +1.2723e-01, -1.4096e-01, +1.9842e-02, +7.0084e-02, +3.9285e-02, +2.6886e-02, +3.5523e-02, +1.8039e-03, -5.4766e-02, -3.5082e-02, +1.0469e-02, -3.1015e-02, +2.1101e-02, -8.5668e-03, +6.6461e-02, -2.4178e-02, +3.7420e-02, +7.0677e-02, +4.4097e-02, +2.0727e-02, +5.5185e-03, -4.3770e-02, +4.1103e-02, +3.3968e-02, +1.2721e-01, -4.0617e-02, -1.5205e-02, -2.3336e-02
+5.2363e-02, -6.2886e-02, -1.6653e-01, -1.2602e-01, -7.9786e-02, -2.0957e-01, +4.2083e-02, -1.2556e-01, +1.0049e-01, -4.9449e-02, -1.0000e+00, -1.0012e-01, +1.3103e-02, -5.4522e-02, -1.2211e-01, +5.3971e-02, -2.9202e-02, -1.7964e-01, -1.2389e-01, -1.1648e-01, -1.2661e-01, +7.0059e-02, +2.0560e-01, +4.5979e-02, -7.9135e-02, -1.0459e-01, -1.8866e-01, -2.5773e-01, -1.0146e-01, -4.1347e-02, -9.4508e-02, -2.0471e-02, -4.4848e-02, +1.7460e-01, -4.2465e-02, -7.3902e-03, +1.1097e-02, -8.7604e-02, -8.9759e-02, +2.6523e-01, -1.6638e-01, +3.7055e-02, +8.9599e-02, +1.6378e-01, -1.0243e-01, -6.4742e-03, -9.5717e-02, +2.2757e-01, -5.1618e-02, +5.7288e-02
-1.1738e-02, +1.6813e-02, -1.5050e-01, +2.7677e-02, -1.0932e-01, -4.9243e-02, -1.7810e-02, +5.0367e-02, -1.4109e-02, +2.3963e-02, -1.0012e-01, -1.0000e+00, +5.2466e-03, -1.0361e-01, +7.3731e-03, +2.3348e-02, +8.5198e-02, -4.4719e-02, -7.0354e-02, +5.0463e-02, -8.0884e-03, +3.3484e-02, +7.2046e-02, -1.9636e-02, -7.2552e-02, +7.6898e-03, -6.6041e-02, -1.1345e-01, +3.0107e-02, -2.2236e-02, +6.0546e-02, -1.3758e-02, -1.4296e-02, +3.1614e-02, -1.4484e-02, +3.9906e-02, +2.3738e-02, -2.6211e-02, -1.4565e-01, -2.3076e-02, +1.4907e-01, +1.9395e-02, +3.1067e-03, +1.5781e-02, -3.0641e-02, -7.2357e-02, -9.4112e-02, +1.0553e-01, -1.7841e-02, -1.0786e-02
-6.4175e-02, -2.2114e-02, +3.0452e-03, +2.6683e-02, +3.0670e-02, -9.6968e-04, -2.0223e-01, -5.9695e-02, -5.1279e-02, +2.8891e-02, +1.3103e-02, +5.2466e-03, -1.0000e+00, +5.6092e-02, -1.0772e-02, +2.3638e-02, +6.3423e-02, -5.1102e-02, +1.2436e-02, +7.4110e-02, -1.0289e-02, +5.6779e-02, +9.2848e-02, +4.3019e-02, +9.5052e-02, -3.4878e-02, -1.0098e-01, +1.2075e-02, -4.3941e-02, +9.2543e-03, -4.6433e-02, -2.7437e-03, +3.6046e-02, -2.9063e-03, +6.9533e-02, +1.8580e-02, +2.7772e-02, -2.4169e-02, +8.8592e-03, -2.1331e-02, +3.5998e-02, +4.1241e-02, +1.3488e-02, -4.8636e-02, -2.8442e-02, +5.8834e-04, +1.9610e-02, -7.9457e-02, +1.9585e-03, -7.9757e-02
-2.2907e-02, +1.3907e-01, +5.6739e-02, +1.5948e-01, -5.3238e-03, -1.4340e-01, +8.3683e-03, -1.5829e-01, +2.3606e-02, -1.4267e-02, -5.4522e-02, -1.0361e-01, +5.6092e-02, -1.0000e+00, +7.4918e-02, +4.7900e-02, +1.4641e-01, -1.5531e-01, -2.5100e-01, -1.2005e-01, +6.0265e-03, -7.2924e-02, +1.2189e-01, +2.4157e-02, -3.1932e-02, +4.8795e-03, -1.0342e-01, -9.5061e-02, +6.9142e-03, -2.1294e-02, -2.0307e-02, -2.9357e-02, -1.1858e-01, -7.7127e-03, +8.7628e-02, -3.1295e-02, +1.4293e-01, -1.6253e-02, -4.4145e-02, +2.0975e-01, -6.6968e-02, -3.9145e-04, +1.4301e-01, +4.6310e-02, -1.2265e-01, +3.1692e-02, -2.7327e-02, +2.0097e-02, -4.8509e-02, -4.5645e-02
-5.5216e-02, -3.2731e-02, -1.7466e-02, -2.7425e-02, -4.3840e-02, -8.4391e-02, +9.0580e-02, +6.0340e-03, -2.9580e-03, +6.2134e-02, -1.2211e-01, +7.3731e-03, -1.0772e-02, +7.4918e-02, -1.0000e+00, +2.5554e-02, -3.3364e-02, +2.1305e-02, -2.1154e-02, -4.2172e-02, -5.4384e-02, -4.3306e-02, -1.4340e-01, -2.7253e-02, -2.9697e-02, +1.2794e-04, +6.3157e-03, -5.9925e-02, -1.1580e-02, -4.7093e-02, -1.0296e-01, -1.7272e-02, -1.1482e-01, +1.1317e-01, -1.3962e-01, +1.2311e-01, +4.5315e-02, +6.4858e-02, -3.5239e-02, -4.1802e-02, -9.9885e-02, +5.9458e-02, -3.5835e-05, -4.4868e-02, -7.1577e-02, -6.0186e-02, -6.6614e-02, +2.2298e-01, +5.1098e-02, +3.4800e-02
-9.2069e-03, -1.5540e-02, -5.2549e-03, +5.2779e-02, +5.8199e-03, -2.5851e-02, -3.7935e-02, +2.1679e-02, +4.5217e-03, -2.3045e-02, +5.3971e-02, +2.3348e-02, +2.3638e-02, +4.7900e-02, +2.5554e-02, -1.0000e+00, -6.1173e-03, +3.2277e-02, +4.1673e-02, -1.8817e-02, -7.0471e-02, -1.3613e-01, -1.6845e-02, -3.3719e-02, -6.2063e-02, +7.3438e-02, +1.0300e-01, +3.8781e-02, +4.0394e-02, +7.0583e-03, +3.0284e-02, +3.2082e-02, +2.3004e-03, +4.8085e-02, -4.2882e-02, +3.4932e-02, +2.4770e-03, -3.2801e-02, -1.6166e-02, +4.7426e-02, +3.7708e-02, +4.5342e-02, +1.1040e-02, -6.6549e-03, +1.3023e-02, -2.0123e-02, +8.4864e-03, +2.2155e-01, -3.7672e-02, +5.0015e-02
+1.9341e-03, +5.0199e-02, +1.7989e-02, +7.2046e-02, +3.3602e-02, -2.0843e-03, +1.2932e-01, +6.5455e-02, -3.9191e-03, +8.3290e-02, -2.9202e-02, +8.5198e-02, +6.3423e-02, +1.4641e-01, -3.3364e-02, -6.1173e-03, -1.0000e+00, +4.4244e-02, +8.1996e-02, +3.9536e-02, -9.8511e-02, -1.9987e-02, +5.2768e-02, +4.2084e-02, +1.3973e-02, +6.6454e-02, +1.0663e-01, +2.8454e-02, -1.4398e-03, -2.0309e-02, +4.8549e-02, -3.7037e-02, -3.6717e-02, -1.3977e-02, -3.6487e-02, +1.1572e-02, +8.9765e-02, -1.7891e-02, +3.1124e-02, +2.3096e-02, -3.7734e-03, -2.8335e-03, +1.8264e-03, -4.8691e-02, +1.1878e-01, +2.2035e-02, -7.7853e-03, -2.7745e-02, +9.3385e-05, -2.3362e-02
-8.8437e-02, +4.6809e-02, -1.2653e-01, +4.8359e-02, -4.2995e-02, -1.1366e-01, -6.0918e-02, -7.2218e-02, +6.2036e-02, +6.5284e-02, -1.7964e-01, -4.4718e-02, -5.1102e-02, -1.5531e-01, +2.1305e-02, +3.2277e-02, +4.4244e-02, -1.0000e+00, +7.5971e-02, -2.2767e-01, -1.6864e-02, -1.0130e-01, +1.3695e-01, +7.6012e-02, -2.3375e-02, -1.7002e-01, -1.1175e-01, -2.5670e-01, -1.0928e-01, -3.2641e-02, +2.1315e-02, +2.1909e-02, -1.1395e-01, +1.4223e-01, +1.2771e-02, +6.4244e-02, +2.3908e-02, -9.4574e-02, -2.2949e-02, +2.3807e-01, -8.7939e-02, -1.9583e-02, +5.4095e-02, +8.5359e-03, -1.5367e-01, +1.1756e-01, -8.1017e-02, +6.0905e-02, -4.3926e-03, -2.0493e-02
+3.3312e-02, -4.6062e-02, +8.0695e-02, -5.8146e-02, -4.5093e-02, -1.2277e-01, +1.0790e-01, -1.2329e-01, +2.2856e-02, -5.8561e-03, -1.2389e-01, -7.0354e-02, +1.2436e-02, -2.5100e-01, -2.1154e-02, +4.1673e-02, +8.1996e-02, +7.5971e-02, -1.0000e+00, -4.0912e-02, +9.2560e-03, +6.0156e-02, +8.8050e-02, -6.1341e-02, -7.3256e-02, -2.5895e-02, -8.9476e-02, -1.3627e-01, +1.2454e-02, +3.2929e-02, -5.9991e-02, +8.5098e-02, -6.2822e-02, +4.8894e-02, +3.5588e-02, +3.8758e-02, +1.3558e-02, -1.3658e-01, -1.8940e-01, +4.7348e-02, +3.0700e-02, -1.6169e-02, -3.3222e-02, +2.2133e-02, -5.0770e-02, -3.5734e-02, -6.8430e-02, +1.0802e-01, -1.5624e-02, +4.2983e-02
+1.0845e-01, +6.9515e-03, -6.5657e-02, +3.8070e-02, +1.8087e-03, -1.7183e-01, +9.9372e-02, -1.0511e-02, -7.7673e-02, -1.8700e-02, -1.1648e-01, +5.0463e-02, +7.4110e-02, -1.2005e-01, -4.2172e-02, -1.8817e-02, +3.9536e-02, -2.2767e-01, -4.0912e-02, -1.0000e+00, -1.7690e-01, -1.6886e-01, +1.2471e-02, +2.4108e-02, +6.5162e-02, -8.3834e-02, -1.8032e-01, -1.4917e-01, +8.8569e-02, -7.0353e-02, +1.2100e-01, -3.5883e-02, -1.2907e-02, +8.5870e-02, +9.1851e-02, +9.1362e-02, +1.4132e-01, +2.0407e-02, -1.0936e-01, +4.4814e-01, -1.9821e-01, +2.5373e-02, -1.0490e-04, -1.1929e-01, +4.7216e-02, +3.5124e-02, -5.7440e-02, +1.0605e-01, +1.6795e-03, +3.7509e-02
+3.6220e-02, +1.1096e-01, +1.5134e-02, +1.9095e-01, +8.5325e-02, -9.1927e-02, -2.0516e-01, +2.1974e-02, -1.3509e-01, +7.9718e-03, -1.2661e-01, -8.0884e-03, -1.0289e-02, +6.0265e-03, -5.4384e-02, -7.0471e-02, -9.8511e-02, -1.6864e-02, +9.2560e-03, -1.7690e-01, -1.0000e+00, +1.0464e-01, -8.2899e-02, +1.0038e-01, +1.0323e-01, +2.0701e-03, -2.1499e-01, +4.4184e-02, +1.3956e-01, +7.6551e-02, -2.2775e-02, -5.9659e-03, -2.1521e-02, +3.7470e-02, +1.3411e-01, +3.6718e-02, +2.8554e-01, -8.2530e-02, +3.2512e-02, +4.2305e-01, -7.6845e-02, +2.8433e-02, -1.6438e-01, -1.2703e-01, +1.1152e-01, -1.5488e-01, -3.1003e-03, -6.7720e-02, -3.6589e-02, +1.3622e-01
-3.3975e-02, +7.2743e-02, +7.9082e-02, +1.1179e-01, +9.7066e-02, +5.5718e-02, +4.4551e-02, -2.2310e-01, +4.5634e-02, +3.6781e-02, +7.0059e-02, +3.3484e-02, +5.6779e-02, -7.2924e-02, -4.3306e-02, -1.3613e-01, -1.9987e-02, -1.0130e-01, +6.0156e-02, -1.6886e-01, +1.0464e-01, -1.0000e+00, +3.7032e-02, +3.9965e-02, -2.3471e-02, +5.2496e-02, +8.6746e-02, +1.8685e-02, +2.9078e-02, -1.8530e-02, -1.2776e-01, -9.6675e-02, -1.4643e-02, -2.5110e-02, +1.0782e-03, -1.3860e-02, +1.5668e-01, -7.4043e-02, -3.9803e-02, -9.6143e-02, -5.7394e-02, -4.8364e-02, +4.5441e-02, -7.7213e-02, -2.8784e-02, +2.2481e-01, -3.4882e-02, +8.4143e-02, -5.6651e-02, -1.4838e-01
-8.0199e-02, +1.6680e-01, +6.2980e-02, +1.1918e-01, +1.2204e-01, +6.2056e-02, +1.7900e-01, +1.5775e-01, -4.7333e-02, +1.2723e-01, +2.0560e-01, +7.2046e-02, +9.2848e-02, +1.2189e-01, -1.4340e-01, -1.6845e-02, +5.2768e-02, +1.3695e-01, +8.8050e-02, +1.2471e-02, -8.2899e-02, +3.7032e-02, -1.0000e+00, +4.8991e-02, -3.4638e-02, +4.1114e-02, +1.8044e-01, +8.1770e-02, +1.6870e-01, +4.4935e-02, +9.0888e-02, -3.7579e-02, -1.5535e-02, +1.4744e-03, -2.7289e-02, -1.5250e-02, +3.0565e-02, -1.9390e-02, +1.0243e-01, +4.4278e-02, -2.6383e-02, +7.2465e-03, -1.2193e-03, -3.8255e-02, +1.3769e-01, -2.5393e-02, -1.6964e-02, -6.9230e-02, -3.3328e-02, +5.6176e-02
-1.6122e-02, +4.4313e-02, -1.1018e-01, -1.4342e-01, -1.3544e-01, +3.0563e-03, +2.2261e-02, +2.2762e-02, -1.6015e-02, -1.4096e-01, +4.5979e-02, -1.9636e-02, +4.3019e-02, +2.4157e-02, -2.7253e-02, -3.3719e-02, +4.2084e-02, +7.6012e-02, -6.1341e-02, +2.4108e-02, +1.0038e-01, +3.9965e-02, +4.8991e-02, -1.0000e+00, -1.3107e-01, -9.8443e-02, -1.0929e-01, -8.9706e-02, +6.5741e-02, -8.1392e-02, -9.2344e-02, -2.0755e-02, +9.2116e-03, -1.6914e-02, -6.7146e-02, -3.2033e-02, -8.5586e-02, -1.0534e-02, -3.1215e-02, -4.5034e-02, -3.9977e-02, -8.3079e-02, -2.8233e-02, -9.7847e-02, -1.1996e-01, -7.4915e-02, +5.3098e-03, +1.9530e-01, -3.9038e-02, -1.1533e-01
-6.5891e-03, +3.8701e-02, -9.6808e-02, -7.7439e-02, -4.9486e-02, -7.7647e-02, +7.7595e-02, +9.2449e-02, +4.5813e-02, +1.9842e-02, -7.9135e-02, -7.2552e-02, +9.5052e-02, -3.1932e-02, -2.9697e-02, -6.2063e-02, +1.3973e-02, -2.3375e-02, -7.3256e-02, +6.5162e-02, +1.0323e-01, -2.3471e-02, -3.4638e-02, -1.3107e-01, -1.0000e+00, +3.1678e-02, -2.0748e-02, -1.8069e-01, -3.8381e-02, -1.1598e-01, -2.9441e-02, +1.6730e-02, +3.0540e-02, +9.7202e-02, -9.3886e-02, +6.9248e-02, -5.5664e-02, -7.0214e-03, -1.2821e-01, -3.0473e-02, -5.7035e-03, +7.6097e-02, -9.5942e-02, +1.1889e-02, -9.2196e-03, -5.3078e-02, -5.4474e-02, +1.6257e-01, -1.1244e-02, +1.9475e-01
-1.6243e-01, +2.9179e-05, +7.4379e-02, -1.2111e-01, -3.5785e-02, -5.5798e-02, -1.2238e-01, -1.3635e-01, +6.4985e-02, +7.0084e-02, -1.0459e-01, +7.6898e-03, -3.4878e-02, +4.8795e-03, +1.2793e-04, +7.3438e-02, +6.6454e-02, -1.7002e-01, -2.5895e-02, -8.3834e-02, +2.0701e-03, +5.2496e-02, +4.1114e-02, -9.8443e-02, +3.1678e-02, -1.0000e+00, -1.1522e-01, -9.6515e-02, -4.2254e-02, -1.2628e-01, -4.8814e-02, +4.7257e-03, -7.6361e-02, +8.5383e-02, +7.2294e-02, -2.3497e-02, +2.5684e-02, +9.8257e-02, -5.4179e-03, +4.3743e-02, -1.7808e-01, +3.3139e-02, -1.7654e-02, +7.7049e-02, -1.2155e-01, -1.7433e-02, -1.0487e-01, +6.5806e-02, -1.1801e-01, -5.8068e-02
-7.1382e-02, +9.1440e-03, -1.8760e-01, +3.6818e-02, -5.4949e-02, -1.6982e-01, -1.1768e-01, -1.6054e-03, -1.8660e-02, +3.9285e-02, -1.8866e-01, -6.6041e-02, -1.0098e-01, -1.0342e-01, +6.3157e-03, +1.0300e-01, +1.0663e-01, -1.1175e-01, -8.9476e-02, -1.8032e-01, -2.1499e-01, +8.6746e-02, +1.8044e-01, -1.0929e-01, -2.0748e-02, -1.1522e-01, -1.0000e+00, -1.7961e-01, -9.8838e-02, -3.7137e-02, -1.3444e-01, -1.1913e-02, -3.3879e-02, +1.1503e-01, -1.2682e-02, -1.5255e-02, +6.5834e-02, -4.3094e-02, -7.0457e-02, +3.1511e-01, -1.4308e-01, +1.0098e-01, +3.1438e-02, -1.6707e-01, -1.2860e-01, -7.9563e-02, -1.2946e-01, +1.0713e-01, +9.2176e-03, +5.6316e-02
-1.1266e-01, -2.1910e-02, -2.2844e-01, -8.9167e-02, -1.9537e-01, -2.2732e-01, -4.0720e-02, -1.5319e-01, +5.3759e-02, +2.6886e-02, -2.5773e-01, -1.1345e-01, +1.2075e-02, -9.5061e-02, -5.9925e-02, +3.8781e-02, +2.8454e-02, -2.5670e-01, -1.3627e-01, -1.4917e-01, +4.4184e-02, +1.8685e-02, +8.1770e-02, -8.9706e-02, -1.8069e-01, -9.6515e-02, -1.7961e-01, -1.0000e+00, -1.3216e-01, -3.8775e-02, -8.5571e-02, -2.2125e-02, +1.5320e-02, +1.7809e-01, -5.1728e-02, +1.7012e-01, -8.3437e-02, +6.4995e-03, -2.5652e-01, +2.1551e-01, -1.2916e-01, +4.2247e-03, +1.3460e-02, +1.8988e-01, +3.4951e-03, +7.5674e-02, -9.1479e-02, +3.1807e-01, -4.0200e-02, +2.3500e-02
-1.1199e-01, +2.1701e-02, -2.8775e-02, -7.6276e-02, -8.1467e-02, -2.5202e-03, -6.1894e-02, -6.2853e-02, +2.8699e-02, +3.5523e-02, -1.0146e-01, +3.0107e-02, -4.3941e-02, +6.9142e-03, -1.1580e-02, +4.0394e-02, -1.4398e-03, -1.0928e-01, +1.2454e-02, +8.8569e-02, +1.3956e-01, +2.9078e-02, +1.6870e-01, +6.5741e-02, -3.8381e-02, -4.2254e-02, -9.8838e-02, -1.3216e-01, -1.0000e+00, +4.5991e-02, -6.4695e-02, -1.7938e-02, +5.4189e-02, +2.0172e-01, -1.2856e-01, +1.9158e-01, -1.7090e-02, -6.8899e-02, +2.7774e-02, -2.5876e-02, +1.1152e-01, +8.9908e-03, +5.7614e-03, +1.8413e-01, -9.0871e-02, +1.0537e-01, -1.2093e-01, -2.6847e-02, -3.5565e-02, +5.2432e-02
-4.7996e-02, -1.5151e-02, -1.0736e-01, -1.0006e-01, -1.4905e-01, -3.8969e-02, -6.1877e-03, +1.3630e-01, +2.4075e-02, +1.8039e-03, -4.1347e-02, -2.2236e-02, +9.2543e-03, -2.1294e-02, -4.7093e-02, +7.0583e-03, -2.0309e-02, -3.2641e-02, +3.2929e-02, -7.0353e-02, +7.6551e-02, -1.8530e-02, +4.4935e-02, -8.1392e-02, -1.1598e-01, -1.2628e-01, -3.7137e-02, -3.8775e-02, +4.5991e-02, -1.0000e+00, +1.2041e-02, -1.0740e-01, -4.1355e-02, +3.8098e-02, +2.3656e-02, -3.6079e-02, +6.4127e-03, +7.7611e-02, -4.7988e-02, -5.7115e-02, -4.6836e-02, +3.8839e-03, -2.2378e-02, +4.1211e-02, -6.2959e-02, +6.3565e-02, +2.0992e-02, +1.4800e-01, +1.8368e-02, -1.0221e-01
-1.6470e-02, -2.6138e-02, +1.4358e-01, -9.3439e-02, +5.1937e-02, -1.0486e-01, -2.0132e-02, -1.2930e-01, +2.2934e-02, -5.4766e-02, -9.4508e-02, +6.0546e-02, -4.6433e-02, -2.0307e-02, -1.0296e-01, +3.0284e-02, +4.8549e-02, +2.1315e-02, -5.9991e-02, +1.2100e-01, -2.2775e-02, -1.2776e-01, +9.0888e-02, -9.2344e-02, -2.9441e-02, -4.8814e-02, -1.3444e-01, -8.5571e-02, -6.4695e-02, +1.2041e-02, -1.0000e+00, -5.7533e-02, -1.9731e-02, -1.2502e-02, -1.0090e-03, +5.2724e-02, -4.9248e-02, -1.8077e-02, +6.1352e-02, +1.7406e-02, -6.5751e-02, +6.8807e-02, +2.5639e-02, +5.7973e-02, -1.3475e-01, +4.0249e-02, -1.1943e-01, +1.2413e-01, -1.2445e-01, +2.8367e-02
-4.7745e-02, +1.8276e-01, +1.0356e-01, -9.3246e-03, -6.9116e-02, +3.6522e-03, -5.3217e-02, +3.1076e-02, -3.1012e-02, -3.5082e-02, -2.0471e-02, -1.3758e-02, -2.7437e-03, -2.9357e-02, -1.7272e-02, +3.2082e-02, -3.7037e-02, +2.1909e-02, +8.5098e-02, -3.5883e-02, -5.9659e-03, -9.6675e-02, -3.7579e-02, -2.0755e-02, +1.6730e-02, +4.7257e-03, -1.1913e-02, -2.2125e-02, -1.7938e-02, -1.0740e-01, -5.7533e-02, -1.0000e+00, +1.9342e-02, +6.7578e-03, -1.0079e-01, +4.1099e-02, -2.5793e-02, -1.1419e-01, -4.8762e-02, -1.1694e-02, +7.1420e-02, +5.4368e-03, -1.0929e-02, +6.9994e-03, -9.5352e-03, +1.6238e-02, -1.4463e-01, +2.0145e-01, +2.5561e-02, +6.4009e-02
+7.7462e-04, -2.4596e-02, +1.6822e-02, -4.5842e-02, -6.9073e-04, -2.6363e-02, +9.9816e-03, +1.9832e-02, -1.5893e-02, +1.0469e-02, -4.4848e-02, -1.4296e-02, +3.6046e-02, -1.1858e-01, -1.1482e-01, +2.3004e-03, -3.6717e-02, -1.1395e-01, -6.2822e-02, -1.2907e-02, -2.1521e-02, -1.4643e-02, -1.5535e-02, +9.2116e-03, +3.0540e-02, -7.6361e-02, -3.3879e-02, +1.5320e-02, +5.4189e-02, -4.1355e-02, -1.9731e-02, +1.9342e-02, -1.0000e+00, -4.6215e-04, -2.7212e-02, +1.6786e-02, +4.5501e-03, +2.8167e-02, -2.3397e-02, -1.8381e-02, -4.7657e-02, +1.1913e-02, -3.0705e-03, +1.5668e-02, -2.8589e-02, +9.4408e-03, -1.1876e-01, +1.1531e-01, +4.3768e-03, +3.5517e-02
+1.0823e-02, +4.9956e-02, +6.9522e-02, +6.8980e-02, +7.3574e-02, -1.2575e-01, -5.5527e-02, -1.1440e-01, -1.1772e-02, -3.1015e-02, +1.7460e-01, +3.1614e-02, -2.9063e-03, -7.7127e-03, +1.1317e-01, +4.8085e-02, -1.3977e-02, +1.4223e-01, +4.8894e-02, +8.5870e-02, +3.7470e-02, -2.5110e-02, +1.4744e-03, -1.6914e-02, +9.7202e-02, +8.5383e-02, +1.1503e-01, +1.7809e-01, +2.0172e-01, +3.8098e-02, -1.2502e-02, +6.7578e-03, -4.6216e-04, -1.0000e+00, +2.4045e-01, +6.6682e-02, -7.8979e-02, -3.3944e-02, +1.4213e-01, -4.0682e-03, +5.9831e-02, +8.0162e-02, +1.4055e-02, +1.7211e-02, +3.8982e-02, +1.7461e-02, +2.2104e-02, +1.0938e-01, -5.0561e-04, -5.6067e-02
+1.8661e-02, -2.7972e-02, -2.0619e-02, -9.9438e-02, -7.6644e-02, -2.0153e-02, +1.9604e-02, -1.1089e-02, -8.9771e-03, +2.1101e-02, -4.2465e-02, -1.4484e-02, +6.9533e-02, +8.7628e-02, -1.3962e-01, -4.2882e-02, -3.6487e-02, +1.2771e-02, +3.5588e-02, +9.1851e-02, +1.3411e-01, +1.0782e-03, -2.7289e-02, -6.7146e-02, -9.3886e-02, +7.2294e-02, -1.2682e-02, -5.1728e-02, -1.2856e-01, +2.3656e-02, -1.0090e-03, -1.0079e-01, -2.7212e-02, +2.4045e-01, -1.0000e+00, -1.8025e-02, -1.1909e-01, +5.0629e-02, -1.9706e-02, -5.8432e-02, +7.1303e-02, +3.5218e-03, +4.3320e-02, +1.4954e-03, +1.0739e-02, -5.2161e-02, -1.0107e-02, +1.0801e-01, -2.8180e-02, +1.8681e-01
+5.0674e-02, -5.7724e-02, +9.7015e-02, +1.7286e-01, +4.3318e-02, -4.1003e-02, +4.3702e-02, -1.1161e-01, +4.6968e-02, -8.5668e-03, -7.3902e-03, +3.9906e-02, +1.8580e-02, -3.1295e-02, +1.2311e-01, +3.4932e-02, +1.1572e-02, +6.4244e-02, +3.8758e-02, +9.1362e-02, +3.6718e-02, -1.3860e-02, -1.5250e-02, -3.2033e-02, +6.9248e-02, -2.3497e-02, -1.5255e-02, +1.7012e-01, +1.9158e-01, -3.6079e-02, +5.2724e-02, +4.1099e-02, +1.6786e-02, +6.6682e-02, -1.8025e-02, -1.0000e+00, +1.1629e-01, +9.3547e-02, -1.3278e-02, +2.6728e-02, +7.9018e-02, +1.3590e-02, -6.0268e-04, -2.7797e-02, +9.4213e-02, -1.0834e-03, +1.8002e-01, -4.1124e-01, -2.4499e-02, -7.3312e-03
-7.0052e-03, -9.3982e-02, +1.0410e-03, -1.8430e-01, -1.0823e-01, +1.0236e-01, -1.2154e-02, -8.4492e-02, +6.3662e-02, +6.6461e-02, +1.1097e-02, +2.3738e-02, +2.7772e-02, +1.4293e-01, +4.5315e-02, +2.4770e-03, +8.9765e-02, +2.3908e-02, +1.3558e-02, +1.4132e-01, +2.8554e-01, +1.5668e-01, +3.0565e-02, -8.5587e-02, -5.5664e-02, +2.5684e-02, +6.5834e-02, -8.3437e-02, -1.7090e-02, +6.4127e-03, -4.9248e-02, -2.5793e-02, +4.5502e-03, -7.8979e-02, -1.1909e-01, +1.1629e-01, -1.0000e+00, +1.5337e-01, -6.0096e-02, -3.2813e-02, +1.8464e-02, -6.9704e-03, +5.8094e-02, +1.2829e-01, +9.7466e-02, +1.1349e-02, -7.4879e-04, +1.4535e-01, +1.9122e-02, +8.7130e-02
+1.2267e-02, +4.7561e-02, +7.1634e-02, +2.7114e-02, +9.3944e-02, -2.6237e-02, -6.4423e-02, +3.9386e-02, -3.4813e-02, -2.4178e-02, -8.7604e-02, -2.6211e-02, -2.4169e-02, -1.6253e-02, +6.4858e-02, -3.2801e-02, -1.7891e-02, -9.4574e-02, -1.3658e-01, +2.0407e-02, -8.2530e-02, -7.4043e-02, -1.9390e-02, -1.0534e-02, -7.0214e-03, +9.8257e-02, -4.3094e-02, +6.4995e-03, -6.8899e-02, +7.7611e-02, -1.8077e-02, -1.1419e-01, +2.8167e-02, -3.3944e-02, +5.0629e-02, +9.3547e-02, +1.5337e-01, -1.0000e+00, -2.6214e-02, +6.5743e-02, -5.3180e-03, -3.5531e-02, -1.2788e-01, -1.2109e-01, -9.4847e-02, +6.5964e-02, +5.8648e-02, +6.7487e-02, -3.3667e-03, +2.0218e-02
-2.8420e-03, -1.3965e-02, -1.0895e-01, -5.7512e-02, -6.4444e-02, -2.9096e-02, +5.0681e-02, -9.0563e-03, +3.0244e-03, +3.7420e-02, -8.9759e-02, -1.4565e-01, +8.8592e-03, -4.4145e-02, -3.5239e-02, -1.6166e-02, +3.1124e-02, -2.2949e-02, -1.8940e-01, -1.0936e-01, +3.2512e-02, -3.9803e-02, +1.0243e-01, -3.1215e-02, -1.2821e-01, -5.4179e-03, -7.0457e-02, -2.5652e-01, +2.7774e-02, -4.7988e-02, +6.1352e-02, -4.8762e-02, -2.3397e-02, +1.4213e-01, -1.9706e-02, -1.3278e-02, -6.0096e-02, -2.6214e-02, -1.0000e+00, -1.9153e-02, +3.3311e-03, +7.5083e-03, -8.8640e-03, -4.2040e-03, -2.6217e-02, -4.1214e-02, -1.6482e-01, +1.5657e-01, +1.7331e-02, +6.6960e-02
+2.5067e-02, -5.3234e-02, +3.4576e-02, -1.3090e-01, -1.2008e-01, +3.4289e-01, +6.8320e-02, +6.7258e-02, +3.5202e-02, +7.0677e-02, +2.6523e-01, -2.3076e-02, -2.1331e-02, +2.0975e-01, -4.1802e-02, +4.7426e-02, +2.3096e-02, +2.3807e-01, +4.7348e-02, +4.4814e-01, +4.2305e-01, -9.6143e-02, +4.4278e-02, -4.5034e-02, -3.0473e-02, +4.3743e-02, +3.1511e-01, +2.1551e-01, -2.5876e-02, -5.7115e-02, +1.7406e-02, -1.1694e-02, -1.8381e-02, -4.0682e-03, -5.8432e-02, +2.6728e-02, -3.2813e-02, +6.5743e-02, -1.9153e-02, -1.0000e+00, +2.1520e-01, +2.6578e-03, +5.7359e-02, -3.1967e-02, -4.7075e-02, +5.9771e-02, +7.6801e-02, -2.6668e-02, -5.8661e-02, -2.6276e-01
-4.9518e-02, -1.3081e-02, -4.3031e-02, -8.3176e-02, +7.3083e-02, -9.1282e-02, +2.4493e-02, -1.0761e-02, +3.1479e-02, +4.4097e-02, -1.6638e-01, +1.4907e-01, +3.5998e-02, -6.6968e-02, -9.9885e-02, +3.7708e-02, -3.7734e-03, -8.7939e-02, +3.0700e-02, -1.9821e-01, -7.6845e-02, -5.7394e-02, -2.6383e-02, -3.9977e-02, -5.7035e-03, -1.7808e-01, -1.4308e-01, -1.2916e-01, +1.1152e-01, -4.6836e-02, -6.5751e-02, +7.1420e-02, -4.7657e-02, +5.9831e-02, +7.1303e-02, +7.9018e-02, +1.8464e-02, -5.3180e-03, +3.3311e-03, +2.1520e-01, -1.0000e+00, -8.5165e-02, +2.4810e-02, +6.3140e-02, -7.6042e-02, +6.9693e-02, -3.8200e-02, +1.4710e-01, +3.1728e-02, +4.8008e-03
-3.8029e-02, +3.8958e-02, +2.2860e-02, -9.1441e-03, +6.0368e-03, -6.7948e-02, -9.8253e-02, +4.6271e-03, +2.6341e-02, +2.0727e-02, +3.7055e-02, +1.9395e-02, +4.1241e-02, -3.9145e-04, +5.9458e-02, +4.5342e-02, -2.8335e-03, -1.9583e-02, -1.6169e-02, +2.5373e-02, +2.8433e-02, -4.8364e-02, +7.2465e-03, -8.3079e-02, +7.6097e-02, +3.3139e-02, +1.0098e-01, +4.2247e-03, +8.9908e-03, +3.8839e-03, +6.8807e-02, +5.4368e-03, +1.1913e-02, +8.0162e-02, +3.5218e-03, +1.3590e-02, -6.9704e-03, -3.5531e-02, +7.5083e-03, +2.6578e-03, -8.5165e-02, -1.0000e+00, -5.7746e-03, -2.4445e-02, +4.5215e-02, +3.0959e-02, +5.5575e-02, -1.5157e-01, -1.4313e-02, +5.2716e-02
-1.3295e-02, +9.5466e-02, -8.2163e-03, -7.0540e-02, +5.1771e-02, +3.5880e-02, -7.1021e-03, +2.8916e-02, -3.9947e-02, +5.5185e-03, +8.9599e-02, +3.1067e-03, +1.3488e-02, +1.4301e-01, -3.5831e-05, +1.1040e-02, +1.8264e-03, +5.4095e-02, -3.3222e-02, -1.0491e-04, -1.6438e-01, +4.5441e-02, -1.2193e-03, -2.8233e-02, -9.5942e-02, -1.7654e-02, +3.1438e-02, +1.3460e-02, +5.7614e-03, -2.2378e-02, +2.5639e-02, -1.0929e-02, -3.0705e-03, +1.4055e-02, +4.3320e-02, -6.0269e-04, +5.8094e-02, -1.2788e-01, -8.8640e-03, +5.7359e-02, +2.4810e-02, -5.7746e-03, -1.0000e+00, -1.1985e-02, +7.1418e-02, +4.3819e-03, -8.0157e-03, +9.4410e-02, +2.2508e-02, +1.4216e-02
+4.2527e-02, +1.4625e-01, -1.8420e-01, +1.2282e-01, +1.9050e-02, -2.1059e-02, +3.7533e-02, +3.8889e-02, -7.9947e-02, -4.3770e-02, +1.6378e-01, +1.5781e-02, -4.8636e-02, +4.6310e-02, -4.4868e-02, -6.6549e-03, -4.8691e-02, +8.5359e-03, +2.2133e-02, -1.1929e-01, -1.2703e-01, -7.7213e-02, -3.8255e-02, -9.7847e-02, +1.1889e-02, +7.7049e-02, -1.6707e-01, +1.8988e-01, +1.8413e-01, +4.1211e-02, +5.7973e-02, +6.9994e-03, +1.5668e-02, +1.7211e-02, +1.4954e-03, -2.7797e-02, +1.2829e-01, -1.2109e-01, -4.2040e-03, -3.1967e-02, +6.3140e-02, -2.4445e-02, -1.1985e-02, -1.0000e+00, -1.0383e-01, -6.0050e-02, -3.8278e-02, +1.4771e-01, +2.2908e-02, -6.2861e-03
-2.4074e-02, +3.3062e-02, +3.3570e-02, -5.9033e-02, -1.4372e-02, -7.9896e-02, +5.7224e-02, -2.1651e-02, +2.5841e-02, +4.1103e-02, -1.0243e-01, -3.0641e-02, -2.8442e-02, -1.2265e-01, -7.1577e-02, +1.3023e-02, +1.1878e-01, -1.5367e-01, -5.0770e-02, +4.7216e-02, +1.1152e-01, -2.8784e-02, +1.3769e-01, -1.1996e-01, -9.2196e-03, -1.2155e-01, -1.2860e-01, +3.4951e-03, -9.0871e-02, -6.2959e-02, -1.3475e-01, -9.5352e-03, -2.8589e-02, +3.8982e-02, +1.0739e-02, +9.4213e-02, +9.7466e-02, -9.4847e-02, -2.6217e-02, -4.7075e-02, -7.6042e-02, +4.5215e-02, +7.1418e-02, -1.0383e-01, -1.0000e+00, -1.5186e-02, -1.6435e-01, +6.1167e-02, -1.7973e-02, +4.1301e-02
-5.7118e-02, -8.0802e-02, -1.0479e-01, -1.8687e-02, -5.4281e-02, -4.3342e-02, +3.3771e-02, +2.1485e-01, -5.2695e-02, +3.3968e-02, -6.4742e-03, -7.2357e-02, +5.8836e-04, +3.1692e-02, -6.0186e-02, -2.0123e-02, +2.2035e-02, +1.1756e-01, -3.5734e-02, +3.5124e-02, -1.5488e-01, +2.2481e-01, -2.5393e-02, -7.4915e-02, -5.3078e-02, -1.7433e-02, -7.9563e-02, +7.5674e-02, +1.0537e-01, +6.3565e-02, +4.0249e-02, +1.6238e-02, +9.4408e-03, +1.7461e-02, -5.2161e-02, -1.0834e-03, +1.1349e-02, +6.5964e-02, -4.1214e-02, +5.9771e-02, +6.9693e-02, +3.0959e-02, +4.3819e-03, -6.0050e-02, -1.5186e-02, -1.0000e+00, -5.7513e-02, +3.2679e-02, -5.1394e-02, +1.1017e-01
-2.9411e-02, +1.2548e-01, -1.3689e-03, -3.1967e-02, -5.8814e-02, -9.4189e-02, -1.6362e-02, -1.6769e-01, +3.0394e-02, +1.2721e-01, -9.5717e-02, -9.4112e-02, +1.9610e-02, -2.7327e-02, -6.6614e-02, +8.4864e-03, -7.7853e-03, -8.1017e-02, -6.8430e-02, -5.7440e-02, -3.1004e-03, -3.4882e-02, -1.6964e-02, +5.3098e-03, -5.4474e-02, -1.0487e-01, -1.2946e-01, -9.1479e-02, -1.2093e-01, +2.0992e-02, -1.1943e-01, -1.4463e-01, -1.1876e-01, +2.2104e-02, -1.0107e-02, +1.8002e-01, -7.4880e-04, +5.8648e-02, -1.6482e-01, +7.6801e-02, -3.8200e-02, +5.5575e-02, -8.0157e-03, -3.8278e-02, -1.6435e-01, -5.7513e-02, -1.0000e+00, +1.5366e-01, -2.6902e-02, +7.4570e-02
+3.8348e-02, -7.5959e-02, +2.7062e-01, +2.1952e-01, +2.3180e-01, +2.2739e-01, -2.8326e-01, -6.9342e-03, -1.9140e-02, -4.0617e-02, +2.2757e-01, +1.0553e-01, -7.9457e-02, +2.0097e-02, +2.2298e-01, +2.2155e-01, -2.7745e-02, +6.0905e-02, +1.0802e-01, +1.0605e-01, -6.7720e-02, +8.4143e-02, -6.9230e-02, +1.9530e-01, +1.6257e-01, +6.5806e-02, +1.0713e-01, +3.1807e-01, -2.6847e-02, +1.4800e-01, +1.2413e-01, +2.0145e-01, +1.1531e-01, +1.0938e-01, +1.0801e-01, -4.1124e-01, +1.4535e-01, +6.7487e-02, +1.5657e-01, -2.6668e-02, +1.4710e-01, -1.5157e-01, +9.4410e-02, +1.4771e-01, +6.1167e-02, +3.2679e-02, +1.5366e-01, -1.0000e+00, +1.8171e-01, -8.1987e-03
+1.6731e-02, +3.6408e-02, +1.0589e-01, -2.8858e-02, -3.1059e-02, +9.8321e-03, -3.9257e-02, +3.2838e-02, +1.2514e-03, -1.5205e-02, -5.1618e-02, -1.7842e-02, +1.9585e-03, -4.8509e-02, +5.1098e-02, -3.7672e-02, +9.3385e-05, -4.3926e-03, -1.5624e-02, +1.6796e-03, -3.6589e-02, -5.6651e-02, -3.3328e-02, -3.9038e-02, -1.1244e-02, -1.1801e-01, +9.2176e-03, -4.0200e-02, -3.5565e-02, +1.8368e-02, -1.2445e-01, +2.5561e-02, +4.3768e-03, -5.0561e-04, -2.8180e-02, -2.4499e-02, +1.9122e-02, -3.3667e-03, +1.7331e-02, -5.8661e-02, +3.1728e-02, -1.4313e-02, +2.2508e-02, +2.2908e-02, -1.7973e-02, -5.1394e-02, -2.6902e-02, +1.8171e-01, -1.0000e+00, +5.0748e-02
-3.8545e-02, -7.2646e-03, -3.8439e-02, -6.2730e-02, -1.8398e-03, +7.9301e-02, -1.1432e-01, -1.5929e-02, -4.9290e-02, -2.3336e-02, +5.7288e-02, -1.0786e-02, -7.9757e-02, -4.5645e-02, +3.4800e-02, +5.0015e-02, -2.3362e-02, -2.0493e-02, +4.2983e-02, +3.7509e-02, +1.3622e-01, -1.4838e-01, +5.6176e-02, -1.1533e-01, +1.9475e-01, -5.8068e-02, +5.6316e-02, +2.3500e-02, +5.2432e-02, -1.0221e-01, +2.8367e-02, +6.4009e-02, +3.5517e-02, -5.6067e-02, +1.8681e-01, -7.3312e-03, +8.7130e-02, +2.0218e-02, +6.6960e-02, -2.6276e-01, +4.8008e-03, +5.2716e-02, +1.4216e-02, -6.2861e-03, +4.1301e-02, +1.1017e-01, +7.4570e-02, -8.1987e-03, +5.0748e-02, -1.0000e+00
