-1.0000e+00, -2.1362e-02, +3.0326e-03, -1.6613e-03, +1.1198e-01, +6.0982e-02, -6.0993e-02, +1.1924e-02, -3.1346e-02, +6.7144e-02, +6.0272e-02, +1.0237e-02, +7.4434e-02, -3.7718e-02, +1.7886e-02, -1.6145e-02, -3.5081e-02, +1.7036e-02, +6.2542e-02, +4.9802e-02, -5.5743e-02, +4.5280e-02, -4.9143e-02, -1.5102e-02, +3.7028e-02, -9.3567e-02, +4.7275e-03, +2.2357e-02, +3.2337e-02, -3.9510e-02, -1.2453e-02, -1.5774e-02, -5.3104e-02, -3.5509e-02, -2.9578e-02, +1.0799e-02, +1.2925e-02, -4.9384e-03, -5.0902e-02, +2.8540e-03, +5.8426e-02, +4.2491e-02, +4.6395e-03, -1.1827e-03, -5.9638e-02, -4.3355e-02, +9.7433e-03, +1.9762e-02, +4.6340e-02, -5.1084e-02
-2.1362e-02, -1.0000e+00, -1.0110e-02, -6.2907e-02, +1.5609e-02, -3.5098e-02, +7.6526e-02, +1.9654e-02, -1.8177e-02, +2.7141e-02, -4.1856e-03, +7.6163e-02, +2.5121e-02, +3.7642e-02, -5.5183e-02, +4.6104e-02, +1.1325e-02, -4.4245e-02, +1.9311e-03, +2.7333e-02, -1.4025e-02, +5.0456e-02, +2.5053e-02, +5.7458e-02, -2.9200e-02, -4.5577e-02, -6.1193e-03, -5.0939e-02, -1.2225e-02, -5.9707e-02, -1.7504e-02, +1.9285e-02, +6.8459e-03, +3.3525e-02, -1.7628e-02, -3.0478e-02, +1.4191e-01, -6.7725e-02, -4.6582e-02, -3.4017e-02, +4.4904e-02, +1.8803e-02, -2.4525e-02, -9.5764e-03, -4.1648e-02, -4.4453e-02, +1.4216e-02, -6.0586e-02, -2.5744e-02, +5.5264e-02
+3.0326e-03, -1.0110e-02, -1.0000e+00, -4.0183e-02, +3.7960e-02, -8.8447e-02, +1.0173e-01, +3.0128e-02, +3.0363e-02, +2.7249e-02, -2.0112e-02, -4.9754e-02, -4.0275e-02, +1.6901e-02, +4.0192e-02, +6.2629e-02, -4.6570e-02, +1.3026e-02, -5.9774e-03, +3.0524e-02, -7.1382e-02, -3.0635e-02, -7.2198e-02, +6.5338e-03, -3.4693e-02, +2.0656e-02, +1.8579e-02, +1.0190e-02, +2.4230e-03, +7.0914e-02, +9.7030e-02, -3.4781e-02, -5.1493e-02, +1.5649e-02, +8.5018e-03, -1.0564e-01, -5.5251e-03, +2.2088e-02, -3.8059e-03, -5.2223e-02, -3.4345e-02, +9.8032e-03, -3.9132e-02, -8.8263e-02, +1.8623e-02, +6.0053e-02, -2.7981e-02, +4.9491e-03, -1.4914e-02, +6.6563e-02
-1.6613e-03, -6.2907e-02, -4.0183e-02, -1.0000e+00, -1.0820e-01, -5.1249e-02, +6.7057e-02, -9.0386e-04, +7.5206e-02, +1.6463e-01, -6.3519e-02, -7.6979e-02, +1.6597e-02, +2.0009e-04, -8.1097e-03, +4.6875e-03, +1.1591e-02, -8.0817e-02, +1.6966e-03, +5.7527e-02, -1.2527e-02, -2.1066e-02, -4.3199e-02, -4.9576e-02, -5.0865e-02, +1.0096e-02, -6.0468e-02, -5.0454e-02, +4.3108e-03, +6.3699e-02, -9.7879e-02, -3.3258e-02, +7.2859e-02, +3.7335e-02, -3.4910e-03, +1.1239e-02, -3.3192e-02, -7.6826e-02, -8.1915e-02, -6.8435e-03, +2.6531e-02, -6.3855e-02, +4.2349e-02, +1.0114e-02, +8.0076e-02, +6.8722e-02, -9.1922e-02, -2.9311e-03, -5.7926e-02, +8.8308e-03
+1.1198e-01, +1.5609e-02, +3.7960e-02, -1.0820e-01, -1.0000e+00, -2.6330e-02, -3.2824e-02, +1.5216e-02, +7.0673e-02, +5.6074e-03, -9.0206e-02, -1.5723e-02, -1.1201e-01, -4.1220e-02, -6.4639e-02, +1.9686e-02, +2.6224e-02, -5.1834e-02, -1.2157e-01, -3.6674e-02, -3.7650e-02, +5.8730e-03, +2.7711e-02, -5.4233e-02, +5.5475e-02, +1.6451e-02, -3.0353e-02, -1.0238e-01, -4.2645e-02, -7.2777e-02, +1.1132e-01, -3.3265e-02, -5.5309e-02, +2.0447e-02, -5.0778e-02, -3.0797e-03, -3.0242e-02, +4.2500e-02, -8.7601e-02, +2.4950e-02, -1.7755e-02, +5.2955e-02, +8.8461e-02, -4.5477e-02, -6.4085e-03, -3.1087e-02, -8.8717e-02, +8.5145e-02, +3.6889e-02, -2.3346e-03
+6.0982e-02, -3.5098e-02, -8.8447e-02, -5.1249e-02, -2.6330e-02, -1.0000e+00, +3.5540e-02, -4.8849e-02, +5.6031e-02, +6.8729e-02, -6.4356e-02, +1.9623e-02, -8.8209e-03, -5.7545e-02, -1.0834e-01, -2.4676e-02, -1.1906e-03, -4.8543e-02, +1.1020e-02, +1.1776e-02, -3.8684e-02, -1.9624e-02, -9.1329e-02, +9.5651e-02, -1.8485e-02, +6.7385e-02, -7.8529e-02, -5.0606e-02, -3.1880e-02, -2.1395e-02, -4.4806e-02, +7.3099e-03, -1.7703e-03, +9.1230e-03, +1.2891e-02, -8.5367e-02, +3.0048e-02, +3.0104e-02, +3.2722e-02, -3.3517e-02, +8.3502e-03, -1.6293e-02, -4.1450e-03, -2.1062e-02, +6.7644e-02, -9.7921e-03, -8.4516e-02, -1.5906e-01, -1.0656e-01, +1.4743e-01
-6.0993e-02, +7.6526e-02, +1.0173e-01, +6.7057e-02, -3.2824e-02, +3.5540e-02, -1.0000e+00, +1.1943e-02, -1.1267e-01, +1.5509e-02, -1.6493e-02, -6.3338e-02, +3.6201e-02, -1.9833e-02, +3.5184e-02, -9.1840e-03, -1.3377e-02, -2.1310e-02, -3.4101e-03, -3.9445e-02, -5.0593e-02, +7.5658e-03, +6.6899e-02, -5.9599e-02, +1.9714e-01, -7.3689e-02, -3.8025e-02, +3.1184e-02, +2.0798e-02, -8.5289e-02, -6.3542e-02, +3.3634e-02, -2.0942e-02, +2.4343e-02, +2.9979e-02, +4.5778e-02, +1.3475e-03, -4.5617e-04, -2.2196e-02, -2.4006e-02, -1.5726e-02, -5.5097e-02, +2.4266e-02, +3.7122e-03, -5.2363e-02, -4.7379e-02, -5.8863e-03, -1.5811e-01, +9.4840e-02, -3.2256e-02
+1.1924e-02, +1.9654e-02, +3.0128e-02, -9.0385e-04, +1.5216e-02, -4.8849e-02, +1.1943e-02, -1.0000e+00, -6.1612e-02, +3.6330e-02, -2.2559e-02, -6.7644e-03, -3.1996e-02, -3.2979e-02, -4.5416e-02, +2.7826e-02, -6.5948e-03, -2.9089e-02, +8.6395e-02, +7.9023e-03, +3.5391e-02, +6.7906e-03, -4.3887e-02, +4.2370e-02, -1.0377e-02, +3.7878e-02, -6.1250e-02, -3.0192e-02, +2.1168e-04, -1.5140e-02, -6.5355e-02, -1.4390e-02, +5.8201e-02, +3.9591e-02, -1.5666e-02, -2.6720e-02, +3.5451e-02, -3.8271e-03, -3.3069e-02, -8.7309e-02, +1.2998e-02, -2.8246e-02, -1.9322e-02, +6.4287e-02, -1.1158e-02, +5.3419e-02, -4.6150e-02, -4.2441e-02, +1.6453e-02, +4.3202e-02
-3.1346e-02, -1.8177e-02, +3.0363e-02, +7.5206e-02, +7.0673e-02, +5.6031e-02, -1.1267e-01, -6.1612e-02, -1.0000e+00, +5.1139e-02, +5.5532e-02, -3.2963e-02, -2.2397e-03, +4.0258e-02, +5.5153e-02, +8.4268e-04, -5.2052e-02, +7.9286e-02, +9.9040e-04, +2.2055e-02, -2.9754e-02, +5.4801e-02, -1.2038e-02, -1.3356e-02, -6.4196e-02, -4.0762e-02, +8.5644e-02, +3.5170e-02, +4.2476e-02, +2.1364e-02, +1.0263e-01, -1.7773e-02, -3.2878e-02, -6.9389e-02, -5.0009e-02, -8.8857e-03, -4.5001e-03, +4.5897e-03, +1.7207e-02, -2.5814e-02, +1.1740e-01, +3.1962e-02, -1.6033e-03, -7.5500e-02, -4.7944e-02, -6.3561e-02, +1.2014e-02, +3.7948e-03, -2.8704e-02, -8.1905e-04
+6.7144e-02, +2.7141e-02, +2.7249e-02, +1.6463e-01, +5.6074e-03, +6.8729e-02, +1.5509e-02, +3.6330e-02, +5.1139e-02, -1.0000e+00, -6.7845e-02, +5.3800e-02, +6.5294e-02, -7.5017e-03, +1.4262e-01, -5.8003e-02, +1.6047e-01, +9.2630e-02, -4.9033e-02, -3.1746e-02, -2.7480e-02, -4.4833e-02, +1.4319e-01, -1.6935e-01, +2.7847e-02, +1.3982e-01, -1.8039e-02, +1.1687e-01, +1.0441e-01, +2.1064e-02, -4.2679e-02, -3.5643e-02, -4.5252e-03, -2.8142e-02, +2.0528e-03, -5.8720e-03, -1.1720e-02, +5.3821e-02, +2.3649e-02, +6.6635e-03, +1.0044e-01, -1.2894e-01, +1.5018e-01, -5.7096e-02, +1.3536e-01, +2.2958e-02, +1.1056e-01, +1.4905e-01, -4.5120e-03, +3.7255e-02
+6.0272e-02, -4.1856e-03, -2.0112e-02, -6.3519e-02, -9.0206e-02, -6.4356e-02, -1.6493e-02, -2.2559e-02, +5.5532e-02, -6.7845e-02, -1.0000e+00, -5.0826e-02, -2.1446e-04, -7.3916e-02, -9.2534e-02, -2.1344e-02, +4.8905e-02, -7.0683e-02, -4.2588e-02, -6.4996e-02, -7.9407e-02, -7.4341e-02, -5.7536e-05, -1.4717e-02, +3.4560e-02, -6.4988e-02, +1.9413e-02, -7.9474e-02, +3.4756e-02, -3.8084e-02, -1.9126e-02, -4.3356e-02, +8.3409e-02, +5.4331e-02, -4.8692e-02, -6.8894e-06, +3.3552e-02, +9.0290e-03, -8.2960e-02, +3.2079e-02, -2.9682e-02, +3.1329e-02, +1.7440e-01, -7.3765e-02, -5.6070e-02, +1.3690e-03, -9.6224e-02, +5.0128e-02, +4.6157e-02, +1.6756e-02
+1.0237e-02, +7.6163e-02, -4.9754e-02, -7.6979e-02, -1.5723e-02, +1.9623e-02, -6.3338e-02, -6.7644e-03, -3.2963e-02, +5.3800e-02, -5.0826e-02, -1.0000e+00, +2.0960e-02, -2.5810e-02, +1.7309e-02, +8.9864e-03, +1.7919e-04, -1.8198e-02, -6.5227e-02, +4.1271e-02, -5.6775e-02, -4.6199e-02, +7.2047e-02, -4.1075e-02, -2.2481e-03, +2.6299e-02, +1.4995e-02, +3.7275e-02, -3.0357e-02, +2.1501e-02, -3.3943e-02, -3.6273e-03, +4.0647e-02, +5.2746e-02, +2.4425e-02, +1.4206e-02, -3.9180e-02, -8.4003e-02, -3.5148e-02, -4.4372e-02, +1.5386e-02, -1.9685e-02, -3.0251e-03, +1.9296e-02, +2.3412e-02, -6.3703e-02, -3.5902e-02, +1.4573e-02, -2.9161e-02, -1.2273e-02
+7.4434e-02, +2.5121e-02, -4.0275e-02, +1.6597e-02, -1.1201e-01, -8.8209e-03, +3.6201e-02, -3.1996e-02, -2.2397e-03, +6.5294e-02, -2.1446e-04, +2.0960e-02, -1.0000e+00, +3.4009e-02, -6.0500e-02, +4.1853e-02, +6.0950e-02, -6.0149e-02, -3.5149e-02, +4.5959e-02, -5.6331e-02, -4.7784e-02, -5.8705e-02, +1.3986e-02, -9.8948e-02, -1.2501e-01, -9.0508e-02, -5.8504e-03, +3.4290e-02, +2.8152e-02, +2.9309e-02, +3.2505e-02, +4.2127e-03, +3.7160e-02, -5.3424e-02, -4.5701e-02, +1.6026e-02, -3.8881e-03, -5.2276e-03, -5.5265e-02, -8.6906e-02, +1.6680e-03, -7.0027e-03, -2.4096e-02, -1.7498e-01, -5.0530e-02, -7.3116e-02, -2.6876e-01, +1.5968e-01, +1.2001e-01
-3.7718e-02, +3.7642e-02, +1.6901e-02, +2.0008e-04, -4.1220e-02, -5.7545e-02, -1.9833e-02, -3.2979e-02, +4.0258e-02, -7.5017e-03, -7.3916e-02, -2.5810e-02, +3.4009e-02, -1.0000e+00, -6.2597e-03, +3.2155e-02, +4.4594e-02, -9.2169e-03, -2.1624e-02, -3.0265e-02, -4.3593e-02, -5.3703e-02, +4.0566e-02, -4.7332e-03, -6.7814e-02, -1.5186e-02, -2.7737e-02, -1.7929e-02, +1.1945e-01, -4.9554e-02, -6.3613e-02, -9.7396e-04, +1.1158e-04, +8.9770e-02, +1.3392e-02, +8.2938e-03, +1.2045e-03, +5.2588e-02, +2.3550e-02, +1.3756e-02, +1.8853e-02, +1.4355e-02, +1.5458e-02, -9.1888e-02, -4.5943e-03, +7.0708e-02, -2.1315e-02, -5.9876e-02, +2.6453e-03, +9.6706e-03
+1.7886e-02, -5.5183e-02, +4.0192e-02, -8.1097e-03, -6.4639e-02, -1.0834e-01, +3.5184e-02, -4.5416e-02, +5.5153e-02, +1.4262e-01, -9.2534e-02, +1.7309e-02, -6.0500e-02, -6.2597e-03, -1.0000e+00, +2.4974e-03, -6.6552e-02, -8.1778e-02, -1.2066e-01, -7.7627e-02, -1.6255e-02, -1.4728e-03, -3.0368e-02, -5.3186e-02, +7.9505e-03, -3.8404e-02, -1.0304e-01, -7.6747e-02, -1.5320e-02, -1.9803e-02, -2.1037e-02, -4.8986e-03, -3.6031e-02, +1.5678e-02, -6.4527e-02, +2.4357e-02, +6.3160e-02, +2.2017e-02, -3.0972e-02, +4.5408e-02, -4.1112e-02, -6.6034e-02, +8.3537e-02, +2.9120e-02, -4.0494e-02, -4.5092e-02, -3.1603e-02, +9.4344e-02, +2.3505e-02, +6.4057e-02
-1.6145e-02, +4.6104e-02, +6.2629e-02, +4.6875e-03, +1.9686e-02, -2.4676e-02, -9.1840e-03, +2.7826e-02, +8.4268e-04, -5.8003e-02, -2.1344e-02, +8.9864e-03, +4.1853e-02, +3.2155e-02, +2.4974e-03, -1.0000e+00, -1.9431e-02, -2.9771e-02, +3.7085e-02, +3.3947e-02, -6.4189e-02, -3.7760e-04, +8.1279e-02, -2.1012e-02, -5.3582e-04, +1.0189e-02, -4.9107e-02, -2.2006e-02, +2.3947e-02, +2.9393e-02, -2.2151e-02, +3.4079e-02, +1.2854e-02, -2.3280e-02, -2.7610e-02, +5.5506e-02, -1.1177e-02, +8.1754e-02, +2.2720e-02, -1.8715e-02, -1.2888e-02, -1.3113e-01, +1.2020e-01, +1.8653e-02, +2.9722e-02, -1.1641e-02, +4.6281e-02, -5.9075e-02, -3.1727e-02, -1.9840e-02
-3.5081e-02, +1.1325e-02, -4.6570e-02, +1.1591e-02, +2.6224e-02, -1.1906e-03, -1.3377e-02, -6.5948e-03, -5.2052e-02, +1.6047e-01, +4.8905e-02, +1.7918e-04, +6.0950e-02, +4.4594e-02, -6.6552e-02, -1.9431e-02, -1.0000e+00, +1.7286e-02, +7.2166e-02, +2.3234e-02, +9.8622e-03, +3.3147e-02, -1.0320e-01, +1.7761e-02, -1.6528e-02, +3.9558e-02, +1.1892e-02, +2.9272e-03, +2.9028e-02, -4.8713e-03, +5.0643e-03, +6.3464e-02, -1.5772e-02, +2.3623e-02, +2.5613e-03, -1.1537e-02, +1.3270e-02, +5.6642e-02, +4.9929e-02, +5.5071e-03, -5.3260e-02, +4.7356e-03, -1.2353e-01, +7.7108e-02, -1.8940e-02, -4.7367e-02, -2.9814e-02, +3.1687e-02, -1.1539e-01, +6.9542e-02
+1.7036e-02, -4.4245e-02, +1.3026e-02, -8.0817e-02, -5.1834e-02, -4.8543e-02, -2.1310e-02, -2.9089e-02, +7.9286e-02, +9.2630e-02, -7.0683e-02, -1.8198e-02, -6.0149e-02, -9.2169e-03, -8.1778e-02, -2.9771e-02, +1.7286e-02, -1.0000e+00, -4.1527e-02, -4.9246e-02, -8.1638e-02, +1.3436e-02, +2.6831e-02, +1.5543e-02, +4.0002e-02, -1.1076e-01, +4.8202e-04, -5.0839e-02, -6.6926e-02, -6.9433e-02, +4.9790e-02, +2.4621e-02, +5.8781e-02, +2.2520e-02, +5.0487e-03, +2.6970e-02, +7.6852e-03, -3.7831e-02, -9.9919e-03, +1.5877e-02, -1.7789e-02, +4.0386e-03, +4.5645e-02, -7.9991e-02, -6.6547e-02, +6.2321e-02, -5.4426e-02, -2.7903e-02, +1.7263e-02, +1.2864e-02
+6.2542e-02, +1.9311e-03, -5.9774e-03, +1.6966e-03, -1.2157e-01, +1.1020e-02, -3.4101e-03, +8.6395e-02, +9.9040e-04, -4.9033e-02, -4.2588e-02, -6.5227e-02, -3.5149e-02, -2.1624e-02, -1.2066e-01, +3.7085e-02, +7.2166e-02, -4.1527e-02, -1.0000e+00, +1.2837e-03, -6.8999e-02, +9.5294e-03, +9.2177e-02, -9.3814e-03, +2.8074e-02, -1.6220e-02, -2.1845e-02, +3.1178e-02, +2.8648e-02, -7.3206e-02, -1.2331e-02, +1.0491e-02, +7.3275e-02, +5.7325e-02, +2.9160e-02, -3.9057e-02, -5.8575e-02, +5.8371e-02, -6.1499e-02, -5.4425e-02, -1.2535e-02, -4.8618e-02, -7.0177e-03, -7.5621e-03, +2.5573e-02, -6.3298e-02, -5.9546e-02, -4.3379e-02, +1.1362e-02, -1.7612e-02
+4.9802e-02, +2.7333e-02, +3.0524e-02, +5.7527e-02, -3.6674e-02, +1.1776e-02, -3.9445e-02, +7.9023e-03, +2.2055e-02, -3.1746e-02, -6.4996e-02, +4.1271e-02, +4.5959e-02, -3.0265e-02, -7.7627e-02, +3.3947e-02, +2.3234e-02, -4.9246e-02, +1.2837e-03, -1.0000e+00, -3.7876e-02, -4.3859e-02, -1.0243e-02, -3.7695e-02, +9.2706e-03, -2.7116e-02, -5.1577e-02, +8.9129e-03, +4.8007e-03, -3.3045e-02, -2.6707e-02, -1.3414e-02, +1.3429e-02, +9.1943e-02, +4.2300e-02, -9.1845e-03, +3.8652e-02, -6.0501e-02, -4.3919e-03, +8.7055e-02, -1.5901e-02, +4.6143e-02, +2.0277e-01, +6.0649e-02, +4.0849e-03, +2.0787e-02, -1.3768e-02, -4.0284e-02, +7.2801e-02, -4.8932e-02
-5.5743e-02, -1.4025e-02, -7.1382e-02, -1.2527e-02, -3.7650e-02, -3.8684e-02, -5.0593e-02, +3.5391e-02, -2.9754e-02, -2.7480e-02, -7.9407e-02, -5.6775e-02, -5.6331e-02, -4.3593e-02, -1.6255e-02, -6.4189e-02, +9.8622e-03, -8.1638e-02, -6.8999e-02, -3.7876e-02, -1.0000e+00, +1.6607e-01, +3.9608e-02, -4.2897e-02, -3.2863e-02, -3.4254e-02, -7.2187e-02, -5.7233e-02, +2.4906e-02, -1.1563e-02, +8.2739e-03, -3.2518e-02, +4.6789e-02, +5.3461e-02, -4.5987e-03, -5.4542e-02, +3.8915e-02, -6.6034e-02, -8.2464e-02, -3.2667e-02, -2.8038e-02, -2.9932e-02, +6.2843e-02, -1.7877e-01, -3.2456e-02, +3.1329e-02, -1.3088e-02, -3.0616e-02, +1.9614e-02, +6.1293e-02
+4.5280e-02, +5.0456e-02, -3.0635e-02, -2.1066e-02, +5.8730e-03, -1.9624e-02, +7.5658e-03, +6.7906e-03, +5.4801e-02, -4.4833e-02, -7.4341e-02, -4.6199e-02, -4.7784e-02, -5.3703e-02, -1.4728e-03, -3.7759e-04, +3.3147e-02, +1.3436e-02, +9.5294e-03, -4.3859e-02, +1.6607e-01, -1.0000e+00, +2.3085e-02, -1.1561e-01, +1.6595e-02, -1.5093e-02, -6.6085e-02, +5.0708e-02, +2.6063e-02, -5.0292e-02, -8.3003e-02, -6.4351e-02, +2.5365e-02, +3.1301e-02, +1.9969e-02, +4.4657e-02, +7.2063e-02, -3.0285e-02, -1.1230e-02, +9.1130e-02, -7.0348e-02, -6.1720e-02, +1.2445e-01, +3.1708e-02, -7.6676e-03, +2.5740e-02, -8.3657e-02, -8.8463e-02, +4.7827e-02, +1.7749e-02
-4.9143e-02, +2.5053e-02, -7.2198e-02, -4.3199e-02, +2.7711e-02, -9.1329e-02, +6.6899e-02, -4.3887e-02, -1.2038e-02, +1.4319e-01, -5.7525e-05, +7.2047e-02, -5.8705e-02, +4.0566e-02, -3.0368e-02, +8.1279e-02, -1.0320e-01, +2.6831e-02, +9.2177e-02, -1.0243e-02, +3.9608e-02, +2.3085e-02, -1.0000e+00, +1.9760e-02, -2.7710e-02, -8.3750e-02, +4.7402e-03, +4.7595e-02, +4.7440e-02, -6.9177e-03, -1.1531e-01, -3.7339e-03, -2.6035e-02, -8.3754e-02, +2.1966e-02, +1.0488e-03, +5.9813e-02, +2.8559e-02, +4.6782e-02, +7.0940e-02, +7.3981e-03, -6.3585e-02, -5.3238e-02, +6.7458e-02, -5.1810e-02, +6.2915e-02, -3.7567e-02, +2.9465e-02, +1.4909e-01, +4.1701e-01
-1.5102e-02, +5.7458e-02, +6.5338e-03, -4.9576e-02, -5.4233e-02, +9.5651e-02, -5.9599e-02, +4.2370e-02, -1.3356e-02, -1.6935e-01, -1.4717e-02, -4.1075e-02, +1.3986e-02, -4.7332e-03, -5.3186e-02, -2.1012e-02, +1.7761e-02, +1.5543e-02, -9.3814e-03, -3.7695e-02, -4.2897e-02, -1.1561e-01, +1.9760e-02, -1.0000e+00, +4.7866e-02, -3.3825e-03, -8.2466e-02, +2.3004e-02, +4.2250e-02, +7.6013e-02, -1.1020e-01, -2.7239e-03, +1.2430e-02, +2.2099e-02, -2.0662e-02, +1.3930e-02, -1.1263e-01, -3.3076e-02, -4.2274e-02, +2.4313e-02, -5.8930e-03, -8.3717e-02, +1.1515e-01, -1.5787e-02, +4.1250e-02, -7.4016e-02, -4.4585e-02, +1.0448e-01, -2.2126e-02, -5.4208e-04
+3.7028e-02, -2.9200e-02, -3.4693e-02, -5.0865e-02, +5.5475e-02, -1.8485e-02, +1.9714e-01, -1.0377e-02, -6.4196e-02, +2.7847e-02, +3.4560e-02, -2.2481e-03, -9.8948e-02, -6.7814e-02, +7.9505e-03, -5.3583e-04, -1.6528e-02, +4.0002e-02, +2.8074e-02, +9.2706e-03, -3.2863e-02, +1.6595e-02, -2.7710e-02, +4.7866e-02, -1.0000e+00, +1.3954e-01, +9.9101e-03, +1.3736e-02, +8.7938e-02, +6.0520e-02, +4.4298e-02, -4.6604e-02, -5.6785e-04, -3.4675e-02, -7.1664e-02, -6.1301e-02, -9.0423e-02, -6.6585e-02, +6.9100e-02, -6.3342e-03, -2.7180e-02, +2.9791e-02, +2.8131e-02, -2.7554e-02, +3.2230e-04, +4.7154e-02, -6.6563e-02, -4.3319e-02, +2.4540e-02, +3.4041e-03
-9.3567e-02, -4.5577e-02, +2.0656e-02, +1.0096e-02, +1.6451e-02, +6.7385e-02, -7.3689e-02, +3.7878e-02, -4.0762e-02, +1.3982e-01, -6.4988e-02, +2.6299e-02, -1.2501e-01, -1.5186e-02, -3.8404e-02, +1.0189e-02, +3.9558e-02, -1.1076e-01, -1.6220e-02, -2.7116e-02, -3.4254e-02, -1.5093e-02, -8.3750e-02, -3.3825e-03, +1.3954e-01, -1.0000e+00, -4.4923e-02, +1.9895e-02, +7.9539e-02, -9.7694e-02, +5.2224e-02, +7.1465e-02, +4.2630e-02, +4.2795e-02, +8.2186e-03, -1.0411e-02, +1.8245e-02, +6.6339e-02, -2.6875e-02, +3.2821e-03, -1.4554e-02, -5.4471e-02, -3.5729e-02, +4.9741e-03, -4.4092e-02, +5.9993e-02, +2.9572e-02, -8.9481e-02, +4.9080e-02, +7.6224e-02
+4.7275e-03, -6.1193e-03, +1.8579e-02, -6.0468e-02, -3.0353e-02, -7.8529e-02, -3.8025e-02, -6.1250e-02, +8.5644e-02, -1.8039e-02, +1.9413e-02, +1.4995e-02, -9.0508e-02, -2.7737e-02, -1.0304e-01, -4.9107e-02, +1.1892e-02, +4.8202e-04, -2.1845e-02, -5.1577e-02, -7.2187e-02, -6.6085e-02, +4.7402e-03, -8.2466e-02, +9.9100e-03, -4.4923e-02, -1.0000e+00, -2.0652e-02, -3.7546e-02, -9.4788e-02, -9.3720e-02, +3.6516e-03, +9.4954e-03, -2.7231e-03, +5.4537e-03, -4.6413e-02, +8.5146e-03, -1.7252e-02, -3.8829e-02, +6.0433e-02, -3.1607e-02, -6.6141e-02, +1.3489e-01, -2.4402e-02, +8.1780e-02, -9.2435e-03, -3.2529e-02, -1.6976e-01, -8.6417e-02, +5.8201e-02
+2.2357e-02, -5.0939e-02, +1.0190e-02, -5.0454e-02, -1.0238e-01, -5.0606e-02, +3.1184e-02, -3.0192e-02, +3.5170e-02, +1.1687e-01, -7.9474e-02, +3.7275e-02, -5.8504e-03, -1.7929e-02, -7.6747e-02, -2.2006e-02, +2.9272e-03, -5.0839e-02, +3.1178e-02, +8.9130e-03, -5.7233e-02, +5.0708e-02, +4.7595e-02, +2.3004e-02, +1.3736e-02, +1.9895e-02, -2.0652e-02, -1.0000e+00, -1.9706e-02, -2.7358e-02, -6.5861e-02, +5.7493e-02, +7.8658e-02, +7.1973e-02, -3.3974e-02, -3.4744e-02, +2.9706e-02, -4.4794e-02, -9.4446e-02, +4.5980e-03, +3.8436e-03, +1.0335e-01, -2.3613e-02, -5.1659e-02, -8.4233e-03, +4.2109e-02, +7.4307e-03, +8.0998e-02, -7.2189e-02, -1.8546e-02
+3.2337e-02, -1.2225e-02, +2.4230e-03, +4.3108e-03, -4.2645e-02, -3.1880e-02, +2.0798e-02, +2.1169e-04, +4.2476e-02, +1.0441e-01, +3.4756e-02, -3.0357e-02, +3.4290e-02, +1.1945e-01, -1.5320e-02, +2.3947e-02, +2.9028e-02, -6.6926e-02, +2.8648e-02, +4.8007e-03, +2.4906e-02, +2.6063e-02, +4.7440e-02, +4.2250e-02, +8.7938e-02, +7.9539e-02, -3.7546e-02, -1.9706e-02, -1.0000e+00, -6.5999e-03, +5.4275e-02, +3.6890e-02, +6.3409e-02, +4.2610e-03, +1.5472e-02, -4.1609e-02, +2.8994e-02, -1.0784e-01, -1.3315e-02, -5.8550e-03, +3.4807e-02, +8.0667e-02, -6.1419e-02, +1.8689e-02, +2.4268e-04, -3.5281e-02, -2.1591e-02, +6.2058e-02, -3.3152e-02, -4.8667e-02
-3.9510e-02, -5.9707e-02, +7.0914e-02, +6.3699e-02, -7.2777e-02, -2.1395e-02, -8.5289e-02, -1.5140e-02, +2.1364e-02, +2.1064e-02, -3.8084e-02, +2.1501e-02, +2.8152e-02, -4.9554e-02, -1.9803e-02, +2.9393e-02, -4.8713e-03, -6.9433e-02, -7.3206e-02, -3.3045e-02, -1.1564e-02, -5.0292e-02, -6.9178e-03, +7.6013e-02, +6.0520e-02, -9.7694e-02, -9.4788e-02, -2.7358e-02, -6.5999e-03, -1.0000e+00, +7.3678e-03, +3.4907e-02, +5.9681e-03, +1.9927e-02, +1.1652e-01, +3.0476e-02, -5.3155e-03, +6.3369e-02, -5.4331e-02, -3.8494e-02, -1.2583e-02, -1.6175e-02, -6.1531e-03, -2.3081e-02, +4.9034e-02, -3.1437e-02, +1.1339e-01, -3.7094e-02, +1.7801e-02, +3.4879e-02
-1.2453e-02, -1.7504e-02, +9.7030e-02, -9.7879e-02, +1.1132e-01, -4.4806e-02, -6.3542e-02, -6.5355e-02, +1.0263e-01, -4.2679e-02, -1.9126e-02, -3.3943e-02, +2.9309e-02, -6.3613e-02, -2.1037e-02, -2.2151e-02, +5.0643e-03, +4.9790e-02, -1.2331e-02, -2.6707e-02, +8.2739e-03, -8.3003e-02, -1.1531e-01, -1.1020e-01, +4.4298e-02, +5.2224e-02, -9.3720e-02, -6.5861e-02, +5.4275e-02, +7.3678e-03, -1.0000e+00, +9.5540e-04, +4.2865e-02, -1.2866e-02, +6.2573e-02, +4.8981e-02, -5.6194e-02, -2.7607e-02, -1.3822e-02, +5.6840e-02, -7.5297e-02, -8.0274e-02, +1.9871e-01, -3.5296e-02, +4.2229e-02, +7.0916e-02, -8.1708e-05, -1.9086e-02, -4.3759e-02, +6.0784e-02
-1.5774e-02, +1.9285e-02, -3.4781e-02, -3.3258e-02, -3.3265e-02, +7.3099e-03, +3.3634e-02, -1.4390e-02, -1.7773e-02, -3.5643e-02, -4.3356e-02, -3.6273e-03, +3.2505e-02, -9.7396e-04, -4.8986e-03, +3.4079e-02, +6.3464e-02, +2.4621e-02, +1.0491e-02, -1.3414e-02, -3.2518e-02, -6.4351e-02, -3.7339e-03, -2.7239e-03, -4.6604e-02, +7.1465e-02, +3.6516e-03, +5.7493e-02, +3.6890e-02, +3.4907e-02, +9.5540e-04, -1.0000e+00, -2.6000e-02, -1.1953e-02, -1.4073e-02, -6.1010e-03, +2.1610e-02, +1.2810e-02, -4.5800e-03, -1.5412e-02, +3.7701e-02, +4.9305e-02, +6.7867e-03, +9.4015e-03, +3.7355e-03, +1.6715e-02, -7.4567e-02, -4.6405e-02, -1.4378e-03, +1.7732e-02
-5.3104e-02, +6.8459e-03, -5.1493e-02, +7.2859e-02, -5.5309e-02, -1.7702e-03, -2.0942e-02, +5.8201e-02, -3.2878e-02, -4.5252e-03, +8.3409e-02, +4.0647e-02, +4.2127e-03, +1.1158e-04, -3.6031e-02, +1.2854e-02, -1.5772e-02, +5.8781e-02, +7.3275e-02, +1.3429e-02, +4.6789e-02, +2.5365e-02, -2.6035e-02, +1.2430e-02, -5.6785e-04, +4.2630e-02, +9.4954e-03, +7.8658e-02, +6.3409e-02, +5.9681e-03, +4.2865e-02, -2.6000e-02, -1.0000e+00, +1.3843e-03, +3.5915e-02, -1.4084e-02, +2.5246e-02, +1.1539e-02, +3.1940e-02, -7.3638e-02, -4.9854e-02, -7.1344e-02, -7.9014e-02, +1.0755e-02, -4.5848e-03, +1.2106e-03, +8.4379e-02, -7.6740e-02, +3.3532e-02, -7.8897e-02
-3.5509e-02, +3.3525e-02, +1.5649e-02, +3.7335e-02, +2.0447e-02, +9.1230e-03, +2.4343e-02, +3.9591e-02, -6.9389e-02, -2.8142e-02, +5.4331e-02, +5.2746e-02, +3.7160e-02, +8.9770e-02, +1.5678e-02, -2.3280e-02, +2.3623e-02, +2.2520e-02, +5.7325e-02, +9.1943e-02, +5.3461e-02, +3.1301e-02, -8.3754e-02, +2.2099e-02, -3.4675e-02, +4.2795e-02, -2.7231e-03, +7.1973e-02, +4.2610e-03, +1.9927e-02, -1.2866e-02, -1.1953e-02, +1.3843e-03, -1.0000e+00, -2.8885e-02, -2.2037e-02, +3.3838e-02, +7.3723e-03, +2.7608e-02, -1.7602e-02, -4.5582e-02, -2.9131e-02, -1.6783e-03, -2.8758e-02, -9.3034e-03, +1.5315e-02, +3.0797e-02, -3.9075e-02, +4.0012e-02, -7.4321e-03
-2.9578e-02, -1.7628e-02, +8.5018e-03, -3.4910e-03, -5.0778e-02, +1.2891e-02, +2.9979e-02, -1.5666e-02, -5.0009e-02, +2.0528e-03, -4.8693e-02, +2.4425e-02, -5.3424e-02, +1.3392e-02, -6.4527e-02, -2.7610e-02, +2.5613e-03, +5.0487e-03, +2.9160e-02, +4.2300e-02, -4.5987e-03, +1.9969e-02, +2.1966e-02, -2.0662e-02, -7.1664e-02, +8.2186e-03, +5.4537e-03, -3.3974e-02, +1.5472e-02, +1.1652e-01, +6.2573e-02, -1.4073e-02, +3.5915e-02, -2.8885e-02, -1.0000e+00, +2.0520e-03, -9.9505e-03, +7.8489e-03, +7.5026e-03, -3.5835e-02, -3.2255e-04, +2.3716e-02, +2.1934e-02, -6.3235e-03, -1.1722e-04, +3.7519e-02, -1.1303e-01, -4.3194e-02, -9.6159e-03, +2.3478e-02
+1.0799e-02, -3.0478e-02, -1.0564e-01, +1.1239e-02, -3.0797e-03, -8.5367e-02, +4.5778e-02, -2.6720e-02, -8.8857e-03, -5.8720e-03, -6.8976e-06, +1.4206e-02, -4.5701e-02, +8.2938e-03, +2.4357e-02, +5.5506e-02, -1.1537e-02, +2.6970e-02, -3.9057e-02, -9.1845e-03, -5.4542e-02, +4.4657e-02, +1.0488e-03, +1.3930e-02, -6.1301e-02, -1.0411e-02, -4.6413e-02, -3.4744e-02, -4.1609e-02, +3.0476e-02, +4.8981e-02, -6.1010e-03, -1.4084e-02, -2.2037e-02, +2.0520e-03, -1.0000e+00, +3.7439e-02, -2.5129e-02, +3.7929e-02, -3.8207e-02, -7.6834e-03, +2.3502e-02, -7.4055e-02, -8.1553e-03, -2.2875e-02, -7.8725e-02, +9.9627e-03, -4.7545e-02, +6.6617e-02, +8.0635e-02
+1.2925e-02, +1.4191e-01, -5.5251e-03, -3.3192e-02, -3.0242e-02, +3.0048e-02, +1.3475e-03, +3.5451e-02, -4.5001e-03, -1.1720e-02, +3.3552e-02, -3.9180e-02, +1.6026e-02, +1.2045e-03, +6.3160e-02, -1.1177e-02, +1.3270e-02, +7.6852e-03, -5.8575e-02, +3.8652e-02, +3.8915e-02, +7.2063e-02, +5.9813e-02, -1.1263e-01, -9.0423e-02, +1.8245e-02, +8.5146e-03, +2.9706e-02, +2.8994e-02, -5.3155e-03, -5.6194e-02, +2.1610e-02, +2.5246e-02, +3.3838e-02, -9.9505e-03, +3.7439e-02, -1.0000e+00, +5.9213e-02, -1.7981e-03, +7.5561e-03, -5.8505e-02, +5.0247e-03, +3.5905e-02, +1.0560e-01, +1.7427e-02, +3.1603e-03, -6.2492e-02, +6.2375e-02, +4.7886e-02, -6.9792e-02
-4.9384e-03, -6.7725e-02, +2.2088e-02, -7.6826e-02, +4.2500e-02, +3.0104e-02, -4.5617e-04, -3.8271e-03, +4.5897e-03, +5.3821e-02, +9.0290e-03, -8.4003e-02, -3.8881e-03, +5.2588e-02, +2.2017e-02, +8.1754e-02, +5.6642e-02, -3.7831e-02, +5.8371e-02, -6.0501e-02, -6.6034e-02, -3.0285e-02, +2.8559e-02, -3.3076e-02, -6.6585e-02, +6.6339e-02, -1.7252e-02, -4.4794e-02, -1.0784e-01, +6.3369e-02, -2.7607e-02, +1.2810e-02, +1.1539e-02, +7.3723e-03, +7.8489e-03, -2.5129e-02, +5.9213e-02, -1.0000e+00, +2.0854e-02, -3.2040e-02, +4.0703e-02, -2.9718e-02, -5.1654e-03, -6.1468e-02, +1.9789e-02, +4.3431e-02, -5.5705e-02, +6.7226e-02, -1.0139e-01, +5.8651e-02
-5.0902e-02, -4.6581e-02, -3.8059e-03, -8.1915e-02, -8.7601e-02, +3.2722e-02, -2.2196e-02, -3.3069e-02, +1.7207e-02, +2.3649e-02, -8.2960e-02, -3.5148e-02, -5.2276e-03, +2.3550e-02, -3.0972e-02, +2.2720e-02, +4.9929e-02, -9.9919e-03, -6.1499e-02, -4.3919e-03, -8.2464e-02, -1.1230e-02, +4.6782e-02, -4.2274e-02, +6.9100e-02, -2.6875e-02, -3.8829e-02, -9.4446e-02, -1.3315e-02, -5.4331e-02, -1.3822e-02, -4.5800e-03, +3.1940e-02, +2.7608e-02, +7.5026e-03, +3.7929e-02, -1.7981e-03, +2.0854e-02, -1.0000e+00, +5.8595e-03, +6.1656e-02, -2.2714e-02, +1.0881e-02, -4.9683e-02, -4.6556e-04, +7.0378e-02, -1.1950e-01, +1.8352e-02, +5.3012e-02, -3.6206e-02
+2.8540e-03, -3.4017e-02, -5.2223e-02, -6.8435e-03, +2.4950e-02, -3.3517e-02, -2.4006e-02, -8.7309e-02, -2.5814e-02, +6.6635e-03, +3.2079e-02, -4.4372e-02, -5.5265e-02, +1.3756e-02, +4.5408e-02, -1.8715e-02, +5.5071e-03, +1.5877e-02, -5.4425e-02, +8.7055e-02, -3.2667e-02, +9.1130e-02, +7.0940e-02, +2.4313e-02, -6.3342e-03, +3.2821e-03, +6.0433e-02, +4.5980e-03, -5.8550e-03, -3.8494e-02, +5.6840e-02, -1.5412e-02, -7.3638e-02, -1.7602e-02, -3.5836e-02, -3.8207e-02, +7.5561e-03, -3.2040e-02, +5.8595e-03, -1.0000e+00, -1.6587e-03, -3.3012e-03, -8.9763e-02, -5.9867e-03, +2.0163e-02, +1.6655e-02, -4.8422e-02, +9.7357e-03, +3.6844e-02, -3.0389e-02
+5.8426e-02, +4.4904e-02, -3.4345e-02, +2.6531e-02, -1.7755e-02, +8.3502e-03, -1.5726e-02, +1.2998e-02, +1.1740e-01, +1.0044e-01, -2.9682e-02, +1.5386e-02, -8.6906e-02, +1.8853e-02, -4.1112e-02, -1.2888e-02, -5.3260e-02, -1.7789e-02, -1.2535e-02, -1.5901e-02, -2.8038e-02, -7.0348e-02, +7.3981e-03, -5.8930e-03, -2.7180e-02, -1.4554e-02, -3.1607e-02, +3.8436e-03, +3.4807e-02, -1.2583e-02, -7.5297e-02, +3.7701e-02, -4.9854e-02, -4.5582e-02, -3.2256e-04, -7.6834e-03, -5.8505e-02, +4.0703e-02, +6.1656e-02, -1.6587e-03, -1.0000e+00, +9.2769e-03, +2.8516e-02, -4.9275e-03, -3.1750e-02, -2.6527e-02, +3.9765e-02, -2.8247e-03, +5.4901e-02, -2.9100e-02
+4.2491e-02, +1.8803e-02, +9.8032e-03, -6.3855e-02, +5.2955e-02, -1.6293e-02, -5.5097e-02, -2.8246e-02, +3.1962e-02, -1.2894e-01, +3.1329e-02, -1.9685e-02, +1.6680e-03, +1.4355e-02, -6.6034e-02, -1.3113e-01, +4.7356e-03, +4.0386e-03, -4.8618e-02, +4.6143e-02, -2.9932e-02, -6.1720e-02, -6.3585e-02, -8.3717e-02, +2.9791e-02, -5.4471e-02, -6.6141e-02, +1.0335e-01, +8.0667e-02, -1.6175e-02, -8.0274e-02, +4.9305e-02, -7.1344e-02, -2.9131e-02, +2.3716e-02, +2.3502e-02, +5.0247e-03, -2.9718e-02, -2.2714e-02, -3.3012e-03, +9.2769e-03, -1.0000e+00, -2.2537e-01, +2.0741e-02, +1.0393e-01, +8.0391e-03, -1.1678e-02, -7.3774e-02, -1.0666e-01, +2.0401e-01
+4.6395e-03, -2.4525e-02, -3.9132e-02, +4.2349e-02, +8.8461e-02, -4.1450e-03, +2.4266e-02, -1.9322e-02, -1.6033e-03, +1.5018e-01, +1.7440e-01, -3.0251e-03, -7.0027e-03, +1.5458e-02, +8.3537e-02, +1.2020e-01, -1.2353e-01, +4.5645e-02, -7.0177e-03, +2.0277e-01, +6.2843e-02, +1.2445e-01, -5.3238e-02, +1.1515e-01, +2.8131e-02, -3.5729e-02, +1.3489e-01, -2.3613e-02, -6.1419e-02, -6.1531e-03, +1.9871e-01, +6.7867e-03, -7.9014e-02, -1.6783e-03, +2.1934e-02, -7.4055e-02, +3.5905e-02, -5.1654e-03, +1.0881e-02, -8.9763e-02, +2.8516e-02, -2.2537e-01, -1.0000e+00, +7.0394e-02, -9.8923e-02, -7.7053e-02, +1.0255e-02, +1.4614e-01, +4.7611e-02, +1.3442e-02
-1.1827e-03, -9.5764e-03, -8.8263e-02, +1.0114e-02, -4.5477e-02, -2.1062e-02, +3.7122e-03, +6.4287e-02, -7.5500e-02, -5.7096e-02, -7.3765e-02, +1.9296e-02, -2.4096e-02, -9.1888e-02, +2.9120e-02, +1.8653e-02, +7.7108e-02, -7.9991e-02, -7.5621e-03, +6.0649e-02, -1.7877e-01, +3.1708e-02, +6.7458e-02, -1.5787e-02, -2.7554e-02, +4.9741e-03, -2.4402e-02, -5.1659e-02, +1.8689e-02, -2.3081e-02, -3.5296e-02, +9.4015e-03, +1.0755e-02, -2.8758e-02, -6.3235e-03, -8.1553e-03, +1.0560e-01, -6.1468e-02, -4.9683e-02, -5.9867e-03, -4.9275e-03, +2.0741e-02, +7.0394e-02, -1.0000e+00, -4.2037e-02, +3.0881e-02, -6.8198e-02, +4.3952e-02, +4.7838e-02, +2.9180e-02
-5.9638e-02, -4.1648e-02, +1.8623e-02, +8.0076e-02, -6.4085e-03, +6.7644e-02, -5.2363e-02, -1.1158e-02, -4.7944e-02, +1.3536e-01, -5.6070e-02, +2.3412e-02, -1.7498e-01, -4.5943e-03, -4.0494e-02, +2.9722e-02, -1.8940e-02, -6.6547e-02, +2.5573e-02, +4.0849e-03, -3.2456e-02, -7.6676e-03, -5.1810e-02, +4.1250e-02, +3.2231e-04, -4.4092e-02, +8.1780e-02, -8.4233e-03, +2.4268e-04, +4.9034e-02, +4.2229e-02, +3.7355e-03, -4.5848e-03, -9.3034e-03, -1.1722e-04, -2.2875e-02, +1.7427e-02, +1.9789e-02, -4.6557e-04, +2.0163e-02, -3.1750e-02, +1.0393e-01, -9.8923e-02, -4.2037e-02, -1.0000e+00, +4.9437e-03, -4.5938e-02, +8.0665e-02, +2.8971e-01, -2.6849e-02
-4.3355e-02, -4.4453e-02, +6.0053e-02, +6.8722e-02, -3.1087e-02, -9.7921e-03, -4.7379e-02, +5.3419e-02, -6.3561e-02, +2.2958e-02, +1.3690e-03, -6.3703e-02, -5.0530e-02, +7.0708e-02, -4.5092e-02, -1.1641e-02, -4.7367e-02, +6.2321e-02, -6.3298e-02, +2.0787e-02, +3.1329e-02, +2.5740e-02, +6.2915e-02, -7.4016e-02, +4.7154e-02, +5.9993e-02, -9.2435e-03, +4.2109e-02, -3.5281e-02, -3.1437e-02, +7.0916e-02, +1.6715e-02, +1.2106e-03, +1.5315e-02, +3.7519e-02, -7.8725e-02, +3.1603e-03, +4.3431e-02, +7.0378e-02, +1.6655e-02, -2.6527e-02, +8.0391e-03, -7.7053e-02, +3.0881e-02, +4.9437e-03, -1.0000e+00, +1.8297e-02, -1.3019e-02, -7.2679e-03, -5.1957e-03
+9.7433e-03, +1.4216e-02, -2.7981e-02, -9.1922e-02, -8.8717e-02, -8.4516e-02, -5.8863e-03, -4.6150e-02, +1.2014e-02, +1.1056e-01, -9.6224e-02, -3.5902e-02, -7.3116e-02, -2.1315e-02, -3.1603e-02, +4.6281e-02, -2.9814e-02, -5.4426e-02, -5.9546e-02, -1.3768e-02, -1.3088e-02, -8.3657e-02, -3.7567e-02, -4.4585e-02, -6.6563e-02, +2.9572e-02, -3.2529e-02, +7.4306e-03, -2.1591e-02, +1.1339e-01, -8.1718e-05, -7.4567e-02, +8.4379e-02, +3.0797e-02, -1.1303e-01, +9.9627e-03, -6.2492e-02, -5.5705e-02, -1.1950e-01, -4.8422e-02, +3.9765e-02, -1.1678e-02, +1.0255e-02, -6.8198e-02, -4.5938e-02, +1.8297e-02, -1.0000e+00, -1.0268e-01, -2.0340e-02, +1.1186e-01
+1.9762e-02, -6.0586e-02, +4.9491e-03, -2.9311e-03, +8.5145e-02, -1.5906e-01, -1.5811e-01, -4.2441e-02, +3.7948e-03, +1.4905e-01, +5.0128e-02, +1.4573e-02, -2.6876e-01, -5.9876e-02, +9.4344e-02, -5.9075e-02, +3.1687e-02, -2.7903e-02, -4.3379e-02, -4.0284e-02, -3.0616e-02, -8.8463e-02, +2.9465e-02, +1.0448e-01, -4.3319e-02, -8.9481e-02, -1.6976e-01, +8.0998e-02, +6.2058e-02, -3.7094e-02, -1.9086e-02, -4.6405e-02, -7.6740e-02, -3.9075e-02, -4.3194e-02, -4.7545e-02, +6.2375e-02, +6.7226e-02, +1.8352e-02, +9.7357e-03, -2.8247e-03, -7.3774e-02, +1.4614e-01, +4.3952e-02, +8.0665e-02, -1.3019e-02, -1.0268e-01, -1.0000e+00, +1.4985e-01, +1.9673e-02
+4.6340e-02, -2.5744e-02, -1.4914e-02, -5.7926e-02, +3.6889e-02, -1.0656e-01, +9.4840e-02, +1.6453e-02, -2.8704e-02, -4.5120e-03, +4.6157e-02, -2.9161e-02, +1.5968e-01, +2.6454e-03, +2.3505e-02, -3.1727e-02, -1.1539e-01, +1.7263e-02, +1.1362e-02, +7.2801e-02, +1.9614e-02, +4.7827e-02, +1.4909e-01, -2.2126e-02, +2.4540e-02, +4.9080e-02, -8.6417e-02, -7.2189e-02, -3.3152e-02, +1.7801e-02, -4.3759e-02, -1.4378e-03, +3.3532e-02, +4.0012e-02, -9.6159e-03, +6.6617e-02, +4.7886e-02, -1.0139e-01, +5.3012e-02, +3.6844e-02, +5.4901e-02, -1.0666e-01, +4.7611e-02, +4.7838e-02, +2.8971e-01, -7.2679e-03, -2.0340e-02, +1.4985e-01, -1.0000e+00, +3.6865e-01
-5.1084e-02, +5.5264e-02, +6.6563e-02, +8.8308e-03, -2.3346e-03, +1.4743e-01, -3.2256e-02, +4.3202e-02, -8.1904e-04, +3.7255e-02, +1.6756e-02, -1.2273e-02, +1.2001e-01, +9.6706e-03, +6.4057e-02, -1.9840e-02, +6.9542e-02, +1.2864e-02, -1.7612e-02, -4.8932e-02, +6.1293e-02, +1.7749e-02, +4.1701e-01, -5.4207e-04, +3.4041e-03, +7.6224e-02, +5.8201e-02, -1.8546e-02, -4.8667e-02, +3.4879e-02, +6.0784e-02, +1.7732e-02, -7.8897e-02, -7.4321e-03, +2.3478e-02, +8.0635e-02, -6.9792e-02, +5.8651e-02, -3.6206e-02, -3.0389e-02, -2.9100e-02, +2.0401e-01, +1.3442e-02, +2.9180e-02, -2.6849e-02, -5.1957e-03, +1.1186e-01, +1.9673e-02, +3.6865e-01, -1.0000e+00
