-1.0000e+00, -1.3608e-02, -6.6765e-02, -8.0646e-02, +3.3871e-02, -5.3599e-02, -8.4249e-02, +1.7301e-02, -5.7223e-02, +1.9998e-02, -4.9214e-02, -1.3452e-01, +1.2007e-02, -9.1001e-02, -4.2881e-02, +7.5626e-02, -1.2864e-02, -5.1723e-02, -4.3566e-02, -6.1386e-02, +6.3596e-03, -8.5626e-02, -5.1466e-02, -3.7373e-02, -1.4669e-01, -1.6278e-02, +4.3079e-02, -9.0500e-02, -1.8311e-03, -2.5321e-02, -1.9097e-02, +2.4973e-02, -8.7918e-02, +6.9826e-02, -5.9138e-02, +3.4809e-02, +2.1773e-01, -9.4102e-02, +4.3142e-02, -4.3644e-02, +8.8711e-02, -3.8811e-02, +8.5392e-02, +1.4507e-01, -3.4763e-02, +8.4316e-03, -5.6500e-02, +3.6971e-01, +6.8086e-02, -4.7830e-02
-1.3608e-02, -1.0000e+00, +2.5780e-02, -1.0674e-01, -4.4128e-02, +6.7291e-03, -4.8490e-02, -6.4650e-02, +2.2154e-02, +2.5516e-02, +1.5432e-02, -3.2511e-02, -1.6247e-02, -1.1208e-01, -3.3002e-02, -3.3516e-03, +2.3863e-02, +3.6727e-02, -1.0263e-01, -1.9491e-01, +3.9173e-02, -1.0663e-01, -1.0627e-01, +1.6283e-02, -6.5403e-02, +2.9003e-02, -1.1279e-02, -6.0345e-02, -4.1110e-02, -7.7320e-02, -6.1264e-03, +1.6961e-02, +3.2035e-02, +5.9582e-02, -2.7969e-02, +5.5987e-02, +3.1393e-01, +3.3529e-03, -3.8743e-02, -4.2345e-02, +5.1812e-02, +1.9165e-02, +9.6779e-02, +4.2938e-02, -3.2537e-02, -8.2507e-02, -5.0808e-02, +1.0228e-01, -3.1738e-02, -3.6608e-02
-6.6765e-02, +2.5780e-02, -1.0000e+00, +1.3675e-01, +3.3554e-02, -8.3116e-02, -6.0019e-02, -2.2278e-03, -4.0986e-02, +2.9207e-03, -7.1118e-02, -4.5968e-02, +1.8182e-02, +1.1141e-02, +1.3565e-01, +8.3746e-02, +5.1656e-02, -2.4563e-02, +2.4670e-02, +3.1317e-02, +3.0723e-02, +5.7564e-02, -8.5136e-03, -1.6058e-02, -6.1871e-02, +3.8975e-03, +3.6333e-02, -1.2514e-01, +4.9078e-03, +3.4943e-02, +1.5178e-02, +2.0162e-02, -7.4674e-02, -2.2574e-02, +6.4803e-02, -7.2096e-03, -6.2161e-02, +9.0354e-02, -2.4132e-02, +1.2205e-01, -7.1574e-02, -6.1855e-02, -1.4448e-02, +4.0437e-02, -4.5951e-02, +1.7338e-03, +8.8256e-03, +1.5419e-01, -2.3620e-02, -5.5114e-02
-8.0646e-02, -1.0674e-01, +1.3675e-01, -1.0000e+00, +1.3358e-02, -1.0753e-01, -7.0190e-03, +2.5309e-02, +5.4373e-02, +6.8264e-02, -7.5634e-02, -1.6149e-03, -3.7951e-02, +3.5511e-02, -3.4724e-02, -6.7448e-03, +1.1035e-01, -4.6471e-02, -1.2788e-02, -3.9940e-02, +3.7942e-03, -7.6985e-02, -1.4944e-02, -6.7238e-02, -5.1253e-02, -1.9011e-01, +6.2883e-02, -4.4195e-02, -8.2712e-02, -7.2059e-02, -1.3487e-01, +1.8513e-02, -4.2455e-02, +2.5443e-02, -1.5336e-02, +6.1897e-02, +1.3665e-01, -4.1054e-03, -4.8855e-02, -2.1312e-02, -3.5354e-03, -6.8702e-02, -1.0313e-01, +2.5623e-02, -8.3748e-02, -3.9158e-02, +8.9712e-02, +1.8126e-01, -4.5340e-02, +4.7119e-02
+3.3871e-02, -4.4128e-02, +3.3554e-02, +1.3358e-02, -1.0000e+00, -4.4739e-02, +2.2694e-02, -4.8073e-02, +4.5133e-02, +5.0943e-02, -1.7532e-02, -3.6298e-02, -2.1472e-02, -1.4257e-03, -8.6979e-02, +6.3577e-02, +5.5842e-02, +1.2907e-02, -1.1059e-01, -7.0047e-02, +1.4201e-02, -6.7739e-02, -7.2709e-02, -5.7259e-02, +2.0007e-02, -3.4193e-03, -4.7788e-02, -1.5172e-01, -6.1623e-02, -1.5433e-01, -3.4584e-02, -3.8083e-02, +8.1752e-04, +1.7248e-03, -2.4141e-02, +3.0605e-02, +7.4173e-02, +3.2064e-02, -7.3595e-02, -2.0621e-02, +1.0794e-02, +4.4244e-02, +3.7402e-02, +3.8514e-02, +1.8330e-02, -5.5795e-02, -1.2359e-01, +1.7205e-01, +1.2222e-02, +9.0559e-03
-5.3599e-02, +6.7291e-03, -8.3116e-02, -1.0753e-01, -4.4739e-02, -1.0000e+00, -1.0107e-02, +3.3623e-02, -1.5493e-02, +4.0296e-02, -8.6586e-02, +4.2920e-02, +1.9423e-02, -8.9183e-03, -9.7077e-02, -4.8194e-02, +5.8345e-02, -3.6926e-02, -2.1471e-01, +1.3365e-02, -7.0905e-03, -8.3754e-02, -7.2457e-02, +4.9533e-02, -7.1341e-03, -6.1934e-02, -5.7145e-02, -5.1873e-02, -4.3809e-02, -2.0797e-02, -1.6678e-01, -1.4451e-02, -1.0048e-03, +7.3710e-03, +1.0216e-01, +3.0163e-02, +8.7530e-02, -8.7987e-02, +5.4031e-03, -4.2957e-02, -5.8643e-02, -6.2941e-02, -1.0162e-01, -1.1682e-01, -1.0185e-02, -1.0746e-01, -1.6925e-01, +1.3346e-01, -4.7271e-02, -1.7024e-02
-8.4249e-02, -4.8490e-02, -6.0019e-02, -7.0190e-03, +2.2694e-02, -1.0107e-02, -1.0000e+00, -5.6928e-02, -8.2124e-02, +2.0075e-02, +4.3405e-03, +4.6675e-02, -3.9385e-02, -3.4564e-02, -3.0467e-02, +9.0863e-03, +1.1417e-01, +1.9801e-02, -8.1662e-02, -8.8135e-02, +1.1429e-02, -6.3446e-02, -7.9457e-02, +6.0580e-02, +2.5811e-02, -4.1327e-02, +2.1305e-02, -1.3274e-01, +8.0798e-03, -2.6810e-02, -3.1255e-02, +4.4989e-02, +4.7714e-02, +3.8135e-02, +3.7621e-02, +2.7325e-02, +2.3079e-01, -1.3344e-01, -3.2914e-02, +1.0731e-02, +4.6798e-02, +1.5561e-02, -7.2125e-03, -1.4308e-02, -9.5213e-02, -9.6252e-02, -1.0327e-01, +6.0307e-02, +1.0608e-02, -2.9541e-02
+1.7301e-02, -6.4650e-02, -2.2278e-03, +2.5309e-02, -4.8073e-02, +3.3623e-02, -5.6928e-02, -1.0000e+00, -2.5549e-02, +3.6988e-02, -1.1852e-02, -2.2713e-02, -9.5261e-04, -1.1988e-02, -2.6585e-02, +3.0725e-02, +8.4148e-02, -2.2709e-02, -1.4553e-02, +6.8262e-03, +4.9294e-02, -1.7388e-02, -3.3238e-02, +3.4503e-02, -7.7799e-03, +1.2764e-01, -4.2834e-02, -5.1038e-03, +3.4280e-02, +7.2470e-03, -3.8694e-02, -2.5605e-02, +3.6924e-02, -3.4317e-02, +6.5088e-02, -3.0071e-02, -2.6411e-02, -3.7802e-02, -2.9820e-02, -1.4936e-02, -7.5964e-02, -2.2068e-02, -7.1313e-02, +3.1269e-02, -2.7138e-02, +4.7569e-02, -4.7126e-02, -2.9150e-02, -2.3382e-02, +2.9366e-03
-5.7223e-02, +2.2154e-02, -4.0986e-02, +5.4373e-02, +4.5133e-02, -1.5493e-02, -8.2124e-02, -2.5549e-02, -1.0000e+00, +1.1488e-02, +4.1776e-02, +2.5532e-03, -2.1548e-02, -3.7098e-02, -3.7821e-02, -1.4948e-03, -2.9013e-02, +8.4164e-02, +3.5345e-03, -7.6849e-02, +1.9949e-02, -8.1516e-02, -4.8767e-02, +5.9638e-02, +1.9910e-03, +4.1878e-03, -5.2066e-02, -7.0826e-02, -3.8617e-02, +1.8508e-02, -3.1852e-02, +5.4445e-02, -2.5273e-02, -2.4301e-02, +1.3543e-02, -1.7424e-06, +1.4342e-01, -6.3000e-02, +6.8253e-03, -5.5952e-02, +2.9240e-02, -5.2174e-02, +5.9520e-02, +1.3998e-02, -7.6368e-02, -3.0274e-03, +5.4983e-02, +7.3087e-02, +5.0234e-02, -9.0937e-03
+1.9998e-02, +2.5516e-02, +2.9207e-03, +6.8264e-02, +5.0943e-02, +4.0296e-02, +2.0075e-02, +3.6988e-02, +1.1488e-02, -1.0000e+00, -1.6159e-01, +5.3990e-02, +2.6010e-02, +4.3700e-03, +9.9368e-02, +1.5293e-02, +8.1332e-02, +8.4320e-02, +1.3836e-02, -7.2312e-02, -2.7017e-02, +2.2515e-03, +1.4700e-01, -1.5049e-01, +1.2798e-02, +7.2002e-02, -4.5252e-02, +1.1374e-01, +5.7377e-02, +1.1676e-02, -6.2165e-02, -9.5915e-03, -9.3504e-03, -1.7046e-02, +5.7549e-02, -9.6174e-03, -7.9297e-03, +3.4573e-02, +5.8041e-02, -6.6575e-02, +6.5925e-02, +2.1265e-02, +2.7749e-01, -8.4253e-02, +3.3620e-02, +3.7640e-02, +1.0251e-01, -2.7945e-02, +1.4763e-02, +3.0398e-02
-4.9214e-02, +1.5432e-02, -7.1118e-02, -7.5634e-02, -1.7532e-02, -8.6586e-02, +4.3405e-03, -1.1852e-02, +4.1776e-02, -1.6159e-01, -1.0000e+00, -9.4886e-03, -4.5121e-05, +7.1835e-02, -7.0783e-02, -3.0998e-02, +9.0001e-02, -3.7858e-02, -2.1903e-02, +5.9419e-03, -4.5564e-02, -5.0176e-02, -1.4977e-02, +5.0177e-02, -1.2610e-03, -8.5315e-02, +4.6762e-02, +2.2109e-02, +8.9495e-02, -3.6568e-02, -8.5208e-02, -1.0930e-01, -4.9433e-02, -2.2927e-02, +1.4643e-02, +6.3419e-02, +1.0010e-02, -3.0787e-02, +6.8876e-02, -7.9324e-02, -3.2243e-02, -1.5359e-02, -8.8096e-02, -8.2240e-02, -4.2781e-02, +2.6106e-02, -2.1021e-02, +5.1065e-02, +2.9176e-02, -2.0186e-04
-1.3452e-01, -3.2511e-02, -4.5968e-02, -1.6149e-03, -3.6298e-02, +4.2920e-02, +4.6675e-02, -2.2713e-02, +2.5532e-03, +5.3990e-02, -9.4886e-03, -1.0000e+00, +4.6282e-02, -1.0178e-01, +4.2924e-02, -1.5303e-02, +1.2880e-01, -7.3449e-02, +3.2087e-03, +6.6548e-02, +4.2959e-02, +7.2797e-02, +2.6129e-02, -7.3546e-02, -3.5774e-02, -2.0840e-02, -8.1724e-02, +6.2359e-02, -4.0830e-02, +4.6464e-02, +3.3204e-02, -5.7390e-02, -6.5764e-04, -8.2364e-02, -8.2779e-02, -1.1006e-02, -3.5116e-02, +1.1584e-02, -4.1086e-02, +4.7013e-03, +4.3117e-02, -3.5590e-02, -6.0876e-02, +4.6014e-02, -1.8805e-02, +1.8661e-02, +5.2359e-02, +1.0343e-02, +4.5394e-03, +4.1682e-02
+1.2007e-02, -1.6247e-02, +1.8182e-02, -3.7951e-02, -2.1472e-02, +1.9423e-02, -3.9385e-02, -9.5262e-04, -2.1548e-02, +2.6010e-02, -4.5126e-05, +4.6282e-02, -1.0000e+00, -6.1161e-02, -3.8636e-02, +2.0232e-02, +4.7036e-02, -5.0040e-02, -1.9335e-02, -2.8046e-02, -1.3153e-02, -5.8258e-02, -8.6054e-02, +4.6982e-02, +6.7492e-02, -8.4793e-02, +5.3323e-03, +1.8841e-02, -2.3811e-02, +1.6682e-02, -8.4432e-02, +2.9175e-02, -4.6379e-02, +3.5820e-02, -1.0858e-03, +1.0358e-03, +1.4389e-01, -3.7376e-02, -1.0785e-02, -1.2698e-02, -1.3432e-02, +8.2095e-02, -1.6316e-02, -5.2086e-02, -1.6812e-01, +1.1932e-02, -5.8544e-02, +3.9626e-02, +2.5936e-02, +7.1936e-02
-9.1001e-02, -1.1208e-01, +1.1141e-02, +3.5511e-02, -1.4257e-03, -8.9183e-03, -3.4564e-02, -1.1988e-02, -3.7098e-02, +4.3700e-03, +7.1835e-02, -1.0178e-01, -6.1161e-02, -1.0000e+00, -3.1234e-02, +1.3724e-02, +5.9546e-02, -4.5850e-02, -1.0474e-01, -2.4426e-02, -3.2233e-03, -6.4493e-02, -3.4331e-02, -3.4113e-02, -6.6880e-02, +2.7182e-02, -1.1027e-01, -1.3866e-02, -8.2656e-02, -1.0383e-01, -5.8297e-02, -2.6617e-02, +5.8513e-02, -5.6858e-03, -6.5150e-02, +9.2850e-03, +2.3377e-01, -2.7853e-02, -7.2584e-02, +3.0933e-02, -6.7718e-03, +3.7293e-02, +2.9557e-02, +1.1570e-01, -4.3171e-02, -5.1924e-02, +1.4039e-02, +2.6679e-02, +9.8716e-03, -5.5384e-03
-4.2881e-02, -3.3002e-02, +1.3565e-01, -3.4724e-02, -8.6979e-02, -9.7077e-02, -3.0467e-02, -2.6585e-02, -3.7821e-02, +9.9368e-02, -7.0783e-02, +4.2924e-02, -3.8636e-02, -3.1234e-02, -1.0000e+00, +3.4390e-02, -1.7087e-01, +9.6609e-03, -7.3055e-02, -1.4941e-01, -1.9485e-02, -8.0770e-02, -6.1842e-02, +1.4871e-02, +2.5421e-02, +1.1742e-02, -4.3009e-02, -1.9855e-02, -6.3618e-02, +1.5351e-03, -1.1619e-01, -5.3304e-02, -7.3152e-02, -1.4013e-02, -1.6352e-02, +3.5259e-02, +2.1009e-01, -4.8250e-03, +7.0836e-03, -2.7656e-02, -1.8144e-02, +2.9105e-02, +1.2097e-02, -3.1551e-02, -8.7173e-02, -4.9490e-02, -1.1355e-02, +2.7688e-02, -1.1883e-02, +7.8409e-03
+7.5626e-02, -3.3516e-03, +8.3746e-02, -6.7448e-03, +6.3577e-02, -4.8194e-02, +9.0863e-03, +3.0725e-02, -1.4948e-03, +1.5293e-02, -3.0998e-02, -1.5303e-02, +2.0232e-02, +1.3724e-02, +3.4390e-02, -1.0000e+00, +9.2050e-02, -4.0295e-02, +2.3254e-02, -5.3318e-02, +5.4461e-02, +7.4736e-02, -9.0176e-02, +4.2222e-02, +7.4466e-02, +3.3818e-02, -4.5893e-02, +1.2265e-02, +6.8563e-03, -3.4295e-02, -1.2693e-01, +6.4050e-02, +9.0036e-02, +2.4538e-03, +2.6162e-02, +4.8207e-02, +2.6916e-02, +1.5599e-02, +9.2143e-02, -1.9902e-01, -2.6707e-02, +3.3359e-02, -2.9517e-02, -3.1483e-02, +3.8110e-02, -5.9876e-02, -9.6642e-03, +4.8169e-02, -6.0598e-04, +5.1014e-02
-1.2864e-02, +2.3863e-02, +5.1656e-02, +1.1035e-01, +5.5842e-02, +5.8345e-02, +1.1417e-01, +8.4148e-02, -2.9013e-02, +8.1332e-02, +9.0001e-02, +1.2880e-01, +4.7036e-02, +5.9546e-02, -1.7087e-01, +9.2050e-02, -1.0000e+00, +1.5439e-01, +7.2877e-02, -9.5309e-02, -4.3990e-02, +2.2362e-02, +3.7228e-02, +2.0561e-01, +4.5544e-02, +5.2621e-02, +6.3769e-02, +7.8424e-02, +2.1559e-01, +5.5101e-02, +7.7420e-02, -7.6813e-03, +2.5696e-02, +1.7509e-03, -1.4325e-01, -1.3961e-03, -7.2705e-02, -7.0839e-02, +1.1237e-01, -2.2538e-02, -7.0699e-03, -1.3458e-02, +4.2222e-01, -6.0844e-02, +1.0214e-01, +1.6703e-02, -9.9816e-03, -3.1705e-02, -1.2974e-02, +4.4628e-02
-5.1723e-02, +3.6727e-02, -2.4563e-02, -4.6471e-02, +1.2907e-02, -3.6926e-02, +1.9801e-02, -2.2709e-02, +8.4164e-02, +8.4320e-02, -3.7858e-02, -7.3449e-02, -5.0040e-02, -4.5850e-02, +9.6609e-03, -4.0295e-02, +1.5439e-01, -1.0000e+00, +1.8276e-02, -5.6004e-02, +9.1976e-06, -8.5571e-03, +9.1857e-03, +3.8945e-02, +2.6991e-02, -7.7460e-02, -7.6507e-03, -1.2781e-02, -5.1818e-02, +3.5148e-02, -1.2105e-01, -6.2935e-03, -3.2709e-02, +4.0119e-03, +5.8000e-02, +2.8502e-02, -7.4690e-05, -8.8095e-02, -5.5997e-03, +3.2247e-02, -7.7496e-02, -4.6345e-03, -1.1446e-01, +3.8395e-02, -6.0894e-02, +2.2371e-02, -3.0040e-02, +2.3471e-02, -1.9438e-02, +8.6770e-02
-4.3566e-02, -1.0263e-01, +2.4670e-02, -1.2788e-02, -1.1059e-01, -2.1471e-01, -8.1662e-02, -1.4553e-02, +3.5345e-03, +1.3836e-02, -2.1903e-02, +3.2087e-03, -1.9335e-02, -1.0474e-01, -7.3055e-02, +2.3254e-02, +7.2877e-02, +1.8276e-02, -1.0000e+00, -8.4027e-02, -1.4792e-02, -2.1184e-01, -5.6405e-02, -2.7573e-02, -1.4319e-02, -5.5469e-02, -4.5365e-02, -4.4738e-02, +5.3667e-02, -9.6786e-02, -1.1231e-01, +2.2693e-02, -3.3009e-02, +1.6465e-02, +7.8567e-02, +3.9647e-02, +2.6433e-01, -9.4807e-02, -1.4481e-01, +8.5825e-03, -7.6372e-03, -1.7677e-02, +1.8882e-03, +5.0454e-03, +4.2966e-02, -1.4774e-01, -9.0016e-02, +1.5045e-01, -6.2448e-03, -3.5255e-04
-6.1386e-02, -1.9491e-01, +3.1317e-02, -3.9940e-02, -7.0047e-02, +1.3365e-02, -8.8135e-02, +6.8262e-03, -7.6849e-02, -7.2312e-02, +5.9419e-03, +6.6548e-02, -2.8046e-02, -2.4426e-02, -1.4941e-01, -5.3318e-02, -9.5309e-02, -5.6004e-02, -8.4027e-02, -1.0000e+00, +6.6079e-02, -1.9782e-01, -6.9022e-02, -3.3720e-02, +5.2939e-02, -7.0881e-02, -3.2330e-02, -1.1990e-01, -2.8090e-02, -8.7409e-02, -8.0375e-02, -5.1638e-02, +4.5930e-02, +2.0797e-02, -1.1801e-02, +9.6192e-02, +4.3436e-01, -3.0253e-03, -3.0882e-02, -9.5944e-02, -3.7440e-02, -1.3605e-04, +1.6835e-01, +6.1698e-02, -7.6743e-02, +3.8239e-02, -8.1756e-02, +2.3310e-01, +2.1991e-03, +6.1263e-02
+6.3596e-03, +3.9173e-02, +3.0723e-02, +3.7942e-03, +1.4201e-02, -7.0905e-03, +1.1429e-02, +4.9294e-02, +1.9949e-02, -2.7017e-02, -4.5564e-02, +4.2959e-02, -1.3153e-02, -3.2233e-03, -1.9485e-02, +5.4461e-02, -4.3990e-02, +9.1987e-06, -1.4792e-02, +6.6079e-02, -1.0000e+00, +4.3028e-02, -3.5143e-03, +6.1497e-02, +2.4586e-02, -9.6918e-03, -1.0513e-02, -1.5879e-02, +5.7205e-02, +5.9498e-02, -6.7890e-03, -5.9315e-02, +3.2370e-02, -2.0973e-02, +1.8623e-02, -2.4072e-02, -4.8501e-02, -1.3760e-02, +3.4320e-02, +1.1052e-01, -1.2626e-02, +6.8499e-03, +2.3750e-02, -1.9160e-01, +2.2556e-02, -1.9855e-02, +2.1317e-02, -2.6837e-02, -2.4105e-02, +3.8306e-02
-8.5626e-02, -1.0663e-01, +5.7564e-02, -7.6985e-02, -6.7739e-02, -8.3754e-02, -6.3446e-02, -1.7388e-02, -8.1516e-02, +2.2515e-03, -5.0176e-02, +7.2797e-02, -5.8258e-02, -6.4493e-02, -8.0770e-02, +7.4736e-02, +2.2362e-02, -8.5571e-03, -2.1184e-01, -1.9782e-01, +4.3028e-02, -1.0000e+00, -4.0545e-02, -5.1653e-02, -5.4015e-02, -4.9569e-02, +2.8554e-02, -4.8951e-02, +5.0688e-02, -1.2155e-01, -6.0602e-02, -2.1342e-02, -4.0721e-02, +2.8211e-02, +1.0384e-02, +1.5603e-02, +3.6261e-01, -5.5852e-02, -1.6568e-02, -1.3722e-01, +1.5747e-03, -5.6887e-02, +6.4133e-02, +1.1226e-01, -1.1915e-02, +5.9933e-02, -9.1790e-02, +1.3008e-01, +9.8026e-03, +2.3184e-03
-5.1466e-02, -1.0627e-01, -8.5136e-03, -1.4944e-02, -7.2709e-02, -7.2457e-02, -7.9457e-02, -3.3238e-02, -4.8767e-02, +1.4700e-01, -1.4977e-02, +2.6129e-02, -8.6054e-02, -3.4331e-02, -6.1842e-02, -9.0176e-02, +3.7228e-02, +9.1857e-03, -5.6405e-02, -6.9022e-02, -3.5143e-03, -4.0545e-02, -1.0000e+00, +3.1827e-02, -2.5897e-02, -2.5208e-02, -2.8079e-02, -1.1655e-01, -5.0805e-02, -4.8681e-02, -3.9200e-02, -2.3374e-02, -2.1878e-02, -4.0657e-02, +1.1331e-03, +5.9120e-02, +2.3345e-01, -3.6304e-02, -5.1560e-02, -3.1343e-02, -5.1436e-02, -1.0130e-01, -3.8914e-02, -9.2072e-02, -5.2681e-02, -1.2124e-01, -4.7972e-02, +5.4004e-03, -1.0616e-01, -2.2836e-02
-3.7373e-02, +1.6283e-02, -1.6058e-02, -6.7238e-02, -5.7259e-02, +4.9533e-02, +6.0580e-02, +3.4503e-02, +5.9638e-02, -1.5049e-01, +5.0177e-02, -7.3546e-02, +4.6982e-02, -3.4113e-02, +1.4871e-02, +4.2222e-02, +2.0561e-01, +3.8945e-02, -2.7573e-02, -3.3720e-02, +6.1497e-02, -5.1653e-02, +3.1827e-02, -1.0000e+00, -5.1239e-02, -1.6207e-02, -1.8851e-02, -3.5736e-02, -2.2699e-03, -7.1726e-02, +3.1617e-02, +5.1724e-04, -4.7075e-02, -2.8444e-03, -9.5066e-02, -3.7696e-02, -7.2499e-03, +3.8494e-02, -7.0998e-02, -4.3043e-02, +3.2208e-02, -2.4432e-02, -4.0150e-02, +1.1766e-01, +4.2251e-02, -4.3253e-02, -1.0413e-01, +2.1608e-02, +7.6683e-02, +4.6150e-02
-1.4669e-01, -6.5403e-02, -6.1871e-02, -5.1253e-02, +2.0007e-02, -7.1341e-03, +2.5811e-02, -7.7799e-03, +1.9910e-03, +1.2798e-02, -1.2610e-03, -3.5774e-02, +6.7492e-02, -6.6880e-02, +2.5421e-02, +7.4466e-02, +4.5544e-02, +2.6991e-02, -1.4319e-02, +5.2939e-02, +2.4586e-02, -5.4015e-02, -2.5897e-02, -5.1239e-02, -1.0000e+00, +2.2452e-02, -3.7777e-03, -4.4311e-02, -1.5157e-02, +3.6620e-02, +3.9091e-02, +7.0955e-02, -1.2271e-01, +1.6897e-02, -6.0365e-02, +2.5461e-02, +3.0142e-02, -8.0172e-02, -6.3789e-02, +3.3362e-02, +9.0506e-02, -8.5686e-02, +1.3379e-02, +6.3885e-02, -4.0533e-02, +9.9982e-02, -6.4472e-02, +1.9258e-01, +6.0223e-02, -1.1272e-02
-1.6278e-02, +2.9003e-02, +3.8975e-03, -1.9011e-01, -3.4193e-03, -6.1934e-02, -4.1327e-02, +1.2764e-01, +4.1878e-03, +7.2002e-02, -8.5315e-02, -2.0840e-02, -8.4793e-02, +2.7182e-02, +1.1742e-02, +3.3818e-02, +5.2621e-02, -7.7460e-02, -5.5469e-02, -7.0881e-02, -9.6918e-03, -4.9569e-02, -2.5208e-02, -1.6207e-02, +2.2452e-02, -1.0000e+00, +5.6893e-03, -1.3262e-02, -2.2840e-02, -3.8002e-02, -6.8059e-02, -1.2000e-02, +1.2905e-02, -3.6580e-03, +5.8646e-02, +8.5310e-02, +9.7635e-02, -6.1565e-02, -2.9074e-02, -8.4446e-02, -1.4881e-02, +5.0133e-02, -7.9871e-02, -4.6870e-02, -1.1313e-01, +1.8094e-02, -4.1765e-02, +1.0171e-01, +3.6806e-02, -9.2276e-03
+4.3079e-02, -1.1279e-02, +3.6333e-02, +6.2883e-02, -4.7788e-02, -5.7145e-02, +2.1305e-02, -4.2834e-02, -5.2066e-02, -4.5252e-02, +4.6762e-02, -8.1724e-02, +5.3323e-03, -1.1027e-01, -4.3009e-02, -4.5893e-02, +6.3769e-02, -7.6507e-03, -4.5365e-02, -3.2330e-02, -1.0513e-02, +2.8554e-02, -2.8079e-02, -1.8851e-02, -3.7777e-03, +5.6893e-03, -1.0000e+00, -3.5173e-02, -2.1176e-01, -1.4456e-01, -7.0622e-02, -5.1157e-03, +8.5371e-02, -1.8474e-02, +3.4874e-02, -1.5816e-03, +7.9214e-02, -1.0385e-01, -1.0760e-01, -5.6461e-02, +2.6401e-02, +3.6937e-03, -2.0881e-02, -5.2101e-02, +3.9945e-02, -5.2617e-02, -1.3466e-01, -1.1871e-01, -1.0900e-02, +1.7596e-02
-9.0500e-02, -6.0345e-02, -1.2514e-01, -4.4195e-02, -1.5172e-01, -5.1873e-02, -1.3274e-01, -5.1038e-03, -7.0826e-02, +1.1374e-01, +2.2109e-02, +6.2359e-02, +1.8841e-02, -1.3866e-02, -1.9855e-02, +1.2265e-02, +7.8424e-02, -1.2781e-02, -4.4738e-02, -1.1990e-01, -1.5879e-02, -4.8951e-02, -1.1655e-01, -3.5736e-02, -4.4311e-02, -1.3262e-02, -3.5173e-02, -1.0000e+00, -7.1755e-02, -1.5342e-02, -1.4741e-02, -1.1904e-02, -5.4489e-02, +1.3519e-02, +5.6642e-02, +3.4874e-02, +1.2333e-01, -1.1755e-01, -1.7094e-01, +8.1822e-02, +3.1031e-03, -6.9773e-02, +8.6634e-03, +1.0179e-01, -3.3888e-02, +1.0152e-02, -8.3016e-02, +2.1221e-01, -3.0656e-02, -3.1052e-02
-1.8311e-03, -4.1110e-02, +4.9078e-03, -8.2712e-02, -6.1623e-02, -4.3809e-02, +8.0798e-03, +3.4280e-02, -3.8617e-02, +5.7377e-02, +8.9495e-02, -4.0830e-02, -2.3811e-02, -8.2656e-02, -6.3618e-02, +6.8563e-03, +2.1559e-01, -5.1818e-02, +5.3667e-02, -2.8090e-02, +5.7205e-02, +5.0688e-02, -5.0805e-02, -2.2699e-03, -1.5157e-02, -2.2840e-02, -2.1176e-01, -7.1755e-02, -1.0000e+00, -9.9995e-02, -1.0976e-01, +4.2779e-02, -1.5982e-02, +2.6514e-02, +4.6398e-02, +6.2475e-02, +1.6709e-01, -1.0231e-01, -1.3012e-01, -2.2913e-03, +1.7328e-01, -6.5235e-02, -1.1165e-01, -4.2108e-04, -3.1525e-02, -5.2813e-02, -3.6653e-02, +6.2888e-02, -2.1067e-02, -1.5165e-02
-2.5321e-02, -7.7320e-02, +3.4943e-02, -7.2059e-02, -1.5433e-01, -2.0797e-02, -2.6810e-02, +7.2470e-03, +1.8508e-02, +1.1676e-02, -3.6568e-02, +4.6464e-02, +1.6682e-02, -1.0383e-01, +1.5351e-03, -3.4295e-02, +5.5101e-02, +3.5148e-02, -9.6786e-02, -8.7409e-02, +5.9498e-02, -1.2155e-01, -4.8681e-02, -7.1726e-02, +3.6620e-02, -3.8002e-02, -1.4456e-01, -1.5342e-02, -9.9995e-02, -1.0000e+00, -7.4335e-02, -6.9866e-02, -1.2808e-02, -4.3020e-03, +1.3885e-02, +5.2127e-02, +1.9638e-01, -6.6332e-02, -2.7258e-02, -1.1331e-01, +6.1867e-03, -1.0950e-02, +2.6682e-02, +1.6150e-02, -4.1917e-02, -2.9844e-02, -1.3442e-01, +1.1631e-01, -1.1115e-02, +1.3946e-03
-1.9097e-02, -6.1264e-03, +1.5178e-02, -1.3487e-01, -3.4584e-02, -1.6678e-01, -3.1255e-02, -3.8694e-02, -3.1852e-02, -6.2165e-02, -8.5208e-02, +3.3204e-02, -8.4432e-02, -5.8297e-02, -1.1619e-01, -1.2693e-01, +7.7420e-02, -1.2105e-01, -1.1231e-01, -8.0375e-02, -6.7890e-03, -6.0601e-02, -3.9200e-02, +3.1617e-02, +3.9091e-02, -6.8059e-02, -7.0622e-02, -1.4741e-02, -1.0976e-01, -7.4335e-02, -1.0000e+00, -7.2334e-03, +3.0751e-02, +2.1683e-02, +1.4771e-01, +8.1864e-02, +1.5318e-01, -5.4933e-02, +1.9211e-02, -7.6168e-02, -1.8000e-01, -5.9025e-02, -8.7346e-02, -4.5064e-02, -4.8277e-03, -3.3345e-02, -4.9147e-02, +1.2820e-01, +1.1949e-02, +5.3651e-02
+2.4973e-02, +1.6961e-02, +2.0162e-02, +1.8513e-02, -3.8083e-02, -1.4451e-02, +4.4989e-02, -2.5605e-02, +5.4445e-02, -9.5915e-03, -1.0930e-01, -5.7390e-02, +2.9175e-02, -2.6617e-02, -5.3304e-02, +6.4050e-02, -7.6813e-03, -6.2935e-03, +2.2693e-02, -5.1638e-02, -5.9315e-02, -2.1342e-02, -2.3374e-02, +5.1724e-04, +7.0955e-02, -1.2000e-02, -5.1157e-03, -1.1904e-02, +4.2779e-02, -6.9866e-02, -7.2334e-03, -1.0000e+00, +2.9698e-01, -8.2510e-03, +5.3776e-03, -1.2922e-02, -1.8776e-02, -2.2543e-02, -1.1287e-02, -9.3172e-02, -3.1783e-02, +1.9291e-02, -3.5302e-02, -3.5499e-02, -2.6842e-02, +2.0736e-03, -6.3643e-02, -1.1636e-02, -7.7515e-03, -6.5794e-02
-8.7918e-02, +3.2035e-02, -7.4674e-02, -4.2455e-02, +8.1752e-04, -1.0048e-03, +4.7714e-02, +3.6924e-02, -2.5273e-02, -9.3504e-03, -4.9433e-02, -6.5763e-04, -4.6379e-02, +5.8513e-02, -7.3152e-02, +9.0036e-02, +2.5696e-02, -3.2709e-02, -3.3009e-02, +4.5930e-02, +3.2370e-02, -4.0721e-02, -2.1878e-02, -4.7075e-02, -1.2271e-01, +1.2905e-02, +8.5371e-02, -5.4489e-02, -1.5982e-02, -1.2808e-02, +3.0751e-02, +2.9698e-01, -1.0000e+00, +2.2496e-02, -8.6883e-02, +3.0420e-02, +6.5452e-02, -4.8936e-02, +2.8476e-02, -7.0044e-03, +2.6550e-02, -7.1448e-02, +5.0844e-03, +1.5019e-02, -7.0262e-02, +4.1506e-02, +1.4480e-02, +1.5312e-01, +5.3247e-02, -2.4989e-02
+6.9826e-02, +5.9582e-02, -2.2574e-02, +2.5443e-02, +1.7248e-03, +7.3710e-03, +3.8135e-02, -3.4317e-02, -2.4301e-02, -1.7046e-02, -2.2927e-02, -8.2364e-02, +3.5820e-02, -5.6858e-03, -1.4013e-02, +2.4538e-03, +1.7509e-03, +4.0119e-03, +1.6465e-02, +2.0797e-02, -2.0973e-02, +2.8211e-02, -4.0657e-02, -2.8444e-03, +1.6897e-02, -3.6580e-03, -1.8474e-02, +1.3519e-02, +2.6514e-02, -4.3020e-03, +2.1683e-02, -8.2510e-03, +2.2496e-02, -1.0000e+00, +2.2641e-02, +2.4712e-03, -1.3203e-01, +2.2759e-02, +2.1598e-02, +1.8893e-02, +8.6115e-03, +3.0222e-02, -5.9059e-02, -5.6474e-02, +1.3164e-02, -4.0882e-02, +2.8154e-02, -4.2162e-02, +4.2880e-02, -1.9259e-02
-5.9138e-02, -2.7969e-02, +6.4803e-02, -1.5336e-02, -2.4141e-02, +1.0216e-01, +3.7621e-02, +6.5088e-02, +1.3543e-02, +5.7549e-02, +1.4643e-02, -8.2779e-02, -1.0858e-03, -6.5149e-02, -1.6352e-02, +2.6162e-02, -1.4325e-01, +5.8000e-02, +7.8567e-02, -1.1801e-02, +1.8623e-02, +1.0384e-02, +1.1331e-03, -9.5066e-02, -6.0365e-02, +5.8646e-02, +3.4874e-02, +5.6642e-02, +4.6398e-02, +1.3885e-02, +1.4771e-01, +5.3776e-03, -8.6883e-02, +2.2641e-02, -1.0000e+00, +3.1157e-02, +5.3581e-02, +5.5094e-02, +5.9298e-02, -3.8830e-02, +5.2192e-02, +4.3164e-02, +6.4308e-02, +1.0536e-01, +4.8837e-02, -9.8135e-04, +3.7771e-02, +4.9990e-02, -1.6173e-03, -3.2395e-02
+3.4809e-02, +5.5987e-02, -7.2096e-03, +6.1897e-02, +3.0605e-02, +3.0163e-02, +2.7325e-02, -3.0071e-02, -1.7450e-06, -9.6174e-03, +6.3419e-02, -1.1006e-02, +1.0358e-03, +9.2850e-03, +3.5259e-02, +4.8207e-02, -1.3961e-03, +2.8502e-02, +3.9647e-02, +9.6192e-02, -2.4072e-02, +1.5603e-02, +5.9120e-02, -3.7696e-02, +2.5461e-02, +8.5310e-02, -1.5816e-03, +3.4874e-02, +6.2475e-02, +5.2127e-02, +8.1864e-02, -1.2922e-02, +3.0420e-02, +2.4712e-03, +3.1157e-02, -1.0000e+00, -1.0604e-01, +7.0204e-02, -7.9931e-03, -3.9453e-03, +7.2492e-03, +2.4637e-02, -4.7139e-02, -2.0168e-02, +7.1343e-02, -5.1611e-03, +4.7779e-02, -2.4716e-01, -4.8770e-02, +4.1890e-03
+2.1773e-01, +3.1393e-01, -6.2161e-02, +1.3665e-01, +7.4173e-02, +8.7530e-02, +2.3079e-01, -2.6411e-02, +1.4342e-01, -7.9297e-03, +1.0010e-02, -3.5116e-02, +1.4389e-01, +2.3377e-01, +2.1009e-01, +2.6916e-02, -7.2705e-02, -7.4699e-05, +2.6433e-01, +4.3436e-01, -4.8501e-02, +3.6261e-01, +2.3345e-01, -7.2499e-03, +3.0142e-02, +9.7635e-02, +7.9214e-02, +1.2333e-01, +1.6709e-01, +1.9638e-01, +1.5318e-01, -1.8776e-02, +6.5452e-02, -1.3203e-01, +5.3581e-02, -1.0604e-01, -1.0000e+00, +1.6856e-01, +8.0009e-02, +1.4394e-01, -3.4799e-02, -3.1768e-03, -2.3722e-01, -1.7100e-02, +1.6046e-01, +7.4337e-02, +1.4328e-01, -2.9198e-01, +3.4940e-03, +5.1753e-02
-9.4102e-02, +3.3529e-03, +9.0354e-02, -4.1054e-03, +3.2064e-02, -8.7987e-02, -1.3344e-01, -3.7802e-02, -6.3000e-02, +3.4573e-02, -3.0787e-02, +1.1584e-02, -3.7376e-02, -2.7853e-02, -4.8250e-03, +1.5599e-02, -7.0839e-02, -8.8095e-02, -9.4807e-02, -3.0253e-03, -1.3760e-02, -5.5852e-02, -3.6304e-02, +3.8494e-02, -8.0172e-02, -6.1565e-02, -1.0385e-01, -1.1755e-01, -1.0231e-01, -6.6332e-02, -5.4933e-02, -2.2543e-02, -4.8936e-02, +2.2759e-02, +5.5094e-02, +7.0204e-02, +1.6856e-01, -1.0000e+00, -5.9100e-02, +3.3206e-02, -1.8071e-03, -7.5822e-02, +8.6763e-02, +1.4353e-02, -1.4334e-02, +1.4647e-02, -7.4035e-02, +2.4071e-02, -3.1696e-02, +3.0336e-02
+4.3142e-02, -3.8743e-02, -2.4132e-02, -4.8855e-02, -7.3595e-02, +5.4031e-03, -3.2914e-02, -2.9820e-02, +6.8253e-03, +5.8041e-02, +6.8876e-02, -4.1086e-02, -1.0785e-02, -7.2584e-02, +7.0836e-03, +9.2143e-02, +1.1237e-01, -5.5997e-03, -1.4481e-01, -3.0882e-02, +3.4320e-02, -1.6568e-02, -5.1560e-02, -7.0998e-02, -6.3789e-02, -2.9074e-02, -1.0760e-01, -1.7094e-01, -1.3012e-01, -2.7258e-02, +1.9211e-02, -1.1287e-02, +2.8476e-02, +2.1598e-02, +5.9298e-02, -7.9931e-03, +8.0009e-02, -5.9100e-02, -1.0000e+00, +9.5738e-02, +1.0349e-01, -7.2814e-02, +3.6086e-02, +1.1880e-01, +1.3365e-02, -6.3865e-02, -1.7711e-01, +6.7735e-02, +6.8861e-03, +6.3554e-02
-4.3644e-02, -4.2345e-02, +1.2205e-01, -2.1312e-02, -2.0621e-02, -4.2957e-02, +1.0731e-02, -1.4936e-02, -5.5952e-02, -6.6575e-02, -7.9324e-02, +4.7013e-03, -1.2698e-02, +3.0933e-02, -2.7656e-02, -1.9902e-01, -2.2538e-02, +3.2247e-02, +8.5826e-03, -9.5944e-02, +1.1052e-01, -1.3722e-01, -3.1343e-02, -4.3043e-02, +3.3362e-02, -8.4447e-02, -5.6461e-02, +8.1822e-02, -2.2913e-03, -1.1331e-01, -7.6168e-02, -9.3172e-02, -7.0044e-03, +1.8893e-02, -3.8830e-02, -3.9453e-03, +1.4394e-01, +3.3206e-02, +9.5738e-02, -1.0000e+00, -1.7008e-02, -9.1264e-03, +9.5406e-02, +3.1757e-03, -7.8117e-03, +5.8869e-02, +1.7537e-02, +6.2877e-02, +2.3512e-01, +5.6753e-02
+8.8711e-02, +5.1812e-02, -7.1574e-02, -3.5354e-03, +1.0794e-02, -5.8643e-02, +4.6798e-02, -7.5964e-02, +2.9240e-02, +6.5925e-02, -3.2243e-02, +4.3117e-02, -1.3432e-02, -6.7718e-03, -1.8144e-02, -2.6707e-02, -7.0699e-03, -7.7496e-02, -7.6372e-03, -3.7440e-02, -1.2626e-02, +1.5747e-03, -5.1436e-02, +3.2208e-02, +9.0506e-02, -1.4881e-02, +2.6401e-02, +3.1031e-03, +1.7328e-01, +6.1867e-03, -1.8000e-01, -3.1783e-02, +2.6550e-02, +8.6115e-03, +5.2192e-02, +7.2492e-03, -3.4799e-02, -1.8070e-03, +1.0349e-01, -1.7008e-02, -1.0000e+00, +7.2009e-02, -7.4753e-02, -6.9036e-02, +6.8554e-03, +2.0129e-02, -3.6950e-02, -1.0148e-01, -3.9563e-02, +6.9040e-02
-3.8811e-02, +1.9165e-02, -6.1855e-02, -6.8702e-02, +4.4244e-02, -6.2941e-02, +1.5561e-02, -2.2068e-02, -5.2174e-02, +2.1265e-02, -1.5359e-02, -3.5590e-02, +8.2095e-02, +3.7293e-02, +2.9105e-02, +3.3359e-02, -1.3458e-02, -4.6345e-03, -1.7677e-02, -1.3604e-04, +6.8499e-03, -5.6887e-02, -1.0130e-01, -2.4432e-02, -8.5686e-02, +5.0133e-02, +3.6937e-03, -6.9773e-02, -6.5235e-02, -1.0950e-02, -5.9025e-02, +1.9291e-02, -7.1448e-02, +3.0222e-02, +4.3164e-02, +2.4637e-02, -3.1768e-03, -7.5822e-02, -7.2814e-02, -9.1264e-03, +7.2009e-02, -1.0000e+00, +1.0439e-02, +1.0140e-02, -3.1036e-02, -4.7008e-02, -8.3980e-02, +1.8495e-01, +1.1699e-02, -1.4928e-02
+8.5392e-02, +9.6779e-02, -1.4448e-02, -1.0313e-01, +3.7402e-02, -1.0162e-01, -7.2125e-03, -7.1313e-02, +5.9520e-02, +2.7749e-01, -8.8096e-02, -6.0876e-02, -1.6316e-02, +2.9557e-02, +1.2097e-02, -2.9517e-02, +4.2222e-01, -1.1446e-01, +1.8882e-03, +1.6835e-01, +2.3750e-02, +6.4133e-02, -3.8914e-02, -4.0150e-02, +1.3379e-02, -7.9871e-02, -2.0881e-02, +8.6634e-03, -1.1165e-01, +2.6682e-02, -8.7346e-02, -3.5302e-02, +5.0844e-03, -5.9059e-02, +6.4308e-02, -4.7139e-02, -2.3722e-01, +8.6763e-02, +3.6086e-02, +9.5406e-02, -7.4753e-02, +1.0439e-02, -1.0000e+00, -7.6253e-02, -2.1362e-02, -1.5362e-02, +5.4116e-02, -1.4482e-01, -2.7241e-02, -1.3642e-02
+1.4507e-01, +4.2938e-02, +4.0437e-02, +2.5623e-02, +3.8514e-02, -1.1682e-01, -1.4308e-02, +3.1269e-02, +1.3998e-02, -8.4253e-02, -8.2240e-02, +4.6014e-02, -5.2086e-02, +1.1570e-01, -3.1551e-02, -3.1483e-02, -6.0844e-02, +3.8395e-02, +5.0454e-03, +6.1698e-02, -1.9160e-01, +1.1226e-01, -9.2072e-02, +1.1766e-01, +6.3885e-02, -4.6870e-02, -5.2101e-02, +1.0179e-01, -4.2107e-04, +1.6150e-02, -4.5064e-02, -3.5499e-02, +1.5019e-02, -5.6474e-02, +1.0536e-01, -2.0168e-02, -1.7100e-02, +1.4353e-02, +1.1880e-01, +3.1757e-03, -6.9036e-02, +1.0140e-02, -7.6253e-02, -1.0000e+00, +2.5610e-02, -1.0505e-01, -2.1353e-03, -7.6430e-02, -7.4752e-02, +1.2026e-02
-3.4763e-02, -3.2537e-02, -4.5951e-02, -8.3748e-02, +1.8330e-02, -1.0185e-02, -9.5213e-02, -2.7138e-02, -7.6368e-02, +3.3620e-02, -4.2781e-02, -1.8805e-02, -1.6812e-01, -4.3171e-02, -8.7173e-02, +3.8110e-02, +1.0214e-01, -6.0894e-02, +4.2966e-02, -7.6743e-02, +2.2556e-02, -1.1915e-02, -5.2681e-02, +4.2251e-02, -4.0533e-02, -1.1313e-01, +3.9945e-02, -3.3888e-02, -3.1525e-02, -4.1917e-02, -4.8277e-03, -2.6842e-02, -7.0262e-02, +1.3164e-02, +4.8837e-02, +7.1343e-02, +1.6046e-01, -1.4334e-02, +1.3365e-02, -7.8117e-03, +6.8554e-03, -3.1036e-02, -2.1362e-02, +2.5610e-02, -1.0000e+00, +3.7724e-02, +3.6103e-02, +2.2068e-01, +4.5667e-03, -6.9235e-02
+8.4316e-03, -8.2507e-02, +1.7338e-03, -3.9158e-02, -5.5795e-02, -1.0746e-01, -9.6252e-02, +4.7569e-02, -3.0274e-03, +3.7640e-02, +2.6106e-02, +1.8661e-02, +1.1932e-02, -5.1924e-02, -4.9490e-02, -5.9876e-02, +1.6703e-02, +2.2371e-02, -1.4774e-01, +3.8239e-02, -1.9855e-02, +5.9933e-02, -1.2124e-01, -4.3253e-02, +9.9982e-02, +1.8094e-02, -5.2617e-02, +1.0152e-02, -5.2813e-02, -2.9844e-02, -3.3345e-02, +2.0736e-03, +4.1506e-02, -4.0881e-02, -9.8137e-04, -5.1611e-03, +7.4337e-02, +1.4647e-02, -6.3865e-02, +5.8869e-02, +2.0129e-02, -4.7008e-02, -1.5362e-02, -1.0505e-01, +3.7724e-02, -1.0000e+00, -9.7149e-02, +6.4611e-02, -8.9507e-02, -1.1221e-02
-5.6500e-02, -5.0808e-02, +8.8256e-03, +8.9712e-02, -1.2359e-01, -1.6925e-01, -1.0327e-01, -4.7126e-02, +5.4983e-02, +1.0251e-01, -2.1021e-02, +5.2359e-02, -5.8544e-02, +1.4039e-02, -1.1355e-02, -9.6642e-03, -9.9816e-03, -3.0040e-02, -9.0016e-02, -8.1756e-02, +2.1317e-02, -9.1790e-02, -4.7972e-02, -1.0413e-01, -6.4472e-02, -4.1765e-02, -1.3466e-01, -8.3016e-02, -3.6653e-02, -1.3442e-01, -4.9147e-02, -6.3643e-02, +1.4480e-02, +2.8154e-02, +3.7771e-02, +4.7779e-02, +1.4328e-01, -7.4035e-02, -1.7711e-01, +1.7537e-02, -3.6950e-02, -8.3980e-02, +5.4116e-02, -2.1353e-03, +3.6103e-02, -9.7149e-02, -1.0000e+00, +1.2014e-01, -7.4221e-03, +6.1971e-02
+3.6971e-01, +1.0228e-01, +1.5419e-01, +1.8126e-01, +1.7205e-01, +1.3346e-01, +6.0307e-02, -2.9150e-02, +7.3087e-02, -2.7945e-02, +5.1065e-02, +1.0343e-02, +3.9626e-02, +2.6679e-02, +2.7688e-02, +4.8169e-02, -3.1705e-02, +2.3471e-02, +1.5045e-01, +2.3310e-01, -2.6837e-02, +1.3008e-01, +5.4004e-03, +2.1608e-02, +1.9258e-01, +1.0171e-01, -1.1871e-01, +2.1221e-01, +6.2888e-02, +1.1631e-01, +1.2820e-01, -1.1636e-02, +1.5312e-01, -4.2162e-02, +4.9990e-02, -2.4716e-01, -2.9198e-01, +2.4071e-02, +6.7735e-02, +6.2877e-02, -1.0148e-01, +1.8495e-01, -1.4482e-01, -7.6430e-02, +2.2068e-01, +6.4611e-02, +1.2014e-01, -1.0000e+00, -6.5670e-02, +8.1724e-02
+6.8086e-02, -3.1738e-02, -2.3620e-02, -4.5340e-02, +1.2222e-02, -4.7271e-02, +1.0608e-02, -2.3382e-02, +5.0234e-02, +1.4763e-02, +2.9176e-02, +4.5394e-03, +2.5936e-02, +9.8716e-03, -1.1883e-02, -6.0598e-04, -1.2974e-02, -1.9438e-02, -6.2448e-03, +2.1991e-03, -2.4105e-02, +9.8026e-03, -1.0616e-01, +7.6683e-02, +6.0223e-02, +3.6806e-02, -1.0900e-02, -3.0656e-02, -2.1067e-02, -1.1115e-02, +1.1949e-02, -7.7515e-03, +5.3247e-02, +4.2880e-02, -1.6173e-03, -4.8770e-02, +3.4940e-03, -3.1696e-02, +6.8861e-03, +2.3512e-01, -3.9563e-02, +1.1699e-02, -2.7241e-02, -7.4752e-02, +4.5667e-03, -8.9507e-02, -7.4221e-03, -6.5670e-02, -1.0000e+00, -1.2428e-02
-4.7830e-02, -3.6608e-02, -5.5114e-02, +4.7119e-02, +9.0559e-03, -1.7024e-02, -2.9541e-02, +2.9366e-03, -9.0937e-03, +3.0398e-02, -2.0186e-04, +4.1682e-02, +7.1936e-02, -5.5384e-03, +7.8409e-03, +5.1014e-02, +4.4628e-02, +8.6770e-02, -3.5256e-04, +6.1263e-02, +3.8306e-02, +2.3184e-03, -2.2836e-02, +4.6150e-02, -1.1272e-02, -9.2276e-03, +1.7596e-02, -3.1052e-02, -1.5165e-02, +1.3946e-03, +5.3651e-02, -6.5794e-02, -2.4989e-02, -1.9259e-02, -3.2395e-02, +4.1890e-03, +5.1753e-02, +3.0336e-02, +6.3554e-02, +5.6753e-02, +6.9040e-02, -1.4928e-02, -1.3642e-02, +1.2026e-02, -6.9235e-02, -1.1221e-02, +6.1971e-02, +8.1724e-02, -1.2428e-02, -1.0000e+00
