-1.0000e+00, -2.2456e-02, -4.8286e-02, -5.9078e-02, +6.9138e-03, +3.1591e-02, -1.2615e-02, +6.1197e-02, -1.1766e-01, -1.1636e-02, -3.9003e-02, -3.2585e-02, +8.6078e-03, -1.4652e-02, -4.9153e-02, -3.7139e-02, -1.9461e-02, +1.2149e-01, +4.6268e-02, +7.7096e-02, +8.8848e-02, -7.6774e-02, +2.7703e-02, +5.3878e-02, +2.7990e-02, -7.1764e-03, +9.5917e-02, -1.1299e-02, +6.2329e-03, -2.8689e-02, +2.9270e-02, -6.7603e-02, -5.0974e-02, -4.7488e-02, +2.8726e-02, +4.0719e-02, +7.1385e-02, -8.4930e-02, +1.1629e-01, +1.6824e-02, +1.4740e-02, +2.7375e-02, -2.8040e-02, +4.9769e-02, -3.3254e-02, +4.3977e-02, -1.0936e-02, +2.2706e-01, -3.2295e-02, -8.1689e-02
-2.2456e-02, -1.0000e+00, -8.1506e-02, -2.6120e-02, -5.4700e-02, -5.4599e-02, -3.8617e-02, -6.9112e-03, -1.7155e-02, +9.5648e-02, -2.4660e-02, -8.9880e-02, +1.4047e-01, -2.4685e-02, -9.7551e-02, +7.7440e-02, +4.0461e-02, -1.2115e-01, -1.6079e-01, -2.9275e-02, +2.6377e-02, -8.9769e-02, -1.7801e-02, +1.7181e-02, -2.4431e-02, +1.7681e-02, -2.3371e-02, -1.5145e-01, -6.6070e-02, -9.7430e-03, -6.5403e-02, +3.3994e-02, -4.8472e-02, +1.1930e-01, +3.6591e-02, -2.5295e-02, +1.3221e-01, -1.0939e-01, -5.8623e-02, +2.9607e-02, -2.7716e-02, -1.7180e-02, +6.1879e-03, +4.9656e-02, -7.4029e-03, +2.7260e-02, -7.6614e-02, +5.2881e-02, +1.1437e-02, +1.3243e-02
-4.8286e-02, -8.1506e-02, -1.0000e+00, +6.1323e-02, -5.4780e-02, -2.0819e-01, -3.8402e-02, +1.3344e-02, -3.6049e-02, +6.2427e-02, -6.0423e-02, -1.0967e-01, +3.0680e-03, -1.2202e-01, +4.3640e-02, +1.7100e-01, +1.6567e-01, -1.3531e-01, -1.1716e-02, -7.4712e-02, +4.3975e-02, -1.3327e-02, +1.0209e-01, -1.0852e-01, -1.0332e-01, +8.5608e-03, -1.4235e-01, -1.5436e-01, -3.7743e-02, +4.9431e-02, -6.1402e-02, +1.0000e-01, +1.5544e-02, +2.2215e-02, +9.3683e-03, -2.0795e-02, +1.1984e-01, -2.5251e-02, -1.0239e-01, +3.7110e-02, -1.4768e-02, -3.8327e-02, -2.6124e-02, +4.9899e-02, -5.0660e-02, +1.4439e-02, -4.4702e-02, +9.3305e-02, -7.2126e-02, +1.5683e-02
-5.9078e-02, -2.6120e-02, +6.1323e-02, -1.0000e+00, -1.2663e-02, -3.3974e-02, -1.1835e-01, -8.1767e-02, +1.3889e-02, +5.7071e-02, -4.7155e-02, -5.5126e-02, +1.1950e-02, +4.9191e-02, +2.0561e-02, +5.0433e-02, +2.6327e-02, -4.2861e-02, +7.1515e-03, +8.9376e-03, +3.5430e-02, -2.6151e-02, +8.1195e-03, -1.3606e-02, -8.8820e-02, -8.5970e-02, +8.8951e-02, -8.4993e-02, +1.0591e-02, +1.7540e-02, -2.3466e-02, -9.2466e-03, +7.6122e-02, +5.5978e-02, +2.5051e-03, -3.8938e-02, +1.8982e-03, -6.8486e-02, -4.9162e-02, -8.3117e-03, -4.2252e-02, -3.8525e-02, +1.8372e-02, -1.8846e-03, -5.2532e-02, -3.0948e-03, -3.8613e-02, -2.1979e-03, -2.5113e-02, +2.0292e-02
+6.9138e-03, -5.4700e-02, -5.4780e-02, -1.2663e-02, -1.0000e+00, -4.7825e-02, -2.4480e-02, +9.5702e-04, -8.7592e-03, +1.3681e-02, -3.0126e-02, -1.3468e-02, -5.5925e-02, +7.1692e-02, +2.3434e-02, +3.1335e-02, +1.1407e-01, -2.8659e-02, -2.6877e-02, -6.2574e-02, +2.0457e-02, -6.0149e-02, +1.8664e-01, -1.8349e-02, -7.4642e-02, +1.1279e-01, -4.4604e-02, -1.2669e-01, -9.8665e-02, -7.0369e-02, -5.2816e-02, -2.8490e-02, -1.1460e-02, -1.8781e-02, +3.2584e-02, -1.0880e-02, -2.6496e-02, -7.6070e-03, -1.1334e-01, -1.3449e-02, +1.7209e-03, +5.1633e-02, -3.9602e-02, +3.0968e-02, +4.2505e-04, -8.1531e-02, -1.9725e-02, +2.1200e-02, +1.3125e-02, -6.5832e-02
+3.1591e-02, -5.4599e-02, -2.0819e-01, -3.3974e-02, -4.7825e-02, -1.0000e+00, +4.1060e-02, -3.6296e-02, +2.5449e-02, +5.0821e-02, -1.4365e-01, -6.7969e-02, -6.9282e-02, +6.0509e-02, -8.0491e-02, +2.4527e-01, +5.7113e-02, -2.1260e-01, -1.5595e-01, -5.7157e-02, +1.7117e-02, -4.4111e-02, +1.6630e-01, -6.4974e-02, -9.1821e-02, -8.4950e-02, -2.2636e-01, -6.3254e-02, -1.4665e-01, -3.7673e-02, -2.3223e-01, +9.4799e-02, +3.9457e-03, +1.2573e-02, +2.1410e-02, -6.0273e-02, +4.9612e-02, +2.2127e-02, -1.0319e-01, +1.9585e-02, -1.0973e-01, +1.6889e-02, +1.6874e-02, -1.6154e-02, -1.6204e-01, -4.0987e-02, -1.0468e-01, -2.7420e-02, -5.3174e-02, +1.7747e-02
-1.2615e-02, -3.8617e-02, -3.8402e-02, -1.1835e-01, -2.4480e-02, +4.1060e-02, -1.0000e+00, +3.2985e-02, -1.4918e-02, -1.9018e-03, +7.5610e-02, -8.3110e-02, +6.1177e-03, -5.6606e-02, +6.5599e-02, +9.1064e-03, +1.1975e-01, -9.3873e-03, -3.3960e-03, +1.2511e-02, +1.5393e-02, -1.3624e-02, +1.0209e-01, -2.6305e-02, -3.1249e-02, -1.6669e-02, +3.9614e-02, -1.5087e-02, +3.0149e-02, -1.9883e-02, -5.5044e-03, +1.1423e-02, -9.0540e-03, +6.1170e-02, +4.7770e-02, +3.7390e-02, +7.5471e-02, -2.5865e-03, -2.5620e-02, +2.3923e-02, -3.3356e-02, -2.1963e-02, +5.1548e-02, -2.9410e-02, -7.8275e-02, -4.3760e-02, +7.8179e-03, +8.3854e-02, -6.0105e-03, +4.9015e-02
+6.1197e-02, -6.9112e-03, +1.3344e-02, -8.1767e-02, +9.5702e-04, -3.6296e-02, +3.2985e-02, -1.0000e+00, +2.9229e-02, +6.5371e-02, -5.6532e-02, +3.8071e-02, -6.0658e-02, -7.5284e-03, +6.3312e-03, -4.2834e-02, +1.6635e-02, -1.3390e-01, +1.0410e-02, +1.7736e-03, -3.1654e-02, -1.2625e-04, +5.8175e-02, +6.3640e-02, +4.9285e-02, -1.3857e-02, +2.8433e-02, +5.2663e-04, -7.1121e-02, -4.2136e-02, +4.5303e-02, +1.2177e-03, -2.9441e-02, +1.2220e-01, +5.3482e-02, -2.1294e-02, +1.5045e-01, -6.3943e-02, -2.4320e-02, +9.4950e-02, +1.5141e-03, -7.6352e-03, -5.5019e-02, +1.5506e-02, -8.7570e-02, +4.6730e-02, +2.0139e-02, -9.4427e-02, +1.1710e-02, +3.3265e-02
-1.1766e-01, -1.7156e-02, -3.6049e-02, +1.3889e-02, -8.7592e-03, +2.5449e-02, -1.4918e-02, +2.9229e-02, -1.0000e+00, +1.6242e-02, +4.7156e-03, -3.9063e-02, -2.4397e-02, +4.0979e-02, +4.0895e-02, -5.9508e-03, -2.4729e-03, +6.9263e-02, +2.6592e-02, +8.0538e-02, -1.7690e-02, +3.0180e-03, -2.8246e-02, +1.0174e-02, +2.5617e-02, -8.5061e-03, -1.7511e-02, +4.5685e-02, +2.9744e-02, +1.4808e-03, +4.6864e-02, +2.4642e-02, -3.3735e-02, +1.1188e-03, -5.9837e-03, +6.7756e-02, +2.5496e-02, -4.0196e-03, +7.4731e-02, +3.9856e-02, -1.7511e-02, -2.9287e-02, -1.3303e-02, +3.4374e-02, +3.2974e-02, +1.0828e-02, -3.7640e-02, +2.0908e-02, -5.6754e-02, +2.8860e-02
-1.1636e-02, +9.5648e-02, +6.2427e-02, +5.7071e-02, +1.3681e-02, +5.0821e-02, -1.9018e-03, +6.5371e-02, +1.6242e-02, -1.0000e+00, -9.3018e-02, +5.6215e-02, +2.7380e-02, -4.3271e-02, +9.5541e-02, -6.9013e-03, +5.5239e-02, +1.7424e-02, -5.7837e-02, -5.1535e-02, -2.2450e-02, +1.1024e-02, +8.5571e-02, -6.0245e-02, +1.9300e-02, +4.2565e-02, -6.8027e-02, +3.7189e-02, +3.2376e-02, -4.8018e-02, -6.9628e-02, -1.4148e-02, -1.7128e-02, +3.9640e-02, +1.8577e-03, -4.6416e-03, -9.4777e-03, +7.1150e-02, +3.6718e-02, +6.2073e-02, +6.0466e-02, +2.7501e-02, -3.5442e-02, -6.5135e-02, +3.6061e-02, +2.5316e-02, +5.9000e-02, +5.7123e-03, +6.1983e-02, -1.2237e-02
-3.9003e-02, -2.4660e-02, -6.0423e-02, -4.7155e-02, -3.0126e-02, -1.4365e-01, +7.5610e-02, -5.6532e-02, +4.7156e-03, -9.3018e-02, -1.0000e+00, -9.1663e-02, -3.5551e-02, +3.2930e-02, -3.2889e-02, +1.6793e-01, +2.7823e-02, -1.5087e-01, -9.6090e-02, -1.9408e-02, +5.6883e-02, +2.7188e-04, +1.2927e-01, +1.0206e-02, -2.5913e-02, -1.1132e-01, -1.5929e-01, -1.5721e-02, -8.4286e-02, -4.2243e-02, -1.6812e-01, +6.2590e-02, -2.8586e-03, +6.8196e-02, +1.5980e-02, +2.5615e-02, -2.0938e-02, -2.0828e-02, -6.9868e-02, -1.2836e-02, -9.3414e-02, +4.9998e-02, +2.3379e-02, +3.7479e-02, -1.0715e-01, +5.4935e-02, -8.6366e-02, -1.6102e-02, -4.3360e-02, -5.5396e-03
-3.2585e-02, -8.9880e-02, -1.0967e-01, -5.5126e-02, -1.3468e-02, -6.7969e-02, -8.3110e-02, +3.8071e-02, -3.9063e-02, +5.6215e-02, -9.1663e-02, -1.0000e+00, -6.4419e-02, -1.0932e-01, -4.3767e-03, +8.6810e-02, +8.9351e-02, -8.3700e-02, -3.8146e-02, +3.6641e-02, +7.3202e-02, -3.3500e-02, +7.3051e-02, -3.8334e-02, -1.6593e-01, -6.1612e-02, -6.3526e-02, +1.3105e-02, -2.8650e-03, +8.6963e-03, -3.5419e-02, +6.2960e-02, -7.7660e-02, +6.3738e-02, +1.6211e-02, +1.4957e-02, +3.3403e-02, +2.5115e-02, -2.2828e-02, -4.5772e-02, +1.4898e-02, -4.4590e-02, +5.3920e-02, +8.6614e-02, -8.6263e-02, -4.6466e-02, +4.1328e-02, -2.5864e-02, -3.6157e-02, -2.0815e-02
+8.6078e-03, +1.4047e-01, +3.0680e-03, +1.1950e-02, -5.5925e-02, -6.9282e-02, +6.1177e-03, -6.0658e-02, -2.4397e-02, +2.7380e-02, -3.5551e-02, -6.4419e-02, -1.0000e+00, -2.4343e-02, +3.7556e-02, -3.2194e-02, +9.8653e-02, -7.4909e-02, +8.4998e-03, -2.5370e-02, -2.2815e-03, -1.0771e-02, +5.0405e-02, +1.1648e-02, -3.8916e-02, -4.1301e-02, +1.0632e-02, -1.0510e-02, -1.0240e-01, -4.9316e-02, -6.8400e-02, +9.0960e-02, -1.2080e-02, -1.5063e-03, +9.0590e-03, -6.7228e-02, +1.4227e-01, +8.9923e-03, -4.2877e-02, +1.7392e-03, +6.6414e-02, -3.2500e-02, +1.4844e-02, +4.1657e-02, -9.0256e-02, -5.3805e-02, +1.1571e-01, +1.8247e-01, -1.4728e-02, +6.5094e-02
-1.4652e-02, -2.4685e-02, -1.2202e-01, +4.9191e-02, +7.1692e-02, +6.0509e-02, -5.6606e-02, -7.5284e-03, +4.0979e-02, -4.3271e-02, +3.2930e-02, -1.0932e-01, -2.4343e-02, -1.0000e+00, +2.6690e-02, -3.8307e-02, +7.0471e-02, -1.7176e-02, -4.1380e-02, -9.5861e-02, +6.7656e-02, +2.0475e-02, +6.4523e-02, +6.8770e-03, -8.3260e-02, +1.3760e-02, -5.9602e-03, -5.3276e-02, -1.7494e-02, +1.0964e-02, -1.8963e-02, -1.7959e-02, -1.4665e-01, +1.2100e-02, -2.1983e-02, +3.5609e-02, +9.1353e-02, -4.0957e-02, -4.1623e-02, +1.0598e-02, +7.4074e-02, +2.0209e-03, -4.5783e-02, +5.9688e-02, -1.4169e-01, -2.0328e-02, -3.3908e-03, +2.4776e-01, -4.2007e-02, -1.5239e-02
-4.9153e-02, -9.7551e-02, +4.3640e-02, +2.0561e-02, +2.3434e-02, -8.0491e-02, +6.5599e-02, +6.3312e-03, +4.0895e-02, +9.5541e-02, -3.2889e-02, -4.3767e-03, +3.7556e-02, +2.6690e-02, -1.0000e+00, +4.3080e-02, -2.6439e-01, -4.5313e-02, -1.0783e-01, -4.5826e-02, +2.6216e-02, -3.5522e-02, -1.1821e-01, -4.0620e-02, -3.1779e-02, +6.1823e-02, -3.0366e-02, -1.2033e-01, -2.1974e-02, +2.4286e-02, -5.2320e-02, +3.8172e-02, +2.0236e-02, +5.1318e-02, +2.8382e-02, -3.4795e-02, +5.5344e-02, +3.8824e-02, +6.2772e-02, +1.2003e-02, -3.4284e-02, +1.0376e-01, -1.3633e-02, +6.1916e-03, -2.1507e-02, +5.0878e-02, -4.5567e-02, +7.9731e-02, -1.0919e-01, +2.7393e-02
-3.7139e-02, +7.7440e-02, +1.7100e-01, +5.0433e-02, +3.1335e-02, +2.4527e-01, +9.1064e-03, -4.2834e-02, -5.9508e-03, -6.9013e-03, +1.6793e-01, +8.6810e-02, -3.2194e-02, -3.8307e-02, +4.3080e-02, -1.0000e+00, +1.3692e-02, +8.9656e-02, +8.8524e-02, +1.2204e-01, -5.9766e-02, +6.9326e-02, +3.1813e-03, +2.4289e-01, +9.5115e-02, +4.8607e-02, +3.3889e-01, +2.3970e-02, +1.4408e-02, +6.6983e-02, +1.1446e-01, +1.0741e-02, +2.7660e-02, +1.5866e-01, -4.6841e-02, -5.4510e-02, +3.0743e-02, -8.6978e-04, +1.3302e-01, +3.4543e-02, +4.1205e-02, +4.9025e-02, -3.8799e-03, +2.4757e-02, +8.4267e-02, +7.2887e-02, +8.9539e-02, +1.9775e-01, +2.3310e-01, +1.4027e-02
-1.9461e-02, +4.0461e-02, +1.6567e-01, +2.6327e-02, +1.1407e-01, +5.7113e-02, +1.1975e-01, +1.6635e-02, -2.4729e-03, +5.5239e-02, +2.7823e-02, +8.9351e-02, +9.8653e-02, +7.0471e-02, -2.6439e-01, +1.3692e-02, -1.0000e+00, -2.4283e-02, -9.6531e-03, +4.7354e-02, -9.2031e-02, +5.9247e-03, +1.2274e-01, +6.3834e-02, +5.0876e-02, +1.9764e-02, +1.9567e-01, +1.4791e-02, +8.0834e-02, +5.9277e-02, +1.2854e-01, -3.8281e-02, +5.8980e-02, -1.9734e-02, +1.5310e-03, +1.5230e-02, +7.7250e-02, +4.0097e-02, +2.3773e-01, -2.1573e-03, -4.4877e-02, +3.6620e-02, -4.4954e-03, -2.4604e-02, +7.3118e-02, +9.2925e-02, -3.5194e-03, -1.8901e-02, -1.9286e-02, +3.2532e-02
+1.2149e-01, -1.2115e-01, -1.3531e-01, -4.2861e-02, -2.8659e-02, -2.1260e-01, -9.3873e-03, -1.3390e-01, +6.9263e-02, +1.7424e-02, -1.5087e-01, -8.3700e-02, -7.4909e-02, -1.7176e-02, -4.5313e-02, +8.9656e-02, -2.4283e-02, -1.0000e+00, -1.0900e-01, -3.4111e-02, -1.1951e-03, +1.8685e-02, +1.8768e-01, -2.1746e-03, +8.1948e-03, -6.5830e-02, -8.4382e-02, -1.2664e-01, -1.6353e-01, -6.7269e-02, -1.0461e-01, +1.0915e-02, -6.6732e-03, +1.2305e-01, +3.2777e-02, -5.0647e-02, +5.7942e-02, -4.4354e-02, -1.0695e-01, -1.8378e-02, -4.1113e-02, -1.9551e-02, -1.0181e-02, +1.6929e-02, -1.2282e-01, -5.0574e-03, -3.5853e-02, -5.5815e-02, +7.8897e-03, +6.8640e-02
+4.6268e-02, -1.6079e-01, -1.1716e-02, +7.1515e-03, -2.6877e-02, -1.5595e-01, -3.3960e-03, +1.0410e-02, +2.6592e-02, -5.7837e-02, -9.6090e-02, -3.8146e-02, +8.4998e-03, -4.1380e-02, -1.0783e-01, +8.8524e-02, -9.6531e-03, -1.0900e-01, -1.0000e+00, +1.6528e-02, +5.3893e-02, -4.6206e-02, +4.2257e-02, -7.6985e-02, -2.9706e-03, +4.5826e-02, -8.6246e-02, -7.9152e-02, -5.9216e-02, -1.7352e-02, -1.5263e-01, -1.2515e-02, +3.6073e-02, +5.6643e-02, +7.2502e-03, -4.6716e-02, +1.2222e-01, +5.1937e-03, -6.3848e-02, +1.9237e-02, -5.6258e-02, +3.6466e-02, -1.0193e-02, +3.6421e-02, -1.1117e-01, -3.0652e-02, -6.9316e-02, +5.1522e-02, -1.0414e-02, -1.6694e-02
+7.7096e-02, -2.9275e-02, -7.4712e-02, +8.9376e-03, -6.2574e-02, -5.7157e-02, +1.2511e-02, +1.7736e-03, +8.0538e-02, -5.1535e-02, -1.9408e-02, +3.6641e-02, -2.5370e-02, -9.5861e-02, -4.5826e-02, +1.2204e-01, +4.7354e-02, -3.4111e-02, +1.6528e-02, -1.0000e+00, +1.2165e-01, -1.1429e-01, +6.5770e-03, -2.9992e-02, -7.9976e-02, +2.6943e-02, -1.3306e-01, -1.1446e-01, +7.0196e-04, +6.4239e-03, -9.0185e-02, -1.8943e-02, -1.1519e-01, +3.8156e-02, +5.8107e-02, -4.0807e-03, +3.4167e-02, -8.7888e-02, -1.0908e-01, +5.1197e-03, +3.7729e-02, +1.1690e-01, -2.9865e-02, -4.3818e-02, -3.0940e-02, +5.6907e-02, -6.5347e-02, +5.4897e-02, +2.1602e-03, +1.0904e-02
+8.8848e-02, +2.6377e-02, +4.3975e-02, +3.5430e-02, +2.0457e-02, +1.7117e-02, +1.5393e-02, -3.1654e-02, -1.7690e-02, -2.2450e-02, +5.6883e-02, +7.3202e-02, -2.2815e-03, +6.7656e-02, +2.6216e-02, -5.9766e-02, -9.2031e-02, -1.1951e-03, +5.3893e-02, +1.2165e-01, -1.0000e+00, +3.2871e-02, -7.7177e-02, +9.0429e-03, +1.6621e-02, +5.5528e-02, +7.5308e-02, -2.5232e-03, +3.9161e-02, -7.0078e-04, +1.7720e-02, -1.4239e-02, +3.5971e-03, +3.0475e-02, +1.3512e-02, -5.0045e-02, +4.8201e-02, +3.5666e-02, +4.5774e-02, -2.7836e-02, -2.5773e-03, -4.4753e-02, -2.0757e-02, -1.6636e-01, +1.4990e-02, -1.0909e-03, +1.4184e-02, -4.0927e-02, +5.5545e-02, +1.2925e-02
-7.6774e-02, -8.9769e-02, -1.3327e-02, -2.6151e-02, -6.0149e-02, -4.4111e-02, -1.3624e-02, -1.2625e-04, +3.0180e-03, +1.1024e-02, +2.7187e-04, -3.3500e-02, -1.0771e-02, +2.0475e-02, -3.5522e-02, +6.9326e-02, +5.9247e-03, +1.8685e-02, -4.6206e-02, -1.1429e-01, +3.2871e-02, -1.0000e+00, +2.3577e-02, -2.7255e-03, -1.3655e-01, -6.9451e-03, -6.0494e-02, -4.8545e-02, -5.7605e-02, -2.6475e-02, -9.1093e-02, +1.9280e-03, +3.9356e-02, +2.6159e-02, +3.0962e-02, +1.2336e-02, +1.5115e-02, -3.0417e-02, +5.9480e-03, -2.6768e-03, -1.7693e-02, +3.9579e-02, +1.0179e-02, -7.0253e-03, -3.3498e-02, +2.5045e-02, -3.8811e-02, +5.3514e-02, -3.5303e-02, -1.2573e-02
+2.7703e-02, -1.7801e-02, +1.0209e-01, +8.1195e-03, +1.8664e-01, +1.6630e-01, +1.0209e-01, +5.8175e-02, -2.8246e-02, +8.5571e-02, +1.2927e-01, +7.3051e-02, +5.0405e-02, +6.4523e-02, -1.1821e-01, +3.1813e-03, +1.2274e-01, +1.8768e-01, +4.2257e-02, +6.5770e-03, -7.7177e-02, +2.3577e-02, -1.0000e+00, -9.6414e-02, +3.0814e-02, +1.2175e-01, +4.9218e-02, +3.7775e-02, +1.1987e-01, +1.6288e-01, +1.3786e-01, -4.2480e-02, +2.9509e-02, -1.1043e-02, -3.6889e-02, +4.8683e-02, -6.8854e-02, +7.8914e-02, +1.9632e-01, +4.8564e-02, +1.9938e-02, +3.6352e-02, +5.3567e-03, -1.3976e-01, +4.9770e-02, +6.4532e-02, +5.6444e-02, -9.7417e-02, -3.9838e-02, +5.3440e-02
+5.3878e-02, +1.7181e-02, -1.0852e-01, -1.3606e-02, -1.8349e-02, -6.4974e-02, -2.6305e-02, +6.3640e-02, +1.0175e-02, -6.0245e-02, +1.0206e-02, -3.8334e-02, +1.1648e-02, +6.8770e-03, -4.0620e-02, +2.4289e-01, +6.3834e-02, -2.1746e-03, -7.6985e-02, -2.9992e-02, +9.0429e-03, -2.7255e-03, -9.6414e-02, -1.0000e+00, +1.8314e-02, -7.0499e-02, -1.7497e-01, -1.8820e-02, +4.5764e-02, -5.8696e-02, -1.0045e-01, -9.6558e-03, -5.3979e-02, -1.8510e-02, -2.7900e-02, +3.3262e-02, +5.1575e-02, -2.3706e-02, -2.8385e-02, +3.9660e-02, +2.7497e-02, -2.7078e-02, +1.0414e-02, -3.2645e-02, -5.9606e-02, -4.5750e-02, -7.4399e-02, -9.4069e-03, -4.4010e-02, -6.1529e-03
+2.7990e-02, -2.4431e-02, -1.0332e-01, -8.8820e-02, -7.4642e-02, -9.1821e-02, -3.1249e-02, +4.9285e-02, +2.5617e-02, +1.9300e-02, -2.5913e-02, -1.6593e-01, -3.8916e-02, -8.3260e-02, -3.1779e-02, +9.5115e-02, +5.0876e-02, +8.1948e-03, -2.9706e-03, -7.9976e-02, +1.6621e-02, -1.3655e-01, +3.0814e-02, +1.8314e-02, -1.0000e+00, +7.2845e-02, -4.1712e-02, -1.0658e-01, -5.0425e-02, +4.2340e-02, -1.0389e-01, -1.2840e-02, -2.3479e-02, -5.3955e-02, +3.5101e-03, +4.3783e-04, +4.2808e-02, -1.0544e-01, +2.1860e-02, +8.9511e-03, +1.3239e-02, +1.6204e-02, +6.8756e-03, +7.1995e-02, -1.1587e-01, +5.7040e-03, -6.6990e-02, +1.6843e-01, -5.5472e-02, +2.0427e-02
-7.1764e-03, +1.7681e-02, +8.5608e-03, -8.5970e-02, +1.1279e-01, -8.4950e-02, -1.6669e-02, -1.3857e-02, -8.5061e-03, +4.2565e-02, -1.1132e-01, -6.1612e-02, -4.1301e-02, +1.3760e-02, +6.1823e-02, +4.8607e-02, +1.9764e-02, -6.5830e-02, +4.5826e-02, +2.6943e-02, +5.5528e-02, -6.9451e-03, +1.2175e-01, -7.0499e-02, +7.2845e-02, -1.0000e+00, -9.4337e-02, +6.0019e-02, +2.6094e-02, -6.5686e-02, +1.7086e-02, +4.2837e-02, +5.0547e-02, +5.7734e-02, -2.6456e-02, -3.8955e-03, -5.2521e-03, +3.7680e-02, +8.6385e-03, +2.7118e-02, -5.9840e-02, -1.8292e-02, +5.5341e-02, +3.1961e-02, -1.0077e-02, -1.9935e-02, -3.3256e-02, -1.3182e-02, -1.5050e-02, +1.1611e-02
+9.5917e-02, -2.3371e-02, -1.4235e-01, +8.8951e-02, -4.4604e-02, -2.2636e-01, +3.9614e-02, +2.8433e-02, -1.7511e-02, -6.8027e-02, -1.5929e-01, -6.3526e-02, +1.0632e-02, -5.9602e-03, -3.0366e-02, +3.3889e-01, +1.9567e-01, -8.4382e-02, -8.6246e-02, -1.3306e-01, +7.5308e-02, -6.0494e-02, +4.9218e-02, -1.7497e-01, -4.1712e-02, -9.4336e-02, -1.0000e+00, +9.7794e-03, -1.4000e-01, -9.4998e-02, -1.6300e-01, +4.7870e-02, -5.0702e-02, -2.7971e-03, -1.4514e-02, +4.9733e-02, -8.7966e-03, -3.8100e-02, -8.0548e-02, -2.1692e-02, -4.2550e-02, +1.2277e-02, +2.6172e-02, +5.5337e-02, -8.8238e-02, -7.0635e-02, -8.9006e-02, -1.8257e-01, -1.6049e-02, -1.0467e-04
-1.1299e-02, -1.5145e-01, -1.5436e-01, -8.4993e-02, -1.2669e-01, -6.3254e-02, -1.5087e-02, +5.2663e-04, +4.5685e-02, +3.7189e-02, -1.5721e-02, +1.3105e-02, -1.0510e-02, -5.3276e-02, -1.2033e-01, +2.3970e-02, +1.4791e-02, -1.2664e-01, -7.9152e-02, -1.1446e-01, -2.5232e-03, -4.8545e-02, +3.7775e-02, -1.8820e-02, -1.0658e-01, +6.0019e-02, +9.7794e-03, -1.0000e+00, -8.7047e-02, -2.1298e-02, -4.1327e-02, -2.6472e-02, -2.9195e-02, +4.4420e-02, -1.0977e-02, -6.9087e-02, +1.2966e-01, -1.2468e-01, -8.6384e-02, +6.8534e-02, +2.5133e-02, +3.9909e-02, +2.6521e-02, +3.0726e-02, -9.2307e-02, +7.9414e-02, -1.2825e-01, +1.8724e-01, -1.2770e-02, -5.3365e-02
+6.2329e-03, -6.6070e-02, -3.7743e-02, +1.0591e-02, -9.8665e-02, -1.4665e-01, +3.0149e-02, -7.1121e-02, +2.9744e-02, +3.2376e-02, -8.4286e-02, -2.8650e-03, -1.0240e-01, -1.7494e-02, -2.1974e-02, +1.4408e-02, +8.0834e-02, -1.6353e-01, -5.9216e-02, +7.0196e-04, +3.9161e-02, -5.7605e-02, +1.1987e-01, +4.5764e-02, -5.0425e-02, +2.6094e-02, -1.4000e-01, -8.7047e-02, -1.0000e+00, -8.7096e-02, -1.7718e-01, +7.8562e-02, -1.1326e-03, -2.4183e-03, -1.2013e-02, -8.4137e-02, +5.5759e-02, -8.3096e-02, -8.0597e-02, -2.8027e-02, -2.8002e-02, +1.9591e-02, -3.8792e-02, +9.3356e-02, -1.5688e-01, +4.4629e-02, -4.7239e-02, +1.3254e-01, +1.5812e-02, -2.4751e-02
-2.8689e-02, -9.7430e-03, +4.9431e-02, +1.7540e-02, -7.0369e-02, -3.7673e-02, -1.9883e-02, -4.2136e-02, +1.4808e-03, -4.8018e-02, -4.2243e-02, +8.6963e-03, -4.9316e-02, +1.0964e-02, +2.4286e-02, +6.6983e-02, +5.9277e-02, -6.7269e-02, -1.7352e-02, +6.4239e-03, -7.0078e-04, -2.6475e-02, +1.6288e-01, -5.8696e-02, +4.2340e-02, -6.5686e-02, -9.4998e-02, -2.1298e-02, -8.7096e-02, -1.0000e+00, -7.4584e-02, -4.8267e-02, -1.9125e-02, +1.4775e-02, -9.5716e-03, -3.1742e-02, +3.6482e-02, -3.3306e-02, -5.0819e-02, -4.0258e-02, +4.2451e-03, -3.0209e-02, -5.5085e-03, +4.4213e-02, -4.4662e-02, +2.4063e-03, -5.4632e-02, -7.4437e-04, -3.6598e-02, -2.7968e-02
+2.9270e-02, -6.5403e-02, -6.1402e-02, -2.3466e-02, -5.2816e-02, -2.3223e-01, -5.5044e-03, +4.5303e-02, +4.6864e-02, -6.9628e-02, -1.6812e-01, -3.5419e-02, -6.8400e-02, -1.8963e-02, -5.2320e-02, +1.1446e-01, +1.2854e-01, -1.0461e-01, -1.5263e-01, -9.0185e-02, +1.7720e-02, -9.1093e-02, +1.3786e-01, -1.0045e-01, -1.0389e-01, +1.7086e-02, -1.6300e-01, -4.1327e-02, -1.7718e-01, -7.4584e-02, -1.0000e+00, +3.2262e-02, -4.8055e-02, -2.3792e-02, +3.5663e-02, -2.1594e-02, -8.7854e-03, -2.9778e-02, -3.2709e-02, +9.3882e-03, -2.2019e-01, +6.5138e-02, +1.1006e-02, +1.5734e-02, -1.3720e-01, -4.3773e-02, -2.3723e-02, +1.7470e-01, +8.2585e-03, -1.8634e-02
-6.7603e-02, +3.3994e-02, +1.0000e-01, -9.2466e-03, -2.8490e-02, +9.4799e-02, +1.1423e-02, +1.2177e-03, +2.4642e-02, -1.4148e-02, +6.2590e-02, +6.2960e-02, +9.0960e-02, -1.7959e-02, +3.8172e-02, +1.0741e-02, -3.8281e-02, +1.0915e-02, -1.2515e-02, -1.8943e-02, -1.4239e-02, +1.9280e-03, -4.2480e-02, -9.6558e-03, -1.2840e-02, +4.2837e-02, +4.7870e-02, -2.6472e-02, +7.8562e-02, -4.8267e-02, +3.2262e-02, -1.0000e+00, -2.3847e-02, -1.0688e-01, +5.2269e-03, +6.4883e-02, +6.1517e-02, -1.3691e-02, +2.3253e-02, +2.6248e-02, +2.2782e-02, -5.4274e-02, -9.1258e-03, -3.5036e-03, +4.3066e-02, +5.4761e-03, +1.8168e-02, +4.9153e-02, +1.8621e-01, -5.9053e-02
-5.0974e-02, -4.8472e-02, +1.5544e-02, +7.6122e-02, -1.1460e-02, +3.9457e-03, -9.0540e-03, -2.9441e-02, -3.3735e-02, -1.7128e-02, -2.8586e-03, -7.7660e-02, -1.2080e-02, -1.4665e-01, +2.0236e-02, +2.7660e-02, +5.8980e-02, -6.6732e-03, +3.6073e-02, -1.1519e-01, +3.5970e-03, +3.9356e-02, +2.9509e-02, -5.3979e-02, -2.3479e-02, +5.0547e-02, -5.0702e-02, -2.9195e-02, -1.1326e-03, -1.9125e-02, -4.8055e-02, -2.3847e-02, -1.0000e+00, -3.2467e-02, +8.1179e-02, -1.0721e-01, +7.0584e-02, -3.0498e-02, -5.4151e-02, +1.2145e-02, +2.3065e-02, -4.0802e-02, +6.3541e-02, +1.7000e-02, -1.0387e-01, +6.1362e-02, -3.5133e-02, +1.4643e-01, +5.4348e-02, +1.0553e-02
-4.7488e-02, +1.1930e-01, +2.2215e-02, +5.5978e-02, -1.8781e-02, +1.2573e-02, +6.1170e-02, +1.2220e-01, +1.1188e-03, +3.9640e-02, +6.8196e-02, +6.3738e-02, -1.5063e-03, +1.2100e-02, +5.1318e-02, +1.5866e-01, -1.9734e-02, +1.2305e-01, +5.6643e-02, +3.8156e-02, +3.0475e-02, +2.6159e-02, -1.1043e-02, -1.8510e-02, -5.3955e-02, +5.7734e-02, -2.7971e-03, +4.4420e-02, -2.4183e-03, +1.4774e-02, -2.3792e-02, -1.0688e-01, -3.2467e-02, -1.0000e+00, +4.4272e-02, +3.1526e-02, +7.3438e-03, -3.9313e-03, +8.6648e-02, -1.0554e-02, -1.5137e-02, +5.4400e-02, +5.4620e-02, -3.4811e-02, +1.0906e-02, +1.1259e-02, +5.8171e-02, +2.7137e-01, +2.1122e-01, -1.1114e-01
+2.8726e-02, +3.6591e-02, +9.3683e-03, +2.5051e-03, +3.2584e-02, +2.1410e-02, +4.7770e-02, +5.3482e-02, -5.9837e-03, +1.8577e-03, +1.5980e-02, +1.6211e-02, +9.0590e-03, -2.1983e-02, +2.8382e-02, -4.6841e-02, +1.5310e-03, +3.2777e-02, +7.2502e-03, +5.8107e-02, +1.3512e-02, +3.0962e-02, -3.6889e-02, -2.7900e-02, +3.5101e-03, -2.6456e-02, -1.4514e-02, -1.0977e-02, -1.2013e-02, -9.5716e-03, +3.5663e-02, +5.2269e-03, +8.1179e-02, +4.4272e-02, -1.0000e+00, -1.0305e-02, -6.3686e-02, +2.7452e-02, +1.2488e-01, -2.8739e-02, +3.5787e-02, -3.2635e-02, -7.7997e-03, -1.1994e-02, +6.1966e-02, -3.3753e-02, +3.9297e-02, -6.5230e-02, -2.5584e-04, +1.6038e-02
+4.0719e-02, -2.5295e-02, -2.0795e-02, -3.8938e-02, -1.0880e-02, -6.0273e-02, +3.7390e-02, -2.1294e-02, +6.7756e-02, -4.6416e-03, +2.5615e-02, +1.4957e-02, -6.7228e-02, +3.5609e-02, -3.4795e-02, -5.4510e-02, +1.5230e-02, -5.0647e-02, -4.6716e-02, -4.0807e-03, -5.0045e-02, +1.2336e-02, +4.8683e-02, +3.3262e-02, +4.3782e-04, -3.8955e-03, +4.9733e-02, -6.9087e-02, -8.4137e-02, -3.1742e-02, -2.1594e-02, +6.4883e-02, -1.0721e-01, +3.1526e-02, -1.0305e-02, -1.0000e+00, +1.3044e-02, -3.3607e-02, -1.7229e-02, +2.9053e-02, -1.1620e-02, +5.5971e-02, +3.7754e-03, -7.2868e-02, +3.6103e-02, +3.6254e-02, -2.4908e-02, +5.3638e-02, -1.7387e-02, +2.5469e-02
+7.1385e-02, +1.3221e-01, +1.1984e-01, +1.8982e-03, -2.6496e-02, +4.9612e-02, +7.5471e-02, +1.5045e-01, +2.5496e-02, -9.4777e-03, -2.0938e-02, +3.3403e-02, +1.4227e-01, +9.1353e-02, +5.5344e-02, +3.0743e-02, +7.7250e-02, +5.7942e-02, +1.2222e-01, +3.4167e-02, +4.8201e-02, +1.5115e-02, -6.8854e-02, +5.1575e-02, +4.2808e-02, -5.2521e-03, -8.7966e-03, +1.2966e-01, +5.5758e-02, +3.6482e-02, -8.7854e-03, +6.1517e-02, +7.0584e-02, +7.3438e-03, -6.3686e-02, +1.3044e-02, -1.0000e+00, +1.0817e-01, -1.6622e-02, -5.2270e-02, -2.0900e-02, +7.9612e-02, +1.5607e-02, +1.6890e-02, +1.3633e-01, -2.9540e-02, +1.7896e-02, -1.4143e-01, -1.1350e-01, -3.4233e-02
-8.4930e-02, -1.0939e-01, -2.5251e-02, -6.8486e-02, -7.6070e-03, +2.2127e-02, -2.5865e-03, -6.3943e-02, -4.0196e-03, +7.1150e-02, -2.0828e-02, +2.5115e-02, +8.9923e-03, -4.0957e-02, +3.8824e-02, -8.6978e-04, +4.0097e-02, -4.4354e-02, +5.1938e-03, -8.7888e-02, +3.5666e-02, -3.0417e-02, +7.8914e-02, -2.3706e-02, -1.0544e-01, +3.7680e-02, -3.8100e-02, -1.2468e-01, -8.3096e-02, -3.3306e-02, -2.9778e-02, -1.3691e-02, -3.0498e-02, -3.9313e-03, +2.7452e-02, -3.3607e-02, +1.0817e-01, -1.0000e+00, -8.5933e-02, -1.2201e-02, +2.8327e-02, +4.1854e-02, -3.6577e-02, +4.1526e-02, -6.8618e-02, +2.5658e-02, -1.3219e-01, +1.4778e-01, +3.3211e-02, -3.2914e-02
+1.1629e-01, -5.8623e-02, -1.0239e-01, -4.9162e-02, -1.1334e-01, -1.0319e-01, -2.5620e-02, -2.4320e-02, +7.4731e-02, +3.6718e-02, -6.9868e-02, -2.2828e-02, -4.2877e-02, -4.1623e-02, +6.2772e-02, +1.3302e-01, +2.3773e-01, -1.0695e-01, -6.3848e-02, -1.0908e-01, +4.5774e-02, +5.9480e-03, +1.9632e-01, -2.8385e-02, +2.1860e-02, +8.6385e-03, -8.0548e-02, -8.6384e-02, -8.0597e-02, -5.0819e-02, -3.2709e-02, +2.3253e-02, -5.4151e-02, +8.6648e-02, +1.2488e-01, -1.7229e-02, -1.6622e-02, -8.5933e-02, -1.0000e+00, +1.8549e-03, -2.4774e-03, -4.4730e-02, -2.7783e-03, +3.2551e-02, -3.0152e-02, -2.9371e-02, -1.4967e-01, -4.9382e-02, -6.1339e-02, -4.3427e-03
+1.6824e-02, +2.9607e-02, +3.7110e-02, -8.3117e-03, -1.3449e-02, +1.9585e-02, +2.3923e-02, +9.4949e-02, +3.9856e-02, +6.2073e-02, -1.2836e-02, -4.5772e-02, +1.7392e-03, +1.0598e-02, +1.2003e-02, +3.4543e-02, -2.1573e-03, -1.8378e-02, +1.9237e-02, +5.1197e-03, -2.7836e-02, -2.6768e-03, +4.8564e-02, +3.9660e-02, +8.9511e-03, +2.7118e-02, -2.1692e-02, +6.8534e-02, -2.8027e-02, -4.0258e-02, +9.3882e-03, +2.6248e-02, +1.2145e-02, -1.0554e-02, -2.8739e-02, +2.9053e-02, -5.2270e-02, -1.2201e-02, +1.8549e-03, -1.0000e+00, -1.6415e-02, -2.6674e-02, -1.7005e-02, +8.6462e-02, -3.7224e-03, -6.6434e-02, -3.1578e-02, -7.7017e-02, +2.5811e-03, -2.6354e-02
+1.4740e-02, -2.7716e-02, -1.4768e-02, -4.2252e-02, +1.7209e-03, -1.0973e-01, -3.3356e-02, +1.5141e-03, -1.7511e-02, +6.0466e-02, -9.3414e-02, +1.4898e-02, +6.6414e-02, +7.4074e-02, -3.4284e-02, +4.1205e-02, -4.4877e-02, -4.1113e-02, -5.6258e-02, +3.7729e-02, -2.5773e-03, -1.7693e-02, +1.9938e-02, +2.7497e-02, +1.3239e-02, -5.9840e-02, -4.2550e-02, +2.5133e-02, -2.8002e-02, +4.2451e-03, -2.2019e-01, +2.2782e-02, +2.3065e-02, -1.5137e-02, +3.5787e-02, -1.1620e-02, -2.0900e-02, +2.8327e-02, -2.4774e-03, -1.6415e-02, -1.0000e+00, -1.9109e-03, -6.7075e-03, -2.6579e-02, +1.0304e-02, -3.9942e-02, -5.9277e-02, -2.1226e-02, -2.1856e-02, -2.8500e-02
+2.7375e-02, -1.7180e-02, -3.8327e-02, -3.8525e-02, +5.1633e-02, +1.6889e-02, -2.1963e-02, -7.6352e-03, -2.9287e-02, +2.7501e-02, +4.9998e-02, -4.4590e-02, -3.2500e-02, +2.0209e-03, +1.0376e-01, +4.9025e-02, +3.6620e-02, -1.9551e-02, +3.6466e-02, +1.1690e-01, -4.4753e-02, +3.9579e-02, +3.6352e-02, -2.7078e-02, +1.6204e-02, -1.8292e-02, +1.2277e-02, +3.9909e-02, +1.9591e-02, -3.0209e-02, +6.5138e-02, -5.4274e-02, -4.0802e-02, +5.4400e-02, -3.2635e-02, +5.5972e-02, +7.9612e-02, +4.1854e-02, -4.4730e-02, -2.6674e-02, -1.9109e-03, -1.0000e+00, +1.0685e-01, +9.0828e-02, +2.3287e-02, -8.8881e-02, +1.8395e-02, -8.0284e-02, +9.4373e-02, +1.6052e-02
-2.8040e-02, +6.1879e-03, -2.6124e-02, +1.8372e-02, -3.9602e-02, +1.6874e-02, +5.1548e-02, -5.5019e-02, -1.3303e-02, -3.5442e-02, +2.3379e-02, +5.3920e-02, +1.4844e-02, -4.5783e-02, -1.3633e-02, -3.8799e-03, -4.4954e-03, -1.0181e-02, -1.0193e-02, -2.9865e-02, -2.0757e-02, +1.0179e-02, +5.3568e-03, +1.0414e-02, +6.8755e-03, +5.5341e-02, +2.6172e-02, +2.6521e-02, -3.8792e-02, -5.5085e-03, +1.1006e-02, -9.1258e-03, +6.3541e-02, +5.4620e-02, -7.7997e-03, +3.7754e-03, +1.5607e-02, -3.6577e-02, -2.7783e-03, -1.7005e-02, -6.7075e-03, +1.0685e-01, -1.0000e+00, -3.8236e-02, +5.5854e-02, +2.7297e-02, -3.1468e-02, +2.0234e-02, -1.2663e-01, +9.7255e-04
+4.9769e-02, +4.9656e-02, +4.9899e-02, -1.8846e-03, +3.0968e-02, -1.6154e-02, -2.9410e-02, +1.5506e-02, +3.4374e-02, -6.5135e-02, +3.7479e-02, +8.6614e-02, +4.1657e-02, +5.9688e-02, +6.1916e-03, +2.4757e-02, -2.4604e-02, +1.6929e-02, +3.6421e-02, -4.3818e-02, -1.6636e-01, -7.0253e-03, -1.3976e-01, -3.2645e-02, +7.1995e-02, +3.1961e-02, +5.5337e-02, +3.0726e-02, +9.3356e-02, +4.4213e-02, +1.5734e-02, -3.5036e-03, +1.7000e-02, -3.4811e-02, -1.1994e-02, -7.2868e-02, +1.6890e-02, +4.1526e-02, +3.2551e-02, +8.6462e-02, -2.6579e-02, +9.0828e-02, -3.8236e-02, -1.0000e+00, -5.5742e-03, -1.7612e-02, -1.8707e-02, -1.1446e-02, +5.6752e-02, -9.5917e-03
-3.3254e-02, -7.4029e-03, -5.0660e-02, -5.2532e-02, +4.2505e-04, -1.6204e-01, -7.8275e-02, -8.7570e-02, +3.2974e-02, +3.6061e-02, -1.0715e-01, -8.6263e-02, -9.0256e-02, -1.4169e-01, -2.1507e-02, +8.4267e-02, +7.3118e-02, -1.2282e-01, -1.1117e-01, -3.0940e-02, +1.4990e-02, -3.3498e-02, +4.9770e-02, -5.9606e-02, -1.1587e-01, -1.0077e-02, -8.8238e-02, -9.2307e-02, -1.5688e-01, -4.4662e-02, -1.3720e-01, +4.3066e-02, -1.0387e-01, +1.0906e-02, +6.1966e-02, +3.6103e-02, +1.3633e-01, -6.8618e-02, -3.0152e-02, -3.7224e-03, +1.0304e-02, +2.3287e-02, +5.5854e-02, -5.5742e-03, -1.0000e+00, -1.8608e-02, -7.2641e-03, +2.2003e-01, +2.4402e-02, +4.5795e-02
+4.3977e-02, +2.7260e-02, +1.4439e-02, -3.0948e-03, -8.1531e-02, -4.0987e-02, -4.3760e-02, +4.6730e-02, +1.0828e-02, +2.5316e-02, +5.4935e-02, -4.6466e-02, -5.3805e-02, -2.0328e-02, +5.0878e-02, +7.2887e-02, +9.2925e-02, -5.0574e-03, -3.0652e-02, +5.6907e-02, -1.0909e-03, +2.5045e-02, +6.4532e-02, -4.5750e-02, +5.7040e-03, -1.9935e-02, -7.0635e-02, +7.9414e-02, +4.4629e-02, +2.4063e-03, -4.3773e-02, +5.4761e-03, +6.1362e-02, +1.1259e-02, -3.3753e-02, +3.6254e-02, -2.9540e-02, +2.5658e-02, -2.9371e-02, -6.6434e-02, -3.9942e-02, -8.8881e-02, +2.7297e-02, -1.7612e-02, -1.8608e-02, -1.0000e+00, +9.8881e-03, -1.9063e-01, +3.4471e-02, -2.3249e-04
-1.0936e-02, -7.6614e-02, -4.4702e-02, -3.8613e-02, -1.9725e-02, -1.0468e-01, +7.8179e-03, +2.0139e-02, -3.7640e-02, +5.9000e-02, -8.6366e-02, +4.1328e-02, +1.1571e-01, -3.3908e-03, -4.5567e-02, +8.9539e-02, -3.5194e-03, -3.5853e-02, -6.9316e-02, -6.5347e-02, +1.4184e-02, -3.8811e-02, +5.6444e-02, -7.4399e-02, -6.6990e-02, -3.3256e-02, -8.9006e-02, -1.2825e-01, -4.7239e-02, -5.4632e-02, -2.3723e-02, +1.8168e-02, -3.5133e-02, +5.8171e-02, +3.9297e-02, -2.4908e-02, +1.7897e-02, -1.3219e-01, -1.4967e-01, -3.1578e-02, -5.9277e-02, +1.8395e-02, -3.1468e-02, -1.8707e-02, -7.2640e-03, +9.8881e-03, -1.0000e+00, +3.1316e-02, -2.4408e-03, -8.9156e-03
+2.2706e-01, +5.2881e-02, +9.3305e-02, -2.1979e-03, +2.1200e-02, -2.7420e-02, +8.3854e-02, -9.4427e-02, +2.0908e-02, +5.7123e-03, -1.6102e-02, -2.5864e-02, +1.8247e-01, +2.4776e-01, +7.9731e-02, +1.9775e-01, -1.8901e-02, -5.5815e-02, +5.1522e-02, +5.4897e-02, -4.0927e-02, +5.3514e-02, -9.7417e-02, -9.4069e-03, +1.6843e-01, -1.3182e-02, -1.8257e-01, +1.8724e-01, +1.3254e-01, -7.4437e-04, +1.7470e-01, +4.9153e-02, +1.4643e-01, +2.7137e-01, -6.5230e-02, +5.3638e-02, -1.4143e-01, +1.4778e-01, -4.9382e-02, -7.7017e-02, -2.1226e-02, -8.0284e-02, +2.0234e-02, -1.1446e-02, +2.2003e-01, -1.9063e-01, +3.1316e-02, -1.0000e+00, +2.6221e-02, +6.7225e-02
-3.2295e-02, +1.1437e-02, -7.2126e-02, -2.5113e-02, +1.3125e-02, -5.3174e-02, -6.0105e-03, +1.1710e-02, -5.6754e-02, +6.1983e-02, -4.3360e-02, -3.6157e-02, -1.4728e-02, -4.2007e-02, -1.0919e-01, +2.3310e-01, -1.9286e-02, +7.8897e-03, -1.0414e-02, +2.1602e-03, +5.5545e-02, -3.5303e-02, -3.9838e-02, -4.4010e-02, -5.5472e-02, -1.5050e-02, -1.6049e-02, -1.2770e-02, +1.5812e-02, -3.6598e-02, +8.2585e-03, +1.8621e-01, +5.4348e-02, +2.1122e-01, -2.5585e-04, -1.7387e-02, -1.1350e-01, +3.3211e-02, -6.1339e-02, +2.5810e-03, -2.1856e-02, +9.4373e-02, -1.2663e-01, +5.6752e-02, +2.4402e-02, +3.4471e-02, -2.4408e-03, +2.6221e-02, -1.0000e+00, +3.1386e-02
-8.1689e-02, +1.3243e-02, +1.5683e-02, +2.0292e-02, -6.5832e-02, +1.7747e-02, +4.9015e-02, +3.3265e-02, +2.8860e-02, -1.2237e-02, -5.5396e-03, -2.0815e-02, +6.5094e-02, -1.5239e-02, +2.7393e-02, +1.4027e-02, +3.2532e-02, +6.8640e-02, -1.6694e-02, +1.0904e-02, +1.2925e-02, -1.2573e-02, +5.3440e-02, -6.1529e-03, +2.0427e-02, +1.1611e-02, -1.0466e-04, -5.3365e-02, -2.4751e-02, -2.7968e-02, -1.8634e-02, -5.9053e-02, +1.0553e-02, -1.1114e-01, +1.6038e-02, +2.5469e-02, -3.4233e-02, -3.2914e-02, -4.3427e-03, -2.6354e-02, -2.8500e-02, +1.6052e-02, +9.7256e-04, -9.5917e-03, +4.5795e-02, -2.3249e-04, -8.9156e-03, +6.7225e-02, +3.1386e-02, -1.0000e+00
