-1.0000e+00, +3.9604e-02, +4.3989e-02, +8.5480e-03, -1.0617e-01, -2.2025e-02, -1.3120e-01, +1.2363e-01, -5.4077e-02, +1.3975e-02, -1.5607e-01, -4.9575e-02, +2.4791e-03, +1.7133e-01, -3.2335e-02, +2.7151e-02, +9.1004e-02, +7.2117e-02, +3.3671e-02, +4.2138e-03, +8.5923e-02, +4.6547e-02, -3.3743e-02, -8.9812e-02, -7.7968e-04, -1.1273e-01, -3.9699e-02, +2.9139e-03, -1.0518e-01, -2.6502e-01, -1.2973e-01, +1.2822e-01, -5.2228e-02, +3.4691e-02, -9.8045e-02, +4.7307e-02, +6.2916e-02, -1.1263e-02, -8.3875e-02, -5.1302e-02, -1.0237e-01, +9.8087e-02, +6.0404e-02, +6.2027e-02, +7.2635e-02, +1.0928e-01, -7.8300e-02, +1.2742e-01, +5.1064e-02, +4.3405e-01
+3.9604e-02, -1.0000e+00, -1.5146e-01, -1.9973e-01, -1.1838e-01, -7.0355e-02, -2.9341e-02, -2.0927e-01, +1.4362e-01, +1.4844e-01, -3.5505e-02, -5.2625e-02, +2.6512e-03, -1.4566e-01, +4.9151e-02, -1.2801e-02, -4.3306e-02, -9.3172e-02, -2.1216e-02, -8.2707e-02, +3.3240e-02, -3.7640e-02, +1.2880e-01, +2.2370e-02, -1.4583e-01, -3.3356e-02, -1.3208e-01, -1.2111e-01, -4.1224e-02, -1.3142e-01, -1.1726e-02, -3.0200e-01, +1.5436e-01, +5.1515e-02, +1.4021e-02, +3.6013e-02, -5.3174e-02, +9.1110e-02, -1.1176e-01, +5.2178e-04, -8.9627e-03, -1.3215e-01, -5.7582e-02, +4.8476e-02, +8.4885e-02, -1.6634e-02, +1.2256e-01, -4.5700e-02, -1.5165e-02, +1.6462e-01
+4.3989e-02, -1.5146e-01, -1.0000e+00, -1.7814e-01, +4.4304e-02, -9.7586e-02, +9.2326e-02, -8.4826e-02, +1.2557e-01, +8.1826e-02, +7.3919e-02, -1.3359e-01, +1.9856e-02, +4.0991e-02, +2.1244e-01, -7.1712e-02, +1.6688e-01, +7.1263e-02, -8.9136e-02, -1.7197e-01, -1.5014e-01, -2.7098e-02, +3.5403e-02, +1.0105e-02, -3.1125e-02, -1.1573e-01, -5.6221e-02, -5.6998e-02, +1.9458e-01, +3.1795e-02, +2.6187e-01, -2.1386e-02, -5.0500e-03, -2.0381e-02, +1.1715e-01, +7.0773e-02, -5.0573e-01, +9.4234e-02, +7.2640e-02, -7.7525e-02, +2.0527e-01, +1.5927e-02, -2.9086e-01, -1.8615e-01, +1.6128e-01, -1.1959e-01, -3.6882e-02, -3.9991e-03, -5.0713e-02, +7.4356e-02
+8.5480e-03, -1.9973e-01, -1.7814e-01, -1.0000e+00, -3.2058e-02, -1.7118e-01, -6.7061e-03, +9.3543e-03, +2.3903e-01, +1.8092e-01, -9.0334e-02, -4.0153e-02, -1.3581e-01, +4.1623e-02, +2.4293e-02, +2.2355e-02, +2.2825e-01, -1.0761e-01, -5.1432e-02, -2.0603e-01, +2.8461e-02, +3.6082e-02, +7.9519e-02, -1.0443e-01, +1.3601e-01, -5.2440e-01, +7.5376e-03, +1.0126e-01, -6.0105e-02, -2.7229e-01, -2.0858e-02, +5.7377e-02, +1.0598e-01, +7.3825e-02, -2.8507e-02, -5.2639e-02, +1.2111e-01, -7.4364e-02, -7.7559e-02, +1.5568e-01, -1.4548e-01, -5.4615e-02, -1.6588e-01, -8.9494e-02, -2.2432e-01, -1.3827e-01, -9.7006e-02, +1.5246e-01, -2.0194e-01, -6.9262e-02
-1.0617e-01, -1.1838e-01, +4.4304e-02, -3.2058e-02, -1.0000e+00, -3.4509e-02, -9.4843e-02, -1.4932e-01, +4.0622e-02, +7.6560e-02, -1.0716e-01, -7.5746e-02, -1.6539e-01, +1.7996e-01, -1.4600e-01, +7.8079e-02, -2.1943e-02, -1.9467e-02, -1.2382e-01, +1.0523e-01, +1.3071e-01, +1.2608e-01, -4.5804e-02, -4.1788e-02, -5.9244e-02, +2.7570e-02, -1.5830e-03, -2.6759e-01, -2.5326e-01, -1.3101e-01, -2.0972e-01, -1.1650e-01, +7.0178e-02, +3.2559e-02, -7.1433e-02, +1.4824e-02, -1.4890e-02, +1.5417e-03, -3.1622e-02, -3.9841e-02, -2.1347e-01, -2.4098e-02, +3.0859e-03, -5.7335e-02, -2.7368e-01, +1.6512e-02, -6.7505e-02, +2.9180e-01, -1.1938e-01, +4.0301e-01
-2.2025e-02, -7.0355e-02, -9.7586e-02, -1.7118e-01, -3.4509e-02, -1.0000e+00, +4.3264e-03, -1.3849e-01, +2.5132e-01, +1.0069e-01, -1.9216e-01, -6.1480e-02, -1.5848e-01, -9.0953e-02, -2.6008e-01, +6.8003e-02, +6.1989e-02, -1.0838e-01, -3.7682e-02, +5.3118e-02, +5.7053e-02, -6.2538e-02, -2.3115e-02, -1.5846e-01, -9.6425e-02, -4.8846e-02, -1.8517e-01, -9.7265e-02, -4.0620e-02, -5.7270e-03, -2.6665e-01, -6.0049e-03, +1.4262e-02, +4.8140e-02, +1.4236e-01, -2.0430e-01, +8.8614e-03, -6.9874e-02, -7.8984e-02, +1.9881e-01, -1.7352e-01, +1.2288e-02, -5.3243e-02, -6.5425e-02, -8.6559e-03, -5.5877e-03, -2.6507e-01, +6.1571e-02, -6.2285e-02, -2.5928e-02
-1.3120e-01, -2.9341e-02, +9.2326e-02, -6.7061e-03, -9.4843e-02, +4.3264e-03, -1.0000e+00, +4.9484e-02, +1.5398e-01, +7.1915e-02, -1.4045e-02, -6.3867e-02, -2.5254e-01, +1.8504e-01, +3.0748e-03, +2.9649e-02, +1.9964e-01, -5.2314e-03, +6.1694e-02, +1.2285e-01, +6.8041e-02, +1.0349e-02, +1.0574e-01, -3.5222e-02, -1.5332e-01, +2.3758e-02, -5.1027e-02, -1.4821e-01, -2.2796e-01, -5.3192e-02, +9.5303e-02, +6.2952e-02, +3.7964e-02, +1.2448e-01, -1.2823e-01, +1.6580e-01, +5.3605e-03, +1.8756e-01, -1.1072e-01, +9.5966e-02, +6.3196e-02, -1.1231e-01, +1.2355e-01, +8.6049e-02, -1.2254e-01, +7.7229e-02, +1.0898e-01, -1.8449e-01, -6.1369e-02, +7.0627e-02
+1.2363e-01, -2.0927e-01, -8.4826e-02, +9.3543e-03, -1.4932e-01, -1.3849e-01, +4.9484e-02, -1.0000e+00, +2.6385e-01, +7.9564e-02, -1.4428e-01, -2.8495e-02, -5.4151e-02, +3.5083e-02, -1.9963e-01, -9.2008e-03, +8.9517e-02, -1.5486e-01, -7.1559e-03, +9.2192e-02, +1.4961e-01, +1.1060e-01, +1.0951e-01, -1.3519e-02, -6.3770e-02, -2.4004e-02, -1.6265e-01, -2.5553e-01, -4.7863e-02, +6.5627e-02, -1.4372e-01, -1.4532e-01, +1.9821e-01, -1.4124e-01, +1.6193e-01, -2.1588e-02, -2.8733e-02, -3.4542e-02, -1.3162e-01, -1.1337e-01, -2.6164e-02, +4.9824e-02, +5.6283e-03, +3.9765e-02, -2.7969e-01, +1.7126e-01, -2.8888e-01, +1.9250e-02, +3.9562e-02, -9.7825e-03
-5.4077e-02, +1.4362e-01, +1.2557e-01, +2.3903e-01, +4.0622e-02, +2.5132e-01, +1.5398e-01, +2.6385e-01, -1.0000e+00, +3.8867e-02, +2.9286e-01, +2.0208e-02, +4.5550e-01, +1.4210e-01, +5.8858e-02, -4.5821e-02, -4.6174e-03, +1.9722e-01, +8.1096e-02, +1.6738e-01, -7.1335e-02, -1.3099e-01, -9.1107e-03, +3.9594e-03, -9.8475e-03, +2.3725e-01, +1.9235e-01, +9.6407e-02, +3.2948e-02, +1.6395e-01, +3.5821e-02, +5.7039e-02, -7.4727e-02, -1.9813e-02, -3.4185e-02, -2.6065e-02, -9.1474e-02, -3.6677e-02, +9.9936e-02, +7.7421e-02, +5.5082e-02, -1.0863e-03, -2.2967e-02, -2.9027e-02, +3.0450e-01, +8.6219e-02, +1.8835e-01, +2.0694e-01, -3.1005e-02, +1.0772e-01
+1.3975e-02, +1.4844e-01, +8.1826e-02, +1.8092e-01, +7.6560e-02, +1.0069e-01, +7.1915e-02, +7.9564e-02, +3.8867e-02, -1.0000e+00, -6.9530e-02, +8.3751e-02, +6.2105e-02, -8.8403e-02, +1.0317e-01, -3.1918e-03, +7.6611e-02, +5.3433e-02, -2.2533e-02, -5.5268e-03, +2.1580e-02, -2.9238e-03, +9.9893e-02, -9.5233e-02, -1.8816e-02, +6.4485e-02, +5.7998e-02, +1.6683e-01, +1.7745e-01, +2.7248e-03, -4.9388e-02, -2.5240e-02, +2.2787e-02, -7.7542e-03, -1.1787e-02, +4.4018e-03, +1.4487e-02, +4.0717e-02, +5.8245e-02, +2.7270e-02, +6.6281e-02, -2.6031e-03, -5.0862e-03, -2.5742e-02, +7.0358e-02, +4.8490e-02, +1.8775e-01, -1.5662e-02, -2.6547e-02, +2.3959e-02
-1.5607e-01, -3.5505e-02, +7.3919e-02, -9.0334e-02, -1.0716e-01, -1.9216e-01, -1.4045e-02, -1.4428e-01, +2.9286e-01, -6.9530e-02, -1.0000e+00, -1.2670e-01, -1.5890e-01, -1.1182e-01, -2.7959e-01, +4.8798e-02, +4.1764e-02, -7.6284e-02, +3.9142e-03, -1.0746e-01, +7.4748e-02, +2.5767e-02, +1.4547e-01, -7.3754e-02, -7.0936e-02, -2.3428e-02, -7.4038e-02, -1.7877e-01, -7.7464e-02, -5.6241e-02, -2.8523e-01, -1.9602e-02, -1.2604e-02, -5.4325e-02, +3.1284e-02, +2.9583e-02, +9.5168e-02, -7.7321e-02, -1.8480e-01, +8.8150e-02, -1.2985e-01, +7.0825e-02, +1.0892e-01, +9.5397e-02, -2.3187e-01, -6.7553e-02, -2.5298e-01, +1.9543e-01, -9.6319e-02, +1.0850e-01
-4.9575e-02, -5.2625e-02, -1.3359e-01, -4.0153e-02, -7.5746e-02, -6.1480e-02, -6.3867e-02, -2.8495e-02, +2.0208e-02, +8.3751e-02, -1.2670e-01, -1.0000e+00, -9.7896e-02, -4.2998e-02, -6.1707e-02, -9.5475e-03, +2.4547e-01, -3.5041e-02, -3.1464e-02, +9.9635e-02, -1.1520e-01, +4.5925e-02, +1.1470e-01, +5.3704e-02, -6.4585e-02, -1.8062e-02, +4.6228e-02, -7.1028e-02, -1.2672e-01, +9.4872e-03, -3.6517e-03, +2.0508e-01, -2.0154e-02, -4.4816e-03, -1.2776e-01, +6.7793e-02, -1.1722e-01, -1.6900e-02, -4.2758e-02, -3.6529e-02, -9.3394e-04, +2.2197e-02, -1.0854e-01, -2.8133e-02, -1.3412e-01, -8.1151e-03, -1.1688e-01, +4.7494e-02, +5.4810e-03, +6.8073e-02
+2.4791e-03, +2.6512e-03, +1.9856e-02, -1.3581e-01, -1.6539e-01, -1.5848e-01, -2.5254e-01, -5.4151e-02, +4.5550e-01, +6.2105e-02, -1.5890e-01, -9.7896e-02, -1.0000e+00, -1.1385e-01, -7.4815e-02, -5.8571e-02, +7.7218e-02, -5.7933e-02, -6.0387e-02, +1.4413e-01, -7.0795e-02, +4.5035e-02, +8.6101e-02, -1.6696e-02, -1.0161e-01, +1.0531e-02, -1.1012e-01, -3.8870e-02, -6.9828e-02, -1.2806e-01, -8.9479e-02, -5.0702e-02, +2.0501e-01, -6.7573e-02, -1.4758e-01, -7.1399e-02, +1.4650e-02, -9.3573e-03, -6.1163e-02, +4.8821e-03, -5.7356e-02, +1.8708e-02, -6.5351e-02, -9.6530e-02, -2.9458e-01, -8.9311e-02, -1.0035e-01, +1.1631e-02, +2.9066e-02, +5.1296e-02
+1.7133e-01, -1.4566e-01, +4.0991e-02, +4.1623e-02, +1.7996e-01, -9.0953e-02, +1.8504e-01, +3.5083e-02, +1.4210e-01, -8.8403e-02, -1.1182e-01, -4.2998e-02, -1.1385e-01, -1.0000e+00, +3.4501e-03, +5.3844e-02, +1.3212e-01, -1.0858e-01, -1.0811e-01, +2.9892e-02, -2.6577e-01, -1.1416e-01, +7.7371e-02, -1.2196e-01, +1.4468e-01, +9.3274e-02, -1.4980e-01, -8.2884e-02, +4.4795e-02, +2.6309e-02, -1.8797e-01, -1.6845e-01, +1.2052e-01, -3.5521e-02, +2.9958e-02, +1.7505e-02, +1.0075e-01, -1.4359e-01, +1.8469e-02, -2.8019e-02, -3.9851e-02, +2.1386e-02, -4.9036e-02, +1.3833e-01, +1.6815e-01, -2.6565e-01, -2.0426e-01, -1.7679e-01, -1.9259e-02, -1.7378e-01
-3.2335e-02, +4.9151e-02, +2.1244e-01, +2.4293e-02, -1.4600e-01, -2.6008e-01, +3.0748e-03, -1.9963e-01, +5.8858e-02, +1.0317e-01, -2.7959e-01, -6.1707e-02, -7.4815e-02, +3.4501e-03, -1.0000e+00, +1.5833e-01, -5.8847e-02, -9.6663e-03, -3.0308e-02, -1.0588e-01, +6.2224e-02, -1.6849e-02, -8.5568e-02, -1.3065e-01, -5.7651e-02, +1.8109e-01, +1.2765e-01, -2.1867e-01, -2.3859e-01, +2.0790e-01, -2.9873e-01, +7.2607e-02, -2.7324e-02, +4.6909e-02, +5.3192e-02, -6.5594e-03, +1.2682e-01, -1.7600e-01, -1.5225e-01, +1.3993e-02, -1.0940e-01, +2.1239e-01, +1.5979e-03, +1.3930e-01, -2.1620e-01, +2.3222e-01, -7.7541e-02, +3.7254e-01, -3.0924e-02, -4.5830e-02
+2.7151e-02, -1.2801e-02, -7.1712e-02, +2.2355e-02, +7.8079e-02, +6.8003e-02, +2.9649e-02, -9.2008e-03, -4.5821e-02, -3.1918e-03, +4.8798e-02, -9.5475e-03, -5.8571e-02, +5.3844e-02, +1.5833e-01, -1.0000e+00, -1.8712e-03, +7.6834e-02, +1.8530e-01, +1.4220e-02, -1.3125e-02, -9.2772e-03, -3.0659e-02, +7.6403e-02, -3.9650e-04, +8.9623e-02, +5.4348e-02, +3.8120e-01, +2.7935e-01, -6.3364e-03, +1.5473e-01, -8.0952e-02, -9.0905e-03, +4.4442e-02, -8.7132e-02, +4.8291e-02, +1.5092e-02, +6.2450e-02, +1.6841e-01, +3.2098e-02, -8.5024e-02, +1.2001e-01, -2.9062e-02, -2.3033e-03, -2.1485e-03, -2.2928e-01, +5.6893e-02, +8.8359e-03, +1.1448e-03, -2.1649e-02
+9.1004e-02, -4.3306e-02, +1.6688e-01, +2.2825e-01, -2.1943e-02, +6.1989e-02, +1.9964e-01, +8.9517e-02, -4.6174e-03, +7.6611e-02, +4.1764e-02, +2.4547e-01, +7.7218e-02, +1.3212e-01, -5.8847e-02, -1.8712e-03, -1.0000e+00, -3.1357e-03, +1.4011e-01, -5.5448e-02, -5.3559e-02, +9.6509e-02, +8.6445e-02, +1.3611e-01, +1.3247e-01, +1.1586e-01, +2.9738e-02, +2.0427e-01, +1.4722e-01, -5.1956e-02, +9.4176e-02, -6.8430e-02, +1.8232e-02, +2.2232e-02, -7.3671e-03, +1.9265e-02, -2.3585e-02, -8.5214e-02, +7.5455e-02, -9.2076e-03, +1.0593e-01, -1.0651e-02, -4.3044e-02, -2.3565e-02, +1.5931e-01, +1.0381e-01, +1.2168e-01, -3.2991e-02, -3.4345e-02, -4.8792e-03
+7.2117e-02, -9.3172e-02, +7.1263e-02, -1.0761e-01, -1.9467e-02, -1.0838e-01, -5.2314e-03, -1.5486e-01, +1.9722e-01, +5.3433e-02, -7.6284e-02, -3.5041e-02, -5.7933e-02, -1.0858e-01, -9.6663e-03, +7.6834e-02, -3.1357e-03, -1.0000e+00, +1.9116e-02, -9.4887e-02, -6.5413e-02, +8.6417e-03, +4.1329e-02, +4.3569e-02, +5.4327e-02, -1.1007e-01, +4.2635e-02, -1.2376e-01, +7.7334e-03, -1.5553e-01, -1.6403e-01, -1.3867e-01, +4.8064e-02, -6.8619e-03, -4.0125e-02, -7.5997e-02, +4.1331e-02, -1.7376e-02, +5.3322e-02, +1.0406e-01, -4.3821e-02, +1.6345e-01, -1.0718e-02, +7.7715e-02, -5.8135e-02, -1.0845e-01, -1.6063e-01, -6.5488e-02, -1.0769e-01, -1.7044e-02
+3.3671e-02, -2.1216e-02, -8.9136e-02, -5.1432e-02, -1.2382e-01, -3.7682e-02, +6.1694e-02, -7.1559e-03, +8.1096e-02, -2.2533e-02, +3.9142e-03, -3.1464e-02, -6.0387e-02, -1.0811e-01, -3.0308e-02, +1.8530e-01, +1.4011e-01, +1.9116e-02, -1.0000e+00, -7.0444e-02, -5.1372e-02, -8.1547e-02, +7.0681e-03, -1.1203e-01, -3.9800e-02, +7.4504e-02, -2.1422e-02, -9.9903e-02, -3.8741e-02, +2.5527e-02, -3.7752e-02, +8.0122e-02, +4.5217e-02, +1.1034e-01, -7.7726e-02, +4.2132e-02, +1.2074e-01, -6.2036e-02, -1.6172e-01, -1.5236e-01, +1.9772e-02, +1.9258e-02, -1.1161e-01, -1.0530e-01, +2.0001e-02, -1.7368e-01, -1.5681e-01, +9.5244e-03, -1.3604e-02, +4.7649e-02
+4.2138e-03, -8.2707e-02, -1.7197e-01, -2.0603e-01, +1.0523e-01, +5.3118e-02, +1.2285e-01, +9.2192e-02, +1.6738e-01, -5.5268e-03, -1.0746e-01, +9.9635e-02, +1.4413e-01, +2.9892e-02, -1.0588e-01, +1.4220e-02, -5.5448e-02, -9.4887e-02, -7.0444e-02, -1.0000e+00, -1.5272e-01, -2.7804e-01, -1.3885e-02, +2.5936e-02, -4.2619e-02, +1.5243e-02, +2.8111e-01, +8.1326e-02, -5.6573e-02, +8.0499e-02, +1.2787e-01, +2.6956e-02, +5.0356e-03, +2.2980e-02, +7.7911e-02, -1.2183e-02, +1.7165e-01, -1.8965e-01, -7.9182e-02, +5.0782e-02, +3.9883e-02, +7.8948e-02, +7.6474e-02, +1.0143e-01, +1.2014e-01, -1.4644e-01, -4.6273e-02, +5.4275e-02, -3.4742e-02, +1.3944e-01
+8.5923e-02, +3.3240e-02, -1.5014e-01, +2.8461e-02, +1.3071e-01, +5.7053e-02, +6.8041e-02, +1.4961e-01, -7.1335e-02, +2.1580e-02, +7.4748e-02, -1.1520e-01, -7.0795e-02, -2.6577e-01, +6.2224e-02, -1.3125e-02, -5.3559e-02, -6.5413e-02, -5.1372e-02, -1.5272e-01, -1.0000e+00, -1.2687e-01, -5.8932e-02, -2.7174e-02, +7.9096e-03, +8.5466e-02, +9.4437e-02, +1.0482e-01, +1.0499e-01, +1.0088e-01, +1.4874e-01, -4.6052e-02, +4.3485e-02, -7.1246e-02, -7.0923e-02, +7.5600e-02, +7.0294e-02, -2.4474e-01, +2.8114e-02, -2.1045e-02, +1.1543e-01, +2.5725e-02, -2.7391e-01, -1.8363e-01, +4.2019e-02, -1.6657e-01, -3.6065e-02, -9.2228e-02, +5.6391e-02, +1.1888e-01
+4.6547e-02, -3.7640e-02, -2.7098e-02, +3.6082e-02, +1.2608e-01, -6.2538e-02, +1.0349e-02, +1.1060e-01, -1.3099e-01, -2.9238e-03, +2.5767e-02, +4.5924e-02, +4.5035e-02, -1.1416e-01, -1.6849e-02, -9.2771e-03, +9.6509e-02, +8.6417e-03, -8.1547e-02, -2.7804e-01, -1.2687e-01, -1.0000e+00, +1.3241e-02, -4.0428e-02, -8.7076e-02, +2.1691e-01, -8.7320e-02, +3.0294e-02, -2.2172e-02, +2.3218e-01, -1.2054e-01, -1.4038e-02, +3.8899e-02, -2.4810e-02, +1.0181e-01, +7.5265e-02, +2.7471e-01, -9.7584e-03, +2.6835e-02, +3.1905e-02, -6.7993e-02, -3.8209e-02, +3.8365e-02, -4.0968e-02, +1.3676e-01, -1.3239e-01, -5.0269e-02, +2.4983e-02, -1.4601e-01, -1.0107e-01
-3.3743e-02, +1.2880e-01, +3.5403e-02, +7.9519e-02, -4.5804e-02, -2.3115e-02, +1.0574e-01, +1.0951e-01, -9.1107e-03, +9.9893e-02, +1.4547e-01, +1.1470e-01, +8.6101e-02, +7.7371e-02, -8.5568e-02, -3.0659e-02, +8.6445e-02, +4.1329e-02, +7.0681e-03, -1.3885e-02, -5.8932e-02, +1.3241e-02, -1.0000e+00, -5.9986e-02, +9.0930e-02, +1.2514e-02, +2.3039e-02, +7.1413e-04, +9.9571e-02, +8.8140e-02, +1.2208e-01, -1.0339e-01, -1.2400e-02, -3.4676e-03, -2.3453e-02, -1.0284e-02, +2.6622e-02, -5.1110e-02, +1.7459e-02, +5.4339e-03, -7.2259e-03, -8.6435e-03, -2.1966e-02, -3.1793e-02, +1.2451e-01, -4.3525e-02, +9.9414e-02, -2.3163e-02, -4.7298e-03, -5.7937e-04
-8.9812e-02, +2.2370e-02, +1.0105e-02, -1.0443e-01, -4.1788e-02, -1.5846e-01, -3.5222e-02, -1.3519e-02, +3.9594e-03, -9.5233e-02, -7.3754e-02, +5.3704e-02, -1.6696e-02, -1.2196e-01, -1.3065e-01, +7.6403e-02, +1.3611e-01, +4.3569e-02, -1.1203e-01, +2.5936e-02, -2.7174e-02, -4.0428e-02, -5.9986e-02, -1.0000e+00, -6.7976e-02, -2.9714e-02, -8.6125e-02, -8.3404e-02, -5.6372e-02, +1.7707e-02, -1.7131e-01, -1.1970e-01, +2.8681e-03, -1.9879e-02, -7.7111e-02, -6.5191e-02, +1.5543e-01, -5.1193e-02, -8.6932e-02, +1.1829e-01, -1.1594e-02, +2.3085e-01, -5.7196e-02, +4.9712e-02, +8.8353e-02, -6.3852e-02, -1.6195e-01, +2.4044e-02, -1.3626e-01, +1.2850e-01
-7.7969e-04, -1.4583e-01, -3.1125e-02, +1.3601e-01, -5.9244e-02, -9.6425e-02, -1.5332e-01, -6.3770e-02, -9.8475e-03, -1.8816e-02, -7.0936e-02, -6.4585e-02, -1.0161e-01, +1.4468e-01, -5.7651e-02, -3.9650e-04, +1.3247e-01, +5.4327e-02, -3.9800e-02, -4.2619e-02, +7.9096e-03, -8.7076e-02, +9.0930e-02, -6.7976e-02, -1.0000e+00, +1.6173e-01, +1.2147e-03, -1.9287e-01, -9.1899e-02, +1.5969e-01, -4.3551e-02, +4.6397e-02, +5.2866e-03, -2.2372e-02, +4.8863e-02, +5.0137e-02, -5.6195e-02, -4.3081e-02, -1.3799e-01, +9.4223e-02, +1.0947e-01, +9.7179e-02, -1.3828e-01, -6.6235e-02, -6.9716e-02, -1.7159e-02, +3.0504e-02, +4.8918e-02, +7.7305e-02, +4.4159e-02
-1.1273e-01, -3.3356e-02, -1.1573e-01, -5.2440e-01, +2.7570e-02, -4.8846e-02, +2.3758e-02, -2.4004e-02, +2.3725e-01, +6.4485e-02, -2.3428e-02, -1.8062e-02, +1.0531e-02, +9.3274e-02, +1.8109e-01, +8.9623e-02, +1.1586e-01, -1.1007e-01, +7.4504e-02, +1.5243e-02, +8.5466e-02, +2.1691e-01, +1.2514e-02, -2.9714e-02, +1.6173e-01, -1.0000e+00, -1.2004e-01, +6.1207e-02, -2.5690e-02, -2.4008e-01, +1.0557e-02, -1.3009e-02, +1.4850e-01, -2.4352e-02, -2.8608e-02, +3.3761e-02, +4.1702e-02, -4.8505e-02, +1.1775e-01, -1.8419e-02, -2.0640e-01, +4.1775e-02, -7.9056e-02, -3.4015e-02, -9.3134e-02, +8.7694e-02, -5.9960e-02, -7.5012e-02, -6.5201e-02, +2.7715e-02
-3.9699e-02, -1.3208e-01, -5.6221e-02, +7.5376e-03, -1.5829e-03, -1.8517e-01, -5.1027e-02, -1.6265e-01, +1.9235e-01, +5.7998e-02, -7.4038e-02, +4.6228e-02, -1.1012e-01, -1.4980e-01, +1.2765e-01, +5.4348e-02, +2.9738e-02, +4.2635e-02, -2.1422e-02, +2.8111e-01, +9.4437e-02, -8.7320e-02, +2.3039e-02, -8.6125e-02, +1.2147e-03, -1.2004e-01, -1.0000e+00, -1.0176e-01, +1.5667e-02, -6.2724e-02, -1.2016e-01, -8.9760e-02, +3.7367e-03, -1.4100e-01, +1.4232e-01, -8.7536e-02, +7.1813e-02, +7.8849e-02, -7.8977e-02, -1.4270e-01, -2.6012e-02, -8.4578e-02, -4.5817e-02, -2.5669e-02, +2.4726e-02, -7.4982e-02, -1.9938e-01, -1.6778e-01, -2.1062e-01, +2.0611e-02
+2.9139e-03, -1.2111e-01, -5.6998e-02, +1.0126e-01, -2.6759e-01, -9.7265e-02, -1.4821e-01, -2.5553e-01, +9.6407e-02, +1.6683e-01, -1.7877e-01, -7.1028e-02, -3.8870e-02, -8.2884e-02, -2.1867e-01, +3.8120e-01, +2.0427e-01, -1.2376e-01, -9.9903e-02, +8.1326e-02, +1.0482e-01, +3.0294e-02, +7.1415e-04, -8.3404e-02, -1.9287e-01, +6.1207e-02, -1.0176e-01, -1.0000e+00, -2.8042e-01, +1.7764e-02, -3.4364e-01, -1.0505e-01, -2.1134e-02, +1.3648e-01, +8.6612e-02, +1.0758e-01, -1.5794e-01, -2.9277e-02, -1.4404e-01, +2.7264e-02, -9.8705e-02, +4.7985e-02, -1.4016e-02, +2.2895e-01, -8.3041e-02, +4.0614e-02, -2.5865e-01, +2.0587e-01, -3.7694e-02, +7.3352e-02
-1.0518e-01, -4.1224e-02, +1.9458e-01, -6.0105e-02, -2.5326e-01, -4.0621e-02, -2.2796e-01, -4.7863e-02, +3.2948e-02, +1.7745e-01, -7.7465e-02, -1.2672e-01, -6.9828e-02, +4.4795e-02, -2.3859e-01, +2.7935e-01, +1.4722e-01, +7.7334e-03, -3.8741e-02, -5.6573e-02, +1.0499e-01, -2.2172e-02, +9.9571e-02, -5.6372e-02, -9.1899e-02, -2.5690e-02, +1.5667e-02, -2.8042e-01, -1.0000e+00, -6.8918e-02, -2.3116e-01, +6.2262e-02, -7.3602e-02, +1.5585e-01, -6.1744e-02, +5.0104e-02, +1.2536e-01, -8.3959e-02, -2.6668e-01, +1.2184e-01, -3.3709e-03, +1.3058e-01, -2.9811e-02, +2.0537e-01, -1.6456e-01, +1.5836e-01, -6.5297e-02, +1.1829e-01, +2.2714e-02, +1.2328e-01
-2.6502e-01, -1.3142e-01, +3.1795e-02, -2.7229e-01, -1.3101e-01, -5.7270e-03, -5.3192e-02, +6.5627e-02, +1.6395e-01, +2.7248e-03, -5.6241e-02, +9.4872e-03, -1.2806e-01, +2.6309e-02, +2.0790e-01, -6.3364e-03, -5.1956e-02, -1.5553e-01, +2.5527e-02, +8.0499e-02, +1.0088e-01, +2.3218e-01, +8.8140e-02, +1.7707e-02, +1.5969e-01, -2.4008e-01, -6.2724e-02, +1.7764e-02, -6.8918e-02, -1.0000e+00, -1.4688e-01, -4.6134e-02, +4.6170e-02, +9.2199e-02, -1.7183e-02, +2.8259e-02, -7.8981e-03, +1.8954e-02, -6.2657e-02, +2.1982e-01, -1.5492e-01, +1.3906e-01, -5.2773e-02, +1.6168e-02, +1.6414e-02, +4.1070e-02, -9.1170e-02, +3.1418e-02, +1.5873e-01, +1.3789e-01
-1.2973e-01, -1.1726e-02, +2.6187e-01, -2.0858e-02, -2.0972e-01, -2.6665e-01, +9.5303e-02, -1.4372e-01, +3.5821e-02, -4.9388e-02, -2.8523e-01, -3.6517e-03, -8.9479e-02, -1.8797e-01, -2.9873e-01, +1.5473e-01, +9.4176e-02, -1.6403e-01, -3.7752e-02, +1.2787e-01, +1.4874e-01, -1.2054e-01, +1.2208e-01, -1.7131e-01, -4.3551e-02, +1.0557e-02, -1.2016e-01, -3.4364e-01, -2.3116e-01, -1.4688e-01, -1.0000e+00, -1.6801e-01, -2.3370e-02, -7.0363e-03, +1.4836e-01, +3.1153e-02, +1.7485e-01, -1.2232e-01, -3.8328e-02, +1.7794e-01, -4.7971e-01, +1.6591e-01, +5.8827e-02, +1.9110e-01, -1.1302e-01, +5.5777e-02, -2.8944e-01, +4.8185e-01, -7.8356e-03, +5.7462e-02
+1.2822e-01, -3.0200e-01, -2.1386e-02, +5.7377e-02, -1.1650e-01, -6.0049e-03, +6.2952e-02, -1.4532e-01, +5.7039e-02, -2.5240e-02, -1.9602e-02, +2.0508e-01, -5.0702e-02, -1.6845e-01, +7.2607e-02, -8.0952e-02, -6.8430e-02, -1.3867e-01, +8.0122e-02, +2.6956e-02, -4.6052e-02, -1.4038e-02, -1.0339e-01, -1.1970e-01, +4.6397e-02, -1.3009e-02, -8.9760e-02, -1.0505e-01, +6.2262e-02, -4.6134e-02, -1.6801e-01, -1.0000e+00, +9.7241e-02, +1.8313e-02, +9.7954e-02, +5.4161e-02, +7.0301e-03, +5.5214e-02, -3.7764e-03, -4.0541e-02, -1.3721e-01, +9.0262e-02, +1.2997e-01, +1.0131e-03, -3.8357e-02, -9.6181e-02, +1.3349e-02, +5.9348e-02, +1.7837e-02, +2.3872e-01
-5.2228e-02, +1.5436e-01, -5.0500e-03, +1.0598e-01, +7.0178e-02, +1.4262e-02, +3.7964e-02, +1.9821e-01, -7.4727e-02, +2.2787e-02, -1.2604e-02, -2.0154e-02, +2.0501e-01, +1.2052e-01, -2.7324e-02, -9.0905e-03, +1.8232e-02, +4.8064e-02, +4.5217e-02, +5.0356e-03, +4.3485e-02, +3.8899e-02, -1.2400e-02, +2.8681e-03, +5.2866e-03, +1.4850e-01, +3.7367e-03, -2.1134e-02, -7.3602e-02, +4.6170e-02, -2.3370e-02, +9.7241e-02, -1.0000e+00, +7.9702e-03, +6.9750e-02, +2.1650e-02, +6.0554e-02, -8.2931e-02, +3.7934e-02, +1.5634e-02, -5.4070e-02, +7.7127e-02, -7.2127e-02, +1.5959e-02, +1.0108e-02, -1.0134e-03, +4.9454e-02, +1.6492e-01, -2.0754e-02, -2.5655e-03
+3.4691e-02, +5.1515e-02, -2.0381e-02, +7.3825e-02, +3.2559e-02, +4.8140e-02, +1.2448e-01, -1.4124e-01, -1.9813e-02, -7.7542e-03, -5.4325e-02, -4.4816e-03, -6.7573e-02, -3.5521e-02, +4.6909e-02, +4.4442e-02, +2.2232e-02, -6.8619e-03, +1.1034e-01, +2.2980e-02, -7.1246e-02, -2.4810e-02, -3.4676e-03, -1.9879e-02, -2.2372e-02, -2.4352e-02, -1.4100e-01, +1.3648e-01, +1.5585e-01, +9.2199e-02, -7.0363e-03, +1.8313e-02, +7.9701e-03, -1.0000e+00, +1.4300e-01, -2.4538e-02, -5.5269e-03, -3.8959e-02, -4.7290e-02, +4.6841e-02, -2.5373e-02, +5.5782e-02, -1.7089e-02, -3.0871e-02, -1.3613e-01, +9.4397e-02, +1.9585e-02, -3.0046e-02, +2.4744e-02, +2.8390e-02
-9.8045e-02, +1.4021e-02, +1.1715e-01, -2.8507e-02, -7.1433e-02, +1.4236e-01, -1.2823e-01, +1.6193e-01, -3.4185e-02, -1.1787e-02, +3.1284e-02, -1.2776e-01, -1.4758e-01, +2.9958e-02, +5.3192e-02, -8.7132e-02, -7.3671e-03, -4.0125e-02, -7.7726e-02, +7.7911e-02, -7.0923e-02, +1.0181e-01, -2.3453e-02, -7.7111e-02, +4.8863e-02, -2.8608e-02, +1.4232e-01, +8.6612e-02, -6.1744e-02, -1.7183e-02, +1.4836e-01, +9.7954e-02, +6.9750e-02, +1.4300e-01, -1.0000e+00, -1.8400e-02, +2.9477e-02, +1.1575e-01, +2.5597e-02, -3.3605e-02, +5.1354e-02, -1.6861e-02, -1.0139e-01, +6.1295e-02, +3.8320e-03, -3.4373e-02, +1.5941e-01, -8.7796e-02, -2.4575e-02, +1.0557e-01
+4.7307e-02, +3.6013e-02, +7.0773e-02, -5.2639e-02, +1.4824e-02, -2.0430e-01, +1.6580e-01, -2.1588e-02, -2.6065e-02, +4.4018e-03, +2.9583e-02, +6.7793e-02, -7.1399e-02, +1.7505e-02, -6.5593e-03, +4.8291e-02, +1.9265e-02, -7.5997e-02, +4.2132e-02, -1.2183e-02, +7.5600e-02, +7.5265e-02, -1.0284e-02, -6.5191e-02, +5.0137e-02, +3.3761e-02, -8.7536e-02, +1.0758e-01, +5.0104e-02, +2.8259e-02, +3.1153e-02, +5.4161e-02, +2.1650e-02, -2.4538e-02, -1.8400e-02, -1.0000e+00, +2.9507e-02, +1.2722e-02, +5.6120e-02, -1.6582e-02, -5.9650e-02, -5.7274e-02, +2.0418e-02, -5.5361e-02, +6.7916e-02, -7.2501e-02, -2.9688e-02, -2.1984e-01, +2.7027e-02, +5.5812e-02
+6.2917e-02, -5.3174e-02, -5.0573e-01, +1.2111e-01, -1.4890e-02, +8.8614e-03, +5.3605e-03, -2.8733e-02, -9.1474e-02, +1.4487e-02, +9.5168e-02, -1.1722e-01, +1.4650e-02, +1.0075e-01, +1.2682e-01, +1.5092e-02, -2.3585e-02, +4.1331e-02, +1.2074e-01, +1.7165e-01, +7.0294e-02, +2.7471e-01, +2.6622e-02, +1.5543e-01, -5.6195e-02, +4.1702e-02, +7.1813e-02, -1.5794e-01, +1.2536e-01, -7.8981e-03, +1.7485e-01, +7.0301e-03, +6.0554e-02, -5.5269e-03, +2.9477e-02, +2.9507e-02, -1.0000e+00, +1.8811e-01, +1.4469e-01, +6.1299e-02, +2.8095e-01, -8.1441e-03, +1.4521e-01, +1.2872e-01, +1.6660e-01, +7.1041e-02, +1.0795e-01, +7.3275e-02, +2.8106e-03, -1.0084e-01
-1.1263e-02, +9.1110e-02, +9.4234e-02, -7.4364e-02, +1.5417e-03, -6.9874e-02, +1.8756e-01, -3.4542e-02, -3.6677e-02, +4.0717e-02, -7.7321e-02, -1.6900e-02, -9.3573e-03, -1.4359e-01, -1.7600e-01, +6.2450e-02, -8.5214e-02, -1.7376e-02, -6.2036e-02, -1.8965e-01, -2.4474e-01, -9.7584e-03, -5.1110e-02, -5.1193e-02, -4.3081e-02, -4.8505e-02, +7.8849e-02, -2.9277e-02, -8.3959e-02, +1.8954e-02, -1.2232e-01, +5.5214e-02, -8.2931e-02, -3.8959e-02, +1.1575e-01, +1.2722e-02, +1.8811e-01, -1.0000e+00, -9.5848e-02, +1.0396e-02, -1.3384e-01, +8.9375e-02, -1.3137e-01, -1.2556e-01, +6.9826e-02, -4.2011e-02, -2.3982e-01, +2.3594e-01, +4.0684e-02, +1.7535e-01
-8.3875e-02, -1.1176e-01, +7.2640e-02, -7.7559e-02, -3.1622e-02, -7.8984e-02, -1.1072e-01, -1.3162e-01, +9.9936e-02, +5.8245e-02, -1.8480e-01, -4.2758e-02, -6.1163e-02, +1.8469e-02, -1.5225e-01, +1.6841e-01, +7.5455e-02, +5.3322e-02, -1.6172e-01, -7.9182e-02, +2.8114e-02, +2.6835e-02, +1.7459e-02, -8.6932e-02, -1.3799e-01, +1.1775e-01, -7.8977e-02, -1.4404e-01, -2.6668e-01, -6.2657e-02, -3.8328e-02, -3.7764e-03, +3.7934e-02, -4.7290e-02, +2.5597e-02, +5.6120e-02, +1.4469e-01, -9.5848e-02, -1.0000e+00, +6.0124e-02, +1.1794e-01, +3.7726e-02, -2.2090e-02, -4.4116e-03, -1.2950e-01, +1.6544e-02, -1.6605e-01, +5.7849e-02, +1.9678e-02, +1.0831e-01
-5.1302e-02, +5.2178e-04, -7.7525e-02, +1.5568e-01, -3.9841e-02, +1.9881e-01, +9.5966e-02, -1.1337e-01, +7.7421e-02, +2.7270e-02, +8.8150e-02, -3.6529e-02, +4.8821e-03, -2.8019e-02, +1.3993e-02, +3.2098e-02, -9.2076e-03, +1.0406e-01, -1.5236e-01, +5.0782e-02, -2.1045e-02, +3.1905e-02, +5.4339e-03, +1.1829e-01, +9.4223e-02, -1.8419e-02, -1.4270e-01, +2.7264e-02, +1.2184e-01, +2.1982e-01, +1.7794e-01, -4.0541e-02, +1.5634e-02, +4.6841e-02, -3.3605e-02, -1.6582e-02, +6.1299e-02, +1.0396e-02, +6.0124e-02, -1.0000e+00, +1.1875e-01, +3.1072e-02, +3.0636e-02, +1.7268e-02, +1.6553e-01, -5.4858e-02, -7.0058e-02, -1.3495e-02, +4.6869e-02, +4.0713e-02
-1.0237e-01, -8.9627e-03, +2.0527e-01, -1.4548e-01, -2.1347e-01, -1.7352e-01, +6.3196e-02, -2.6164e-02, +5.5082e-02, +6.6281e-02, -1.2985e-01, -9.3393e-04, -5.7356e-02, -3.9851e-02, -1.0940e-01, -8.5024e-02, +1.0593e-01, -4.3821e-02, +1.9772e-02, +3.9883e-02, +1.1543e-01, -6.7993e-02, -7.2259e-03, -1.1594e-02, +1.0947e-01, -2.0640e-01, -2.6012e-02, -9.8705e-02, -3.3708e-03, -1.5492e-01, -4.7971e-01, -1.3721e-01, -5.4070e-02, -2.5373e-02, +5.1354e-02, -5.9650e-02, +2.8095e-01, -1.3384e-01, +1.1794e-01, +1.1875e-01, -1.0000e+00, +4.6241e-03, +1.1695e-01, +1.4483e-02, -7.8198e-02, +5.6234e-02, -1.5249e-01, +2.8335e-01, +9.8076e-02, +1.4590e-01
+9.8087e-02, -1.3215e-01, +1.5927e-02, -5.4615e-02, -2.4098e-02, +1.2288e-02, -1.1231e-01, +4.9824e-02, -1.0863e-03, -2.6031e-03, +7.0825e-02, +2.2197e-02, +1.8708e-02, +2.1386e-02, +2.1239e-01, +1.2001e-01, -1.0651e-02, +1.6345e-01, +1.9258e-02, +7.8948e-02, +2.5725e-02, -3.8209e-02, -8.6435e-03, +2.3085e-01, +9.7179e-02, +4.1775e-02, -8.4578e-02, +4.7985e-02, +1.3058e-01, +1.3906e-01, +1.6591e-01, +9.0262e-02, +7.7127e-02, +5.5782e-02, -1.6861e-02, -5.7274e-02, -8.1441e-03, +8.9375e-02, +3.7726e-02, +3.1072e-02, +4.6241e-03, -1.0000e+00, +1.5843e-02, +9.6949e-02, +6.0746e-03, -3.3045e-02, +2.0916e-02, -4.5976e-02, -1.2399e-02, +6.0287e-02
+6.0404e-02, -5.7582e-02, -2.9086e-01, -1.6588e-01, +3.0859e-03, -5.3243e-02, +1.2355e-01, +5.6283e-03, -2.2967e-02, -5.0862e-03, +1.0892e-01, -1.0854e-01, -6.5351e-02, -4.9036e-02, +1.5979e-03, -2.9062e-02, -4.3044e-02, -1.0718e-02, -1.1161e-01, +7.6474e-02, -2.7391e-01, +3.8365e-02, -2.1966e-02, -5.7196e-02, -1.3828e-01, -7.9056e-02, -4.5817e-02, -1.4016e-02, -2.9811e-02, -5.2773e-02, +5.8827e-02, +1.2997e-01, -7.2127e-02, -1.7089e-02, -1.0139e-01, +2.0418e-02, +1.4521e-01, -1.3137e-01, -2.2090e-02, +3.0636e-02, +1.1695e-01, +1.5843e-02, -1.0000e+00, +5.9745e-02, -4.5201e-02, -1.0344e-02, +2.7781e-02, +2.8653e-02, +1.4031e-02, +6.1731e-02
+6.2027e-02, +4.8476e-02, -1.8615e-01, -8.9494e-02, -5.7335e-02, -6.5425e-02, +8.6049e-02, +3.9765e-02, -2.9027e-02, -2.5742e-02, +9.5397e-02, -2.8133e-02, -9.6530e-02, +1.3833e-01, +1.3930e-01, -2.3033e-03, -2.3565e-02, +7.7715e-02, -1.0530e-01, +1.0143e-01, -1.8363e-01, -4.0968e-02, -3.1793e-02, +4.9712e-02, -6.6235e-02, -3.4015e-02, -2.5669e-02, +2.2895e-01, +2.0537e-01, +1.6168e-02, +1.9110e-01, +1.0131e-03, +1.5959e-02, -3.0871e-02, +6.1295e-02, -5.5361e-02, +1.2872e-01, -1.2556e-01, -4.4116e-03, +1.7268e-02, +1.4483e-02, +9.6949e-02, +5.9745e-02, -1.0000e+00, -1.4925e-01, -5.6474e-02, +3.1464e-02, -6.4506e-02, +1.9383e-02, +5.4137e-02
+7.2635e-02, +8.4884e-02, +1.6128e-01, -2.2432e-01, -2.7368e-01, -8.6559e-03, -1.2254e-01, -2.7969e-01, +3.0450e-01, +7.0358e-02, -2.3187e-01, -1.3412e-01, -2.9458e-01, +1.6815e-01, -2.1620e-01, -2.1485e-03, +1.5931e-01, -5.8135e-02, +2.0001e-02, +1.2014e-01, +4.2019e-02, +1.3676e-01, +1.2451e-01, +8.8353e-02, -6.9716e-02, -9.3134e-02, +2.4726e-02, -8.3041e-02, -1.6456e-01, +1.6414e-02, -1.1302e-01, -3.8357e-02, +1.0108e-02, -1.3613e-01, +3.8320e-03, +6.7916e-02, +1.6660e-01, +6.9826e-02, -1.2950e-01, +1.6553e-01, -7.8198e-02, +6.0746e-03, -4.5201e-02, -1.4925e-01, -1.0000e+00, +9.1794e-02, -2.8937e-02, +1.1461e-01, -3.8144e-02, -1.0273e-01
+1.0928e-01, -1.6634e-02, -1.1959e-01, -1.3827e-01, +1.6512e-02, -5.5877e-03, +7.7229e-02, +1.7126e-01, +8.6219e-02, +4.8490e-02, -6.7553e-02, -8.1151e-03, -8.9311e-02, -2.6565e-01, +2.3222e-01, -2.2928e-01, +1.0381e-01, -1.0845e-01, -1.7368e-01, -1.4644e-01, -1.6657e-01, -1.3239e-01, -4.3525e-02, -6.3852e-02, -1.7159e-02, +8.7694e-02, -7.4982e-02, +4.0614e-02, +1.5836e-01, +4.1070e-02, +5.5777e-02, -9.6181e-02, -1.0134e-03, +9.4397e-02, -3.4373e-02, -7.2501e-02, +7.1041e-02, -4.2011e-02, +1.6544e-02, -5.4858e-02, +5.6234e-02, -3.3045e-02, -1.0344e-02, -5.6474e-02, +9.1794e-02, -1.0000e+00, -2.1963e-01, -7.4007e-02, -1.5145e-01, -2.6767e-02
-7.8300e-02, +1.2256e-01, -3.6882e-02, -9.7006e-02, -6.7505e-02, -2.6507e-01, +1.0898e-01, -2.8888e-01, +1.8835e-01, +1.8775e-01, -2.5298e-01, -1.1688e-01, -1.0035e-01, -2.0426e-01, -7.7541e-02, +5.6893e-02, +1.2168e-01, -1.6063e-01, -1.5681e-01, -4.6273e-02, -3.6065e-02, -5.0269e-02, +9.9414e-02, -1.6195e-01, +3.0504e-02, -5.9960e-02, -1.9938e-01, -2.5865e-01, -6.5297e-02, -9.1170e-02, -2.8944e-01, +1.3349e-02, +4.9454e-02, +1.9585e-02, +1.5941e-01, -2.9688e-02, +1.0795e-01, -2.3982e-01, -1.6605e-01, -7.0058e-02, -1.5249e-01, +2.0916e-02, +2.7781e-02, +3.1464e-02, -2.8937e-02, -2.1963e-01, -1.0000e+00, +1.9949e-01, -1.6267e-01, +8.0658e-02
+1.2742e-01, -4.5700e-02, -3.9990e-03, +1.5246e-01, +2.9180e-01, +6.1571e-02, -1.8449e-01, +1.9250e-02, +2.0694e-01, -1.5662e-02, +1.9543e-01, +4.7494e-02, +1.1631e-02, -1.7679e-01, +3.7254e-01, +8.8359e-03, -3.2991e-02, -6.5488e-02, +9.5244e-03, +5.4275e-02, -9.2228e-02, +2.4983e-02, -2.3163e-02, +2.4044e-02, +4.8918e-02, -7.5012e-02, -1.6778e-01, +2.0587e-01, +1.1829e-01, +3.1418e-02, +4.8185e-01, +5.9348e-02, +1.6492e-01, -3.0046e-02, -8.7796e-02, -2.1984e-01, +7.3275e-02, +2.3594e-01, +5.7849e-02, -1.3495e-02, +2.8335e-01, -4.5976e-02, +2.8653e-02, -6.4506e-02, +1.1461e-01, -7.4007e-02, +1.9949e-01, -1.0000e+00, +1.3488e-03, -2.7128e-03
+5.1064e-02, -1.5165e-02, -5.0713e-02, -2.0194e-01, -1.1938e-01, -6.2285e-02, -6.1369e-02, +3.9562e-02, -3.1005e-02, -2.6547e-02, -9.6319e-02, +5.4810e-03, +2.9066e-02, -1.9259e-02, -3.0924e-02, +1.1448e-03, -3.4345e-02, -1.0769e-01, -1.3604e-02, -3.4742e-02, +5.6391e-02, -1.4601e-01, -4.7298e-03, -1.3626e-01, +7.7305e-02, -6.5201e-02, -2.1062e-01, -3.7694e-02, +2.2714e-02, +1.5873e-01, -7.8356e-03, +1.7837e-02, -2.0754e-02, +2.4744e-02, -2.4575e-02, +2.7027e-02, +2.8106e-03, +4.0684e-02, +1.9678e-02, +4.6869e-02, +9.8076e-02, -1.2399e-02, +1.4031e-02, +1.9383e-02, -3.8144e-02, -1.5145e-01, -1.6267e-01, +1.3488e-03, -1.0000e+00, +6.5854e-02
+4.3405e-01, +1.6462e-01, +7.4356e-02, -6.9262e-02, +4.0301e-01, -2.5928e-02, +7.0627e-02, -9.7825e-03, +1.0772e-01, +2.3959e-02, +1.0850e-01, +6.8073e-02, +5.1296e-02, -1.7378e-01, -4.5830e-02, -2.1649e-02, -4.8792e-03, -1.7044e-02, +4.7649e-02, +1.3944e-01, +1.1888e-01, -1.0107e-01, -5.7936e-04, +1.2850e-01, +4.4159e-02, +2.7715e-02, +2.0611e-02, +7.3352e-02, +1.2328e-01, +1.3789e-01, +5.7462e-02, +2.3872e-01, -2.5655e-03, +2.8390e-02, +1.0557e-01, +5.5812e-02, -1.0084e-01, +1.7535e-01, +1.0831e-01, +4.0713e-02, +1.4590e-01, +6.0287e-02, +6.1731e-02, +5.4137e-02, -1.0273e-01, -2.6767e-02, +8.0658e-02, -2.7128e-03, +6.5854e-02, -1.0000e+00
