-1.0000e+00, -3.7691e-02, -4.5522e-02, -6.6886e-02, +6.7645e-02, -1.8431e-02, -4.1441e-02, +1.4780e-02, -1.4093e-01, +6.0289e-02, +8.7712e-03, -1.3456e-01, +2.9951e-02, +4.2058e-02, -2.6659e-03, -4.5862e-02, -1.2426e-01, +9.7531e-03, +1.2682e-02, +3.5443e-03, +1.1932e-02, +2.7234e-02, +2.8434e-03, +3.9289e-03, -8.0960e-03, -6.0480e-02, +3.5417e-02, +4.3783e-02, -4.9168e-02, -3.4279e-02, +1.4088e-02, +1.8238e-02, +3.9180e-02, +1.8646e-02, +3.4261e-02, -6.9615e-02, +5.1923e-02, -3.1246e-02, +2.7165e-02, -2.2682e-02, -5.2594e-02, -3.3633e-02, -2.3199e-02, +4.6802e-02, +3.5725e-03, -4.6661e-02, -1.8367e-02, +8.2866e-02, +1.5952e-02, +1.0482e-01
-3.7691e-02, -1.0000e+00, +4.2575e-02, -7.0206e-02, +6.0249e-02, +1.0498e-02, -4.6601e-02, +3.0425e-02, +2.8177e-03, +4.8766e-02, +3.6474e-02, -4.4519e-02, +1.6735e-01, +8.5674e-02, -6.5779e-03, +1.0358e-01, -2.0156e-02, -2.1844e-02, +7.7777e-02, +7.3877e-02, +8.1631e-02, +2.4500e-02, +4.4253e-02, -6.5834e-02, +3.7372e-03, +7.8084e-02, +1.6802e-02, +1.5213e-01, -1.1722e-02, +2.7812e-02, +1.3974e-02, -2.5765e-02, -1.6354e-02, +1.7809e-02, -5.6036e-03, -1.1676e-03, -8.1543e-02, +1.9781e-02, +1.3677e-02, -1.9277e-02, -5.9797e-04, -7.9449e-02, +5.0611e-02, +3.4881e-02, +2.5110e-02, +6.5313e-02, +2.0107e-02, -1.5896e-02, +4.2212e-02, +6.8702e-02
-4.5522e-02, +4.2575e-02, -1.0000e+00, -1.9831e-02, -1.5050e-03, -1.4775e-01, +1.4630e-02, +6.6576e-03, +2.1491e-03, +1.3490e-01, -5.2546e-02, +4.2745e-02, -4.8810e-02, -6.9851e-03, +4.7640e-02, -7.6562e-03, +1.2361e-02, +1.3063e-03, -1.5530e-02, +5.1735e-03, +4.9895e-02, +6.6159e-03, -7.5241e-02, +2.9668e-02, -1.1115e-01, +2.0627e-02, -8.6016e-02, -4.9071e-02, -6.4309e-02, +3.1333e-02, +8.1292e-02, +3.3583e-02, +2.0953e-02, +2.3628e-02, +2.1899e-02, +5.3914e-02, -7.8440e-03, +6.1226e-03, -2.3194e-02, -7.5335e-02, -2.5480e-02, +2.8565e-02, -6.7573e-02, -6.5162e-02, -2.4798e-02, +5.0935e-02, -1.2128e-01, +8.2059e-02, -4.9543e-03, -1.7269e-02
-6.6886e-02, -7.0206e-02, -1.9831e-02, -1.0000e+00, -6.0068e-02, -4.2269e-02, -1.0713e-02, +3.0767e-02, +5.6754e-02, +5.6310e-02, -6.8054e-02, +1.9299e-02, +3.8321e-03, -9.2610e-03, -1.2495e-02, +1.1434e-01, +4.9804e-03, -6.0369e-02, +1.2152e-02, +3.7773e-02, +2.4765e-02, +2.9582e-03, -7.2426e-02, -3.2588e-02, -1.2032e-01, -6.7405e-02, -4.0829e-03, -4.5390e-02, -3.6656e-02, -8.2004e-02, -5.6004e-02, +7.6639e-02, +1.6695e-02, +3.3220e-03, +1.5704e-02, +6.4923e-02, -4.2037e-02, -7.6581e-02, -3.0031e-02, +1.5602e-02, -8.7796e-03, +2.5367e-02, -9.9647e-02, +6.7740e-03, -4.6078e-02, +1.3628e-02, -3.5131e-02, +1.1428e-01, -5.1722e-03, +7.8344e-03
+6.7645e-02, +6.0249e-02, -1.5050e-03, -6.0068e-02, -1.0000e+00, -1.1009e-02, +1.4313e-02, +7.0069e-02, +3.3226e-02, +1.1820e-01, +2.3205e-02, -9.8736e-02, -5.0603e-02, -1.3106e-02, -1.2841e-01, +8.8271e-02, -2.8462e-02, +4.2264e-02, -1.1738e-01, -1.9680e-02, +9.5026e-03, +1.2392e-02, -1.1975e-01, -4.4651e-02, +5.2413e-02, -1.0282e-01, -3.6753e-02, -9.3377e-02, -5.1524e-02, -1.1354e-01, +9.5489e-02, +1.4197e-02, -5.1254e-02, -7.7924e-03, -4.5295e-02, +2.5201e-02, -3.2510e-02, +8.8235e-02, -1.0024e-02, -9.8476e-03, -1.8619e-02, -3.2452e-02, +3.9363e-02, +1.6275e-02, -9.8115e-02, +4.4983e-02, -3.6255e-02, +1.0605e-01, +1.3967e-03, +8.0221e-03
-1.8431e-02, +1.0498e-02, -1.4775e-01, -4.2269e-02, -1.1009e-02, -1.0000e+00, +1.1821e-03, -1.8694e-02, -3.3995e-02, +7.9125e-02, -8.7039e-02, +4.7968e-02, +5.9563e-02, -6.7043e-02, -2.0850e-01, -2.6309e-02, -1.8002e-02, -6.3230e-02, -8.9451e-02, -5.0307e-02, +5.9031e-03, -6.8543e-02, +5.8388e-03, -3.1765e-02, +3.5337e-02, -8.5091e-02, -7.7315e-02, -8.6354e-02, -1.3478e-01, +1.3766e-02, -1.1257e-01, +3.8487e-02, -3.7843e-02, +4.9579e-03, -2.5793e-02, +2.1983e-02, +1.0385e-01, -3.4662e-02, +6.7042e-02, -4.1060e-02, -8.0872e-03, -7.2009e-02, -2.1414e-02, -2.3779e-02, -1.2305e-01, -2.3020e-02, -1.8811e-01, +9.3448e-02, +2.2503e-02, +5.7591e-03
-4.1441e-02, -4.6601e-02, +1.4630e-02, -1.0713e-02, +1.4313e-02, +1.1821e-03, -1.0000e+00, +1.4287e-01, -4.5913e-02, +6.5026e-02, +5.0985e-02, -7.2923e-03, +1.3981e-02, +3.6177e-02, +2.3834e-02, +8.7375e-03, -1.8317e-02, -4.3964e-02, +5.3655e-03, +1.3560e-02, -1.9703e-02, +2.7153e-02, -2.6622e-02, -2.5603e-02, -6.0668e-03, +1.3099e-01, +8.4669e-02, +5.2426e-02, +3.9755e-02, -6.6373e-02, -1.3936e-02, -4.8248e-03, -9.5707e-03, +6.8103e-02, +5.6595e-02, -2.4599e-02, -4.0276e-02, -1.8598e-03, +1.3096e-02, -1.3300e-02, -4.0410e-02, +2.5460e-02, -2.1608e-02, -1.9324e-02, +6.6302e-03, -3.1078e-02, +7.0934e-03, -1.9717e-02, -1.0080e-02, +4.1175e-02
+1.4780e-02, +3.0425e-02, +6.6576e-03, +3.0767e-02, +7.0069e-02, -1.8694e-02, +1.4287e-01, -1.0000e+00, +1.4883e-02, -5.0960e-02, -1.0628e-01, +4.8784e-02, +5.9237e-02, +8.4401e-03, -5.0161e-02, +2.8718e-02, +2.2579e-02, -5.7145e-02, +8.7714e-02, -3.9186e-02, -4.9068e-02, -3.3151e-02, +5.7768e-02, +3.6649e-02, +3.4407e-02, +1.7327e-02, -3.5130e-02, -6.9586e-02, -5.1211e-02, -2.1712e-02, +1.6515e-02, -1.7065e-02, +3.1141e-02, -6.8342e-02, +4.9953e-02, -1.3752e-02, -7.1762e-03, +5.3302e-02, +7.4776e-02, -1.8514e-02, +2.0029e-03, +9.8496e-03, +1.9332e-02, -6.3913e-02, -1.1241e-01, +9.5790e-02, +1.4002e-02, +2.7926e-04, -1.3325e-04, -2.2334e-02
-1.4093e-01, +2.8177e-03, +2.1491e-03, +5.6754e-02, +3.3226e-02, -3.3995e-02, -4.5913e-02, +1.4883e-02, -1.0000e+00, +9.5487e-02, -6.0848e-02, -8.7849e-02, -4.0577e-02, +2.3208e-02, -4.8947e-03, -5.0034e-02, -1.0186e-01, -1.7924e-03, -4.6625e-02, -1.9111e-03, +2.9572e-02, -4.8636e-03, +9.0961e-03, +3.4663e-02, -8.4487e-02, -3.0055e-02, -2.3258e-03, -6.2644e-02, +5.6696e-02, -6.6025e-03, +7.5898e-02, -4.8168e-03, -9.0612e-02, +2.6826e-02, -1.1636e-02, -4.1434e-02, +1.0768e-01, +2.8161e-02, +1.2325e-02, +2.8960e-02, +3.0468e-02, +7.8649e-03, +7.1018e-03, -7.4434e-03, -1.8170e-02, -4.4903e-02, -4.7705e-02, +7.1515e-02, +2.5691e-02, +5.7544e-02
+6.0289e-02, +4.8766e-02, +1.3490e-01, +5.6310e-02, +1.1820e-01, +7.9125e-02, +6.5026e-02, -5.0960e-02, +9.5487e-02, -1.0000e+00, -5.8318e-02, +2.7075e-01, +6.2176e-02, -3.6980e-02, +2.1702e-01, -5.0542e-03, -2.3236e-02, +1.1592e-01, +3.5176e-02, -2.1876e-02, -1.2601e-01, -6.9415e-02, +1.9737e-01, -8.3945e-02, +6.0643e-02, +8.2744e-02, +1.3047e-03, +7.5853e-02, +1.6049e-01, +6.6968e-02, -9.2498e-02, -3.9928e-02, +1.8916e-02, -6.4786e-02, +5.9562e-02, -1.2445e-02, +1.2054e-01, +8.4811e-02, +9.2932e-02, +4.2259e-02, +8.4334e-02, +3.2123e-02, +1.1524e-01, -2.8999e-02, +5.4856e-02, +8.6958e-02, +1.4969e-01, -1.0608e-01, -8.2155e-03, -3.1126e-03
+8.7712e-03, +3.6474e-02, -5.2546e-02, -6.8054e-02, +2.3205e-02, -8.7039e-02, +5.0985e-02, -1.0628e-01, -6.0848e-02, -5.8318e-02, -1.0000e+00, -5.9898e-02, -2.9715e-02, -1.9696e-02, -1.5354e-01, -1.2449e-03, +2.3725e-02, -8.4540e-02, -8.6910e-02, -5.8683e-02, -9.0671e-02, -1.1665e-02, +6.9805e-02, +3.1215e-02, +7.3235e-02, -1.1731e-01, -8.1901e-02, -1.5064e-01, -1.4265e-01, -8.3208e-02, -5.9556e-02, +5.4689e-03, +2.8492e-04, -2.6549e-02, -4.0011e-02, +9.9350e-03, +5.2064e-02, -4.0726e-02, +2.1976e-02, +3.1052e-02, -3.3635e-02, -6.5273e-02, -1.3499e-04, -3.3384e-02, -1.4758e-01, +3.8723e-02, -9.3719e-02, +1.4614e-01, -3.2252e-02, +2.9277e-02
-1.3456e-01, -4.4519e-02, +4.2745e-02, +1.9299e-02, -9.8736e-02, +4.7968e-02, -7.2923e-03, +4.8784e-02, -8.7849e-02, +2.7075e-01, -5.9898e-02, -1.0000e+00, +4.3015e-02, +1.4277e-01, -1.2924e-01, -9.9715e-03, -5.6672e-02, +3.2273e-02, -1.6114e-02, +3.3063e-02, -7.0386e-03, +2.2449e-02, +2.6446e-02, +2.7080e-02, -3.2140e-02, -3.4434e-02, +1.4908e-02, +9.7808e-02, -2.4890e-02, +4.6234e-02, -8.9746e-03, +5.5417e-03, -2.5507e-02, +1.1876e-02, -2.3403e-02, +1.6366e-02, -3.7209e-02, -3.4927e-02, -3.2538e-02, +5.3854e-02, -2.1252e-02, -1.1646e-01, +1.0795e-01, -1.6967e-02, +5.5572e-02, -8.2863e-02, +1.0047e-01, +1.7052e-01, -1.0337e-01, +1.9613e-01
+2.9951e-02, +1.6735e-01, -4.8810e-02, +3.8321e-03, -5.0603e-02, +5.9563e-02, +1.3981e-02, +5.9237e-02, -4.0577e-02, +6.2176e-02, -2.9715e-02, +4.3015e-02, -1.0000e+00, +1.5511e-01, -7.7029e-02, +5.5501e-02, +8.4611e-02, -5.0542e-02, +1.1897e-02, -4.3199e-02, -2.7407e-02, -6.1380e-02, +4.9873e-02, +3.1686e-02, +5.7244e-02, -3.8239e-02, +4.5366e-02, +2.5019e-02, -6.3475e-02, +7.4533e-03, +1.0277e-03, -3.9006e-02, -3.8175e-02, +7.5277e-03, -7.1911e-02, -1.7129e-02, -3.7189e-03, +5.8904e-02, -1.6812e-02, +2.1854e-02, -4.8024e-03, -1.0993e-02, +2.2684e-02, +2.8965e-02, -1.1807e-01, +2.3458e-02, +1.9715e-02, -4.5644e-02, +9.7944e-02, -3.0997e-02
+4.2058e-02, +8.5674e-02, -6.9851e-03, -9.2610e-03, -1.3106e-02, -6.7043e-02, +3.6177e-02, +8.4401e-03, +2.3208e-02, -3.6980e-02, -1.9696e-02, +1.4277e-01, +1.5511e-01, -1.0000e+00, -7.7172e-02, +3.5035e-02, +2.5452e-02, -8.9434e-03, -1.5736e-02, -8.6675e-02, -3.7016e-02, +4.3761e-02, +3.9536e-02, -1.1013e-01, -7.8459e-02, -3.5049e-02, -1.0152e-01, -4.1876e-02, +1.7835e-02, +2.3061e-02, -1.0512e-01, -1.2645e-02, -4.6937e-05, -3.6563e-02, +7.2818e-02, +7.1837e-02, -2.6371e-02, -3.0883e-02, -1.5050e-02, -1.0860e-03, +4.1135e-02, +4.6091e-02, -5.5662e-02, -8.4375e-03, -3.4169e-02, -6.8741e-02, +5.6075e-02, -3.5230e-02, -2.2626e-02, -1.1378e-01
-2.6659e-03, -6.5779e-03, +4.7640e-02, -1.2495e-02, -1.2841e-01, -2.0850e-01, +2.3834e-02, -5.0161e-02, -4.8947e-03, +2.1702e-01, -1.5354e-01, -1.2924e-01, -7.7029e-02, -7.7172e-02, -1.0000e+00, +9.9605e-02, -9.1164e-03, -4.5021e-02, -6.5826e-02, +3.7095e-03, +1.8089e-02, -2.8448e-02, -5.5518e-02, -9.8021e-02, +1.0845e-01, -8.2188e-02, -1.8357e-01, -1.1930e-01, -1.2557e-01, -5.3964e-02, -7.6753e-02, +1.1910e-02, +1.6159e-02, -1.9726e-02, -8.2927e-03, +6.4806e-02, +3.1059e-02, -5.6338e-02, -1.4511e-02, +3.0896e-02, +8.9937e-03, -6.9809e-02, +7.1606e-03, +5.6903e-03, -1.8080e-01, -4.6867e-02, -6.1659e-02, +2.6684e-01, +3.9460e-03, -3.3546e-02
-4.5862e-02, +1.0358e-01, -7.6562e-03, +1.1434e-01, +8.8271e-02, -2.6309e-02, +8.7375e-03, +2.8718e-02, -5.0034e-02, -5.0542e-03, -1.2449e-03, -9.9715e-03, +5.5501e-02, +3.5035e-02, +9.9605e-02, -1.0000e+00, +1.9505e-03, +1.0059e-02, +1.6863e-02, +4.0066e-03, -8.9374e-02, -3.2813e-02, -2.3910e-03, +1.3046e-01, -3.5136e-02, +7.0175e-02, +5.8624e-02, -3.5396e-02, -6.4937e-03, +3.9083e-02, +2.8052e-02, +3.9146e-02, -7.7328e-02, +5.9704e-02, +6.2136e-02, +1.0551e-02, +6.6844e-02, -2.4168e-02, -8.5285e-02, +6.0541e-02, +1.3180e-02, +1.0453e-01, +3.0021e-02, -1.1492e-01, +1.3919e-01, -8.4190e-02, -3.3252e-02, -8.9635e-02, +7.3352e-02, -1.2519e-02
-1.2426e-01, -2.0156e-02, +1.2361e-02, +4.9804e-03, -2.8462e-02, -1.8002e-02, -1.8317e-02, +2.2579e-02, -1.0186e-01, -2.3236e-02, +2.3725e-02, -5.6672e-02, +8.4611e-02, +2.5452e-02, -9.1164e-03, +1.9505e-03, -1.0000e+00, +3.6430e-02, +4.5325e-02, +1.8011e-02, +1.8558e-02, -1.1087e-02, +9.5559e-03, -1.3273e-02, +7.2315e-02, -4.9904e-02, +3.2990e-02, +4.3346e-03, +8.2919e-03, -6.2344e-02, +4.7159e-02, +2.5256e-02, +2.3385e-02, +1.2989e-02, -3.1183e-04, +6.2821e-02, +7.2775e-03, +4.4892e-02, +7.7147e-03, +2.6554e-02, +3.7839e-02, +8.3592e-03, -8.4839e-03, -9.2843e-04, +5.1065e-02, -8.3628e-03, +2.0540e-02, +1.9626e-02, +6.1340e-02, -2.3500e-03
+9.7531e-03, -2.1844e-02, +1.3063e-03, -6.0369e-02, +4.2264e-02, -6.3230e-02, -4.3964e-02, -5.7145e-02, -1.7924e-03, +1.1592e-01, -8.4540e-02, +3.2273e-02, -5.0542e-02, -8.9434e-03, -4.5021e-02, +1.0059e-02, +3.6430e-02, -1.0000e+00, +1.8359e-02, -7.3249e-02, -7.5326e-02, -3.6792e-02, +9.3319e-02, +1.2139e-02, -1.0635e-02, -3.0209e-02, -3.6031e-02, -6.4800e-02, -1.1497e-01, +4.7018e-02, -7.3853e-02, -5.1285e-02, -2.3687e-02, -5.2565e-02, -1.8791e-02, -1.8272e-03, +1.2069e-02, -4.1872e-02, +5.7618e-02, -1.3076e-03, +1.0891e-02, -8.3344e-02, -8.1015e-03, -4.6915e-02, -1.3613e-01, +2.2230e-02, -8.1458e-02, +6.2059e-02, +6.3909e-02, -3.4126e-02
+1.2682e-02, +7.7777e-02, -1.5530e-02, +1.2152e-02, -1.1738e-01, -8.9451e-02, +5.3655e-03, +8.7714e-02, -4.6625e-02, +3.5176e-02, -8.6910e-02, -1.6114e-02, +1.1897e-02, -1.5736e-02, -6.5826e-02, +1.6863e-02, +4.5325e-02, +1.8359e-02, -1.0000e+00, -7.5350e-02, -5.5180e-02, -6.5539e-02, -3.9700e-02, +8.0397e-02, +6.0929e-02, -9.8889e-02, +1.2737e-02, -4.4541e-02, -4.6723e-02, -7.3460e-02, +5.3491e-02, -4.6894e-02, -5.3300e-02, +3.8417e-02, -7.4887e-02, +2.1526e-02, +8.6841e-02, -3.3932e-02, +9.5252e-04, +6.7829e-02, -8.1695e-03, -1.7319e-02, -4.5453e-02, +4.0586e-02, -2.1101e-02, -4.4344e-02, -3.3003e-02, +1.0544e-02, +4.0207e-02, -8.5455e-03
+3.5443e-03, +7.3877e-02, +5.1734e-03, +3.7773e-02, -1.9680e-02, -5.0307e-02, +1.3560e-02, -3.9186e-02, -1.9111e-03, -2.1876e-02, -5.8683e-02, +3.3063e-02, -4.3199e-02, -8.6675e-02, +3.7095e-03, +4.0066e-03, +1.8011e-02, -7.3249e-02, -7.5350e-02, -1.0000e+00, -1.9045e-02, -2.7820e-02, -4.1516e-02, -2.3063e-02, +2.7720e-02, -4.2256e-02, -1.6762e-01, -4.0430e-02, -9.0441e-02, -4.2171e-02, -4.9320e-02, -8.1287e-02, -3.6834e-02, -2.8128e-02, -5.2482e-02, -3.0998e-03, +4.7026e-02, -1.0473e-01, +4.1244e-02, +6.8080e-02, -4.6925e-02, -1.0783e-02, +1.3252e-01, +9.9321e-03, +6.1505e-03, +1.4746e-02, -1.9778e-02, +3.8905e-02, -1.1265e-01, -1.4058e-02
+1.1932e-02, +8.1631e-02, +4.9895e-02, +2.4765e-02, +9.5026e-03, +5.9031e-03, -1.9703e-02, -4.9068e-02, +2.9572e-02, -1.2601e-01, -9.0671e-02, -7.0386e-03, -2.7407e-02, -3.7016e-02, +1.8089e-02, -8.9374e-02, +1.8558e-02, -7.5326e-02, -5.5180e-02, -1.9045e-02, -1.0000e+00, +2.1579e-02, -5.5968e-02, +2.1909e-02, +1.8328e-02, +5.8766e-03, -3.6859e-02, +4.9741e-03, -3.9114e-02, +5.3768e-03, -6.5319e-02, -1.5394e-02, -7.2289e-02, -8.1943e-02, +8.3690e-02, -3.4429e-02, +1.4639e-02, -7.8795e-02, +4.9207e-02, +4.6065e-02, +1.7896e-02, -3.3623e-02, -1.8286e-02, -5.2814e-02, -1.6736e-02, -5.2389e-02, +7.8390e-02, -2.1277e-02, -1.0605e-01, +2.5636e-02
+2.7234e-02, +2.4500e-02, +6.6159e-03, +2.9582e-03, +1.2392e-02, -6.8543e-02, +2.7153e-02, -3.3151e-02, -4.8636e-03, -6.9415e-02, -1.1665e-02, +2.2449e-02, -6.1380e-02, +4.3761e-02, -2.8448e-02, -3.2813e-02, -1.1087e-02, -3.6792e-02, -6.5539e-02, -2.7820e-02, +2.1579e-02, -1.0000e+00, +2.5855e-02, +3.2196e-02, +6.6863e-02, +6.9543e-02, -3.5055e-02, -1.3842e-02, -4.4749e-02, -5.2560e-02, -5.1276e-02, -1.0981e-01, -6.4458e-02, -3.5336e-02, +8.0716e-02, +3.8763e-02, +1.0731e-01, -3.8736e-02, +2.2627e-02, +1.3529e-02, -9.0623e-02, -3.6428e-02, +6.0297e-03, +9.0421e-02, -4.3924e-02, +5.0582e-03, +1.4981e-02, +3.4472e-02, +8.2074e-04, -3.9249e-02
+2.8434e-03, +4.4253e-02, -7.5241e-02, -7.2426e-02, -1.1975e-01, +5.8388e-03, -2.6622e-02, +5.7768e-02, +9.0961e-03, +1.9737e-01, +6.9805e-02, +2.6446e-02, +4.9873e-02, +3.9536e-02, -5.5518e-02, -2.3910e-03, +9.5559e-03, +9.3319e-02, -3.9700e-02, -4.1516e-02, -5.5968e-02, +2.5855e-02, -1.0000e+00, -2.2436e-03, -2.6742e-02, -4.4170e-02, -2.5154e-02, +2.2999e-03, -2.8741e-02, -5.5660e-02, +9.1821e-02, -8.5772e-02, -3.1563e-03, +9.7831e-02, -1.6025e-02, -6.9619e-02, -3.0732e-02, -5.6362e-02, -9.9214e-04, -3.7843e-02, -1.1637e-02, +7.5137e-02, -5.6666e-02, +1.3922e-02, +3.2471e-02, +1.3791e-02, -4.0251e-02, -1.1656e-01, -1.0119e-01, +4.7971e-02
+3.9289e-03, -6.5834e-02, +2.9668e-02, -3.2588e-02, -4.4651e-02, -3.1765e-02, -2.5603e-02, +3.6649e-02, +3.4663e-02, -8.3945e-02, +3.1215e-02, +2.7080e-02, +3.1686e-02, -1.1013e-01, -9.8021e-02, +1.3046e-01, -1.3273e-02, +1.2139e-02, +8.0397e-02, -2.3063e-02, +2.1909e-02, +3.2196e-02, -2.2436e-03, -1.0000e+00, +5.4873e-02, -1.1862e-01, -4.9394e-02, +2.4232e-02, +5.9246e-02, -5.3983e-03, -1.1924e-01, -2.5355e-02, +4.8601e-02, +8.1126e-03, -4.6216e-02, +4.0325e-02, +8.0958e-03, -7.9664e-02, +5.5405e-02, +8.8843e-03, +2.4647e-02, -2.8110e-02, +3.1440e-02, +4.3255e-02, -1.5370e-01, +1.4718e-03, -6.7785e-03, +6.3877e-02, +2.6407e-02, -1.7065e-02
-8.0960e-03, +3.7371e-03, -1.1115e-01, -1.2032e-01, +5.2413e-02, +3.5337e-02, -6.0668e-03, +3.4407e-02, -8.4487e-02, +6.0643e-02, +7.3235e-02, -3.2140e-02, +5.7244e-02, -7.8459e-02, +1.0845e-01, -3.5136e-02, +7.2315e-02, -1.0635e-02, +6.0929e-02, +2.7720e-02, +1.8328e-02, +6.6863e-02, -2.6742e-02, +5.4873e-02, -1.0000e+00, +2.9410e-02, +5.9350e-03, -1.2923e-02, +1.1803e-02, +1.2200e-02, -1.2703e-02, +1.1687e-01, +5.3360e-02, +6.2186e-02, -2.5161e-02, -5.1784e-02, -1.0250e-02, -1.1514e-01, -2.2093e-02, -8.3309e-03, -3.7778e-02, +2.4955e-02, -6.1528e-02, +2.3678e-02, -7.6649e-02, -1.4208e-02, -7.5993e-02, +5.6014e-02, +5.5307e-02, -7.6203e-02
-6.0480e-02, +7.8084e-02, +2.0627e-02, -6.7405e-02, -1.0282e-01, -8.5091e-02, +1.3099e-01, +1.7327e-02, -3.0055e-02, +8.2744e-02, -1.1731e-01, -3.4434e-02, -3.8239e-02, -3.5049e-02, -8.2188e-02, +7.0175e-02, -4.9904e-02, -3.0209e-02, -9.8889e-02, -4.2256e-02, +5.8766e-03, +6.9543e-02, -4.4170e-02, -1.1862e-01, +2.9411e-02, -1.0000e+00, -3.3165e-02, -7.0041e-02, -3.8056e-02, -9.1597e-02, +2.7937e-02, +1.2366e-02, +7.4454e-02, -3.5987e-02, +3.9091e-03, -1.7745e-02, +7.3503e-02, -5.9150e-02, +3.3473e-02, -6.0389e-03, -3.7657e-02, -3.3762e-02, +6.5384e-02, +4.2794e-03, -4.9658e-02, +8.5473e-02, -5.7126e-02, +1.2438e-01, +9.0789e-03, +2.5029e-02
+3.5417e-02, +1.6802e-02, -8.6016e-02, -4.0829e-03, -3.6753e-02, -7.7315e-02, +8.4669e-02, -3.5130e-02, -2.3258e-03, +1.3047e-03, -8.1901e-02, +1.4908e-02, +4.5366e-02, -1.0152e-01, -1.8357e-01, +5.8624e-02, +3.2990e-02, -3.6031e-02, +1.2737e-02, -1.6762e-01, -3.6859e-02, -3.5055e-02, -2.5154e-02, -4.9394e-02, +5.9350e-03, -3.3165e-02, -1.0000e+00, -1.6859e-01, -2.0701e-01, -1.0853e-01, -5.6426e-02, -4.6095e-02, -3.3226e-02, -4.5448e-02, -7.7188e-02, +3.8859e-02, +7.1822e-02, -8.9223e-02, -4.1619e-02, +2.3658e-02, +3.0899e-02, -3.0896e-02, +1.7897e-03, -1.2492e-02, -1.5225e-01, +5.3279e-02, -1.8179e-01, +1.2793e-01, -4.7067e-02, -2.1095e-02
+4.3783e-02, +1.5213e-01, -4.9071e-02, -4.5390e-02, -9.3377e-02, -8.6354e-02, +5.2426e-02, -6.9586e-02, -6.2644e-02, +7.5853e-02, -1.5064e-01, +9.7808e-02, +2.5019e-02, -4.1876e-02, -1.1930e-01, -3.5396e-02, +4.3346e-03, -6.4800e-02, -4.4541e-02, -4.0430e-02, +4.9741e-03, -1.3842e-02, +2.2999e-03, +2.4232e-02, -1.2923e-02, -7.0041e-02, -1.6859e-01, -1.0000e+00, -7.1363e-02, -6.6781e-02, +8.9518e-03, +3.6800e-02, -1.8008e-02, -4.8252e-02, -7.4468e-02, +4.4335e-02, +1.8654e-02, -3.1206e-02, -3.1779e-02, -1.0379e-02, +1.5002e-02, -2.4633e-02, -3.5718e-02, +1.9423e-02, -1.3074e-01, +3.3714e-02, -1.9317e-02, +3.7052e-02, -1.0709e-02, -5.7144e-02
-4.9168e-02, -1.1722e-02, -6.4309e-02, -3.6656e-02, -5.1524e-02, -1.3478e-01, +3.9755e-02, -5.1211e-02, +5.6696e-02, +1.6049e-01, -1.4265e-01, -2.4890e-02, -6.3475e-02, +1.7835e-02, -1.2557e-01, -6.4937e-03, +8.2919e-03, -1.1497e-01, -4.6723e-02, -9.0441e-02, -3.9114e-02, -4.4749e-02, -2.8741e-02, +5.9246e-02, +1.1803e-02, -3.8056e-02, -2.0701e-01, -7.1363e-02, -1.0000e+00, -2.7422e-02, -4.7937e-02, +3.0889e-03, -2.0101e-04, -1.3232e-02, -2.5230e-02, -5.5656e-03, +3.8093e-02, -9.1830e-02, +6.6931e-03, -3.0838e-02, +5.6072e-02, -8.1271e-02, -1.7945e-02, -7.5851e-02, -1.2835e-01, +5.0378e-02, -1.0945e-01, +1.4248e-01, -2.1100e-02, +3.5227e-02
-3.4279e-02, +2.7812e-02, +3.1333e-02, -8.2004e-02, -1.1354e-01, +1.3766e-02, -6.6373e-02, -2.1712e-02, -6.6025e-03, +6.6968e-02, -8.3208e-02, +4.6234e-02, +7.4533e-03, +2.3061e-02, -5.3964e-02, +3.9083e-02, -6.2344e-02, +4.7018e-02, -7.3460e-02, -4.2171e-02, +5.3768e-03, -5.2560e-02, -5.5660e-02, -5.3983e-03, +1.2200e-02, -9.1597e-02, -1.0853e-01, -6.6781e-02, -2.7422e-02, -1.0000e+00, +3.1979e-02, -6.5325e-02, +7.9349e-03, +5.0303e-02, -2.5592e-03, +3.2476e-02, -7.1546e-02, -2.3288e-02, -6.9340e-02, -1.4609e-02, +3.4160e-02, -3.6491e-02, -6.3845e-02, +4.1157e-02, -9.8517e-02, +5.3171e-02, -3.2004e-02, +3.7015e-02, +2.7598e-02, +7.5918e-03
+1.4089e-02, +1.3974e-02, +8.1292e-02, -5.6004e-02, +9.5489e-02, -1.1257e-01, -1.3936e-02, +1.6515e-02, +7.5898e-02, -9.2498e-02, -5.9556e-02, -8.9746e-03, +1.0277e-03, -1.0512e-01, -7.6753e-02, +2.8052e-02, +4.7159e-02, -7.3853e-02, +5.3491e-02, -4.9320e-02, -6.5319e-02, -5.1276e-02, +9.1821e-02, -1.1924e-01, -1.2703e-02, +2.7937e-02, -5.6426e-02, +8.9518e-03, -4.7937e-02, +3.1979e-02, -1.0000e+00, +7.9661e-03, +4.7789e-02, -8.9236e-02, -9.9988e-03, +6.9220e-02, +4.2518e-02, -1.2785e-01, +2.8685e-02, +3.3740e-02, -1.1018e-01, -6.5436e-02, -3.8313e-03, -5.6742e-02, -1.2955e-01, -4.3348e-02, -3.1264e-02, +1.4878e-01, +1.7726e-02, +2.8825e-02
+1.8238e-02, -2.5765e-02, +3.3583e-02, +7.6639e-02, +1.4197e-02, +3.8487e-02, -4.8248e-03, -1.7065e-02, -4.8168e-03, -3.9928e-02, +5.4689e-03, +5.5417e-03, -3.9006e-02, -1.2645e-02, +1.1910e-02, +3.9146e-02, +2.5256e-02, -5.1285e-02, -4.6894e-02, -8.1287e-02, -1.5394e-02, -1.0981e-01, -8.5772e-02, -2.5355e-02, +1.1687e-01, +1.2366e-02, -4.6095e-02, +3.6800e-02, +3.0889e-03, -6.5325e-02, +7.9661e-03, -1.0000e+00, +8.5590e-03, +4.5890e-02, -1.2988e-02, -6.4642e-02, +2.8622e-02, -6.7924e-02, -1.6538e-02, +3.2650e-02, +1.2340e-02, +7.7018e-02, +6.2246e-02, +5.0508e-03, +2.0121e-03, +1.9892e-02, -9.6058e-02, +2.8669e-02, +2.2950e-02, +7.8374e-02
+3.9180e-02, -1.6354e-02, +2.0953e-02, +1.6695e-02, -5.1254e-02, -3.7843e-02, -9.5707e-03, +3.1141e-02, -9.0612e-02, +1.8916e-02, +2.8491e-04, -2.5507e-02, -3.8175e-02, -4.6924e-05, +1.6159e-02, -7.7328e-02, +2.3385e-02, -2.3687e-02, -5.3300e-02, -3.6834e-02, -7.2289e-02, -6.4458e-02, -3.1563e-03, +4.8601e-02, +5.3360e-02, +7.4454e-02, -3.3226e-02, -1.8008e-02, -2.0101e-04, +7.9349e-03, +4.7789e-02, +8.5591e-03, -1.0000e+00, +7.8026e-02, -1.7914e-02, -4.5996e-02, -2.8235e-02, -3.7317e-02, -3.8021e-02, +5.0548e-02, -4.9885e-02, -3.5098e-02, -1.2594e-02, +1.6614e-02, +3.4620e-02, -9.5944e-03, +1.6583e-02, +4.2923e-02, -3.6527e-02, +1.5878e-02
+1.8646e-02, +1.7809e-02, +2.3628e-02, +3.3220e-03, -7.7924e-03, +4.9579e-03, +6.8103e-02, -6.8342e-02, +2.6826e-02, -6.4786e-02, -2.6549e-02, +1.1876e-02, +7.5277e-03, -3.6563e-02, -1.9726e-02, +5.9704e-02, +1.2989e-02, -5.2565e-02, +3.8417e-02, -2.8128e-02, -8.1943e-02, -3.5336e-02, +9.7831e-02, +8.1126e-03, +6.2186e-02, -3.5987e-02, -4.5448e-02, -4.8252e-02, -1.3232e-02, +5.0303e-02, -8.9236e-02, +4.5890e-02, +7.8026e-02, -1.0000e+00, -1.5847e-02, -2.1372e-02, +1.5581e-02, -9.0849e-03, -3.1291e-02, +8.9404e-02, -1.2797e-02, +7.6016e-03, -2.0192e-02, +1.8627e-02, +3.4388e-03, +7.7287e-02, +3.1084e-02, -2.3409e-02, +3.1368e-02, -3.6705e-02
+3.4261e-02, -5.6036e-03, +2.1899e-02, +1.5704e-02, -4.5295e-02, -2.5793e-02, +5.6595e-02, +4.9953e-02, -1.1636e-02, +5.9562e-02, -4.0011e-02, -2.3403e-02, -7.1911e-02, +7.2818e-02, -8.2927e-03, +6.2136e-02, -3.1183e-04, -1.8791e-02, -7.4887e-02, -5.2482e-02, +8.3690e-02, +8.0716e-02, -1.6025e-02, -4.6216e-02, -2.5161e-02, +3.9091e-03, -7.7188e-02, -7.4468e-02, -2.5230e-02, -2.5592e-03, -9.9988e-03, -1.2988e-02, -1.7914e-02, -1.5847e-02, -1.0000e+00, -2.7184e-02, +8.1336e-03, -6.6234e-03, -5.9175e-02, -1.3009e-02, +3.2771e-02, -5.1863e-02, +7.5087e-02, +1.0350e-01, -3.5669e-02, -8.0084e-03, -4.6902e-02, +2.8232e-03, -2.7218e-03, +4.3318e-02
-6.9615e-02, -1.1676e-03, +5.3914e-02, +6.4923e-02, +2.5201e-02, +2.1983e-02, -2.4599e-02, -1.3752e-02, -4.1434e-02, -1.2445e-02, +9.9350e-03, +1.6366e-02, -1.7129e-02, +7.1837e-02, +6.4806e-02, +1.0551e-02, +6.2821e-02, -1.8272e-03, +2.1526e-02, -3.0998e-03, -3.4429e-02, +3.8763e-02, -6.9619e-02, +4.0325e-02, -5.1784e-02, -1.7745e-02, +3.8859e-02, +4.4335e-02, -5.5656e-03, +3.2476e-02, +6.9220e-02, -6.4642e-02, -4.5996e-02, -2.1372e-02, -2.7184e-02, -1.0000e+00, +6.3163e-03, +2.8138e-02, +6.2934e-03, +9.8895e-03, -7.6495e-03, +5.4071e-02, +1.7260e-01, +2.7308e-02, +1.8914e-01, +6.4842e-03, +2.3003e-02, -1.6076e-01, -1.1166e-01, +4.1836e-01
+5.1923e-02, -8.1543e-02, -7.8440e-03, -4.2037e-02, -3.2510e-02, +1.0385e-01, -4.0276e-02, -7.1762e-03, +1.0768e-01, +1.2054e-01, +5.2064e-02, -3.7209e-02, -3.7189e-03, -2.6371e-02, +3.1059e-02, +6.6844e-02, +7.2775e-03, +1.2069e-02, +8.6841e-02, +4.7026e-02, +1.4639e-02, +1.0731e-01, -3.0732e-02, +8.0958e-03, -1.0250e-02, +7.3503e-02, +7.1822e-02, +1.8654e-02, +3.8093e-02, -7.1546e-02, +4.2518e-02, +2.8622e-02, -2.8235e-02, +1.5581e-02, +8.1336e-03, +6.3163e-03, -1.0000e+00, +6.1646e-02, +3.3448e-02, +5.6060e-02, +8.3656e-02, +1.3217e-02, +1.5470e-02, +4.7147e-02, -5.1519e-02, -7.0813e-02, -1.0834e-03, +2.5911e-02, +3.4178e-02, -4.8935e-03
-3.1246e-02, +1.9781e-02, +6.1226e-03, -7.6581e-02, +8.8235e-02, -3.4662e-02, -1.8598e-03, +5.3302e-02, +2.8161e-02, +8.4811e-02, -4.0726e-02, -3.4927e-02, +5.8904e-02, -3.0883e-02, -5.6338e-02, -2.4168e-02, +4.4892e-02, -4.1872e-02, -3.3932e-02, -1.0473e-01, -7.8795e-02, -3.8736e-02, -5.6362e-02, -7.9664e-02, -1.1514e-01, -5.9150e-02, -8.9223e-02, -3.1206e-02, -9.1830e-02, -2.3288e-02, -1.2785e-01, -6.7924e-02, -3.7317e-02, -9.0849e-03, -6.6234e-03, +2.8138e-02, +6.1646e-02, -1.0000e+00, -4.1846e-02, -3.4646e-02, +1.5639e-02, +4.6851e-02, -3.8107e-02, -3.4115e-02, -3.2430e-02, +3.7271e-02, -2.2952e-02, +1.2632e-01, +1.3147e-03, +6.0441e-02
+2.7165e-02, +1.3677e-02, -2.3194e-02, -3.0031e-02, -1.0024e-02, +6.7042e-02, +1.3096e-02, +7.4776e-02, +1.2325e-02, +9.2932e-02, +2.1976e-02, -3.2538e-02, -1.6812e-02, -1.5050e-02, -1.4511e-02, -8.5285e-02, +7.7147e-03, +5.7618e-02, +9.5252e-04, +4.1244e-02, +4.9207e-02, +2.2627e-02, -9.9214e-04, +5.5405e-02, -2.2093e-02, +3.3473e-02, -4.1619e-02, -3.1779e-02, +6.6931e-03, -6.9340e-02, +2.8685e-02, -1.6538e-02, -3.8021e-02, -3.1291e-02, -5.9175e-02, +6.2934e-03, +3.3448e-02, -4.1846e-02, -1.0000e+00, +4.3017e-02, +6.3630e-02, +5.9143e-03, -3.8558e-02, +2.8494e-02, -1.4455e-02, +6.2973e-03, -5.1936e-02, +4.5163e-02, +1.0181e-02, -6.0080e-02
-2.2682e-02, -1.9277e-02, -7.5335e-02, +1.5602e-02, -9.8476e-03, -4.1060e-02, -1.3300e-02, -1.8514e-02, +2.8960e-02, +4.2259e-02, +3.1052e-02, +5.3854e-02, +2.1854e-02, -1.0860e-03, +3.0896e-02, +6.0541e-02, +2.6554e-02, -1.3076e-03, +6.7829e-02, +6.8080e-02, +4.6065e-02, +1.3529e-02, -3.7843e-02, +8.8843e-03, -8.3309e-03, -6.0389e-03, +2.3658e-02, -1.0379e-02, -3.0838e-02, -1.4609e-02, +3.3740e-02, +3.2650e-02, +5.0548e-02, +8.9404e-02, -1.3009e-02, +9.8895e-03, +5.6060e-02, -3.4646e-02, +4.3017e-02, -1.0000e+00, -1.1258e-02, -5.9807e-02, +6.4931e-02, -5.0860e-04, -3.6696e-02, +4.9442e-02, -6.0361e-02, -1.9370e-02, +6.4146e-02, -5.6329e-03
-5.2594e-02, -5.9797e-04, -2.5480e-02, -8.7796e-03, -1.8619e-02, -8.0872e-03, -4.0410e-02, +2.0029e-03, +3.0468e-02, +8.4334e-02, -3.3635e-02, -2.1252e-02, -4.8024e-03, +4.1135e-02, +8.9937e-03, +1.3180e-02, +3.7839e-02, +1.0891e-02, -8.1695e-03, -4.6925e-02, +1.7896e-02, -9.0623e-02, -1.1637e-02, +2.4647e-02, -3.7778e-02, -3.7657e-02, +3.0899e-02, +1.5002e-02, +5.6072e-02, +3.4160e-02, -1.1018e-01, +1.2340e-02, -4.9885e-02, -1.2797e-02, +3.2771e-02, -7.6495e-03, +8.3656e-02, +1.5639e-02, +6.3630e-02, -1.1258e-02, -1.0000e+00, -4.3538e-02, -4.4232e-02, -8.9535e-02, -4.9130e-02, -4.1569e-02, -1.0298e-01, +5.7925e-02, +6.3526e-02, +3.6979e-02
-3.3633e-02, -7.9449e-02, +2.8565e-02, +2.5367e-02, -3.2451e-02, -7.2009e-02, +2.5460e-02, +9.8496e-03, +7.8649e-03, +3.2123e-02, -6.5273e-02, -1.1646e-01, -1.0992e-02, +4.6091e-02, -6.9809e-02, +1.0453e-01, +8.3592e-03, -8.3344e-02, -1.7319e-02, -1.0783e-02, -3.3623e-02, -3.6428e-02, +7.5137e-02, -2.8110e-02, +2.4955e-02, -3.3762e-02, -3.0896e-02, -2.4633e-02, -8.1271e-02, -3.6491e-02, -6.5436e-02, +7.7018e-02, -3.5098e-02, +7.6016e-03, -5.1864e-02, +5.4071e-02, +1.3217e-02, +4.6851e-02, +5.9143e-03, -5.9807e-02, -4.3538e-02, -1.0000e+00, +3.7873e-02, +3.0801e-02, -9.2189e-02, +3.1529e-02, -5.4940e-02, +7.5425e-02, +8.2691e-02, +2.6091e-03
-2.3199e-02, +5.0611e-02, -6.7573e-02, -9.9647e-02, +3.9363e-02, -2.1414e-02, -2.1608e-02, +1.9332e-02, +7.1018e-03, +1.1524e-01, -1.3498e-04, +1.0795e-01, +2.2684e-02, -5.5662e-02, +7.1606e-03, +3.0021e-02, -8.4839e-03, -8.1015e-03, -4.5453e-02, +1.3252e-01, -1.8286e-02, +6.0297e-03, -5.6666e-02, +3.1440e-02, -6.1528e-02, +6.5384e-02, +1.7897e-03, -3.5718e-02, -1.7945e-02, -6.3845e-02, -3.8313e-03, +6.2246e-02, -1.2594e-02, -2.0192e-02, +7.5087e-02, +1.7260e-01, +1.5470e-02, -3.8107e-02, -3.8558e-02, +6.4931e-02, -4.4232e-02, +3.7873e-02, -1.0000e+00, +9.0387e-03, +2.2701e-02, +7.3936e-03, -7.6098e-02, -4.2385e-02, +4.6075e-02, +8.9134e-02
+4.6802e-02, +3.4881e-02, -6.5162e-02, +6.7741e-03, +1.6275e-02, -2.3779e-02, -1.9324e-02, -6.3913e-02, -7.4434e-03, -2.8999e-02, -3.3384e-02, -1.6967e-02, +2.8965e-02, -8.4375e-03, +5.6903e-03, -1.1492e-01, -9.2843e-04, -4.6915e-02, +4.0586e-02, +9.9321e-03, -5.2814e-02, +9.0421e-02, +1.3922e-02, +4.3255e-02, +2.3678e-02, +4.2794e-03, -1.2492e-02, +1.9423e-02, -7.5851e-02, +4.1157e-02, -5.6742e-02, +5.0508e-03, +1.6614e-02, +1.8627e-02, +1.0350e-01, +2.7308e-02, +4.7147e-02, -3.4115e-02, +2.8494e-02, -5.0859e-04, -8.9535e-02, +3.0801e-02, +9.0387e-03, -1.0000e+00, -2.9860e-02, -7.9348e-02, +1.5711e-02, +2.3244e-04, +8.1673e-03, -3.0885e-02
+3.5725e-03, +2.5110e-02, -2.4798e-02, -4.6078e-02, -9.8115e-02, -1.2305e-01, +6.6302e-03, -1.1241e-01, -1.8170e-02, +5.4856e-02, -1.4758e-01, +5.5572e-02, -1.1807e-01, -3.4169e-02, -1.8080e-01, +1.3919e-01, +5.1065e-02, -1.3614e-01, -2.1101e-02, +6.1505e-03, -1.6736e-02, -4.3924e-02, +3.2471e-02, -1.5370e-01, -7.6649e-02, -4.9658e-02, -1.5225e-01, -1.3074e-01, -1.2835e-01, -9.8517e-02, -1.2955e-01, +2.0121e-03, +3.4620e-02, +3.4388e-03, -3.5669e-02, +1.8914e-01, -5.1519e-02, -3.2430e-02, -1.4455e-02, -3.6696e-02, -4.9130e-02, -9.2189e-02, +2.2701e-02, -2.9860e-02, -1.0000e+00, -1.1253e-02, -8.6391e-02, +3.3022e-01, +4.2720e-02, -1.0854e-01
-4.6661e-02, +6.5313e-02, +5.0935e-02, +1.3628e-02, +4.4983e-02, -2.3020e-02, -3.1078e-02, +9.5790e-02, -4.4903e-02, +8.6958e-02, +3.8723e-02, -8.2863e-02, +2.3458e-02, -6.8741e-02, -4.6867e-02, -8.4190e-02, -8.3628e-03, +2.2230e-02, -4.4344e-02, +1.4746e-02, -5.2389e-02, +5.0582e-03, +1.3791e-02, +1.4718e-03, -1.4208e-02, +8.5473e-02, +5.3279e-02, +3.3714e-02, +5.0378e-02, +5.3171e-02, -4.3348e-02, +1.9892e-02, -9.5944e-03, +7.7287e-02, -8.0084e-03, +6.4842e-03, -7.0813e-02, +3.7271e-02, +6.2973e-03, +4.9442e-02, -4.1569e-02, +3.1529e-02, +7.3936e-03, -7.9348e-02, -1.1253e-02, -1.0000e+00, +2.2492e-02, +1.3594e-03, -1.4821e-02, -5.4654e-02
-1.8367e-02, +2.0107e-02, -1.2128e-01, -3.5131e-02, -3.6255e-02, -1.8811e-01, +7.0934e-03, +1.4002e-02, -4.7705e-02, +1.4969e-01, -9.3719e-02, +1.0047e-01, +1.9715e-02, +5.6075e-02, -6.1659e-02, -3.3252e-02, +2.0540e-02, -8.1458e-02, -3.3003e-02, -1.9778e-02, +7.8390e-02, +1.4981e-02, -4.0251e-02, -6.7785e-03, -7.5993e-02, -5.7126e-02, -1.8179e-01, -1.9317e-02, -1.0945e-01, -3.2004e-02, -3.1264e-02, -9.6058e-02, +1.6583e-02, +3.1084e-02, -4.6902e-02, +2.3003e-02, -1.0834e-03, -2.2952e-02, -5.1936e-02, -6.0361e-02, -1.0298e-01, -5.4940e-02, -7.6098e-02, +1.5711e-02, -8.6391e-02, +2.2492e-02, -1.0000e+00, +6.7253e-02, +5.6050e-02, -1.9196e-02
+8.2866e-02, -1.5896e-02, +8.2059e-02, +1.1428e-01, +1.0605e-01, +9.3448e-02, -1.9717e-02, +2.7927e-04, +7.1515e-02, -1.0608e-01, +1.4614e-01, +1.7052e-01, -4.5644e-02, -3.5230e-02, +2.6684e-01, -8.9635e-02, +1.9626e-02, +6.2059e-02, +1.0544e-02, +3.8905e-02, -2.1277e-02, +3.4472e-02, -1.1656e-01, +6.3877e-02, +5.6014e-02, +1.2438e-01, +1.2793e-01, +3.7052e-02, +1.4248e-01, +3.7015e-02, +1.4878e-01, +2.8669e-02, +4.2923e-02, -2.3409e-02, +2.8232e-03, -1.6076e-01, +2.5911e-02, +1.2632e-01, +4.5163e-02, -1.9370e-02, +5.7925e-02, +7.5425e-02, -4.2385e-02, +2.3244e-04, +3.3022e-01, +1.3594e-03, +6.7253e-02, -1.0000e+00, -2.0517e-02, +1.2901e-01
+1.5952e-02, +4.2211e-02, -4.9543e-03, -5.1722e-03, +1.3967e-03, +2.2503e-02, -1.0080e-02, -1.3325e-04, +2.5691e-02, -8.2155e-03, -3.2252e-02, -1.0337e-01, +9.7944e-02, -2.2626e-02, +3.9460e-03, +7.3352e-02, +6.1340e-02, +6.3909e-02, +4.0207e-02, -1.1265e-01, -1.0605e-01, +8.2073e-04, -1.0119e-01, +2.6407e-02, +5.5307e-02, +9.0789e-03, -4.7066e-02, -1.0709e-02, -2.1100e-02, +2.7598e-02, +1.7726e-02, +2.2950e-02, -3.6527e-02, +3.1368e-02, -2.7218e-03, -1.1166e-01, +3.4178e-02, +1.3147e-03, +1.0181e-02, +6.4146e-02, +6.3526e-02, +8.2691e-02, +4.6075e-02, +8.1673e-03, +4.2720e-02, -1.4821e-02, +5.6050e-02, -2.0517e-02, -1.0000e+00, +7.1325e-02
+1.0482e-01, +6.8702e-02, -1.7269e-02, +7.8344e-03, +8.0221e-03, +5.7591e-03, +4.1175e-02, -2.2334e-02, +5.7544e-02, -3.1126e-03, +2.9277e-02, +1.9613e-01, -3.0997e-02, -1.1378e-01, -3.3546e-02, -1.2519e-02, -2.3500e-03, -3.4126e-02, -8.5455e-03, -1.4058e-02, +2.5636e-02, -3.9249e-02, +4.7971e-02, -1.7065e-02, -7.6203e-02, +2.5029e-02, -2.1095e-02, -5.7144e-02, +3.5227e-02, +7.5918e-03, +2.8825e-02, +7.8374e-02, +1.5877e-02, -3.6705e-02, +4.3318e-02, +4.1836e-01, -4.8935e-03, +6.0441e-02, -6.0080e-02, -5.6329e-03, +3.6979e-02, +2.6091e-03, +8.9134e-02, -3.0885e-02, -1.0854e-01, -5.4654e-02, -1.9196e-02, +1.2901e-01, +7.1325e-02, -1.0000e+00
