-1.0000e+00, -7.1508e-03, +2.6966e-02, -1.8563e-03, +3.7481e-03, -2.7136e-02, +1.3530e-02, +1.2176e-02, -1.4871e-01, +5.1542e-02, +2.5332e-02, -6.8077e-02, -7.6511e-03, -4.9837e-02, -9.3329e-02, -3.8632e-02, +7.1163e-02, -4.9508e-02, +3.7547e-02, +7.9577e-02, +8.8328e-02, +7.0823e-02, +8.4887e-04, -2.7525e-02, +5.9752e-02, +4.3914e-02, +3.2213e-02, -3.1408e-02, -1.9450e-02, -2.9287e-02, -1.0378e-02, +5.3452e-03, +2.2072e-02, -7.6140e-02, +1.6013e-03, +8.1656e-02, -4.5812e-02, +8.9911e-03, -6.3941e-02, -4.9352e-02, -2.5821e-02, -1.7026e-02, -4.9515e-02, +7.8210e-02, -4.4990e-02, -1.0634e-01, -6.3542e-02, +3.1059e-01, -7.7111e-04, -5.0083e-02
-7.1508e-03, -1.0000e+00, -4.1941e-02, -7.0547e-02, -1.2283e-01, -1.0627e-01, +8.8385e-02, +6.7350e-03, +1.6663e-02, +7.4074e-02, -4.0614e-02, -1.1984e-03, +9.1031e-03, +1.9317e-02, -6.1828e-02, +6.2000e-02, -7.2698e-02, -7.0044e-02, -5.9594e-02, -1.0644e-01, +1.2623e-03, +1.5763e-02, +4.7801e-02, +9.5955e-02, -9.2858e-02, -1.0984e-01, +4.1417e-02, +5.6330e-03, -2.3993e-03, -1.4464e-02, +1.8988e-02, -1.0644e-01, -3.4611e-02, -4.2919e-04, -7.4461e-03, -4.6958e-03, +4.1542e-02, -5.8228e-02, -1.6699e-02, -4.1087e-03, -9.0697e-02, -1.7266e-02, +1.3658e-02, -1.0183e-02, +2.3728e-02, +2.8934e-02, -8.1233e-02, +6.4706e-02, -6.4881e-02, -5.2282e-03
+2.6966e-02, -4.1941e-02, -1.0000e+00, -1.2949e-02, -5.4653e-02, -1.1505e-01, -8.3946e-02, +1.2067e-01, +1.2301e-01, +1.2866e-01, -4.8919e-02, -8.6907e-02, +1.6489e-02, -1.3009e-01, +4.3580e-02, -2.0929e-02, +1.1830e-01, -2.1226e-02, -6.5386e-02, -1.6426e-01, -1.3937e-01, -8.4889e-02, +3.2822e-02, -1.7322e-02, -1.9167e-01, -8.8463e-02, -1.3090e-01, -5.4768e-02, -5.2160e-02, -2.3802e-02, -5.6487e-03, -6.7412e-02, -2.3769e-02, -4.5187e-02, -1.0145e-02, +1.7082e-02, -4.1629e-02, -5.0433e-03, +3.0533e-03, -4.7513e-02, -4.7805e-03, -1.1300e-01, -4.2760e-02, -1.0295e-01, -6.1512e-02, -5.5969e-02, -5.7347e-02, +1.1812e-03, -2.2413e-02, +2.9463e-01
-1.8563e-03, -7.0547e-02, -1.2949e-02, -1.0000e+00, -2.1908e-02, -1.0668e-01, -5.0836e-02, +7.2404e-02, +8.2448e-02, +6.6944e-02, -1.6738e-01, +2.3823e-02, -1.0180e-01, -5.7773e-02, -6.3992e-02, +3.1772e-02, +1.0339e-01, -7.1831e-02, -8.9615e-02, -7.0748e-02, -2.6421e-02, -6.5567e-02, +8.0921e-02, -8.3084e-02, -9.5013e-02, -1.6620e-01, -5.4769e-02, +1.9763e-02, -3.5869e-02, -3.8373e-02, -1.0415e-01, -9.8212e-02, +3.4931e-02, +4.2032e-02, +3.0588e-02, +1.7657e-03, +8.1404e-02, -1.5871e-01, -2.6534e-02, +3.6885e-02, -1.8865e-02, -2.6015e-02, +2.7764e-02, -3.0586e-02, -8.0380e-02, -4.1129e-02, -8.0925e-02, -2.2081e-02, -2.3717e-02, +8.1953e-02
+3.7481e-03, -1.2283e-01, -5.4653e-02, -2.1908e-02, -1.0000e+00, +1.7161e-02, +2.0808e-02, +8.3694e-02, -2.0284e-02, -2.0372e-02, -1.0835e-01, -1.2688e-02, -1.3331e-01, -4.2839e-02, -1.1183e-01, +9.6454e-03, +1.5464e-01, +4.3119e-02, -1.2078e-01, -8.5806e-02, +3.6380e-02, +3.6782e-02, +7.4384e-02, -7.1594e-02, +1.2673e-02, +4.1167e-02, -5.1098e-02, -2.3625e-02, -1.1172e-01, -1.5770e-01, -2.9360e-02, -8.6429e-02, -1.7647e-02, -2.5173e-02, -1.6681e-02, +6.7718e-02, -1.2913e-01, +2.2572e-02, +3.7086e-02, +2.6084e-02, -5.9284e-02, -5.3292e-02, -6.9129e-03, +4.2112e-02, -8.5104e-02, +4.1222e-02, -3.3046e-02, +2.1134e-01, +6.0117e-02, +3.0163e-02
-2.7136e-02, -1.0627e-01, -1.1505e-01, -1.0668e-01, +1.7161e-02, -1.0000e+00, -4.5263e-02, +4.3296e-02, +5.5056e-02, +3.9536e-02, -9.0505e-02, +1.0973e-02, -2.2978e-02, -1.2127e-01, -4.7148e-02, +5.3255e-02, +1.7974e-01, +3.2452e-02, -1.0211e-01, -1.2984e-03, +1.1905e-02, +8.8638e-03, +2.0058e-01, +4.9986e-02, -9.0866e-02, -1.2940e-01, -8.3378e-02, -1.7031e-02, -1.3378e-01, -1.0387e-01, -1.0433e-01, -5.7603e-02, -3.9284e-03, -5.0501e-02, -2.1878e-02, -3.3699e-02, +1.2936e-01, -8.5968e-02, -2.4236e-02, +6.1899e-02, -1.3897e-02, +3.6696e-02, +4.5110e-02, -7.8887e-02, -7.4278e-02, -4.4765e-02, -1.3650e-01, -6.3217e-02, -4.4059e-02, +8.3220e-02
+1.3530e-02, +8.8385e-02, -8.3946e-02, -5.0836e-02, +2.0808e-02, -4.5263e-02, -1.0000e+00, +7.3735e-02, +1.4532e-01, +1.5820e-02, -2.4967e-02, -1.0027e-02, -1.3466e-02, -4.8978e-03, -2.7643e-03, +9.0904e-02, +2.3548e-01, -5.8126e-02, -6.6402e-02, -1.1367e-02, +4.1725e-02, -1.5368e-02, +1.4821e-01, -1.1965e-01, +4.6298e-02, +3.0574e-02, -1.2597e-01, -1.4143e-02, -1.3121e-02, -7.2549e-02, +4.4071e-02, +2.6520e-02, +7.2029e-02, +2.3345e-02, +7.1435e-02, -6.4004e-03, +3.1175e-02, +1.1281e-02, -2.6320e-02, +5.2654e-02, -1.4555e-02, +4.7757e-02, +8.9679e-02, -3.1420e-03, -1.2146e-01, -5.7667e-02, -2.1379e-02, -2.4250e-01, +4.6277e-02, +4.7534e-02
+1.2176e-02, +6.7350e-03, +1.2067e-01, +7.2404e-02, +8.3694e-02, +4.3296e-02, +7.3735e-02, -1.0000e+00, +5.4995e-03, +2.0110e-02, -2.6491e-04, -5.0148e-02, +2.5903e-01, +1.0475e-01, +5.3990e-02, +9.4488e-02, -5.0764e-02, -7.6174e-02, +1.0009e-01, +5.0702e-02, +1.0503e-01, -3.1887e-02, -1.0902e-01, +1.1945e-01, +6.9329e-03, +1.0623e-01, +2.4232e-02, -1.2203e-02, +3.2026e-02, +9.4375e-02, -6.2980e-03, -8.8347e-02, +1.1595e-01, -1.7887e-02, -6.5222e-02, -9.2099e-02, -4.0796e-02, +1.4878e-02, +1.7869e-02, +2.3749e-02, +2.7062e-02, +1.5763e-01, +4.1377e-02, +9.6497e-02, +3.7809e-02, +1.1747e-01, +1.5497e-03, -3.7600e-02, -5.0023e-02, -6.7078e-02
-1.4871e-01, +1.6663e-02, +1.2301e-01, +8.2448e-02, -2.0284e-02, +5.5056e-02, +1.4532e-01, +5.4995e-03, -1.0000e+00, +1.5508e-02, +4.4219e-02, +3.2927e-02, +8.4682e-02, +1.5457e-01, -1.2127e-01, -6.7216e-02, -2.4363e-01, -2.4956e-02, +2.9140e-02, +2.5792e-02, -5.4944e-02, -1.3368e-02, -1.4496e-01, +9.9548e-02, -3.0816e-02, +3.8122e-02, +1.8515e-01, -4.7055e-02, +6.0783e-02, +3.5571e-02, +5.5367e-02, -4.0374e-02, -4.8752e-02, -1.9327e-02, -6.1070e-03, +2.2527e-03, -8.7085e-02, -1.2343e-02, -2.7052e-02, -7.1835e-02, +9.1495e-02, -6.6801e-02, -1.1482e-01, -2.7230e-02, +6.0690e-03, +8.3713e-02, +5.6474e-02, +3.1793e-01, -1.8428e-02, -1.0881e-01
+5.1542e-02, +7.4074e-02, +1.2866e-01, +6.6944e-02, -2.0372e-02, +3.9536e-02, +1.5820e-02, +2.0110e-02, +1.5508e-02, -1.0000e+00, -9.9394e-02, +4.3489e-02, +5.4566e-02, -6.6322e-02, +6.6373e-02, -3.5783e-02, +1.3407e-01, +5.5602e-02, -5.8858e-03, -2.6106e-02, -3.8844e-02, -3.0804e-02, -2.0114e-01, -1.1888e-01, +7.6872e-02, +6.2439e-02, -2.4632e-02, -3.5525e-02, +6.4638e-02, +3.1224e-02, -5.7966e-02, -4.7174e-03, +2.9056e-02, +4.1219e-03, -2.5220e-02, +2.2205e-02, +3.1688e-02, +8.9838e-02, +1.0007e-01, +2.1173e-02, +1.1369e-01, +5.3909e-02, -3.8495e-02, -5.6022e-02, +3.9444e-02, +6.7725e-02, +7.5170e-02, -1.5005e-02, +3.7956e-02, +2.4410e-02
+2.5332e-02, -4.0614e-02, -4.8919e-02, -1.6738e-01, -1.0835e-01, -9.0505e-02, -2.4967e-02, -2.6490e-04, +4.4219e-02, -9.9394e-02, -1.0000e+00, -2.6283e-02, -1.0516e-01, -7.1379e-02, -1.3527e-01, +6.7404e-02, +1.5520e-01, -1.0364e-01, -1.1314e-01, -7.0546e-02, -8.1666e-02, -2.0218e-02, +1.1961e-01, +8.9478e-02, +1.8855e-02, -1.1301e-01, -1.2955e-01, -9.7269e-02, -1.3479e-01, -6.5282e-02, -8.5594e-02, -6.7576e-02, -8.7233e-03, -4.4213e-03, -2.8943e-02, -2.4888e-02, +2.0725e-02, -1.2540e-01, +2.0195e-02, +2.9834e-02, -4.6442e-02, -3.3691e-02, +3.9982e-02, +2.8139e-02, -1.3194e-01, +4.6929e-02, -1.7165e-01, +1.0523e-01, +1.6037e-03, +1.6402e-01
-6.8077e-02, -1.1984e-03, -8.6907e-02, +2.3823e-02, -1.2688e-02, +1.0973e-02, -1.0027e-02, -5.0148e-02, +3.2927e-02, +4.3489e-02, -2.6283e-02, -1.0000e+00, +3.0935e-02, -6.2357e-02, +5.5672e-02, +2.1653e-02, +5.3352e-02, +2.0257e-02, -2.2426e-02, +3.9646e-02, +1.9610e-02, -1.8195e-02, +8.5886e-02, +7.3994e-04, -3.5098e-02, -5.5756e-02, -1.2718e-01, +4.5563e-02, -4.3725e-02, -5.2431e-02, -6.5612e-02, +3.3100e-02, -4.7078e-02, +6.6948e-03, +7.1186e-02, -2.2416e-02, +2.4453e-02, -2.1502e-03, +4.3346e-02, +9.1428e-03, -3.9048e-02, +1.8787e-02, -3.3463e-03, -3.5029e-02, +3.0091e-02, -2.6488e-02, -7.2382e-02, -7.3832e-02, -6.3127e-03, +1.0177e-01
-7.6511e-03, +9.1031e-03, +1.6489e-02, -1.0180e-01, -1.3331e-01, -2.2978e-02, -1.3466e-02, +2.5903e-01, +8.4682e-02, +5.4566e-02, -1.0516e-01, +3.0935e-02, -1.0000e+00, +6.7352e-03, -8.3303e-02, +2.7466e-02, +3.0202e-01, -1.4749e-02, -5.5642e-02, +2.9160e-03, -4.7128e-02, -2.5065e-02, +1.5517e-01, -1.5216e-01, -6.0078e-02, -8.6151e-02, -1.0640e-01, -2.1901e-02, -4.6352e-02, -2.1606e-02, -7.0698e-02, -3.2914e-01, -2.1951e-02, +1.7554e-02, +1.2065e-02, -6.3607e-02, -2.4728e-02, -1.0063e-01, -5.5066e-02, -4.6916e-02, -9.5063e-02, +1.0340e-02, -4.9721e-02, +3.0738e-02, -2.6617e-03, -3.7877e-02, -1.4191e-01, +5.0102e-02, +3.4389e-02, -7.9798e-02
-4.9837e-02, +1.9317e-02, -1.3009e-01, -5.7773e-02, -4.2839e-02, -1.2127e-01, -4.8978e-03, +1.0475e-01, +1.5457e-01, -6.6322e-02, -7.1379e-02, -6.2357e-02, +6.7352e-03, -1.0000e+00, +7.1602e-03, +4.6244e-02, +2.5089e-01, -2.3759e-03, +2.6418e-02, +2.5281e-02, +6.1197e-02, +2.4729e-02, +1.1234e-01, -9.4009e-02, -1.3685e-01, -1.3129e-01, -1.4505e-01, -5.1834e-02, -9.5907e-02, -1.4967e-02, -1.2089e-01, -1.4639e-02, +1.2657e-01, +2.6945e-02, +1.1470e-02, +2.5021e-02, +5.8350e-02, -8.5284e-02, +7.3412e-02, +4.1384e-03, +2.9268e-02, -5.2916e-02, +4.0675e-03, +4.7485e-02, -2.2451e-02, -1.1251e-02, -7.8249e-03, -9.4492e-02, -3.2868e-02, +2.9343e-02
-9.3329e-02, -6.1828e-02, +4.3580e-02, -6.3992e-02, -1.1183e-01, -4.7148e-02, -2.7643e-03, +5.3990e-02, -1.2127e-01, +6.6373e-02, -1.3527e-01, +5.5672e-02, -8.3303e-02, +7.1602e-03, -1.0000e+00, +1.9257e-02, +5.1721e-03, -3.7215e-02, -1.6129e-01, -6.4824e-02, -5.2907e-02, +3.8857e-03, +3.1693e-02, -4.0912e-02, +5.7707e-02, +9.5556e-02, -2.3561e-02, -1.4956e-01, -7.8135e-02, -6.0048e-02, -4.5969e-02, -1.0114e-01, -1.4236e-02, -3.5283e-02, +1.1922e-02, -9.5106e-03, +3.2034e-02, -1.3795e-02, -1.2189e-01, +4.9640e-03, -2.2441e-02, -5.3257e-02, -6.9360e-02, -2.3220e-02, -8.7286e-02, -4.5620e-03, -3.4226e-02, +3.2154e-01, -4.9617e-02, +2.5956e-02
-3.8632e-02, +6.2000e-02, -2.0929e-02, +3.1772e-02, +9.6454e-03, +5.3255e-02, +9.0904e-02, +9.4488e-02, -6.7216e-02, -3.5783e-02, +6.7404e-02, +2.1653e-02, +2.7466e-02, +4.6244e-02, +1.9257e-02, -1.0000e+00, +1.2669e-02, -2.5495e-02, +1.3908e-01, +7.2972e-02, +2.1828e-02, +2.4770e-03, -2.4995e-02, +1.8725e-03, +2.8241e-02, +7.8240e-02, +4.1455e-02, -1.9727e-02, -1.6192e-02, +2.0483e-02, -6.7714e-02, -3.9017e-02, -1.2135e-01, +5.9139e-02, -5.9774e-02, +1.9851e-01, -1.0621e-01, +4.8628e-02, -6.1796e-02, -4.2236e-02, -3.3476e-02, +1.5269e-02, +3.9347e-02, +3.8696e-02, -4.4510e-02, -2.7848e-02, +5.4365e-02, +1.9785e-01, -3.8307e-03, +5.0692e-02
+7.1163e-02, -7.2698e-02, +1.1830e-01, +1.0339e-01, +1.5464e-01, +1.7974e-01, +2.3548e-01, -5.0764e-02, -2.4363e-01, +1.3407e-01, +1.5520e-01, +5.3352e-02, +3.0202e-01, +2.5089e-01, +5.1721e-03, +1.2669e-02, -1.0000e+00, -2.0370e-03, +2.0069e-01, -1.1917e-01, -1.5481e-01, -3.0354e-02, -3.2110e-01, +2.1523e-01, +1.5913e-01, +6.1133e-02, +3.2835e-01, +8.1742e-02, +3.0823e-01, +2.0540e-02, +3.2672e-01, -6.8944e-02, -3.1707e-02, +1.4841e-02, -5.5062e-02, -4.8801e-02, +8.5703e-02, +5.8405e-02, +8.7513e-02, -8.1002e-02, +6.8121e-02, -1.2535e-01, -5.3454e-02, -2.5238e-01, +2.0198e-01, +7.4603e-02, +2.5688e-01, -1.0580e-01, -5.2221e-02, -2.1667e-02
-4.9508e-02, -7.0044e-02, -2.1226e-02, -7.1831e-02, +4.3119e-02, +3.2452e-02, -5.8126e-02, -7.6174e-02, -2.4956e-02, +5.5602e-02, -1.0364e-01, +2.0257e-02, -1.4749e-02, -2.3759e-03, -3.7215e-02, -2.5495e-02, -2.0370e-03, -1.0000e+00, +1.9731e-03, -4.5609e-02, -5.2265e-02, -4.2824e-02, +8.0152e-02, +1.0156e-01, -6.9204e-02, +2.2750e-02, +9.9100e-03, -1.1623e-01, -8.8793e-03, -1.6380e-02, +1.3533e-02, -7.0399e-02, -1.7905e-03, +2.3958e-02, +1.2824e-02, +2.5436e-03, -6.6324e-03, -4.7375e-02, -2.5752e-02, +3.9859e-02, +3.8260e-02, +6.5147e-02, -3.9736e-03, +2.3815e-03, -1.5244e-02, +1.1233e-01, +1.6580e-02, +7.7522e-02, -6.0229e-03, +3.4570e-02
+3.7547e-02, -5.9594e-02, -6.5386e-02, -8.9615e-02, -1.2078e-01, -1.0211e-01, -6.6402e-02, +1.0009e-01, +2.9140e-02, -5.8858e-03, -1.1314e-01, -2.2426e-02, -5.5642e-02, +2.6418e-02, -1.6129e-01, +1.3908e-01, +2.0069e-01, +1.9731e-03, -1.0000e+00, -6.3023e-02, +1.1101e-01, -7.4363e-03, +1.3036e-01, -1.2633e-01, -3.1153e-02, -5.8801e-02, -4.9879e-02, -6.2337e-03, -7.9755e-02, -7.4317e-02, -3.4613e-02, -2.1246e-02, -5.6561e-03, -2.0632e-02, +3.9930e-02, -3.7783e-03, +7.0160e-02, -2.3180e-02, -7.1816e-02, +5.0769e-02, -2.7715e-02, +1.9775e-02, +3.4850e-02, +6.2212e-02, -2.4112e-02, -8.1336e-02, -1.8155e-01, +7.0593e-02, +1.1527e-02, -8.4007e-03
+7.9577e-02, -1.0644e-01, -1.6426e-01, -7.0748e-02, -8.5806e-02, -1.2984e-03, -1.1367e-02, +5.0702e-02, +2.5792e-02, -2.6106e-02, -7.0546e-02, +3.9646e-02, +2.9160e-03, +2.5281e-02, -6.4824e-02, +7.2972e-02, -1.1917e-01, -4.5609e-02, -6.3023e-02, -1.0000e+00, -2.5237e-02, -1.9076e-01, -5.1133e-02, -2.6455e-02, -6.5819e-02, -1.0136e-01, -4.1353e-02, -5.6929e-02, -2.0190e-02, -6.5034e-02, +7.1067e-02, -9.1347e-02, -1.5087e-01, +4.9699e-02, +5.1182e-02, -3.5039e-02, +1.1555e-01, -3.5435e-02, -8.2668e-03, -2.0271e-02, -1.1401e-01, -2.2518e-02, -8.5716e-02, -7.9814e-02, -4.5392e-02, +3.4635e-02, -1.0612e-01, -5.7713e-02, +2.3533e-02, +1.0344e-01
+8.8328e-02, +1.2623e-03, -1.3937e-01, -2.6421e-02, +3.6380e-02, +1.1905e-02, +4.1725e-02, +1.0503e-01, -5.4944e-02, -3.8844e-02, -8.1666e-02, +1.9610e-02, -4.7128e-02, +6.1197e-02, -5.2907e-02, +2.1828e-02, -1.5481e-01, -5.2265e-02, +1.1101e-01, -2.5237e-02, -1.0000e+00, -2.0606e-02, -2.9831e-02, +9.4006e-02, +7.1311e-03, -3.5301e-02, +2.7661e-02, -8.9006e-02, -2.3927e-02, -2.1177e-02, -5.7338e-03, -7.0137e-02, -3.8775e-02, -1.6931e-02, -3.7063e-02, +6.9079e-04, +7.7817e-02, -9.6215e-02, +8.7656e-02, -5.1403e-02, -1.6748e-02, -2.5321e-02, -7.9271e-02, -2.5276e-01, -4.9439e-02, -1.5364e-02, -1.4909e-02, +1.2236e-01, -2.1491e-02, +3.6509e-02
+7.0823e-02, +1.5763e-02, -8.4889e-02, -6.5567e-02, +3.6782e-02, +8.8638e-03, -1.5368e-02, -3.1887e-02, -1.3368e-02, -3.0804e-02, -2.0218e-02, -1.8195e-02, -2.5065e-02, +2.4729e-02, +3.8857e-03, +2.4770e-03, -3.0354e-02, -4.2824e-02, -7.4363e-03, -1.9076e-01, -2.0606e-02, -1.0000e+00, +1.1233e-02, -2.8890e-02, -5.2137e-02, -1.0670e-01, -1.8811e-02, -4.0153e-03, +4.0861e-02, -4.1965e-03, +3.7152e-02, -1.1665e-01, -2.1432e-04, -3.7429e-02, +4.0872e-02, -2.2496e-02, +3.2302e-02, -4.5083e-02, +4.4617e-02, +1.3050e-03, +3.8790e-02, +2.5511e-03, +2.7354e-02, -1.7870e-02, -5.6122e-02, -1.0760e-02, -7.4106e-03, -9.3524e-02, +8.1072e-02, +6.1827e-02
+8.4887e-04, +4.7801e-02, +3.2822e-02, +8.0921e-02, +7.4384e-02, +2.0058e-01, +1.4821e-01, -1.0902e-01, -1.4496e-01, -2.0114e-01, +1.1961e-01, +8.5886e-02, +1.5517e-01, +1.1234e-01, +3.1693e-02, -2.4995e-02, -3.2110e-01, +8.0152e-02, +1.3036e-01, -5.1133e-02, -2.9831e-02, +1.1233e-02, -1.0000e+00, +6.7846e-02, +7.8087e-02, +4.1364e-02, +1.9552e-01, +9.4764e-02, +2.0424e-01, +6.5201e-02, +8.7668e-02, -6.0485e-02, +1.2620e-02, +6.5481e-02, -4.0424e-02, -4.4552e-02, -5.5838e-02, +2.9191e-02, -8.6881e-03, -6.4372e-02, +7.6033e-02, -6.2430e-02, -1.1802e-01, -8.4973e-02, +1.2269e-01, -1.2615e-02, +1.1252e-01, +6.7579e-02, -1.4891e-02, +1.1982e-02
-2.7525e-02, +9.5955e-02, -1.7322e-02, -8.3084e-02, -7.1594e-02, +4.9986e-02, -1.1965e-01, +1.1945e-01, +9.9548e-02, -1.1888e-01, +8.9478e-02, +7.3993e-04, -1.5216e-01, -9.4009e-02, -4.0912e-02, +1.8726e-03, +2.1523e-01, +1.0156e-01, -1.2633e-01, -2.6455e-02, +9.4006e-02, -2.8890e-02, +6.7846e-02, -1.0000e+00, +8.7274e-03, -1.1560e-01, -1.3744e-01, +3.2936e-02, +4.3324e-02, -3.7548e-02, -9.3491e-02, -6.6412e-02, +6.1319e-04, +2.5417e-02, -4.0139e-02, +7.1614e-02, +2.0585e-02, +4.6946e-02, -3.2118e-02, +7.1882e-02, +9.2892e-03, +3.9918e-03, +1.7847e-02, +5.6361e-02, -5.6254e-02, -5.9749e-02, -5.1680e-02, +3.0846e-02, +2.9897e-02, -5.2088e-02
+5.9752e-02, -9.2858e-02, -1.9167e-01, -9.5013e-02, +1.2673e-02, -9.0866e-02, +4.6298e-02, +6.9329e-03, -3.0816e-02, +7.6872e-02, +1.8855e-02, -3.5098e-02, -6.0078e-02, -1.3685e-01, +5.7707e-02, +2.8241e-02, +1.5913e-01, -6.9204e-02, -3.1153e-02, -6.5819e-02, +7.1311e-03, -5.2137e-02, +7.8087e-02, +8.7274e-03, -1.0000e+00, -3.5516e-02, -9.7905e-02, -3.4952e-02, -4.6259e-02, +3.4146e-02, -3.9519e-02, +2.7658e-02, -2.8408e-02, +2.0150e-02, -6.0864e-02, +1.7361e-02, +4.0186e-02, -7.9906e-02, -3.6485e-02, +2.7412e-02, -9.9866e-03, +4.1603e-02, +1.5544e-02, -3.2166e-02, -4.2845e-02, -9.6243e-03, -9.3586e-02, -5.3398e-02, +5.6447e-02, +2.9465e-02
+4.3914e-02, -1.0984e-01, -8.8463e-02, -1.6620e-01, +4.1167e-02, -1.2940e-01, +3.0574e-02, +1.0623e-01, +3.8122e-02, +6.2439e-02, -1.1301e-01, -5.5756e-02, -8.6151e-02, -1.3129e-01, +9.5556e-02, +7.8240e-02, +6.1133e-02, +2.2750e-02, -5.8801e-02, -1.0136e-01, -3.5301e-02, -1.0670e-01, +4.1364e-02, -1.1560e-01, -3.5516e-02, -1.0000e+00, -4.5377e-02, +2.0044e-02, -3.5812e-02, -5.9413e-02, -2.5748e-02, -1.1004e-01, +4.2856e-03, +3.4115e-05, +6.0480e-02, -7.6268e-03, +4.5190e-02, -5.9108e-02, +1.5571e-01, +4.6471e-02, +2.8146e-03, +1.6530e-02, +7.1966e-02, -5.1240e-02, -1.1720e-01, +1.5666e-02, -1.7948e-01, -3.5515e-02, +1.9076e-02, +7.5575e-02
+3.2213e-02, +4.1417e-02, -1.3090e-01, -5.4769e-02, -5.1098e-02, -8.3378e-02, -1.2597e-01, +2.4232e-02, +1.8515e-01, -2.4632e-02, -1.2955e-01, -1.2718e-01, -1.0640e-01, -1.4505e-01, -2.3561e-02, +4.1455e-02, +3.2835e-01, +9.9100e-03, -4.9879e-02, -4.1353e-02, +2.7661e-02, -1.8811e-02, +1.9552e-01, -1.3744e-01, -9.7905e-02, -4.5377e-02, -1.0000e+00, -8.4602e-02, -1.4974e-01, -7.3704e-02, -1.2961e-01, -6.4928e-02, -2.2353e-03, -5.3454e-02, +7.8865e-03, -7.1001e-02, +3.9252e-02, +6.3512e-02, +1.4587e-02, +9.3323e-02, -9.8446e-02, +1.2316e-02, +9.2704e-02, +1.0620e-01, -1.3497e-01, -6.7352e-02, -1.1303e-01, -1.2475e-01, -7.7236e-04, +1.8348e-02
-3.1408e-02, +5.6330e-03, -5.4768e-02, +1.9763e-02, -2.3625e-02, -1.7031e-02, -1.4143e-02, -1.2203e-02, -4.7055e-02, -3.5525e-02, -9.7269e-02, +4.5563e-02, -2.1901e-02, -5.1834e-02, -1.4956e-01, -1.9727e-02, +8.1742e-02, -1.1623e-01, -6.2338e-03, -5.6929e-02, -8.9006e-02, -4.0153e-03, +9.4764e-02, +3.2936e-02, -3.4952e-02, +2.0045e-02, -8.4602e-02, -1.0000e+00, -1.0968e-01, +4.0678e-02, -6.1487e-02, -9.4232e-02, -4.1225e-02, -3.3172e-02, -1.0286e-02, +7.6396e-02, +1.1085e-02, -6.9478e-02, -2.4887e-02, -2.7107e-02, -2.4004e-02, -7.1671e-02, +1.0761e-02, +1.3104e-03, -6.0945e-02, +3.5395e-02, -1.9044e-02, +1.8410e-01, +3.6450e-02, -3.9190e-02
-1.9450e-02, -2.3993e-03, -5.2160e-02, -3.5869e-02, -1.1172e-01, -1.3378e-01, -1.3121e-02, +3.2026e-02, +6.0783e-02, +6.4638e-02, -1.3479e-01, -4.3725e-02, -4.6352e-02, -9.5907e-02, -7.8135e-02, -1.6192e-02, +3.0823e-01, -8.8793e-03, -7.9755e-02, -2.0190e-02, -2.3927e-02, +4.0861e-02, +2.0424e-01, +4.3324e-02, -4.6259e-02, -3.5812e-02, -1.4974e-01, -1.0968e-01, -1.0000e+00, -3.2038e-02, -1.8271e-01, +6.9600e-03, -8.6776e-02, -3.9977e-02, +3.0542e-02, -5.5462e-02, +6.8758e-02, -1.8874e-02, -5.8066e-02, -3.3576e-03, -8.3167e-02, -9.7731e-03, +9.9531e-02, +2.7839e-02, -1.5635e-01, -1.3209e-02, -1.0266e-01, +1.3589e-01, -2.9596e-02, +3.2926e-02
-2.9287e-02, -1.4464e-02, -2.3802e-02, -3.8373e-02, -1.5770e-01, -1.0387e-01, -7.2549e-02, +9.4375e-02, +3.5571e-02, +3.1224e-02, -6.5282e-02, -5.2431e-02, -2.1606e-02, -1.4967e-02, -6.0048e-02, +2.0483e-02, +2.0540e-02, -1.6380e-02, -7.4317e-02, -6.5034e-02, -2.1177e-02, -4.1965e-03, +6.5201e-02, -3.7548e-02, +3.4146e-02, -5.9413e-02, -7.3704e-02, +4.0678e-02, -3.2038e-02, -1.0000e+00, +6.1911e-03, -6.8181e-02, -6.2562e-02, +3.9972e-03, -8.3966e-03, -2.7279e-02, +9.1791e-03, +7.3783e-02, +4.7782e-02, +3.8082e-02, +8.3171e-03, -5.5813e-02, +4.8053e-03, +4.7067e-02, -1.5595e-01, +9.8221e-03, -1.5701e-02, +5.7406e-02, +4.8904e-02, -3.8389e-02
-1.0378e-02, +1.8988e-02, -5.6487e-03, -1.0415e-01, -2.9360e-02, -1.0433e-01, +4.4071e-02, -6.2980e-03, +5.5367e-02, -5.7966e-02, -8.5594e-02, -6.5612e-02, -7.0698e-02, -1.2089e-01, -4.5969e-02, -6.7714e-02, +3.2672e-01, +1.3533e-02, -3.4613e-02, +7.1067e-02, -5.7338e-03, +3.7152e-02, +8.7668e-02, -9.3491e-02, -3.9519e-02, -2.5748e-02, -1.2961e-01, -6.1487e-02, -1.8271e-01, +6.1911e-03, -1.0000e+00, -4.1846e-02, -4.8671e-02, +3.0320e-02, +1.5685e-02, +3.9264e-02, -3.7596e-02, -1.3038e-01, -4.8542e-02, +9.0641e-03, -8.5493e-02, -2.1538e-02, -5.2830e-02, -3.4681e-02, -1.4744e-01, +2.8243e-03, -1.1892e-01, +2.4749e-01, +1.1874e-02, +2.0561e-04
+5.3452e-03, -1.0644e-01, -6.7412e-02, -9.8212e-02, -8.6429e-02, -5.7603e-02, +2.6520e-02, -8.8347e-02, -4.0374e-02, -4.7174e-03, -6.7576e-02, +3.3100e-02, -3.2914e-01, -1.4639e-02, -1.0114e-01, -3.9017e-02, -6.8944e-02, -7.0399e-02, -2.1246e-02, -9.1347e-02, -7.0137e-02, -1.1665e-01, -6.0485e-02, -6.6412e-02, +2.7658e-02, -1.1004e-01, -6.4928e-02, -9.4232e-02, +6.9600e-03, -6.8181e-02, -4.1846e-02, -1.0000e+00, +6.6370e-02, -2.8550e-03, -8.6034e-02, -1.1202e-01, +7.5341e-02, -9.4380e-02, -7.9235e-03, -1.5578e-02, -5.3362e-02, -1.7844e-01, -6.9910e-02, -9.0008e-02, -2.3711e-01, -3.5913e-02, -7.5514e-02, +8.2162e-02, +1.1743e-02, -1.5501e-02
+2.2072e-02, -3.4611e-02, -2.3769e-02, +3.4931e-02, -1.7647e-02, -3.9284e-03, +7.2029e-02, +1.1595e-01, -4.8752e-02, +2.9056e-02, -8.7233e-03, -4.7078e-02, -2.1951e-02, +1.2657e-01, -1.4236e-02, -1.2135e-01, -3.1707e-02, -1.7905e-03, -5.6561e-03, -1.5087e-01, -3.8775e-02, -2.1432e-04, +1.2620e-02, +6.1318e-04, -2.8408e-02, +4.2856e-03, -2.2353e-03, -4.1225e-02, -8.6776e-02, -6.2562e-02, -4.8671e-02, +6.6370e-02, -1.0000e+00, +7.7867e-02, +3.0980e-02, +6.2563e-02, -3.4856e-03, -7.9444e-03, -4.5440e-02, -8.5423e-02, -3.6982e-02, -5.0289e-03, -5.6584e-02, +2.0863e-02, -2.7131e-02, -6.0898e-03, -1.5003e-01, +2.0660e-01, -8.0774e-05, +1.0655e-02
-7.6140e-02, -4.2919e-04, -4.5187e-02, +4.2032e-02, -2.5173e-02, -5.0501e-02, +2.3345e-02, -1.7887e-02, -1.9327e-02, +4.1219e-03, -4.4213e-03, +6.6948e-03, +1.7554e-02, +2.6945e-02, -3.5283e-02, +5.9139e-02, +1.4841e-02, +2.3958e-02, -2.0632e-02, +4.9699e-02, -1.6931e-02, -3.7429e-02, +6.5481e-02, +2.5417e-02, +2.0150e-02, +3.4111e-05, -5.3454e-02, -3.3172e-02, -3.9977e-02, +3.9972e-03, +3.0320e-02, -2.8550e-03, +7.7867e-02, -1.0000e+00, +2.1575e-02, -3.0179e-02, +4.0685e-03, +1.0856e-02, -2.0580e-02, -1.2929e-02, -1.4870e-02, -7.3752e-03, +3.2683e-02, -2.8935e-02, -2.4480e-02, +2.5441e-02, -4.3694e-02, -4.3559e-02, -1.1829e-02, +4.8360e-02
+1.6013e-03, -7.4461e-03, -1.0145e-02, +3.0588e-02, -1.6681e-02, -2.1878e-02, +7.1435e-02, -6.5222e-02, -6.1070e-03, -2.5220e-02, -2.8943e-02, +7.1186e-02, +1.2065e-02, +1.1470e-02, +1.1922e-02, -5.9774e-02, -5.5062e-02, +1.2824e-02, +3.9930e-02, +5.1182e-02, -3.7063e-02, +4.0872e-02, -4.0424e-02, -4.0139e-02, -6.0864e-02, +6.0480e-02, +7.8865e-03, -1.0286e-02, +3.0542e-02, -8.3966e-03, +1.5685e-02, -8.6034e-02, +3.0980e-02, +2.1575e-02, -1.0000e+00, -1.8693e-02, -6.6926e-02, -6.1598e-03, -1.5207e-02, -4.5420e-02, -1.8806e-02, -5.0147e-02, +4.5424e-03, +2.3519e-02, +6.7291e-02, +1.7521e-02, -1.5457e-02, +4.1282e-02, -9.8587e-03, +5.5070e-02
+8.1656e-02, -4.6958e-03, +1.7082e-02, +1.7657e-03, +6.7718e-02, -3.3699e-02, -6.4004e-03, -9.2099e-02, +2.2527e-03, +2.2205e-02, -2.4888e-02, -2.2416e-02, -6.3607e-02, +2.5021e-02, -9.5106e-03, +1.9851e-01, -4.8801e-02, +2.5436e-03, -3.7783e-03, -3.5039e-02, +6.9078e-04, -2.2496e-02, -4.4552e-02, +7.1614e-02, +1.7361e-02, -7.6269e-03, -7.1001e-02, +7.6396e-02, -5.5462e-02, -2.7279e-02, +3.9264e-02, -1.1202e-01, +6.2563e-02, -3.0179e-02, -1.8693e-02, -1.0000e+00, +6.2602e-02, +2.4109e-02, -1.3597e-02, +6.6590e-02, -6.2953e-02, +1.8719e-01, +3.1965e-02, +1.6830e-02, -7.7874e-02, -5.1285e-02, -7.5255e-03, -1.2144e-01, +2.3106e-02, +2.7104e-03
-4.5812e-02, +4.1542e-02, -4.1629e-02, +8.1403e-02, -1.2913e-01, +1.2936e-01, +3.1175e-02, -4.0796e-02, -8.7085e-02, +3.1688e-02, +2.0725e-02, +2.4453e-02, -2.4728e-02, +5.8350e-02, +3.2034e-02, -1.0621e-01, +8.5703e-02, -6.6324e-03, +7.0160e-02, +1.1555e-01, +7.7817e-02, +3.2302e-02, -5.5838e-02, +2.0585e-02, +4.0186e-02, +4.5190e-02, +3.9252e-02, +1.1085e-02, +6.8758e-02, +9.1791e-03, -3.7596e-02, +7.5341e-02, -3.4856e-03, +4.0685e-03, -6.6926e-02, +6.2602e-02, -1.0000e+00, +1.8478e-03, +2.6972e-02, +2.5101e-02, +2.0278e-02, -6.3908e-02, -4.7163e-02, +1.1774e-01, +1.1034e-03, +7.2857e-02, +2.6289e-05, +2.3986e-01, +1.2324e-02, -1.0366e-01
+8.9912e-03, -5.8228e-02, -5.0433e-03, -1.5871e-01, +2.2572e-02, -8.5968e-02, +1.1281e-02, +1.4878e-02, -1.2343e-02, +8.9838e-02, -1.2540e-01, -2.1502e-03, -1.0063e-01, -8.5284e-02, -1.3795e-02, +4.8628e-02, +5.8405e-02, -4.7375e-02, -2.3180e-02, -3.5435e-02, -9.6215e-02, -4.5083e-02, +2.9191e-02, +4.6946e-02, -7.9906e-02, -5.9108e-02, +6.3512e-02, -6.9478e-02, -1.8874e-02, +7.3783e-02, -1.3038e-01, -9.4380e-02, -7.9444e-03, +1.0856e-02, -6.1598e-03, +2.4109e-02, +1.8478e-03, -1.0000e+00, +1.2346e-03, -2.4451e-02, -2.3634e-02, -2.1452e-02, -3.5013e-02, -1.2028e-01, -2.9705e-02, +1.3280e-01, -1.4516e-01, +1.5595e-01, -1.0693e-02, +8.8623e-02
-6.3941e-02, -1.6699e-02, +3.0533e-03, -2.6534e-02, +3.7086e-02, -2.4236e-02, -2.6320e-02, +1.7869e-02, -2.7052e-02, +1.0007e-01, +2.0195e-02, +4.3346e-02, -5.5066e-02, +7.3412e-02, -1.2189e-01, -6.1796e-02, +8.7513e-02, -2.5752e-02, -7.1816e-02, -8.2668e-03, +8.7656e-02, +4.4617e-02, -8.6881e-03, -3.2118e-02, -3.6485e-02, +1.5571e-01, +1.4587e-02, -2.4887e-02, -5.8066e-02, +4.7782e-02, -4.8542e-02, -7.9235e-03, -4.5440e-02, -2.0580e-02, -1.5207e-02, -1.3597e-02, +2.6972e-02, +1.2346e-03, -1.0000e+00, +2.6869e-02, +3.5928e-02, -6.4758e-02, +1.4491e-02, +8.5069e-02, +4.5986e-04, -1.1429e-02, -6.9598e-02, +9.2764e-02, +4.3695e-02, +3.0518e-02
-4.9352e-02, -4.1087e-03, -4.7513e-02, +3.6885e-02, +2.6084e-02, +6.1899e-02, +5.2654e-02, +2.3749e-02, -7.1835e-02, +2.1173e-02, +2.9834e-02, +9.1428e-03, -4.6916e-02, +4.1384e-03, +4.9640e-03, -4.2236e-02, -8.1002e-02, +3.9859e-02, +5.0769e-02, -2.0271e-02, -5.1403e-02, +1.3050e-03, -6.4372e-02, +7.1882e-02, +2.7412e-02, +4.6471e-02, +9.3323e-02, -2.7107e-02, -3.3576e-03, +3.8082e-02, +9.0641e-03, -1.5578e-02, -8.5423e-02, -1.2929e-02, -4.5420e-02, +6.6590e-02, +2.5101e-02, -2.4451e-02, +2.6869e-02, -1.0000e+00, +6.2394e-03, -3.6127e-02, -6.6813e-02, -3.8969e-02, +5.9182e-02, -1.1096e-02, +7.2725e-03, +8.2156e-02, +2.6890e-02, +6.3202e-02
-2.5821e-02, -9.0697e-02, -4.7805e-03, -1.8865e-02, -5.9284e-02, -1.3897e-02, -1.4555e-02, +2.7062e-02, +9.1495e-02, +1.1369e-01, -4.6442e-02, -3.9048e-02, -9.5063e-02, +2.9268e-02, -2.2441e-02, -3.3476e-02, +6.8121e-02, +3.8260e-02, -2.7715e-02, -1.1401e-01, -1.6748e-02, +3.8790e-02, +7.6033e-02, +9.2892e-03, -9.9866e-03, +2.8146e-03, -9.8446e-02, -2.4004e-02, -8.3167e-02, +8.3171e-03, -8.5493e-02, -5.3362e-02, -3.6982e-02, -1.4870e-02, -1.8806e-02, -6.2953e-02, +2.0278e-02, -2.3634e-02, +3.5928e-02, +6.2394e-03, -1.0000e+00, -2.6867e-02, -3.9096e-02, +4.8163e-02, -8.4441e-02, -5.1301e-02, -5.6806e-02, +3.7204e-02, -1.6129e-02, +4.8458e-02
-1.7026e-02, -1.7266e-02, -1.1300e-01, -2.6015e-02, -5.3292e-02, +3.6696e-02, +4.7757e-02, +1.5763e-01, -6.6801e-02, +5.3909e-02, -3.3691e-02, +1.8787e-02, +1.0340e-02, -5.2916e-02, -5.3257e-02, +1.5269e-02, -1.2535e-01, +6.5147e-02, +1.9775e-02, -2.2518e-02, -2.5321e-02, +2.5511e-03, -6.2430e-02, +3.9918e-03, +4.1603e-02, +1.6530e-02, +1.2316e-02, -7.1671e-02, -9.7731e-03, -5.5813e-02, -2.1538e-02, -1.7844e-01, -5.0289e-03, -7.3752e-03, -5.0147e-02, +1.8719e-01, -6.3908e-02, -2.1452e-02, -6.4758e-02, -3.6127e-02, -2.6867e-02, -1.0000e+00, -3.0347e-02, +5.3229e-02, -6.7499e-02, -1.3337e-02, -9.8235e-02, +8.4472e-02, +1.0925e-02, +1.3945e-01
-4.9515e-02, +1.3658e-02, -4.2760e-02, +2.7764e-02, -6.9129e-03, +4.5110e-02, +8.9679e-02, +4.1377e-02, -1.1482e-01, -3.8495e-02, +3.9982e-02, -3.3463e-03, -4.9721e-02, +4.0675e-03, -6.9360e-02, +3.9347e-02, -5.3454e-02, -3.9736e-03, +3.4850e-02, -8.5716e-02, -7.9271e-02, +2.7354e-02, -1.1802e-01, +1.7847e-02, +1.5544e-02, +7.1966e-02, +9.2704e-02, +1.0761e-02, +9.9531e-02, +4.8053e-03, -5.2830e-02, -6.9910e-02, -5.6584e-02, +3.2683e-02, +4.5424e-03, +3.1965e-02, -4.7163e-02, -3.5013e-02, +1.4491e-02, -6.6813e-02, -3.9096e-02, -3.0347e-02, -1.0000e+00, -2.9466e-02, +1.4555e-02, -6.9648e-02, +2.9836e-02, +1.2980e-01, -1.2407e-02, +1.0227e-01
+7.8210e-02, -1.0183e-02, -1.0295e-01, -3.0586e-02, +4.2112e-02, -7.8887e-02, -3.1420e-03, +9.6497e-02, -2.7230e-02, -5.6022e-02, +2.8139e-02, -3.5029e-02, +3.0738e-02, +4.7485e-02, -2.3220e-02, +3.8696e-02, -2.5238e-01, +2.3815e-03, +6.2212e-02, -7.9814e-02, -2.5276e-01, -1.7870e-02, -8.4973e-02, +5.6361e-02, -3.2166e-02, -5.1240e-02, +1.0620e-01, +1.3104e-03, +2.7839e-02, +4.7067e-02, -3.4681e-02, -9.0008e-02, +2.0863e-02, -2.8935e-02, +2.3519e-02, +1.6830e-02, +1.1774e-01, -1.2028e-01, +8.5069e-02, -3.8969e-02, +4.8163e-02, +5.3229e-02, -2.9466e-02, -1.0000e+00, -8.8572e-02, +2.1476e-02, +4.5906e-02, -4.7528e-02, -4.9026e-02, +7.6522e-02
-4.4990e-02, +2.3728e-02, -6.1512e-02, -8.0380e-02, -8.5104e-02, -7.4278e-02, -1.2146e-01, +3.7809e-02, +6.0690e-03, +3.9444e-02, -1.3194e-01, +3.0091e-02, -2.6617e-03, -2.2451e-02, -8.7286e-02, -4.4510e-02, +2.0198e-01, -1.5244e-02, -2.4112e-02, -4.5392e-02, -4.9439e-02, -5.6122e-02, +1.2269e-01, -5.6254e-02, -4.2845e-02, -1.1720e-01, -1.3497e-01, -6.0945e-02, -1.5635e-01, -1.5595e-01, -1.4744e-01, -2.3711e-01, -2.7131e-02, -2.4480e-02, +6.7291e-02, -7.7874e-02, +1.1034e-03, -2.9705e-02, +4.5986e-04, +5.9182e-02, -8.4441e-02, -6.7499e-02, +1.4555e-02, -8.8572e-02, -1.0000e+00, -4.8244e-02, -4.6776e-02, +1.2455e-01, +2.7014e-02, +1.7076e-02
-1.0634e-01, +2.8934e-02, -5.5969e-02, -4.1129e-02, +4.1222e-02, -4.4765e-02, -5.7667e-02, +1.1747e-01, +8.3713e-02, +6.7725e-02, +4.6929e-02, -2.6488e-02, -3.7877e-02, -1.1251e-02, -4.5620e-03, -2.7848e-02, +7.4603e-02, +1.1233e-01, -8.1336e-02, +3.4635e-02, -1.5364e-02, -1.0760e-02, -1.2615e-02, -5.9749e-02, -9.6243e-03, +1.5666e-02, -6.7352e-02, +3.5395e-02, -1.3209e-02, +9.8221e-03, +2.8243e-03, -3.5913e-02, -6.0898e-03, +2.5441e-02, +1.7521e-02, -5.1285e-02, +7.2857e-02, +1.3280e-01, -1.1429e-02, -1.1096e-02, -5.1301e-02, -1.3337e-02, -6.9648e-02, +2.1476e-02, -4.8244e-02, -1.0000e+00, -5.6169e-02, -4.0452e-02, -1.3694e-02, +5.3967e-02
-6.3542e-02, -8.1233e-02, -5.7347e-02, -8.0925e-02, -3.3046e-02, -1.3650e-01, -2.1379e-02, +1.5497e-03, +5.6474e-02, +7.5170e-02, -1.7165e-01, -7.2382e-02, -1.4191e-01, -7.8248e-03, -3.4226e-02, +5.4365e-02, +2.5688e-01, +1.6580e-02, -1.8155e-01, -1.0612e-01, -1.4909e-02, -7.4106e-03, +1.1252e-01, -5.1680e-02, -9.3586e-02, -1.7948e-01, -1.1303e-01, -1.9044e-02, -1.0266e-01, -1.5701e-02, -1.1892e-01, -7.5514e-02, -1.5003e-01, -4.3694e-02, -1.5457e-02, -7.5255e-03, +2.6287e-05, -1.4516e-01, -6.9598e-02, +7.2725e-03, -5.6806e-02, -9.8235e-02, +2.9836e-02, +4.5906e-02, -4.6776e-02, -5.6169e-02, -1.0000e+00, +1.7534e-01, +1.5885e-02, -5.4366e-02
+3.1059e-01, +6.4706e-02, +1.1812e-03, -2.2081e-02, +2.1134e-01, -6.3217e-02, -2.4250e-01, -3.7600e-02, +3.1793e-01, -1.5005e-02, +1.0523e-01, -7.3832e-02, +5.0102e-02, -9.4492e-02, +3.2154e-01, +1.9785e-01, -1.0580e-01, +7.7522e-02, +7.0593e-02, -5.7713e-02, +1.2236e-01, -9.3524e-02, +6.7579e-02, +3.0846e-02, -5.3398e-02, -3.5515e-02, -1.2475e-01, +1.8410e-01, +1.3589e-01, +5.7406e-02, +2.4749e-01, +8.2162e-02, +2.0660e-01, -4.3559e-02, +4.1282e-02, -1.2144e-01, +2.3986e-01, +1.5595e-01, +9.2764e-02, +8.2156e-02, +3.7204e-02, +8.4472e-02, +1.2980e-01, -4.7528e-02, +1.2455e-01, -4.0452e-02, +1.7534e-01, -1.0000e+00, -2.2709e-02, +1.9535e-01
-7.7111e-04, -6.4881e-02, -2.2413e-02, -2.3717e-02, +6.0117e-02, -4.4059e-02, +4.6277e-02, -5.0023e-02, -1.8428e-02, +3.7956e-02, +1.6037e-03, -6.3127e-03, +3.4389e-02, -3.2868e-02, -4.9617e-02, -3.8308e-03, -5.2221e-02, -6.0229e-03, +1.1527e-02, +2.3533e-02, -2.1491e-02, +8.1072e-02, -1.4891e-02, +2.9897e-02, +5.6447e-02, +1.9076e-02, -7.7236e-04, +3.6450e-02, -2.9596e-02, +4.8904e-02, +1.1874e-02, +1.1743e-02, -8.0770e-05, -1.1829e-02, -9.8587e-03, +2.3106e-02, +1.2324e-02, -1.0693e-02, +4.3695e-02, +2.6890e-02, -1.6129e-02, +1.0925e-02, -1.2407e-02, -4.9026e-02, +2.7014e-02, -1.3694e-02, +1.5885e-02, -2.2709e-02, -1.0000e+00, -6.7669e-03
-5.0083e-02, -5.2282e-03, +2.9463e-01, +8.1953e-02, +3.0163e-02, +8.3220e-02, +4.7534e-02, -6.7078e-02, -1.0881e-01, +2.4410e-02, +1.6402e-01, +1.0177e-01, -7.9798e-02, +2.9342e-02, +2.5956e-02, +5.0692e-02, -2.1667e-02, +3.4570e-02, -8.4007e-03, +1.0344e-01, +3.6509e-02, +6.1827e-02, +1.1982e-02, -5.2088e-02, +2.9465e-02, +7.5575e-02, +1.8348e-02, -3.9190e-02, +3.2926e-02, -3.8389e-02, +2.0561e-04, -1.5501e-02, +1.0655e-02, +4.8360e-02, +5.5070e-02, +2.7104e-03, -1.0366e-01, +8.8623e-02, +3.0518e-02, +6.3202e-02, +4.8458e-02, +1.3945e-01, +1.0227e-01, +7.6522e-02, +1.7076e-02, +5.3967e-02, -5.4366e-02, +1.9535e-01, -6.7668e-03, -1.0000e+00
