-1.0000e+00, -4.3303e-02, +1.1554e-01, -8.6775e-02, -2.1135e-02, +1.4302e-02, -3.4346e-02, -3.0290e-02, -1.1977e-01, -4.4878e-02, +3.8320e-02, +2.8383e-02, -2.8582e-02, -1.0014e-02, -3.0279e-02, -3.5766e-02, -3.7093e-02, -2.9232e-02, +4.7068e-02, +3.1847e-02, +5.5724e-02, -9.8705e-02, +5.5596e-02, +7.3290e-02, +1.7898e-02, -2.2579e-02, +3.7525e-02, -8.1410e-02, -8.0017e-02, +1.7953e-02, -3.9952e-02, +3.1701e-02, +2.0077e-04, +9.0361e-02, +1.2467e-02, -5.5241e-02, +1.2176e-01, +1.1374e-02, +5.8604e-02, +9.3227e-02, +8.0600e-02, +4.1380e-03, -8.5782e-03, +9.9344e-03, -1.3428e-01, -8.6880e-02, +5.4077e-02, +2.7799e-01, +7.5758e-02, -1.0197e-02
-4.3303e-02, -1.0000e+00, +3.3899e-02, +5.1285e-02, +3.2474e-02, +1.1955e-03, +4.1846e-02, +1.0122e-01, +1.6578e-02, -1.8740e-02, +9.4805e-03, +1.3974e-02, -6.1242e-02, +5.3090e-02, -1.2167e-01, -4.0850e-03, +1.9129e-02, +5.6184e-02, -3.4459e-02, +1.8295e-02, +3.0387e-02, +5.7607e-02, +9.7683e-02, +3.8117e-02, -4.0270e-02, +6.9493e-02, +5.9427e-02, +2.9516e-02, +2.3451e-02, +3.1967e-02, -3.6373e-02, +4.7858e-02, +1.3809e-02, -2.7597e-02, -1.9103e-02, +2.5481e-02, -5.1071e-02, -3.4246e-02, +2.8379e-02, -9.8351e-03, +7.0595e-03, +5.4726e-02, -2.0934e-04, -9.1304e-03, +4.9946e-02, +6.2922e-02, -1.0129e-01, -7.6712e-04, +7.2135e-02, -5.8418e-04
+1.1554e-01, +3.3899e-02, -1.0000e+00, +6.0351e-02, +4.9292e-02, -1.1713e-01, +6.7194e-02, +2.7226e-02, +4.5354e-02, -6.4098e-02, +1.0088e-02, +5.2248e-02, +7.3907e-02, +2.0440e-02, +1.7926e-02, -1.7942e-03, -3.0610e-02, -1.9120e-02, -9.1479e-03, +5.3255e-02, -1.8127e-02, -6.1476e-02, +2.6389e-02, -2.8059e-02, -6.0333e-02, +2.7444e-03, -5.7145e-02, -7.3356e-02, +5.4537e-03, -7.7805e-03, +1.1460e-01, +2.8794e-02, -8.0744e-02, +2.1253e-02, -3.0501e-02, +8.8340e-02, -3.1543e-02, +3.6291e-02, +5.4364e-02, -2.6469e-02, +3.9623e-02, +2.6235e-02, -4.2515e-02, +3.4868e-02, +1.3719e-01, +5.3986e-02, -1.8505e-02, +2.1115e-02, +8.1488e-02, -4.8755e-02
-8.6776e-02, +5.1285e-02, +6.0351e-02, -1.0000e+00, -6.3909e-02, -1.2756e-01, -5.5603e-02, -5.5423e-02, +2.8620e-02, +4.1204e-02, -4.8184e-02, -1.0653e-03, +6.5929e-02, +1.3130e-01, +7.4623e-02, +2.7242e-02, -3.6046e-02, -4.1638e-02, -2.7112e-02, -1.2148e-01, -4.5498e-02, -9.2454e-03, +3.9144e-02, -1.5170e-01, -5.9143e-02, -1.8941e-01, +2.3649e-02, -7.7754e-02, -1.2247e-01, -1.0855e-02, -7.3165e-03, +5.4762e-03, -9.0387e-03, -3.6548e-02, -3.9206e-02, +2.8480e-02, +8.5100e-02, -1.2520e-02, -1.0653e-02, +2.1955e-02, +5.2914e-02, -7.2709e-02, +2.5503e-02, +2.3819e-02, -3.6630e-02, -3.4805e-02, +1.4226e-01, -2.1108e-02, -7.3575e-02, +8.3041e-02
-2.1135e-02, +3.2474e-02, +4.9292e-02, -6.3909e-02, -1.0000e+00, -7.2661e-02, +7.6448e-02, -4.6246e-02, -5.9087e-02, +6.8607e-02, +4.9036e-02, +5.8830e-02, -2.8653e-02, +6.4633e-02, -8.5892e-02, -4.0479e-03, -5.9084e-02, -8.4620e-02, +1.3811e-02, -8.1866e-02, +4.3959e-02, -1.8109e-02, +3.9072e-02, -9.7227e-02, -2.9341e-02, +3.3376e-02, -2.0460e-02, -1.1026e-01, -8.8574e-02, -4.5477e-02, -8.7891e-03, +4.7543e-03, -2.7029e-02, +2.9015e-02, -7.5227e-02, +2.7410e-02, +4.4648e-03, +1.2806e-02, -1.6903e-02, +1.8234e-02, +9.8992e-02, -7.0813e-02, +9.4047e-03, +5.9712e-03, -4.2629e-02, -6.2088e-02, -3.4104e-02, +1.1331e-01, +4.3902e-02, +6.1620e-02
+1.4302e-02, +1.1955e-03, -1.1713e-01, -1.2756e-01, -7.2661e-02, -1.0000e+00, +3.4872e-03, -2.7634e-02, -3.4461e-02, +4.7046e-02, -2.2368e-03, -1.0187e-02, -2.0134e-03, -1.9423e-02, -5.0862e-02, +1.3810e-02, +1.8371e-03, -2.4696e-02, -5.4369e-02, -3.3973e-02, -5.2783e-02, +2.1600e-02, +2.2985e-02, -9.8702e-03, -1.0234e-01, -4.5889e-02, +6.4221e-03, -6.5504e-02, -1.4419e-01, -7.3504e-03, -6.1413e-02, +3.6195e-02, -3.3072e-03, -1.6918e-01, +7.6182e-03, +4.7274e-02, +7.1944e-02, -4.6304e-02, +3.4394e-03, -5.7831e-02, -4.5169e-03, +1.9795e-02, -6.0843e-02, -1.1707e-01, -1.1781e-01, -3.7600e-02, -1.3254e-01, -7.4319e-03, +5.6517e-02, +6.9116e-02
-3.4346e-02, +4.1846e-02, +6.7194e-02, -5.5603e-02, +7.6448e-02, +3.4872e-03, -1.0000e+00, -3.6670e-02, +5.0233e-03, -4.5872e-03, -3.0224e-02, -2.9844e-02, +5.7632e-02, +3.6586e-02, -4.4452e-03, +5.7136e-02, +3.0245e-02, -3.1645e-02, -1.4541e-02, -1.4531e-02, -3.6973e-02, -3.1767e-02, +3.9683e-02, +4.8441e-02, -5.3769e-02, -5.3082e-02, -1.5722e-02, +6.1061e-02, -5.5318e-02, +4.8350e-02, -2.3017e-02, -1.1428e-02, +1.6935e-02, -2.3597e-03, +6.5195e-02, +8.8160e-02, +2.0635e-02, -2.7064e-03, +3.8706e-02, -2.6405e-02, +1.3648e-02, +3.2128e-02, -1.5921e-02, -7.7572e-02, -1.7581e-02, +9.0902e-03, +4.2508e-02, -4.3667e-02, +3.4002e-03, +6.5578e-02
-3.0290e-02, +1.0122e-01, +2.7226e-02, -5.5423e-02, -4.6246e-02, -2.7634e-02, -3.6670e-02, -1.0000e+00, -2.3788e-02, +6.5482e-02, -3.7930e-02, -1.3729e-03, +1.2641e-03, +9.8074e-02, -4.4953e-02, +8.9959e-06, +2.8822e-02, -8.3103e-02, +5.2369e-02, -1.0840e-02, -4.3110e-02, -6.8503e-02, +3.8410e-02, +6.4503e-02, +2.6241e-02, -4.6284e-02, -4.6215e-02, -7.7233e-02, -7.8463e-02, -2.8939e-03, +8.5301e-03, -2.8872e-02, +7.1608e-02, -4.4410e-02, +7.6512e-02, +6.5982e-02, +1.4483e-04, -4.8554e-02, -5.0659e-02, +3.4184e-02, -2.9839e-02, +1.6521e-02, +4.5322e-02, -4.7358e-02, -4.3480e-02, +1.0780e-01, -3.6918e-03, -1.1918e-02, +1.5596e-02, -1.3116e-03
-1.1977e-01, +1.6578e-02, +4.5354e-02, +2.8620e-02, -5.9087e-02, -3.4461e-02, +5.0233e-03, -2.3788e-02, -1.0000e+00, -4.2202e-04, +1.1589e-01, -3.4142e-02, -3.9525e-02, -5.2768e-02, -7.4748e-03, -6.8318e-02, -8.5637e-02, +6.5368e-02, +4.1757e-02, -3.3730e-02, +4.4154e-02, -1.2709e-02, +3.0214e-02, +2.1583e-02, -7.2542e-02, +7.1543e-02, +5.6373e-02, -1.0129e-01, -3.5133e-02, +7.6018e-02, -3.5078e-02, +4.3088e-02, -4.7267e-02, +1.0665e-02, -2.3298e-02, +2.1146e-02, +3.3247e-02, +1.5859e-03, +3.0464e-02, +4.4250e-02, +7.0131e-03, +1.0271e-02, +1.1358e-02, -9.8621e-03, -7.1655e-02, -7.6181e-02, +6.1849e-03, +1.7647e-01, +9.3750e-02, -4.8636e-02
-4.4878e-02, -1.8740e-02, -6.4098e-02, +4.1204e-02, +6.8607e-02, +4.7046e-02, -4.5872e-03, +6.5482e-02, -4.2201e-04, -1.0000e+00, -9.2363e-03, -4.0189e-02, -2.7900e-02, -4.3356e-02, +1.2718e-02, +1.2922e-01, -3.8604e-02, -3.7708e-02, +5.5593e-02, +1.0058e-01, -4.2843e-03, -4.3206e-02, +5.5389e-02, -1.0933e-02, -9.4806e-03, -1.5994e-02, +1.1442e-01, -8.7851e-03, -9.8083e-03, -4.8778e-02, -1.2366e-02, +4.3346e-03, +3.6045e-03, +1.6666e-01, -3.7405e-02, +5.9462e-02, +1.0550e-01, -9.5168e-02, +4.9123e-02, -1.5630e-02, -2.7158e-02, +4.1457e-02, -2.1828e-01, +8.8382e-02, +2.0678e-02, +2.5480e-02, +8.1422e-02, +1.7024e-01, +3.8633e-02, +2.4941e-01
+3.8320e-02, +9.4805e-03, +1.0088e-02, -4.8184e-02, +4.9036e-02, -2.2368e-03, -3.0224e-02, -3.7930e-02, +1.1589e-01, -9.2363e-03, -1.0000e+00, +5.7037e-02, +6.4775e-02, +3.5056e-02, -7.7971e-02, +3.7972e-02, -3.4360e-02, -3.0864e-02, -9.3218e-02, -2.7069e-02, -2.6707e-02, +4.1996e-02, -1.0010e-02, +1.4212e-01, +6.1082e-02, -1.1897e-01, +8.8295e-03, -1.0546e-02, -5.7821e-02, -2.9229e-02, +2.8040e-04, -1.4195e-02, -7.7106e-03, -1.1950e-02, -3.7152e-02, -6.8659e-02, +4.4504e-02, -4.4282e-02, -6.7820e-03, -4.9840e-02, -5.4841e-03, -2.2961e-03, +6.2317e-03, -3.2613e-02, -3.0298e-02, +6.2406e-02, -4.5649e-02, -1.1391e-02, +5.1018e-02, +7.9063e-02
+2.8383e-02, +1.3974e-02, +5.2248e-02, -1.0653e-03, +5.8830e-02, -1.0187e-02, -2.9844e-02, -1.3729e-03, -3.4142e-02, -4.0189e-02, +5.7037e-02, -1.0000e+00, -1.5429e-02, -1.8199e-03, +1.4353e-01, +6.2237e-02, +2.4042e-02, -4.3285e-02, -2.8854e-02, +4.7463e-02, -1.0589e-02, +3.9677e-02, +2.0326e-01, +2.2992e-02, -5.0537e-02, +1.0685e-02, -4.1698e-02, +3.2293e-02, +2.4850e-02, -7.0933e-03, +4.3350e-02, -4.9991e-02, -7.5712e-03, -4.7835e-03, +4.5685e-02, +2.4655e-01, +1.4837e-01, +2.0532e-03, +7.4328e-02, -3.5149e-02, +3.6055e-02, +6.0878e-02, +2.6716e-02, -1.1828e-01, +9.4185e-04, -7.9002e-02, +2.2008e-02, +1.1173e-01, -4.9771e-02, +1.3929e-01
-2.8582e-02, -6.1242e-02, +7.3907e-02, +6.5929e-02, -2.8653e-02, -2.0134e-03, +5.7632e-02, +1.2641e-03, -3.9525e-02, -2.7900e-02, +6.4775e-02, -1.5429e-02, -1.0000e+00, +3.5909e-03, -1.0088e-02, -3.1265e-02, +3.7573e-02, +1.3874e-02, +2.8919e-02, +5.0080e-03, -1.8276e-02, -3.1032e-02, +2.8174e-02, -3.7178e-04, +4.6128e-02, -4.0649e-02, -1.2230e-02, +3.4877e-02, +7.5105e-02, -4.5505e-02, +4.9711e-03, +1.7786e-02, -2.5459e-02, -5.3542e-02, -4.2359e-02, -4.8089e-03, -6.5317e-04, +7.4417e-03, +5.7024e-03, +4.3064e-02, -5.6279e-02, +7.2280e-02, -4.0298e-03, -2.3765e-02, -6.0839e-02, -1.0573e-01, -2.8489e-02, +2.7587e-02, +2.3413e-03, -3.6082e-02
-1.0014e-02, +5.3090e-02, +2.0440e-02, +1.3130e-01, +6.4633e-02, -1.9423e-02, +3.6586e-02, +9.8074e-02, -5.2768e-02, -4.3356e-02, +3.5056e-02, -1.8199e-03, +3.5909e-03, -1.0000e+00, +3.1959e-02, -1.0038e-01, +1.0300e-01, -6.0783e-02, +2.1759e-02, -4.5033e-02, -1.2353e-01, -4.2857e-02, -1.4435e-03, -3.8216e-02, -1.2110e-01, -6.0759e-02, -3.4313e-02, -4.0462e-02, +4.2344e-02, -7.3914e-02, -1.6771e-03, +5.5001e-03, -2.1019e-02, -4.5385e-02, +3.9245e-02, -2.7253e-02, +5.9489e-02, +1.6588e-02, +5.5716e-03, -4.1787e-02, +1.7176e-02, +7.2023e-02, -2.0139e-02, -3.7819e-02, -4.8063e-02, -5.0637e-02, +4.7555e-02, -5.6155e-02, +2.9593e-02, +1.5107e-02
-3.0279e-02, -1.2167e-01, +1.7926e-02, +7.4623e-02, -8.5892e-02, -5.0862e-02, -4.4452e-03, -4.4953e-02, -7.4748e-03, +1.2718e-02, -7.7971e-02, +1.4353e-01, -1.0088e-02, +3.1959e-02, -1.0000e+00, +1.2709e-03, -5.9275e-03, +8.4989e-03, -9.2507e-02, -5.6708e-02, +4.5408e-02, +1.7957e-02, -5.8641e-02, -5.3723e-02, -3.2109e-02, +7.2015e-02, -5.5163e-02, -4.9190e-02, -7.6532e-02, -3.4138e-04, -5.4282e-02, +3.1013e-02, +3.8769e-02, -7.1924e-02, -2.9132e-02, -3.6436e-02, +5.2885e-02, +1.9075e-02, -6.2276e-02, -2.7871e-02, -5.2331e-02, -2.7002e-02, +9.2299e-02, +6.2142e-02, -2.6871e-03, -2.8069e-02, -7.8148e-02, +1.2902e-02, +3.5213e-02, -1.0184e-02
-3.5766e-02, -4.0850e-03, -1.7942e-03, +2.7243e-02, -4.0479e-03, +1.3810e-02, +5.7136e-02, +8.9992e-06, -6.8318e-02, +1.2922e-01, +3.7972e-02, +6.2237e-02, -3.1265e-02, -1.0038e-01, +1.2709e-03, -1.0000e+00, +3.7990e-02, -1.2598e-02, -8.3550e-02, +9.5578e-03, +1.6358e-02, -5.8037e-02, -3.3489e-02, +1.9408e-02, -1.6076e-02, -4.2705e-03, -1.2198e-01, -3.1047e-02, -5.9898e-02, -3.5542e-03, -5.4004e-02, -2.3765e-02, +2.6462e-02, +1.4958e-01, +6.2537e-02, +2.2286e-02, +9.4978e-02, -3.0286e-02, -9.9459e-02, +2.7834e-01, -2.4353e-02, -1.8330e-02, +1.2529e-02, +4.1409e-02, -6.8750e-02, -1.9638e-02, +9.1445e-03, +1.6985e-01, +5.9051e-02, -1.2987e-01
-3.7093e-02, +1.9129e-02, -3.0610e-02, -3.6046e-02, -5.9084e-02, +1.8371e-03, +3.0245e-02, +2.8822e-02, -8.5637e-02, -3.8604e-02, -3.4360e-02, +2.4042e-02, +3.7573e-02, +1.0300e-01, -5.9275e-03, +3.7990e-02, -1.0000e+00, +5.7534e-02, -3.9419e-02, +2.2710e-02, +7.1715e-02, -1.5487e-03, +1.1289e-02, -1.9113e-02, -5.2687e-03, +7.9846e-02, +3.5647e-02, -9.3571e-04, +2.7218e-02, +1.8826e-02, +5.2292e-02, -5.3212e-02, -5.0969e-02, +6.4361e-02, -9.6645e-03, -7.5954e-02, +1.2064e-02, -3.9646e-02, -2.0051e-02, -4.8008e-02, +3.0431e-03, +3.8080e-02, -3.8150e-02, +4.7471e-02, +7.2528e-02, -4.6302e-03, +3.1106e-02, +1.7462e-02, -3.4847e-02, +4.9611e-02
-2.9232e-02, +5.6184e-02, -1.9120e-02, -4.1638e-02, -8.4620e-02, -2.4696e-02, -3.1645e-02, -8.3103e-02, +6.5368e-02, -3.7708e-02, -3.0864e-02, -4.3285e-02, +1.3874e-02, -6.0783e-02, +8.4989e-03, -1.2598e-02, +5.7534e-02, -1.0000e+00, +6.3141e-02, -3.0935e-02, -1.1563e-01, -3.3993e-03, +3.0394e-02, -3.1461e-02, +2.9908e-02, -1.1492e-01, -8.3924e-04, +2.4245e-02, -8.5877e-02, +1.1215e-02, -2.0696e-02, +2.8793e-02, -1.6257e-02, +4.1605e-02, +2.3815e-03, +3.2582e-02, +4.2040e-02, -9.2757e-02, +6.9667e-02, -5.0071e-02, +9.4023e-02, +4.0399e-03, -5.2728e-02, -4.8343e-02, -5.1186e-02, +8.2502e-02, -3.9605e-02, +1.0339e-01, +6.3703e-03, +5.5147e-02
+4.7068e-02, -3.4459e-02, -9.1479e-03, -2.7112e-02, +1.3811e-02, -5.4369e-02, -1.4541e-02, +5.2369e-02, +4.1757e-02, +5.5593e-02, -9.3218e-02, -2.8854e-02, +2.8919e-02, +2.1759e-02, -9.2507e-02, -8.3550e-02, -3.9419e-02, +6.3141e-02, -1.0000e+00, -1.1345e-01, +3.8492e-02, +6.6564e-02, +3.0436e-02, +4.3159e-02, -5.5277e-03, +2.1510e-03, -7.6702e-02, +9.0661e-03, -2.7973e-02, -6.0565e-02, -1.1510e-01, -4.7100e-02, -1.4236e-02, -1.5237e-01, +7.7580e-02, -3.9148e-02, +8.9940e-02, -2.7924e-02, -9.2121e-02, +6.1459e-03, -8.1498e-02, -5.8882e-02, +5.3237e-02, -1.7692e-02, -2.4566e-02, -7.8908e-02, -5.8149e-02, -7.2044e-02, -4.1554e-02, +4.6564e-02
+3.1847e-02, +1.8295e-02, +5.3255e-02, -1.2148e-01, -8.1866e-02, -3.3973e-02, -1.4531e-02, -1.0840e-02, -3.3730e-02, +1.0058e-01, -2.7069e-02, +4.7463e-02, +5.0080e-03, -4.5033e-02, -5.6708e-02, +9.5578e-03, +2.2710e-02, -3.0935e-02, -1.1345e-01, -1.0000e+00, +8.9458e-02, -1.9413e-02, -1.5555e-02, -4.7053e-02, +4.7902e-02, -4.1582e-02, -1.2316e-01, -6.8172e-02, -9.9218e-02, -3.6426e-02, -8.3359e-02, -3.3523e-02, -9.3483e-03, +1.5635e-02, -4.1939e-02, -8.1777e-03, +1.6607e-01, -4.8716e-02, -1.6032e-01, -1.3073e-02, -3.4130e-02, +3.6314e-02, +1.0827e-01, +4.6005e-02, -2.2206e-02, -1.5980e-02, +1.9471e-02, -1.5583e-02, +7.0071e-03, +1.0432e-01
+5.5724e-02, +3.0387e-02, -1.8127e-02, -4.5498e-02, +4.3959e-02, -5.2783e-02, -3.6973e-02, -4.3110e-02, +4.4154e-02, -4.2843e-03, -2.6707e-02, -1.0589e-02, -1.8276e-02, -1.2353e-01, +4.5408e-02, +1.6358e-02, +7.1715e-02, -1.1563e-01, +3.8492e-02, +8.9458e-02, -1.0000e+00, +9.8332e-02, -1.2635e-01, -8.9216e-03, +3.3451e-02, -6.6055e-02, -1.1557e-01, -9.3830e-02, -6.5726e-02, -8.3109e-02, +4.5053e-02, -2.7901e-02, -1.3507e-02, -8.6370e-02, -4.4094e-02, +4.7683e-02, +1.0832e-01, -2.7377e-02, -1.0152e-03, +1.6005e-02, -4.0046e-02, -7.5127e-03, -6.1231e-02, -1.5776e-01, -1.2242e-01, -3.2176e-02, -5.8676e-02, -6.6346e-02, -3.1917e-02, +7.8145e-02
-9.8705e-02, +5.7607e-02, -6.1476e-02, -9.2454e-03, -1.8109e-02, +2.1600e-02, -3.1767e-02, -6.8503e-02, -1.2709e-02, -4.3206e-02, +4.1996e-02, +3.9677e-02, -3.1032e-02, -4.2857e-02, +1.7957e-02, -5.8037e-02, -1.5487e-03, -3.3993e-03, +6.6564e-02, -1.9413e-02, +9.8332e-02, -1.0000e+00, +2.1480e-02, -4.9722e-02, -3.1050e-02, -4.9794e-02, +1.6147e-02, +3.4981e-04, +5.4973e-02, +1.8152e-02, +3.3364e-02, -1.7583e-02, +7.3411e-03, -3.6249e-02, -6.0928e-02, +1.5874e-02, +1.7370e-01, -2.8943e-04, +2.3545e-02, +4.6447e-02, +5.1946e-02, +2.8709e-02, -4.1040e-02, -1.2288e-02, -4.5369e-02, -5.3476e-03, +1.0856e-01, -6.6168e-02, -2.3973e-02, +3.8564e-02
+5.5596e-02, +9.7683e-02, +2.6389e-02, +3.9144e-02, +3.9072e-02, +2.2985e-02, +3.9683e-02, +3.8410e-02, +3.0214e-02, +5.5389e-02, -1.0010e-02, +2.0326e-01, +2.8174e-02, -1.4435e-03, -5.8641e-02, -3.3489e-02, +1.1289e-02, +3.0394e-02, +3.0436e-02, -1.5555e-02, -1.2635e-01, +2.1480e-02, -1.0000e+00, -4.6806e-02, +3.4474e-02, -7.7462e-02, -1.2863e-02, -3.1856e-02, +2.5316e-02, -2.5658e-02, +5.7240e-02, -3.0309e-02, -3.3904e-02, -9.9069e-02, -5.4646e-02, -7.9238e-02, -2.6529e-02, +1.1192e-02, -3.8205e-02, +3.1928e-02, -3.5579e-02, -8.8539e-03, -2.0081e-02, +4.7176e-02, +2.3000e-02, -1.0490e-02, -3.4248e-03, -1.9179e-01, -5.4744e-02, -2.3278e-02
+7.3290e-02, +3.8117e-02, -2.8059e-02, -1.5170e-01, -9.7227e-02, -9.8702e-03, +4.8441e-02, +6.4503e-02, +2.1583e-02, -1.0933e-02, +1.4212e-01, +2.2992e-02, -3.7178e-04, -3.8216e-02, -5.3723e-02, +1.9408e-02, -1.9113e-02, -3.1461e-02, +4.3159e-02, -4.7053e-02, -8.9216e-03, -4.9722e-02, -4.6806e-02, -1.0000e+00, -4.5791e-02, -6.4735e-02, +3.6214e-02, -2.5006e-02, +8.5384e-02, +2.5346e-02, -6.7180e-02, +6.2032e-02, -3.0653e-02, +1.0896e-02, -4.0723e-02, +4.8883e-02, +5.4851e-02, +8.5959e-03, +3.1705e-02, -4.8322e-02, +4.4143e-02, -6.6120e-02, -3.3130e-02, +1.2188e-02, +2.3496e-02, +7.3917e-04, -5.9040e-02, +4.6887e-02, +3.4997e-02, +1.1148e-02
+1.7898e-02, -4.0269e-02, -6.0333e-02, -5.9143e-02, -2.9341e-02, -1.0234e-01, -5.3769e-02, +2.6241e-02, -7.2542e-02, -9.4806e-03, +6.1082e-02, -5.0537e-02, +4.6128e-02, -1.2110e-01, -3.2109e-02, -1.6076e-02, -5.2687e-03, +2.9908e-02, -5.5277e-03, +4.7902e-02, +3.3451e-02, -3.1050e-02, +3.4474e-02, -4.5791e-02, -1.0000e+00, +2.4988e-02, -2.7873e-02, -8.8897e-03, +2.7547e-02, -2.3713e-03, +1.4753e-02, +7.1801e-02, -3.5193e-02, -1.6786e-02, +6.4906e-02, +6.6947e-02, +1.0356e-02, -1.9016e-02, +4.6873e-02, +6.6825e-03, -1.5055e-02, +3.5126e-02, -5.6234e-02, +2.6684e-03, -2.6465e-02, -3.4032e-02, -1.0545e-02, +9.8132e-02, +8.1329e-03, -1.7088e-02
-2.2579e-02, +6.9493e-02, +2.7444e-03, -1.8941e-01, +3.3376e-02, -4.5889e-02, -5.3082e-02, -4.6284e-02, +7.1543e-02, -1.5994e-02, -1.1897e-01, +1.0685e-02, -4.0649e-02, -6.0759e-02, +7.2015e-02, -4.2705e-03, +7.9846e-02, -1.1492e-01, +2.1510e-03, -4.1582e-02, -6.6055e-02, -4.9794e-02, -7.7462e-02, -6.4735e-02, +2.4988e-02, -1.0000e+00, -4.7933e-02, -6.9296e-03, -7.6432e-02, -4.9272e-02, +8.2963e-03, +1.7605e-02, +1.4757e-02, -1.2939e-01, -2.2446e-02, -6.8677e-02, +1.1068e-01, -4.9684e-03, -1.6992e-02, +1.0421e-01, -6.0152e-03, -1.3216e-02, +6.9352e-03, +9.8104e-03, +2.5223e-02, +4.3072e-02, +1.2131e-01, -5.2850e-02, -2.5163e-02, +1.4697e-01
+3.7525e-02, +5.9427e-02, -5.7145e-02, +2.3649e-02, -2.0460e-02, +6.4221e-03, -1.5722e-02, -4.6215e-02, +5.6373e-02, +1.1442e-01, +8.8295e-03, -4.1698e-02, -1.2230e-02, -3.4313e-02, -5.5163e-02, -1.2198e-01, +3.5647e-02, -8.3926e-04, -7.6702e-02, -1.2316e-01, -1.1557e-01, +1.6147e-02, -1.2863e-02, +3.6214e-02, -2.7873e-02, -4.7933e-02, -1.0000e+00, -1.1256e-01, -1.3107e-01, -1.5293e-01, -8.2466e-03, +2.9475e-02, -4.5583e-02, -1.2167e-01, +5.1037e-03, +1.0483e-01, +5.4853e-02, +8.3274e-02, -1.1222e-01, +2.4020e-02, -7.4273e-02, -3.1623e-02, +1.9298e-02, -7.3837e-02, -9.0155e-02, -1.0072e-01, -7.3829e-02, -5.1868e-02, +4.8540e-02, +1.7759e-02
-8.1410e-02, +2.9516e-02, -7.3356e-02, -7.7754e-02, -1.1026e-01, -6.5504e-02, +6.1061e-02, -7.7233e-02, -1.0129e-01, -8.7851e-03, -1.0546e-02, +3.2293e-02, +3.4877e-02, -4.0462e-02, -4.9190e-02, -3.1047e-02, -9.3571e-04, +2.4245e-02, +9.0661e-03, -6.8172e-02, -9.3830e-02, +3.4980e-04, -3.1856e-02, -2.5006e-02, -8.8897e-03, -6.9296e-03, -1.1256e-01, -1.0000e+00, -7.1440e-02, -2.6435e-02, -5.5671e-02, -5.3822e-02, +7.9448e-03, +2.9328e-02, +7.7692e-02, +1.4449e-01, +4.3398e-02, +6.9271e-03, -9.9287e-02, +4.4545e-02, -1.3444e-02, -1.1865e-03, -6.1243e-03, +9.0428e-03, -5.5202e-02, +2.5807e-02, +1.7818e-02, +3.8175e-02, +6.7739e-02, -2.3424e-02
-8.0017e-02, +2.3451e-02, +5.4537e-03, -1.2247e-01, -8.8574e-02, -1.4419e-01, -5.5318e-02, -7.8463e-02, -3.5133e-02, -9.8083e-03, -5.7821e-02, +2.4850e-02, +7.5105e-02, +4.2344e-02, -7.6532e-02, -5.9898e-02, +2.7218e-02, -8.5877e-02, -2.7973e-02, -9.9218e-02, -6.5726e-02, +5.4973e-02, +2.5316e-02, +8.5384e-02, +2.7547e-02, -7.6432e-02, -1.3107e-01, -7.1440e-02, -1.0000e+00, +3.8737e-02, -6.8637e-02, +4.2118e-02, -6.6207e-02, -9.2241e-02, -1.3766e-02, +6.0193e-02, +7.1650e-02, -2.6627e-02, -6.9436e-02, +2.7013e-03, +4.6844e-02, +2.6113e-02, +8.0153e-02, -1.9989e-02, -8.3120e-02, +1.3795e-02, -1.1694e-01, +5.1141e-02, -8.2030e-03, +8.2809e-02
+1.7953e-02, +3.1967e-02, -7.7805e-03, -1.0855e-02, -4.5477e-02, -7.3505e-03, +4.8350e-02, -2.8939e-03, +7.6018e-02, -4.8778e-02, -2.9229e-02, -7.0933e-03, -4.5505e-02, -7.3914e-02, -3.4138e-04, -3.5543e-03, +1.8826e-02, +1.1215e-02, -6.0565e-02, -3.6426e-02, -8.3109e-02, +1.8151e-02, -2.5658e-02, +2.5346e-02, -2.3713e-03, -4.9272e-02, -1.5293e-01, -2.6435e-02, +3.8737e-02, -1.0000e+00, +1.3965e-02, -3.4799e-02, -9.4972e-03, +1.1099e-03, +2.9248e-02, -3.2176e-02, +7.7563e-02, +4.0490e-02, -2.2118e-03, -5.5234e-02, +3.5909e-02, -1.0055e-02, +2.6946e-02, -4.5913e-03, -6.5899e-02, -3.0315e-02, +9.4621e-03, +6.3838e-02, +4.5062e-02, +9.5764e-02
-3.9952e-02, -3.6373e-02, +1.1460e-01, -7.3166e-03, -8.7891e-03, -6.1413e-02, -2.3017e-02, +8.5301e-03, -3.5078e-02, -1.2366e-02, +2.8039e-04, +4.3350e-02, +4.9711e-03, -1.6771e-03, -5.4282e-02, -5.4004e-02, +5.2292e-02, -2.0696e-02, -1.1510e-01, -8.3359e-02, +4.5053e-02, +3.3364e-02, +5.7240e-02, -6.7180e-02, +1.4753e-02, +8.2963e-03, -8.2466e-03, -5.5671e-02, -6.8637e-02, +1.3965e-02, -1.0000e+00, +2.6270e-02, +1.0004e-02, +8.0720e-02, +1.2331e-01, +3.7707e-02, +6.2756e-02, -1.1627e-01, -3.9187e-02, -5.3024e-02, -1.7568e-01, +1.7911e-02, +2.7630e-02, -1.2345e-04, -8.4839e-02, +1.7359e-02, -1.3757e-01, +2.2889e-01, -2.3179e-02, +5.4354e-02
+3.1701e-02, +4.7858e-02, +2.8794e-02, +5.4762e-03, +4.7543e-03, +3.6195e-02, -1.1428e-02, -2.8872e-02, +4.3088e-02, +4.3346e-03, -1.4195e-02, -4.9991e-02, +1.7786e-02, +5.5001e-03, +3.1013e-02, -2.3765e-02, -5.3212e-02, +2.8793e-02, -4.7100e-02, -3.3523e-02, -2.7901e-02, -1.7583e-02, -3.0309e-02, +6.2032e-02, +7.1801e-02, +1.7605e-02, +2.9475e-02, -5.3822e-02, +4.2118e-02, -3.4799e-02, +2.6270e-02, -1.0000e+00, -3.1903e-02, +1.6442e-02, +3.4087e-02, +2.7476e-02, -7.2159e-03, -3.8863e-02, -4.2529e-02, +1.6045e-03, +3.3458e-02, -1.8311e-02, +9.6466e-04, -3.0352e-02, +7.5768e-03, -3.2228e-04, +2.5670e-02, -4.1270e-02, +1.3580e-02, +3.7974e-02
+2.0077e-04, +1.3809e-02, -8.0744e-02, -9.0387e-03, -2.7029e-02, -3.3072e-03, +1.6935e-02, +7.1608e-02, -4.7267e-02, +3.6045e-03, -7.7106e-03, -7.5712e-03, -2.5459e-02, -2.1019e-02, +3.8769e-02, +2.6462e-02, -5.0969e-02, -1.6257e-02, -1.4236e-02, -9.3483e-03, -1.3507e-02, +7.3410e-03, -3.3904e-02, -3.0653e-02, -3.5193e-02, +1.4757e-02, -4.5583e-02, +7.9448e-03, -6.6207e-02, -9.4972e-03, +1.0004e-02, -3.1903e-02, -1.0000e+00, +2.8220e-02, -8.0547e-02, +6.5675e-02, -6.1569e-03, +2.3263e-02, -3.2131e-02, -1.6808e-02, -2.0784e-03, +2.1424e-03, +6.7138e-02, -1.9945e-03, +1.0651e-02, -1.2543e-01, -2.9781e-02, +4.3272e-02, -6.2092e-02, -8.4866e-02
+9.0361e-02, -2.7597e-02, +2.1253e-02, -3.6548e-02, +2.9015e-02, -1.6918e-01, -2.3597e-03, -4.4410e-02, +1.0665e-02, +1.6666e-01, -1.1950e-02, -4.7835e-03, -5.3542e-02, -4.5385e-02, -7.1924e-02, +1.4958e-01, +6.4361e-02, +4.1605e-02, -1.5237e-01, +1.5635e-02, -8.6370e-02, -3.6249e-02, -9.9069e-02, +1.0896e-02, -1.6786e-02, -1.2939e-01, -1.2167e-01, +2.9328e-02, -9.2241e-02, +1.1099e-03, +8.0720e-02, +1.6442e-02, +2.8220e-02, -1.0000e+00, -7.2354e-02, -1.7031e-01, +8.1329e-02, -1.2953e-02, +4.2685e-02, +7.0068e-02, -2.4008e-02, -6.7384e-02, -9.3708e-03, -1.0853e-01, -3.2527e-02, -1.0429e-01, -1.2938e-01, -7.0072e-01, +1.0974e-01, +6.8482e-02
+1.2467e-02, -1.9103e-02, -3.0501e-02, -3.9206e-02, -7.5227e-02, +7.6182e-03, +6.5195e-02, +7.6512e-02, -2.3298e-02, -3.7405e-02, -3.7152e-02, +4.5685e-02, -4.2359e-02, +3.9245e-02, -2.9132e-02, +6.2537e-02, -9.6645e-03, +2.3816e-03, +7.7580e-02, -4.1939e-02, -4.4094e-02, -6.0928e-02, -5.4646e-02, -4.0723e-02, +6.4906e-02, -2.2446e-02, +5.1037e-03, +7.7692e-02, -1.3766e-02, +2.9248e-02, +1.2331e-01, +3.4087e-02, -8.0547e-02, -7.2354e-02, -1.0000e+00, -1.2920e-02, +4.1284e-02, +1.3962e-01, -7.6610e-03, +6.4396e-02, +4.6304e-02, -3.2981e-02, +1.9782e-02, -2.3920e-02, +6.3901e-03, -3.7993e-02, +7.5455e-02, -1.1242e-01, -6.5426e-02, +5.2799e-02
-5.5241e-02, +2.5481e-02, +8.8340e-02, +2.8480e-02, +2.7410e-02, +4.7274e-02, +8.8160e-02, +6.5982e-02, +2.1146e-02, +5.9462e-02, -6.8659e-02, +2.4655e-01, -4.8089e-03, -2.7253e-02, -3.6436e-02, +2.2286e-02, -7.5954e-02, +3.2582e-02, -3.9148e-02, -8.1777e-03, +4.7683e-02, +1.5874e-02, -7.9238e-02, +4.8883e-02, +6.6947e-02, -6.8677e-02, +1.0483e-01, +1.4449e-01, +6.0193e-02, -3.2176e-02, +3.7707e-02, +2.7476e-02, +6.5675e-02, -1.7031e-01, -1.2920e-02, -1.0000e+00, +5.7778e-02, -1.5305e-01, +6.3967e-02, +3.4289e-02, +4.4068e-02, +2.9966e-02, -1.4456e-02, +1.8795e-01, +9.1175e-02, -1.9707e-02, +1.8370e-03, -4.5318e-02, -1.0976e-02, -5.2489e-02
+1.2176e-01, -5.1071e-02, -3.1543e-02, +8.5100e-02, +4.4648e-03, +7.1944e-02, +2.0635e-02, +1.4484e-04, +3.3247e-02, +1.0550e-01, +4.4504e-02, +1.4837e-01, -6.5317e-04, +5.9489e-02, +5.2885e-02, +9.4978e-02, +1.2064e-02, +4.2040e-02, +8.9940e-02, +1.6607e-01, +1.0832e-01, +1.7370e-01, -2.6529e-02, +5.4851e-02, +1.0356e-02, +1.1068e-01, +5.4853e-02, +4.3398e-02, +7.1650e-02, +7.7563e-02, +6.2756e-02, -7.2159e-03, -6.1569e-03, +8.1329e-02, +4.1284e-02, +5.7778e-02, -1.0000e+00, +3.7833e-02, +2.2275e-02, -3.4267e-02, -3.0030e-02, +3.4625e-02, +6.4492e-03, +1.0844e-01, +9.5222e-02, +4.3984e-02, -1.8368e-02, +3.4469e-03, -1.2237e-01, -2.7590e-02
+1.1374e-02, -3.4246e-02, +3.6291e-02, -1.2520e-02, +1.2806e-02, -4.6304e-02, -2.7064e-03, -4.8554e-02, +1.5859e-03, -9.5168e-02, -4.4282e-02, +2.0532e-03, +7.4417e-03, +1.6588e-02, +1.9075e-02, -3.0286e-02, -3.9646e-02, -9.2757e-02, -2.7924e-02, -4.8716e-02, -2.7377e-02, -2.8942e-04, +1.1192e-02, +8.5959e-03, -1.9016e-02, -4.9684e-03, +8.3274e-02, +6.9271e-03, -2.6627e-02, +4.0490e-02, -1.1627e-01, -3.8863e-02, +2.3263e-02, -1.2953e-02, +1.3962e-01, -1.5305e-01, +3.7833e-02, -1.0000e+00, +3.9873e-02, -1.1356e-01, +4.7332e-03, +5.1255e-03, -2.8203e-02, +2.4811e-02, +1.7921e-02, +8.0262e-02, +2.7815e-04, +1.1931e-01, -9.6831e-03, -2.2492e-03
+5.8604e-02, +2.8379e-02, +5.4364e-02, -1.0653e-02, -1.6903e-02, +3.4394e-03, +3.8706e-02, -5.0659e-02, +3.0464e-02, +4.9123e-02, -6.7820e-03, +7.4328e-02, +5.7024e-03, +5.5717e-03, -6.2276e-02, -9.9459e-02, -2.0051e-02, +6.9667e-02, -9.2121e-02, -1.6032e-01, -1.0152e-03, +2.3545e-02, -3.8205e-02, +3.1705e-02, +4.6873e-02, -1.6992e-02, -1.1222e-01, -9.9287e-02, -6.9436e-02, -2.2118e-03, -3.9187e-02, -4.2529e-02, -3.2131e-02, +4.2685e-02, -7.6610e-03, +6.3967e-02, +2.2275e-02, +3.9873e-02, -1.0000e+00, +2.3734e-02, -1.1018e-02, -2.1573e-02, +5.0082e-02, +5.9532e-03, -4.1531e-02, +3.7929e-03, -6.1477e-02, -4.2767e-03, -2.4605e-02, -1.1002e-04
+9.3227e-02, -9.8351e-03, -2.6469e-02, +2.1955e-02, +1.8234e-02, -5.7831e-02, -2.6405e-02, +3.4184e-02, +4.4250e-02, -1.5630e-02, -4.9840e-02, -3.5149e-02, +4.3064e-02, -4.1787e-02, -2.7871e-02, +2.7834e-01, -4.8008e-02, -5.0071e-02, +6.1459e-03, -1.3073e-02, +1.6005e-02, +4.6447e-02, +3.1928e-02, -4.8322e-02, +6.6825e-03, +1.0421e-01, +2.4020e-02, +4.4545e-02, +2.7013e-03, -5.5234e-02, -5.3024e-02, +1.6045e-03, -1.6808e-02, +7.0068e-02, +6.4396e-02, +3.4289e-02, -3.4267e-02, -1.1356e-01, +2.3734e-02, -1.0000e+00, -8.9602e-02, +6.0464e-02, +9.0885e-02, -3.8751e-02, +8.6554e-02, +2.1033e-02, -5.9530e-02, +8.4653e-02, -5.0759e-02, +9.8021e-02
+8.0600e-02, +7.0595e-03, +3.9623e-02, +5.2914e-02, +9.8992e-02, -4.5169e-03, +1.3648e-02, -2.9839e-02, +7.0131e-03, -2.7158e-02, -5.4840e-03, +3.6055e-02, -5.6279e-02, +1.7176e-02, -5.2331e-02, -2.4353e-02, +3.0431e-03, +9.4023e-02, -8.1498e-02, -3.4130e-02, -4.0046e-02, +5.1946e-02, -3.5579e-02, +4.4143e-02, -1.5055e-02, -6.0152e-03, -7.4273e-02, -1.3444e-02, +4.6844e-02, +3.5909e-02, -1.7568e-01, +3.3458e-02, -2.0784e-03, -2.4008e-02, +4.6304e-02, +4.4068e-02, -3.0030e-02, +4.7332e-03, -1.1018e-02, -8.9602e-02, -1.0000e+00, -3.9891e-02, -2.5906e-02, -3.0577e-03, -1.9749e-02, +9.2358e-02, -1.3810e-01, +4.3412e-02, -1.1432e-02, +1.3909e-02
+4.1380e-03, +5.4726e-02, +2.6235e-02, -7.2709e-02, -7.0813e-02, +1.9795e-02, +3.2128e-02, +1.6521e-02, +1.0271e-02, +4.1457e-02, -2.2961e-03, +6.0878e-02, +7.2280e-02, +7.2023e-02, -2.7002e-02, -1.8330e-02, +3.8080e-02, +4.0399e-03, -5.8882e-02, +3.6314e-02, -7.5127e-03, +2.8709e-02, -8.8539e-03, -6.6120e-02, +3.5126e-02, -1.3216e-02, -3.1623e-02, -1.1865e-03, +2.6113e-02, -1.0055e-02, +1.7911e-02, -1.8311e-02, +2.1424e-03, -6.7384e-02, -3.2981e-02, +2.9966e-02, +3.4625e-02, +5.1255e-03, -2.1573e-02, +6.0464e-02, -3.9891e-02, -1.0000e+00, -7.4314e-04, +1.3521e-02, -2.9268e-02, +1.6951e-02, +3.3607e-02, -3.2043e-02, +5.2351e-02, +1.6221e-02
-8.5782e-03, -2.0934e-04, -4.2515e-02, +2.5503e-02, +9.4047e-03, -6.0843e-02, -1.5921e-02, +4.5322e-02, +1.1358e-02, -2.1828e-01, +6.2317e-03, +2.6716e-02, -4.0298e-03, -2.0139e-02, +9.2299e-02, +1.2529e-02, -3.8150e-02, -5.2728e-02, +5.3237e-02, +1.0827e-01, -6.1231e-02, -4.1040e-02, -2.0081e-02, -3.3130e-02, -5.6234e-02, +6.9352e-03, +1.9298e-02, -6.1243e-03, +8.0153e-02, +2.6946e-02, +2.7630e-02, +9.6466e-04, +6.7138e-02, -9.3709e-03, +1.9782e-02, -1.4456e-02, +6.4492e-03, -2.8203e-02, +5.0082e-02, +9.0885e-02, -2.5906e-02, -7.4314e-04, -1.0000e+00, +1.3463e-01, +5.0810e-02, +5.7311e-02, +1.4267e-02, -3.1766e-02, +1.7023e-02, +4.3052e-02
+9.9344e-03, -9.1304e-03, +3.4868e-02, +2.3819e-02, +5.9712e-03, -1.1707e-01, -7.7572e-02, -4.7358e-02, -9.8621e-03, +8.8382e-02, -3.2613e-02, -1.1828e-01, -2.3765e-02, -3.7819e-02, +6.2142e-02, +4.1409e-02, +4.7471e-02, -4.8343e-02, -1.7692e-02, +4.6005e-02, -1.5776e-01, -1.2288e-02, +4.7176e-02, +1.2188e-02, +2.6684e-03, +9.8104e-03, -7.3837e-02, +9.0428e-03, -1.9989e-02, -4.5913e-03, -1.2346e-04, -3.0352e-02, -1.9945e-03, -1.0853e-01, -2.3920e-02, +1.8795e-01, +1.0844e-01, +2.4811e-02, +5.9532e-03, -3.8751e-02, -3.0577e-03, +1.3521e-02, +1.3463e-01, -1.0000e+00, -1.1271e-01, -4.2957e-02, -6.0728e-02, -1.1861e-02, +4.9762e-02, +4.8209e-02
-1.3428e-01, +4.9946e-02, +1.3719e-01, -3.6630e-02, -4.2629e-02, -1.1781e-01, -1.7581e-02, -4.3480e-02, -7.1655e-02, +2.0678e-02, -3.0298e-02, +9.4185e-04, -6.0839e-02, -4.8063e-02, -2.6871e-03, -6.8750e-02, +7.2528e-02, -5.1186e-02, -2.4566e-02, -2.2206e-02, -1.2242e-01, -4.5369e-02, +2.3000e-02, +2.3496e-02, -2.6465e-02, +2.5223e-02, -9.0155e-02, -5.5202e-02, -8.3120e-02, -6.5899e-02, -8.4839e-02, +7.5768e-03, +1.0651e-02, -3.2527e-02, +6.3901e-03, +9.1175e-02, +9.5222e-02, +1.7921e-02, -4.1531e-02, +8.6554e-02, -1.9749e-02, -2.9268e-02, +5.0810e-02, -1.1271e-01, -1.0000e+00, -1.0460e-01, -3.9782e-02, +1.3915e-01, +8.0661e-02, +1.5380e-02
-8.6880e-02, +6.2922e-02, +5.3986e-02, -3.4805e-02, -6.2088e-02, -3.7600e-02, +9.0902e-03, +1.0780e-01, -7.6181e-02, +2.5480e-02, +6.2406e-02, -7.9002e-02, -1.0573e-01, -5.0637e-02, -2.8069e-02, -1.9638e-02, -4.6302e-03, +8.2502e-02, -7.8908e-02, -1.5980e-02, -3.2176e-02, -5.3476e-03, -1.0490e-02, +7.3918e-04, -3.4032e-02, +4.3072e-02, -1.0072e-01, +2.5807e-02, +1.3795e-02, -3.0315e-02, +1.7359e-02, -3.2229e-04, -1.2543e-01, -1.0429e-01, -3.7993e-02, -1.9707e-02, +4.3984e-02, +8.0262e-02, +3.7929e-03, +2.1033e-02, +9.2358e-02, +1.6951e-02, +5.7311e-02, -4.2957e-02, -1.0460e-01, -1.0000e+00, -6.8501e-02, -2.3733e-02, +5.9458e-02, +1.4789e-02
+5.4077e-02, -1.0129e-01, -1.8505e-02, +1.4226e-01, -3.4104e-02, -1.3254e-01, +4.2508e-02, -3.6918e-03, +6.1849e-03, +8.1422e-02, -4.5649e-02, +2.2008e-02, -2.8489e-02, +4.7555e-02, -7.8148e-02, +9.1445e-03, +3.1106e-02, -3.9605e-02, -5.8149e-02, +1.9471e-02, -5.8676e-02, +1.0856e-01, -3.4248e-03, -5.9040e-02, -1.0545e-02, +1.2131e-01, -7.3829e-02, +1.7818e-02, -1.1694e-01, +9.4621e-03, -1.3757e-01, +2.5670e-02, -2.9781e-02, -1.2938e-01, +7.5455e-02, +1.8370e-03, -1.8368e-02, +2.7815e-04, -6.1477e-02, -5.9530e-02, -1.3810e-01, +3.3607e-02, +1.4267e-02, -6.0728e-02, -3.9782e-02, -6.8501e-02, -1.0000e+00, -1.3838e-02, +3.8471e-02, +2.4599e-02
+2.7799e-01, -7.6712e-04, +2.1115e-02, -2.1108e-02, +1.1331e-01, -7.4319e-03, -4.3667e-02, -1.1918e-02, +1.7647e-01, +1.7024e-01, -1.1391e-02, +1.1173e-01, +2.7587e-02, -5.6155e-02, +1.2902e-02, +1.6985e-01, +1.7462e-02, +1.0339e-01, -7.2044e-02, -1.5583e-02, -6.6346e-02, -6.6168e-02, -1.9179e-01, +4.6887e-02, +9.8132e-02, -5.2850e-02, -5.1868e-02, +3.8175e-02, +5.1141e-02, +6.3838e-02, +2.2889e-01, -4.1270e-02, +4.3272e-02, -7.0072e-01, -1.1242e-01, -4.5318e-02, +3.4469e-03, +1.1931e-01, -4.2767e-03, +8.4653e-02, +4.3412e-02, -3.2043e-02, -3.1766e-02, -1.1861e-02, +1.3915e-01, -2.3733e-02, -1.3838e-02, -1.0000e+00, +3.3581e-02, +1.2277e-01
+7.5758e-02, +7.2135e-02, +8.1488e-02, -7.3575e-02, +4.3902e-02, +5.6517e-02, +3.4002e-03, +1.5596e-02, +9.3750e-02, +3.8633e-02, +5.1018e-02, -4.9771e-02, +2.3413e-03, +2.9593e-02, +3.5213e-02, +5.9051e-02, -3.4847e-02, +6.3703e-03, -4.1554e-02, +7.0071e-03, -3.1917e-02, -2.3973e-02, -5.4744e-02, +3.4997e-02, +8.1329e-03, -2.5163e-02, +4.8540e-02, +6.7739e-02, -8.2030e-03, +4.5062e-02, -2.3179e-02, +1.3580e-02, -6.2092e-02, +1.0974e-01, -6.5426e-02, -1.0976e-02, -1.2237e-01, -9.6831e-03, -2.4605e-02, -5.0759e-02, -1.1432e-02, +5.2351e-02, +1.7023e-02, +4.9762e-02, +8.0661e-02, +5.9458e-02, +3.8471e-02, +3.3581e-02, -1.0000e+00, -2.1121e-02
-1.0197e-02, -5.8418e-04, -4.8755e-02, +8.3041e-02, +6.1620e-02, +6.9116e-02, +6.5578e-02, -1.3116e-03, -4.8636e-02, +2.4941e-01, +7.9063e-02, +1.3929e-01, -3.6082e-02, +1.5107e-02, -1.0184e-02, -1.2987e-01, +4.9611e-02, +5.5147e-02, +4.6564e-02, +1.0432e-01, +7.8145e-02, +3.8564e-02, -2.3278e-02, +1.1148e-02, -1.7088e-02, +1.4697e-01, +1.7759e-02, -2.3424e-02, +8.2809e-02, +9.5764e-02, +5.4354e-02, +3.7974e-02, -8.4866e-02, +6.8482e-02, +5.2799e-02, -5.2489e-02, -2.7590e-02, -2.2492e-03, -1.1003e-04, +9.8021e-02, +1.3909e-02, +1.6221e-02, +4.3052e-02, +4.8209e-02, +1.5380e-02, +1.4789e-02, +2.4599e-02, +1.2277e-01, -2.1121e-02, -1.0000e+00
