-1.0000e+00, -4.0442e-02, -3.6859e-02, +7.9583e-03, +7.7582e-03, -1.8321e-04, -2.2728e-02, +8.1008e-03, -5.1560e-02, -2.0114e-02, +5.4076e-03, -9.3591e-03, +4.1285e-02, -8.8818e-02, -7.5201e-02, -1.6318e-02, +1.8655e-02, -3.4788e-02, +4.0452e-03, +6.5485e-02, +1.6756e-01, +6.3813e-02, -7.7998e-03, -3.4070e-02, +6.5154e-03, -1.2626e-02, -3.6571e-02, -4.9013e-02, -6.4604e-02, -9.3496e-02, -1.6304e-02, +9.9589e-03, +1.1537e-02, +3.2366e-02, -3.6216e-02, +4.4808e-03, +3.3413e-02, -4.1120e-03, -6.7739e-02, +6.0867e-04, -8.3906e-02, -3.7007e-03, -3.0483e-02, +7.8921e-02, -8.3315e-03, -5.0949e-02, +1.0484e-02, +1.2779e-01, +2.5716e-02, -5.7559e-03
-4.0442e-02, -1.0000e+00, +1.0567e-02, -5.7993e-02, -6.0594e-02, +7.3134e-02, -2.0373e-02, +4.5952e-02, +1.8325e-02, -1.8141e-03, -1.1672e-02, -2.8431e-02, -4.4077e-02, -5.0121e-02, -2.9883e-02, +2.7068e-02, +9.5242e-02, -5.1841e-02, -7.9666e-02, +3.5365e-02, +8.1438e-02, +9.3771e-02, -1.9706e-02, -1.6362e-02, +1.1230e-01, -4.6153e-02, -2.5809e-02, +1.9681e-02, -3.3774e-03, -2.0585e-02, +7.3350e-03, -3.3972e-02, -1.6897e-02, +6.1213e-02, -9.7348e-02, +1.2781e-02, +8.9359e-02, -2.5633e-02, -4.2469e-02, +1.4708e-02, +2.9137e-02, +2.7943e-02, -5.7485e-03, +4.3045e-03, -7.6562e-02, -4.4324e-02, -1.4950e-02, +9.7793e-02, +2.5778e-02, +1.5823e-02
-3.6859e-02, +1.0567e-02, -1.0000e+00, +8.2043e-02, -4.5732e-02, -3.2737e-02, -5.8809e-02, -3.2784e-02, -5.4205e-02, +4.5327e-02, -5.5514e-02, +1.1225e-01, -4.3084e-02, +1.1501e-02, +8.6946e-02, +5.5238e-02, +5.2511e-02, -3.7447e-02, +8.9826e-02, +1.7377e-02, -4.3119e-02, -4.3755e-02, -5.4989e-02, -1.9673e-02, -1.4197e-03, +2.5056e-02, +3.0523e-02, -3.3621e-02, -2.9860e-02, +1.9810e-02, +5.7780e-02, +4.8373e-03, -4.5930e-02, +7.4026e-02, +5.1051e-02, -3.2720e-02, -2.5524e-02, +4.9714e-02, -6.9020e-03, -3.1226e-02, +3.8158e-02, +3.4989e-02, -3.1276e-02, +9.4851e-03, -2.7649e-02, +4.5539e-02, +5.9264e-02, -3.0899e-02, -4.7653e-02, -1.8241e-02
+7.9583e-03, -5.7993e-02, +8.2043e-02, -1.0000e+00, +5.4660e-03, -8.2469e-02, -5.0777e-02, -2.3024e-02, +6.7490e-02, +2.1932e-02, -2.8920e-02, +2.2005e-02, -7.7840e-02, +1.1281e-01, +1.0643e-01, +3.3045e-02, +7.9938e-02, -2.6770e-02, +7.8865e-02, +2.8255e-02, +1.0398e-01, +3.8850e-02, -4.6627e-03, -6.4088e-02, -8.5457e-02, -1.2754e-01, +1.3077e-01, +5.4566e-02, -1.0856e-01, -8.4973e-02, +3.2063e-02, -2.7272e-02, -4.5776e-02, +5.9152e-02, +6.4845e-03, +3.9732e-02, +3.3137e-02, +1.1842e-01, +5.3932e-02, -1.3550e-02, -3.2724e-02, -1.6572e-02, +8.1408e-02, -1.8797e-02, -1.0816e-02, -6.3552e-02, +6.9887e-02, -6.7489e-02, +1.6076e-03, -7.6850e-02
+7.7582e-03, -6.0594e-02, -4.5732e-02, +5.4660e-03, -1.0000e+00, +2.1294e-02, -1.0087e-01, -2.1125e-02, -3.5586e-03, -1.5181e-02, -6.2132e-02, -2.1453e-02, +3.3116e-02, -4.0958e-02, -2.7032e-02, +9.8334e-03, +1.3300e-01, -2.9098e-02, -5.8594e-02, +2.8439e-03, -4.8598e-02, -6.3463e-02, +3.1034e-02, -2.6916e-02, +3.4699e-02, +1.1699e-02, -4.3922e-02, -6.9008e-02, -3.9052e-02, -1.0584e-01, +4.4301e-02, +3.4505e-02, +4.4929e-02, +7.8669e-02, +3.1961e-02, -1.0767e-02, +1.8433e-02, +2.3250e-02, +6.4417e-03, +1.1208e-03, -1.6330e-02, -6.1602e-03, -1.6779e-02, +8.2981e-03, -4.1417e-03, -6.8280e-02, -2.6732e-02, +1.2778e-01, +6.6196e-02, +5.0900e-03
-1.8321e-04, +7.3134e-02, -3.2737e-02, -8.2469e-02, +2.1294e-02, -1.0000e+00, -2.1046e-02, +9.2899e-02, -2.1508e-02, -2.3881e-02, -6.0175e-02, +5.2723e-02, +3.5808e-02, +2.4086e-03, -6.3840e-02, +8.2547e-03, +4.3580e-02, -3.2111e-02, -1.5460e-01, -5.3418e-03, +3.9193e-03, +6.9587e-03, -2.0421e-02, -5.9738e-02, -1.2077e-02, -1.2465e-01, -9.9232e-02, +1.4240e-02, -7.5775e-02, -4.8885e-02, -8.7126e-02, +2.2516e-02, +2.0557e-02, -4.3948e-02, +5.5659e-02, -9.1923e-03, +4.6953e-02, +1.1789e-02, +9.2587e-03, -6.0759e-02, -5.0797e-02, +8.5638e-02, +2.8189e-02, -1.0405e-01, +1.0989e-02, -5.1462e-03, -1.4752e-01, -2.5684e-02, -9.7025e-03, -1.6862e-02
-2.2728e-02, -2.0373e-02, -5.8809e-02, -5.0777e-02, -1.0087e-01, -2.1046e-02, -1.0000e+00, +3.3203e-02, -1.5512e-02, -1.8945e-02, +1.6941e-02, +3.1457e-03, -1.1465e-02, -5.3262e-02, -4.0941e-02, +3.8802e-02, +7.1754e-02, +2.5821e-02, -8.2966e-02, -4.8789e-02, -5.4962e-02, -5.9223e-02, +3.4327e-02, -1.8971e-02, +2.1865e-02, +1.4825e-01, -8.6407e-02, -1.3190e-01, +1.5789e-02, -2.1417e-02, -2.7431e-02, +2.4473e-02, +1.3078e-02, +8.4082e-02, +1.0230e-02, +3.4502e-02, +2.4965e-02, +2.8622e-02, -9.7356e-02, -1.2103e-02, -3.5274e-02, -3.5723e-02, +3.6783e-02, -4.8456e-02, -5.0661e-02, -1.1508e-01, +1.9530e-03, +1.1160e-01, -7.9010e-03, +2.2057e-02
+8.1008e-03, +4.5952e-02, -3.2784e-02, -2.3024e-02, -2.1125e-02, +9.2899e-02, +3.3203e-02, -1.0000e+00, +1.5966e-02, -4.4201e-02, -9.2684e-02, -2.4126e-02, +6.7455e-02, -2.8691e-03, -2.8011e-02, +8.7376e-03, +1.6021e-01, -6.5776e-02, +1.7322e-02, +3.2540e-02, -8.1127e-03, -8.5820e-02, -1.2678e-02, +5.8282e-02, +1.3227e-02, +1.1705e-01, +2.3020e-02, -1.1081e-01, -5.1091e-02, -1.5020e-02, +6.0623e-02, -3.9487e-03, +6.5809e-03, +3.6031e-02, +2.5107e-02, -5.2523e-04, -1.5143e-02, -1.1908e-01, +1.4724e-02, -1.0738e-03, +3.1244e-02, -6.6715e-03, -2.2866e-02, +1.6142e-02, -1.1361e-02, +4.8482e-02, +2.0401e-02, +8.9405e-02, -1.6496e-02, +3.2273e-02
-5.1560e-02, +1.8325e-02, -5.4205e-02, +6.7490e-02, -3.5586e-03, -2.1508e-02, -1.5512e-02, +1.5966e-02, -1.0000e+00, +1.2158e-02, -1.7314e-03, -2.9238e-02, +5.1835e-02, +1.4814e-03, -1.3875e-02, -2.5643e-02, -7.5202e-03, -4.6236e-02, +1.1500e-02, +3.9468e-02, +6.2793e-02, +3.6436e-02, -2.0083e-02, -8.4531e-03, +4.0998e-02, +6.4172e-02, -4.8622e-02, -3.7383e-02, -7.7702e-02, -3.2751e-02, +1.5970e-02, +2.4438e-02, +5.6092e-03, +7.9753e-03, -5.9893e-02, +2.3933e-02, +4.2229e-02, +6.5992e-03, +1.9615e-02, +5.8210e-02, +6.3344e-03, -1.5528e-02, +1.9549e-02, +3.4623e-02, -5.4283e-02, +3.0932e-02, -1.9288e-03, +5.5847e-02, +2.3679e-02, +3.2852e-02
-2.0114e-02, -1.8141e-03, +4.5327e-02, +2.1932e-02, -1.5181e-02, -2.3881e-02, -1.8945e-02, -4.4201e-02, +1.2158e-02, -1.0000e+00, -5.6986e-02, -8.2390e-02, +4.9479e-02, +2.8075e-02, +2.5215e-02, +1.7028e-02, +5.1561e-02, -3.5229e-02, +4.2224e-02, -3.8677e-02, +5.2243e-02, -4.0039e-02, +7.8082e-02, -3.4660e-02, +2.2544e-02, -1.2836e-02, +3.2438e-03, -4.8277e-03, +3.1586e-02, -2.2730e-02, -8.5017e-03, -1.8698e-02, -3.7670e-02, +5.1991e-02, +3.3724e-02, -5.8637e-03, -1.3023e-02, -8.8946e-03, +4.4020e-02, +3.6647e-03, -2.2370e-02, +4.3263e-02, -5.0572e-03, +7.7391e-02, -4.4514e-03, +5.2383e-02, +3.1246e-03, +5.4407e-02, +3.4638e-02, +5.6827e-02
+5.4076e-03, -1.1672e-02, -5.5514e-02, -2.8920e-02, -6.2132e-02, -6.0175e-02, +1.6941e-02, -9.2684e-02, -1.7314e-03, -5.6986e-02, -1.0000e+00, -6.0232e-02, -4.9495e-02, -3.0478e-03, -9.2027e-02, -2.4495e-02, +1.6525e-01, -8.5891e-02, -1.2171e-01, +5.8595e-02, +2.5785e-02, +2.1782e-02, +1.6374e-02, +4.1480e-02, -5.5830e-02, -2.6833e-03, -1.0481e-02, -1.7020e-01, -4.6394e-03, -2.8142e-03, -3.6195e-02, -2.5618e-02, -6.8390e-02, +2.0749e-02, -5.3184e-02, +3.0254e-02, +1.7099e-02, +2.8166e-02, +3.3458e-02, +5.2663e-02, +1.6533e-02, -3.0671e-02, +1.3087e-02, +7.5203e-02, -1.2862e-01, -6.9125e-05, -4.8373e-02, +2.4451e-01, +2.6375e-02, +2.5449e-02
-9.3591e-03, -2.8431e-02, +1.1225e-01, +2.2005e-02, -2.1453e-02, +5.2723e-02, +3.1457e-03, -2.4126e-02, -2.9238e-02, -8.2390e-02, -6.0232e-02, -1.0000e+00, +1.2226e-01, -5.9375e-02, -6.3342e-02, -4.4992e-02, +2.8700e-01, -7.7751e-02, +1.5224e-02, -1.6263e-02, +1.8115e-01, +2.7685e-02, +6.7729e-02, +7.3788e-02, -4.3366e-02, +1.0729e-01, +1.6908e-02, -7.6415e-02, -1.0410e-01, -3.0212e-02, -2.5192e-02, -6.6558e-02, +1.0647e-01, -7.9746e-02, -4.4087e-02, -8.1974e-02, -4.0175e-02, -1.7875e-02, -3.0691e-02, +7.3614e-02, -2.4475e-02, +2.0754e-02, +2.0593e-01, +1.5749e-01, -3.9639e-02, +1.2819e-02, +4.6597e-02, +3.7474e-01, -1.3706e-02, +4.7214e-02
+4.1285e-02, -4.4077e-02, -4.3084e-02, -7.7840e-02, +3.3116e-02, +3.5808e-02, -1.1465e-02, +6.7455e-02, +5.1835e-02, +4.9479e-02, -4.9495e-02, +1.2226e-01, -1.0000e+00, +6.9218e-02, -7.3946e-02, +8.2036e-03, +1.6051e-01, -9.2825e-03, -1.1937e-01, -2.9512e-02, -8.6199e-03, -1.4014e-02, -1.6054e-02, -1.0040e-02, +5.6134e-02, -9.5880e-02, -1.2621e-02, +5.9823e-02, -5.3859e-02, -1.3716e-02, +6.6616e-02, +5.3904e-02, -3.2539e-02, -6.0123e-02, -7.8762e-03, +1.8216e-02, +1.4808e-01, -7.7564e-02, -5.8900e-02, -8.0131e-02, +8.4261e-02, -9.4377e-03, +4.2574e-02, -5.0297e-02, -7.2681e-02, -6.8072e-02, -4.3456e-02, +2.1925e-02, -9.4871e-02, +1.3488e-02
-8.8818e-02, -5.0121e-02, +1.1501e-02, +1.1281e-01, -4.0958e-02, +2.4086e-03, -5.3261e-02, -2.8691e-03, +1.4814e-03, +2.8075e-02, -3.0478e-03, -5.9375e-02, +6.9218e-02, -1.0000e+00, -7.7980e-02, -2.6673e-02, +7.1407e-02, -1.1441e-01, -1.5275e-01, -4.0627e-03, +4.5666e-03, -6.4594e-03, +2.9408e-02, -3.2096e-02, -8.4871e-02, -6.0678e-02, -1.4719e-01, -1.0679e-01, +1.6071e-02, -1.2271e-02, -4.6009e-03, +5.0937e-02, +1.9258e-02, -5.9438e-02, +1.0427e-02, +2.5222e-02, +7.5611e-02, -4.5021e-02, -3.6395e-02, +6.0409e-02, -1.3591e-01, +8.2249e-02, -3.6710e-02, +1.6183e-03, -3.4586e-02, -1.4181e-02, -5.9818e-02, +1.1189e-01, -1.6794e-02, +1.9405e-02
-7.5201e-02, -2.9883e-02, +8.6946e-02, +1.0643e-01, -2.7032e-02, -6.3840e-02, -4.0941e-02, -2.8011e-02, -1.3875e-02, +2.5215e-02, -9.2027e-02, -6.3342e-02, -7.3946e-02, -7.7980e-02, -1.0000e+00, +4.9092e-03, +9.5621e-02, +1.1263e-02, -2.6911e-01, -3.1613e-02, -8.3565e-03, +1.6539e-02, +3.5749e-03, -5.0085e-02, +7.2262e-02, +4.8172e-02, -1.2999e-01, -1.0063e-01, +2.5111e-02, -5.5960e-02, -1.1278e-01, +4.0807e-02, +3.7058e-02, -1.6989e-02, -1.5227e-02, -1.9993e-02, +3.4385e-02, +2.9122e-02, -7.0656e-02, -2.3853e-02, -1.0264e-01, -1.0152e-02, -4.1693e-02, +2.4268e-02, -1.8635e-02, -1.8512e-04, -5.0352e-02, +2.0977e-01, +9.5568e-03, -3.2596e-02
-1.6318e-02, +2.7068e-02, +5.5238e-02, +3.3045e-02, +9.8334e-03, +8.2547e-03, +3.8802e-02, +8.7376e-03, -2.5643e-02, +1.7028e-02, -2.4495e-02, -4.4992e-02, +8.2036e-03, -2.6673e-02, +4.9092e-03, -1.0000e+00, -1.9017e-02, -5.2001e-02, +1.2824e-03, +9.5871e-03, -2.7802e-02, +9.2168e-03, -1.3924e-02, -4.9924e-02, -5.8248e-02, +8.4465e-03, +1.0701e-02, -6.0174e-02, +1.6446e-02, +3.8493e-02, -2.3462e-04, +5.3168e-02, -3.7722e-02, -6.2782e-02, +1.2522e-02, -4.0932e-02, -1.1975e-02, -2.6634e-02, -4.3603e-02, -7.4145e-03, +2.2417e-02, +6.1384e-02, -5.3960e-03, +4.1271e-02, -2.4996e-02, -1.6945e-02, -4.4548e-02, +4.0217e-02, -5.7220e-03, -2.6408e-02
+1.8655e-02, +9.5242e-02, +5.2511e-02, +7.9938e-02, +1.3300e-01, +4.3580e-02, +7.1754e-02, +1.6021e-01, -7.5202e-03, +5.1561e-02, +1.6525e-01, +2.8700e-01, +1.6051e-01, +7.1407e-02, +9.5621e-02, -1.9017e-02, -1.0000e+00, +3.7401e-02, +1.0910e-01, +1.9647e-02, -1.5561e-01, -3.3041e-02, +2.8416e-02, +1.4291e-01, +5.3195e-02, +1.2756e-01, +9.0013e-02, +2.9755e-02, +1.9286e-01, -1.3149e-03, +1.2313e-01, -5.9703e-02, +8.3358e-02, -3.3038e-02, -4.9254e-02, -2.6841e-02, -5.6953e-03, +2.3763e-02, +1.2553e-01, -3.6978e-03, +1.5236e-02, +5.6830e-02, +1.6355e-02, -4.7658e-02, +1.4230e-01, +6.9982e-02, +1.4410e-01, -7.1053e-01, -1.1079e-02, +2.4384e-02
-3.4788e-02, -5.1841e-02, -3.7446e-02, -2.6770e-02, -2.9098e-02, -3.2111e-02, +2.5821e-02, -6.5776e-02, -4.6236e-02, -3.5229e-02, -8.5891e-02, -7.7751e-02, -9.2825e-03, -1.1441e-01, +1.1263e-02, -5.2001e-02, +3.7401e-02, -1.0000e+00, -2.6270e-02, +9.8122e-03, +3.2627e-02, +2.4690e-02, +4.0711e-02, +4.3812e-03, -2.9284e-02, -5.6066e-02, +4.4887e-02, -1.2344e-01, -1.0905e-01, +2.6201e-02, +4.2674e-02, -3.9934e-02, +1.7162e-03, -3.0784e-02, -1.6104e-02, -1.2365e-02, +1.4832e-02, -9.9933e-02, -2.6906e-02, +3.8669e-02, -2.2866e-02, -5.4966e-03, +1.1703e-02, +1.1519e-01, -8.1551e-02, +3.6484e-02, -2.3725e-02, +1.1686e-01, -6.1068e-03, +4.4079e-02
+4.0452e-03, -7.9666e-02, +8.9826e-02, +7.8865e-02, -5.8594e-02, -1.5460e-01, -8.2966e-02, +1.7322e-02, +1.1500e-02, +4.2224e-02, -1.2171e-01, +1.5224e-02, -1.1937e-01, -1.5275e-01, -2.6911e-01, +1.2824e-03, +1.0910e-01, -2.6270e-02, -1.0000e+00, +2.3042e-02, +2.1313e-03, +5.3525e-02, -2.5750e-02, -8.3797e-02, +1.1530e-01, -8.5698e-02, -2.1566e-01, -1.3510e-01, +5.8247e-02, -8.7350e-02, -1.4218e-01, +3.0522e-03, +7.8328e-02, -3.6984e-02, -3.2118e-02, -3.7343e-03, +1.2244e-01, +1.2178e-02, -2.1518e-01, +2.2247e-02, -5.3887e-02, +1.1734e-01, -9.4149e-02, -3.8586e-02, -9.0119e-02, -1.5405e-01, -9.7565e-02, +2.1772e-01, +1.7191e-02, +1.7194e-02
+6.5485e-02, +3.5365e-02, +1.7377e-02, +2.8255e-02, +2.8439e-03, -5.3418e-03, -4.8789e-02, +3.2540e-02, +3.9468e-02, -3.8677e-02, +5.8595e-02, -1.6263e-02, -2.9512e-02, -4.0627e-03, -3.1613e-02, +9.5871e-03, +1.9647e-02, +9.8122e-03, +2.3042e-02, -1.0000e+00, -7.4206e-02, -1.2807e-01, +9.7328e-03, -1.7812e-03, +7.5807e-02, +4.2828e-03, -4.2511e-02, +6.0366e-02, -2.6908e-02, -2.5292e-02, -9.6305e-03, -4.5496e-02, -2.4937e-02, +4.1307e-02, +7.0072e-02, -3.0975e-02, +5.5860e-02, +7.9922e-03, -1.1975e-02, -3.5383e-02, -2.3776e-03, -9.6508e-03, +1.8567e-02, -5.4056e-03, +1.3937e-02, +1.1738e-02, -1.8883e-02, -1.1559e-02, +2.3496e-02, +1.7366e-02
+1.6756e-01, +8.1438e-02, -4.3119e-02, +1.0398e-01, -4.8598e-02, +3.9193e-03, -5.4962e-02, -8.1127e-03, +6.2793e-02, +5.2243e-02, +2.5785e-02, +1.8115e-01, -8.6199e-03, +4.5666e-03, -8.3565e-03, -2.7802e-02, -1.5561e-01, +3.2627e-02, +2.1313e-03, -7.4206e-02, -1.0000e+00, -3.2402e-02, -2.8275e-02, +1.5513e-02, +6.9900e-02, +7.7120e-02, -2.5134e-02, -3.6941e-02, +1.9705e-02, +1.0301e-01, +4.3527e-02, +3.9235e-02, +2.9526e-03, -5.7885e-02, +5.9594e-02, +1.9138e-02, +9.0208e-02, -1.0315e-01, -2.2079e-02, -2.2557e-03, -5.7525e-02, +6.1039e-02, -7.2948e-02, -1.5019e-01, +4.5638e-03, -3.5664e-02, -9.1955e-02, -1.4414e-01, +6.0495e-02, +4.3202e-02
+6.3813e-02, +9.3771e-02, -4.3755e-02, +3.8850e-02, -6.3463e-02, +6.9587e-03, -5.9223e-02, -8.5820e-02, +3.6436e-02, -4.0039e-02, +2.1782e-02, +2.7685e-02, -1.4014e-02, -6.4594e-03, +1.6539e-02, +9.2168e-03, -3.3041e-02, +2.4690e-02, +5.3525e-02, -1.2807e-01, -3.2402e-02, -1.0000e+00, +3.8700e-02, -3.4976e-02, -5.3750e-02, +8.5086e-02, +1.2565e-02, +2.5886e-02, +7.3002e-02, +1.1906e-02, +2.3390e-02, -6.3346e-02, +5.0066e-02, +1.3767e-02, +1.1629e-01, +1.5632e-02, +3.3695e-02, +2.8752e-02, +2.9368e-02, -9.1369e-02, +8.2334e-03, +4.0215e-02, +6.4403e-02, +1.0709e-02, +8.3290e-02, +4.6930e-02, +4.0262e-02, -1.3433e-01, -1.4428e-02, +1.7718e-02
-7.7998e-03, -1.9706e-02, -5.4989e-02, -4.6627e-03, +3.1034e-02, -2.0421e-02, +3.4327e-02, -1.2678e-02, -2.0083e-02, +7.8082e-02, +1.6374e-02, +6.7729e-02, -1.6054e-02, +2.9408e-02, +3.5748e-03, -1.3924e-02, +2.8416e-02, +4.0711e-02, -2.5750e-02, +9.7328e-03, -2.8275e-02, +3.8700e-02, -1.0000e+00, -3.5905e-02, -8.8017e-03, -6.1525e-02, -1.7845e-02, -1.6217e-02, +1.4415e-02, -1.7621e-02, +9.0777e-03, -1.1471e-02, +2.3786e-02, +9.4989e-03, -6.8991e-03, +2.7508e-02, -1.2865e-02, -2.1362e-02, -3.6128e-02, +2.1707e-02, +4.0137e-02, +6.9177e-02, -9.1209e-02, -2.8621e-02, -5.7597e-02, -1.9193e-03, -4.5919e-02, +7.8831e-03, +6.6030e-03, -1.1207e-02
-3.4070e-02, -1.6362e-02, -1.9673e-02, -6.4088e-02, -2.6916e-02, -5.9738e-02, -1.8971e-02, +5.8282e-02, -8.4531e-03, -3.4660e-02, +4.1480e-02, +7.3788e-02, -1.0040e-02, -3.2096e-02, -5.0085e-02, -4.9924e-02, +1.4291e-01, +4.3812e-03, -8.3797e-02, -1.7812e-03, +1.5513e-02, -3.4976e-02, -3.5905e-02, -1.0000e+00, -1.5090e-02, -1.0632e-01, -1.1428e-01, -1.8567e-02, -4.4256e-04, -5.4373e-02, -4.1444e-02, +3.8402e-02, -2.8152e-02, -2.1187e-03, -1.1329e-02, +1.7003e-02, -8.0402e-03, -4.7748e-03, -2.6573e-02, -2.7700e-02, +1.1100e-02, +3.1221e-02, -8.4306e-03, -5.8084e-02, -1.1350e-02, +1.7149e-02, -7.1611e-02, +8.6769e-02, +2.4346e-02, -1.2742e-03
+6.5154e-03, +1.1230e-01, -1.4197e-03, -8.5457e-02, +3.4699e-02, -1.2077e-02, +2.1865e-02, +1.3227e-02, +4.0998e-02, +2.2544e-02, -5.5830e-02, -4.3366e-02, +5.6134e-02, -8.4871e-02, +7.2262e-02, -5.8248e-02, +5.3195e-02, -2.9284e-02, +1.1530e-01, +7.5807e-02, +6.9900e-02, -5.3750e-02, -8.8017e-03, -1.5090e-02, -1.0000e+00, -5.9918e-03, -2.4175e-02, -5.8247e-02, -5.1818e-02, +7.4065e-03, -3.1691e-03, +3.1292e-02, +1.9972e-02, -8.6235e-03, -3.2319e-02, +5.6350e-02, -6.3147e-02, -5.0633e-02, +4.7953e-02, +6.5336e-02, -4.4039e-02, -4.0627e-02, -3.0607e-02, +1.0838e-02, -2.1052e-02, +5.0717e-02, +9.0333e-02, +9.7791e-02, +3.9106e-02, +1.3317e-02
-1.2626e-02, -4.6153e-02, +2.5056e-02, -1.2754e-01, +1.1699e-02, -1.2465e-01, +1.4825e-01, +1.1705e-01, +6.4172e-02, -1.2836e-02, -2.6833e-03, +1.0729e-01, -9.5880e-02, -6.0678e-02, +4.8172e-02, +8.4465e-03, +1.2756e-01, -5.6066e-02, -8.5698e-02, +4.2828e-03, +7.7120e-02, +8.5086e-02, -6.1525e-02, -1.0632e-01, -5.9918e-03, -1.0000e+00, -9.0944e-02, +3.6855e-02, -3.9477e-02, +8.6151e-02, -4.1663e-02, +1.7640e-02, -1.0524e-03, -2.9987e-02, +2.2073e-02, +5.8848e-02, +8.0036e-02, +9.7046e-02, +1.3157e-02, -3.7668e-02, -5.3884e-02, +1.1625e-01, -9.2211e-02, -1.0904e-01, -2.5362e-02, -1.2150e-02, -7.7832e-02, +4.3568e-02, +2.9572e-02, +2.3668e-02
-3.6571e-02, -2.5809e-02, +3.0523e-02, +1.3077e-01, -4.3922e-02, -9.9232e-02, -8.6407e-02, +2.3020e-02, -4.8622e-02, +3.2438e-03, -1.0481e-02, +1.6908e-02, -1.2621e-02, -1.4719e-01, -1.2999e-01, +1.0701e-02, +9.0013e-02, +4.4887e-02, -2.1566e-01, -4.2511e-02, -2.5134e-02, +1.2565e-02, -1.7845e-02, -1.1428e-01, -2.4175e-02, -9.0944e-02, -1.0000e+00, -7.9550e-02, -5.7140e-02, +2.4384e-02, -1.5452e-01, +7.2807e-02, +3.3304e-02, -7.5105e-02, -6.7411e-04, +2.3411e-02, +1.8599e-02, -5.2649e-02, -1.0014e-01, -1.6545e-02, -1.2180e-01, +5.5751e-02, -5.2505e-03, -1.1209e-01, -6.0645e-02, -4.0751e-02, -1.3686e-01, +1.2903e-01, -3.0026e-02, -8.1767e-03
-4.9013e-02, +1.9681e-02, -3.3621e-02, +5.4566e-02, -6.9008e-02, +1.4240e-02, -1.3190e-01, -1.1081e-01, -3.7383e-02, -4.8277e-03, -1.7020e-01, -7.6415e-02, +5.9823e-02, -1.0679e-01, -1.0063e-01, -6.0174e-02, +2.9755e-02, -1.2344e-01, -1.3510e-01, +6.0366e-02, -3.6941e-02, +2.5886e-02, -1.6217e-02, -1.8567e-02, -5.8247e-02, +3.6855e-02, -7.9550e-02, -1.0000e+00, -5.9578e-02, +2.0662e-02, -8.1982e-02, +4.4793e-02, +6.9604e-02, +3.2295e-02, -1.0260e-01, +1.4231e-02, +2.8154e-02, -3.9542e-02, -1.4113e-01, +7.3301e-02, +4.1678e-02, -1.3731e-02, -9.5170e-02, +9.0008e-02, -3.3473e-02, +4.1761e-02, -5.4455e-02, +2.5381e-01, +5.3090e-02, +4.7138e-02
-6.4604e-02, -3.3774e-03, -2.9860e-02, -1.0856e-01, -3.9052e-02, -7.5775e-02, +1.5789e-02, -5.1091e-02, -7.7702e-02, +3.1586e-02, -4.6394e-03, -1.0410e-01, -5.3859e-02, +1.6071e-02, +2.5111e-02, +1.6446e-02, +1.9286e-01, -1.0905e-01, +5.8247e-02, -2.6908e-02, +1.9705e-02, +7.3002e-02, +1.4415e-02, -4.4254e-04, -5.1818e-02, -3.9477e-02, -5.7140e-02, -5.9578e-02, -1.0000e+00, -2.5354e-02, -5.3515e-02, +2.8263e-02, +1.6693e-03, -3.9603e-02, -1.9185e-02, -3.5284e-02, +1.2713e-02, -9.7432e-02, -5.9887e-02, -1.6112e-02, +3.8262e-02, +5.0707e-03, +1.4045e-02, +6.5112e-02, -6.3669e-02, -2.9871e-02, -3.2523e-02, +1.7533e-01, -1.6542e-02, +5.1316e-03
-9.3496e-02, -2.0585e-02, +1.9810e-02, -8.4973e-02, -1.0584e-01, -4.8885e-02, -2.1417e-02, -1.5020e-02, -3.2751e-02, -2.2730e-02, -2.8142e-03, -3.0212e-02, -1.3716e-02, -1.2271e-02, -5.5960e-02, +3.8493e-02, -1.3149e-03, +2.6201e-02, -8.7350e-02, -2.5292e-02, +1.0301e-01, +1.1906e-02, -1.7621e-02, -5.4373e-02, +7.4065e-03, +8.6151e-02, +2.4384e-02, +2.0662e-02, -2.5354e-02, -1.0000e+00, +9.3225e-03, +7.1044e-02, -1.4630e-02, +2.1899e-02, -5.5075e-02, -6.6659e-02, +7.0341e-02, -3.2969e-02, +4.4808e-03, +1.2739e-02, +3.6220e-02, -6.4924e-02, +3.4043e-02, +1.0508e-01, -5.8637e-02, +7.1249e-02, +1.3297e-01, +9.7923e-02, -2.1257e-02, +1.5654e-02
-1.6304e-02, +7.3350e-03, +5.7780e-02, +3.2063e-02, +4.4301e-02, -8.7126e-02, -2.7431e-02, +6.0623e-02, +1.5970e-02, -8.5017e-03, -3.6195e-02, -2.5192e-02, +6.6616e-02, -4.6009e-03, -1.1278e-01, -2.3462e-04, +1.2313e-01, +4.2674e-02, -1.4218e-01, -9.6305e-03, +4.3527e-02, +2.3390e-02, +9.0777e-03, -4.1444e-02, -3.1691e-03, -4.1663e-02, -1.5452e-01, -8.1982e-02, -5.3515e-02, +9.3225e-03, -1.0000e+00, +9.0482e-03, -1.2700e-02, -5.3466e-03, +8.7892e-02, -5.0515e-02, -6.7809e-02, -8.3697e-02, -9.1971e-02, +3.9142e-02, -1.4274e-01, +1.6382e-02, -6.2513e-02, +9.4843e-02, -4.7213e-02, -3.1099e-02, -7.9411e-02, +2.8919e-01, +2.9761e-02, -8.6784e-02
+9.9589e-03, -3.3972e-02, +4.8373e-03, -2.7272e-02, +3.4505e-02, +2.2516e-02, +2.4473e-02, -3.9487e-03, +2.4438e-02, -1.8698e-02, -2.5618e-02, -6.6558e-02, +5.3904e-02, +5.0937e-02, +4.0807e-02, +5.3168e-02, -5.9703e-02, -3.9934e-02, +3.0522e-03, -4.5496e-02, +3.9235e-02, -6.3346e-02, -1.1471e-02, +3.8402e-02, +3.1292e-02, +1.7640e-02, +7.2807e-02, +4.4793e-02, +2.8263e-02, +7.1044e-02, +9.0482e-03, -1.0000e+00, +2.1299e-02, +7.8298e-02, -4.3729e-02, -5.0252e-02, -1.1847e-02, +2.7346e-02, +2.5065e-02, -1.4793e-03, +4.7685e-02, +1.0512e-01, -4.4941e-02, -9.6531e-03, +6.5730e-02, -1.8907e-02, +4.5301e-02, -6.5432e-02, +1.5630e-02, +5.2453e-03
+1.1537e-02, -1.6897e-02, -4.5930e-02, -4.5776e-02, +4.4929e-02, +2.0557e-02, +1.3078e-02, +6.5809e-03, +5.6092e-03, -3.7670e-02, -6.8390e-02, +1.0647e-01, -3.2539e-02, +1.9258e-02, +3.7058e-02, -3.7722e-02, +8.3358e-02, +1.7162e-03, +7.8328e-02, -2.4937e-02, +2.9526e-03, +5.0066e-02, +2.3786e-02, -2.8152e-02, +1.9972e-02, -1.0524e-03, +3.3304e-02, +6.9604e-02, +1.6693e-03, -1.4630e-02, -1.2700e-02, +2.1299e-02, -1.0000e+00, -2.0780e-02, +2.0553e-02, +2.6741e-02, -7.0126e-02, -9.6405e-03, -4.7185e-02, +2.3620e-02, -2.0750e-02, +7.9374e-02, +4.1185e-02, +9.2813e-02, -7.9254e-02, +2.7874e-02, -4.5927e-02, +6.1362e-02, -1.8685e-02, -3.6718e-02
+3.2366e-02, +6.1213e-02, +7.4026e-02, +5.9152e-02, +7.8669e-02, -4.3948e-02, +8.4082e-02, +3.6031e-02, +7.9753e-03, +5.1991e-02, +2.0749e-02, -7.9746e-02, -6.0123e-02, -5.9438e-02, -1.6989e-02, -6.2782e-02, -3.3038e-02, -3.0784e-02, -3.6984e-02, +4.1307e-02, -5.7885e-02, +1.3767e-02, +9.4989e-03, -2.1187e-03, -8.6235e-03, -2.9987e-02, -7.5105e-02, +3.2295e-02, -3.9603e-02, +2.1899e-02, -5.3466e-03, +7.8298e-02, -2.0780e-02, -1.0000e+00, +2.2781e-02, -1.8690e-02, +2.3332e-02, -7.1064e-02, +3.5125e-02, +1.4119e-02, -4.0460e-02, +3.3719e-02, -1.4314e-02, -2.2962e-03, -2.1435e-03, -5.6138e-03, -9.4219e-04, +4.2210e-02, +1.1414e-02, +2.0950e-03
-3.6216e-02, -9.7348e-02, +5.1051e-02, +6.4846e-03, +3.1961e-02, +5.5659e-02, +1.0230e-02, +2.5107e-02, -5.9893e-02, +3.3724e-02, -5.3184e-02, -4.4087e-02, -7.8762e-03, +1.0427e-02, -1.5227e-02, +1.2522e-02, -4.9254e-02, -1.6104e-02, -3.2118e-02, +7.0072e-02, +5.9594e-02, +1.1629e-01, -6.8991e-03, -1.1329e-02, -3.2319e-02, +2.2073e-02, -6.7412e-04, -1.0260e-01, -1.9185e-02, -5.5075e-02, +8.7892e-02, -4.3729e-02, +2.0553e-02, +2.2781e-02, -1.0000e+00, +1.4576e-02, -3.9373e-02, +4.7334e-03, +5.6303e-02, +4.4303e-02, +9.8911e-02, +1.8044e-02, -3.2607e-02, +2.7614e-03, -4.6297e-02, -8.3602e-02, +5.8209e-02, +6.0608e-02, +4.3280e-02, +7.2184e-03
+4.4808e-03, +1.2781e-02, -3.2720e-02, +3.9732e-02, -1.0767e-02, -9.1923e-03, +3.4502e-02, -5.2524e-04, +2.3933e-02, -5.8637e-03, +3.0254e-02, -8.1974e-02, +1.8216e-02, +2.5222e-02, -1.9993e-02, -4.0932e-02, -2.6841e-02, -1.2365e-02, -3.7343e-03, -3.0975e-02, +1.9138e-02, +1.5632e-02, +2.7508e-02, +1.7003e-02, +5.6350e-02, +5.8848e-02, +2.3411e-02, +1.4231e-02, -3.5284e-02, -6.6659e-02, -5.0515e-02, -5.0252e-02, +2.6741e-02, -1.8690e-02, +1.4576e-02, -1.0000e+00, -4.4273e-02, -6.9566e-02, -5.9544e-02, +2.6497e-02, -3.7762e-02, -3.6869e-03, -9.9650e-03, +5.8612e-02, +3.6701e-02, -1.2578e-02, +1.0445e-02, +3.3750e-02, +1.8517e-02, +1.2090e-02
+3.3413e-02, +8.9359e-02, -2.5524e-02, +3.3137e-02, +1.8433e-02, +4.6953e-02, +2.4965e-02, -1.5143e-02, +4.2229e-02, -1.3023e-02, +1.7099e-02, -4.0175e-02, +1.4808e-01, +7.5611e-02, +3.4385e-02, -1.1975e-02, -5.6953e-03, +1.4832e-02, +1.2244e-01, +5.5860e-02, +9.0208e-02, +3.3695e-02, -1.2865e-02, -8.0402e-03, -6.3147e-02, +8.0036e-02, +1.8599e-02, +2.8154e-02, +1.2713e-02, +7.0341e-02, -6.7809e-02, -1.1847e-02, -7.0127e-02, +2.3332e-02, -3.9373e-02, -4.4273e-02, -1.0000e+00, -5.7452e-02, -5.1213e-02, +5.8811e-02, -1.4093e-02, -2.6330e-02, -9.3208e-02, +1.2650e-01, +1.9518e-02, +2.3004e-02, -8.3098e-02, +1.0510e-01, +4.6408e-02, -4.6108e-02
-4.1120e-03, -2.5633e-02, +4.9714e-02, +1.1842e-01, +2.3250e-02, +1.1789e-02, +2.8622e-02, -1.1908e-01, +6.5992e-03, -8.8946e-03, +2.8166e-02, -1.7874e-02, -7.7564e-02, -4.5021e-02, +2.9122e-02, -2.6634e-02, +2.3763e-02, -9.9933e-02, +1.2178e-02, +7.9922e-03, -1.0315e-01, +2.8752e-02, -2.1362e-02, -4.7748e-03, -5.0633e-02, +9.7046e-02, -5.2649e-02, -3.9542e-02, -9.7432e-02, -3.2969e-02, -8.3697e-02, +2.7346e-02, -9.6405e-03, -7.1064e-02, +4.7334e-03, -6.9565e-02, -5.7452e-02, -1.0000e+00, -4.0888e-02, +2.3891e-02, -1.4825e-01, -3.2544e-02, -1.1431e-02, +1.0354e-01, +5.1220e-02, +6.0607e-03, +1.6994e-02, +1.4558e-01, +3.9541e-02, +2.6616e-02
-6.7739e-02, -4.2469e-02, -6.9020e-03, +5.3932e-02, +6.4417e-03, +9.2587e-03, -9.7356e-02, +1.4724e-02, +1.9615e-02, +4.4020e-02, +3.3458e-02, -3.0691e-02, -5.8900e-02, -3.6395e-02, -7.0656e-02, -4.3603e-02, +1.2553e-01, -2.6906e-02, -2.1518e-01, -1.1975e-02, -2.2079e-02, +2.9368e-02, -3.6128e-02, -2.6573e-02, +4.7953e-02, +1.3157e-02, -1.0014e-01, -1.4113e-01, -5.9887e-02, +4.4808e-03, -9.1971e-02, +2.5065e-02, -4.7185e-02, +3.5125e-02, +5.6303e-02, -5.9544e-02, -5.1213e-02, -4.0888e-02, -1.0000e+00, +2.7994e-02, -5.9208e-03, +3.3571e-02, -9.3538e-02, +3.2620e-02, -2.0074e-02, -3.3596e-02, -1.0963e-01, +2.4879e-01, +2.2534e-03, -2.6002e-03
+6.0867e-04, +1.4708e-02, -3.1226e-02, -1.3550e-02, +1.1208e-03, -6.0759e-02, -1.2103e-02, -1.0738e-03, +5.8210e-02, +3.6647e-03, +5.2663e-02, +7.3614e-02, -8.0131e-02, +6.0409e-02, -2.3853e-02, -7.4145e-03, -3.6978e-03, +3.8669e-02, +2.2247e-02, -3.5383e-02, -2.2557e-03, -9.1369e-02, +2.1707e-02, -2.7700e-02, +6.5336e-02, -3.7668e-02, -1.6545e-02, +7.3301e-02, -1.6112e-02, +1.2739e-02, +3.9142e-02, -1.4793e-03, +2.3620e-02, +1.4119e-02, +4.4303e-02, +2.6497e-02, +5.8811e-02, +2.3891e-02, +2.7994e-02, -1.0000e+00, -4.1151e-02, +3.2736e-02, +2.6923e-02, -2.7389e-02, +3.9243e-02, -7.0955e-02, -3.2411e-02, -1.4311e-01, +1.5062e-02, +4.0468e-02
-8.3906e-02, +2.9137e-02, +3.8158e-02, -3.2724e-02, -1.6330e-02, -5.0797e-02, -3.5274e-02, +3.1244e-02, +6.3344e-03, -2.2370e-02, +1.6533e-02, -2.4475e-02, +8.4261e-02, -1.3591e-01, -1.0264e-01, +2.2417e-02, +1.5236e-02, -2.2866e-02, -5.3887e-02, -2.3776e-03, -5.7525e-02, +8.2334e-03, +4.0137e-02, +1.1100e-02, -4.4039e-02, -5.3884e-02, -1.2180e-01, +4.1678e-02, +3.8262e-02, +3.6220e-02, -1.4274e-01, +4.7685e-02, -2.0750e-02, -4.0460e-02, +9.8911e-02, -3.7762e-02, -1.4093e-02, -1.4825e-01, -5.9208e-03, -4.1151e-02, -1.0000e+00, +3.3270e-02, -4.6723e-02, -6.5992e-03, +2.0986e-02, -2.3998e-02, -3.3082e-02, +8.1369e-02, +2.5300e-04, -4.5818e-02
-3.7007e-03, +2.7943e-02, +3.4989e-02, -1.6572e-02, -6.1602e-03, +8.5638e-02, -3.5723e-02, -6.6715e-03, -1.5528e-02, +4.3263e-02, -3.0671e-02, +2.0754e-02, -9.4377e-03, +8.2249e-02, -1.0152e-02, +6.1384e-02, +5.6830e-02, -5.4966e-03, +1.1734e-01, -9.6508e-03, +6.1039e-02, +4.0215e-02, +6.9177e-02, +3.1221e-02, -4.0627e-02, +1.1625e-01, +5.5751e-02, -1.3731e-02, +5.0707e-03, -6.4924e-02, +1.6382e-02, +1.0512e-01, +7.9374e-02, +3.3719e-02, +1.8044e-02, -3.6869e-03, -2.6330e-02, -3.2544e-02, +3.3571e-02, +3.2736e-02, +3.3270e-02, -1.0000e+00, +3.0203e-01, +1.7886e-01, +3.9069e-02, +6.7205e-02, +1.6153e-01, +1.3755e-01, -2.3190e-03, -1.5832e-02
-3.0483e-02, -5.7485e-03, -3.1276e-02, +8.1408e-02, -1.6779e-02, +2.8189e-02, +3.6783e-02, -2.2866e-02, +1.9549e-02, -5.0572e-03, +1.3087e-02, +2.0593e-01, +4.2574e-02, -3.6710e-02, -4.1693e-02, -5.3960e-03, +1.6355e-02, +1.1703e-02, -9.4149e-02, +1.8567e-02, -7.2948e-02, +6.4403e-02, -9.1209e-02, -8.4306e-03, -3.0607e-02, -9.2211e-02, -5.2505e-03, -9.5170e-02, +1.4045e-02, +3.4043e-02, -6.2513e-02, -4.4941e-02, +4.1185e-02, -1.4314e-02, -3.2607e-02, -9.9650e-03, -9.3208e-02, -1.1431e-02, -9.3538e-02, +2.6923e-02, -4.6723e-02, +3.0203e-01, -1.0000e+00, +7.5818e-02, +1.2950e-03, -1.5631e-02, -4.2363e-02, +1.5872e-01, +1.3062e-01, +3.5465e-03
+7.8921e-02, +4.3045e-03, +9.4851e-03, -1.8797e-02, +8.2981e-03, -1.0405e-01, -4.8456e-02, +1.6142e-02, +3.4623e-02, +7.7391e-02, +7.5203e-02, +1.5749e-01, -5.0297e-02, +1.6183e-03, +2.4268e-02, +4.1271e-02, -4.7658e-02, +1.1519e-01, -3.8586e-02, -5.4056e-03, -1.5019e-01, +1.0709e-02, -2.8621e-02, -5.8084e-02, +1.0838e-02, -1.0904e-01, -1.1209e-01, +9.0008e-02, +6.5112e-02, +1.0508e-01, +9.4843e-02, -9.6531e-03, +9.2813e-02, -2.2962e-03, +2.7614e-03, +5.8612e-02, +1.2650e-01, +1.0354e-01, +3.2620e-02, -2.7389e-02, -6.5992e-03, +1.7886e-01, +7.5818e-02, -1.0000e+00, +4.0613e-02, -1.0692e-01, -9.6720e-02, -2.7175e-01, -2.1416e-02, +2.5985e-02
-8.3315e-03, -7.6562e-02, -2.7649e-02, -1.0816e-02, -4.1417e-03, +1.0989e-02, -5.0661e-02, -1.1361e-02, -5.4283e-02, -4.4514e-03, -1.2862e-01, -3.9639e-02, -7.2681e-02, -3.4586e-02, -1.8635e-02, -2.4996e-02, +1.4230e-01, -8.1551e-02, -9.0119e-02, +1.3937e-02, +4.5638e-03, +8.3290e-02, -5.7597e-02, -1.1350e-02, -2.1052e-02, -2.5362e-02, -6.0645e-02, -3.3473e-02, -6.3669e-02, -5.8637e-02, -4.7213e-02, +6.5730e-02, -7.9254e-02, -2.1435e-03, -4.6297e-02, +3.6701e-02, +1.9518e-02, +5.1220e-02, -2.0074e-02, +3.9243e-02, +2.0986e-02, +3.9069e-02, +1.2950e-03, +4.0613e-02, -1.0000e+00, -4.5839e-02, -4.4624e-03, +2.0275e-01, +2.5217e-02, -5.0955e-02
-5.0949e-02, -4.4324e-02, +4.5539e-02, -6.3552e-02, -6.8280e-02, -5.1462e-03, -1.1508e-01, +4.8482e-02, +3.0932e-02, +5.2383e-02, -6.9128e-05, +1.2819e-02, -6.8072e-02, -1.4181e-02, -1.8512e-04, -1.6945e-02, +6.9982e-02, +3.6484e-02, -1.5405e-01, +1.1738e-02, -3.5664e-02, +4.6930e-02, -1.9193e-03, +1.7149e-02, +5.0716e-02, -1.2150e-02, -4.0751e-02, +4.1761e-02, -2.9871e-02, +7.1249e-02, -3.1099e-02, -1.8907e-02, +2.7874e-02, -5.6138e-03, -8.3602e-02, -1.2578e-02, +2.3004e-02, +6.0607e-03, -3.3596e-02, -7.0955e-02, -2.3998e-02, +6.7205e-02, -1.5631e-02, -1.0692e-01, -4.5839e-02, -1.0000e+00, -1.0875e-01, -3.3029e-03, +2.8530e-02, +3.3618e-02
+1.0484e-02, -1.4950e-02, +5.9264e-02, +6.9887e-02, -2.6732e-02, -1.4752e-01, +1.9530e-03, +2.0401e-02, -1.9288e-03, +3.1246e-03, -4.8373e-02, +4.6597e-02, -4.3456e-02, -5.9818e-02, -5.0352e-02, -4.4548e-02, +1.4410e-01, -2.3725e-02, -9.7565e-02, -1.8883e-02, -9.1955e-02, +4.0262e-02, -4.5919e-02, -7.1611e-02, +9.0333e-02, -7.7832e-02, -1.3686e-01, -5.4455e-02, -3.2523e-02, +1.3297e-01, -7.9411e-02, +4.5301e-02, -4.5927e-02, -9.4218e-04, +5.8209e-02, +1.0445e-02, -8.3098e-02, +1.6994e-02, -1.0963e-01, -3.2411e-02, -3.3082e-02, +1.6153e-01, -4.2363e-02, -9.6720e-02, -4.4624e-03, -1.0875e-01, -1.0000e+00, +1.1369e-01, +7.6849e-02, -1.5682e-02
+1.2779e-01, +9.7793e-02, -3.0899e-02, -6.7489e-02, +1.2778e-01, -2.5684e-02, +1.1160e-01, +8.9405e-02, +5.5847e-02, +5.4407e-02, +2.4451e-01, +3.7474e-01, +2.1925e-02, +1.1189e-01, +2.0977e-01, +4.0217e-02, -7.1053e-01, +1.1686e-01, +2.1772e-01, -1.1559e-02, -1.4414e-01, -1.3433e-01, +7.8831e-03, +8.6769e-02, +9.7791e-02, +4.3568e-02, +1.2903e-01, +2.5381e-01, +1.7533e-01, +9.7923e-02, +2.8919e-01, -6.5432e-02, +6.1362e-02, +4.2210e-02, +6.0608e-02, +3.3750e-02, +1.0510e-01, +1.4558e-01, +2.4879e-01, -1.4311e-01, +8.1369e-02, +1.3755e-01, +1.5872e-01, -2.7175e-01, +2.0275e-01, -3.3029e-03, +1.1369e-01, -1.0000e+00, -5.9916e-02, +3.7789e-02
+2.5716e-02, +2.5778e-02, -4.7653e-02, +1.6076e-03, +6.6196e-02, -9.7025e-03, -7.9010e-03, -1.6496e-02, +2.3679e-02, +3.4638e-02, +2.6375e-02, -1.3706e-02, -9.4871e-02, -1.6794e-02, +9.5568e-03, -5.7220e-03, -1.1079e-02, -6.1068e-03, +1.7191e-02, +2.3496e-02, +6.0495e-02, -1.4428e-02, +6.6030e-03, +2.4346e-02, +3.9106e-02, +2.9572e-02, -3.0026e-02, +5.3090e-02, -1.6542e-02, -2.1257e-02, +2.9761e-02, +1.5630e-02, -1.8685e-02, +1.1414e-02, +4.3280e-02, +1.8517e-02, +4.6408e-02, +3.9541e-02, +2.2534e-03, +1.5062e-02, +2.5299e-04, -2.3190e-03, +1.3062e-01, -2.1416e-02, +2.5217e-02, +2.8530e-02, +7.6849e-02, -5.9916e-02, -1.0000e+00, +1.8103e-02
-5.7559e-03, +1.5823e-02, -1.8241e-02, -7.6850e-02, +5.0900e-03, -1.6862e-02, +2.2057e-02, +3.2273e-02, +3.2852e-02, +5.6827e-02, +2.5449e-02, +4.7214e-02, +1.3488e-02, +1.9405e-02, -3.2596e-02, -2.6408e-02, +2.4384e-02, +4.4079e-02, +1.7194e-02, +1.7366e-02, +4.3202e-02, +1.7718e-02, -1.1207e-02, -1.2742e-03, +1.3317e-02, +2.3668e-02, -8.1767e-03, +4.7138e-02, +5.1316e-03, +1.5654e-02, -8.6784e-02, +5.2453e-03, -3.6718e-02, +2.0950e-03, +7.2184e-03, +1.2090e-02, -4.6108e-02, +2.6615e-02, -2.6002e-03, +4.0468e-02, -4.5818e-02, -1.5832e-02, +3.5465e-03, +2.5985e-02, -5.0955e-02, +3.3618e-02, -1.5682e-02, +3.7789e-02, +1.8103e-02, -1.0000e+00
