-1.0000e+00, +8.9781e-03, -3.6552e-02, -2.5164e-02, -9.5827e-03, +2.3752e-02, -6.3328e-03, +3.6778e-02, -1.1401e-01, +3.1718e-02, +1.9561e-02, -2.1562e-02, +3.2974e-02, -3.2357e-02, +4.5753e-02, -5.2775e-02, +3.4138e-02, +2.4133e-02, +2.8238e-02, +9.8735e-03, -7.8084e-03, +6.7999e-02, +7.6283e-02, -3.0881e-02, -1.7971e-02, -1.4037e-02, +7.9471e-02, -1.5100e-03, -8.2898e-02, -6.4927e-02, -8.3819e-02, +2.6348e-02, -1.2604e-02, -1.0583e-01, -1.1980e-02, -5.2389e-02, +1.4581e-02, -9.1652e-04, +1.7738e-02, +2.2005e-02, +7.0688e-02, +4.6914e-02, +1.5324e-02, +4.3284e-02, -5.6956e-02, +3.3750e-02, +2.6370e-02, +2.7549e-01, +3.6197e-02, -3.1516e-02
+8.9781e-03, -1.0000e+00, -9.5707e-03, -6.9087e-02, -9.1683e-02, +1.5953e-01, +1.5107e-01, +3.4412e-01, +1.2218e-01, +3.3388e-02, +6.4856e-02, +7.7882e-02, +1.2398e-01, +4.0706e-02, -7.0442e-03, +1.0308e-01, +4.6154e-02, +1.7339e-02, -2.6642e-02, +1.0484e-01, -1.1975e-02, +5.3460e-02, +2.2933e-02, +9.9886e-02, -7.7909e-02, +1.2717e-01, +9.4974e-02, -2.2309e-02, -3.8560e-02, +5.9002e-02, -7.7122e-02, +2.0696e-02, +1.5906e-02, -5.0570e-03, +1.1004e-01, -1.2068e-02, -2.6141e-01, -1.4566e-01, +2.8612e-02, -1.1093e-01, -6.0330e-02, -8.8743e-02, -1.1072e-02, +9.0434e-03, +4.8527e-03, -1.7436e-01, -1.4573e-01, -6.5155e-02, +1.2554e-02, +8.2793e-02
-3.6552e-02, -9.5707e-03, -1.0000e+00, -1.2795e-01, +4.0256e-02, -7.2188e-02, -4.5995e-02, -2.5938e-02, -4.4674e-02, +6.0890e-02, -8.2731e-02, -1.4108e-02, -5.4431e-02, -3.8818e-02, -8.7041e-03, -3.6319e-02, +7.2260e-02, -5.2989e-03, -3.9181e-02, +2.9014e-03, -1.1935e-01, -5.4939e-02, +1.3043e-02, -5.9265e-02, -5.9484e-02, -4.3465e-03, +9.9156e-03, -6.2607e-02, -5.3939e-02, -4.0856e-02, +5.1089e-02, -2.2076e-02, +1.5773e-01, +8.3964e-02, -1.2051e-01, +4.2724e-02, -3.7681e-02, -5.0030e-02, +1.4592e-03, +1.2572e-02, -4.1574e-02, +3.5569e-02, -4.4994e-03, -1.3160e-02, -4.2543e-02, -5.7648e-02, -1.6624e-01, -6.4522e-02, +9.6663e-03, +1.2673e-02
-2.5164e-02, -6.9087e-02, -1.2795e-01, -1.0000e+00, -3.0519e-03, -4.9063e-02, -1.2447e-01, -4.5853e-02, -5.9497e-02, +7.8074e-02, -7.4549e-02, +9.2600e-03, -5.0216e-02, +3.1737e-02, +5.5980e-04, -2.3788e-03, +6.9033e-02, -5.6183e-02, -5.5040e-02, -2.5705e-02, -1.0397e-01, -5.8977e-02, +5.4653e-02, -1.0652e-02, -1.1623e-01, -9.8296e-02, -3.5566e-03, -1.2373e-01, +1.0882e-02, -2.1267e-02, -3.2436e-02, +1.4852e-03, +6.1769e-02, +7.3642e-03, -2.4089e-02, -1.0898e-01, +5.6676e-03, -5.0881e-02, -1.9593e-02, -9.2407e-02, -3.0553e-02, +2.2889e-02, -3.2835e-02, -3.9035e-02, -9.9610e-03, -7.8520e-02, -4.9147e-02, +8.6685e-02, -5.7367e-03, +4.3733e-02
-9.5827e-03, -9.1683e-02, +4.0256e-02, -3.0519e-03, -1.0000e+00, -4.6079e-02, +5.0155e-02, -5.3791e-02, +9.2588e-03, +4.7722e-02, +3.8044e-02, -2.5224e-02, -3.6457e-02, -1.2182e-02, -3.9892e-02, -9.6380e-04, +6.5415e-02, -4.8060e-02, -3.5877e-02, +1.0327e-01, +4.3168e-02, +4.3321e-02, +5.2285e-02, +1.6946e-02, +2.3501e-02, +1.5633e-01, -3.0414e-02, -3.6237e-02, -1.0993e-01, -8.2678e-02, -5.8147e-02, +4.5845e-02, +4.5597e-02, -2.6064e-02, -2.6172e-02, +2.1979e-02, -8.1829e-03, +8.1533e-02, +1.4872e-02, -5.3984e-02, +5.5588e-02, -4.0568e-03, -3.4739e-02, +7.8111e-02, -4.2035e-04, -7.7751e-02, -4.8226e-02, +8.2805e-02, +6.0848e-02, +1.3034e-02
+2.3752e-02, +1.5953e-01, -7.2188e-02, -4.9063e-02, -4.6079e-02, -1.0000e+00, -8.0934e-04, -5.8846e-02, -9.6724e-02, +2.8475e-02, -1.8460e-01, -1.9528e-02, -1.2653e-01, -1.0732e-01, -2.9717e-01, -4.2592e-02, +1.2456e-02, -1.1341e-01, -1.9458e-01, -5.7520e-02, +3.2470e-02, -7.6229e-03, -2.5660e-02, +1.9423e-02, -5.0306e-02, -2.8048e-02, -2.0809e-01, -3.0172e-02, -1.5254e-01, +5.1580e-03, -9.3332e-02, +1.2925e-02, +1.0213e-01, -9.7701e-02, -2.7580e-02, +1.3433e-03, +2.4726e-01, -1.5598e-02, -5.7297e-02, +9.8843e-03, -4.8201e-02, +3.7327e-03, +3.0430e-02, -1.6193e-02, -6.3417e-03, -1.5666e-03, -1.4870e-01, +2.1861e-03, +2.8975e-02, -4.2052e-02
-6.3328e-03, +1.5107e-01, -4.5995e-02, -1.2447e-01, +5.0155e-02, -8.0934e-04, -1.0000e+00, -1.9992e-01, -1.1978e-02, +8.0133e-03, -4.1305e-02, +6.8857e-02, +3.1800e-02, +2.5739e-02, +1.1640e-01, -5.5264e-02, +1.3634e-01, -3.6941e-02, -7.6002e-03, -5.3170e-02, -9.4380e-03, +1.2625e-02, +1.4741e-01, -2.8007e-02, -7.9909e-02, -7.6409e-02, -1.2120e-01, -3.1472e-02, +4.6689e-02, +1.3787e-02, +4.5646e-02, -1.0084e-01, -4.4717e-02, +5.5737e-02, +3.2134e-02, +9.1067e-03, -2.5088e-02, -3.2090e-02, -8.7713e-02, -6.0498e-03, -1.2292e-01, -1.8025e-02, -9.5780e-02, -8.3528e-02, -4.2015e-02, -6.9046e-02, -5.3911e-02, -1.6569e-01, -4.3904e-02, -4.0726e-02
+3.6778e-02, +3.4412e-01, -2.5938e-02, -4.5853e-02, -5.3791e-02, -5.8846e-02, -1.9992e-01, -1.0000e+00, -1.9373e-01, +4.8499e-02, -1.3142e-01, +8.1277e-04, +5.2125e-02, +1.0882e-01, -6.2655e-02, -8.4434e-02, +9.8077e-02, -5.0745e-02, -8.2001e-02, -4.7532e-02, +5.6593e-02, +4.4730e-03, +1.7492e-01, -2.1789e-02, -9.7769e-02, -9.1245e-02, -1.2102e-01, -9.2801e-02, -5.5501e-02, -2.5787e-02, +1.5849e-02, -1.0475e-01, +1.1427e-02, +3.2526e-02, -9.4864e-02, +2.8787e-02, +2.5880e-02, -2.0959e-02, -2.5524e-02, +3.6311e-02, -7.5623e-02, +7.0318e-03, -4.5585e-02, +2.1827e-02, -5.9846e-02, +1.1393e-01, -2.3362e-02, -1.4087e-01, -6.4487e-02, -3.6695e-02
-1.1401e-01, +1.2218e-01, -4.4674e-02, -5.9497e-02, +9.2588e-03, -9.6724e-02, -1.1978e-02, -1.9373e-01, -1.0000e+00, +1.3836e-02, -3.1735e-02, +1.8100e-02, -7.7922e-02, +2.2487e-02, -5.3882e-02, +2.9140e-02, -4.2689e-02, +1.6154e-02, -6.0962e-02, -2.7908e-02, -2.7292e-02, +6.4064e-02, -1.4940e-02, -1.2885e-03, -1.3707e-01, -6.1174e-02, -1.4165e-02, +2.9689e-02, -2.2944e-02, -3.9268e-02, +1.7828e-03, -1.1924e-01, +4.0811e-02, -5.4555e-02, -1.1223e-01, -6.0942e-02, -4.1972e-03, -1.4265e-02, +1.3761e-02, -1.7579e-02, -4.9173e-03, -9.7018e-02, -6.4724e-02, -4.0630e-02, -6.6701e-03, +2.1312e-02, -9.8759e-04, +5.0105e-02, -1.4475e-02, +6.9120e-04
+3.1718e-02, +3.3388e-02, +6.0890e-02, +7.8074e-02, +4.7722e-02, +2.8475e-02, +8.0133e-03, +4.8499e-02, +1.3836e-02, -1.0000e+00, -6.0771e-02, +1.2529e-01, +2.3522e-02, -2.6326e-02, +1.7913e-01, +2.7878e-02, +7.2060e-02, +7.4548e-02, +7.7805e-03, -1.0659e-02, +1.9802e-02, -7.1405e-03, +1.1504e-01, -1.2064e-01, +4.3127e-02, +3.8096e-02, -5.2334e-02, +5.4383e-02, +4.7868e-02, +1.9507e-02, -4.4981e-02, -8.4949e-03, +2.2571e-01, -3.3891e-02, +2.4222e-02, -3.5956e-02, -1.3472e-02, +8.5245e-03, +5.0073e-02, +3.2094e-02, +7.3306e-02, +1.6621e-02, +5.3493e-03, -3.4352e-02, +3.9709e-02, +6.3413e-02, +9.7783e-02, -3.8485e-02, -6.4088e-03, +3.9832e-02
+1.9561e-02, +6.4856e-02, -8.2731e-02, -7.4549e-02, +3.8044e-02, -1.8460e-01, -4.1305e-02, -1.3142e-01, -3.1735e-02, -6.0771e-02, -1.0000e+00, -6.3829e-02, -9.3086e-02, -6.2963e-02, -1.5078e-01, +1.9412e-02, -1.6673e-02, -7.2253e-02, -1.8950e-01, -2.9973e-02, -6.1756e-02, +1.8668e-02, +1.6725e-01, +1.0295e-01, -4.0306e-02, +3.6280e-02, -1.2494e-01, -9.9650e-02, -1.2581e-01, -1.8484e-02, -1.0822e-02, +1.4906e-02, +1.4010e-01, +1.8669e-01, -2.0518e-02, +4.6868e-02, +1.7698e-01, -1.1198e-01, -5.7390e-02, +1.0346e-02, -1.0746e-01, -5.3581e-03, -4.4845e-02, -3.6657e-02, -2.4630e-02, -6.6204e-02, -1.3510e-01, +1.2236e-02, +3.9427e-03, -2.6624e-02
-2.1562e-02, +7.7882e-02, -1.4108e-02, +9.2600e-03, -2.5224e-02, -1.9528e-02, +6.8857e-02, +8.1277e-04, +1.8100e-02, +1.2529e-01, -6.3829e-02, -1.0000e+00, +6.6089e-02, -8.3373e-02, +1.0204e-01, +1.6047e-01, +1.8307e-01, -5.5872e-03, -1.3049e-02, -1.4665e-02, +2.2567e-02, -3.1251e-02, +1.2131e-01, -6.7128e-02, +3.6029e-02, +6.4664e-02, +9.0800e-02, -1.3590e-02, +2.9819e-02, -4.4368e-02, +9.6110e-03, +5.0274e-02, +2.0992e-01, +4.8436e-02, +8.1819e-03, +5.9642e-02, +1.8955e-02, +5.4063e-02, -6.4687e-02, -1.0653e-02, +7.3570e-02, -2.6257e-02, +4.1414e-02, +1.4972e-01, +2.5446e-01, +2.8177e-03, +7.9830e-02, +3.0916e-01, +2.9129e-02, +4.9871e-03
+3.2974e-02, +1.2398e-01, -5.4431e-02, -5.0216e-02, -3.6457e-02, -1.2653e-01, +3.1800e-02, +5.2125e-02, -7.7922e-02, +2.3522e-02, -9.3086e-02, +6.6089e-02, -1.0000e+00, -3.5960e-02, -4.4418e-02, +4.7126e-03, +6.8501e-02, -1.0429e-01, -1.1236e-01, -1.6021e-02, -1.5445e-03, -4.7221e-02, +1.0115e-01, -2.2686e-02, +1.6801e-02, +1.3714e-02, -1.0958e-01, -8.8603e-03, -4.0870e-02, -2.6021e-02, -6.5318e-02, +2.5367e-02, +7.9091e-02, -1.3817e-03, -3.4238e-02, +7.1226e-03, +7.5035e-02, +5.1913e-02, +1.9571e-02, +1.5911e-02, -2.9443e-02, +1.1306e-02, +4.6487e-02, +6.7623e-02, -4.9481e-02, -8.1043e-02, +1.6257e-02, -8.9360e-02, -2.9550e-02, -1.4623e-02
-3.2357e-02, +4.0706e-02, -3.8818e-02, +3.1737e-02, -1.2182e-02, -1.0732e-01, +2.5739e-02, +1.0882e-01, +2.2487e-02, -2.6326e-02, -6.2963e-02, -8.3373e-02, -3.5960e-02, -1.0000e+00, -1.1587e-02, -2.3760e-02, +7.3879e-02, -1.4688e-01, -6.5247e-02, -9.9929e-02, +3.1596e-02, -2.8350e-02, -3.7245e-02, -3.4629e-02, -2.5072e-02, +1.7627e-02, -1.5259e-01, -8.0328e-02, -2.6687e-02, -1.8354e-01, -1.5436e-01, +3.8378e-02, +8.8564e-02, +1.5962e-03, -3.5550e-02, +1.6947e-02, +1.4365e-02, -8.2509e-03, -1.9843e-02, -2.0645e-02, -5.8609e-02, -2.2036e-02, +4.4379e-02, +5.4115e-02, +2.0066e-02, -3.4600e-02, -1.1611e-01, +8.6098e-03, -5.6482e-03, -5.6851e-02
+4.5753e-02, -7.0442e-03, -8.7041e-03, +5.5979e-04, -3.9892e-02, -2.9717e-01, +1.1640e-01, -6.2655e-02, -5.3882e-02, +1.7913e-01, -1.5078e-01, +1.0204e-01, -4.4418e-02, -1.1587e-02, -1.0000e+00, +1.4038e-02, -1.7080e-01, -8.5395e-02, -9.6374e-02, -1.4022e-01, -1.5006e-01, -1.6943e-02, -2.3381e-01, +3.0366e-02, -2.9613e-02, -2.5181e-02, -1.3417e-01, +2.2045e-05, -1.3532e-01, +1.5873e-02, -5.1658e-02, +5.0000e-02, +8.6700e-02, -1.6738e-01, -1.7109e-02, -5.4433e-02, +3.3981e-01, -3.1808e-02, -5.9435e-02, -1.7341e-01, -6.8066e-02, -4.0481e-02, +8.0937e-03, -6.1936e-02, +4.0504e-03, -1.3997e-02, -9.8731e-02, -1.2600e-02, +2.3769e-02, +7.3625e-02
-5.2775e-02, +1.0308e-01, -3.6319e-02, -2.3788e-03, -9.6380e-04, -4.2592e-02, -5.5264e-02, -8.4434e-02, +2.9140e-02, +2.7878e-02, +1.9412e-02, +1.6047e-01, +4.7126e-03, -2.3760e-02, +1.4038e-02, -1.0000e+00, +2.7698e-02, +1.0151e-02, +2.7359e-02, +4.9773e-02, +9.3679e-02, -2.6020e-02, +3.5647e-02, -9.8332e-02, +1.1649e-02, -6.6188e-02, -7.0125e-03, -5.1833e-03, +1.4120e-02, -8.5116e-02, -5.7308e-02, -5.8657e-02, +4.1991e-02, -1.4580e-02, +1.3440e-02, -3.7972e-02, -7.4765e-02, +3.6023e-02, -3.5661e-02, +7.7240e-03, -3.1399e-02, +5.7424e-02, +1.8444e-02, +1.9200e-01, -1.4594e-02, +4.1364e-02, -3.9815e-02, -5.0755e-02, +4.2892e-02, +1.0247e-01
+3.4138e-02, +4.6154e-02, +7.2260e-02, +6.9033e-02, +6.5415e-02, +1.2456e-02, +1.3634e-01, +9.8077e-02, -4.2689e-02, +7.2060e-02, -1.6673e-02, +1.8307e-01, +6.8501e-02, +7.3879e-02, -1.7080e-01, +2.7698e-02, -1.0000e+00, +1.5647e-02, +1.4908e-01, +5.4667e-03, -1.8424e-01, -1.7355e-02, +1.1143e-01, +1.0844e-01, +5.3608e-02, -2.2771e-02, +8.1720e-02, -4.8016e-03, +4.6318e-02, -2.9749e-02, +3.1011e-02, -6.3586e-02, -1.0062e-01, -4.0539e-02, -1.9485e-02, -2.2515e-02, +2.8794e-02, -2.9837e-02, +3.7699e-02, -1.4352e-02, -1.6468e-02, +7.4431e-03, -1.1198e-02, -3.7284e-02, +8.6092e-02, +3.0865e-02, +2.9554e-03, -3.6321e-02, -3.0145e-03, +3.3003e-02
+2.4133e-02, +1.7339e-02, -5.2989e-03, -5.6183e-02, -4.8060e-02, -1.1341e-01, -3.6941e-02, -5.0745e-02, +1.6154e-02, +7.4548e-02, -7.2253e-02, -5.5872e-03, -1.0429e-01, -1.4688e-01, -8.5395e-02, +1.0151e-02, +1.5647e-02, -1.0000e+00, -2.8507e-02, -5.9309e-02, +8.7105e-02, -4.3055e-02, +7.1350e-02, +1.4845e-01, -1.3405e-03, -4.0572e-02, -8.0593e-02, -1.0042e-03, -1.8631e-01, +9.2475e-04, -8.5684e-02, +8.9836e-02, +7.6715e-02, -7.2117e-02, -6.1120e-03, +3.1426e-02, +8.4422e-02, -5.6324e-02, +1.3181e-01, +5.5689e-02, -9.3089e-02, -3.6486e-02, +1.4606e-02, +3.2170e-02, -5.1652e-02, +9.1935e-02, -1.0901e-01, -7.2414e-02, -5.4220e-03, -6.5616e-03
+2.8238e-02, -2.6642e-02, -3.9181e-02, -5.5040e-02, -3.5877e-02, -1.9458e-01, -7.6002e-03, -8.2001e-02, -6.0962e-02, +7.7805e-03, -1.8950e-01, -1.3049e-02, -1.1236e-01, -6.5247e-02, -9.6374e-02, +2.7359e-02, +1.4908e-01, -2.8507e-02, -1.0000e+00, -2.8037e-02, -4.4984e-02, -3.6823e-02, +1.8594e-02, -4.1742e-03, -5.8719e-04, -4.0585e-03, -1.6627e-01, -1.1315e-01, -8.2255e-02, -2.6812e-02, -2.0024e-01, -3.1073e-03, +7.7390e-02, +7.0110e-02, -9.9358e-03, +9.4533e-03, +9.7425e-02, -8.6658e-02, -8.3600e-02, -5.2925e-02, -1.2984e-01, +3.6734e-02, +4.0267e-03, +7.5190e-02, -5.2273e-02, -2.1087e-01, -1.8536e-01, -6.5181e-02, +1.4842e-02, -6.7953e-02
+9.8735e-03, +1.0484e-01, +2.9014e-03, -2.5705e-02, +1.0327e-01, -5.7520e-02, -5.3170e-02, -4.7532e-02, -2.7908e-02, -1.0659e-02, -2.9973e-02, -1.4665e-02, -1.6021e-02, -9.9929e-02, -1.4022e-01, +4.9773e-02, +5.4667e-03, -5.9309e-02, -2.8037e-02, -1.0000e+00, +6.6979e-02, -1.0781e-01, -3.4786e-02, +7.9924e-02, -4.0009e-02, +1.1155e-02, -5.8192e-02, -7.3305e-02, +3.6824e-03, -9.1266e-02, -5.8558e-02, -1.2370e-02, +8.3761e-02, -5.3924e-02, -1.7520e-02, -2.2471e-02, +1.9084e-01, -1.4019e-02, -4.2018e-02, +6.3800e-02, -1.6403e-01, -1.1571e-01, -5.1918e-02, -4.7461e-02, +7.1805e-04, -1.5033e-02, +8.9584e-03, -2.3163e-02, -1.5780e-02, +5.2619e-02
-7.8084e-03, -1.1975e-02, -1.1935e-01, -1.0397e-01, +4.3168e-02, +3.2470e-02, -9.4380e-03, +5.6593e-02, -2.7292e-02, +1.9802e-02, -6.1756e-02, +2.2567e-02, -1.5445e-03, +3.1596e-02, -1.5006e-01, +9.3679e-02, -1.8424e-01, +8.7105e-02, -4.4984e-02, +6.6979e-02, -1.0000e+00, -3.2457e-02, -2.0931e-01, -1.7856e-02, -5.9271e-02, -3.4548e-02, +4.1456e-02, -1.0180e-01, -1.6436e-02, +2.5754e-02, +1.6759e-01, +9.6494e-04, -1.5398e-02, +4.9666e-02, -3.1586e-02, -6.7137e-04, +3.9405e-02, -1.0433e-01, +7.1991e-02, -5.7690e-02, -2.2987e-02, +5.6065e-02, -6.3437e-02, -1.3888e-01, +2.5028e-02, -4.4617e-02, -5.8803e-03, +7.0493e-02, +1.7016e-02, +9.4650e-02
+6.7999e-02, +5.3460e-02, -5.4939e-02, -5.8977e-02, +4.3321e-02, -7.6229e-03, +1.2625e-02, +4.4730e-03, +6.4064e-02, -7.1405e-03, +1.8668e-02, -3.1251e-02, -4.7221e-02, -2.8350e-02, -1.6943e-02, -2.6020e-02, -1.7355e-02, -4.3055e-02, -3.6823e-02, -1.0781e-01, -3.2457e-02, -1.0000e+00, -2.8833e-02, -2.6950e-02, +4.3892e-03, +3.0119e-02, +5.9319e-03, -6.8266e-02, +3.1366e-03, +6.3205e-03, +1.1002e-02, -3.1027e-02, +2.2622e-02, -2.3703e-02, +1.9550e-03, -1.1206e-01, +6.9297e-02, +4.3119e-02, -6.8416e-02, +5.5003e-02, -1.0336e-02, +3.3571e-02, -1.2877e-02, -6.7263e-02, +9.2449e-02, +7.7281e-04, -4.2392e-02, +5.4079e-03, -6.0763e-02, -3.1041e-02
+7.6283e-02, +2.2933e-02, +1.3043e-02, +5.4653e-02, +5.2285e-02, -2.5660e-02, +1.4741e-01, +1.7492e-01, -1.4939e-02, +1.1504e-01, +1.6725e-01, +1.2131e-01, +1.0115e-01, -3.7245e-02, -2.3381e-01, +3.5647e-02, +1.1143e-01, +7.1350e-02, +1.8594e-02, -3.4786e-02, -2.0931e-01, -2.8833e-02, -1.0000e+00, -8.8270e-02, +6.0978e-02, -1.4394e-01, -3.8751e-02, +5.7194e-02, +3.8391e-02, -3.3590e-02, +6.9647e-02, -2.7208e-02, -1.2047e-01, -3.8756e-02, -2.7221e-02, -1.0522e-01, +4.0233e-02, -4.1639e-02, +3.8187e-02, +2.4251e-02, +8.3629e-03, -1.0621e-02, -3.6027e-02, -3.9288e-02, +6.4754e-02, -1.9646e-02, +2.6832e-02, -1.3275e-01, +3.6575e-02, +4.3205e-02
-3.0881e-02, +9.9886e-02, -5.9265e-02, -1.0652e-02, +1.6946e-02, +1.9423e-02, -2.8007e-02, -2.1789e-02, -1.2886e-03, -1.2064e-01, +1.0295e-01, -6.7128e-02, -2.2686e-02, -3.4629e-02, +3.0366e-02, -9.8332e-02, +1.0844e-01, +1.4845e-01, -4.1742e-03, +7.9924e-02, -1.7856e-02, -2.6950e-02, -8.8270e-02, -1.0000e+00, -3.3566e-03, -6.9252e-02, +5.4488e-02, +6.6099e-02, +1.9150e-01, +2.9584e-02, +2.6203e-02, -2.9765e-02, +4.1789e-03, +1.9967e-02, -9.2650e-02, +4.9681e-02, -8.1126e-03, -1.9769e-02, -2.3521e-02, -5.4015e-02, +8.1389e-02, +9.4503e-02, +7.4599e-03, +2.7098e-02, -2.3009e-02, +8.1752e-03, +7.0058e-03, -7.0482e-03, +7.7894e-02, -3.7145e-02
-1.7971e-02, -7.7909e-02, -5.9484e-02, -1.1623e-01, +2.3501e-02, -5.0306e-02, -7.9909e-02, -9.7769e-02, -1.3707e-01, +4.3127e-02, -4.0306e-02, +3.6029e-02, +1.6801e-02, -2.5072e-02, -2.9613e-02, +1.1649e-02, +5.3608e-02, -1.3405e-03, -5.8719e-04, -4.0009e-02, -5.9271e-02, +4.3891e-03, +6.0978e-02, -3.3566e-03, -1.0000e+00, +2.1889e-02, -3.6158e-02, -9.6203e-03, -4.8146e-02, -3.2286e-02, +1.0441e-02, -1.5452e-02, +3.9032e-02, -1.5407e-01, -5.8148e-02, -4.2406e-02, -1.0707e-01, -6.5513e-02, -3.0805e-02, +1.0008e-02, -3.4083e-02, -4.5425e-02, +1.2417e-02, -1.6144e-02, -6.3852e-02, -7.7954e-03, -7.3363e-02, +5.2027e-02, -2.8392e-03, -1.0823e-02
-1.4037e-02, +1.2717e-01, -4.3465e-03, -9.8296e-02, +1.5633e-01, -2.8048e-02, -7.6409e-02, -9.1245e-02, -6.1174e-02, +3.8096e-02, +3.6280e-02, +6.4664e-02, +1.3714e-02, +1.7627e-02, -2.5181e-02, -6.6188e-02, -2.2771e-02, -4.0572e-02, -4.0585e-03, +1.1155e-02, -3.4548e-02, +3.0119e-02, -1.4394e-01, -6.9252e-02, +2.1889e-02, -1.0000e+00, -5.5132e-03, +1.0429e-01, +7.5223e-02, -1.9076e-02, +1.2041e-02, +4.9096e-03, +6.0195e-02, -1.2766e-01, +2.8638e-02, -7.4265e-02, +1.3224e-01, -2.3088e-03, +7.2257e-02, -9.2080e-04, -5.0706e-02, -4.2074e-02, -3.4454e-02, -6.2813e-02, -2.6614e-02, +2.2487e-02, -3.8651e-02, -5.1695e-02, +1.9831e-02, -1.2375e-02
+7.9471e-02, +9.4974e-02, +9.9156e-03, -3.5566e-03, -3.0414e-02, -2.0809e-01, -1.2120e-01, -1.2102e-01, -1.4165e-02, -5.2334e-02, -1.2494e-01, +9.0800e-02, -1.0958e-01, -1.5259e-01, -1.3417e-01, -7.0125e-03, +8.1720e-02, -8.0593e-02, -1.6627e-01, -5.8192e-02, +4.1456e-02, +5.9319e-03, -3.8751e-02, +5.4488e-02, -3.6158e-02, -5.5132e-03, -1.0000e+00, -8.1164e-02, -2.8805e-01, -1.6008e-02, -1.5300e-01, +2.9660e-02, +5.6895e-03, -1.4754e-01, +2.5351e-02, +3.5214e-02, +1.8280e-01, -3.1239e-02, -3.2101e-02, +2.5122e-02, -1.2057e-01, +8.0508e-02, +2.9035e-02, +6.1377e-03, -1.5233e-02, -1.1882e-01, -2.1139e-01, -1.7514e-01, -3.2699e-02, -8.5032e-02
-1.5100e-03, -2.2309e-02, -6.2607e-02, -1.2373e-01, -3.6237e-02, -3.0172e-02, -3.1472e-02, -9.2801e-02, +2.9689e-02, +5.4383e-02, -9.9650e-02, -1.3590e-02, -8.8603e-03, -8.0328e-02, +2.2035e-05, -5.1833e-03, -4.8016e-03, -1.0042e-03, -1.1315e-01, -7.3305e-02, -1.0180e-01, -6.8266e-02, +5.7194e-02, +6.6099e-02, -9.6203e-03, +1.0429e-01, -8.1164e-02, -1.0000e+00, +2.9578e-02, +4.7570e-02, +9.6267e-02, -3.7511e-02, -5.1635e-02, +3.7160e-02, -2.1994e-02, -1.8829e-02, +5.6172e-02, -9.4497e-02, -6.4375e-02, +3.1253e-02, -4.0139e-02, -5.5158e-02, -3.1934e-02, -1.0627e-01, -1.3294e-02, -4.0551e-03, -5.2432e-02, +4.6132e-02, -2.1332e-02, -8.1483e-03
-8.2898e-02, -3.8560e-02, -5.3939e-02, +1.0882e-02, -1.0993e-01, -1.5254e-01, +4.6689e-02, -5.5501e-02, -2.2944e-02, +4.7868e-02, -1.2581e-01, +2.9819e-02, -4.0870e-02, -2.6687e-02, -1.3532e-01, +1.4120e-02, +4.6318e-02, -1.8631e-01, -8.2255e-02, +3.6824e-03, -1.6436e-02, +3.1366e-03, +3.8391e-02, +1.9150e-01, -4.8146e-02, +7.5223e-02, -2.8805e-01, +2.9578e-02, -1.0000e+00, -1.4394e-02, -1.9463e-01, +7.8950e-02, +3.6843e-02, +1.1011e-01, -1.4782e-02, +1.7510e-02, +6.9551e-02, +2.8824e-02, -5.1518e-02, -3.3855e-02, +1.0273e-02, -6.3885e-02, +4.3921e-02, +9.5595e-02, -3.4232e-02, +6.4344e-04, -2.0585e-01, +3.9720e-02, +1.5953e-02, +1.8627e-02
-6.4927e-02, +5.9002e-02, -4.0856e-02, -2.1267e-02, -8.2678e-02, +5.1580e-03, +1.3787e-02, -2.5787e-02, -3.9268e-02, +1.9507e-02, -1.8484e-02, -4.4368e-02, -2.6021e-02, -1.8354e-01, +1.5873e-02, -8.5116e-02, -2.9749e-02, +9.2474e-04, -2.6812e-02, -9.1266e-02, +2.5753e-02, +6.3205e-03, -3.3590e-02, +2.9584e-02, -3.2286e-02, -1.9076e-02, -1.6008e-02, +4.7570e-02, -1.4394e-02, -1.0000e+00, -7.9573e-02, -2.7712e-02, +2.2502e-01, +1.4335e-01, +6.1106e-03, -3.7639e-02, +5.3177e-02, +5.9383e-03, +7.2647e-02, +8.8295e-03, +4.9582e-02, -2.2104e-02, -1.2767e-02, +3.3654e-02, +2.0825e-03, +5.7220e-02, -3.5044e-03, -4.7876e-02, -4.3128e-02, -1.5245e-02
-8.3819e-02, -7.7122e-02, +5.1089e-02, -3.2436e-02, -5.8147e-02, -9.3332e-02, +4.5646e-02, +1.5849e-02, +1.7828e-03, -4.4981e-02, -1.0822e-02, +9.6110e-03, -6.5318e-02, -1.5436e-01, -5.1658e-02, -5.7308e-02, +3.1011e-02, -8.5684e-02, -2.0024e-01, -5.8558e-02, +1.6759e-01, +1.1002e-02, +6.9647e-02, +2.6203e-02, +1.0441e-02, +1.2041e-02, -1.5300e-01, +9.6267e-02, -1.9463e-01, -7.9573e-02, -1.0000e+00, +2.0719e-02, +7.4440e-02, -1.1896e-01, +1.5699e-02, -1.6238e-02, +2.0882e-02, -4.5556e-02, -1.6037e-02, +2.3430e-02, -1.6075e-01, +2.3952e-02, +5.3601e-02, +1.0326e-01, -4.4596e-02, -2.4357e-02, -1.2433e-01, +8.0448e-02, +9.8496e-02, -3.1427e-02
+2.6348e-02, +2.0696e-02, -2.2076e-02, +1.4852e-03, +4.5845e-02, +1.2925e-02, -1.0084e-01, -1.0475e-01, -1.1924e-01, -8.4949e-03, +1.4906e-02, +5.0274e-02, +2.5367e-02, +3.8378e-02, +5.0000e-02, -5.8657e-02, -6.3586e-02, +8.9836e-02, -3.1073e-03, -1.2370e-02, +9.6493e-04, -3.1027e-02, -2.7208e-02, -2.9765e-02, -1.5452e-02, +4.9096e-03, +2.9660e-02, -3.7511e-02, +7.8950e-02, -2.7712e-02, +2.0719e-02, -1.0000e+00, +1.6253e-02, +2.5946e-02, -7.4474e-02, +1.5113e-03, -8.1427e-02, -6.6104e-03, -1.7302e-02, +4.4430e-02, +7.0958e-02, +8.2212e-02, -2.0060e-02, +5.5804e-02, +1.7675e-03, -2.1933e-02, -9.6350e-03, +2.9617e-02, +2.2636e-02, +1.9983e-02
-1.2604e-02, +1.5906e-02, +1.5773e-01, +6.1769e-02, +4.5597e-02, +1.0213e-01, -4.4717e-02, +1.1427e-02, +4.0811e-02, +2.2571e-01, +1.4010e-01, +2.0992e-01, +7.9091e-02, +8.8564e-02, +8.6700e-02, +4.1991e-02, -1.0062e-01, +7.6715e-02, +7.7390e-02, +8.3761e-02, -1.5398e-02, +2.2622e-02, -1.2047e-01, +4.1789e-03, +3.9032e-02, +6.0195e-02, +5.6895e-03, -5.1635e-02, +3.6843e-02, +2.2502e-01, +7.4440e-02, +1.6253e-02, -1.0000e+00, -6.0775e-02, -2.7258e-02, -2.3782e-02, -1.1772e-01, -4.1223e-02, +7.6362e-03, +5.9642e-02, -3.9067e-02, +9.4551e-02, +5.5062e-03, -1.0002e-02, +9.8223e-02, -1.2655e-02, +9.1207e-02, +1.2691e-01, -2.1071e-03, -6.6242e-02
-1.0583e-01, -5.0570e-03, +8.3964e-02, +7.3642e-03, -2.6064e-02, -9.7701e-02, +5.5737e-02, +3.2526e-02, -5.4555e-02, -3.3891e-02, +1.8669e-01, +4.8436e-02, -1.3817e-03, +1.5962e-03, -1.6738e-01, -1.4580e-02, -4.0539e-02, -7.2117e-02, +7.0110e-02, -5.3924e-02, +4.9666e-02, -2.3703e-02, -3.8756e-02, +1.9967e-02, -1.5407e-01, -1.2766e-01, -1.4754e-01, +3.7160e-02, +1.1011e-01, +1.4335e-01, -1.1896e-01, +2.5946e-02, -6.0775e-02, -1.0000e+00, +1.8653e-03, -2.3497e-02, -5.1738e-02, +2.7230e-02, +1.6701e-02, -2.2209e-02, +4.1776e-02, -2.6577e-02, +6.2214e-02, -9.1313e-02, -3.3134e-02, +2.6477e-02, -5.1712e-02, +2.3995e-01, +7.2748e-02, -1.1249e-01
-1.1980e-02, +1.1004e-01, -1.2051e-01, -2.4089e-02, -2.6172e-02, -2.7580e-02, +3.2134e-02, -9.4864e-02, -1.1223e-01, +2.4222e-02, -2.0518e-02, +8.1819e-03, -3.4238e-02, -3.5550e-02, -1.7109e-02, +1.3440e-02, -1.9485e-02, -6.1120e-03, -9.9358e-03, -1.7520e-02, -3.1586e-02, +1.9550e-03, -2.7221e-02, -9.2650e-02, -5.8148e-02, +2.8638e-02, +2.5351e-02, -2.1994e-02, -1.4782e-02, +6.1106e-03, +1.5699e-02, -7.4474e-02, -2.7258e-02, +1.8653e-03, -1.0000e+00, +5.0707e-02, -1.0021e-01, +5.6772e-02, +7.8877e-02, -7.1184e-03, +7.0549e-02, -4.1820e-02, -2.8207e-02, +1.0059e-02, -3.4799e-02, -1.2431e-02, +4.4772e-03, +5.1179e-02, +1.8440e-02, -7.9811e-02
-5.2389e-02, -1.2068e-02, +4.2724e-02, -1.0898e-01, +2.1979e-02, +1.3433e-03, +9.1067e-03, +2.8787e-02, -6.0942e-02, -3.5956e-02, +4.6868e-02, +5.9642e-02, +7.1226e-03, +1.6947e-02, -5.4433e-02, -3.7972e-02, -2.2515e-02, +3.1426e-02, +9.4533e-03, -2.2471e-02, -6.7138e-04, -1.1206e-01, -1.0522e-01, +4.9681e-02, -4.2406e-02, -7.4265e-02, +3.5214e-02, -1.8829e-02, +1.7510e-02, -3.7639e-02, -1.6238e-02, +1.5113e-03, -2.3782e-02, -2.3497e-02, +5.0707e-02, -1.0000e+00, +1.7582e-01, +2.3244e-02, +2.8876e-02, -2.2248e-03, +3.3728e-02, +1.6730e-01, -1.8532e-02, -9.7330e-02, +5.7125e-02, +1.7147e-02, +8.0120e-02, +6.3472e-02, -1.7082e-02, -2.1710e-02
+1.4581e-02, -2.6141e-01, -3.7681e-02, +5.6676e-03, -8.1829e-03, +2.4726e-01, -2.5088e-02, +2.5880e-02, -4.1972e-03, -1.3472e-02, +1.7698e-01, +1.8955e-02, +7.5035e-02, +1.4365e-02, +3.3981e-01, -7.4765e-02, +2.8794e-02, +8.4422e-02, +9.7425e-02, +1.9084e-01, +3.9405e-02, +6.9297e-02, +4.0233e-02, -8.1126e-03, -1.0707e-01, +1.3224e-01, +1.8280e-01, +5.6172e-02, +6.9551e-02, +5.3177e-02, +2.0882e-02, -8.1427e-02, -1.1772e-01, -5.1738e-02, -1.0021e-01, +1.7582e-01, -1.0000e+00, +1.3681e-01, +5.3430e-02, +7.4901e-02, +2.5205e-02, -2.1021e-02, -5.7067e-02, +1.6586e-01, -7.0864e-02, -8.8774e-02, -7.5321e-03, +1.6409e-01, -2.2790e-03, -8.3669e-02
-9.1652e-04, -1.4566e-01, -5.0030e-02, -5.0881e-02, +8.1533e-02, -1.5598e-02, -3.2090e-02, -2.0959e-02, -1.4265e-02, +8.5245e-03, -1.1198e-01, +5.4063e-02, +5.1913e-02, -8.2509e-03, -3.1808e-02, +3.6023e-02, -2.9837e-02, -5.6324e-02, -8.6659e-02, -1.4019e-02, -1.0433e-01, +4.3119e-02, -4.1639e-02, -1.9769e-02, -6.5513e-02, -2.3088e-03, -3.1239e-02, -9.4497e-02, +2.8824e-02, +5.9383e-03, -4.5556e-02, -6.6104e-03, -4.1223e-02, +2.7230e-02, +5.6772e-02, +2.3244e-02, +1.3681e-01, -1.0000e+00, -3.5365e-02, -5.2791e-04, -3.3639e-02, -1.1862e-02, +1.1079e-02, -2.4185e-02, +1.5919e-02, +3.0498e-02, -1.0984e-01, -5.5392e-02, -1.0630e-02, +1.7133e-02
+1.7738e-02, +2.8612e-02, +1.4592e-03, -1.9593e-02, +1.4872e-02, -5.7297e-02, -8.7713e-02, -2.5524e-02, +1.3761e-02, +5.0073e-02, -5.7390e-02, -6.4687e-02, +1.9571e-02, -1.9843e-02, -5.9435e-02, -3.5661e-02, +3.7699e-02, +1.3181e-01, -8.3600e-02, -4.2018e-02, +7.1991e-02, -6.8416e-02, +3.8187e-02, -2.3521e-02, -3.0805e-02, +7.2257e-02, -3.2101e-02, -6.4375e-02, -5.1518e-02, +7.2647e-02, -1.6037e-02, -1.7302e-02, +7.6362e-03, +1.6701e-02, +7.8877e-02, +2.8876e-02, +5.3430e-02, -3.5365e-02, -1.0000e+00, -2.2408e-02, +8.8405e-03, +3.5188e-02, -9.2879e-03, +6.1573e-02, +1.1141e-03, -2.9534e-02, -1.3211e-01, +6.3310e-02, +3.6822e-02, -2.9526e-02
+2.2005e-02, -1.1093e-01, +1.2572e-02, -9.2407e-02, -5.3984e-02, +9.8843e-03, -6.0498e-03, +3.6311e-02, -1.7579e-02, +3.2094e-02, +1.0346e-02, -1.0652e-02, +1.5911e-02, -2.0645e-02, -1.7341e-01, +7.7240e-03, -1.4352e-02, +5.5689e-02, -5.2925e-02, +6.3800e-02, -5.7690e-02, +5.5003e-02, +2.4251e-02, -5.4015e-02, +1.0008e-02, -9.2080e-04, +2.5122e-02, +3.1253e-02, -3.3855e-02, +8.8294e-03, +2.3430e-02, +4.4430e-02, +5.9642e-02, -2.2209e-02, -7.1184e-03, -2.2248e-03, +7.4901e-02, -5.2791e-04, -2.2408e-02, -1.0000e+00, +5.8184e-02, +4.7559e-02, +3.5429e-02, +2.0098e-02, +7.5346e-02, +1.7690e-02, -1.0838e-02, -3.6540e-02, -4.8060e-02, -6.5628e-02
+7.0688e-02, -6.0330e-02, -4.1574e-02, -3.0553e-02, +5.5588e-02, -4.8201e-02, -1.2292e-01, -7.5623e-02, -4.9173e-03, +7.3306e-02, -1.0746e-01, +7.3570e-02, -2.9443e-02, -5.8609e-02, -6.8066e-02, -3.1399e-02, -1.6468e-02, -9.3089e-02, -1.2984e-01, -1.6403e-01, -2.2987e-02, -1.0336e-02, +8.3629e-03, +8.1389e-02, -3.4084e-02, -5.0706e-02, -1.2057e-01, -4.0139e-02, +1.0273e-02, +4.9582e-02, -1.6075e-01, +7.0958e-02, -3.9067e-02, +4.1776e-02, +7.0549e-02, +3.3728e-02, +2.5205e-02, -3.3639e-02, +8.8405e-03, +5.8184e-02, -1.0000e+00, -2.1956e-02, -1.0739e-02, +7.0855e-02, -1.2974e-02, -7.8301e-02, -9.0964e-02, -1.5210e-01, +3.1109e-02, -2.4247e-02
+4.6914e-02, -8.8743e-02, +3.5569e-02, +2.2889e-02, -4.0568e-03, +3.7327e-03, -1.8025e-02, +7.0318e-03, -9.7018e-02, +1.6621e-02, -5.3581e-03, -2.6257e-02, +1.1306e-02, -2.2036e-02, -4.0481e-02, +5.7424e-02, +7.4431e-03, -3.6486e-02, +3.6734e-02, -1.1571e-01, +5.6065e-02, +3.3571e-02, -1.0621e-02, +9.4503e-02, -4.5425e-02, -4.2074e-02, +8.0508e-02, -5.5159e-02, -6.3885e-02, -2.2104e-02, +2.3952e-02, +8.2212e-02, +9.4551e-02, -2.6577e-02, -4.1820e-02, +1.6730e-01, -2.1021e-02, -1.1862e-02, +3.5188e-02, +4.7559e-02, -2.1956e-02, -1.0000e+00, -6.2373e-02, -1.7233e-01, -4.5885e-02, +4.8627e-03, -4.9327e-02, -8.2492e-03, +8.4116e-03, -5.7800e-02
+1.5324e-02, -1.1072e-02, -4.4994e-03, -3.2835e-02, -3.4739e-02, +3.0430e-02, -9.5780e-02, -4.5585e-02, -6.4724e-02, +5.3493e-03, -4.4845e-02, +4.1414e-02, +4.6487e-02, +4.4379e-02, +8.0937e-03, +1.8444e-02, -1.1198e-02, +1.4606e-02, +4.0267e-03, -5.1918e-02, -6.3437e-02, -1.2877e-02, -3.6027e-02, +7.4599e-03, +1.2417e-02, -3.4454e-02, +2.9035e-02, -3.1934e-02, +4.3921e-02, -1.2767e-02, +5.3601e-02, -2.0060e-02, +5.5062e-03, +6.2214e-02, -2.8207e-02, -1.8532e-02, -5.7067e-02, +1.1079e-02, -9.2879e-03, +3.5429e-02, -1.0739e-02, -6.2373e-02, -1.0000e+00, -2.1832e-02, -4.9318e-02, -1.3857e-02, +3.5891e-02, -1.7566e-02, -1.2148e-02, +4.6408e-03
+4.3284e-02, +9.0434e-03, -1.3160e-02, -3.9035e-02, +7.8111e-02, -1.6193e-02, -8.3528e-02, +2.1827e-02, -4.0630e-02, -3.4352e-02, -3.6657e-02, +1.4972e-01, +6.7623e-02, +5.4115e-02, -6.1936e-02, +1.9200e-01, -3.7284e-02, +3.2170e-02, +7.5190e-02, -4.7461e-02, -1.3888e-01, -6.7263e-02, -3.9288e-02, +2.7098e-02, -1.6144e-02, -6.2813e-02, +6.1377e-03, -1.0627e-01, +9.5595e-02, +3.3654e-02, +1.0326e-01, +5.5804e-02, -1.0002e-02, -9.1313e-02, +1.0059e-02, -9.7330e-02, +1.6586e-01, -2.4185e-02, +6.1573e-02, +2.0098e-02, +7.0855e-02, -1.7233e-01, -2.1832e-02, -1.0000e+00, -1.4659e-01, +3.8284e-02, -3.7519e-02, -3.5525e-02, -1.0827e-01, -3.2329e-02
-5.6956e-02, +4.8527e-03, -4.2543e-02, -9.9609e-03, -4.2034e-04, -6.3417e-03, -4.2015e-02, -5.9846e-02, -6.6701e-03, +3.9709e-02, -2.4630e-02, +2.5446e-01, -4.9481e-02, +2.0066e-02, +4.0504e-03, -1.4594e-02, +8.6092e-02, -5.1652e-02, -5.2273e-02, +7.1804e-04, +2.5028e-02, +9.2449e-02, +6.4754e-02, -2.3009e-02, -6.3852e-02, -2.6614e-02, -1.5233e-02, -1.3294e-02, -3.4232e-02, +2.0825e-03, -4.4596e-02, +1.7675e-03, +9.8223e-02, -3.3134e-02, -3.4799e-02, +5.7125e-02, -7.0864e-02, +1.5919e-02, +1.1141e-03, +7.5346e-02, -1.2974e-02, -4.5885e-02, -4.9318e-02, -1.4659e-01, -1.0000e+00, -7.1160e-03, -5.3260e-02, -1.3090e-02, +9.4325e-03, -6.4748e-03
+3.3750e-02, -1.7436e-01, -5.7648e-02, -7.8520e-02, -7.7751e-02, -1.5666e-03, -6.9046e-02, +1.1393e-01, +2.1312e-02, +6.3413e-02, -6.6204e-02, +2.8177e-03, -8.1043e-02, -3.4600e-02, -1.3997e-02, +4.1364e-02, +3.0865e-02, +9.1935e-02, -2.1087e-01, -1.5033e-02, -4.4617e-02, +7.7281e-04, -1.9646e-02, +8.1752e-03, -7.7954e-03, +2.2487e-02, -1.1882e-01, -4.0551e-03, +6.4345e-04, +5.7220e-02, -2.4357e-02, -2.1933e-02, -1.2655e-02, +2.6477e-02, -1.2431e-02, +1.7147e-02, -8.8774e-02, +3.0498e-02, -2.9534e-02, +1.7690e-02, -7.8301e-02, +4.8627e-03, -1.3857e-02, +3.8284e-02, -7.1160e-03, -1.0000e+00, -1.7447e-01, -1.3633e-01, -3.3528e-02, +4.0603e-02
+2.6370e-02, -1.4573e-01, -1.6624e-01, -4.9147e-02, -4.8226e-02, -1.4870e-01, -5.3911e-02, -2.3362e-02, -9.8760e-04, +9.7783e-02, -1.3510e-01, +7.9830e-02, +1.6257e-02, -1.1611e-01, -9.8731e-02, -3.9815e-02, +2.9554e-03, -1.0901e-01, -1.8536e-01, +8.9584e-03, -5.8803e-03, -4.2392e-02, +2.6832e-02, +7.0058e-03, -7.3363e-02, -3.8651e-02, -2.1139e-01, -5.2432e-02, -2.0585e-01, -3.5044e-03, -1.2433e-01, -9.6350e-03, +9.1207e-02, -5.1712e-02, +4.4772e-03, +8.0120e-02, -7.5321e-03, -1.0984e-01, -1.3211e-01, -1.0838e-02, -9.0964e-02, -4.9327e-02, +3.5891e-02, -3.7519e-02, -5.3260e-02, -1.7447e-01, -1.0000e+00, -2.4889e-01, -5.5480e-02, -2.3523e-02
+2.7549e-01, -6.5155e-02, -6.4522e-02, +8.6685e-02, +8.2805e-02, +2.1861e-03, -1.6569e-01, -1.4087e-01, +5.0105e-02, -3.8485e-02, +1.2236e-02, +3.0916e-01, -8.9360e-02, +8.6098e-03, -1.2600e-02, -5.0755e-02, -3.6321e-02, -7.2414e-02, -6.5181e-02, -2.3163e-02, +7.0493e-02, +5.4079e-03, -1.3275e-01, -7.0482e-03, +5.2027e-02, -5.1695e-02, -1.7514e-01, +4.6132e-02, +3.9720e-02, -4.7876e-02, +8.0448e-02, +2.9617e-02, +1.2691e-01, +2.3995e-01, +5.1179e-02, +6.3472e-02, +1.6409e-01, -5.5392e-02, +6.3310e-02, -3.6540e-02, -1.5210e-01, -8.2492e-03, -1.7566e-02, -3.5525e-02, -1.3090e-02, -1.3633e-01, -2.4889e-01, -1.0000e+00, -1.3350e-01, +1.0476e-01
+3.6197e-02, +1.2554e-02, +9.6663e-03, -5.7367e-03, +6.0848e-02, +2.8975e-02, -4.3904e-02, -6.4487e-02, -1.4475e-02, -6.4088e-03, +3.9428e-03, +2.9129e-02, -2.9550e-02, -5.6482e-03, +2.3769e-02, +4.2892e-02, -3.0145e-03, -5.4220e-03, +1.4842e-02, -1.5780e-02, +1.7016e-02, -6.0763e-02, +3.6575e-02, +7.7894e-02, -2.8392e-03, +1.9831e-02, -3.2699e-02, -2.1332e-02, +1.5953e-02, -4.3128e-02, +9.8496e-02, +2.2636e-02, -2.1071e-03, +7.2748e-02, +1.8440e-02, -1.7082e-02, -2.2790e-03, -1.0630e-02, +3.6822e-02, -4.8060e-02, +3.1109e-02, +8.4116e-03, -1.2148e-02, -1.0827e-01, +9.4325e-03, -3.3528e-02, -5.5480e-02, -1.3350e-01, -1.0000e+00, +1.0321e-02
-3.1516e-02, +8.2793e-02, +1.2673e-02, +4.3733e-02, +1.3034e-02, -4.2052e-02, -4.0726e-02, -3.6695e-02, +6.9120e-04, +3.9832e-02, -2.6624e-02, +4.9871e-03, -1.4623e-02, -5.6851e-02, +7.3625e-02, +1.0247e-01, +3.3003e-02, -6.5616e-03, -6.7953e-02, +5.2619e-02, +9.4650e-02, -3.1041e-02, +4.3205e-02, -3.7145e-02, -1.0823e-02, -1.2375e-02, -8.5032e-02, -8.1483e-03, +1.8627e-02, -1.5245e-02, -3.1427e-02, +1.9983e-02, -6.6242e-02, -1.1249e-01, -7.9811e-02, -2.1710e-02, -8.3669e-02, +1.7133e-02, -2.9526e-02, -6.5628e-02, -2.4247e-02, -5.7800e-02, +4.6408e-03, -3.2329e-02, -6.4748e-03, +4.0603e-02, -2.3523e-02, +1.0476e-01, +1.0321e-02, -1.0000e+00
