-1.0000e+00, -2.2945e-02, -9.6302e-02, -1.5118e-01, -1.1965e-01, -1.2102e-02, -6.5909e-02, +2.7277e-02, -1.3602e-01, +2.0214e-02, +3.6212e-02, -2.4681e-02, +4.4448e-02, +1.8027e-02, -1.5730e-01, +1.9429e-02, +3.9118e-02, -6.8296e-02, -2.5837e-02, +2.2766e-02, +7.2140e-02, +1.3334e-01, +6.8283e-02, -8.0971e-03, -9.7613e-02, -4.9932e-02, +4.1853e-02, -1.1273e-02, -5.3187e-04, -8.2682e-02, +2.3088e-02, -8.9230e-03, -1.8876e-02, +4.0564e-02, -4.8235e-02, +8.3566e-02, +2.3295e-01, -5.8232e-02, -1.9913e-02, -6.5690e-02, -5.0308e-02, -9.0538e-02, +7.1637e-02, +1.5858e-01, -1.3060e-01, +2.7353e-02, -3.1414e-02, +3.6996e-01, -4.0975e-02, +1.6004e-02
-2.2945e-02, -1.0000e+00, -5.2252e-02, +2.4641e-02, +5.4489e-02, -4.1889e-02, -3.1999e-02, +9.6366e-04, +3.8556e-02, +5.2002e-02, +3.6087e-02, -6.1814e-03, -4.2176e-02, -1.8259e-02, +5.4417e-02, -8.0624e-02, -1.2049e-02, +4.1099e-03, +1.4190e-02, -5.1630e-02, -4.8002e-02, +4.7165e-02, -8.0026e-02, +7.9921e-02, -1.1536e-02, -8.5699e-03, -3.2026e-02, +7.3137e-02, -2.9952e-02, -3.3480e-02, +5.5892e-02, -3.6270e-02, -2.3325e-02, -2.9547e-02, -2.9523e-02, +2.5237e-02, +1.5095e-02, +1.3310e-01, -9.6763e-03, +1.1917e-01, -3.8212e-02, +2.5513e-02, +2.1833e-02, +2.0672e-03, +5.5621e-02, -4.1348e-02, +4.2247e-02, -1.4392e-01, -4.2515e-03, +8.1049e-03
-9.6302e-02, -5.2252e-02, -1.0000e+00, -1.6234e-02, -1.1197e-02, -4.5076e-02, -5.2752e-02, -2.6183e-02, -4.7488e-03, +5.1341e-02, -6.4268e-02, -8.2693e-02, -2.2857e-02, -3.8426e-02, +3.0649e-02, +2.7312e-03, +6.9529e-02, -3.6857e-03, -1.9843e-02, +5.6064e-03, +6.8953e-02, +4.3838e-02, +2.2280e-01, -4.9829e-02, -7.6285e-02, -5.7837e-02, -6.2266e-02, +3.0883e-02, -8.6363e-02, -2.2790e-02, +1.9218e-02, -2.0108e-02, -6.1113e-02, +1.4277e-02, -3.0100e-02, +1.3660e-02, +1.2175e-02, +4.7954e-02, -5.8211e-02, +1.1197e-01, -3.5166e-02, -2.1472e-02, -1.0113e-02, -3.0920e-02, -4.1642e-02, -1.0460e-02, -6.3245e-02, -7.7774e-03, -9.7765e-02, +2.8164e-02
-1.5118e-01, +2.4641e-02, -1.6234e-02, -1.0000e+00, -1.0118e-01, -1.1315e-01, -1.2034e-01, -4.6248e-02, -6.3388e-02, +6.4242e-02, -1.1944e-01, -1.3337e-01, -5.3914e-02, +5.7908e-03, -1.2639e-02, -2.0252e-02, +6.5170e-02, -4.6885e-02, -3.8032e-02, -5.8994e-03, -1.8306e-02, +8.9811e-02, +1.2983e-01, -1.1593e-01, -5.5958e-02, -8.9811e-02, -5.0577e-02, -7.0550e-02, -7.5080e-02, -5.4062e-02, -1.4024e-01, -3.3647e-02, -5.2246e-02, +2.6698e-02, -3.5195e-02, +1.1341e-02, +6.2852e-02, -5.6290e-02, -1.1969e-01, +9.5594e-02, -7.7182e-02, -1.0907e-01, +3.0494e-02, +7.3736e-02, -7.0360e-02, -4.9254e-02, -1.4418e-01, +2.4361e-01, +2.9364e-02, -2.9813e-02
-1.1965e-01, +5.4489e-02, -1.1197e-02, -1.0118e-01, -1.0000e+00, -5.9893e-03, -2.5126e-02, -1.6567e-02, -4.3919e-02, +4.8451e-02, +9.8059e-02, -2.6050e-02, -6.6572e-03, +1.8025e-02, -1.1968e-01, +3.4471e-02, +1.2687e-02, -6.1519e-02, +5.4265e-02, -3.4334e-02, +4.5873e-02, -7.6735e-03, -4.3834e-02, -5.6303e-02, +2.5193e-02, -7.7211e-03, +3.6153e-02, -5.6803e-02, -4.1458e-03, -1.4497e-01, +2.8909e-02, -3.5999e-02, -6.2480e-02, -8.0432e-03, -2.3955e-02, -7.0110e-03, -4.0000e-03, +2.3614e-02, +4.6580e-02, +2.1222e-02, -6.5254e-02, -6.4291e-02, +3.6371e-02, +6.4580e-02, -7.3042e-02, +4.5358e-02, -1.1277e-01, +3.2367e-01, +1.2885e-02, +5.0971e-02
-1.2102e-02, -4.1889e-02, -4.5076e-02, -1.1315e-01, -5.9893e-03, -1.0000e+00, +1.3488e-02, +5.4798e-02, +1.6351e-02, +6.0109e-02, -1.3283e-01, -1.9747e-02, +3.2698e-02, -3.2993e-02, -8.2622e-02, +1.6683e-02, +1.0638e-02, -5.5774e-02, -1.4658e-01, -6.0539e-02, -2.7227e-02, +4.4927e-02, +5.0687e-02, -1.0667e-02, -7.9065e-02, +3.1362e-02, -6.7087e-02, -3.8399e-02, -8.7127e-02, +3.0070e-02, -9.5508e-02, -2.4186e-02, -1.0515e-01, +5.9274e-02, -8.2614e-02, -7.9763e-03, +6.1425e-02, -3.0097e-02, -2.1713e-02, +1.8549e-01, -3.0920e-02, -3.0248e-02, +8.3277e-03, +6.0279e-03, -6.7970e-02, -2.5608e-02, -9.5557e-02, +8.2068e-02, -7.5217e-02, -5.3545e-02
-6.5909e-02, -3.1999e-02, -5.2752e-02, -1.2034e-01, -2.5126e-02, +1.3488e-02, -1.0000e+00, -2.2562e-02, -6.3308e-02, +4.9076e-02, -1.3462e-01, -6.5839e-02, +2.2016e-02, +7.1310e-03, -6.4516e-02, +7.9869e-02, +1.1106e-01, -3.9135e-02, -5.6522e-02, -3.2871e-02, +2.5257e-02, +1.2436e-03, +1.9683e-02, -3.1493e-02, -2.4010e-02, +1.7349e-02, -4.0483e-02, -8.0252e-02, -9.5439e-02, +3.4364e-02, -7.1788e-02, -4.7349e-02, -4.7678e-03, -1.4194e-03, -3.6045e-02, +7.8034e-02, +1.0316e-01, -1.6007e-02, +3.4863e-02, +5.0360e-02, -6.8561e-02, -3.3308e-02, +1.9940e-02, +8.2043e-02, -6.5778e-02, -4.4792e-02, -1.0401e-01, +9.7815e-02, +4.5876e-02, +2.4662e-02
+2.7277e-02, +9.6366e-04, -2.6183e-02, -4.6248e-02, -1.6567e-02, +5.4798e-02, -2.2562e-02, -1.0000e+00, -1.1180e-02, +6.2691e-02, -7.4659e-02, -1.3132e-01, -3.3692e-03, -9.5099e-02, +1.4816e-02, +7.1376e-02, +6.7035e-02, -2.3715e-02, +4.3582e-02, +3.2047e-02, +8.9653e-02, +2.6486e-02, +1.3570e-01, -1.7414e-02, -4.5243e-02, +4.3585e-02, -1.0310e-01, -8.7464e-02, -6.7771e-02, +2.1366e-02, -4.7748e-02, -3.3698e-02, +1.2375e-02, +1.5917e-02, +3.1955e-02, +4.6640e-02, -1.0404e-01, -5.3795e-02, -5.5808e-03, +4.5154e-02, +1.2674e-02, -9.2878e-02, +2.5499e-02, -1.0378e-01, -7.9743e-02, +4.7072e-02, -6.4798e-02, -1.0096e-01, +1.2560e-01, +2.2735e-02
-1.3602e-01, +3.8556e-02, -4.7489e-03, -6.3388e-02, -4.3919e-02, +1.6351e-02, -6.3308e-02, -1.1180e-02, -1.0000e+00, +2.5373e-02, +7.8833e-02, -2.7417e-02, +4.2797e-02, +4.3345e-02, -7.6631e-02, +3.6657e-02, -4.2971e-02, +4.3535e-03, +6.1378e-02, +1.3000e-04, +2.2079e-02, +3.6563e-02, -5.6037e-02, +3.2044e-03, -4.3332e-02, +5.3946e-02, +5.3311e-03, +1.4874e-02, +6.6719e-02, +6.6513e-02, +1.4956e-02, -5.5284e-02, -1.1502e-02, +7.1646e-03, +3.3933e-02, +3.7135e-02, +8.6053e-02, -1.6727e-02, +1.5704e-02, +4.0930e-03, +1.2024e-02, -3.9899e-02, -2.9647e-02, -3.9149e-02, +9.1295e-03, +5.0935e-02, -1.4290e-02, +1.4085e-01, +3.7319e-02, +4.7180e-03
+2.0214e-02, +5.2002e-02, +5.1341e-02, +6.4242e-02, +4.8451e-02, +6.0109e-02, +4.9076e-02, +6.2691e-02, +2.5373e-02, -1.0000e+00, -6.2523e-02, +6.6716e-02, +4.3761e-02, -2.0303e-02, +9.8948e-02, -1.2861e-02, +7.5929e-02, +5.0260e-02, +1.8478e-02, -1.8598e-02, -2.0983e-02, -2.5573e-02, +9.3641e-02, -1.0858e-01, +1.3309e-02, +6.8690e-02, -3.0851e-02, +4.5138e-02, +3.4190e-02, -2.1407e-03, -3.9894e-02, +1.7263e-02, +2.2489e-02, -2.4877e-02, +7.6291e-03, +4.7773e-02, +2.1047e-02, +2.8379e-02, +5.5372e-02, +1.2645e-02, +1.0093e-01, -3.0072e-02, -4.3027e-03, -6.8405e-02, +2.7934e-02, +4.3826e-02, +9.4704e-02, +1.6906e-03, +1.9315e-02, +2.3883e-02
+3.6212e-02, +3.6087e-02, -6.4268e-02, -1.1944e-01, +9.8059e-02, -1.3283e-01, -1.3462e-01, -7.4659e-02, +7.8833e-02, -6.2523e-02, -1.0000e+00, -1.5887e-01, -7.2938e-02, -1.3430e-02, -4.7489e-02, -5.0544e-02, +1.0563e-03, -8.2773e-02, -1.4912e-01, -3.2413e-02, -7.7530e-02, -5.7844e-03, +1.5088e-01, -3.8719e-02, -6.8047e-02, -6.9124e-02, -1.2651e-01, -8.4433e-02, -1.8714e-01, -3.1166e-02, -1.2009e-01, -7.2630e-02, -1.0935e-01, -4.0497e-02, -5.4618e-02, +7.1466e-02, +6.2009e-02, -5.1282e-02, -4.8527e-02, +1.2003e-01, -2.3940e-02, +4.7546e-02, -3.7694e-02, -4.6880e-02, -6.9000e-02, +3.6054e-02, -1.1082e-01, +9.6013e-02, +3.1173e-02, +7.7831e-03
-2.4681e-02, -6.1814e-03, -8.2693e-02, -1.3337e-01, -2.6050e-02, -1.9747e-02, -6.5839e-02, -1.3132e-01, -2.7417e-02, +6.6716e-02, -1.5887e-01, -1.0000e+00, -3.6305e-02, -1.9659e-01, -4.3901e-02, -2.8650e-02, +1.6066e-01, -8.0493e-02, -1.2321e-01, +3.2043e-02, -6.6209e-02, -3.2028e-02, +2.0698e-01, -1.4298e-01, -1.4582e-01, +1.8530e-02, -1.3002e-01, -3.0294e-02, -8.7443e-02, -3.7716e-02, +1.5212e-02, -1.0915e-01, -1.0100e-01, -4.4550e-02, +2.2634e-02, -8.0083e-02, +2.3204e-02, +1.8162e-02, -9.4362e-02, +4.8914e-01, +2.0928e-02, +1.0064e-01, +7.1548e-02, -6.1276e-02, -3.2352e-02, +1.1828e-02, -1.6783e-01, +9.9006e-02, +3.4193e-01, -1.3626e-03
+4.4448e-02, -4.2176e-02, -2.2857e-02, -5.3914e-02, -6.6573e-03, +3.2698e-02, +2.2016e-02, -3.3692e-03, +4.2797e-02, +4.3761e-02, -7.2938e-02, -3.6305e-02, -1.0000e+00, -6.1080e-02, +7.6750e-02, +3.9338e-03, +7.7054e-02, +3.1687e-02, +9.3040e-03, +1.1535e-02, +3.5404e-02, -1.5425e-03, +2.0546e-01, -2.9012e-03, -5.8852e-03, -8.6503e-02, -3.0931e-02, +3.6443e-02, -2.8798e-02, -3.5576e-02, -3.9930e-02, +2.7765e-02, -3.4364e-02, +5.3123e-02, -1.8912e-02, -1.9836e-02, -6.4558e-02, +2.0361e-03, -7.6945e-03, +3.4107e-03, +4.6464e-02, -2.1622e-02, +1.8745e-02, +1.8518e-03, -1.3306e-01, +5.5581e-03, -3.3403e-02, +4.2303e-03, -4.3381e-02, -1.0677e-01
+1.8027e-02, -1.8259e-02, -3.8426e-02, +5.7908e-03, +1.8025e-02, -3.2993e-02, +7.1310e-03, -9.5099e-02, +4.3345e-02, -2.0303e-02, -1.3430e-02, -1.9659e-01, -6.1080e-02, -1.0000e+00, +5.7431e-02, +1.5296e-02, +7.6304e-02, -2.7932e-02, -1.1669e-01, +2.5616e-02, +7.4258e-03, -7.8425e-02, +2.7244e-01, -8.8558e-02, -7.4268e-02, -3.4047e-02, -1.7056e-01, -4.5311e-02, +4.6781e-02, -4.4490e-02, -8.1399e-04, -8.5915e-02, -4.6113e-02, -3.1675e-02, +3.0784e-02, -1.2274e-01, +4.4432e-02, +3.1828e-02, -2.3611e-02, +2.5433e-01, -5.1277e-02, -5.7036e-03, +3.0567e-02, -6.9772e-02, -3.3943e-02, -6.8971e-02, -3.7795e-02, -2.1742e-01, -3.3581e-02, -9.7368e-02
-1.5730e-01, +5.4417e-02, +3.0649e-02, -1.2639e-02, -1.1968e-01, -8.2622e-02, -6.4516e-02, +1.4816e-02, -7.6631e-02, +9.8948e-02, -4.7489e-02, -4.3901e-02, +7.6750e-02, +5.7431e-02, -1.0000e+00, -8.9721e-03, -1.1074e-01, -8.8615e-02, -6.0808e-02, -3.8507e-02, -4.8318e-02, +7.7127e-02, -1.3449e-01, -6.7088e-02, -2.0749e-02, +3.4151e-02, -2.0406e-02, -8.9752e-02, -3.5674e-02, -2.6687e-02, -9.8186e-02, -2.4913e-02, -3.3624e-02, -1.5323e-02, -2.6776e-02, +1.0170e-01, +1.4069e-01, -8.0865e-02, +1.4160e-02, +2.0359e-03, -1.4269e-01, -6.5128e-02, +1.7921e-02, +5.3915e-02, -1.1537e-01, +4.1310e-02, -3.5600e-02, +4.6138e-01, -1.7499e-03, +3.3705e-02
+1.9429e-02, -8.0624e-02, +2.7312e-03, -2.0252e-02, +3.4471e-02, +1.6683e-02, +7.9869e-02, +7.1376e-02, +3.6657e-02, -1.2861e-02, -5.0545e-02, -2.8650e-02, +3.9338e-03, +1.5296e-02, -8.9721e-03, -1.0000e+00, -7.1232e-03, +1.2592e-01, -3.2363e-02, -1.9268e-03, +4.4674e-03, -3.8872e-02, -2.6029e-02, +2.7283e-02, +6.1945e-02, -1.7225e-03, -2.7830e-02, -2.1998e-02, -4.9170e-02, -6.2323e-02, +2.5818e-03, -2.6096e-02, -3.5123e-02, -4.8877e-02, +1.1806e-02, +2.2745e-01, -6.3241e-02, -4.3870e-02, -3.0368e-03, -2.2074e-02, +2.7776e-02, +3.9729e-03, +1.5351e-02, -5.2665e-02, -3.1618e-03, -7.4967e-02, -1.0828e-01, +7.7442e-02, +4.7888e-02, +3.9422e-03
+3.9118e-02, -1.2049e-02, +6.9529e-02, +6.5170e-02, +1.2687e-02, +1.0638e-02, +1.1106e-01, +6.7035e-02, -4.2971e-02, +7.5929e-02, +1.0563e-03, +1.6066e-01, +7.7054e-02, +7.6304e-02, -1.1074e-01, -7.1232e-03, -1.0000e+00, +9.8689e-03, +6.3483e-02, -1.6063e-02, -2.5502e-02, +2.3625e-02, +1.1838e-01, +6.7820e-02, +7.4331e-02, +4.1411e-02, +2.5855e-02, +4.6376e-03, +4.8147e-02, -7.0442e-03, +6.6485e-02, -5.1559e-02, +7.6388e-03, +3.0849e-03, +6.0012e-03, -1.7766e-02, +6.2869e-03, -1.5896e-02, +3.8404e-02, +3.5240e-03, +6.1601e-03, +6.0458e-03, -1.3454e-02, -9.9843e-03, +8.5029e-02, +5.6994e-03, +9.7293e-03, -8.8963e-03, +2.7512e-03, +2.4392e-02
-6.8296e-02, +4.1099e-03, -3.6857e-03, -4.6885e-02, -6.1519e-02, -5.5774e-02, -3.9135e-02, -2.3715e-02, +4.3535e-03, +5.0260e-02, -8.2773e-02, -8.0493e-02, +3.1687e-02, -2.7932e-02, -8.8615e-02, +1.2592e-01, +9.8688e-03, -1.0000e+00, +8.5675e-02, +1.4042e-02, -6.5351e-02, +6.4484e-02, +6.8063e-02, +2.1615e-02, -1.0469e-01, +3.0703e-03, -5.7836e-02, -4.1513e-02, -3.3892e-02, -5.6126e-02, -5.1734e-02, -7.7312e-03, -2.5431e-02, -6.4557e-02, +6.7589e-02, +6.0431e-02, -4.4730e-02, +3.7392e-03, +1.0020e-01, +5.2228e-02, -3.7198e-02, +7.2708e-03, -2.3799e-02, -1.7382e-02, -1.0625e-01, +1.0598e-01, -6.7355e-02, +1.4807e-01, +8.4189e-02, +1.0143e-01
-2.5837e-02, +1.4190e-02, -1.9843e-02, -3.8032e-02, +5.4265e-02, -1.4658e-01, -5.6522e-02, +4.3582e-02, +6.1378e-02, +1.8478e-02, -1.4912e-01, -1.2321e-01, +9.3040e-03, -1.1669e-01, -6.0808e-02, -3.2363e-02, +6.3483e-02, +8.5675e-02, -1.0000e+00, -3.4304e-02, -4.5481e-02, -8.7819e-02, +7.2691e-02, -7.5286e-02, +2.4153e-02, +3.7764e-02, -1.4476e-01, -1.9157e-02, -3.9078e-02, -7.8881e-02, -5.1199e-02, -5.8420e-02, -6.2644e-02, +3.2083e-02, -6.6422e-02, -2.8461e-02, +1.7629e-01, -4.9821e-02, -4.5490e-02, +1.6997e-01, -3.2081e-02, +8.4467e-02, -4.8625e-03, +8.5052e-02, -6.8258e-02, -1.0875e-01, -6.9184e-02, +5.4858e-03, -5.9988e-03, -7.0460e-02
+2.2766e-02, -5.1630e-02, +5.6064e-03, -5.8994e-03, -3.4334e-02, -6.0539e-02, -3.2871e-02, +3.2047e-02, +1.3000e-04, -1.8598e-02, -3.2413e-02, +3.2043e-02, +1.1535e-02, +2.5616e-02, -3.8507e-02, -1.9268e-03, -1.6063e-02, +1.4042e-02, -3.4304e-02, -1.0000e+00, +3.0213e-02, -1.4091e-01, -3.0355e-02, -1.1641e-01, +9.0844e-04, -1.7090e-04, -4.8996e-02, -8.8975e-03, -7.0842e-02, -1.1952e-02, -3.3517e-02, +5.6583e-02, -5.2306e-02, -8.5758e-03, -6.3448e-02, +8.4010e-02, +2.7259e-02, +3.3824e-02, -4.0744e-02, -1.1757e-02, -4.1358e-02, +2.3412e-03, +1.3248e-02, +5.9197e-04, -1.1441e-02, +4.0564e-02, -3.0164e-02, +3.1613e-02, +1.1767e-01, +6.6344e-02
+7.2140e-02, -4.8002e-02, +6.8953e-02, -1.8306e-02, +4.5873e-02, -2.7227e-02, +2.5257e-02, +8.9653e-02, +2.2079e-02, -2.0983e-02, -7.7530e-02, -6.6209e-02, +3.5404e-02, +7.4258e-03, -4.8318e-02, +4.4675e-03, -2.5502e-02, -6.5351e-02, -4.5481e-02, +3.0213e-02, -1.0000e+00, +1.5981e-01, -5.1287e-02, -1.0353e-03, -9.8151e-03, -1.0988e-02, -2.8572e-02, -5.1856e-02, -2.2098e-02, -2.9395e-02, -1.5476e-02, +2.1213e-02, +2.7723e-02, -5.1257e-02, -2.0774e-02, -5.9602e-02, +7.5390e-02, +1.7846e-02, -1.5602e-02, +3.9698e-02, -7.3674e-02, +6.1475e-02, -1.1797e-01, -1.0084e-01, +5.7129e-02, +5.7855e-02, +1.5451e-02, -4.5117e-04, +4.5763e-02, +6.3176e-02
+1.3334e-01, +4.7165e-02, +4.3838e-02, +8.9811e-02, -7.6735e-03, +4.4927e-02, +1.2436e-03, +2.6486e-02, +3.6563e-02, -2.5573e-02, -5.7844e-03, -3.2028e-02, -1.5425e-03, -7.8425e-02, +7.7127e-02, -3.8872e-02, +2.3625e-02, +6.4484e-02, -8.7819e-02, -1.4091e-01, +1.5981e-01, -1.0000e+00, +6.5124e-02, -1.3955e-01, -1.2970e-02, +3.0425e-02, -3.0113e-02, +2.2649e-02, +3.4188e-02, -8.8911e-02, -5.1151e-02, -9.7049e-02, -3.1231e-02, +1.7326e-02, +2.5110e-02, +3.3748e-02, -7.2446e-02, -5.6922e-02, -3.9543e-02, -8.0244e-02, +2.0752e-02, +6.8310e-02, -1.7197e-03, +1.5874e-01, +3.3369e-02, +9.9324e-03, -4.0757e-02, -5.1772e-02, +7.3158e-02, +1.8613e-02
+6.8283e-02, -8.0026e-02, +2.2280e-01, +1.2983e-01, -4.3834e-02, +5.0687e-02, +1.9683e-02, +1.3570e-01, -5.6037e-02, +9.3641e-02, +1.5088e-01, +2.0698e-01, +2.0546e-01, +2.7244e-01, -1.3449e-01, -2.6029e-02, +1.1838e-01, +6.8063e-02, +7.2691e-02, -3.0355e-02, -5.1287e-02, +6.5124e-02, -1.0000e+00, -5.8678e-03, +8.7692e-02, +4.1854e-02, +2.0131e-02, +9.1319e-02, +1.1406e-01, +2.9228e-02, +9.9665e-02, +1.0545e-01, +8.0515e-02, -3.7289e-02, +8.6651e-02, -3.8930e-02, -1.2145e-01, -1.9256e-02, +3.1147e-02, +6.8677e-02, -7.2026e-02, +5.2390e-02, -6.8293e-02, +4.4594e-02, +1.3925e-01, +5.4624e-03, +1.6072e-02, -5.0546e-02, -2.4922e-02, -1.6920e-02
-8.0971e-03, +7.9921e-02, -4.9829e-02, -1.1593e-01, -5.6303e-02, -1.0667e-02, -3.1493e-02, -1.7414e-02, +3.2044e-03, -1.0858e-01, -3.8719e-02, -1.4298e-01, -2.9012e-03, -8.8558e-02, -6.7088e-02, +2.7283e-02, +6.7820e-02, +2.1615e-02, -7.5286e-02, -1.1641e-01, -1.0353e-03, -1.3955e-01, -5.8678e-03, -1.0000e+00, +1.5502e-03, +1.9133e-02, -9.2268e-02, +5.5578e-02, +6.5495e-02, -5.0816e-02, -9.8592e-02, -6.5955e-02, +1.2442e-03, -1.3398e-02, +1.4487e-02, -3.1180e-02, +7.5430e-02, -1.3443e-02, -2.3686e-02, +1.4255e-01, -2.0522e-02, -1.6483e-04, +7.9956e-03, +3.2788e-02, -2.5301e-02, -1.1136e-01, -1.3107e-01, +6.6847e-02, +7.9125e-02, -8.9940e-03
-9.7613e-02, -1.1536e-02, -7.6285e-02, -5.5958e-02, +2.5193e-02, -7.9065e-02, -2.4010e-02, -4.5243e-02, -4.3332e-02, +1.3309e-02, -6.8047e-02, -1.4582e-01, -5.8852e-03, -7.4268e-02, -2.0749e-02, +6.1945e-02, +7.4331e-02, -1.0469e-01, +2.4153e-02, +9.0844e-04, -9.8151e-03, -1.2970e-02, +8.7692e-02, +1.5502e-03, -1.0000e+00, +5.8658e-03, -6.1031e-02, -7.3454e-02, -5.6845e-02, +6.9175e-03, -4.4204e-02, -1.4283e-02, -6.3427e-02, +3.0293e-02, +2.8662e-02, +6.4887e-02, -4.1265e-02, +1.1665e-02, +3.4418e-03, +1.0952e-01, -1.4547e-03, -8.2912e-02, +4.4973e-02, -2.9208e-02, -6.1025e-02, +2.1571e-02, -6.1203e-02, +1.6780e-01, -3.6316e-02, -7.2970e-02
-4.9932e-02, -8.5699e-03, -5.7837e-02, -8.9811e-02, -7.7211e-03, +3.1362e-02, +1.7349e-02, +4.3585e-02, +5.3946e-02, +6.8690e-02, -6.9124e-02, +1.8530e-02, -8.6503e-02, -3.4047e-02, +3.4151e-02, -1.7225e-03, +4.1411e-02, +3.0703e-03, +3.7764e-02, -1.7089e-04, -1.0988e-02, +3.0425e-02, +4.1854e-02, +1.9133e-02, +5.8658e-03, -1.0000e+00, -2.3877e-02, -1.2533e-01, -1.9638e-02, -7.5033e-02, +9.8861e-03, -4.9910e-03, -5.5697e-02, -6.6751e-04, -1.5343e-02, +3.7057e-02, -4.2088e-02, -4.7266e-02, -2.3169e-02, +4.6283e-02, -3.0621e-02, -3.6997e-03, +3.0499e-02, +8.5141e-03, -6.7670e-02, +5.5994e-02, -4.7783e-02, +3.5030e-02, -8.6272e-02, +1.1505e-02
+4.1853e-02, -3.2026e-02, -6.2266e-02, -5.0577e-02, +3.6153e-02, -6.7087e-02, -4.0483e-02, -1.0310e-01, +5.3311e-03, -3.0851e-02, -1.2651e-01, -1.3002e-01, -3.0931e-02, -1.7056e-01, -2.0406e-02, -2.7830e-02, +2.5855e-02, -5.7836e-02, -1.4476e-01, -4.8996e-02, -2.8572e-02, -3.0113e-02, +2.0131e-02, -9.2268e-02, -6.1031e-02, -2.3877e-02, -1.0000e+00, -7.9447e-02, -1.3555e-01, -9.8441e-02, -5.8779e-02, -1.1842e-01, -3.1311e-02, -1.2260e-02, -6.6556e-02, +7.2465e-03, +2.6199e-03, +5.7697e-02, -3.8164e-02, +2.7447e-01, +1.1682e-02, -4.7416e-02, -5.0737e-03, -3.4724e-02, -5.9023e-02, -1.1434e-02, -9.9094e-02, -8.2119e-02, +3.7113e-04, -4.5191e-03
-1.1273e-02, +7.3137e-02, +3.0883e-02, -7.0550e-02, -5.6803e-02, -3.8399e-02, -8.0252e-02, -8.7464e-02, +1.4874e-02, +4.5138e-02, -8.4433e-02, -3.0294e-02, +3.6443e-02, -4.5311e-02, -8.9752e-02, -2.1998e-02, +4.6376e-03, -4.1513e-02, -1.9157e-02, -8.8975e-03, -5.1856e-02, +2.2649e-02, +9.1319e-02, +5.5578e-02, -7.3454e-02, -1.2533e-01, -7.9447e-02, -1.0000e+00, -5.9786e-02, +8.2378e-02, -8.1429e-02, -8.6699e-02, -4.3489e-02, -1.0003e-02, +3.4818e-02, +5.5327e-02, +1.3351e-01, -1.7638e-02, +1.5975e-02, -3.5247e-03, -7.5625e-02, -1.5012e-02, -3.3495e-02, -1.8216e-02, -2.0099e-02, +6.2395e-02, -1.1806e-01, +1.2060e-01, -1.0889e-02, -4.7345e-02
-5.3186e-04, -2.9952e-02, -8.6363e-02, -7.5080e-02, -4.1458e-03, -8.7127e-02, -9.5439e-02, -6.7771e-02, +6.6719e-02, +3.4190e-02, -1.8714e-01, -8.7443e-02, -2.8798e-02, +4.6781e-02, -3.5674e-02, -4.9170e-02, +4.8147e-02, -3.3892e-02, -3.9078e-02, -7.0842e-02, -2.2098e-02, +3.4188e-02, +1.1406e-01, +6.5495e-02, -5.6845e-02, -1.9638e-02, -1.3555e-01, -5.9786e-02, -1.0000e+00, +9.7160e-03, -6.7676e-02, -2.5445e-02, -3.5722e-02, -3.5740e-03, -1.2438e-02, +7.5265e-03, +2.8395e-02, +1.2456e-02, +1.4237e-02, +1.0536e-01, -3.3082e-02, -5.7873e-02, -3.9107e-02, -4.2531e-02, -6.6237e-02, +1.1010e-01, -5.7175e-02, +4.5974e-02, +2.6845e-02, -1.4270e-02
-8.2682e-02, -3.3480e-02, -2.2790e-02, -5.4062e-02, -1.4497e-01, +3.0070e-02, +3.4364e-02, +2.1366e-02, +6.6513e-02, -2.1407e-03, -3.1166e-02, -3.7716e-02, -3.5576e-02, -4.4490e-02, -2.6687e-02, -6.2323e-02, -7.0442e-03, -5.6126e-02, -7.8881e-02, -1.1952e-02, -2.9395e-02, -8.8911e-02, +2.9228e-02, -5.0816e-02, +6.9175e-03, -7.5033e-02, -9.8441e-02, +8.2378e-02, +9.7160e-03, -1.0000e+00, -2.3448e-02, +1.2668e-02, -2.2467e-02, -4.8475e-02, -1.0208e-01, -3.7205e-04, -6.8824e-02, -7.5554e-03, -5.2934e-02, +1.4862e-01, -1.6406e-02, -2.4845e-02, +3.7515e-02, +2.1462e-02, -4.2906e-02, +3.4745e-02, -9.2170e-02, +1.4865e-01, -6.3991e-02, +3.5930e-02
+2.3088e-02, +5.5892e-02, +1.9218e-02, -1.4024e-01, +2.8909e-02, -9.5508e-02, -7.1788e-02, -4.7748e-02, +1.4956e-02, -3.9894e-02, -1.2009e-01, +1.5212e-02, -3.9930e-02, -8.1399e-04, -9.8186e-02, +2.5818e-03, +6.6485e-02, -5.1734e-02, -5.1199e-02, -3.3517e-02, -1.5476e-02, -5.1151e-02, +9.9665e-02, -9.8593e-02, -4.4204e-02, +9.8861e-03, -5.8779e-02, -8.1429e-02, -6.7676e-02, -2.3448e-02, -1.0000e+00, +3.2871e-02, -5.4747e-02, -2.3013e-03, +1.3423e-02, +4.4680e-02, +6.4869e-02, -4.6994e-02, -3.1263e-02, +1.5819e-02, -7.6346e-02, +6.9031e-03, +3.4747e-02, -7.0472e-02, -5.2263e-02, +4.7470e-02, -6.9319e-02, +1.5266e-01, -5.8463e-02, -2.8077e-02
-8.9230e-03, -3.6270e-02, -2.0108e-02, -3.3647e-02, -3.5999e-02, -2.4186e-02, -4.7349e-02, -3.3698e-02, -5.5284e-02, +1.7263e-02, -7.2630e-02, -1.0915e-01, +2.7765e-02, -8.5915e-02, -2.4913e-02, -2.6096e-02, -5.1559e-02, -7.7312e-03, -5.8420e-02, +5.6583e-02, +2.1213e-02, -9.7049e-02, +1.0545e-01, -6.5955e-02, -1.4283e-02, -4.9910e-03, -1.1842e-01, -8.6699e-02, -2.5445e-02, +1.2668e-02, +3.2871e-02, -1.0000e+00, +2.1520e-02, +1.1581e-02, -9.3848e-02, +1.2582e-01, +1.1015e-01, +2.6553e-03, -2.2350e-03, +3.7929e-02, +6.7157e-02, +9.1011e-03, +1.5122e-02, +4.4486e-02, +1.4165e-02, +3.0491e-02, -4.4135e-02, +9.5643e-02, +6.0074e-02, +8.8699e-02
-1.8876e-02, -2.3325e-02, -6.1113e-02, -5.2246e-02, -6.2480e-02, -1.0515e-01, -4.7678e-03, +1.2375e-02, -1.1502e-02, +2.2489e-02, -1.0935e-01, -1.0100e-01, -3.4364e-02, -4.6113e-02, -3.3624e-02, -3.5123e-02, +7.6388e-03, -2.5431e-02, -6.2644e-02, -5.2306e-02, +2.7723e-02, -3.1231e-02, +8.0515e-02, +1.2442e-03, -6.3427e-02, -5.5697e-02, -3.1311e-02, -4.3489e-02, -3.5722e-02, -2.2467e-02, -5.4747e-02, +2.1520e-02, -1.0000e+00, +4.5577e-02, +1.0706e-01, -1.0143e-02, -6.2544e-03, +1.1450e-03, -7.3357e-02, +1.1490e-01, -5.8958e-02, +9.6745e-02, +4.0553e-02, +1.0281e-02, -8.8910e-02, +4.5538e-02, -5.2453e-02, +5.7383e-02, +2.9292e-02, -2.7392e-02
+4.0564e-02, -2.9547e-02, +1.4277e-02, +2.6698e-02, -8.0432e-03, +5.9274e-02, -1.4194e-03, +1.5917e-02, +7.1646e-03, -2.4877e-02, -4.0497e-02, -4.4550e-02, +5.3123e-02, -3.1675e-02, -1.5323e-02, -4.8877e-02, +3.0849e-03, -6.4557e-02, +3.2083e-02, -8.5758e-03, -5.1257e-02, +1.7326e-02, -3.7289e-02, -1.3398e-02, +3.0293e-02, -6.6751e-04, -1.2260e-02, -1.0003e-02, -3.5740e-03, -4.8475e-02, -2.3013e-03, +1.1581e-02, +4.5577e-02, -1.0000e+00, -8.3087e-02, +3.0800e-02, -3.8788e-02, +3.3205e-03, +3.1727e-02, +3.3095e-02, -4.2642e-02, +2.6155e-02, -3.4062e-02, -5.6598e-03, +8.9908e-02, +7.2160e-02, -1.0431e-02, -3.7089e-02, -2.2102e-02, +7.8011e-02
-4.8235e-02, -2.9523e-02, -3.0100e-02, -3.5195e-02, -2.3955e-02, -8.2614e-02, -3.6045e-02, +3.1955e-02, +3.3933e-02, +7.6291e-03, -5.4618e-02, +2.2634e-02, -1.8912e-02, +3.0784e-02, -2.6776e-02, +1.1806e-02, +6.0012e-03, +6.7589e-02, -6.6422e-02, -6.3448e-02, -2.0774e-02, +2.5110e-02, +8.6651e-02, +1.4487e-02, +2.8662e-02, -1.5343e-02, -6.6556e-02, +3.4818e-02, -1.2438e-02, -1.0208e-01, +1.3423e-02, -9.3848e-02, +1.0706e-01, -8.3087e-02, -1.0000e+00, +5.2438e-02, +3.8689e-03, +4.7300e-02, +3.3792e-02, +9.8881e-03, +3.2970e-02, -7.1614e-03, -8.4345e-03, +6.7024e-02, -2.0949e-02, -6.5416e-02, +4.1658e-02, -2.5988e-02, -5.0198e-02, +1.7421e-02
+8.3566e-02, +2.5237e-02, +1.3660e-02, +1.1341e-02, -7.0110e-03, -7.9763e-03, +7.8034e-02, +4.6640e-02, +3.7135e-02, +4.7773e-02, +7.1466e-02, -8.0083e-02, -1.9836e-02, -1.2274e-01, +1.0170e-01, +2.2745e-01, -1.7766e-02, +6.0431e-02, -2.8461e-02, +8.4010e-02, -5.9602e-02, +3.3748e-02, -3.8930e-02, -3.1180e-02, +6.4887e-02, +3.7057e-02, +7.2465e-03, +5.5327e-02, +7.5265e-03, -3.7205e-04, +4.4680e-02, +1.2582e-01, -1.0143e-02, +3.0800e-02, +5.2438e-02, -1.0000e+00, -7.0257e-03, +2.6102e-02, -9.6209e-02, -1.7279e-02, +3.1958e-02, +1.3321e-02, -1.1205e-03, +1.2586e-02, +3.7540e-02, -4.0952e-02, -6.2985e-02, -1.3040e-01, +9.8221e-02, -8.9206e-02
+2.3295e-01, +1.5095e-02, +1.2175e-02, +6.2852e-02, -4.0000e-03, +6.1425e-02, +1.0316e-01, -1.0404e-01, +8.6053e-02, +2.1047e-02, +6.2009e-02, +2.3204e-02, -6.4558e-02, +4.4432e-02, +1.4069e-01, -6.3241e-02, +6.2869e-03, -4.4730e-02, +1.7629e-01, +2.7259e-02, +7.5390e-02, -7.2446e-02, -1.2145e-01, +7.5430e-02, -4.1265e-02, -4.2088e-02, +2.6199e-03, +1.3351e-01, +2.8395e-02, -6.8824e-02, +6.4869e-02, +1.1015e-01, -6.2544e-03, -3.8788e-02, +3.8689e-03, -7.0258e-03, -1.0000e+00, +7.0067e-02, +6.6756e-02, +2.2269e-02, +9.0569e-02, +3.0300e-03, -4.6357e-02, +2.2810e-02, -5.2911e-02, +9.6151e-02, -5.2101e-04, -8.8430e-02, -2.7973e-02, -1.7016e-02
-5.8232e-02, +1.3310e-01, +4.7954e-02, -5.6290e-02, +2.3614e-02, -3.0097e-02, -1.6007e-02, -5.3795e-02, -1.6727e-02, +2.8379e-02, -5.1282e-02, +1.8162e-02, +2.0361e-03, +3.1828e-02, -8.0865e-02, -4.3870e-02, -1.5896e-02, +3.7392e-03, -4.9821e-02, +3.3824e-02, +1.7846e-02, -5.6922e-02, -1.9256e-02, -1.3443e-02, +1.1665e-02, -4.7266e-02, +5.7698e-02, -1.7638e-02, +1.2456e-02, -7.5554e-03, -4.6994e-02, +2.6553e-03, +1.1450e-03, +3.3205e-03, +4.7300e-02, +2.6102e-02, +7.0067e-02, -1.0000e+00, -1.1956e-02, -3.9584e-02, -7.1851e-02, +2.6317e-03, -4.7165e-02, -1.7256e-02, -2.2178e-02, +6.3015e-02, -6.1652e-02, +1.3263e-01, -4.2514e-02, -5.3743e-02
-1.9913e-02, -9.6763e-03, -5.8211e-02, -1.1969e-01, +4.6580e-02, -2.1713e-02, +3.4863e-02, -5.5808e-03, +1.5704e-02, +5.5372e-02, -4.8527e-02, -9.4362e-02, -7.6945e-03, -2.3611e-02, +1.4160e-02, -3.0368e-03, +3.8404e-02, +1.0020e-01, -4.5490e-02, -4.0744e-02, -1.5602e-02, -3.9543e-02, +3.1147e-02, -2.3686e-02, +3.4418e-03, -2.3169e-02, -3.8164e-02, +1.5975e-02, +1.4237e-02, -5.2934e-02, -3.1263e-02, -2.2350e-03, -7.3357e-02, +3.1727e-02, +3.3792e-02, -9.6209e-02, +6.6756e-02, -1.1956e-02, -1.0000e+00, +9.5085e-02, +5.6038e-02, +3.4730e-02, -1.0991e-02, -5.2328e-03, -2.8286e-02, +3.5587e-02, -5.8380e-02, +3.0696e-03, -2.4566e-02, -7.3994e-03
-6.5690e-02, +1.1917e-01, +1.1197e-01, +9.5594e-02, +2.1222e-02, +1.8549e-01, +5.0360e-02, +4.5154e-02, +4.0930e-03, +1.2645e-02, +1.2003e-01, +4.8914e-01, +3.4107e-03, +2.5433e-01, +2.0359e-03, -2.2074e-02, +3.5240e-03, +5.2228e-02, +1.6997e-01, -1.1757e-02, +3.9698e-02, -8.0244e-02, +6.8677e-02, +1.4255e-01, +1.0952e-01, +4.6283e-02, +2.7447e-01, -3.5247e-03, +1.0536e-01, +1.4862e-01, +1.5819e-02, +3.7929e-02, +1.1490e-01, +3.3095e-02, +9.8881e-03, -1.7279e-02, +2.2269e-02, -3.9584e-02, +9.5085e-02, -1.0000e+00, +3.3110e-02, -4.9475e-02, -7.3294e-02, +5.3996e-02, +1.8972e-01, +3.8200e-02, +1.7776e-01, +8.1603e-02, +1.4607e-01, +1.1016e-01
-5.0308e-02, -3.8212e-02, -3.5166e-02, -7.7182e-02, -6.5254e-02, -3.0920e-02, -6.8561e-02, +1.2674e-02, +1.2024e-02, +1.0093e-01, -2.3940e-02, +2.0928e-02, +4.6464e-02, -5.1277e-02, -1.4269e-01, +2.7776e-02, +6.1601e-03, -3.7198e-02, -3.2081e-02, -4.1358e-02, -7.3674e-02, +2.0752e-02, -7.2026e-02, -2.0522e-02, -1.4547e-03, -3.0621e-02, +1.1682e-02, -7.5625e-02, -3.3082e-02, -1.6406e-02, -7.6346e-02, +6.7157e-02, -5.8958e-02, -4.2642e-02, +3.2970e-02, +3.1958e-02, +9.0569e-02, -7.1851e-02, +5.6038e-02, +3.3110e-02, -1.0000e+00, +1.7880e-02, +2.6942e-02, +4.2324e-02, -5.0900e-02, +3.0738e-03, -5.7127e-02, +1.5257e-01, +8.2316e-02, +8.7583e-02
-9.0538e-02, +2.5513e-02, -2.1472e-02, -1.0907e-01, -6.4291e-02, -3.0248e-02, -3.3308e-02, -9.2878e-02, -3.9899e-02, -3.0072e-02, +4.7546e-02, +1.0064e-01, -2.1622e-02, -5.7036e-03, -6.5128e-02, +3.9729e-03, +6.0458e-03, +7.2708e-03, +8.4467e-02, +2.3412e-03, +6.1475e-02, +6.8310e-02, +5.2390e-02, -1.6482e-04, -8.2912e-02, -3.6997e-03, -4.7416e-02, -1.5012e-02, -5.7873e-02, -2.4845e-02, +6.9031e-03, +9.1011e-03, +9.6745e-02, +2.6155e-02, -7.1614e-03, +1.3321e-02, +3.0300e-03, +2.6317e-03, +3.4730e-02, -4.9475e-02, +1.7880e-02, -1.0000e+00, -5.1661e-02, -1.4619e-02, -9.1080e-02, +6.2366e-03, +5.4638e-03, +1.5416e-01, -4.1687e-02, +4.7046e-02
+7.1637e-02, +2.1833e-02, -1.0113e-02, +3.0494e-02, +3.6371e-02, +8.3277e-03, +1.9940e-02, +2.5499e-02, -2.9647e-02, -4.3027e-03, -3.7694e-02, +7.1548e-02, +1.8745e-02, +3.0567e-02, +1.7921e-02, +1.5351e-02, -1.3454e-02, -2.3799e-02, -4.8625e-03, +1.3248e-02, -1.1797e-01, -1.7197e-03, -6.8293e-02, +7.9956e-03, +4.4973e-02, +3.0499e-02, -5.0737e-03, -3.3495e-02, -3.9107e-02, +3.7515e-02, +3.4747e-02, +1.5122e-02, +4.0553e-02, -3.4062e-02, -8.4345e-03, -1.1205e-03, -4.6357e-02, -4.7165e-02, -1.0991e-02, -7.3294e-02, +2.6942e-02, -5.1661e-02, -1.0000e+00, -9.1278e-02, +4.9028e-02, +6.8283e-03, -5.3510e-03, -2.0385e-02, +3.1036e-02, +4.9891e-02
+1.5858e-01, +2.0672e-03, -3.0920e-02, +7.3736e-02, +6.4580e-02, +6.0279e-03, +8.2043e-02, -1.0378e-01, -3.9149e-02, -6.8405e-02, -4.6880e-02, -6.1276e-02, +1.8518e-03, -6.9772e-02, +5.3915e-02, -5.2665e-02, -9.9843e-03, -1.7382e-02, +8.5052e-02, +5.9198e-04, -1.0084e-01, +1.5874e-01, +4.4594e-02, +3.2788e-02, -2.9208e-02, +8.5141e-03, -3.4724e-02, -1.8216e-02, -4.2531e-02, +2.1462e-02, -7.0472e-02, +4.4486e-02, +1.0281e-02, -5.6598e-03, +6.7024e-02, +1.2586e-02, +2.2810e-02, -1.7256e-02, -5.2328e-03, +5.3996e-02, +4.2324e-02, -1.4619e-02, -9.1278e-02, -1.0000e+00, -1.8165e-02, -5.3741e-02, -2.7870e-02, -1.2000e-01, +6.0541e-02, -4.6007e-02
-1.3060e-01, +5.5621e-02, -4.1642e-02, -7.0360e-02, -7.3042e-02, -6.7970e-02, -6.5778e-02, -7.9743e-02, +9.1295e-03, +2.7934e-02, -6.9000e-02, -3.2352e-02, -1.3306e-01, -3.3943e-02, -1.1537e-01, -3.1618e-03, +8.5029e-02, -1.0625e-01, -6.8258e-02, -1.1441e-02, +5.7129e-02, +3.3369e-02, +1.3925e-01, -2.5301e-02, -6.1025e-02, -6.7670e-02, -5.9023e-02, -2.0099e-02, -6.6237e-02, -4.2906e-02, -5.2263e-02, +1.4165e-02, -8.8910e-02, +8.9908e-02, -2.0949e-02, +3.7540e-02, -5.2911e-02, -2.2178e-02, -2.8286e-02, +1.8972e-01, -5.0900e-02, -9.1080e-02, +4.9028e-02, -1.8165e-02, -1.0000e+00, +6.1525e-02, -5.1116e-02, +2.1566e-01, -6.2299e-02, -1.1504e-01
+2.7353e-02, -4.1348e-02, -1.0460e-02, -4.9254e-02, +4.5358e-02, -2.5608e-02, -4.4792e-02, +4.7072e-02, +5.0935e-02, +4.3826e-02, +3.6054e-02, +1.1828e-02, +5.5581e-03, -6.8971e-02, +4.1310e-02, -7.4967e-02, +5.6994e-03, +1.0598e-01, -1.0875e-01, +4.0564e-02, +5.7855e-02, +9.9324e-03, +5.4624e-03, -1.1136e-01, +2.1571e-02, +5.5994e-02, -1.1434e-02, +6.2395e-02, +1.1010e-01, +3.4745e-02, +4.7470e-02, +3.0491e-02, +4.5538e-02, +7.2160e-02, -6.5416e-02, -4.0952e-02, +9.6151e-02, +6.3015e-02, +3.5587e-02, +3.8200e-02, +3.0738e-03, +6.2366e-03, +6.8283e-03, -5.3741e-02, +6.1525e-02, -1.0000e+00, +1.0986e-02, -1.7694e-01, -2.1317e-02, -5.8459e-03
-3.1414e-02, +4.2247e-02, -6.3245e-02, -1.4418e-01, -1.1277e-01, -9.5557e-02, -1.0401e-01, -6.4798e-02, -1.4290e-02, +9.4704e-02, -1.1082e-01, -1.6783e-01, -3.3403e-02, -3.7795e-02, -3.5600e-02, -1.0828e-01, +9.7293e-03, -6.7355e-02, -6.9184e-02, -3.0164e-02, +1.5450e-02, -4.0757e-02, +1.6072e-02, -1.3107e-01, -6.1203e-02, -4.7783e-02, -9.9094e-02, -1.1806e-01, -5.7175e-02, -9.2170e-02, -6.9319e-02, -4.4135e-02, -5.2453e-02, -1.0431e-02, +4.1658e-02, -6.2985e-02, -5.2100e-04, -6.1652e-02, -5.8380e-02, +1.7776e-01, -5.7127e-02, +5.4638e-03, -5.3510e-03, -2.7870e-02, -5.1116e-02, +1.0986e-02, -1.0000e+00, +1.5725e-01, +1.5626e-02, +4.4374e-02
+3.6996e-01, -1.4392e-01, -7.7774e-03, +2.4361e-01, +3.2367e-01, +8.2068e-02, +9.7815e-02, -1.0096e-01, +1.4085e-01, +1.6906e-03, +9.6013e-02, +9.9006e-02, +4.2303e-03, -2.1742e-01, +4.6138e-01, +7.7442e-02, -8.8963e-03, +1.4807e-01, +5.4858e-03, +3.1613e-02, -4.5117e-04, -5.1772e-02, -5.0546e-02, +6.6847e-02, +1.6780e-01, +3.5030e-02, -8.2119e-02, +1.2060e-01, +4.5974e-02, +1.4865e-01, +1.5266e-01, +9.5643e-02, +5.7383e-02, -3.7089e-02, -2.5988e-02, -1.3040e-01, -8.8430e-02, +1.3263e-01, +3.0696e-03, +8.1603e-02, +1.5257e-01, +1.5416e-01, -2.0385e-02, -1.2000e-01, +2.1566e-01, -1.7694e-01, +1.5725e-01, -1.0000e+00, +4.5440e-02, +9.2101e-02
-4.0975e-02, -4.2515e-03, -9.7765e-02, +2.9364e-02, +1.2885e-02, -7.5217e-02, +4.5876e-02, +1.2560e-01, +3.7319e-02, +1.9315e-02, +3.1173e-02, +3.4193e-01, -4.3381e-02, -3.3581e-02, -1.7498e-03, +4.7888e-02, +2.7512e-03, +8.4189e-02, -5.9988e-03, +1.1767e-01, +4.5763e-02, +7.3158e-02, -2.4922e-02, +7.9125e-02, -3.6316e-02, -8.6272e-02, +3.7113e-04, -1.0889e-02, +2.6845e-02, -6.3991e-02, -5.8463e-02, +6.0074e-02, +2.9292e-02, -2.2102e-02, -5.0198e-02, +9.8221e-02, -2.7973e-02, -4.2514e-02, -2.4566e-02, +1.4607e-01, +8.2316e-02, -4.1687e-02, +3.1036e-02, +6.0541e-02, -6.2299e-02, -2.1317e-02, +1.5626e-02, +4.5440e-02, -1.0000e+00, +2.0747e-03
+1.6004e-02, +8.1048e-03, +2.8164e-02, -2.9813e-02, +5.0971e-02, -5.3545e-02, +2.4662e-02, +2.2735e-02, +4.7180e-03, +2.3883e-02, +7.7831e-03, -1.3626e-03, -1.0677e-01, -9.7368e-02, +3.3705e-02, +3.9422e-03, +2.4392e-02, +1.0143e-01, -7.0460e-02, +6.6344e-02, +6.3175e-02, +1.8613e-02, -1.6920e-02, -8.9940e-03, -7.2970e-02, +1.1505e-02, -4.5191e-03, -4.7345e-02, -1.4270e-02, +3.5930e-02, -2.8076e-02, +8.8699e-02, -2.7392e-02, +7.8011e-02, +1.7421e-02, -8.9206e-02, -1.7016e-02, -5.3743e-02, -7.3994e-03, +1.1016e-01, +8.7583e-02, +4.7046e-02, +4.9891e-02, -4.6007e-02, -1.1504e-01, -5.8459e-03, +4.4374e-02, +9.2101e-02, +2.0746e-03, -1.0000e+00
