-1.0000e+00, +3.2082e-02, -2.1091e-02, -9.6191e-02, +6.7430e-02, -1.0695e-02, +3.9242e-02, +9.4272e-02, -1.3427e-02, +1.0007e-02, -1.4736e-02, -7.7036e-02, +1.1838e-02, +2.1339e-03, -9.4250e-02, +1.3227e-02, -2.4491e-02, -3.9711e-02, +5.1187e-02, +6.2171e-02, -4.6570e-03, -7.1859e-02, -5.7624e-03, +7.6580e-03, -2.9716e-02, +3.7587e-02, -5.5301e-02, +6.9749e-02, -1.3549e-01, -9.4312e-02, -6.7310e-03, -1.0334e-02, +1.0468e-01, +5.1422e-02, +6.0187e-03, +1.5421e-01, -2.2863e-02, +3.0180e-02, -3.9306e-02, -8.4843e-03, +1.8176e-01, +8.3835e-02, +1.1302e-02, +2.1310e-02, +9.7491e-02, -5.0332e-02, -1.0186e-01, +1.1525e-01, -1.1393e-02, +9.0156e-02
+3.2082e-02, -1.0000e+00, +8.5997e-03, -1.0650e-02, -1.2818e-01, +2.2286e-02, -8.4375e-02, -5.1472e-02, -2.1154e-02, +1.0593e-01, -2.0953e-02, -5.1126e-02, +1.7283e-02, +1.1643e-01, -4.8966e-02, +1.4196e-01, -2.1624e-03, -2.2325e-02, -2.2998e-02, -9.5642e-03, +1.0372e-02, -1.4696e-02, +6.7852e-02, +1.2238e-03, -5.7840e-02, +7.7060e-02, -1.8917e-03, -1.2688e-01, +1.2521e-02, +6.2196e-02, -3.2863e-02, -4.2606e-04, +5.3751e-02, +6.5671e-03, -7.4735e-03, +2.5798e-02, -5.1290e-02, -9.6555e-02, -6.5993e-02, -1.8371e-02, -5.1874e-02, +1.0670e-01, +4.5509e-02, +2.3588e-03, -1.0167e-01, -1.6371e-01, -1.8236e-01, +8.3439e-03, -8.2444e-02, +1.7163e-01
-2.1091e-02, +8.5997e-03, -1.0000e+00, +2.0993e-02, +2.4540e-02, -1.0779e-01, -9.4005e-02, +4.6595e-02, +8.8498e-02, +9.0707e-02, -4.1593e-02, -1.0456e-01, -8.9584e-02, -7.6571e-02, +3.2613e-02, +4.8771e-02, +4.5387e-02, -1.0040e-01, -7.7535e-03, -4.0220e-02, -2.2471e-03, -8.1619e-02, +6.3257e-02, -3.5737e-02, -1.2215e-01, -6.7566e-02, -1.1683e-01, -2.2133e-01, +5.0176e-03, -3.7286e-02, +1.2515e-02, -3.0106e-02, -2.7587e-02, -1.6893e-02, -7.3559e-02, +2.4687e-01, +6.0488e-03, +8.4228e-02, -1.8118e-01, -3.5526e-02, -6.6567e-02, -2.4616e-02, +1.3836e-02, -1.4015e-02, -1.6260e-01, -6.7205e-02, -1.2846e-02, +1.3629e-01, +7.1118e-02, +1.8340e-01
-9.6191e-02, -1.0650e-02, +2.0993e-02, -1.0000e+00, -1.1911e-01, -2.3821e-01, -1.3377e-01, +9.4221e-02, -6.6098e-03, +6.7404e-02, -1.6098e-01, -6.3268e-02, -3.9816e-02, +4.9641e-02, -1.2238e-01, -3.4598e-02, -1.6566e-02, -9.1633e-02, -6.2761e-02, -1.1510e-01, -5.9597e-02, +5.6935e-02, +1.3761e-01, -8.5824e-02, -9.8573e-02, -1.3633e-01, +2.6639e-02, -1.7100e-01, -7.1637e-02, -4.0054e-02, -1.3977e-01, -3.8223e-02, +8.3419e-03, +4.6900e-02, +2.7275e-02, +2.4576e-01, +9.4158e-02, -2.5809e-02, -9.6490e-02, +3.5793e-02, +5.1784e-02, +1.4747e-01, +1.0740e-02, +5.2872e-02, -5.6209e-02, -2.1349e-01, -4.1927e-02, +3.0631e-01, +3.3742e-02, +4.3901e-02
+6.7430e-02, -1.2818e-01, +2.4540e-02, -1.1911e-01, -1.0000e+00, -1.3014e-01, -1.6525e-01, -8.7141e-02, -1.2042e-02, +2.6355e-02, -1.7572e-01, -7.6270e-02, -6.0277e-02, -8.5116e-02, -5.0258e-02, +1.8980e-02, +2.3507e-01, -6.1945e-02, -9.8731e-02, -1.0360e-01, +7.2900e-02, +4.9679e-02, +1.1581e-01, -7.1684e-02, +2.7405e-02, +8.5388e-03, -1.6262e-01, -1.9637e-01, -1.9844e-01, -1.1720e-01, -7.2715e-02, +5.5076e-02, +7.1429e-02, +9.8266e-03, +6.9063e-03, +2.0636e-02, -4.2232e-03, +3.1432e-02, -4.6923e-02, +2.0566e-02, -5.9114e-02, +1.3012e-01, -3.6904e-02, +2.1219e-02, -7.6408e-02, -1.6516e-01, -9.8889e-02, +1.2995e-01, +1.9922e-02, +2.3318e-01
-1.0695e-02, +2.2286e-02, -1.0779e-01, -2.3821e-01, -1.3014e-01, -1.0000e+00, +5.7799e-02, +1.1205e-01, +4.0033e-02, +4.7780e-02, -2.8072e-01, +2.0704e-03, +9.0538e-02, -1.2565e-01, -3.1095e-01, -2.0751e-03, +6.2263e-02, -2.1025e-01, -2.9028e-01, -1.5763e-01, -8.7857e-02, +1.5554e-03, -1.8981e-02, -1.3079e-01, -1.1602e-01, -1.5874e-01, -2.3168e-01, -1.6531e-01, -1.7616e-01, -1.1076e-01, -3.2731e-01, +1.0733e-01, -9.1866e-02, +1.8782e-02, +5.9972e-02, +1.3194e-01, +8.2355e-02, -1.2440e-01, +7.2654e-03, -4.6424e-02, -4.1910e-02, -4.5244e-02, -4.5919e-02, -6.2384e-02, -1.5639e-01, -1.7992e-01, -3.5951e-01, +1.9484e-01, +2.4967e-01, +1.7593e-01
+3.9242e-02, -8.4375e-02, -9.4005e-02, -1.3377e-01, -1.6525e-01, +5.7799e-02, -1.0000e+00, -2.3372e-02, +6.5307e-03, +6.1313e-02, -1.0695e-02, -1.6575e-01, -1.1036e-01, -1.0903e-02, +6.5649e-02, +7.8616e-02, +1.6141e-01, +3.0199e-02, -6.4930e-02, -1.3516e-01, +8.9326e-02, -5.5166e-02, +1.7360e-01, -8.2640e-02, -1.8546e-02, -6.1004e-02, -4.5800e-02, -1.6693e-01, -2.9302e-03, -4.9816e-02, -3.3813e-02, +1.4422e-02, +4.1585e-03, +2.3480e-02, +2.8053e-02, +1.6825e-02, +1.5862e-01, -1.0561e-04, -1.3759e-01, +5.9984e-02, -1.0896e-01, +2.6643e-02, +1.5102e-02, +9.8267e-03, -1.3832e-01, -1.3451e-01, +9.7479e-02, +9.7293e-02, +5.6059e-02, +1.1195e-01
+9.4272e-02, -5.1472e-02, +4.6595e-02, +9.4221e-02, -8.7141e-02, +1.1205e-01, -2.3372e-02, -1.0000e+00, -7.7223e-03, +2.3005e-02, -1.2142e-01, -7.7317e-02, +4.6459e-03, +4.0564e-02, +3.1460e-02, -3.3073e-02, +5.9372e-02, -1.3520e-02, +1.1610e-01, -2.3625e-03, +1.6209e-01, +6.7913e-02, +1.0136e-01, +8.4193e-02, +4.6707e-02, +7.1017e-02, +4.1628e-02, -5.3801e-02, +2.3676e-02, +7.3585e-02, +3.0873e-02, +2.8873e-03, +4.9604e-02, -6.2530e-02, +5.0033e-02, -3.3911e-02, -1.4407e-01, -1.5195e-01, -6.3491e-03, +6.4993e-02, -5.2492e-02, +9.0242e-02, +7.1401e-02, +7.0085e-02, -4.1706e-02, +1.2134e-01, +1.1594e-02, -5.9633e-02, -1.8888e-02, +1.0372e-01
-1.3427e-02, -2.1154e-02, +8.8498e-02, -6.6098e-03, -1.2042e-02, +4.0033e-02, +6.5307e-03, -7.7223e-03, -1.0000e+00, -6.8268e-02, +6.3456e-02, +1.6874e-02, +5.8317e-03, -6.2182e-02, +2.3569e-02, -1.3097e-01, +8.7825e-03, +8.2105e-02, +1.3290e-02, -3.4268e-02, -1.1621e-01, -3.0218e-02, -1.1173e-01, +1.3128e-01, +5.4308e-03, +5.5040e-02, +7.5907e-02, -7.2439e-02, +4.2353e-03, +2.6764e-02, +1.3997e-02, -4.3600e-02, -3.6000e-02, +9.3224e-02, -5.4842e-02, +2.6126e-02, +1.8396e-01, -2.0342e-02, -4.0311e-03, -2.0821e-02, +1.4534e-02, +1.1033e-01, +1.1160e-02, -7.0454e-02, +1.3897e-02, -1.3738e-02, +2.8871e-03, +2.4617e-02, -5.5870e-02, -9.7467e-02
+1.0007e-02, +1.0593e-01, +9.0707e-02, +6.7404e-02, +2.6355e-02, +4.7780e-02, +6.1313e-02, +2.3005e-02, -6.8268e-02, -1.0000e+00, -1.2451e-01, +1.3061e-01, +2.9244e-02, -4.2919e-02, +1.1451e-01, +1.0423e-01, +1.3737e-01, +1.1427e-01, +4.4980e-02, -1.7302e-02, -1.0546e-01, -1.2509e-01, +1.3315e-01, -1.5997e-01, +5.7926e-02, +7.4659e-02, +2.3439e-02, +1.1446e-01, +1.8815e-01, +3.2135e-03, -1.6023e-01, -9.1251e-02, +1.5832e-01, -3.4008e-02, -1.7106e-02, -6.3416e-02, -1.2992e-02, +2.0527e-02, -2.4485e-02, +1.5161e-02, +2.0229e-01, +2.0868e-02, -6.4565e-02, -4.8102e-02, +2.3336e-02, +2.4201e-01, +1.9597e-01, +3.8407e-02, +1.7802e-02, +4.4134e-02
-1.4736e-02, -2.0953e-02, -4.1593e-02, -1.6098e-01, -1.7572e-01, -2.8072e-01, -1.0695e-02, -1.2142e-01, +6.3456e-02, -1.2451e-01, -1.0000e+00, +3.1017e-02, +1.6537e-02, -1.2603e-01, -2.1064e-01, +4.7246e-02, -1.0098e-01, -1.2597e-01, -2.3744e-01, -1.0856e-01, -3.0404e-02, +5.5934e-02, +2.7011e-01, +8.3104e-02, +5.5720e-03, -7.4134e-02, -1.9660e-01, -1.9175e-01, -2.1484e-01, -8.7715e-02, -2.4419e-01, +3.6124e-02, +9.1008e-02, +3.6753e-02, +2.9470e-02, -5.3144e-02, +9.3617e-02, -1.5846e-01, -3.8081e-02, +1.3704e-02, -3.5527e-02, +1.1192e-01, -1.1419e-02, -5.4562e-02, -1.7190e-01, -8.0464e-02, -2.0969e-01, +1.2214e-01, +1.5229e-01, +2.2372e-01
-7.7036e-02, -5.1126e-02, -1.0456e-01, -6.3268e-02, -7.6270e-02, +2.0704e-03, -1.6575e-01, -7.7317e-02, +1.6874e-02, +1.3061e-01, +3.1017e-02, -1.0000e+00, +2.4293e-02, -9.9328e-02, +6.3959e-02, +8.8035e-02, +1.5893e-01, -5.9886e-02, +4.6967e-03, -4.5995e-02, +1.1146e-01, -6.9168e-03, +2.0111e-01, -1.0522e-01, -1.0570e-01, -5.8695e-02, +4.3121e-03, -9.2689e-02, -8.1756e-02, -4.1935e-02, +6.4340e-02, +5.5077e-02, +6.4510e-02, +1.4364e-01, -5.2361e-02, +1.1939e-01, +5.4266e-02, -5.5205e-03, -2.1561e-01, -1.4255e-02, -1.1095e-01, +4.8693e-02, +7.8920e-02, +9.3334e-02, -1.6504e-02, -1.0961e-01, +6.6419e-02, -8.3547e-07, +2.9889e-02, +2.1571e-01
+1.1838e-02, +1.7283e-02, -8.9584e-02, -3.9816e-02, -6.0277e-02, +9.0538e-02, -1.1036e-01, +4.6459e-03, +5.8317e-03, +2.9244e-02, +1.6537e-02, +2.4293e-02, -1.0000e+00, +2.5129e-02, +9.1032e-02, +2.0516e-03, +2.1433e-01, -4.7583e-02, -3.0677e-02, +6.3734e-02, +6.0173e-02, +8.9269e-02, +1.8517e-01, +7.9839e-02, +1.0814e-02, -5.0194e-02, +4.3467e-03, +7.4220e-03, -4.4318e-04, -2.6419e-02, +5.9269e-02, -4.7715e-02, +2.7168e-02, +7.6610e-02, -3.4148e-03, +9.9602e-02, -4.7548e-02, +6.4937e-02, -2.8892e-02, +5.9843e-03, +1.6296e-02, -9.3613e-02, +1.7602e-02, +9.3408e-02, -5.0871e-02, -6.5019e-02, +7.0018e-02, -8.2745e-02, +1.4343e-01, -7.6565e-02
+2.1339e-03, +1.1643e-01, -7.6571e-02, +4.9641e-02, -8.5116e-02, -1.2565e-01, -1.0903e-02, +4.0564e-02, -6.2182e-02, -4.2919e-02, -1.2603e-01, -9.9328e-02, +2.5129e-02, -1.0000e+00, -1.0898e-01, -2.7881e-02, +4.0811e-02, -1.7529e-01, -2.0414e-01, -1.6019e-01, -6.5873e-02, -5.2402e-02, +7.5287e-02, -6.3890e-02, -4.6415e-02, -1.0196e-01, -1.8087e-01, -1.1472e-01, -1.0614e-01, -1.9430e-01, -1.2649e-01, +1.0149e-02, +2.4550e-02, +1.1304e-01, -1.1312e-02, +6.7286e-02, +1.9308e-01, -1.0616e-01, -4.1515e-02, +2.6001e-02, -2.7884e-02, +1.0472e-01, -7.9212e-02, -1.0151e-01, -1.5226e-01, -3.5917e-02, -1.6477e-01, +8.6460e-02, +1.1886e-01, +7.0349e-02
-9.4250e-02, -4.8966e-02, +3.2613e-02, -1.2238e-01, -5.0258e-02, -3.1095e-01, +6.5649e-02, +3.1460e-02, +2.3569e-02, +1.1451e-01, -2.1064e-01, +6.3959e-02, +9.1032e-02, -1.0898e-01, -1.0000e+00, -1.2773e-03, -2.8211e-01, -8.9874e-02, -2.2179e-01, -9.6917e-02, -1.2710e-01, -5.9295e-02, -1.2768e-01, +1.7595e-02, -1.8504e-02, +1.8917e-02, -1.3152e-01, -1.3756e-01, -7.8250e-02, -2.3145e-02, -1.8118e-01, +1.0290e-02, -6.8816e-02, +9.0090e-02, -5.8923e-02, +1.1713e-01, +1.5848e-01, -1.1806e-01, -3.8846e-02, -4.9684e-03, +2.4605e-03, +6.2412e-02, -6.0757e-02, -5.3639e-02, -3.6857e-02, -1.8358e-02, -2.2802e-01, +2.2254e-01, +3.3323e-02, +2.1435e-01
+1.3227e-02, +1.4196e-01, +4.8771e-02, -3.4598e-02, +1.8980e-02, -2.0751e-03, +7.8616e-02, -3.3073e-02, -1.3097e-01, +1.0423e-01, +4.7246e-02, +8.8035e-02, +2.0516e-03, -2.7881e-02, -1.2773e-03, -1.0000e+00, +7.4152e-03, -1.0943e-02, +2.7395e-02, -7.1929e-03, +6.2576e-02, -1.1861e-01, -7.1759e-02, +3.4856e-02, -3.1602e-02, -4.6136e-03, +1.2380e-01, +4.6997e-05, +7.5836e-02, +1.9828e-02, +3.1110e-02, -1.5253e-02, -2.8113e-02, -1.1053e-01, +5.8457e-02, +7.6691e-02, -1.5532e-01, +5.5992e-02, +1.2098e-01, +3.4022e-02, +5.0938e-03, +7.1384e-03, -1.9322e-02, +2.9178e-02, -1.4324e-02, +2.9356e-02, -4.5447e-03, +1.6800e-01, -1.7551e-02, -1.4505e-01
-2.4491e-02, -2.1624e-03, +4.5387e-02, -1.6566e-02, +2.3507e-01, +6.2263e-02, +1.6141e-01, +5.9372e-02, +8.7825e-03, +1.3737e-01, -1.0098e-01, +1.5893e-01, +2.1433e-01, +4.0811e-02, -2.8211e-01, +7.4152e-03, -1.0000e+00, -1.0855e-02, +1.9872e-02, +1.3743e-01, -1.5863e-01, -8.9458e-03, +1.1744e-01, +2.8220e-01, -9.2224e-03, +7.5378e-02, +9.7299e-02, +1.7850e-03, +1.3623e-01, -9.3536e-02, +5.8265e-02, -1.0647e-01, -1.2391e-01, +2.1267e-02, -4.7911e-02, -4.4795e-02, +5.5195e-02, -1.1139e-01, +1.0297e-01, +4.5258e-03, +7.3526e-02, -5.8533e-02, +5.1991e-02, -4.8707e-03, +9.5651e-02, +2.2070e-01, -6.0422e-03, +7.3618e-02, -8.4694e-02, +4.9230e-02
-3.9711e-02, -2.2325e-02, -1.0040e-01, -9.1633e-02, -6.1945e-02, -2.1025e-01, +3.0199e-02, -1.3520e-02, +8.2105e-02, +1.1427e-01, -1.2597e-01, -5.9886e-02, -4.7583e-02, -1.7529e-01, -8.9874e-02, -1.0943e-02, -1.0855e-02, -1.0000e+00, +1.4391e-03, -1.5016e-01, +1.1093e-01, -4.5435e-02, +1.1412e-01, +4.4211e-03, -6.8375e-02, -9.3122e-02, -9.1897e-02, -1.9170e-01, -1.5956e-01, -6.2996e-02, -6.9144e-02, -1.7979e-02, -6.8349e-03, +2.5725e-02, +4.5123e-02, +7.5092e-02, -1.9642e-02, -1.2598e-01, -8.2500e-03, -5.0623e-02, -7.7852e-03, -1.5255e-02, -6.6190e-03, +2.9582e-02, -8.8649e-02, -5.9167e-02, -1.7999e-01, +7.1929e-02, +7.3541e-02, +1.4619e-01
+5.1187e-02, -2.2998e-02, -7.7535e-03, -6.2761e-02, -9.8731e-02, -2.9028e-01, -6.4930e-02, +1.1610e-01, +1.3290e-02, +4.4980e-02, -2.3744e-01, +4.6967e-03, -3.0677e-02, -2.0414e-01, -2.2179e-01, +2.7395e-02, +1.9872e-02, +1.4391e-03, -1.0000e+00, -1.6280e-01, -3.1074e-02, -9.7470e-02, +5.9426e-02, -1.0564e-01, -3.5892e-02, -1.8921e-01, -1.8634e-01, -7.7335e-02, -2.0724e-01, -1.0730e-01, -2.1804e-01, +1.3863e-01, -5.9298e-02, +2.7145e-02, -7.5346e-02, -2.1394e-03, +1.9764e-01, +3.0730e-02, -1.2235e-01, -3.5324e-02, +2.0125e-02, -2.4105e-01, -2.9217e-02, -1.0865e-01, -6.3054e-02, -1.8130e-01, -2.0335e-01, +4.4455e-02, +1.4082e-01, +1.5866e-01
+6.2171e-02, -9.5642e-03, -4.0220e-02, -1.1510e-01, -1.0360e-01, -1.5763e-01, -1.3516e-01, -2.3625e-03, -3.4268e-02, -1.7302e-02, -1.0856e-01, -4.5995e-02, +6.3734e-02, -1.6019e-01, -9.6917e-02, -7.1929e-03, +1.3743e-01, -1.5016e-01, -1.6280e-01, -1.0000e+00, +9.7457e-03, -9.3238e-02, -2.4102e-02, -3.1298e-02, -2.7066e-02, +2.8350e-02, +1.8097e-02, -1.0077e-01, -1.0999e-01, -4.0476e-02, -1.5899e-01, -1.1427e-01, -1.5382e-02, -5.1896e-02, -1.0110e-02, +1.2104e-01, +3.4054e-01, -1.6587e-01, -8.8820e-02, +1.0358e-03, -4.2778e-02, +1.5330e-01, +1.2420e-02, +3.3236e-02, -1.8434e-01, +1.4181e-02, -7.3196e-02, +1.9197e-01, +1.7630e-01, -4.3221e-02
-4.6570e-03, +1.0372e-02, -2.2471e-03, -5.9597e-02, +7.2900e-02, -8.7857e-02, +8.9326e-02, +1.6209e-01, -1.1621e-01, -1.0546e-01, -3.0404e-02, +1.1146e-01, +6.0173e-02, -6.5873e-02, -1.2710e-01, +6.2576e-02, -1.5863e-01, +1.1093e-01, -3.1074e-02, +9.7457e-03, -1.0000e+00, +4.6569e-02, -1.0727e-01, +5.5981e-02, -4.1666e-02, +4.1257e-02, +2.0929e-02, +4.6752e-02, +7.4459e-02, -8.5146e-02, +3.0649e-03, -4.3563e-02, -2.7778e-02, +3.0340e-02, -4.5710e-02, +2.2597e-01, +2.0875e-01, -4.5120e-02, +1.9636e-02, -1.0767e-02, +9.0437e-02, +8.0611e-02, -6.0586e-02, -5.3765e-02, +1.3347e-02, +4.6650e-02, -7.7266e-02, +7.4775e-02, +1.0652e-01, -1.4395e-01
-7.1859e-02, -1.4696e-02, -8.1619e-02, +5.6935e-02, +4.9679e-02, +1.5554e-03, -5.5166e-02, +6.7913e-02, -3.0218e-02, -1.2509e-01, +5.5934e-02, -6.9168e-03, +8.9269e-02, -5.2402e-02, -5.9295e-02, -1.1861e-01, -8.9458e-03, -4.5435e-02, -9.7470e-02, -9.3238e-02, +4.6569e-02, -1.0000e+00, -1.0374e-01, -5.4957e-02, -6.8871e-02, -2.6356e-03, +6.0664e-02, -5.8150e-02, +1.1017e-01, +7.6807e-02, -1.2996e-01, -5.0084e-02, +2.3200e-02, +7.6237e-02, -3.1398e-02, +1.1903e-01, +8.2094e-02, -7.0811e-02, -5.9399e-02, +1.7983e-02, +1.0271e-01, -3.7643e-02, -2.8929e-02, -7.8785e-02, -1.5460e-01, +1.0493e-01, -7.4849e-02, +2.0986e-01, -4.6185e-02, +1.0278e-01
-5.7624e-03, +6.7852e-02, +6.3257e-02, +1.3761e-01, +1.1581e-01, -1.8981e-02, +1.7360e-01, +1.0136e-01, -1.1173e-01, +1.3315e-01, +2.7011e-01, +2.0111e-01, +1.8517e-01, +7.5287e-02, -1.2768e-01, -7.1759e-02, +1.1744e-01, +1.1412e-01, +5.9426e-02, -2.4102e-02, -1.0727e-01, -1.0374e-01, -1.0000e+00, +1.7881e-02, +2.2763e-02, +3.1067e-02, +1.1374e-01, +1.8452e-01, +1.0145e-01, +1.9124e-02, +1.9234e-02, -1.2161e-01, -6.4136e-02, -1.7703e-02, -6.9275e-02, -3.1837e-02, +7.2899e-02, -4.0569e-02, +1.2781e-01, +1.0001e-01, +7.8124e-02, +3.6557e-03, -2.7288e-02, -2.2448e-02, +5.5238e-02, +8.1525e-02, -6.7455e-02, +5.8857e-03, -5.6227e-02, +9.0450e-02
+7.6580e-03, +1.2238e-03, -3.5737e-02, -8.5824e-02, -7.1684e-02, -1.3079e-01, -8.2640e-02, +8.4193e-02, +1.3128e-01, -1.5997e-01, +8.3104e-02, -1.0522e-01, +7.9839e-02, -6.3890e-02, +1.7595e-02, +3.4856e-02, +2.8220e-01, +4.4211e-03, -1.0564e-01, -3.1298e-02, +5.5981e-02, -5.4957e-02, +1.7881e-02, -1.0000e+00, +8.2711e-02, -1.5497e-01, -1.8839e-01, -3.5887e-02, -2.0590e-03, -2.1087e-02, -7.5639e-02, +1.4630e-01, +9.7888e-02, +3.8790e-02, -5.5698e-02, -9.9657e-02, -1.2692e-03, +4.0851e-02, -1.1304e-01, -2.2551e-02, -6.7411e-03, -2.1879e-01, -8.4492e-02, +3.2056e-02, +1.0631e-02, -7.4842e-02, -3.4667e-03, -4.9986e-03, +5.8129e-02, +1.8132e-01
-2.9716e-02, -5.7840e-02, -1.2215e-01, -9.8573e-02, +2.7405e-02, -1.1602e-01, -1.8546e-02, +4.6707e-02, +5.4308e-03, +5.7926e-02, +5.5720e-03, -1.0570e-01, +1.0814e-02, -4.6415e-02, -1.8504e-02, -3.1602e-02, -9.2224e-03, -6.8375e-02, -3.5892e-02, -2.7066e-02, -4.1666e-02, -6.8871e-02, +2.2763e-02, +8.2711e-02, -1.0000e+00, -5.1619e-03, +2.2124e-02, -1.5081e-01, +2.7971e-02, -2.9750e-02, -6.4309e-02, +8.5856e-03, -6.2967e-02, -1.1109e-02, -1.4108e-01, +2.3439e-01, -5.8246e-03, +1.5789e-02, -7.0852e-02, -6.4503e-02, +6.4878e-02, +7.9304e-02, +3.7484e-02, +8.5336e-02, -7.0625e-02, -7.4077e-02, -6.3224e-02, +1.2583e-01, +5.2648e-02, +8.5467e-02
+3.7587e-02, +7.7060e-02, -6.7566e-02, -1.3633e-01, +8.5388e-03, -1.5874e-01, -6.1004e-02, +7.1017e-02, +5.5040e-02, +7.4659e-02, -7.4134e-02, -5.8695e-02, -5.0194e-02, -1.0196e-01, +1.8917e-02, -4.6136e-03, +7.5378e-02, -9.3122e-02, -1.8921e-01, +2.8350e-02, +4.1257e-02, -2.6356e-03, +3.1067e-02, -1.5497e-01, -5.1619e-03, -1.0000e+00, -1.4056e-01, -1.9141e-02, -7.0560e-02, -9.3332e-02, -5.6085e-02, +1.5691e-01, -2.0307e-02, +7.7407e-02, -4.4727e-02, +2.2210e-02, +3.4771e-02, +1.0989e-01, -6.5716e-02, +8.5618e-02, -1.3733e-01, -2.0651e-01, -3.4236e-03, -5.8713e-02, -8.2820e-02, -1.0206e-01, -2.9751e-02, +3.6028e-02, +4.1504e-02, +1.5796e-01
-5.5301e-02, -1.8917e-03, -1.1683e-01, +2.6639e-02, -1.6262e-01, -2.3168e-01, -4.5800e-02, +4.1628e-02, +7.5907e-02, +2.3439e-02, -1.9660e-01, +4.3121e-03, +4.3467e-03, -1.8087e-01, -1.3152e-01, +1.2380e-01, +9.7299e-02, -9.1897e-02, -1.8634e-01, +1.8097e-02, +2.0929e-02, +6.0664e-02, +1.1374e-01, -1.8839e-01, +2.2124e-02, -1.4056e-01, -1.0000e+00, -1.1114e-01, -3.2353e-01, -1.2497e-01, -1.6374e-01, +1.5111e-01, +3.4452e-02, +5.5807e-02, -3.9523e-03, -1.1442e-01, +1.6484e-02, -3.9018e-02, -1.2584e-01, -7.9571e-02, -1.7641e-01, -1.9423e-01, -5.4643e-02, -8.9674e-02, -9.2087e-02, -2.2733e-01, -2.0064e-01, -5.0709e-02, +1.5287e-01, +2.6464e-01
+6.9749e-02, -1.2688e-01, -2.2133e-01, -1.7100e-01, -1.9637e-01, -1.6531e-01, -1.6693e-01, -5.3801e-02, -7.2439e-02, +1.1446e-01, -1.9175e-01, -9.2689e-02, +7.4220e-03, -1.1472e-01, -1.3756e-01, +4.7000e-05, +1.7850e-03, -1.9170e-01, -7.7335e-02, -1.0077e-01, +4.6752e-02, -5.8150e-02, +1.8452e-01, -3.5887e-02, -1.5081e-01, -1.9141e-02, -1.1114e-01, -1.0000e+00, -9.4965e-02, -1.4328e-02, -8.1244e-02, +8.5909e-02, +3.6518e-02, -3.2695e-02, -3.0968e-02, +9.4800e-02, +1.4489e-01, -1.0133e-01, -1.5982e-01, +2.6395e-02, -8.3998e-02, +1.3677e-01, +2.6205e-02, -9.2940e-02, -1.5776e-01, -1.0390e-01, -1.3229e-01, +2.3394e-01, +4.4665e-02, +2.1369e-01
-1.3549e-01, +1.2521e-02, +5.0176e-03, -7.1637e-02, -1.9844e-01, -1.7616e-01, -2.9302e-03, +2.3676e-02, +4.2353e-03, +1.8815e-01, -2.1484e-01, -8.1756e-02, -4.4318e-04, -1.0614e-01, -7.8250e-02, +7.5836e-02, +1.3623e-01, -1.5956e-01, -2.0724e-01, -1.0999e-01, +7.4459e-02, +1.1017e-01, +1.0145e-01, -2.0591e-03, +2.7971e-02, -7.0560e-02, -3.2353e-01, -9.4965e-02, -1.0000e+00, -4.5510e-02, -1.2513e-01, +1.6920e-01, +5.1725e-02, +7.5952e-02, -4.2691e-02, -1.5409e-01, +1.0579e-01, -7.3801e-02, -1.4206e-01, -8.2100e-02, -1.9854e-02, -3.1569e-02, -6.0706e-02, -8.5831e-02, -9.6806e-02, -2.2114e-01, -1.2404e-01, -2.0826e-02, +9.0901e-02, +1.6929e-01
-9.4312e-02, +6.2196e-02, -3.7286e-02, -4.0054e-02, -1.1720e-01, -1.1076e-01, -4.9816e-02, +7.3585e-02, +2.6764e-02, +3.2135e-03, -8.7715e-02, -4.1935e-02, -2.6419e-02, -1.9430e-01, -2.3145e-02, +1.9828e-02, -9.3536e-02, -6.2996e-02, -1.0730e-01, -4.0476e-02, -8.5146e-02, +7.6807e-02, +1.9124e-02, -2.1087e-02, -2.9750e-02, -9.3332e-02, -1.2497e-01, -1.4328e-02, -4.5510e-02, -1.0000e+00, +2.4933e-02, -1.3381e-02, -3.0640e-02, +2.1138e-02, -1.7566e-02, +8.3483e-02, +1.9326e-01, -4.1280e-02, +1.0318e-01, -2.2221e-02, +1.4927e-02, +3.2352e-03, -5.9220e-02, -5.6216e-03, -8.8501e-02, -1.9149e-02, -1.7197e-02, +1.5932e-01, +1.0952e-02, +2.1531e-01
-6.7310e-03, -3.2863e-02, +1.2515e-02, -1.3977e-01, -7.2715e-02, -3.2731e-01, -3.3813e-02, +3.0873e-02, +1.3997e-02, -1.6023e-01, -2.4419e-01, +6.4340e-02, +5.9269e-02, -1.2649e-01, -1.8118e-01, +3.1110e-02, +5.8265e-02, -6.9144e-02, -2.1804e-01, -1.5899e-01, +3.0649e-03, -1.2996e-01, +1.9234e-02, -7.5639e-02, -6.4309e-02, -5.6085e-02, -1.6374e-01, -8.1244e-02, -1.2513e-01, +2.4933e-02, -1.0000e+00, +7.4053e-02, -9.8839e-02, +1.0057e-01, +1.3468e-01, -2.6958e-02, +5.1547e-02, -1.5827e-01, +6.4418e-03, +7.4827e-03, -1.7448e-01, +2.7049e-05, -5.7223e-02, -1.3167e-01, -1.8789e-01, -9.8798e-02, -2.0413e-01, +2.5350e-01, +1.5917e-01, +1.1132e-01
-1.0334e-02, -4.2606e-04, -3.0106e-02, -3.8223e-02, +5.5076e-02, +1.0733e-01, +1.4422e-02, +2.8873e-03, -4.3600e-02, -9.1251e-02, +3.6124e-02, +5.5077e-02, -4.7715e-02, +1.0149e-02, +1.0290e-02, -1.5253e-02, -1.0647e-01, -1.7979e-02, +1.3863e-01, -1.1427e-01, -4.3563e-02, -5.0084e-02, -1.2161e-01, +1.4630e-01, +8.5856e-03, +1.5691e-01, +1.5111e-01, +8.5909e-02, +1.6920e-01, -1.3381e-02, +7.4053e-02, -1.0000e+00, +5.9695e-02, +2.7098e-02, +7.7031e-02, +1.8041e-01, +1.5152e-01, -8.5731e-02, +3.2761e-02, -6.2026e-03, +6.5724e-02, +1.4808e-01, -2.1812e-02, +9.4271e-02, -2.7783e-02, +9.5861e-02, +1.0693e-01, +8.2527e-02, +6.4188e-02, -5.2212e-02
+1.0468e-01, +5.3751e-02, -2.7587e-02, +8.3419e-03, +7.1429e-02, -9.1866e-02, +4.1585e-03, +4.9604e-02, -3.6000e-02, +1.5832e-01, +9.1008e-02, +6.4510e-02, +2.7168e-02, +2.4550e-02, -6.8816e-02, -2.8113e-02, -1.2391e-01, -6.8349e-03, -5.9298e-02, -1.5382e-02, -2.7778e-02, +2.3200e-02, -6.4136e-02, +9.7888e-02, -6.2967e-02, -2.0307e-02, +3.4452e-02, +3.6518e-02, +5.1725e-02, -3.0640e-02, -9.8839e-02, +5.9695e-02, -1.0000e+00, +3.6964e-02, +9.0960e-03, +2.3561e-02, -3.9127e-02, +1.8514e-02, +4.5937e-02, -7.7418e-02, -2.1041e-02, +2.7386e-02, -1.1699e-01, +2.4320e-02, +2.5302e-02, -4.4804e-02, +2.2435e-03, +2.4440e-01, -3.2798e-02, -5.9262e-02
+5.1422e-02, +6.5670e-03, -1.6893e-02, +4.6900e-02, +9.8266e-03, +1.8782e-02, +2.3480e-02, -6.2530e-02, +9.3224e-02, -3.4008e-02, +3.6753e-02, +1.4364e-01, +7.6610e-02, +1.1304e-01, +9.0090e-02, -1.1053e-01, +2.1267e-02, +2.5725e-02, +2.7145e-02, -5.1896e-02, +3.0340e-02, +7.6237e-02, -1.7703e-02, +3.8790e-02, -1.1109e-02, +7.7407e-02, +5.5807e-02, -3.2695e-02, +7.5952e-02, +2.1138e-02, +1.0057e-01, +2.7098e-02, +3.6964e-02, -1.0000e+00, -2.9089e-02, +7.9013e-02, -9.6331e-02, +3.3426e-02, -2.5140e-03, -3.8557e-02, +5.5969e-03, -6.5456e-02, +3.2715e-02, +1.5306e-02, +5.4436e-02, +4.9643e-02, +3.8645e-02, +1.2199e-01, +1.8014e-01, +6.3153e-02
+6.0187e-03, -7.4735e-03, -7.3559e-02, +2.7275e-02, +6.9063e-03, +5.9972e-02, +2.8053e-02, +5.0033e-02, -5.4842e-02, -1.7106e-02, +2.9470e-02, -5.2361e-02, -3.4148e-03, -1.1312e-02, -5.8923e-02, +5.8456e-02, -4.7911e-02, +4.5123e-02, -7.5346e-02, -1.0110e-02, -4.5710e-02, -3.1398e-02, -6.9275e-02, -5.5698e-02, -1.4108e-01, -4.4727e-02, -3.9523e-03, -3.0968e-02, -4.2691e-02, -1.7566e-02, +1.3468e-01, +7.7031e-02, +9.0960e-03, -2.9089e-02, -1.0000e+00, -2.2896e-02, +1.3736e-01, +5.0000e-02, -5.7865e-02, -6.8051e-02, +1.1896e-01, +6.3799e-04, +2.0383e-02, -1.0218e-02, -1.7329e-02, -4.5153e-02, +1.2084e-01, +1.4913e-02, -2.5364e-02, +1.7698e-01
+1.5421e-01, +2.5798e-02, +2.4687e-01, +2.4576e-01, +2.0636e-02, +1.3194e-01, +1.6825e-02, -3.3911e-02, +2.6127e-02, -6.3416e-02, -5.3144e-02, +1.1939e-01, +9.9602e-02, +6.7286e-02, +1.1713e-01, +7.6691e-02, -4.4795e-02, +7.5092e-02, -2.1394e-03, +1.2104e-01, +2.2597e-01, +1.1903e-01, -3.1837e-02, -9.9657e-02, +2.3439e-01, +2.2210e-02, -1.1442e-01, +9.4800e-02, -1.5409e-01, +8.3483e-02, -2.6958e-02, +1.8041e-01, +2.3561e-02, +7.9013e-02, -2.2896e-02, -1.0000e+00, +2.4685e-02, -4.9671e-02, +7.7166e-02, +3.3488e-02, -6.1926e-02, -2.3626e-03, -3.4916e-02, -1.1047e-01, +1.1007e-01, -1.1895e-01, +4.2208e-02, -2.3790e-01, +1.2700e-01, +6.9021e-02
-2.2863e-02, -5.1290e-02, +6.0488e-03, +9.4158e-02, -4.2232e-03, +8.2355e-02, +1.5862e-01, -1.4407e-01, +1.8396e-01, -1.2992e-02, +9.3617e-02, +5.4266e-02, -4.7548e-02, +1.9308e-01, +1.5848e-01, -1.5532e-01, +5.5195e-02, -1.9642e-02, +1.9764e-01, +3.4054e-01, +2.0875e-01, +8.2094e-02, +7.2899e-02, -1.2692e-03, -5.8246e-03, +3.4771e-02, +1.6484e-02, +1.4489e-01, +1.0579e-01, +1.9326e-01, +5.1547e-02, +1.5152e-01, -3.9127e-02, -9.6331e-02, +1.3736e-01, +2.4685e-02, -1.0000e+00, +1.9779e-01, +3.5967e-02, -8.3475e-03, +1.0838e-01, -1.2010e-01, +7.6082e-02, +2.1504e-01, +1.9050e-01, +2.3852e-02, +4.6773e-02, +2.8821e-03, -1.9374e-01, +1.7863e-02
+3.0180e-02, -9.6555e-02, +8.4228e-02, -2.5809e-02, +3.1432e-02, -1.2440e-01, -1.0561e-04, -1.5195e-01, -2.0342e-02, +2.0527e-02, -1.5846e-01, -5.5205e-03, +6.4937e-02, -1.0616e-01, -1.1806e-01, +5.5992e-02, -1.1139e-01, -1.2598e-01, +3.0730e-02, -1.6587e-01, -4.5120e-02, -7.0811e-02, -4.0569e-02, +4.0851e-02, +1.5789e-02, +1.0989e-01, -3.9018e-02, -1.0133e-01, -7.3801e-02, -4.1280e-02, -1.5827e-01, -8.5731e-02, +1.8514e-02, +3.3426e-02, +5.0000e-02, -4.9671e-02, +1.9779e-01, -1.0000e+00, -4.5176e-02, -2.3971e-02, -1.0447e-01, +2.5920e-01, -8.5378e-02, -4.0313e-02, -1.5489e-01, +1.2711e-02, -1.5850e-01, +1.6233e-01, +5.8976e-02, +1.0771e-01
-3.9306e-02, -6.5993e-02, -1.8118e-01, -9.6490e-02, -4.6923e-02, +7.2654e-03, -1.3759e-01, -6.3491e-03, -4.0311e-03, -2.4485e-02, -3.8081e-02, -2.1561e-01, -2.8892e-02, -4.1515e-02, -3.8846e-02, +1.2098e-01, +1.0297e-01, -8.2500e-03, -1.2235e-01, -8.8820e-02, +1.9636e-02, -5.9399e-02, +1.2781e-01, -1.1304e-01, -7.0852e-02, -6.5716e-02, -1.2584e-01, -1.5982e-01, -1.4206e-01, +1.0318e-01, +6.4419e-03, +3.2761e-02, +4.5937e-02, -2.5140e-03, -5.7865e-02, +7.7166e-02, +3.5967e-02, -4.5176e-02, -1.0000e+00, -7.0357e-02, -8.3898e-02, -4.7699e-02, -3.3848e-02, -2.2032e-02, +2.0931e-02, -9.4728e-02, +1.2469e-02, +5.1009e-02, +5.2485e-02, +2.9980e-01
-8.4843e-03, -1.8371e-02, -3.5526e-02, +3.5793e-02, +2.0566e-02, -4.6424e-02, +5.9984e-02, +6.4993e-02, -2.0821e-02, +1.5161e-02, +1.3704e-02, -1.4255e-02, +5.9843e-03, +2.6001e-02, -4.9684e-03, +3.4022e-02, +4.5258e-03, -5.0623e-02, -3.5324e-02, +1.0358e-03, -1.0767e-02, +1.7983e-02, +1.0001e-01, -2.2551e-02, -6.4503e-02, +8.5618e-02, -7.9571e-02, +2.6395e-02, -8.2100e-02, -2.2221e-02, +7.4827e-03, -6.2026e-03, -7.7418e-02, -3.8557e-02, -6.8051e-02, +3.3488e-02, -8.3475e-03, -2.3971e-02, -7.0357e-02, -1.0000e+00, -3.8400e-03, -4.4457e-02, -2.1490e-02, +3.9998e-02, +5.2425e-02, -3.5857e-02, -1.1112e-02, +3.1355e-02, +1.1693e-02, -2.0694e-02
+1.8176e-01, -5.1874e-02, -6.6567e-02, +5.1784e-02, -5.9114e-02, -4.1910e-02, -1.0896e-01, -5.2492e-02, +1.4534e-02, +2.0229e-01, -3.5527e-02, -1.1095e-01, +1.6296e-02, -2.7884e-02, +2.4605e-03, +5.0938e-03, +7.3526e-02, -7.7852e-03, +2.0125e-02, -4.2778e-02, +9.0437e-02, +1.0271e-01, +7.8124e-02, -6.7412e-03, +6.4878e-02, -1.3733e-01, -1.7641e-01, -8.3998e-02, -1.9854e-02, +1.4927e-02, -1.7448e-01, +6.5724e-02, -2.1041e-02, +5.5969e-03, +1.1896e-01, -6.1926e-02, +1.0838e-01, -1.0447e-01, -8.3898e-02, -3.8400e-03, -1.0000e+00, -1.0548e-01, -4.9615e-02, -1.0824e-01, -6.9652e-02, -1.4602e-01, -6.3471e-02, -5.4535e-02, +4.1615e-02, +6.0046e-02
+8.3835e-02, +1.0670e-01, -2.4616e-02, +1.4747e-01, +1.3012e-01, -4.5244e-02, +2.6643e-02, +9.0242e-02, +1.1033e-01, +2.0868e-02, +1.1192e-01, +4.8693e-02, -9.3613e-02, +1.0472e-01, +6.2412e-02, +7.1384e-03, -5.8533e-02, -1.5255e-02, -2.4105e-01, +1.5330e-01, +8.0611e-02, -3.7643e-02, +3.6557e-03, -2.1879e-01, +7.9304e-02, -2.0651e-01, -1.9423e-01, +1.3677e-01, -3.1569e-02, +3.2352e-03, +2.7045e-05, +1.4808e-01, +2.7386e-02, -6.5456e-02, +6.3799e-04, -2.3626e-03, -1.2010e-01, +2.5920e-01, -4.7699e-02, -4.4457e-02, -1.0548e-01, -1.0000e+00, +1.0307e-01, -9.9246e-04, +1.3913e-01, +1.2728e-01, +1.5564e-01, -4.2776e-01, -8.1328e-03, +5.7280e-02
+1.1302e-02, +4.5509e-02, +1.3836e-02, +1.0740e-02, -3.6904e-02, -4.5919e-02, +1.5102e-02, +7.1401e-02, +1.1160e-02, -6.4565e-02, -1.1419e-02, +7.8920e-02, +1.7602e-02, -7.9212e-02, -6.0757e-02, -1.9322e-02, +5.1991e-02, -6.6190e-03, -2.9217e-02, +1.2420e-02, -6.0586e-02, -2.8929e-02, -2.7288e-02, -8.4492e-02, +3.7484e-02, -3.4236e-03, -5.4643e-02, +2.6205e-02, -6.0706e-02, -5.9220e-02, -5.7223e-02, -2.1812e-02, -1.1699e-01, +3.2715e-02, +2.0383e-02, -3.4916e-02, +7.6082e-02, -8.5378e-02, -3.3848e-02, -2.1490e-02, -4.9615e-02, +1.0307e-01, -1.0000e+00, -7.1418e-02, -5.7169e-02, +1.6945e-02, +1.3484e-02, +1.4628e-01, +4.3496e-02, +1.1746e-01
+2.1310e-02, +2.3588e-03, -1.4015e-02, +5.2872e-02, +2.1219e-02, -6.2384e-02, +9.8267e-03, +7.0085e-02, -7.0454e-02, -4.8102e-02, -5.4562e-02, +9.3334e-02, +9.3408e-02, -1.0151e-01, -5.3639e-02, +2.9178e-02, -4.8707e-03, +2.9582e-02, -1.0865e-01, +3.3236e-02, -5.3765e-02, -7.8785e-02, -2.2448e-02, +3.2056e-02, +8.5336e-02, -5.8713e-02, -8.9674e-02, -9.2940e-02, -8.5831e-02, -5.6216e-03, -1.3167e-01, +9.4271e-02, +2.4320e-02, +1.5306e-02, -1.0218e-02, -1.1047e-01, +2.1504e-01, -4.0313e-02, -2.2032e-02, +3.9998e-02, -1.0824e-01, -9.9246e-04, -7.1418e-02, -1.0000e+00, -1.0591e-01, -9.0294e-02, -9.1774e-02, +2.4421e-02, +8.9882e-02, +9.9097e-03
+9.7491e-02, -1.0167e-01, -1.6260e-01, -5.6209e-02, -7.6408e-02, -1.5639e-01, -1.3832e-01, -4.1706e-02, +1.3897e-02, +2.3336e-02, -1.7190e-01, -1.6504e-02, -5.0871e-02, -1.5226e-01, -3.6857e-02, -1.4324e-02, +9.5651e-02, -8.8649e-02, -6.3054e-02, -1.8434e-01, +1.3347e-02, -1.5460e-01, +5.5238e-02, +1.0631e-02, -7.0625e-02, -8.2820e-02, -9.2087e-02, -1.5776e-01, -9.6806e-02, -8.8501e-02, -1.8789e-01, -2.7783e-02, +2.5302e-02, +5.4436e-02, -1.7329e-02, +1.1007e-01, +1.9050e-01, -1.5489e-01, +2.0931e-02, +5.2425e-02, -6.9652e-02, +1.3913e-01, -5.7169e-02, -1.0591e-01, -1.0000e+00, -9.0406e-02, -1.2866e-01, +1.8814e-01, +1.5507e-01, +6.2787e-02
-5.0332e-02, -1.6371e-01, -6.7205e-02, -2.1349e-01, -1.6516e-01, -1.7992e-01, -1.3451e-01, +1.2134e-01, -1.3738e-02, +2.4201e-01, -8.0464e-02, -1.0961e-01, -6.5019e-02, -3.5917e-02, -1.8358e-02, +2.9356e-02, +2.2070e-01, -5.9167e-02, -1.8130e-01, +1.4181e-02, +4.6650e-02, +1.0493e-01, +8.1525e-02, -7.4842e-02, -7.4077e-02, -1.0206e-01, -2.2733e-01, -1.0390e-01, -2.2114e-01, -1.9149e-02, -9.8798e-02, +9.5861e-02, -4.4804e-02, +4.9643e-02, -4.5153e-02, -1.1895e-01, +2.3852e-02, +1.2711e-02, -9.4728e-02, -3.5857e-02, -1.4602e-01, +1.2728e-01, +1.6945e-02, -9.0294e-02, -9.0406e-02, -1.0000e+00, -2.1697e-01, +1.4693e-01, +1.1480e-01, +1.3708e-01
-1.0186e-01, -1.8236e-01, -1.2846e-02, -4.1927e-02, -9.8889e-02, -3.5951e-01, +9.7479e-02, +1.1594e-02, +2.8871e-03, +1.9597e-01, -2.0969e-01, +6.6419e-02, +7.0018e-02, -1.6477e-01, -2.2802e-01, -4.5447e-03, -6.0422e-03, -1.7999e-01, -2.0335e-01, -7.3196e-02, -7.7266e-02, -7.4849e-02, -6.7455e-02, -3.4667e-03, -6.3224e-02, -2.9751e-02, -2.0064e-01, -1.3229e-01, -1.2404e-01, -1.7197e-02, -2.0413e-01, +1.0693e-01, +2.2434e-03, +3.8645e-02, +1.2084e-01, +4.2208e-02, +4.6773e-02, -1.5850e-01, +1.2469e-02, -1.1112e-02, -6.3471e-02, +1.5564e-01, +1.3484e-02, -9.1774e-02, -1.2866e-01, -2.1697e-01, -1.0000e+00, +1.3728e-01, +1.3287e-01, +9.3199e-02
+1.1525e-01, +8.3439e-03, +1.3629e-01, +3.0631e-01, +1.2995e-01, +1.9484e-01, +9.7293e-02, -5.9633e-02, +2.4617e-02, +3.8407e-02, +1.2214e-01, -8.3327e-07, -8.2745e-02, +8.6460e-02, +2.2254e-01, +1.6800e-01, +7.3618e-02, +7.1929e-02, +4.4455e-02, +1.9197e-01, +7.4775e-02, +2.0986e-01, +5.8857e-03, -4.9986e-03, +1.2583e-01, +3.6028e-02, -5.0709e-02, +2.3394e-01, -2.0826e-02, +1.5932e-01, +2.5350e-01, +8.2527e-02, +2.4440e-01, +1.2199e-01, +1.4913e-02, -2.3790e-01, +2.8821e-03, +1.6233e-01, +5.1009e-02, +3.1355e-02, -5.4535e-02, -4.2776e-01, +1.4628e-01, +2.4421e-02, +1.8814e-01, +1.4693e-01, +1.3728e-01, -1.0000e+00, +1.8988e-01, -2.4502e-01
-1.1393e-02, -8.2444e-02, +7.1118e-02, +3.3742e-02, +1.9922e-02, +2.4967e-01, +5.6059e-02, -1.8888e-02, -5.5870e-02, +1.7802e-02, +1.5229e-01, +2.9889e-02, +1.4343e-01, +1.1886e-01, +3.3323e-02, -1.7551e-02, -8.4694e-02, +7.3541e-02, +1.4082e-01, +1.7630e-01, +1.0652e-01, -4.6185e-02, -5.6227e-02, +5.8129e-02, +5.2648e-02, +4.1504e-02, +1.5287e-01, +4.4665e-02, +9.0901e-02, +1.0952e-02, +1.5917e-01, +6.4188e-02, -3.2798e-02, +1.8014e-01, -2.5364e-02, +1.2700e-01, -1.9374e-01, +5.8976e-02, +5.2485e-02, +1.1693e-02, +4.1615e-02, -8.1328e-03, +4.3496e-02, +8.9882e-02, +1.5507e-01, +1.1480e-01, +1.3287e-01, +1.8988e-01, -1.0000e+00, +6.5244e-02
+9.0157e-02, +1.7163e-01, +1.8340e-01, +4.3901e-02, +2.3318e-01, +1.7593e-01, +1.1195e-01, +1.0372e-01, -9.7467e-02, +4.4134e-02, +2.2372e-01, +2.1571e-01, -7.6565e-02, +7.0349e-02, +2.1435e-01, -1.4505e-01, +4.9230e-02, +1.4619e-01, +1.5866e-01, -4.3221e-02, -1.4395e-01, +1.0278e-01, +9.0450e-02, +1.8132e-01, +8.5467e-02, +1.5796e-01, +2.6464e-01, +2.1369e-01, +1.6929e-01, +2.1531e-01, +1.1132e-01, -5.2212e-02, -5.9262e-02, +6.3153e-02, +1.7698e-01, +6.9021e-02, +1.7863e-02, +1.0771e-01, +2.9980e-01, -2.0694e-02, +6.0046e-02, +5.7280e-02, +1.1746e-01, +9.9097e-03, +6.2787e-02, +1.3708e-01, +9.3199e-02, -2.4502e-01, +6.5244e-02, -1.0000e+00
