-1.0000e+00, -8.0956e-02, +2.1634e-02, -4.6753e-02, -1.6813e-02, -7.3044e-03, +1.8629e-02, -9.3696e-02, +5.4725e-02, +5.9576e-02, +2.3354e-03, -7.7731e-02, +7.9725e-02, -4.4463e-02, -2.7284e-03, -2.0321e-02, +3.9518e-02, -5.6596e-02, +5.5785e-02, +1.4596e-02, +6.0760e-02, +4.4276e-02, +7.7051e-02, +6.8033e-02, +9.4448e-03, -1.1556e-01, -3.7682e-02, -7.6933e-02, +3.9577e-03, -6.2273e-02, +5.7010e-02, -4.6059e-02, -5.7094e-02, +6.5553e-02, -5.9479e-02, +5.7199e-02, -2.7603e-02, -8.7126e-02, -2.3730e-02, -6.5222e-02, -7.1383e-02, -8.6284e-02, -7.4244e-02, +5.1974e-02, -4.1155e-02, +7.6064e-03, +3.4205e-02, +2.0738e-01, +3.2532e-02, -3.2452e-02
-8.0956e-02, -1.0000e+00, +6.4470e-02, +2.8944e-02, -2.5178e-02, +1.6272e-03, -1.7967e-02, +2.3492e-02, +4.2338e-03, +5.8926e-02, -8.7328e-04, +1.9359e-03, +9.1162e-02, -6.2844e-02, -7.8131e-02, +3.0711e-02, +1.0592e-02, -6.9103e-02, +1.9059e-02, +6.2056e-02, +6.6515e-02, +1.1123e-01, +3.2508e-02, -8.1291e-03, +4.1462e-02, +2.8462e-02, +9.0797e-03, -1.8698e-02, -5.4851e-02, -1.5988e-02, +3.5294e-02, +4.7264e-02, +2.3420e-02, -4.7200e-02, -5.8048e-02, +5.5492e-02, +2.3669e-02, +1.4765e-02, -3.3097e-02, +4.1173e-02, -1.0339e-01, -5.0851e-02, -2.0477e-02, -8.6416e-03, -1.9146e-02, +2.1494e-03, +1.1786e-01, +3.4687e-02, -1.0517e-02, +2.4611e-03
+2.1634e-02, +6.4470e-02, -1.0000e+00, +1.3227e-02, -2.8950e-02, -5.9048e-02, +2.0995e-02, -1.3541e-01, -1.8177e-02, +1.4339e-01, +7.0145e-03, -2.6617e-02, -6.0363e-02, -6.9215e-02, +8.0384e-02, -5.8422e-05, -2.0982e-02, -1.7515e-02, +4.1310e-02, -8.7512e-02, +1.5756e-02, +2.8682e-02, +8.6522e-02, -1.6016e-02, -9.0470e-02, -5.5586e-03, -3.7099e-02, -1.0837e-01, +2.6731e-02, +2.1850e-02, +2.3643e-02, +2.8280e-02, -1.3138e-02, -2.0870e-04, +3.9988e-02, +4.6240e-02, -1.2073e-01, +4.4500e-02, +1.5168e-02, +2.3652e-02, -7.3387e-02, +5.3962e-02, +9.2221e-02, -5.7915e-02, +2.9461e-02, +3.0397e-03, -4.9981e-02, +1.9478e-02, +1.1999e-02, -3.6660e-02
-4.6753e-02, +2.8944e-02, +1.3227e-02, -1.0000e+00, -4.0202e-02, -6.0537e-03, -1.0846e-01, -6.4133e-02, -1.8592e-03, +1.2357e-01, -8.2383e-02, -1.2903e-01, -8.9554e-03, +4.5615e-02, +1.1362e-02, -1.1662e-02, -2.9774e-02, -8.3385e-02, +4.5552e-02, +1.3186e-02, -7.8413e-03, -5.8191e-02, +1.2207e-01, -5.3399e-02, -4.6459e-02, -1.4153e-01, +2.0738e-02, -7.0897e-02, -4.0282e-02, -4.2858e-02, -3.9656e-02, +9.2807e-02, +5.5446e-02, +4.0646e-02, -4.5906e-02, +2.2216e-02, +7.0507e-02, -4.3875e-02, -7.4949e-03, +4.0184e-03, -3.3404e-02, +1.5474e-02, +6.2207e-02, -1.2490e-02, +1.7023e-02, -2.6394e-02, -1.9560e-02, -1.1289e-01, -6.7245e-02, +2.4943e-03
-1.6813e-02, -2.5178e-02, -2.8950e-02, -4.0202e-02, -1.0000e+00, -2.2216e-02, -5.0238e-03, -7.5133e-02, +5.2492e-02, +8.0261e-02, -2.7678e-02, -1.0863e-01, -6.3271e-02, -9.8101e-02, -2.3428e-02, -2.9612e-03, +2.2923e-04, +2.3395e-03, -1.1219e-01, +1.7413e-02, -7.4681e-02, -6.9584e-02, +9.6688e-02, -5.6917e-02, -2.8250e-02, -4.5155e-02, +2.7341e-02, -1.2653e-01, -7.3057e-02, -1.0271e-01, +3.5132e-02, +9.6821e-02, +1.4454e-02, -5.0561e-03, +1.8324e-02, -3.0870e-02, +4.8997e-02, +1.2440e-01, +7.6028e-02, +4.8209e-02, +7.6502e-02, -4.1172e-02, -1.0690e-03, +2.7968e-02, -5.1623e-02, -5.3612e-03, -2.1769e-02, +2.9408e-02, +1.6671e-02, -3.1973e-02
-7.3044e-03, +1.6272e-03, -5.9048e-02, -6.0537e-03, -2.2216e-02, -1.0000e+00, +1.4277e-02, -4.8783e-02, +4.9754e-02, +9.7081e-02, -1.3586e-01, +3.1807e-02, +5.3985e-03, +5.5145e-02, -1.2491e-01, -1.1065e-02, -4.3321e-02, -9.8017e-02, -1.2805e-01, -2.2417e-02, -1.9562e-02, +9.3385e-02, +4.9476e-03, +6.2115e-02, -1.4339e-02, +3.6175e-03, -3.0761e-02, -1.0711e-01, -1.2575e-01, -1.5547e-02, -2.5545e-02, +8.5629e-02, -4.5662e-02, -1.4293e-01, -3.2476e-02, +4.5522e-02, +2.9868e-02, -2.6540e-02, -1.3745e-02, +6.6750e-02, -8.4241e-02, +5.6256e-02, +6.7474e-02, -1.8280e-02, -2.5483e-03, -1.2107e-02, -1.3081e-01, +2.0486e-01, -1.4996e-02, +3.4275e-03
+1.8629e-02, -1.7967e-02, +2.0995e-02, -1.0846e-01, -5.0238e-03, +1.4277e-02, -1.0000e+00, -1.4501e-01, -6.3276e-02, +8.0752e-02, -6.0781e-02, -8.3583e-03, +1.0917e-01, +5.1789e-02, +5.2647e-02, -2.3239e-02, -6.1713e-03, -4.6802e-02, -1.1930e-02, +1.0671e-01, +8.3614e-02, +8.4436e-02, +2.6154e-01, +3.6877e-04, -3.3908e-02, +1.1631e-02, -7.8645e-02, -1.0261e-01, -8.9569e-02, +1.5562e-03, -8.6072e-02, +5.9161e-02, -3.0770e-02, +4.2449e-02, +3.1171e-02, +2.4000e-03, +4.9850e-03, -2.3518e-02, +4.3221e-02, -4.9130e-03, -1.3037e-02, -2.1283e-02, -2.9096e-02, -1.1178e-02, -6.0794e-02, -1.9875e-02, -2.2265e-02, -3.0966e-02, -2.0447e-02, +5.7211e-03
-9.3696e-02, +2.3492e-02, -1.3541e-01, -6.4133e-02, -7.5133e-02, -4.8783e-02, -1.4501e-01, -1.0000e+00, -4.8100e-02, +2.1818e-02, -1.6471e-01, -1.8298e-03, +8.8695e-02, -1.1123e-02, -7.7812e-02, -2.2874e-02, +1.0958e-03, -7.1551e-02, -7.2752e-03, +1.3820e-01, +1.1960e-01, +2.6490e-01, +2.9531e-01, +7.0900e-02, -8.0384e-03, -1.0795e-02, -1.4288e-01, -9.9059e-02, -1.1431e-01, -4.5953e-02, -9.4304e-02, +8.3508e-02, +3.0397e-02, -1.4559e-02, +8.6146e-03, -2.4487e-02, +7.1599e-02, -7.3781e-04, +1.1566e-02, +6.4700e-02, -9.3402e-02, -6.3227e-03, +1.2898e-01, -1.2484e-02, -1.2405e-01, +6.6022e-02, -6.8942e-02, -1.0456e-01, -3.1081e-02, -5.0084e-02
+5.4725e-02, +4.2338e-03, -1.8177e-02, -1.8592e-03, +5.2492e-02, +4.9754e-02, -6.3276e-02, -4.8100e-02, -1.0000e+00, +3.7228e-02, +1.6482e-02, -9.6159e-03, -2.2599e-02, +1.0444e-01, +7.2881e-02, -3.8573e-02, +3.6525e-03, +5.5147e-02, +3.5801e-02, -5.7580e-02, -8.7730e-02, -1.5400e-01, -3.5508e-02, +5.9499e-02, -3.4059e-03, -7.4662e-02, +9.4150e-02, -1.7724e-02, +1.3853e-02, +1.0620e-02, +7.6957e-02, -4.9877e-03, +2.4269e-02, +7.6609e-02, +3.0054e-02, -2.5445e-02, +3.1981e-03, -2.7668e-02, +2.8894e-02, +1.0925e-01, +7.0173e-02, -9.2011e-02, -8.9602e-02, -4.1627e-03, -3.7395e-02, -3.4900e-03, -2.1714e-02, -2.7550e-02, -1.3903e-02, +4.4328e-02
+5.9576e-02, +5.8926e-02, +1.4339e-01, +1.2357e-01, +8.0261e-02, +9.7081e-02, +8.0752e-02, +2.1818e-02, +3.7228e-02, -1.0000e+00, -6.2523e-02, +9.1564e-02, +1.8629e-02, +1.9393e-02, +1.1031e-01, -1.0885e-02, +6.1682e-02, +7.4397e-02, +1.0934e-02, -1.1579e-01, -1.1867e-01, -7.4810e-03, +1.8814e-01, -1.1110e-01, +3.1049e-02, +6.0973e-02, -3.5324e-02, +6.5384e-02, +9.2614e-02, +5.4864e-02, -8.3266e-02, -9.1763e-02, -1.6713e-02, -6.1513e-02, +5.4846e-02, +4.9736e-03, +4.5360e-02, -2.6590e-02, +7.3596e-02, +2.3046e-02, +1.4106e-01, +1.3580e-02, +8.1145e-03, -4.3136e-02, +7.8962e-02, +1.1185e-01, +9.2775e-02, -6.4245e-02, -2.9971e-03, -1.0077e-02
+2.3354e-03, -8.7329e-04, +7.0145e-03, -8.2383e-02, -2.7678e-02, -1.3586e-01, -6.0781e-02, -1.6471e-01, +1.6482e-02, -6.2523e-02, -1.0000e+00, -6.8791e-02, -1.1182e-02, +8.5100e-02, -5.1958e-02, +1.6302e-02, +9.7556e-03, -1.7438e-01, -1.3717e-01, +3.6364e-02, -2.0974e-02, +4.4731e-02, +2.3629e-01, +5.9185e-02, +3.8045e-02, -8.4486e-02, -7.8452e-02, -1.0138e-01, -1.1578e-01, -4.2447e-02, -5.8300e-02, +9.6870e-02, +3.1853e-03, +4.1011e-03, +2.4358e-03, +1.7673e-03, +1.3669e-01, -4.0832e-02, +3.0667e-03, -6.7179e-03, -3.8012e-02, +3.7952e-02, +8.4754e-03, -5.4703e-02, -8.8673e-02, +3.4206e-02, -1.8161e-02, +3.3028e-02, -1.8216e-02, +4.6180e-02
-7.7731e-02, +1.9359e-03, -2.6617e-02, -1.2903e-01, -1.0863e-01, +3.1807e-02, -8.3583e-03, -1.8298e-03, -9.6159e-03, +9.1564e-02, -6.8791e-02, -1.0000e+00, -8.5273e-03, -4.9695e-02, +1.2293e-02, -1.0825e-03, -1.3393e-02, -2.1037e-02, -3.2480e-02, -4.0702e-04, -1.1619e-02, -7.4932e-02, +1.8010e-01, -1.9743e-02, -8.1656e-02, +1.0204e-02, +6.6099e-03, -3.1286e-03, -4.8020e-03, -4.6829e-02, +5.0565e-02, +6.8395e-02, +1.5791e-02, -5.5793e-03, -2.3356e-02, -2.9066e-02, +2.1198e-02, -5.0165e-02, +3.9549e-03, -8.9739e-03, +1.7458e-02, +8.4204e-05, +1.0186e-02, -9.9619e-03, -7.3191e-02, -2.3298e-02, -3.4508e-02, -1.1071e-01, +2.1623e-02, -3.2649e-02
+7.9725e-02, +9.1162e-02, -6.0363e-02, -8.9554e-03, -6.3271e-02, +5.3985e-03, +1.0917e-01, +8.8695e-02, -2.2599e-02, +1.8629e-02, -1.1182e-02, -8.5273e-03, -1.0000e+00, -1.6558e-02, -9.7136e-02, -1.5993e-02, -4.0694e-02, -3.7352e-02, -1.4656e-02, +4.3465e-02, -7.4265e-02, -1.5370e-01, +6.6907e-02, -4.5240e-02, +6.1480e-03, -6.9422e-02, -8.1262e-03, +8.9503e-02, -3.4742e-02, -5.0083e-02, +1.1773e-02, +9.0242e-02, -4.7670e-02, +3.5986e-02, +5.4157e-03, +2.0818e-02, +7.6202e-02, +5.2888e-02, -5.9010e-03, +1.9845e-02, -6.8564e-02, +4.6423e-02, -2.3158e-02, -7.2258e-02, -1.0087e-01, -2.3666e-04, +3.1607e-02, -3.3039e-02, +1.7209e-02, +7.0915e-04
-4.4463e-02, -6.2844e-02, -6.9215e-02, +4.5615e-02, -9.8101e-02, +5.5145e-02, +5.1789e-02, -1.1123e-02, +1.0444e-01, +1.9393e-02, +8.5100e-02, -4.9695e-02, -1.6558e-02, -1.0000e+00, -4.1326e-02, -1.7736e-02, -5.4274e-02, -3.3570e-02, -2.5079e-02, -4.1302e-02, +8.6095e-03, +1.4631e-01, +1.9774e-02, -1.2011e-02, -6.1799e-02, +2.5262e-02, -5.0339e-02, -7.1679e-02, +2.5730e-02, +7.7148e-03, -5.1866e-02, -1.9618e-02, -3.3561e-02, -1.7413e-02, -4.1638e-02, +3.7680e-02, +6.7218e-02, +8.0975e-02, +4.6843e-02, +1.5665e-02, -1.8794e-02, -1.6258e-02, -2.6747e-02, -1.8720e-02, -1.7876e-02, -2.4521e-02, +8.7722e-02, -1.0769e-02, +7.2603e-03, -4.1981e-02
-2.7284e-03, -7.8131e-02, +8.0384e-02, +1.1362e-02, -2.3428e-02, -1.2491e-01, +5.2647e-02, -7.7812e-02, +7.2881e-02, +1.1031e-01, -5.1958e-02, +1.2293e-02, -9.7136e-02, -4.1326e-02, -1.0000e+00, -3.7813e-02, -5.9378e-02, -4.7633e-02, -9.0425e-02, -4.1009e-02, -9.4608e-02, +1.4455e-01, -8.2930e-02, -2.9206e-02, -5.8620e-03, -5.6346e-03, -1.4536e-01, -7.9807e-02, -5.6807e-02, -1.1696e-02, -2.5993e-02, +1.9455e-01, +1.8518e-02, -6.9624e-03, +1.0103e-02, -8.4912e-03, +1.3674e-01, +2.2923e-02, -1.0885e-03, -1.3977e-01, -3.5946e-02, +1.8419e-02, +8.8898e-03, -1.8969e-02, +3.4161e-02, +1.4190e-02, -4.1118e-02, -1.2493e-01, -5.2405e-02, +1.4791e-01
-2.0321e-02, +3.0711e-02, -5.8423e-05, -1.1662e-02, -2.9612e-03, -1.1065e-02, -2.3239e-02, -2.2874e-02, -3.8573e-02, -1.0885e-02, +1.6302e-02, -1.0826e-03, -1.5993e-02, -1.7736e-02, -3.7813e-02, -1.0000e+00, -1.1841e-02, +4.5550e-03, +1.9216e-02, -1.4042e-02, +9.9392e-03, +6.1400e-02, -5.2978e-02, -6.6666e-02, -1.8159e-02, -2.1335e-02, +2.4068e-02, -2.2235e-02, +9.9562e-04, +1.3492e-02, -1.1500e-02, +4.5604e-02, -4.0917e-02, -1.1859e-02, -7.8047e-04, +4.5737e-02, +8.3992e-03, -1.6571e-02, -1.8443e-02, +4.3901e-02, -3.4468e-02, -2.2248e-02, +4.8426e-02, -4.3716e-03, +5.8610e-02, +5.0289e-04, +4.1377e-02, -2.8581e-02, -2.7621e-02, -1.7370e-02
+3.9518e-02, +1.0592e-02, -2.0982e-02, -2.9774e-02, +2.2923e-04, -4.3321e-02, -6.1713e-03, +1.0958e-03, +3.6525e-03, +6.1682e-02, +9.7556e-03, -1.3393e-02, -4.0694e-02, -5.4274e-02, -5.9378e-02, -1.1841e-02, -1.0000e+00, +7.3175e-04, +7.0932e-03, +1.4705e-03, -4.4678e-02, +6.3115e-03, +2.5087e-02, +2.2790e-02, +8.6985e-02, +1.3196e-02, +3.0701e-03, +2.9057e-02, -2.0007e-04, +5.2266e-03, -2.9026e-04, -3.5154e-02, +6.2406e-02, -5.7427e-02, -8.0290e-03, -2.6707e-02, +1.1875e-02, -4.3349e-02, -7.2931e-04, +1.2767e-02, -1.6202e-02, -3.3448e-02, -7.2189e-02, +6.5005e-03, +3.8533e-03, -4.1002e-02, -1.1333e-02, -4.5259e-02, +4.5865e-02, +5.0471e-02
-5.6596e-02, -6.9103e-02, -1.7515e-02, -8.3385e-02, +2.3395e-03, -9.8017e-02, -4.6802e-02, -7.1551e-02, +5.5147e-02, +7.4397e-02, -1.7439e-01, -2.1037e-02, -3.7352e-02, -3.3570e-02, -4.7633e-02, +4.5550e-03, +7.3174e-04, -1.0000e+00, -9.2429e-02, -3.5215e-05, -7.0783e-02, +6.3569e-02, +1.4952e-01, +4.0446e-02, +4.5361e-02, -3.5832e-02, -4.1588e-02, -9.6309e-02, -1.3688e-01, -2.7644e-03, -1.0490e-02, +4.7838e-02, -4.8239e-02, -3.0155e-02, -5.1289e-02, -1.3579e-02, +7.5444e-02, -4.7664e-02, -1.8689e-02, +2.0229e-02, -5.7336e-02, +2.3237e-02, +6.4680e-02, -2.9173e-02, -5.4391e-02, +3.5486e-02, -8.6414e-02, +1.0574e-01, -1.0501e-02, -1.3346e-02
+5.5785e-02, +1.9059e-02, +4.1310e-02, +4.5552e-02, -1.1219e-01, -1.2805e-01, -1.1930e-02, -7.2752e-03, +3.5801e-02, +1.0934e-02, -1.3717e-01, -3.2480e-02, -1.4656e-02, -2.5079e-02, -9.0425e-02, +1.9216e-02, +7.0932e-03, -9.2429e-02, -1.0000e+00, -8.6493e-02, -7.3700e-02, +1.0088e-01, +1.1461e-01, -2.9843e-03, -7.8976e-03, +1.1866e-02, -1.0548e-01, -6.4815e-02, -5.4586e-02, -5.5989e-02, -3.2325e-02, +8.4988e-02, -2.1004e-02, -9.9914e-02, -2.2459e-02, +5.4557e-02, +1.5434e-01, +3.7720e-03, -2.1694e-02, +1.6962e-02, -3.1831e-02, +1.8459e-02, +6.0085e-02, -5.2538e-02, -1.0139e-01, -7.4104e-02, -1.7770e-01, +9.9952e-02, -1.4671e-02, +5.5054e-03
+1.4596e-02, +6.2056e-02, -8.7512e-02, +1.3186e-02, +1.7413e-02, -2.2417e-02, +1.0671e-01, +1.3820e-01, -5.7580e-02, -1.1579e-01, +3.6364e-02, -4.0703e-04, +4.3465e-02, -4.1302e-02, -4.1009e-02, -1.4042e-02, +1.4705e-03, -3.5215e-05, -8.6493e-02, -1.0000e+00, -1.2952e-01, -8.0349e-02, -1.7462e-01, -1.0058e-01, -3.3654e-02, -6.2411e-02, -1.5898e-03, -6.3273e-02, +2.3805e-02, +8.5994e-03, -3.6374e-02, +5.0319e-02, -1.0711e-01, -5.5708e-02, +6.5157e-02, +3.0899e-02, +1.6421e-01, -1.5039e-01, -3.5909e-02, -6.3426e-02, +8.1272e-02, -2.6012e-02, -7.9432e-03, -8.2532e-03, -3.4988e-02, +2.1515e-02, -2.9185e-02, -2.1587e-02, -1.2438e-02, +1.0602e-01
+6.0760e-02, +6.6515e-02, +1.5756e-02, -7.8413e-03, -7.4681e-02, -1.9562e-02, +8.3614e-02, +1.1960e-01, -8.7730e-02, -1.1867e-01, -2.0974e-02, -1.1619e-02, -7.4265e-02, +8.6095e-03, -9.4608e-02, +9.9392e-03, -4.4678e-02, -7.0783e-02, -7.3700e-02, -1.2952e-01, -1.0000e+00, -2.0065e-01, -1.4502e-01, -4.9811e-02, -2.9950e-02, -4.9983e-02, +1.9895e-02, -5.8100e-02, -3.9319e-02, -2.1300e-02, +9.5596e-02, +1.4231e-01, +1.0138e-01, +4.2937e-02, +2.2081e-02, -8.1931e-02, +1.9700e-01, -7.5848e-02, +6.6492e-02, +9.0401e-04, +1.0839e-01, -3.2579e-03, -4.3362e-02, -1.7781e-01, -2.4480e-02, -4.5325e-02, -1.1361e-01, -1.5815e-01, +7.2320e-02, +1.8794e-01
+4.4276e-02, +1.1123e-01, +2.8682e-02, -5.8191e-02, -6.9584e-02, +9.3385e-02, +8.4436e-02, +2.6490e-01, -1.5400e-01, -7.4810e-03, +4.4731e-02, -7.4932e-02, -1.5370e-01, +1.4631e-01, +1.4455e-01, +6.1400e-02, +6.3115e-03, +6.3569e-02, +1.0088e-01, -8.0349e-02, -2.0065e-01, -1.0000e+00, -8.3889e-04, -1.2836e-01, -7.1184e-02, -8.2164e-02, +1.5897e-01, +5.2891e-02, +4.4758e-02, -6.0162e-02, +1.1728e-01, -5.7326e-03, +4.6898e-03, +2.2597e-01, +3.8648e-02, -9.5131e-02, +7.2223e-02, +3.9742e-02, +7.1208e-02, +5.6331e-02, +1.4953e-01, +1.5927e-01, -2.8015e-01, +4.3048e-02, -1.1565e-01, +2.0921e-02, -1.0581e-02, +8.6164e-02, +1.0516e-01, -2.7237e-02
+7.7051e-02, +3.2508e-02, +8.6522e-02, +1.2207e-01, +9.6688e-02, +4.9476e-03, +2.6154e-01, +2.9531e-01, -3.5508e-02, +1.8814e-01, +2.3629e-01, +1.8010e-01, +6.6907e-02, +1.9774e-02, -8.2930e-02, -5.2978e-02, +2.5087e-02, +1.4952e-01, +1.1461e-01, -1.7462e-01, -1.4502e-01, -8.3888e-04, -1.0000e+00, +3.0528e-03, +3.3370e-02, +7.9345e-02, +2.5346e-01, +1.0528e-01, +1.7112e-01, +5.6971e-02, +1.2723e-01, -6.1067e-02, -2.5490e-03, +3.6842e-02, +5.3561e-02, +1.9038e-02, -7.0837e-02, -1.5582e-01, +1.5426e-02, -3.7279e-02, +1.5615e-01, -3.2274e-02, -5.5069e-02, +2.3305e-02, +2.9662e-01, +2.5605e-02, -1.6156e-02, -6.2430e-02, -2.9949e-02, +2.3861e-01
+6.8033e-02, -8.1291e-03, -1.6016e-02, -5.3399e-02, -5.6917e-02, +6.2115e-02, +3.6877e-04, +7.0900e-02, +5.9499e-02, -1.1110e-01, +5.9185e-02, -1.9743e-02, -4.5240e-02, -1.2011e-02, -2.9206e-02, -6.6666e-02, +2.2790e-02, +4.0446e-02, -2.9843e-03, -1.0058e-01, -4.9811e-02, -1.2836e-01, +3.0528e-03, -1.0000e+00, +1.3694e-02, -7.9275e-02, -6.4032e-02, -3.6536e-02, +7.4241e-02, -9.1765e-03, -2.9305e-02, +8.3086e-02, -2.3565e-02, +8.4503e-03, -7.7687e-02, -3.9306e-02, +1.0620e-01, +7.6408e-03, +7.1162e-02, +5.2003e-02, +3.1357e-02, +6.8292e-02, -1.9241e-02, -2.1327e-02, +4.6845e-02, +4.2172e-02, -3.3133e-02, -3.4722e-02, +2.9982e-02, +9.5214e-02
+9.4449e-03, +4.1462e-02, -9.0470e-02, -4.6459e-02, -2.8250e-02, -1.4339e-02, -3.3908e-02, -8.0384e-03, -3.4059e-03, +3.1049e-02, +3.8045e-02, -8.1656e-02, +6.1480e-03, -6.1799e-02, -5.8619e-03, -1.8159e-02, +8.6985e-02, +4.5361e-02, -7.8976e-03, -3.3654e-02, -2.9950e-02, -7.1183e-02, +3.3370e-02, +1.3694e-02, -1.0000e+00, +3.1533e-02, -8.3531e-03, -2.4637e-02, +3.2730e-02, +5.3076e-03, +9.7445e-03, +4.2529e-02, -7.8761e-02, +1.5406e-02, +1.4190e-02, +3.6175e-02, +9.0978e-03, +2.9020e-02, +2.6582e-03, +2.4552e-02, -6.6293e-02, +3.8858e-02, -2.0369e-02, -6.1514e-02, -5.2691e-02, -1.9405e-02, +3.4523e-02, +4.0301e-02, +3.9052e-03, -2.0564e-02
-1.1556e-01, +2.8462e-02, -5.5586e-03, -1.4153e-01, -4.5155e-02, +3.6175e-03, +1.1631e-02, -1.0795e-02, -7.4662e-02, +6.0973e-02, -8.4486e-02, +1.0204e-02, -6.9422e-02, +2.5262e-02, -5.6346e-03, -2.1335e-02, +1.3196e-02, -3.5832e-02, +1.1866e-02, -6.2411e-02, -4.9983e-02, -8.2164e-02, +7.9345e-02, -7.9275e-02, +3.1533e-02, -1.0000e+00, +1.4268e-02, +2.9362e-03, -1.8036e-02, -6.6294e-02, +1.0194e-02, +7.8357e-02, +8.8238e-02, +6.9892e-04, +2.7290e-02, -7.9507e-02, +7.6600e-02, -5.2350e-02, +2.7391e-03, -4.1490e-03, -2.8986e-02, -2.6235e-03, +1.9023e-02, +3.9197e-02, -4.1305e-02, -5.6825e-02, +1.6659e-02, -1.3139e-01, -4.0358e-02, +3.9874e-02
-3.7682e-02, +9.0797e-03, -3.7099e-02, +2.0738e-02, +2.7341e-02, -3.0761e-02, -7.8645e-02, -1.4288e-01, +9.4150e-02, -3.5324e-02, -7.8452e-02, +6.6098e-03, -8.1262e-03, -5.0339e-02, -1.4536e-01, +2.4068e-02, +3.0701e-03, -4.1588e-02, -1.0548e-01, -1.5898e-03, +1.9895e-02, +1.5897e-01, +2.5346e-01, -6.4032e-02, -8.3531e-03, +1.4268e-02, -1.0000e+00, -9.1364e-02, -1.3887e-01, -4.2438e-02, -1.1474e-01, +9.0168e-02, -3.8143e-02, -5.0367e-02, -5.3882e-02, -3.5640e-02, +6.6427e-02, -1.1749e-02, -3.3432e-02, +2.9843e-03, -7.6269e-02, +1.0549e-01, +4.4710e-02, -4.3850e-02, -2.0891e-02, -1.5086e-02, -1.4221e-01, +7.9861e-02, -1.6485e-02, -1.4000e-02
-7.6933e-02, -1.8698e-02, -1.0837e-01, -7.0897e-02, -1.2653e-01, -1.0711e-01, -1.0261e-01, -9.9059e-02, -1.7724e-02, +6.5384e-02, -1.0138e-01, -3.1286e-03, +8.9503e-02, -7.1679e-02, -7.9807e-02, -2.2235e-02, +2.9057e-02, -9.6309e-02, -6.4815e-02, -6.3273e-02, -5.8100e-02, +5.2891e-02, +1.0528e-01, -3.6536e-02, -2.4637e-02, +2.9362e-03, -9.1364e-02, -1.0000e+00, -8.1308e-02, +1.7846e-02, -3.6822e-02, +8.0709e-02, +1.3857e-02, +3.1073e-02, +1.3189e-02, +4.1614e-02, +7.5518e-02, -6.4495e-02, -4.6467e-02, -4.2896e-02, -1.7209e-02, +4.9056e-02, -3.9690e-02, +1.2764e-02, +2.7002e-02, +3.1199e-03, -8.0980e-02, +8.5628e-02, +5.7261e-02, +3.8780e-02
+3.9577e-03, -5.4851e-02, +2.6731e-02, -4.0282e-02, -7.3057e-02, -1.2575e-01, -8.9569e-02, -1.1431e-01, +1.3853e-02, +9.2614e-02, -1.1578e-01, -4.8021e-03, -3.4742e-02, +2.5730e-02, -5.6807e-02, +9.9562e-04, -2.0006e-04, -1.3688e-01, -5.4586e-02, +2.3805e-02, -3.9319e-02, +4.4758e-02, +1.7112e-01, +7.4241e-02, +3.2730e-02, -1.8036e-02, -1.3887e-01, -8.1308e-02, -1.0000e+00, -1.6053e-02, -6.7989e-02, +1.1265e-01, +5.0292e-03, +2.0901e-03, -5.5946e-02, +3.8572e-02, +1.6079e-01, +2.4280e-02, -6.1275e-03, +5.9525e-02, +6.2402e-02, +9.4338e-03, +8.5883e-02, +4.0531e-02, -7.6932e-02, -6.2150e-02, -8.0044e-02, +1.4425e-02, -4.8673e-02, -1.9062e-02
-6.2273e-02, -1.5988e-02, +2.1850e-02, -4.2858e-02, -1.0271e-01, -1.5547e-02, +1.5562e-03, -4.5953e-02, +1.0620e-02, +5.4864e-02, -4.2447e-02, -4.6829e-02, -5.0083e-02, +7.7148e-03, -1.1696e-02, +1.3492e-02, +5.2266e-03, -2.7645e-03, -5.5989e-02, +8.5994e-03, -2.1300e-02, -6.0162e-02, +5.6971e-02, -9.1765e-03, +5.3076e-03, -6.6295e-02, -4.2438e-02, +1.7846e-02, -1.6053e-02, -1.0000e+00, +5.8742e-02, +9.4987e-02, +2.4186e-02, +5.6541e-02, +9.9343e-02, -5.3613e-02, +1.0278e-01, +4.2687e-02, +3.1786e-02, -7.8009e-03, -2.9926e-02, -2.6798e-02, +4.3927e-02, -6.1923e-02, -4.6627e-02, -1.3299e-02, +8.0812e-03, -9.3375e-02, +2.9077e-02, -3.4303e-02
+5.7010e-02, +3.5294e-02, +2.3643e-02, -3.9656e-02, +3.5132e-02, -2.5545e-02, -8.6072e-02, -9.4304e-02, +7.6957e-02, -8.3266e-02, -5.8300e-02, +5.0565e-02, +1.1773e-02, -5.1866e-02, -2.5993e-02, -1.1500e-02, -2.9026e-04, -1.0490e-02, -3.2325e-02, -3.6374e-02, +9.5596e-02, +1.1728e-01, +1.2723e-01, -2.9305e-02, +9.7445e-03, +1.0194e-02, -1.1474e-01, -3.6822e-02, -6.7989e-02, +5.8742e-02, -1.0000e+00, +5.1389e-02, -6.6808e-02, -1.5294e-01, +5.0163e-02, +2.0542e-03, -2.3694e-02, +4.7102e-02, -1.5336e-02, +1.8828e-02, +1.2058e-02, +1.1290e-01, +5.1017e-02, +2.5418e-02, -1.2787e-02, +1.6282e-02, +5.6128e-03, +1.1697e-01, -4.4249e-02, -9.4779e-03
-4.6059e-02, +4.7264e-02, +2.8280e-02, +9.2807e-02, +9.6821e-02, +8.5629e-02, +5.9161e-02, +8.3508e-02, -4.9877e-03, -9.1763e-02, +9.6870e-02, +6.8395e-02, +9.0242e-02, -1.9618e-02, +1.9455e-01, +4.5604e-02, -3.5154e-02, +4.7838e-02, +8.4988e-02, +5.0319e-02, +1.4231e-01, -5.7326e-03, -6.1067e-02, +8.3086e-02, +4.2529e-02, +7.8357e-02, +9.0168e-02, +8.0709e-02, +1.1265e-01, +9.4987e-02, +5.1389e-02, -1.0000e+00, -1.2429e-01, -2.5465e-02, -6.3792e-03, -2.7452e-02, -1.3624e-01, +2.2523e-02, -1.1083e-02, +1.0281e-02, +2.8263e-02, -1.5297e-01, +4.7767e-02, +8.1549e-02, +3.7524e-02, -5.5905e-02, +3.9713e-02, +3.9216e-01, +3.8870e-03, -1.3298e-01
-5.7094e-02, +2.3420e-02, -1.3138e-02, +5.5446e-02, +1.4454e-02, -4.5662e-02, -3.0770e-02, +3.0397e-02, +2.4269e-02, -1.6713e-02, +3.1853e-03, +1.5791e-02, -4.7670e-02, -3.3561e-02, +1.8518e-02, -4.0917e-02, +6.2406e-02, -4.8239e-02, -2.1004e-02, -1.0711e-01, +1.0138e-01, +4.6899e-03, -2.5490e-03, -2.3565e-02, -7.8761e-02, +8.8238e-02, -3.8143e-02, +1.3857e-02, +5.0292e-03, +2.4186e-02, -6.6808e-02, -1.2429e-01, -1.0000e+00, +8.2749e-03, +3.8102e-02, +8.9132e-02, -5.3433e-02, -2.0051e-02, -1.3880e-02, -5.0207e-02, -7.8495e-02, +1.5047e-02, +4.5547e-02, +2.9283e-02, -7.7771e-03, +4.3730e-03, +1.1780e-02, +2.1480e-01, -4.4724e-03, -9.0340e-02
+6.5553e-02, -4.7200e-02, -2.0871e-04, +4.0646e-02, -5.0561e-03, -1.4293e-01, +4.2449e-02, -1.4559e-02, +7.6609e-02, -6.1513e-02, +4.1011e-03, -5.5793e-03, +3.5986e-02, -1.7413e-02, -6.9624e-03, -1.1859e-02, -5.7427e-02, -3.0155e-02, -9.9914e-02, -5.5708e-02, +4.2937e-02, +2.2597e-01, +3.6842e-02, +8.4503e-03, +1.5406e-02, +6.9893e-04, -5.0367e-02, +3.1073e-02, +2.0901e-03, +5.6541e-02, -1.5294e-01, -2.5465e-02, +8.2749e-03, -1.0000e+00, -2.4867e-02, -6.4426e-02, -9.5118e-02, +9.9027e-02, +2.6441e-02, +5.4295e-02, -1.4256e-02, -1.7740e-02, +2.6017e-02, -1.3791e-02, -1.2500e-02, -2.0713e-02, -3.8266e-03, +1.0584e-01, +3.4434e-03, -1.9413e-02
-5.9479e-02, -5.8048e-02, +3.9988e-02, -4.5906e-02, +1.8324e-02, -3.2476e-02, +3.1171e-02, +8.6146e-03, +3.0054e-02, +5.4846e-02, +2.4358e-03, -2.3356e-02, +5.4157e-03, -4.1639e-02, +1.0103e-02, -7.8047e-04, -8.0290e-03, -5.1289e-02, -2.2459e-02, +6.5157e-02, +2.2081e-02, +3.8648e-02, +5.3561e-02, -7.7687e-02, +1.4190e-02, +2.7290e-02, -5.3882e-02, +1.3189e-02, -5.5946e-02, +9.9343e-02, +5.0163e-02, -6.3792e-03, +3.8102e-02, -2.4867e-02, -1.0000e+00, +3.8291e-02, -4.3685e-02, -1.1736e-02, +9.3916e-02, -8.3979e-03, +3.7494e-02, +2.4748e-02, -1.3412e-02, +8.6327e-03, -4.8701e-02, -5.9449e-02, -1.1934e-02, +1.3413e-01, -5.0836e-03, +4.1297e-03
+5.7199e-02, +5.5492e-02, +4.6240e-02, +2.2216e-02, -3.0870e-02, +4.5522e-02, +2.4000e-03, -2.4487e-02, -2.5445e-02, +4.9736e-03, +1.7673e-03, -2.9066e-02, +2.0818e-02, +3.7680e-02, -8.4912e-03, +4.5737e-02, -2.6707e-02, -1.3579e-02, +5.4557e-02, +3.0899e-02, -8.1931e-02, -9.5131e-02, +1.9038e-02, -3.9306e-02, +3.6175e-02, -7.9507e-02, -3.5640e-02, +4.1614e-02, +3.8572e-02, -5.3613e-02, +2.0542e-03, -2.7452e-02, +8.9132e-02, -6.4426e-02, +3.8291e-02, -1.0000e+00, +1.3893e-02, +2.9105e-02, -3.3630e-03, -5.9502e-02, +1.3824e-02, +7.2073e-03, +1.8531e-02, -8.2762e-03, -4.5673e-02, +4.2899e-02, -2.9097e-02, -1.4768e-01, +2.0046e-02, +9.8258e-02
-2.7603e-02, +2.3669e-02, -1.2073e-01, +7.0507e-02, +4.8997e-02, +2.9868e-02, +4.9850e-03, +7.1599e-02, +3.1981e-03, +4.5360e-02, +1.3669e-01, +2.1198e-02, +7.6202e-02, +6.7218e-02, +1.3674e-01, +8.3992e-03, +1.1875e-02, +7.5444e-02, +1.5434e-01, +1.6421e-01, +1.9700e-01, +7.2223e-02, -7.0837e-02, +1.0620e-01, +9.0978e-03, +7.6600e-02, +6.6427e-02, +7.5518e-02, +1.6079e-01, +1.0278e-01, -2.3694e-02, -1.3624e-01, -5.3433e-02, -9.5118e-02, -4.3685e-02, +1.3893e-02, -1.0000e+00, +8.2660e-02, +1.5989e-02, +2.0351e-02, -2.2576e-02, +4.7064e-03, -5.2390e-02, +1.3344e-01, +1.8492e-02, +3.1714e-03, +1.2490e-01, +2.7968e-01, +3.7544e-02, -1.1337e-01
-8.7126e-02, +1.4765e-02, +4.4500e-02, -4.3875e-02, +1.2440e-01, -2.6540e-02, -2.3518e-02, -7.3780e-04, -2.7668e-02, -2.6590e-02, -4.0832e-02, -5.0165e-02, +5.2888e-02, +8.0975e-02, +2.2923e-02, -1.6571e-02, -4.3349e-02, -4.7664e-02, +3.7720e-03, -1.5039e-01, -7.5848e-02, +3.9742e-02, -1.5582e-01, +7.6408e-03, +2.9020e-02, -5.2350e-02, -1.1749e-02, -6.4495e-02, +2.4280e-02, +4.2687e-02, +4.7102e-02, +2.2523e-02, -2.0051e-02, +9.9027e-02, -1.1736e-02, +2.9105e-02, +8.2660e-02, -1.0000e+00, -3.6625e-02, +1.1710e-02, -8.1836e-02, +2.1119e-02, +1.1327e-01, -9.9613e-02, +2.9650e-02, +8.7785e-02, -6.1755e-03, -7.5307e-03, -3.4915e-02, +6.2468e-02
-2.3730e-02, -3.3097e-02, +1.5168e-02, -7.4949e-03, +7.6028e-02, -1.3745e-02, +4.3221e-02, +1.1566e-02, +2.8894e-02, +7.3596e-02, +3.0667e-03, +3.9549e-03, -5.9010e-03, +4.6843e-02, -1.0885e-03, -1.8443e-02, -7.2931e-04, -1.8689e-02, -2.1694e-02, -3.5909e-02, +6.6492e-02, +7.1208e-02, +1.5426e-02, +7.1162e-02, +2.6582e-03, +2.7391e-03, -3.3432e-02, -4.6467e-02, -6.1275e-03, +3.1786e-02, -1.5336e-02, -1.1083e-02, -1.3880e-02, +2.6441e-02, +9.3916e-02, -3.3630e-03, +1.5989e-02, -3.6625e-02, -1.0000e+00, -1.9104e-02, -1.1019e-01, -5.0039e-02, +2.1624e-05, +6.7857e-03, +1.8843e-02, +7.1707e-02, -1.0989e-01, +5.6390e-02, -2.3985e-03, +1.6540e-03
-6.5222e-02, +4.1173e-02, +2.3652e-02, +4.0184e-03, +4.8209e-02, +6.6750e-02, -4.9130e-03, +6.4700e-02, +1.0925e-01, +2.3046e-02, -6.7179e-03, -8.9739e-03, +1.9845e-02, +1.5665e-02, -1.3977e-01, +4.3901e-02, +1.2767e-02, +2.0229e-02, +1.6962e-02, -6.3426e-02, +9.0401e-04, +5.6331e-02, -3.7279e-02, +5.2003e-02, +2.4552e-02, -4.1490e-03, +2.9843e-03, -4.2896e-02, +5.9525e-02, -7.8009e-03, +1.8828e-02, +1.0281e-02, -5.0207e-02, +5.4295e-02, -8.3979e-03, -5.9502e-02, +2.0351e-02, +1.1710e-02, -1.9104e-02, -1.0000e+00, -2.5838e-03, -4.8757e-02, +2.1189e-02, +3.8147e-02, +1.0489e-02, +3.3960e-03, +1.8582e-02, -1.0880e-01, +1.4324e-03, +2.0620e-03
-7.1383e-02, -1.0339e-01, -7.3387e-02, -3.3404e-02, +7.6502e-02, -8.4241e-02, -1.3037e-02, -9.3402e-02, +7.0173e-02, +1.4106e-01, -3.8012e-02, +1.7458e-02, -6.8564e-02, -1.8794e-02, -3.5946e-02, -3.4468e-02, -1.6202e-02, -5.7336e-02, -3.1831e-02, +8.1272e-02, +1.0839e-01, +1.4953e-01, +1.5615e-01, +3.1357e-02, -6.6293e-02, -2.8986e-02, -7.6269e-02, -1.7209e-02, +6.2402e-02, -2.9926e-02, +1.2058e-02, +2.8263e-02, -7.8495e-02, -1.4256e-02, +3.7494e-02, +1.3824e-02, -2.2576e-02, -8.1836e-02, -1.1019e-01, -2.5838e-03, -1.0000e+00, +1.3705e-02, +5.9256e-02, -9.5153e-02, -4.1254e-02, +2.3663e-02, +4.7120e-02, +6.1821e-02, +6.8824e-03, -4.2415e-02
-8.6284e-02, -5.0851e-02, +5.3962e-02, +1.5474e-02, -4.1172e-02, +5.6256e-02, -2.1283e-02, -6.3227e-03, -9.2011e-02, +1.3580e-02, +3.7952e-02, +8.4205e-05, +4.6423e-02, -1.6258e-02, +1.8419e-02, -2.2248e-02, -3.3448e-02, +2.3237e-02, +1.8459e-02, -2.6012e-02, -3.2579e-03, +1.5927e-01, -3.2274e-02, +6.8292e-02, +3.8858e-02, -2.6235e-03, +1.0549e-01, +4.9056e-02, +9.4338e-03, -2.6798e-02, +1.1290e-01, -1.5297e-01, +1.5047e-02, -1.7740e-02, +2.4748e-02, +7.2073e-03, +4.7064e-03, +2.1119e-02, -5.0039e-02, -4.8757e-02, +1.3705e-02, -1.0000e+00, -9.7771e-02, +7.1996e-03, -3.6021e-03, -2.8251e-02, +8.3290e-02, -7.2962e-02, -9.2850e-03, -2.1637e-01
-7.4244e-02, -2.0477e-02, +9.2221e-02, +6.2207e-02, -1.0690e-03, +6.7474e-02, -2.9096e-02, +1.2898e-01, -8.9602e-02, +8.1145e-03, +8.4754e-03, +1.0186e-02, -2.3158e-02, -2.6747e-02, +8.8898e-03, +4.8426e-02, -7.2189e-02, +6.4680e-02, +6.0085e-02, -7.9432e-03, -4.3362e-02, -2.8015e-01, -5.5069e-02, -1.9241e-02, -2.0369e-02, +1.9023e-02, +4.4710e-02, -3.9690e-02, +8.5883e-02, +4.3927e-02, +5.1017e-02, +4.7767e-02, +4.5547e-02, +2.6017e-02, -1.3412e-02, +1.8531e-02, -5.2390e-02, +1.1327e-01, +2.1613e-05, +2.1189e-02, +5.9256e-02, -9.7771e-02, -1.0000e+00, +6.1344e-02, -9.3187e-02, +2.0841e-02, +5.6955e-02, +1.0711e-01, +7.5072e-02, +2.4388e-01
+5.1974e-02, -8.6416e-03, -5.7915e-02, -1.2490e-02, +2.7968e-02, -1.8280e-02, -1.1178e-02, -1.2484e-02, -4.1627e-03, -4.3136e-02, -5.4703e-02, -9.9619e-03, -7.2258e-02, -1.8720e-02, -1.8969e-02, -4.3716e-03, +6.5005e-03, -2.9173e-02, -5.2538e-02, -8.2532e-03, -1.7781e-01, +4.3048e-02, +2.3305e-02, -2.1327e-02, -6.1514e-02, +3.9197e-02, -4.3850e-02, +1.2764e-02, +4.0531e-02, -6.1923e-02, +2.5418e-02, +8.1549e-02, +2.9283e-02, -1.3791e-02, +8.6327e-03, -8.2762e-03, +1.3344e-01, -9.9613e-02, +6.7857e-03, +3.8147e-02, -9.5153e-02, +7.1996e-03, +6.1344e-02, -1.0000e+00, -1.9468e-02, -3.3054e-02, -4.6452e-02, -1.3025e-01, +3.1974e-02, +1.1507e-01
-4.1155e-02, -1.9146e-02, +2.9461e-02, +1.7023e-02, -5.1623e-02, -2.5483e-03, -6.0794e-02, -1.2405e-01, -3.7395e-02, +7.8962e-02, -8.8673e-02, -7.3191e-02, -1.0087e-01, -1.7876e-02, +3.4161e-02, +5.8610e-02, +3.8533e-03, -5.4391e-02, -1.0139e-01, -3.4988e-02, -2.4480e-02, -1.1565e-01, +2.9662e-01, +4.6845e-02, -5.2691e-02, -4.1305e-02, -2.0891e-02, +2.7002e-02, -7.6932e-02, -4.6627e-02, -1.2787e-02, +3.7524e-02, -7.7771e-03, -1.2500e-02, -4.8701e-02, -4.5673e-02, +1.8492e-02, +2.9650e-02, +1.8843e-02, +1.0489e-02, -4.1254e-02, -3.6021e-03, -9.3187e-02, -1.9468e-02, -1.0000e+00, -1.6323e-02, +5.0720e-03, +1.2788e-01, +2.8455e-02, -1.2563e-02
+7.6064e-03, +2.1494e-03, +3.0397e-03, -2.6394e-02, -5.3612e-03, -1.2107e-02, -1.9875e-02, +6.6022e-02, -3.4900e-03, +1.1185e-01, +3.4206e-02, -2.3298e-02, -2.3665e-04, -2.4521e-02, +1.4190e-02, +5.0287e-04, -4.1002e-02, +3.5486e-02, -7.4104e-02, +2.1515e-02, -4.5325e-02, +2.0921e-02, +2.5605e-02, +4.2172e-02, -1.9405e-02, -5.6825e-02, -1.5086e-02, +3.1199e-03, -6.2150e-02, -1.3299e-02, +1.6282e-02, -5.5905e-02, +4.3730e-03, -2.0713e-02, -5.9449e-02, +4.2899e-02, +3.1714e-03, +8.7785e-02, +7.1707e-02, +3.3960e-03, +2.3663e-02, -2.8251e-02, +2.0841e-02, -3.3054e-02, -1.6323e-02, -1.0000e+00, -8.7099e-02, +1.0009e-02, +8.5867e-02, -5.0951e-02
+3.4205e-02, +1.1786e-01, -4.9981e-02, -1.9560e-02, -2.1769e-02, -1.3081e-01, -2.2265e-02, -6.8942e-02, -2.1714e-02, +9.2775e-02, -1.8161e-02, -3.4508e-02, +3.1607e-02, +8.7722e-02, -4.1118e-02, +4.1377e-02, -1.1333e-02, -8.6414e-02, -1.7770e-01, -2.9185e-02, -1.1361e-01, -1.0581e-02, -1.6156e-02, -3.3133e-02, +3.4523e-02, +1.6659e-02, -1.4221e-01, -8.0980e-02, -8.0044e-02, +8.0812e-03, +5.6128e-03, +3.9713e-02, +1.1780e-02, -3.8266e-03, -1.1934e-02, -2.9097e-02, +1.2490e-01, -6.1755e-03, -1.0989e-01, +1.8582e-02, +4.7120e-02, +8.3290e-02, +5.6955e-02, -4.6452e-02, +5.0720e-03, -8.7099e-02, -1.0000e+00, +6.6833e-02, +6.7829e-04, +1.2194e-01
+2.0738e-01, +3.4687e-02, +1.9478e-02, -1.1289e-01, +2.9408e-02, +2.0486e-01, -3.0966e-02, -1.0456e-01, -2.7551e-02, -6.4245e-02, +3.3028e-02, -1.1071e-01, -3.3039e-02, -1.0769e-02, -1.2493e-01, -2.8581e-02, -4.5259e-02, +1.0574e-01, +9.9952e-02, -2.1587e-02, -1.5815e-01, +8.6164e-02, -6.2430e-02, -3.4722e-02, +4.0301e-02, -1.3139e-01, +7.9861e-02, +8.5628e-02, +1.4425e-02, -9.3375e-02, +1.1697e-01, +3.9216e-01, +2.1480e-01, +1.0584e-01, +1.3413e-01, -1.4768e-01, +2.7968e-01, -7.5307e-03, +5.6390e-02, -1.0880e-01, +6.1821e-02, -7.2962e-02, +1.0711e-01, -1.3025e-01, +1.2788e-01, +1.0009e-02, +6.6833e-02, -1.0000e+00, -6.2879e-02, +2.0516e-01
+3.2532e-02, -1.0517e-02, +1.1999e-02, -6.7245e-02, +1.6671e-02, -1.4996e-02, -2.0447e-02, -3.1081e-02, -1.3903e-02, -2.9971e-03, -1.8216e-02, +2.1623e-02, +1.7209e-02, +7.2603e-03, -5.2405e-02, -2.7621e-02, +4.5865e-02, -1.0502e-02, -1.4671e-02, -1.2438e-02, +7.2320e-02, +1.0516e-01, -2.9949e-02, +2.9982e-02, +3.9052e-03, -4.0358e-02, -1.6485e-02, +5.7261e-02, -4.8673e-02, +2.9077e-02, -4.4249e-02, +3.8870e-03, -4.4724e-03, +3.4434e-03, -5.0836e-03, +2.0046e-02, +3.7544e-02, -3.4915e-02, -2.3985e-03, +1.4324e-03, +6.8824e-03, -9.2850e-03, +7.5072e-02, +3.1974e-02, +2.8455e-02, +8.5867e-02, +6.7828e-04, -6.2879e-02, -1.0000e+00, +2.7568e-03
-3.2452e-02, +2.4610e-03, -3.6660e-02, +2.4943e-03, -3.1973e-02, +3.4275e-03, +5.7211e-03, -5.0084e-02, +4.4328e-02, -1.0077e-02, +4.6180e-02, -3.2649e-02, +7.0914e-04, -4.1981e-02, +1.4791e-01, -1.7370e-02, +5.0471e-02, -1.3346e-02, +5.5054e-03, +1.0602e-01, +1.8794e-01, -2.7237e-02, +2.3861e-01, +9.5214e-02, -2.0564e-02, +3.9874e-02, -1.4000e-02, +3.8780e-02, -1.9062e-02, -3.4303e-02, -9.4779e-03, -1.3298e-01, -9.0340e-02, -1.9413e-02, +4.1297e-03, +9.8258e-02, -1.1337e-01, +6.2468e-02, +1.6540e-03, +2.0620e-03, -4.2415e-02, -2.1637e-01, +2.4388e-01, +1.1507e-01, -1.2563e-02, -5.0951e-02, +1.2194e-01, +2.0516e-01, +2.7568e-03, -1.0000e+00
