-1.0000e+00, -2.3685e-02, -7.8575e-02, -6.4682e-02, -2.6113e-02, +4.0168e-02, -2.9818e-02, -6.0401e-02, -5.6446e-03, +1.2229e-02, +2.3132e-02, -4.6132e-03, -1.3824e-03, -1.2796e-02, +1.7430e-02, +3.5509e-02, +3.6402e-02, +4.6829e-02, +1.5338e-03, +1.2953e-01, +5.2161e-02, -1.0515e-01, -6.6830e-03, +2.4112e-03, -1.9368e-02, -5.8377e-02, +5.2034e-02, +4.3356e-02, +1.5574e-02, -3.6744e-02, +6.9513e-02, +2.9200e-04, -1.0522e-02, +1.0946e-02, -2.3254e-02, +6.9304e-02, -6.0667e-02, +3.5591e-03, -2.9210e-02, +2.2318e-02, +5.2931e-02, -2.9117e-02, +6.6491e-02, +1.2264e-01, -3.5054e-02, +1.4947e-01, -7.4289e-02, +4.8663e-02, -3.0953e-02, +1.5004e-02
-2.3685e-02, -1.0000e+00, -5.6575e-02, -3.2340e-02, -6.8539e-02, +5.8487e-02, +4.7853e-02, +5.5521e-02, +1.4471e-02, +4.9146e-02, -2.9636e-02, -2.5694e-03, -3.5466e-02, +1.0754e-01, -3.2294e-02, +3.0886e-02, +1.1192e-02, -6.4600e-02, +1.4594e-02, -2.8791e-02, +2.5599e-02, +3.6957e-03, +1.2099e-02, -3.7900e-02, +9.1874e-02, -6.4277e-02, -3.2439e-02, -8.8497e-02, -3.1660e-02, -5.6461e-02, +4.8068e-02, +3.4264e-03, -3.6261e-02, +5.0776e-02, +5.6825e-03, +2.0352e-02, -9.5592e-02, -1.5389e-02, +1.0942e-03, +3.6181e-03, +3.6181e-03, -6.0512e-03, -2.5727e-02, +2.5253e-02, -5.2267e-02, +2.1220e-03, -1.7336e-01, +7.1230e-02, +7.0076e-02, +8.0514e-02
-7.8575e-02, -5.6575e-02, -1.0000e+00, +1.0609e-04, +9.6683e-02, -1.0418e-01, -1.4088e-02, +6.9073e-02, +7.2747e-02, +6.4020e-02, -7.9550e-02, +6.0677e-02, -5.0885e-02, +4.9982e-02, -1.5251e-02, -7.3712e-02, -1.9875e-03, -1.6555e-02, -3.8062e-02, +4.2691e-02, -1.6133e-01, -3.9620e-03, +4.2450e-02, +5.9751e-03, +3.1549e-03, -5.2652e-02, -7.7305e-02, -1.1421e-01, -4.8508e-02, -1.4357e-02, +8.4864e-03, -3.6388e-02, +2.5588e-02, +4.2575e-03, -2.6240e-02, +6.5315e-02, -4.6285e-02, +1.1000e-02, -3.9509e-02, -1.4127e-02, -4.3740e-02, +6.2501e-02, -7.5401e-02, -6.2570e-03, +3.2810e-02, +2.5785e-03, -6.4131e-02, +7.0419e-02, +2.2738e-02, +1.9526e-03
-6.4682e-02, -3.2340e-02, +1.0611e-04, -1.0000e+00, -4.6796e-02, -3.4311e-02, -6.8825e-04, -2.8704e-03, +9.1830e-02, +8.6029e-02, -1.2334e-01, +7.8674e-03, -6.7366e-02, -1.8699e-01, -2.0101e-02, +1.1371e-01, +4.3963e-02, -8.2892e-02, +9.8974e-03, -8.3932e-02, +6.6238e-02, -3.6658e-02, +1.2744e-02, -1.1778e-01, -3.0226e-02, -1.9009e-01, +8.6346e-03, -9.6031e-02, +1.7767e-02, -2.3598e-02, -4.1521e-02, +1.3132e-02, +2.2163e-02, +2.3627e-02, -2.3873e-02, -4.9242e-02, +7.2611e-02, -5.6125e-03, -4.4321e-02, +4.8998e-02, -1.4464e-02, -2.6031e-03, +5.7540e-02, +6.4550e-02, +1.2316e-03, +1.6372e-02, -1.1690e-01, -1.6220e-01, -2.3118e-03, -7.6087e-02
-2.6113e-02, -6.8539e-02, +9.6683e-02, -4.6796e-02, -1.0000e+00, +3.5072e-02, +4.2544e-02, -9.4144e-03, -6.1157e-03, +4.2323e-02, +5.3817e-02, +6.1179e-03, +2.3942e-02, +3.5374e-02, -2.5219e-02, +2.6053e-02, -5.0726e-03, -4.2872e-02, -8.2051e-02, -5.2318e-02, +9.5631e-02, -1.3202e-02, +5.5000e-03, -3.1335e-02, +3.1361e-02, +6.5844e-02, +1.9086e-02, -1.3903e-02, -5.7543e-02, -9.7355e-02, +7.5465e-02, -3.8135e-02, -1.1760e-02, +7.7022e-02, -6.3068e-02, +1.8157e-02, +1.8561e-02, +2.1273e-02, -9.1053e-03, +2.3191e-02, +1.1903e-02, -1.6628e-02, +3.4391e-02, +6.1506e-02, -4.7631e-02, +1.1101e-01, -5.2073e-02, +1.1907e-01, +2.9976e-02, +4.2162e-02
+4.0168e-02, +5.8487e-02, -1.0418e-01, -3.4311e-02, +3.5072e-02, -1.0000e+00, -3.3027e-02, -1.1483e-02, -2.3090e-02, +5.8570e-02, -8.7803e-02, -2.8463e-02, -4.5602e-02, -6.5558e-02, -7.9432e-02, +5.3034e-03, -3.2712e-02, -4.8803e-02, -6.0143e-02, -7.0372e-02, -1.1685e-01, -6.5692e-02, -7.8716e-03, -3.2344e-02, -5.9885e-02, -9.6211e-02, -1.2957e-01, +9.3683e-03, -4.6838e-02, +4.7781e-02, -7.9946e-02, +2.1521e-02, +2.2515e-02, -4.7680e-03, +4.0701e-03, -8.9682e-02, +7.4002e-02, +9.7283e-03, +6.8335e-04, +1.4057e-02, -4.1163e-03, -1.4859e-02, -1.5930e-02, -2.3250e-02, +6.9453e-02, -7.6885e-02, -9.4747e-02, -8.9343e-02, +7.0080e-02, -8.9794e-02
-2.9818e-02, +4.7853e-02, -1.4088e-02, -6.8825e-04, +4.2544e-02, -3.3027e-02, -1.0000e+00, +1.0882e-01, +3.8422e-02, +1.7662e-02, +5.7091e-04, -1.1301e-03, +2.4544e-02, -1.0289e-01, +6.6306e-03, -5.2486e-02, +6.8542e-02, -4.0914e-02, -5.6518e-02, +1.2803e-02, -3.3413e-02, -3.0325e-03, +8.5089e-02, -1.4879e-01, +1.8836e-02, -8.7383e-02, -7.2999e-02, -3.2399e-02, -2.7188e-02, +7.1761e-03, -1.1341e-02, +3.7023e-02, +7.3709e-02, -5.1874e-02, -2.1953e-02, -4.7482e-02, +3.6540e-02, +2.5675e-02, -2.5286e-02, +3.0279e-02, -2.4897e-02, +5.6754e-02, +3.3648e-03, -2.7464e-02, +8.1875e-02, -1.3662e-01, -4.9400e-02, -1.6092e-01, -7.6866e-03, +4.1125e-03
-6.0401e-02, +5.5521e-02, +6.9073e-02, -2.8704e-03, -9.4144e-03, -1.1483e-02, +1.0882e-01, -1.0000e+00, +2.0483e-02, +3.9421e-02, -3.2456e-02, +2.4579e-02, +3.9443e-02, -6.4375e-02, -8.7905e-02, +7.4321e-02, +4.5956e-02, -3.4305e-02, +1.0526e-02, +4.9806e-02, +7.7877e-02, +1.4639e-02, +5.0197e-02, +2.5303e-02, +1.8796e-02, +2.9229e-02, -4.5929e-02, -6.4806e-02, +3.1306e-02, -2.3663e-02, -9.5292e-02, -1.7732e-02, +1.7747e-02, -5.2040e-02, +3.7803e-02, -7.9104e-02, -3.1263e-02, -8.4022e-02, +4.7990e-02, +3.3208e-02, -3.8779e-02, +6.6357e-02, +3.6273e-03, -1.9843e-02, -3.7221e-02, +4.5997e-02, +3.4121e-02, -1.2848e-01, +6.6945e-02, +5.5085e-02
-5.6446e-03, +1.4471e-02, +7.2747e-02, +9.1830e-02, -6.1157e-03, -2.3090e-02, +3.8422e-02, +2.0483e-02, -1.0000e+00, +3.6218e-02, -3.1408e-02, +4.9055e-02, +1.1619e-01, +8.6423e-02, -3.5200e-02, -2.1572e-02, -2.6787e-02, +5.5141e-02, +1.5185e-02, -1.9781e-02, -6.5764e-02, +2.2394e-02, -2.2327e-02, +6.7669e-02, -6.4516e-02, +1.2745e-01, +2.3628e-02, +6.4371e-02, +2.5549e-02, -3.5986e-03, -4.6668e-02, -4.8998e-02, -1.1513e-02, +9.7025e-02, +3.5120e-02, -1.0695e-01, -1.7077e-02, -3.4482e-02, +1.4886e-02, -2.2367e-02, +2.6941e-02, -2.7878e-02, +4.8087e-03, +7.0635e-02, -3.3192e-03, +1.7627e-02, +5.7398e-02, +1.5563e-01, +4.0213e-02, +4.0993e-02
+1.2229e-02, +4.9146e-02, +6.4020e-02, +8.6029e-02, +4.2323e-02, +5.8570e-02, +1.7662e-02, +3.9421e-02, +3.6218e-02, -1.0000e+00, -7.2400e-02, +4.6390e-02, +4.5697e-02, -9.6952e-03, +6.5933e-02, +7.2683e-03, +7.9937e-02, +4.6383e-02, -3.7840e-03, -8.7419e-02, -3.0581e-02, +1.1806e-02, +1.2318e-01, -7.5413e-02, +3.0877e-02, +3.8778e-02, -2.9031e-02, +8.6341e-02, +6.0043e-02, +2.0767e-02, -6.0471e-02, -1.3504e-02, +2.5249e-02, -3.2880e-02, +6.0742e-03, +5.5586e-03, +1.5683e-02, +5.2321e-02, +5.1433e-02, +3.0455e-03, +5.4829e-02, +2.0488e-02, +2.2294e-03, -2.6410e-02, +5.0664e-02, +5.0874e-02, +9.0380e-02, +6.3479e-02, +5.8070e-03, +2.1891e-03
+2.3132e-02, -2.9636e-02, -7.9550e-02, -1.2334e-01, +5.3817e-02, -8.7803e-02, +5.7091e-04, -3.2456e-02, -3.1408e-02, -7.2400e-02, -1.0000e+00, -7.4671e-02, -9.6404e-02, -1.4708e-01, -8.0361e-02, +1.8337e-01, -5.8241e-03, -1.0073e-01, -4.8287e-02, -9.0622e-02, -3.3822e-02, -9.2708e-02, +7.3606e-02, -2.7300e-02, -1.9210e-02, -1.1495e-01, -1.3946e-01, -6.4966e-02, -8.6601e-02, -6.1404e-02, -8.5968e-02, -7.3997e-02, +3.9794e-02, +9.8266e-03, -2.8995e-02, -1.2887e-01, +6.9438e-02, -6.8853e-02, -2.7040e-02, +5.6277e-03, +4.4693e-02, -7.1993e-02, +4.9457e-02, +5.9978e-02, -1.0395e-01, +1.8251e-02, -1.5415e-01, +2.3363e-02, +2.4586e-02, -3.5280e-02
-4.6133e-03, -2.5694e-03, +6.0677e-02, +7.8674e-03, +6.1179e-03, -2.8463e-02, -1.1301e-03, +2.4578e-02, +4.9055e-02, +4.6390e-02, -7.4671e-02, -1.0000e+00, -3.8869e-02, -6.2107e-02, -7.5012e-02, +3.3887e-02, +5.9195e-02, -6.9534e-02, -1.8834e-02, -9.9396e-04, +1.5715e-02, -2.1830e-02, +6.6641e-02, -1.2434e-01, -9.3045e-02, +7.8445e-03, -3.2825e-02, +4.0135e-02, +2.2973e-02, +4.7831e-02, +3.7414e-02, -6.7637e-02, +6.6355e-03, +6.3062e-03, -4.2073e-02, +1.4114e-02, +9.8290e-03, -6.0405e-02, -3.3508e-02, -6.6636e-03, -2.4862e-02, +3.3842e-02, +1.2367e-02, +4.8356e-02, +7.5440e-04, -3.2205e-03, -2.2664e-02, -1.4014e-02, +9.5722e-03, -4.4861e-02
-1.3824e-03, -3.5466e-02, -5.0885e-02, -6.7366e-02, +2.3942e-02, -4.5602e-02, +2.4544e-02, +3.9443e-02, +1.1619e-01, +4.5697e-02, -9.6404e-02, -3.8869e-02, -1.0000e+00, -7.1975e-02, -9.9517e-03, +1.4903e-02, +3.2631e-02, -9.7999e-02, -3.4835e-02, -5.0866e-02, -1.2922e-01, +2.6325e-02, +1.9663e-02, -1.0473e-01, +1.0184e-02, -3.9760e-02, -5.1055e-02, +3.5131e-02, -3.4018e-02, +1.4731e-02, -4.8077e-02, +6.8414e-03, +6.5130e-02, -4.5570e-03, -6.9893e-02, -3.0685e-02, +2.5010e-02, +1.0670e-01, +7.5376e-03, +4.2163e-02, -5.4373e-02, +2.8820e-03, -6.3487e-03, -1.9342e-02, -7.8341e-03, -1.3606e-01, -2.6142e-02, -1.4310e-01, +6.1320e-02, +1.7167e-02
-1.2796e-02, +1.0754e-01, +4.9982e-02, -1.8699e-01, +3.5374e-02, -6.5558e-02, -1.0289e-01, -6.4375e-02, +8.6423e-02, -9.6952e-03, -1.4708e-01, -6.2107e-02, -7.1975e-02, -1.0000e+00, +6.0145e-02, +1.1395e-01, +2.2731e-01, -9.9044e-02, -5.0675e-02, -8.5731e-02, -2.6647e-02, -2.7626e-02, +3.2360e-01, -1.7026e-01, -5.7976e-02, -1.9091e-01, -1.0794e-01, -1.0407e-03, +3.2137e-02, +9.5740e-02, -8.6643e-02, +1.4550e-01, +7.4346e-03, -1.3169e-01, -1.1306e-02, -9.2576e-02, +9.3512e-02, +2.2196e-02, +4.2482e-03, +3.4359e-02, -3.7581e-02, +5.8150e-02, +9.6870e-02, +1.4510e-02, +9.3060e-02, -1.4332e-01, +5.1907e-03, -4.7091e-01, -8.4902e-02, -1.2071e-01
+1.7430e-02, -3.2294e-02, -1.5251e-02, -2.0101e-02, -2.5219e-02, -7.9432e-02, +6.6306e-03, -8.7905e-02, -3.5200e-02, +6.5933e-02, -8.0361e-02, -7.5012e-02, -9.9517e-03, +6.0145e-02, -1.0000e+00, +7.2739e-02, -8.2249e-02, -6.0969e-02, -3.1151e-02, -1.3356e-01, -2.1388e-02, -3.1100e-02, -1.2867e-01, -6.3346e-02, +2.6565e-02, +1.4773e-02, -9.0476e-02, -6.8853e-02, -9.3292e-02, -1.9717e-02, -1.5582e-02, -4.4402e-02, +3.2086e-03, +1.4595e-04, -2.2791e-02, -5.2438e-02, +1.0797e-01, -5.4990e-02, -3.9799e-02, -4.6147e-02, +1.5062e-02, +1.2723e-02, -1.5183e-02, +4.5225e-02, -1.9680e-03, +3.7474e-02, +2.2435e-03, +8.1652e-02, +3.4775e-02, +4.7703e-02
+3.5509e-02, +3.0886e-02, -7.3712e-02, +1.1371e-01, +2.6053e-02, +5.3034e-03, -5.2486e-02, +7.4321e-02, -2.1572e-02, +7.2683e-03, +1.8337e-01, +3.3887e-02, +1.4903e-02, +1.1395e-01, +7.2739e-02, -1.0000e+00, -2.9321e-03, +4.3951e-02, +1.8206e-02, +9.0086e-02, -5.1427e-02, +7.5478e-03, -1.2916e-02, +4.2602e-02, -3.0194e-02, -2.2337e-02, -1.4573e-03, -3.1182e-02, -2.8210e-02, -1.4329e-02, +3.2871e-02, +2.5385e-01, +1.5784e-01, +6.0566e-03, +6.2156e-02, -4.9821e-03, -3.0978e-02, +3.2685e-02, -2.1275e-02, +9.0208e-02, +1.3154e-02, +4.0997e-02, -5.1305e-02, -9.1373e-02, +5.3385e-01, +1.1758e-02, +7.1769e-02, +2.3726e-01, -6.3349e-02, +2.5582e-02
+3.6402e-02, +1.1192e-02, -1.9875e-03, +4.3963e-02, -5.0726e-03, -3.2712e-02, +6.8542e-02, +4.5956e-02, -2.6787e-02, +7.9937e-02, -5.8241e-03, +5.9195e-02, +3.2631e-02, +2.2731e-01, -8.2249e-02, -2.9321e-03, -1.0000e+00, +2.3262e-02, +6.2915e-02, -3.9006e-02, -1.9304e-02, +8.4096e-03, +1.0552e-01, +7.8483e-02, +2.6991e-02, +1.7126e-03, +4.6251e-02, +3.7468e-02, +3.9738e-02, +2.5418e-02, +6.0936e-02, -4.3951e-03, +2.0752e-03, -2.2998e-02, -1.7814e-02, +1.5273e-02, -2.9456e-02, -1.6293e-02, +3.5267e-02, -1.0762e-02, -1.0542e-02, -2.4708e-02, +5.8517e-03, -2.3084e-02, +7.5836e-02, +7.0805e-02, +3.1879e-03, -2.5146e-03, -5.0958e-02, +4.3821e-02
+4.6829e-02, -6.4600e-02, -1.6555e-02, -8.2892e-02, -4.2872e-02, -4.8803e-02, -4.0914e-02, -3.4305e-02, +5.5141e-02, +4.6383e-02, -1.0073e-01, -6.9534e-02, -9.7999e-02, -9.9044e-02, -6.0969e-02, +4.3951e-02, +2.3263e-02, -1.0000e+00, -3.4621e-02, -1.3402e-01, -3.6777e-02, -6.6894e-03, +1.0574e-01, +4.1371e-02, +8.9245e-02, -1.3021e-01, -5.0542e-02, -2.5944e-02, -5.2800e-02, -4.0071e-02, -6.4520e-02, +1.9892e-02, +5.6206e-02, -1.2450e-02, -2.7693e-02, -6.5170e-02, +1.8300e-02, +2.6000e-02, +8.3984e-03, +3.8298e-03, -2.9715e-02, -1.3971e-03, +1.0303e-02, -4.7265e-03, -5.7473e-02, +1.4561e-02, -6.3430e-02, -3.0774e-02, -3.9361e-02, +1.6455e-02
+1.5338e-03, +1.4594e-02, -3.8062e-02, +9.8974e-03, -8.2051e-02, -6.0143e-02, -5.6518e-02, +1.0526e-02, +1.5185e-02, -3.7841e-03, -4.8287e-02, -1.8834e-02, -3.4835e-02, -5.0675e-02, -3.1151e-02, +1.8206e-02, +6.2915e-02, -3.4621e-02, -1.0000e+00, -3.7665e-02, +3.3751e-02, +1.8865e-03, +6.1296e-02, +1.7837e-02, +6.1827e-02, -5.1563e-02, -4.9803e-03, -2.5622e-02, -2.2211e-02, -4.6001e-02, -6.0448e-02, +2.1635e-02, -4.6921e-04, +5.6637e-02, +2.8210e-02, -4.7562e-02, +6.7343e-02, +2.5795e-02, -1.9884e-02, -2.2402e-02, -8.5832e-02, -6.3242e-03, +3.4445e-02, -5.4850e-03, -1.3219e-02, -1.7108e-02, -2.8209e-02, -1.0473e-03, +3.3870e-02, -1.4580e-02
+1.2953e-01, -2.8791e-02, +4.2691e-02, -8.3932e-02, -5.2318e-02, -7.0372e-02, +1.2803e-02, +4.9806e-02, -1.9781e-02, -8.7419e-02, -9.0622e-02, -9.9396e-04, -5.0866e-02, -8.5731e-02, -1.3356e-01, +9.0086e-02, -3.9006e-02, -1.3402e-01, -3.7665e-02, -1.0000e+00, +3.8240e-02, -9.6043e-02, +4.0504e-02, -1.1362e-01, +2.7675e-02, -9.7355e-02, -1.1685e-01, -3.2457e-02, -9.8401e-02, -2.3023e-03, -7.6756e-02, +5.7487e-02, +7.0754e-04, +1.8636e-02, -1.6058e-02, +8.6521e-02, +1.1291e-01, -1.0349e-01, -4.2337e-02, +5.7491e-04, -4.8797e-02, -1.9018e-02, -3.2551e-02, -3.5076e-03, -5.0808e-02, +7.5561e-02, -8.9123e-02, +5.1214e-02, +4.5715e-02, -1.2043e-01
+5.2161e-02, +2.5599e-02, -1.6133e-01, +6.6238e-02, +9.5631e-02, -1.1685e-01, -3.3413e-02, +7.7877e-02, -6.5764e-02, -3.0581e-02, -3.3822e-02, +1.5715e-02, -1.2922e-01, -2.6647e-02, -2.1388e-02, -5.1427e-02, -1.9304e-02, -3.6777e-02, +3.3751e-02, +3.8240e-02, -1.0000e+00, +8.7401e-02, -7.2880e-02, -3.8360e-03, -1.5719e-01, -2.1237e-02, -1.5905e-01, -2.1290e-02, -6.2791e-02, +2.1569e-02, -1.1022e-01, +1.1431e-02, +6.1254e-02, -3.8543e-02, +2.7409e-02, -1.2281e-02, +2.0721e-02, +3.0351e-02, +9.5112e-03, -6.5337e-02, -8.1289e-02, +7.8003e-02, -6.9691e-02, -3.2870e-02, +6.4394e-02, -1.6929e-01, -9.5734e-02, +1.2172e-02, +1.7522e-02, +3.0239e-03
-1.0515e-01, +3.6957e-03, -3.9621e-03, -3.6659e-02, -1.3202e-02, -6.5692e-02, -3.0325e-03, +1.4639e-02, +2.2394e-02, +1.1806e-02, -9.2708e-02, -2.1830e-02, +2.6325e-02, -2.7626e-02, -3.1100e-02, +7.5477e-03, +8.4096e-03, -6.6894e-03, +1.8865e-03, -9.6043e-02, +8.7401e-02, -1.0000e+00, +3.9459e-02, -5.5435e-03, -6.3268e-02, -9.7451e-02, +8.7495e-03, -3.4433e-02, -7.3316e-05, -7.1483e-03, -1.6476e-02, +2.8186e-02, -2.1576e-03, +7.4072e-03, +2.1106e-02, -1.4378e-02, -2.9773e-02, +3.6467e-03, +1.1470e-02, -1.2117e-02, -4.0768e-02, -7.5733e-03, +7.5099e-02, -6.9743e-03, -2.0416e-02, +1.5937e-02, -3.3426e-02, +5.9661e-02, -3.7605e-02, -7.5664e-02
-6.6830e-03, +1.2099e-02, +4.2450e-02, +1.2744e-02, +5.5000e-03, -7.8715e-03, +8.5089e-02, +5.0197e-02, -2.2327e-02, +1.2318e-01, +7.3606e-02, +6.6641e-02, +1.9663e-02, +3.2360e-01, -1.2867e-01, -1.2916e-02, +1.0552e-01, +1.0574e-01, +6.1296e-02, +4.0504e-02, -7.2880e-02, +3.9459e-02, -1.0000e+00, +3.0720e-02, +3.0707e-03, +2.0344e-02, +2.9376e-02, +3.0564e-02, +8.0861e-02, +1.1201e-02, +3.4092e-02, +1.6336e-02, +1.0308e-02, -6.2702e-02, -1.6391e-02, -8.0612e-03, -4.7346e-02, +1.5492e-02, +3.4622e-02, -3.4997e-02, -2.5432e-02, +2.6604e-02, +1.3026e-02, -5.6326e-02, +8.5039e-02, +3.3231e-02, -5.2999e-02, +2.1946e-02, -1.3895e-02, -4.8253e-02
+2.4112e-03, -3.7900e-02, +5.9751e-03, -1.1778e-01, -3.1335e-02, -3.2344e-02, -1.4879e-01, +2.5303e-02, +6.7669e-02, -7.5413e-02, -2.7300e-02, -1.2434e-01, -1.0473e-01, -1.7026e-01, -6.3346e-02, +4.2602e-02, +7.8483e-02, +4.1371e-02, +1.7837e-02, -1.1362e-01, -3.8360e-03, -5.5435e-03, +3.0720e-02, -1.0000e+00, -2.7747e-02, -7.6935e-02, -8.9723e-02, +5.2727e-02, +1.0886e-01, +9.5322e-02, +7.1155e-02, +4.0370e-02, +1.5071e-02, -5.2946e-02, -9.7187e-02, +4.6679e-02, +7.4321e-02, -1.2324e-02, -5.4977e-02, +4.7926e-03, +1.2008e-02, +1.0286e-02, -6.1937e-03, +5.4791e-02, +8.1038e-02, -7.5225e-02, -3.3369e-02, -2.4384e-01, +7.3722e-02, -8.7746e-02
-1.9368e-02, +9.1874e-02, +3.1549e-03, -3.0226e-02, +3.1361e-02, -5.9885e-02, +1.8836e-02, +1.8796e-02, -6.4517e-02, +3.0877e-02, -1.9210e-02, -9.3045e-02, +1.0184e-02, -5.7976e-02, +2.6565e-02, -3.0194e-02, +2.6991e-02, +8.9245e-02, +6.1827e-02, +2.7675e-02, -1.5719e-01, -6.3268e-02, +3.0707e-03, -2.7747e-02, -1.0000e+00, -2.7426e-03, +2.1698e-02, +2.0579e-03, +2.3256e-02, +2.8249e-02, +7.9841e-03, -4.4079e-02, +6.1869e-02, -5.5054e-02, -6.1428e-03, +8.2246e-02, +3.7604e-02, -5.6178e-02, -3.9847e-02, +1.9173e-02, -7.5407e-03, -3.5834e-03, +1.1120e-02, -2.3284e-02, -1.3423e-02, -4.0578e-02, +7.1430e-03, +1.5832e-02, +2.2078e-02, -1.4601e-02
-5.8377e-02, -6.4277e-02, -5.2652e-02, -1.9009e-01, +6.5844e-02, -9.6211e-02, -8.7383e-02, +2.9229e-02, +1.2745e-01, +3.8778e-02, -1.1495e-01, +7.8445e-03, -3.9760e-02, -1.9091e-01, +1.4773e-02, -2.2337e-02, +1.7126e-03, -1.3021e-01, -5.1563e-02, -9.7355e-02, -2.1237e-02, -9.7451e-02, +2.0344e-02, -7.6935e-02, -2.7426e-03, -1.0000e+00, -1.0042e-01, -1.1118e-01, +7.5923e-03, -2.9818e-02, -4.9983e-02, +1.0482e-01, +6.8861e-02, -4.9730e-02, +1.6402e-02, -8.8193e-02, -1.8816e-03, +2.0179e-02, +4.8148e-02, +1.0367e-01, -2.6502e-02, +3.8501e-02, +5.2346e-02, +4.2129e-02, +8.5189e-02, -5.9324e-02, -1.7279e-01, -1.5148e-01, -3.1698e-03, -9.3546e-02
+5.2034e-02, -3.2439e-02, -7.7305e-02, +8.6346e-03, +1.9086e-02, -1.2957e-01, -7.2999e-02, -4.5929e-02, +2.3628e-02, -2.9031e-02, -1.3946e-01, -3.2825e-02, -5.1055e-02, -1.0794e-01, -9.0476e-02, -1.4573e-03, +4.6251e-02, -5.0542e-02, -4.9803e-03, -1.1685e-01, -1.5905e-01, +8.7495e-03, +2.9376e-02, -8.9723e-02, +2.1698e-02, -1.0042e-01, -1.0000e+00, -4.5885e-02, -1.3072e-01, -3.6069e-02, -8.5150e-02, -1.2776e-02, +7.1490e-02, +1.2247e-02, -6.0809e-02, -1.2865e-01, +1.0421e-01, -3.2485e-04, +3.5705e-03, -1.8387e-03, +2.7093e-02, -1.7038e-03, -4.5858e-02, +1.9258e-02, +8.4524e-02, -9.9974e-02, -1.0594e-01, -9.5118e-02, +4.7263e-02, -2.8964e-02
+4.3356e-02, -8.8497e-02, -1.1421e-01, -9.6031e-02, -1.3903e-02, +9.3683e-03, -3.2399e-02, -6.4806e-02, +6.4371e-02, +8.6341e-02, -6.4966e-02, +4.0135e-02, +3.5131e-02, -1.0407e-03, -6.8853e-02, -3.1182e-02, +3.7468e-02, -2.5944e-02, -2.5622e-02, -3.2457e-02, -2.1290e-02, -3.4433e-02, +3.0564e-02, +5.2727e-02, +2.0579e-03, -1.1118e-01, -4.5885e-02, -1.0000e+00, -6.7302e-02, +3.1517e-03, -7.1566e-02, +3.6532e-04, +3.8120e-02, -2.0298e-03, -1.1935e-02, -6.3550e-02, +5.0782e-02, -3.4044e-02, -3.9852e-02, -1.2871e-02, +3.8604e-02, -1.3463e-02, -1.1102e-02, +5.5922e-02, +3.1510e-02, -1.9551e-03, -1.3522e-01, +4.3839e-02, +1.2033e-02, -2.8286e-02
+1.5574e-02, -3.1660e-02, -4.8508e-02, +1.7767e-02, -5.7543e-02, -4.6838e-02, -2.7188e-02, +3.1306e-02, +2.5549e-02, +6.0043e-02, -8.6601e-02, +2.2973e-02, -3.4018e-02, +3.2137e-02, -9.3292e-02, -2.8210e-02, +3.9738e-02, -5.2800e-02, -2.2211e-02, -9.8401e-02, -6.2791e-02, -7.3310e-05, +8.0861e-02, +1.0886e-01, +2.3256e-02, +7.5923e-03, -1.3072e-01, -6.7302e-02, -1.0000e+00, -8.3905e-02, +2.0394e-03, -3.8842e-02, +3.5523e-02, +1.0488e-01, -4.4440e-02, +1.4370e-02, +6.0000e-02, -2.2205e-02, +4.4970e-02, -2.0349e-02, +9.6090e-02, -5.8909e-02, -4.5317e-02, +6.1567e-02, -9.4939e-03, +6.5387e-02, -6.0709e-02, +1.5815e-01, +6.6656e-02, -9.9413e-03
-3.6744e-02, -5.6461e-02, -1.4357e-02, -2.3598e-02, -9.7355e-02, +4.7781e-02, +7.1761e-03, -2.3663e-02, -3.5986e-03, +2.0767e-02, -6.1404e-02, +4.7831e-02, +1.4731e-02, +9.5740e-02, -1.9717e-02, -1.4329e-02, +2.5418e-02, -4.0071e-02, -4.6001e-02, -2.3023e-03, +2.1569e-02, -7.1483e-03, +1.1201e-02, +9.5322e-02, +2.8249e-02, -2.9818e-02, -3.6069e-02, +3.1517e-03, -8.3905e-02, -1.0000e+00, -2.0915e-02, -3.7923e-03, -3.2722e-02, +8.8528e-03, -4.0284e-02, -1.9351e-02, +1.9688e-02, +3.5232e-04, -4.5872e-02, +1.0327e-02, +4.2825e-02, -1.0707e-01, -1.1391e-02, +4.4714e-02, -2.6189e-02, +1.1304e-01, -8.9466e-02, +2.1285e-01, +6.4130e-02, +1.1508e-02
+6.9513e-02, +4.8068e-02, +8.4864e-03, -4.1521e-02, +7.5465e-02, -7.9946e-02, -1.1341e-02, -9.5292e-02, -4.6668e-02, -6.0471e-02, -8.5968e-02, +3.7414e-02, -4.8077e-02, -8.6643e-02, -1.5582e-02, +3.2871e-02, +6.0936e-02, -6.4520e-02, -6.0448e-02, -7.6756e-02, -1.1022e-01, -1.6476e-02, +3.4092e-02, +7.1155e-02, +7.9841e-03, -4.9983e-02, -8.5150e-02, -7.1566e-02, +2.0394e-03, -2.0915e-02, -1.0000e+00, +2.1038e-02, +1.0898e-01, -4.1817e-02, +2.8495e-02, -2.1208e-01, +1.3777e-01, -1.7552e-02, +6.8547e-03, +3.2755e-02, -5.6374e-02, -4.5291e-02, -6.3321e-02, +5.2085e-02, -3.7267e-02, -1.0179e-01, -5.4587e-02, -3.4689e-02, +9.0755e-02, +6.3887e-02
+2.9200e-04, +3.4264e-03, -3.6388e-02, +1.3132e-02, -3.8135e-02, +2.1521e-02, +3.7023e-02, -1.7732e-02, -4.8998e-02, -1.3504e-02, -7.3997e-02, -6.7637e-02, +6.8414e-03, +1.4550e-01, -4.4402e-02, +2.5385e-01, -4.3952e-03, +1.9892e-02, +2.1635e-02, +5.7487e-02, +1.1431e-02, +2.8186e-02, +1.6336e-02, +4.0370e-02, -4.4079e-02, +1.0482e-01, -1.2776e-02, +3.6532e-04, -3.8842e-02, -3.7922e-03, +2.1038e-02, -1.0000e+00, +3.7898e-01, +5.0056e-02, +7.7211e-02, +1.7438e-01, -3.6816e-02, +2.3511e-04, -6.7113e-04, -6.6248e-02, -1.4129e-02, -1.7411e-01, +1.1004e-02, +2.3139e-02, -1.3680e-01, +3.1022e-02, -6.4352e-02, +6.5270e-02, -6.1492e-02, -5.1643e-02
-1.0522e-02, -3.6261e-02, +2.5588e-02, +2.2163e-02, -1.1760e-02, +2.2515e-02, +7.3709e-02, +1.7747e-02, -1.1513e-02, +2.5249e-02, +3.9794e-02, +6.6355e-03, +6.5130e-02, +7.4346e-03, +3.2086e-03, +1.5784e-01, +2.0752e-03, +5.6206e-02, -4.6921e-04, +7.0755e-04, +6.1254e-02, -2.1576e-03, +1.0308e-02, +1.5071e-02, +6.1869e-02, +6.8861e-02, +7.1490e-02, +3.8120e-02, +3.5523e-02, -3.2722e-02, +1.0898e-01, +3.7898e-01, -1.0000e+00, +2.4977e-02, -8.2749e-02, +7.4384e-02, -7.6396e-03, -2.9512e-02, -2.0786e-02, -1.4889e-01, +3.7540e-02, +6.4856e-02, -7.0161e-02, +4.3252e-02, +1.9143e-01, +1.5930e-01, +8.6106e-02, +1.6910e-01, -5.0213e-02, +2.7351e-03
+1.0946e-02, +5.0776e-02, +4.2576e-03, +2.3627e-02, +7.7022e-02, -4.7680e-03, -5.1874e-02, -5.2040e-02, +9.7025e-02, -3.2880e-02, +9.8266e-03, +6.3062e-03, -4.5570e-03, -1.3169e-01, +1.4594e-04, +6.0566e-03, -2.2998e-02, -1.2450e-02, +5.6637e-02, +1.8636e-02, -3.8543e-02, +7.4072e-03, -6.2702e-02, -5.2946e-02, -5.5054e-02, -4.9730e-02, +1.2247e-02, -2.0298e-03, +1.0488e-01, +8.8528e-03, -4.1817e-02, +5.0056e-02, +2.4977e-02, -1.0000e+00, -1.3594e-02, +3.4074e-02, +4.0380e-02, +1.3623e-02, +6.9417e-03, +6.0797e-03, -8.3597e-02, -8.8149e-03, +6.7534e-02, -1.2348e-01, +8.9246e-02, -7.4026e-03, -1.1981e-02, -2.6490e-01, +1.2795e-01, -3.4685e-02
-2.3254e-02, +5.6825e-03, -2.6240e-02, -2.3873e-02, -6.3068e-02, +4.0701e-03, -2.1953e-02, +3.7803e-02, +3.5120e-02, +6.0742e-03, -2.8995e-02, -4.2073e-02, -6.9893e-02, -1.1306e-02, -2.2791e-02, +6.2156e-02, -1.7814e-02, -2.7693e-02, +2.8210e-02, -1.6058e-02, +2.7409e-02, +2.1106e-02, -1.6391e-02, -9.7187e-02, -6.1427e-03, +1.6402e-02, -6.0809e-02, -1.1935e-02, -4.4440e-02, -4.0284e-02, +2.8495e-02, +7.7211e-02, -8.2749e-02, -1.3594e-02, -1.0000e+00, -2.7116e-02, -4.8020e-03, +4.2683e-02, -5.6367e-02, -6.1942e-02, -2.2022e-02, -1.1546e-02, +6.1491e-02, +4.1247e-02, +2.0849e-03, -2.4095e-02, -7.3942e-02, -2.4427e-02, +5.7703e-02, -2.3504e-02
+6.9304e-02, +2.0352e-02, +6.5315e-02, -4.9242e-02, +1.8157e-02, -8.9682e-02, -4.7482e-02, -7.9104e-02, -1.0695e-01, +5.5586e-03, -1.2887e-01, +1.4114e-02, -3.0686e-02, -9.2576e-02, -5.2438e-02, -4.9821e-03, +1.5273e-02, -6.5170e-02, -4.7562e-02, +8.6521e-02, -1.2281e-02, -1.4378e-02, -8.0612e-03, +4.6679e-02, +8.2246e-02, -8.8193e-02, -1.2865e-01, -6.3550e-02, +1.4370e-02, -1.9351e-02, -2.1208e-01, +1.7438e-01, +7.4384e-02, +3.4074e-02, -2.7116e-02, -1.0000e+00, -7.8419e-02, +9.4525e-03, +6.5725e-02, -1.3741e-02, -6.6931e-02, +2.9940e-02, +3.4947e-02, +5.6963e-02, +4.7557e-03, -4.4163e-01, -5.9148e-02, -1.0606e-01, +1.0393e-01, +1.1654e-01
-6.0667e-02, -9.5592e-02, -4.6285e-02, +7.2611e-02, +1.8561e-02, +7.4002e-02, +3.6540e-02, -3.1263e-02, -1.7077e-02, +1.5683e-02, +6.9438e-02, +9.8290e-03, +2.5010e-02, +9.3512e-02, +1.0797e-01, -3.0978e-02, -2.9456e-02, +1.8300e-02, +6.7343e-02, +1.1291e-01, +2.0721e-02, -2.9773e-02, -4.7346e-02, +7.4321e-02, +3.7604e-02, -1.8816e-03, +1.0421e-01, +5.0782e-02, +6.0000e-02, +1.9688e-02, +1.3777e-01, -3.6816e-02, -7.6396e-03, +4.0380e-02, -4.8020e-03, -7.8419e-02, -1.0000e+00, +8.2342e-02, +5.1813e-02, -5.5607e-02, +1.0620e-01, -5.5489e-02, +3.9414e-02, +2.8116e-02, -2.2700e-02, +2.6472e-02, +7.5924e-02, +1.0292e-01, -2.2600e-02, +1.6851e-01
+3.5591e-03, -1.5389e-02, +1.1000e-02, -5.6125e-03, +2.1273e-02, +9.7282e-03, +2.5675e-02, -8.4022e-02, -3.4482e-02, +5.2321e-02, -6.8853e-02, -6.0405e-02, +1.0670e-01, +2.2196e-02, -5.4990e-02, +3.2685e-02, -1.6293e-02, +2.6000e-02, +2.5795e-02, -1.0349e-01, +3.0351e-02, +3.6467e-03, +1.5492e-02, -1.2324e-02, -5.6178e-02, +2.0179e-02, -3.2485e-04, -3.4044e-02, -2.2205e-02, +3.5231e-04, -1.7552e-02, +2.3510e-04, -2.9512e-02, +1.3623e-02, +4.2683e-02, +9.4525e-03, +8.2342e-02, -1.0000e+00, -1.0676e-02, -2.9418e-02, +1.5649e-02, +6.3899e-02, -5.8701e-02, +6.8008e-02, -7.2193e-02, +1.2675e-01, +1.9974e-02, +1.5303e-01, -6.3675e-02, -3.8548e-02
-2.9210e-02, +1.0942e-03, -3.9509e-02, -4.4321e-02, -9.1053e-03, +6.8335e-04, -2.5286e-02, +4.7990e-02, +1.4886e-02, +5.1433e-02, -2.7040e-02, -3.3508e-02, +7.5376e-03, +4.2482e-03, -3.9799e-02, -2.1275e-02, +3.5267e-02, +8.3984e-03, -1.9884e-02, -4.2337e-02, +9.5112e-03, +1.1470e-02, +3.4622e-02, -5.4977e-02, -3.9847e-02, +4.8148e-02, +3.5705e-03, -3.9852e-02, +4.4970e-02, -4.5872e-02, +6.8547e-03, -6.7114e-04, -2.0786e-02, +6.9417e-03, -5.6367e-02, +6.5725e-02, +5.1813e-02, -1.0676e-02, -1.0000e+00, -1.8622e-02, +4.9558e-03, -2.4683e-02, +1.3303e-02, -7.3403e-03, +2.1365e-02, +5.1584e-02, -5.3826e-02, +2.8036e-02, +4.5538e-02, +4.0298e-03
+2.2318e-02, +3.6181e-03, -1.4127e-02, +4.8998e-02, +2.3191e-02, +1.4057e-02, +3.0279e-02, +3.3208e-02, -2.2367e-02, +3.0455e-03, +5.6277e-03, -6.6636e-03, +4.2163e-02, +3.4359e-02, -4.6147e-02, +9.0208e-02, -1.0762e-02, +3.8298e-03, -2.2402e-02, +5.7491e-04, -6.5337e-02, -1.2117e-02, -3.4997e-02, +4.7926e-03, +1.9173e-02, +1.0367e-01, -1.8387e-03, -1.2871e-02, -2.0349e-02, +1.0327e-02, +3.2755e-02, -6.6248e-02, -1.4889e-01, +6.0797e-03, -6.1942e-02, -1.3741e-02, -5.5607e-02, -2.9418e-02, -1.8622e-02, -1.0000e+00, +6.0071e-02, +3.6689e-02, -8.3400e-02, -1.3021e-02, +1.7443e-02, +2.4380e-02, +2.0897e-03, +6.1190e-02, +3.7288e-02, +6.2863e-02
+5.2931e-02, +3.6181e-03, -4.3740e-02, -1.4464e-02, +1.1903e-02, -4.1163e-03, -2.4897e-02, -3.8779e-02, +2.6941e-02, +5.4829e-02, +4.4693e-02, -2.4862e-02, -5.4373e-02, -3.7581e-02, +1.5062e-02, +1.3154e-02, -1.0542e-02, -2.9715e-02, -8.5832e-02, -4.8797e-02, -8.1289e-02, -4.0768e-02, -2.5432e-02, +1.2008e-02, -7.5407e-03, -2.6502e-02, +2.7093e-02, +3.8604e-02, +9.6090e-02, +4.2825e-02, -5.6374e-02, -1.4129e-02, +3.7540e-02, -8.3597e-02, -2.2022e-02, -6.6931e-02, +1.0620e-01, +1.5649e-02, +4.9558e-03, +6.0071e-02, -1.0000e+00, +3.6864e-02, -1.7295e-02, -6.1802e-02, +1.6964e-02, -1.4785e-01, +5.8150e-03, -1.5824e-01, -1.7623e-02, -1.9902e-02
-2.9117e-02, -6.0512e-03, +6.2501e-02, -2.6031e-03, -1.6628e-02, -1.4859e-02, +5.6754e-02, +6.6357e-02, -2.7878e-02, +2.0488e-02, -7.1993e-02, +3.3842e-02, +2.8820e-03, +5.8150e-02, +1.2723e-02, +4.0997e-02, -2.4708e-02, -1.3971e-03, -6.3242e-03, -1.9018e-02, +7.8003e-02, -7.5733e-03, +2.6604e-02, +1.0286e-02, -3.5834e-03, +3.8501e-02, -1.7038e-03, -1.3463e-02, -5.8910e-02, -1.0707e-01, -4.5291e-02, -1.7411e-01, +6.4856e-02, -8.8149e-03, -1.1546e-02, +2.9940e-02, -5.5489e-02, +6.3899e-02, -2.4683e-02, +3.6689e-02, +3.6864e-02, -1.0000e+00, +6.2878e-02, -1.2974e-02, -7.3645e-03, +9.2336e-02, +2.7243e-02, +5.1136e-02, +2.1074e-01, +2.2833e-02
+6.6491e-02, -2.5727e-02, -7.5401e-02, +5.7540e-02, +3.4391e-02, -1.5930e-02, +3.3648e-03, +3.6273e-03, +4.8087e-03, +2.2294e-03, +4.9457e-02, +1.2367e-02, -6.3487e-03, +9.6870e-02, -1.5183e-02, -5.1305e-02, +5.8517e-03, +1.0303e-02, +3.4445e-02, -3.2551e-02, -6.9691e-02, +7.5099e-02, +1.3026e-02, -6.1937e-03, +1.1120e-02, +5.2346e-02, -4.5858e-02, -1.1102e-02, -4.5317e-02, -1.1391e-02, -6.3321e-02, +1.1004e-02, -7.0161e-02, +6.7534e-02, +6.1491e-02, +3.4947e-02, +3.9414e-02, -5.8701e-02, +1.3303e-02, -8.3400e-02, -1.7295e-02, +6.2878e-02, -1.0000e+00, +8.3837e-03, +1.0857e-02, -3.5679e-02, +3.0967e-02, +9.6999e-02, +1.5835e-01, +2.0371e-02
+1.2264e-01, +2.5253e-02, -6.2570e-03, +6.4550e-02, +6.1506e-02, -2.3250e-02, -2.7464e-02, -1.9843e-02, +7.0635e-02, -2.6410e-02, +5.9978e-02, +4.8356e-02, -1.9342e-02, +1.4510e-02, +4.5225e-02, -9.1373e-02, -2.3084e-02, -4.7265e-03, -5.4850e-03, -3.5076e-03, -3.2870e-02, -6.9743e-03, -5.6326e-02, +5.4791e-02, -2.3284e-02, +4.2129e-02, +1.9258e-02, +5.5922e-02, +6.1567e-02, +4.4714e-02, +5.2085e-02, +2.3139e-02, +4.3252e-02, -1.2348e-01, +4.1247e-02, +5.6963e-02, +2.8116e-02, +6.8008e-02, -7.3403e-03, -1.3021e-02, -6.1802e-02, -1.2974e-02, +8.3837e-03, -1.0000e+00, +4.3031e-02, -8.6512e-02, -2.8677e-02, -1.1234e-01, +1.0434e-01, -3.2946e-02
-3.5054e-02, -5.2267e-02, +3.2810e-02, +1.2316e-03, -4.7631e-02, +6.9453e-02, +8.1875e-02, -3.7221e-02, -3.3192e-03, +5.0664e-02, -1.0395e-01, +7.5441e-04, -7.8341e-03, +9.3060e-02, -1.9680e-03, +5.3385e-01, +7.5836e-02, -5.7473e-02, -1.3219e-02, -5.0808e-02, +6.4394e-02, -2.0416e-02, +8.5039e-02, +8.1038e-02, -1.3423e-02, +8.5189e-02, +8.4524e-02, +3.1510e-02, -9.4939e-03, -2.6189e-02, -3.7267e-02, -1.3680e-01, +1.9143e-01, +8.9246e-02, +2.0849e-03, +4.7557e-03, -2.2700e-02, -7.2193e-02, +2.1365e-02, +1.7443e-02, +1.6964e-02, -7.3645e-03, +1.0857e-02, +4.3031e-02, -1.0000e+00, +2.8189e-02, -3.0037e-02, +8.1531e-02, +8.2110e-02, +1.0505e-01
+1.4947e-01, +2.1220e-03, +2.5785e-03, +1.6372e-02, +1.1101e-01, -7.6885e-02, -1.3662e-01, +4.5997e-02, +1.7627e-02, +5.0874e-02, +1.8251e-02, -3.2205e-03, -1.3606e-01, -1.4332e-01, +3.7474e-02, +1.1758e-02, +7.0805e-02, +1.4561e-02, -1.7108e-02, +7.5561e-02, -1.6929e-01, +1.5937e-02, +3.3231e-02, -7.5225e-02, -4.0578e-02, -5.9324e-02, -9.9974e-02, -1.9551e-03, +6.5387e-02, +1.1304e-01, -1.0179e-01, +3.1022e-02, +1.5930e-01, -7.4026e-03, -2.4095e-02, -4.4163e-01, +2.6472e-02, +1.2675e-01, +5.1584e-02, +2.4380e-02, -1.4785e-01, +9.2336e-02, -3.5679e-02, -8.6512e-02, +2.8189e-02, -1.0000e+00, +3.0974e-03, -3.7133e-01, +1.0326e-01, +3.8136e-02
-7.4289e-02, -1.7336e-01, -6.4131e-02, -1.1690e-01, -5.2073e-02, -9.4747e-02, -4.9400e-02, +3.4121e-02, +5.7398e-02, +9.0380e-02, -1.5415e-01, -2.2664e-02, -2.6142e-02, +5.1907e-03, +2.2435e-03, +7.1769e-02, +3.1879e-03, -6.3430e-02, -2.8209e-02, -8.9123e-02, -9.5734e-02, -3.3426e-02, -5.2999e-02, -3.3369e-02, +7.1429e-03, -1.7279e-01, -1.0594e-01, -1.3522e-01, -6.0709e-02, -8.9466e-02, -5.4587e-02, -6.4352e-02, +8.6106e-02, -1.1981e-02, -7.3942e-02, -5.9148e-02, +7.5924e-02, +1.9974e-02, -5.3826e-02, +2.0897e-03, +5.8150e-03, +2.7243e-02, +3.0967e-02, -2.8677e-02, -3.0037e-02, +3.0974e-03, -1.0000e+00, -3.1613e-02, +2.7001e-02, -6.4698e-04
+4.8663e-02, +7.1230e-02, +7.0419e-02, -1.6220e-01, +1.1907e-01, -8.9343e-02, -1.6092e-01, -1.2848e-01, +1.5563e-01, +6.3479e-02, +2.3363e-02, -1.4014e-02, -1.4310e-01, -4.7091e-01, +8.1652e-02, +2.3726e-01, -2.5146e-03, -3.0774e-02, -1.0473e-03, +5.1214e-02, +1.2172e-02, +5.9661e-02, +2.1946e-02, -2.4384e-01, +1.5832e-02, -1.5148e-01, -9.5118e-02, +4.3839e-02, +1.5815e-01, +2.1285e-01, -3.4689e-02, +6.5270e-02, +1.6910e-01, -2.6490e-01, -2.4427e-02, -1.0606e-01, +1.0292e-01, +1.5303e-01, +2.8036e-02, +6.1190e-02, -1.5824e-01, +5.1136e-02, +9.6999e-02, -1.1234e-01, +8.1531e-02, -3.7133e-01, -3.1613e-02, -1.0000e+00, +1.0380e-01, -9.0128e-02
-3.0953e-02, +7.0076e-02, +2.2738e-02, -2.3118e-03, +2.9976e-02, +7.0080e-02, -7.6866e-03, +6.6945e-02, +4.0214e-02, +5.8070e-03, +2.4586e-02, +9.5722e-03, +6.1320e-02, -8.4902e-02, +3.4775e-02, -6.3349e-02, -5.0958e-02, -3.9361e-02, +3.3870e-02, +4.5715e-02, +1.7522e-02, -3.7605e-02, -1.3895e-02, +7.3722e-02, +2.2078e-02, -3.1698e-03, +4.7263e-02, +1.2033e-02, +6.6656e-02, +6.4130e-02, +9.0755e-02, -6.1492e-02, -5.0213e-02, +1.2795e-01, +5.7703e-02, +1.0393e-01, -2.2600e-02, -6.3675e-02, +4.5538e-02, +3.7288e-02, -1.7623e-02, +2.1074e-01, +1.5835e-01, +1.0434e-01, +8.2110e-02, +1.0326e-01, +2.7001e-02, +1.0380e-01, -1.0000e+00, -7.8857e-02
+1.5004e-02, +8.0514e-02, +1.9526e-03, -7.6087e-02, +4.2162e-02, -8.9794e-02, +4.1125e-03, +5.5085e-02, +4.0993e-02, +2.1891e-03, -3.5280e-02, -4.4861e-02, +1.7167e-02, -1.2071e-01, +4.7703e-02, +2.5582e-02, +4.3821e-02, +1.6455e-02, -1.4580e-02, -1.2043e-01, +3.0239e-03, -7.5664e-02, -4.8253e-02, -8.7746e-02, -1.4601e-02, -9.3546e-02, -2.8964e-02, -2.8286e-02, -9.9413e-03, +1.1508e-02, +6.3887e-02, -5.1643e-02, +2.7351e-03, -3.4685e-02, -2.3504e-02, +1.1654e-01, +1.6851e-01, -3.8548e-02, +4.0298e-03, +6.2863e-02, -1.9902e-02, +2.2833e-02, +2.0371e-02, -3.2946e-02, +1.0505e-01, +3.8136e-02, -6.4697e-04, -9.0128e-02, -7.8857e-02, -1.0000e+00
