-1.0000e+00, -3.9352e-02, -7.2662e-02, -4.1107e-03, +5.5116e-03, -1.6536e-02, +1.5802e-02, -1.7319e-02, -1.6595e-01, +2.1266e-03, +5.3249e-02, -1.3249e-01, -1.3941e-02, -1.2782e-02, -1.0819e-02, +1.3666e-01, +3.0614e-02, +2.7873e-02, +6.8664e-02, -2.4665e-02, +4.1002e-02, +4.9113e-02, +2.8739e-02, +3.3849e-02, -7.0094e-02, +1.5030e-02, -4.5642e-03, -4.8126e-02, +1.1085e-02, -4.5529e-02, +4.1656e-02, +8.4945e-03, +2.5504e-02, +4.7618e-02, +3.5887e-02, +1.8001e-02, +5.3527e-02, +3.6550e-02, -2.1248e-02, +9.5762e-03, +1.2919e-01, +5.1052e-02, -1.1167e-01, +1.6274e-03, +7.2965e-02, -1.9978e-02, +1.0642e-02, +2.3832e-01, +1.0157e-01, +9.6363e-02
-3.9352e-02, -1.0000e+00, +1.0583e-02, -2.4533e-02, +4.5373e-03, +2.0582e-02, +7.5815e-02, +4.0582e-02, -5.2468e-02, +8.4870e-02, +3.4223e-03, -1.9500e-02, +8.7515e-02, +3.2476e-03, -2.4625e-02, +3.4831e-02, +2.5697e-02, -2.7147e-03, -1.0330e-02, +2.9869e-02, -1.3674e-02, +5.9508e-03, +4.8794e-02, +4.7455e-02, -2.2286e-02, -2.0077e-02, +2.1351e-02, +2.7200e-03, -5.6107e-02, -1.3507e-02, +6.6761e-03, +5.6916e-02, +4.8922e-02, -4.7423e-03, -2.2456e-04, -8.8034e-03, +2.7675e-02, +1.2332e-02, +3.2696e-02, +4.3956e-04, -3.1355e-02, +1.6698e-02, -5.4837e-02, +3.7269e-03, +8.4071e-03, -6.0804e-02, -1.5094e-03, +3.2040e-02, -9.6007e-03, -7.7673e-03
-7.2662e-02, +1.0583e-02, -1.0000e+00, -4.4400e-02, -2.3652e-02, -3.0982e-02, -3.1660e-02, -4.2481e-03, -7.0335e-02, -5.9524e-02, -5.9972e-03, -5.5875e-02, -2.9348e-02, -2.7326e-02, +1.9241e-02, +3.4936e-02, +9.1699e-03, -6.5927e-03, +5.4844e-02, -6.3737e-02, +5.5399e-02, +7.8258e-03, +2.5187e-01, +2.0657e-02, -2.3294e-02, +3.1110e-02, +8.4846e-02, +1.9361e-02, +2.2697e-02, +3.4882e-02, +4.2240e-02, -6.7450e-02, -3.5524e-02, -3.7170e-02, +1.1152e-02, -8.3110e-02, -6.8090e-02, -4.7013e-04, -5.7155e-02, -4.5489e-02, -5.7131e-03, +1.9949e-02, +3.7734e-02, -8.2107e-02, +1.3798e-01, -6.2844e-02, +5.2923e-02, +8.9631e-02, -7.4375e-02, +6.4067e-02
-4.1107e-03, -2.4533e-02, -4.4400e-02, -1.0000e+00, -3.1648e-03, -3.4988e-02, -1.9881e-03, -2.3802e-03, +2.9849e-02, -2.7810e-02, -8.9264e-02, -6.6161e-02, -1.6373e-01, +3.7694e-03, -3.2961e-02, +2.0841e-02, +8.8409e-02, -3.6492e-02, -2.6956e-02, -3.2999e-02, +2.3590e-02, +3.5686e-02, +8.8631e-02, -6.9576e-02, +1.1583e-02, -7.7245e-02, -1.9641e-02, +1.7562e-02, -1.0197e-01, -8.2946e-02, -4.2618e-02, +6.9979e-02, +7.8147e-03, +1.3583e-02, +2.3829e-02, -1.7988e-02, +9.4294e-02, -4.3952e-02, -4.8219e-02, -4.6601e-02, -1.5423e-02, -2.1619e-02, -1.3619e-03, +1.5824e-02, -2.9390e-02, -2.1778e-02, +1.4080e-02, -2.7828e-03, -5.6683e-03, +2.7963e-02
+5.5116e-03, +4.5373e-03, -2.3652e-02, -3.1648e-03, -1.0000e+00, -2.1731e-02, -1.0960e-02, +2.2542e-02, +3.6743e-02, -4.3581e-02, -5.1893e-02, -3.3202e-02, -2.1853e-02, +4.0589e-02, -2.7948e-02, +4.1767e-02, +5.3374e-02, -3.9401e-03, -3.1593e-02, -7.0109e-02, -1.9889e-02, +1.7057e-02, -2.0770e-03, -4.0354e-02, +2.5645e-02, +9.8769e-02, +5.0408e-02, -5.9951e-02, -2.8677e-02, -7.4597e-02, +2.5787e-02, -7.5134e-03, -3.5318e-02, -1.2950e-02, +1.5279e-02, +9.1066e-02, -4.8887e-02, +9.8715e-02, -4.5216e-02, -7.1705e-02, -6.7709e-02, -5.8030e-02, -6.8486e-02, +6.5590e-02, +1.3030e-03, +2.8749e-03, +1.0271e-01, +1.5880e-01, +4.2804e-02, +5.7747e-02
-1.6536e-02, +2.0582e-02, -3.0982e-02, -3.4988e-02, -2.1731e-02, -1.0000e+00, +3.6973e-03, -1.2284e-02, -1.9011e-02, -8.1345e-02, -4.7517e-02, +3.4428e-02, -3.8658e-02, +3.9260e-02, -9.3391e-02, -3.2504e-02, -6.6756e-03, -2.4665e-02, -4.1685e-02, -4.0092e-02, +1.1026e-02, -1.4715e-02, +1.2058e-02, -2.4656e-02, -5.2065e-02, -8.8407e-02, -1.4204e-01, -5.2416e-02, -1.1140e-01, -1.2384e-01, +8.0263e-03, +5.9934e-04, +3.6594e-03, -3.7581e-02, -7.9818e-03, -3.6547e-02, +1.2950e-01, -3.3385e-02, -3.0087e-03, -2.0317e-02, +5.4311e-02, +1.9625e-02, -5.4303e-04, -1.5389e-03, -1.1217e-02, -2.3338e-02, -1.6374e-01, -2.3255e-02, -3.2623e-03, +8.4886e-02
+1.5802e-02, +7.5815e-02, -3.1660e-02, -1.9881e-03, -1.0960e-02, +3.6973e-03, -1.0000e+00, -5.1917e-02, -4.1189e-02, -9.9347e-02, -3.7517e-02, -6.6131e-02, -1.5450e-02, +4.3019e-02, +3.7431e-02, +5.1645e-02, +1.1784e-01, +2.6013e-02, -5.2374e-02, +4.7906e-02, -9.2653e-03, -5.0001e-02, +2.1119e-01, -1.0729e-01, +5.2618e-02, -2.2346e-02, -8.1849e-02, -4.2507e-02, -2.2308e-02, -5.6327e-02, -9.0539e-02, -1.7529e-02, -1.5419e-02, -2.9417e-02, -3.9023e-02, -4.3720e-02, +2.1289e-02, -4.8273e-02, -7.5256e-02, -2.1660e-02, -2.5754e-02, -1.5973e-03, +1.1781e-01, +7.3123e-02, -8.3413e-02, -1.0606e-01, -6.8305e-02, -1.0046e-01, +1.0509e-02, -2.7148e-02
-1.7319e-02, +4.0582e-02, -4.2481e-03, -2.3802e-03, +2.2542e-02, -1.2284e-02, -5.1917e-02, -1.0000e+00, +2.5284e-02, -9.9542e-02, -5.7618e-02, -7.2893e-02, +4.5677e-02, +1.8543e-02, -4.6484e-02, +2.9330e-02, +7.3282e-02, -5.1413e-02, +6.3024e-03, +2.5781e-02, +3.6303e-02, -3.8460e-02, +1.1656e-01, +1.7552e-02, +4.7078e-02, -3.9437e-02, -2.5502e-02, -4.2644e-02, -2.2025e-02, +1.5672e-02, -3.9080e-02, -4.5611e-03, +2.4959e-02, +9.6265e-03, +3.9171e-02, -5.1609e-03, +4.3452e-02, -1.5521e-02, -2.4095e-02, -3.2279e-02, -4.9454e-02, +7.3259e-03, +3.8658e-02, +2.7918e-02, -5.7213e-02, +1.7414e-02, -1.3467e-02, -4.3120e-02, -4.2839e-02, -8.0750e-03
-1.6595e-01, -5.2468e-02, -7.0335e-02, +2.9849e-02, +3.6743e-02, -1.9011e-02, -4.1189e-02, +2.5284e-02, -1.0000e+00, +7.0154e-02, +5.7497e-02, -3.2999e-03, +4.0945e-02, +3.5664e-02, +2.5001e-02, +6.9561e-02, -4.2341e-02, +2.9730e-02, +6.3195e-02, +4.0469e-02, -3.1098e-02, -6.7000e-02, -6.5421e-02, -8.2330e-03, -2.1887e-02, +3.5506e-02, +7.1172e-02, -5.2442e-02, +1.0717e-01, -2.3078e-02, +5.6936e-02, -3.9121e-02, -6.8769e-02, -6.6033e-02, -1.6316e-02, +3.6583e-02, -4.4017e-02, +4.0199e-02, +3.1950e-02, -2.4140e-02, +7.2572e-02, +4.6602e-02, -8.8986e-02, +2.7591e-02, +6.3515e-02, -5.6326e-02, +4.7333e-02, +1.5207e-01, +5.4007e-02, +5.7429e-02
+2.1266e-03, +8.4870e-02, -5.9524e-02, -2.7810e-02, -4.3581e-02, -8.1345e-02, -9.9347e-02, -9.9542e-02, +7.0154e-02, -1.0000e+00, -4.9454e-02, -3.3194e-02, -3.6338e-02, -3.6511e-02, -2.1585e-02, +5.1443e-02, +1.4346e-01, -4.9209e-02, -4.1622e-02, +2.2788e-02, -5.7486e-03, +8.0802e-03, +1.0943e-01, -2.5143e-02, -1.9248e-02, +4.4910e-02, -2.8941e-02, -2.3237e-02, -2.9017e-02, -1.6124e-02, -3.3845e-02, +1.0170e-01, -4.9185e-02, -2.7414e-02, +2.4359e-02, -1.8077e-01, +5.2348e-02, +1.3542e-02, -1.2659e-02, +2.2646e-02, -2.9817e-02, -4.3423e-02, +4.1623e-02, -6.7194e-03, -2.9508e-02, +8.3284e-03, -6.3929e-02, -3.9054e-02, +5.9175e-02, +2.6918e-02
+5.3249e-02, +3.4223e-03, -5.9972e-03, -8.9264e-02, -5.1893e-02, -4.7517e-02, -3.7517e-02, -5.7618e-02, +5.7497e-02, -4.9454e-02, -1.0000e+00, -6.6487e-02, -1.0749e-01, -1.2507e-02, -6.1976e-02, -2.9075e-02, +9.0989e-02, -1.0441e-01, -1.1234e-01, +2.7755e-02, -2.4156e-02, +3.7215e-02, +1.0077e-01, +3.9920e-02, -8.7236e-02, -9.9333e-02, -3.6532e-02, -6.7139e-02, -8.4655e-02, -4.7410e-02, -4.1410e-02, +5.3407e-02, +2.0263e-02, -2.6135e-02, +3.2372e-02, -6.1540e-02, +7.8799e-02, -6.6970e-02, +8.3535e-03, +7.2136e-03, -8.9561e-02, -8.7806e-03, +6.0610e-02, +4.8586e-02, -1.1953e-01, +3.8206e-02, -9.3790e-02, -4.2279e-02, +4.0856e-02, +4.4352e-02
-1.3249e-01, -1.9500e-02, -5.5875e-02, -6.6161e-02, -3.3202e-02, +3.4428e-02, -6.6131e-02, -7.2893e-02, -3.2999e-03, -3.3194e-02, -6.6487e-02, -1.0000e+00, -2.0218e-02, -1.1193e-02, +3.4198e-03, +3.1313e-02, +2.7382e-01, -4.7859e-02, -7.0317e-02, -4.6452e-02, +6.4334e-02, +5.6284e-02, +3.4193e-01, +1.2317e-02, -9.2416e-02, +5.8149e-02, +2.5643e-02, -5.6551e-02, -4.8719e-02, +6.1177e-03, -5.9977e-02, -5.8675e-02, -1.0328e-01, +1.5115e-02, +5.9564e-02, +3.6404e-01, -7.1137e-02, -4.8264e-03, -9.3302e-02, -1.6078e-02, -8.1765e-03, +3.0324e-02, +1.0525e-01, +9.7990e-02, +5.4282e-03, -1.6774e-02, +6.3219e-02, +4.3598e-01, +1.0347e-01, -3.2763e-02
-1.3941e-02, +8.7515e-02, -2.9348e-02, -1.6373e-01, -2.1853e-02, -3.8658e-02, -1.5450e-02, +4.5677e-02, +4.0945e-02, -3.6338e-02, -1.0749e-01, -2.0218e-02, -1.0000e+00, +1.1585e-01, -4.0917e-02, +3.3347e-02, +1.0470e-01, -8.0517e-02, -1.1855e-01, +5.1723e-02, +7.9606e-04, -4.8791e-03, +1.7729e-01, -6.0615e-02, -8.1588e-02, -1.8321e-01, -1.6784e-01, +7.2573e-02, -1.1223e-01, -8.2087e-02, -6.3089e-02, +2.8365e-02, +4.1623e-02, +8.3076e-03, +5.3278e-03, -3.4736e-02, +1.1583e-01, -3.1464e-02, +1.4768e-03, -1.5158e-02, -6.6003e-03, -6.1025e-02, +3.5893e-02, -1.1193e-02, -6.1404e-02, +4.5376e-02, -7.7632e-02, -1.0507e-01, -5.9526e-02, +1.5320e-02
-1.2782e-02, +3.2476e-03, -2.7326e-02, +3.7694e-03, +4.0589e-02, +3.9260e-02, +4.3019e-02, +1.8543e-02, +3.5664e-02, -3.6511e-02, -1.2507e-02, -1.1193e-02, +1.1585e-01, -1.0000e+00, -2.0490e-03, -7.2938e-03, +5.1419e-02, -9.4228e-03, +6.8810e-04, +1.9125e-03, +4.5390e-02, +4.0034e-02, +1.6691e-02, +3.5720e-02, -5.6975e-02, -1.4850e-02, -4.9479e-02, -1.2141e-02, +2.3965e-03, -2.4913e-02, -1.2478e-02, +8.5290e-02, +1.0142e-02, +3.3800e-02, -5.5263e-04, -7.0869e-02, +3.3876e-02, +4.6616e-02, -9.9000e-03, -7.0831e-03, -4.4310e-02, +4.0295e-03, -3.4579e-02, +2.4799e-02, -3.6083e-02, -1.5108e-02, -3.0036e-02, +6.0507e-03, -2.8062e-02, +1.3834e-02
-1.0819e-02, -2.4625e-02, +1.9241e-02, -3.2961e-02, -2.7948e-02, -9.3391e-02, +3.7431e-02, -4.6484e-02, +2.5001e-02, -2.1585e-02, -6.1976e-02, +3.4198e-03, -4.0917e-02, -2.0490e-03, -1.0000e+00, -9.6082e-03, -4.9608e-02, -3.7253e-02, -3.4067e-02, +2.8358e-02, -5.1859e-03, +4.1361e-02, -9.1436e-02, -2.6928e-02, +1.2594e-02, +2.6575e-02, -2.4211e-02, -5.2827e-02, -9.3884e-02, +1.1618e-02, -6.3248e-02, -3.9292e-02, +9.7838e-03, +1.1891e-02, +1.9224e-02, +8.8393e-02, +9.5578e-02, -2.8927e-02, -8.5201e-03, -6.5354e-02, -3.6340e-02, -6.1427e-03, -4.1647e-02, +1.8965e-02, -1.4680e-02, -3.2092e-02, +4.7426e-03, +1.4783e-01, +5.4041e-02, +6.5527e-02
+1.3666e-01, +3.4831e-02, +3.4936e-02, +2.0841e-02, +4.1767e-02, -3.2504e-02, +5.1645e-02, +2.9330e-02, +6.9561e-02, +5.1443e-02, -2.9075e-02, +3.1313e-02, +3.3347e-02, -7.2938e-03, -9.6082e-03, -1.0000e+00, -5.5702e-02, +1.7857e-02, -2.6295e-02, -6.6207e-02, +2.0306e-02, -8.1769e-02, -6.5466e-02, -2.4564e-02, -2.1207e-02, -7.6882e-02, -7.2872e-03, -2.8123e-02, +8.7917e-03, +1.1760e-02, -8.9860e-03, -4.2032e-02, -5.7294e-02, +3.0963e-02, -2.3429e-02, +8.3209e-02, -2.3440e-02, -4.0732e-02, -2.6677e-02, -2.3224e-02, -2.0349e-02, -1.3405e-02, +3.1446e-02, -3.7368e-02, -6.8091e-02, +8.6544e-02, -3.5811e-03, +9.0574e-03, -8.6294e-02, -3.4360e-02
+3.0614e-02, +2.5697e-02, +9.1699e-03, +8.8409e-02, +5.3374e-02, -6.6756e-03, +1.1784e-01, +7.3282e-02, -4.2341e-02, +1.4346e-01, +9.0989e-02, +2.7382e-01, +1.0470e-01, +5.1419e-02, -4.9608e-02, -5.5702e-02, -1.0000e+00, +5.5732e-03, +1.1995e-01, -9.3773e-03, -5.1255e-02, -3.5685e-03, +9.8111e-02, +7.3412e-02, +5.1947e-02, +3.8533e-02, +6.9085e-02, +4.9111e-02, +1.0350e-01, +4.1182e-02, +1.0492e-01, -8.3918e-02, +7.5109e-02, +1.2553e-02, -1.6112e-02, +4.3734e-02, -2.9145e-03, -7.1602e-03, +7.7686e-02, +1.0569e-02, +3.0527e-02, +3.7859e-03, -1.0927e-02, -3.6015e-02, +1.3061e-01, +6.3988e-02, +9.0821e-03, -1.3510e-01, +9.6966e-02, -4.4785e-02
+2.7873e-02, -2.7147e-03, -6.5927e-03, -3.6492e-02, -3.9401e-03, -2.4665e-02, +2.6013e-02, -5.1413e-02, +2.9730e-02, -4.9209e-02, -1.0441e-01, -4.7859e-02, -8.0517e-02, -9.4228e-03, -3.7253e-02, +1.7857e-02, +5.5732e-03, -1.0000e+00, -5.5196e-02, +1.3823e-02, -3.1392e-02, -3.0248e-02, +5.1999e-02, +3.5597e-02, -4.2942e-02, -4.2052e-02, -1.2253e-02, +9.9984e-03, -5.5802e-03, -4.8983e-02, -2.1055e-02, +6.0468e-04, -1.2958e-02, +8.3849e-04, +9.5837e-03, -7.4962e-03, +1.9314e-02, -2.1943e-02, +2.1360e-02, +3.0756e-02, -3.6488e-02, +2.4742e-03, +1.0861e-02, -1.5606e-02, -7.3974e-04, -5.2476e-03, -2.7658e-02, +1.1272e-03, -6.1224e-02, +4.2174e-02
+6.8664e-02, -1.0330e-02, +5.4844e-02, -2.6956e-02, -3.1593e-02, -4.1685e-02, -5.2374e-02, +6.3024e-03, +6.3195e-02, -4.1622e-02, -1.1234e-01, -7.0317e-02, -1.1855e-01, +6.8810e-04, -3.4067e-02, -2.6295e-02, +1.1995e-01, -5.5196e-02, -1.0000e+00, +2.5659e-02, -1.4116e-02, +7.3923e-03, +6.0993e-02, +4.0955e-03, -4.3386e-02, -2.6540e-02, -5.5531e-02, -4.5121e-02, -4.1858e-02, -3.7371e-02, -6.4146e-02, +3.0203e-02, +7.2379e-02, +3.9222e-03, +1.6843e-02, +1.1161e-03, +8.7427e-02, +3.7116e-03, -1.3900e-02, -1.1242e-03, +6.2291e-03, -2.8631e-02, +1.1191e-01, +9.9461e-03, -8.8401e-02, -2.5458e-02, -1.1615e-01, -2.0696e-02, +5.8555e-03, +3.7214e-02
-2.4665e-02, +2.9869e-02, -6.3737e-02, -3.2999e-02, -7.0109e-02, -4.0092e-02, +4.7906e-02, +2.5781e-02, +4.0469e-02, +2.2788e-02, +2.7755e-02, -4.6452e-02, +5.1723e-02, +1.9125e-03, +2.8358e-02, -6.6207e-02, -9.3773e-03, +1.3823e-02, +2.5659e-02, -1.0000e+00, +1.0629e-02, -5.2987e-02, -8.4370e-03, +3.4998e-02, +4.2339e-02, +6.3901e-02, -4.8176e-02, +4.2528e-02, +1.2238e-02, -9.3112e-03, +1.6647e-02, +5.2677e-02, -1.3785e-01, -2.1663e-02, +3.1697e-02, +1.8942e-02, +5.7432e-02, +2.5262e-02, -1.9939e-02, -1.1562e-01, -2.9301e-02, +4.7374e-02, -3.5954e-02, -3.2072e-02, +1.8014e-02, +1.6039e-02, +2.7859e-02, +3.7359e-02, -4.2606e-02, +7.6649e-02
+4.1002e-02, -1.3674e-02, +5.5399e-02, +2.3590e-02, -1.9889e-02, +1.1026e-02, -9.2653e-03, +3.6303e-02, -3.1098e-02, -5.7486e-03, -2.4156e-02, +6.4334e-02, +7.9606e-04, +4.5390e-02, -5.1859e-03, +2.0306e-02, -5.1255e-02, -3.1392e-02, -1.4116e-02, +1.0629e-02, -1.0000e+00, -2.2260e-02, -7.2412e-02, +2.3855e-02, +2.6620e-02, -2.3050e-02, +5.4909e-03, -1.2220e-02, +3.9018e-02, +2.1912e-02, +3.0530e-02, -1.7754e-02, -5.5102e-02, -2.0455e-03, +2.9405e-02, -2.9308e-03, +2.4023e-02, -5.3718e-02, +2.0772e-02, -3.0253e-02, -2.0260e-02, -3.2865e-03, -5.6555e-03, +5.3728e-02, +2.6590e-02, -2.4090e-02, -2.1461e-02, -9.3538e-03, -5.2495e-03, +4.1964e-04
+4.9113e-02, +5.9508e-03, +7.8258e-03, +3.5686e-02, +1.7057e-02, -1.4715e-02, -5.0001e-02, -3.8460e-02, -6.7000e-02, +8.0801e-03, +3.7215e-02, +5.6284e-02, -4.8791e-03, +4.0034e-02, +4.1361e-02, -8.1769e-02, -3.5685e-03, -3.0248e-02, +7.3923e-03, -5.2987e-02, -2.2260e-02, -1.0000e+00, -4.5915e-03, -3.5489e-02, +4.0235e-02, -5.4843e-02, +1.4488e-02, +1.3608e-02, -8.5801e-03, +5.3629e-03, +1.2064e-02, -1.8666e-02, -2.4746e-02, +3.7444e-02, -2.4441e-02, +4.6198e-03, +4.8771e-02, -2.5737e-02, -1.7610e-03, -3.5384e-02, +3.8645e-02, -4.2848e-02, +6.9490e-02, -9.2202e-03, -5.6552e-02, +1.8718e-02, -2.7293e-02, -1.6571e-01, -1.2253e-01, +1.0119e-02
+2.8739e-02, +4.8794e-02, +2.5187e-01, +8.8631e-02, -2.0770e-03, +1.2058e-02, +2.1119e-01, +1.1656e-01, -6.5421e-02, +1.0943e-01, +1.0077e-01, +3.4193e-01, +1.7729e-01, +1.6691e-02, -9.1436e-02, -6.5466e-02, +9.8111e-02, +5.1999e-02, +6.0993e-02, -8.4370e-03, -7.2412e-02, -4.5915e-03, -1.0000e+00, -7.9759e-03, +1.1065e-01, +3.0125e-02, +2.5364e-02, +5.1220e-02, +7.6808e-02, +4.2983e-02, +5.2980e-02, -1.1215e-01, +2.9971e-02, +1.8191e-02, -9.7400e-02, -7.6957e-03, +2.7166e-02, -3.9777e-02, +8.0636e-02, -1.5678e-02, +1.3461e-02, +2.7502e-02, +5.1529e-02, -3.4003e-02, +1.0059e-01, +1.6755e-02, -7.0681e-03, -5.6704e-02, -1.7010e-01, +4.1688e-02
+3.3849e-02, +4.7455e-02, +2.0657e-02, -6.9576e-02, -4.0354e-02, -2.4656e-02, -1.0729e-01, +1.7552e-02, -8.2330e-03, -2.5143e-02, +3.9920e-02, +1.2317e-02, -6.0615e-02, +3.5720e-02, -2.6928e-02, -2.4564e-02, +7.3412e-02, +3.5597e-02, +4.0955e-03, +3.4998e-02, +2.3855e-02, -3.5489e-02, -7.9759e-03, -1.0000e+00, +8.6805e-03, -1.1376e-01, -4.7813e-02, -2.8196e-02, +5.3453e-02, -1.7482e-02, -9.5144e-02, +4.3544e-02, +5.9924e-02, +2.6554e-03, -1.0429e-01, -2.1733e-02, +6.3884e-02, +7.0632e-03, -5.0088e-02, -1.7007e-02, +3.1952e-02, -6.5727e-04, +2.6344e-02, +1.9961e-02, -8.9010e-02, -5.4593e-02, -7.6981e-02, -6.0679e-02, -2.5004e-02, -8.7843e-03
-7.0094e-02, -2.2286e-02, -2.3294e-02, +1.1583e-02, +2.5645e-02, -5.2065e-02, +5.2618e-02, +4.7078e-02, -2.1887e-02, -1.9248e-02, -8.7236e-02, -9.2416e-02, -8.1588e-02, -5.6975e-02, +1.2594e-02, -2.1207e-02, +5.1947e-02, -4.2942e-02, -4.3386e-02, +4.2339e-02, +2.6620e-02, +4.0235e-02, +1.1065e-01, +8.6805e-03, -1.0000e+00, -9.3834e-02, -7.5413e-02, -8.1884e-02, -6.1162e-02, -7.7771e-02, -5.8629e-02, +1.0041e-02, -4.4913e-02, -5.5439e-02, -3.4773e-03, +9.1650e-02, -6.7346e-03, -4.6954e-02, +6.0400e-03, +7.5723e-02, -1.7528e-02, +4.3544e-02, -2.4855e-02, -1.7778e-02, -6.8087e-02, +1.5353e-02, -3.7601e-02, +1.1935e-01, +8.2681e-02, -2.3212e-02
+1.5030e-02, -2.0077e-02, +3.1110e-02, -7.7245e-02, +9.8769e-02, -8.8407e-02, -2.2346e-02, -3.9437e-02, +3.5506e-02, +4.4910e-02, -9.9333e-02, +5.8149e-02, -1.8321e-01, -1.4850e-02, +2.6575e-02, -7.6882e-02, +3.8533e-02, -4.2052e-02, -2.6540e-02, +6.3901e-02, -2.3050e-02, -5.4843e-02, +3.0125e-02, -1.1376e-01, -9.3834e-02, -1.0000e+00, -1.7776e-01, -3.5305e-02, -7.4256e-02, -7.1844e-02, -2.6901e-02, +4.9685e-03, -4.7349e-03, +2.8969e-02, -4.0797e-02, -2.2741e-02, +1.5256e-01, -4.3960e-02, +7.4229e-02, -5.4011e-02, -1.1783e-02, -4.4207e-03, +1.1910e-01, -1.2082e-02, -1.5480e-01, +6.8917e-03, -9.6668e-02, -2.3757e-01, -1.5871e-01, -1.5513e-02
-4.5642e-03, +2.1351e-02, +8.4846e-02, -1.9641e-02, +5.0408e-02, -1.4204e-01, -8.1849e-02, -2.5502e-02, +7.1173e-02, -2.8941e-02, -3.6532e-02, +2.5643e-02, -1.6784e-01, -4.9479e-02, -2.4211e-02, -7.2872e-03, +6.9085e-02, -1.2253e-02, -5.5531e-02, -4.8176e-02, +5.4909e-03, +1.4488e-02, +2.5364e-02, -4.7813e-02, -7.5413e-02, -1.7776e-01, -1.0000e+00, -1.9438e-02, -1.6133e-01, -1.7640e-01, -1.9152e-02, +2.8158e-03, -3.4084e-03, +2.6122e-02, -3.0282e-02, -5.0884e-02, +7.0356e-02, -2.6531e-02, -5.0427e-02, -1.8683e-02, -1.1025e-02, -3.2181e-03, +1.0163e-01, +2.2435e-02, -6.3438e-02, -4.5836e-02, -1.6383e-01, -1.4210e-01, -1.0950e-01, +1.8507e-02
-4.8126e-02, +2.7200e-03, +1.9361e-02, +1.7562e-02, -5.9951e-02, -5.2416e-02, -4.2507e-02, -4.2644e-02, -5.2442e-02, -2.3237e-02, -6.7139e-02, -5.6551e-02, +7.2573e-02, -1.2141e-02, -5.2827e-02, -2.8123e-02, +4.9111e-02, +9.9985e-03, -4.5121e-02, +4.2528e-02, -1.2220e-02, +1.3608e-02, +5.1220e-02, -2.8196e-02, -8.1884e-02, -3.5305e-02, -1.9438e-02, -1.0000e+00, -1.9090e-02, -2.5140e-03, -2.8499e-02, -2.9764e-02, +1.1880e-02, -2.9994e-02, +2.3182e-03, +3.7191e-02, +4.9377e-02, -3.4132e-02, -1.2998e-02, +4.5114e-03, -2.7239e-02, +2.3613e-02, +1.2043e-02, +9.8739e-03, -1.9861e-02, -5.5024e-02, -9.7826e-02, +5.1171e-02, +6.1487e-02, -3.5363e-02
+1.1085e-02, -5.6107e-02, +2.2697e-02, -1.0197e-01, -2.8677e-02, -1.1140e-01, -2.2308e-02, -2.2025e-02, +1.0717e-01, -2.9017e-02, -8.4655e-02, -4.8719e-02, -1.1223e-01, +2.3965e-03, -9.3884e-02, +8.7917e-03, +1.0350e-01, -5.5802e-03, -4.1858e-02, +1.2238e-02, +3.9018e-02, -8.5801e-03, +7.6808e-02, +5.3453e-02, -6.1162e-02, -7.4256e-02, -1.6133e-01, -1.9090e-02, -1.0000e+00, -6.1104e-02, -4.5779e-02, +3.7574e-02, +4.9879e-02, -6.0674e-02, -3.3025e-02, +1.4841e-02, +6.7918e-02, -4.7117e-02, -3.1285e-02, -8.6709e-03, +3.9577e-02, +4.8309e-02, +7.3386e-02, -1.1683e-02, -5.6126e-02, -3.9804e-02, -1.0582e-01, +2.5827e-02, +3.0489e-02, +9.4630e-02
-4.5529e-02, -1.3507e-02, +3.4882e-02, -8.2946e-02, -7.4597e-02, -1.2384e-01, -5.6327e-02, +1.5672e-02, -2.3078e-02, -1.6124e-02, -4.7410e-02, +6.1177e-03, -8.2087e-02, -2.4913e-02, +1.1618e-02, +1.1760e-02, +4.1182e-02, -4.8983e-02, -3.7371e-02, -9.3112e-03, +2.1912e-02, +5.3629e-03, +4.2983e-02, -1.7482e-02, -7.7771e-02, -7.1844e-02, -1.7640e-01, -2.5140e-03, -6.1104e-02, -1.0000e+00, +8.6556e-03, +4.0619e-02, +8.2756e-03, +5.8038e-03, +1.3808e-02, -4.7600e-02, +3.2684e-02, -1.4276e-02, -1.1321e-02, -1.4474e-02, -9.4476e-03, +5.1486e-02, -1.8351e-02, -1.8626e-02, -1.0354e-02, -2.2472e-02, -8.8319e-02, -1.9385e-02, +1.0392e-02, +3.5768e-02
+4.1656e-02, +6.6761e-03, +4.2240e-02, -4.2618e-02, +2.5787e-02, +8.0263e-03, -9.0539e-02, -3.9080e-02, +5.6936e-02, -3.3845e-02, -4.1410e-02, -5.9977e-02, -6.3089e-02, -1.2478e-02, -6.3248e-02, -8.9860e-03, +1.0492e-01, -2.1055e-02, -6.4146e-02, +1.6647e-02, +3.0530e-02, +1.2064e-02, +5.2980e-02, -9.5144e-02, -5.8629e-02, -2.6901e-02, -1.9152e-02, -2.8499e-02, -4.5779e-02, +8.6556e-03, -1.0000e+00, -8.3568e-02, +1.0023e-02, -4.6242e-02, +4.8409e-02, +1.1378e-01, +1.1894e-01, -6.6997e-02, +9.0372e-03, +1.8280e-02, -6.3345e-03, -4.1056e-03, -1.4249e-02, +4.3023e-02, -9.8087e-02, -2.6678e-02, -1.0091e-01, +9.0587e-02, +2.4175e-02, -2.1676e-02
+8.4945e-03, +5.6916e-02, -6.7450e-02, +6.9979e-02, -7.5134e-03, +5.9934e-04, -1.7529e-02, -4.5611e-03, -3.9121e-02, +1.0170e-01, +5.3407e-02, -5.8675e-02, +2.8365e-02, +8.5290e-02, -3.9292e-02, -4.2032e-02, -8.3918e-02, +6.0468e-04, +3.0203e-02, +5.2677e-02, -1.7754e-02, -1.8666e-02, -1.1215e-01, +4.3544e-02, +1.0041e-02, +4.9685e-03, +2.8157e-03, -2.9764e-02, +3.7574e-02, +4.0619e-02, -8.3568e-02, -1.0000e+00, -5.4558e-02, +1.2343e-02, -5.1638e-02, +3.6422e-01, -7.1977e-02, -1.0716e-01, +2.8086e-02, +1.6176e-03, +2.0039e-02, +5.5273e-02, +1.8216e-01, -3.0154e-02, +5.6775e-02, +5.1656e-02, +1.5674e-02, +2.4561e-01, -6.4421e-02, +6.1301e-02
+2.5504e-02, +4.8922e-02, -3.5524e-02, +7.8147e-03, -3.5318e-02, +3.6594e-03, -1.5419e-02, +2.4959e-02, -6.8769e-02, -4.9185e-02, +2.0263e-02, -1.0328e-01, +4.1623e-02, +1.0142e-02, +9.7838e-03, -5.7294e-02, +7.5109e-02, -1.2958e-02, +7.2379e-02, -1.3785e-01, -5.5102e-02, -2.4746e-02, +2.9971e-02, +5.9924e-02, -4.4913e-02, -4.7349e-03, -3.4084e-03, +1.1880e-02, +4.9879e-02, +8.2756e-03, +1.0023e-02, -5.4558e-02, -1.0000e+00, -8.2755e-02, +7.6006e-02, +1.7902e-01, +1.2086e-01, -3.5005e-02, +3.7252e-03, -6.1860e-02, -2.3591e-02, -1.0387e-02, -5.7746e-02, +1.4199e-02, -1.2521e-01, +1.3068e-02, -1.2194e-02, +2.2797e-01, +8.4158e-02, -4.8560e-02
+4.7618e-02, -4.7423e-03, -3.7170e-02, +1.3583e-02, -1.2950e-02, -3.7581e-02, -2.9417e-02, +9.6266e-03, -6.6033e-02, -2.7414e-02, -2.6135e-02, +1.5115e-02, +8.3076e-03, +3.3800e-02, +1.1891e-02, +3.0963e-02, +1.2553e-02, +8.3849e-04, +3.9222e-03, -2.1663e-02, -2.0455e-03, +3.7444e-02, +1.8191e-02, +2.6554e-03, -5.5439e-02, +2.8969e-02, +2.6122e-02, -2.9994e-02, -6.0674e-02, +5.8038e-03, -4.6242e-02, +1.2343e-02, -8.2755e-02, -1.0000e+00, -3.9794e-02, -4.4557e-02, -4.9142e-03, -4.1718e-02, -7.9332e-03, +2.1028e-02, -3.2178e-02, -2.3896e-02, -2.9844e-02, -6.6723e-02, -2.1272e-02, -1.2393e-03, -1.6266e-02, +1.6359e-02, +3.7939e-02, +2.3433e-02
+3.5887e-02, -2.2456e-04, +1.1152e-02, +2.3829e-02, +1.5279e-02, -7.9818e-03, -3.9023e-02, +3.9171e-02, -1.6316e-02, +2.4359e-02, +3.2372e-02, +5.9564e-02, +5.3278e-03, -5.5263e-04, +1.9224e-02, -2.3429e-02, -1.6112e-02, +9.5837e-03, +1.6843e-02, +3.1697e-02, +2.9405e-02, -2.4441e-02, -9.7400e-02, -1.0429e-01, -3.4773e-03, -4.0797e-02, -3.0282e-02, +2.3182e-03, -3.3025e-02, +1.3808e-02, +4.8409e-02, -5.1638e-02, +7.6006e-02, -3.9794e-02, -1.0000e+00, -4.4742e-02, -3.2672e-02, +5.3735e-03, +5.2544e-02, -6.5404e-02, -9.2114e-03, -2.7645e-02, +8.4015e-02, +3.5376e-02, +9.9649e-03, -3.0911e-02, -2.3300e-02, -1.0910e-01, -3.1140e-02, -2.1056e-02
+1.8001e-02, -8.8034e-03, -8.3110e-02, -1.7988e-02, +9.1066e-02, -3.6547e-02, -4.3720e-02, -5.1609e-03, +3.6583e-02, -1.8077e-01, -6.1540e-02, +3.6404e-01, -3.4736e-02, -7.0869e-02, +8.8393e-02, +8.3209e-02, +4.3734e-02, -7.4962e-03, +1.1161e-03, +1.8942e-02, -2.9308e-03, +4.6198e-03, -7.6957e-03, -2.1733e-02, +9.1650e-02, -2.2741e-02, -5.0884e-02, +3.7191e-02, +1.4841e-02, -4.7600e-02, +1.1378e-01, +3.6422e-01, +1.7902e-01, -4.4557e-02, -4.4742e-02, -1.0000e+00, +3.5695e-03, +8.5722e-02, -4.6381e-03, +1.6220e-02, -5.1428e-03, -3.7183e-02, -1.5185e-01, -6.1395e-02, +3.1322e-02, -3.6378e-02, +1.7594e-02, -6.7182e-01, -5.3590e-02, +8.4222e-02
+5.3527e-02, +2.7675e-02, -6.8090e-02, +9.4294e-02, -4.8887e-02, +1.2950e-01, +2.1289e-02, +4.3452e-02, -4.4017e-02, +5.2348e-02, +7.8799e-02, -7.1137e-02, +1.1583e-01, +3.3876e-02, +9.5578e-02, -2.3440e-02, -2.9145e-03, +1.9314e-02, +8.7427e-02, +5.7432e-02, +2.4023e-02, +4.8771e-02, +2.7166e-02, +6.3884e-02, -6.7346e-03, +1.5256e-01, +7.0356e-02, +4.9377e-02, +6.7918e-02, +3.2684e-02, +1.1894e-01, -7.1977e-02, +1.2086e-01, -4.9142e-03, -3.2672e-02, +3.5695e-03, -1.0000e+00, +7.6028e-02, -3.2014e-02, -1.2547e-03, +3.4432e-02, +2.0948e-02, -7.0908e-02, -1.4513e-02, +9.9563e-02, +1.5278e-02, +5.5033e-02, +1.2085e-01, +1.7935e-02, -1.7443e-02
+3.6550e-02, +1.2332e-02, -4.7013e-04, -4.3952e-02, +9.8715e-02, -3.3385e-02, -4.8273e-02, -1.5521e-02, +4.0199e-02, +1.3542e-02, -6.6970e-02, -4.8264e-03, -3.1464e-02, +4.6616e-02, -2.8927e-02, -4.0732e-02, -7.1602e-03, -2.1943e-02, +3.7116e-03, +2.5262e-02, -5.3718e-02, -2.5737e-02, -3.9777e-02, +7.0632e-03, -4.6954e-02, -4.3960e-02, -2.6531e-02, -3.4132e-02, -4.7117e-02, -1.4276e-02, -6.6997e-02, -1.0716e-01, -3.5005e-02, -4.1718e-02, +5.3735e-03, +8.5722e-02, +7.6028e-02, -1.0000e+00, -8.1737e-03, +3.1336e-02, +9.1908e-03, +4.3604e-02, +9.2492e-02, -1.6034e-02, +7.3568e-03, +3.7324e-02, -8.6703e-02, -3.5144e-02, -9.3259e-02, +1.3602e-02
-2.1248e-02, +3.2696e-02, -5.7155e-02, -4.8219e-02, -4.5216e-02, -3.0087e-03, -7.5256e-02, -2.4095e-02, +3.1950e-02, -1.2659e-02, +8.3535e-03, -9.3302e-02, +1.4768e-03, -9.9000e-03, -8.5201e-03, -2.6677e-02, +7.7686e-02, +2.1360e-02, -1.3900e-02, -1.9939e-02, +2.0772e-02, -1.7610e-03, +8.0636e-02, -5.0088e-02, +6.0400e-03, +7.4229e-02, -5.0427e-02, -1.2998e-02, -3.1285e-02, -1.1321e-02, +9.0372e-03, +2.8087e-02, +3.7252e-03, -7.9332e-03, +5.2544e-02, -4.6381e-03, -3.2014e-02, -8.1737e-03, -1.0000e+00, -2.0702e-02, +1.7335e-03, +2.7507e-02, -2.8563e-02, +9.7970e-04, +5.0344e-02, +3.4278e-03, -5.2347e-02, +1.2724e-01, -2.4451e-02, +6.5821e-02
+9.5762e-03, +4.3956e-04, -4.5489e-02, -4.6601e-02, -7.1705e-02, -2.0317e-02, -2.1660e-02, -3.2279e-02, -2.4140e-02, +2.2646e-02, +7.2136e-03, -1.6078e-02, -1.5158e-02, -7.0831e-03, -6.5354e-02, -2.3224e-02, +1.0569e-02, +3.0756e-02, -1.1242e-03, -1.1562e-01, -3.0253e-02, -3.5384e-02, -1.5678e-02, -1.7007e-02, +7.5723e-02, -5.4011e-02, -1.8683e-02, +4.5114e-03, -8.6709e-03, -1.4474e-02, +1.8280e-02, +1.6176e-03, -6.1860e-02, +2.1028e-02, -6.5404e-02, +1.6220e-02, -1.2547e-03, +3.1336e-02, -2.0702e-02, -1.0000e+00, +1.6019e-02, -2.9790e-02, -2.3469e-02, +4.6354e-02, +2.8787e-02, -5.8454e-02, -2.2685e-02, +4.8203e-02, -2.5436e-03, +1.2549e-01
+1.2919e-01, -3.1355e-02, -5.7131e-03, -1.5423e-02, -6.7709e-02, +5.4311e-02, -2.5754e-02, -4.9454e-02, +7.2572e-02, -2.9817e-02, -8.9561e-02, -8.1765e-03, -6.6003e-03, -4.4310e-02, -3.6340e-02, -2.0349e-02, +3.0527e-02, -3.6488e-02, +6.2291e-03, -2.9301e-02, -2.0260e-02, +3.8645e-02, +1.3461e-02, +3.1952e-02, -1.7528e-02, -1.1783e-02, -1.1025e-02, -2.7239e-02, +3.9577e-02, -9.4476e-03, -6.3345e-03, +2.0039e-02, -2.3591e-02, -3.2178e-02, -9.2114e-03, -5.1428e-03, +3.4432e-02, +9.1908e-03, +1.7335e-03, +1.6019e-02, -1.0000e+00, +1.7752e-02, +1.8566e-02, +4.5115e-02, -6.0193e-02, +3.7963e-03, +5.8041e-02, +5.4665e-03, +6.3563e-02, +1.1377e-02
+5.1052e-02, +1.6698e-02, +1.9949e-02, -2.1619e-02, -5.8030e-02, +1.9625e-02, -1.5973e-03, +7.3259e-03, +4.6602e-02, -4.3423e-02, -8.7806e-03, +3.0324e-02, -6.1025e-02, +4.0295e-03, -6.1427e-03, -1.3405e-02, +3.7859e-03, +2.4742e-03, -2.8631e-02, +4.7374e-02, -3.2865e-03, -4.2848e-02, +2.7502e-02, -6.5725e-04, +4.3544e-02, -4.4207e-03, -3.2181e-03, +2.3613e-02, +4.8309e-02, +5.1486e-02, -4.1056e-03, +5.5273e-02, -1.0387e-02, -2.3896e-02, -2.7645e-02, -3.7183e-02, +2.0948e-02, +4.3604e-02, +2.7507e-02, -2.9790e-02, +1.7752e-02, -1.0000e+00, +1.5051e-02, +1.8963e-02, -6.1385e-02, +1.1623e-02, -2.6929e-02, -1.1178e-01, -6.4952e-02, -1.1390e-02
-1.1167e-01, -5.4837e-02, +3.7734e-02, -1.3619e-03, -6.8486e-02, -5.4304e-04, +1.1781e-01, +3.8658e-02, -8.8986e-02, +4.1623e-02, +6.0610e-02, +1.0525e-01, +3.5893e-02, -3.4579e-02, -4.1647e-02, +3.1446e-02, -1.0927e-02, +1.0861e-02, +1.1191e-01, -3.5954e-02, -5.6555e-03, +6.9490e-02, +5.1529e-02, +2.6344e-02, -2.4855e-02, +1.1910e-01, +1.0163e-01, +1.2043e-02, +7.3386e-02, -1.8351e-02, -1.4249e-02, +1.8216e-01, -5.7746e-02, -2.9844e-02, +8.4015e-02, -1.5185e-01, -7.0908e-02, +9.2492e-02, -2.8563e-02, -2.3469e-02, +1.8566e-02, +1.5051e-02, -1.0000e+00, -1.7477e-02, +1.4897e-01, -7.5890e-03, +7.1807e-02, +2.4297e-01, +1.1134e-01, +7.2228e-02
+1.6274e-03, +3.7269e-03, -8.2107e-02, +1.5824e-02, +6.5590e-02, -1.5389e-03, +7.3123e-02, +2.7918e-02, +2.7591e-02, -6.7194e-03, +4.8586e-02, +9.7990e-02, -1.1193e-02, +2.4799e-02, +1.8965e-02, -3.7368e-02, -3.6015e-02, -1.5606e-02, +9.9461e-03, -3.2072e-02, +5.3728e-02, -9.2202e-03, -3.4003e-02, +1.9961e-02, -1.7778e-02, -1.2082e-02, +2.2435e-02, +9.8739e-03, -1.1683e-02, -1.8626e-02, +4.3023e-02, -3.0154e-02, +1.4199e-02, -6.6723e-02, +3.5376e-02, -6.1395e-02, -1.4513e-02, -1.6034e-02, +9.7971e-04, +4.6354e-02, +4.5115e-02, +1.8963e-02, -1.7477e-02, -1.0000e+00, -8.8077e-03, +3.7464e-02, +1.2693e-02, -2.0676e-02, +5.0160e-02, +4.3520e-03
+7.2965e-02, +8.4071e-03, +1.3798e-01, -2.9390e-02, +1.3030e-03, -1.1217e-02, -8.3413e-02, -5.7213e-02, +6.3515e-02, -2.9508e-02, -1.1953e-01, +5.4282e-03, -6.1404e-02, -3.6083e-02, -1.4680e-02, -6.8091e-02, +1.3061e-01, -7.3975e-04, -8.8401e-02, +1.8014e-02, +2.6590e-02, -5.6552e-02, +1.0059e-01, -8.9010e-02, -6.8087e-02, -1.5480e-01, -6.3438e-02, -1.9861e-02, -5.6126e-02, -1.0354e-02, -9.8087e-02, +5.6775e-02, -1.2521e-01, -2.1272e-02, +9.9649e-03, +3.1322e-02, +9.9563e-02, +7.3568e-03, +5.0344e-02, +2.8787e-02, -6.0193e-02, -6.1385e-02, +1.4897e-01, -8.8077e-03, -1.0000e+00, -1.4581e-02, -5.8149e-02, -1.3419e-01, -1.0613e-01, -9.0382e-02
-1.9978e-02, -6.0804e-02, -6.2844e-02, -2.1778e-02, +2.8749e-03, -2.3338e-02, -1.0606e-01, +1.7414e-02, -5.6326e-02, +8.3284e-03, +3.8206e-02, -1.6774e-02, +4.5376e-02, -1.5108e-02, -3.2092e-02, +8.6544e-02, +6.3988e-02, -5.2476e-03, -2.5458e-02, +1.6039e-02, -2.4090e-02, +1.8718e-02, +1.6755e-02, -5.4593e-02, +1.5353e-02, +6.8917e-03, -4.5836e-02, -5.5024e-02, -3.9804e-02, -2.2472e-02, -2.6678e-02, +5.1656e-02, +1.3068e-02, -1.2393e-03, -3.0911e-02, -3.6378e-02, +1.5278e-02, +3.7324e-02, +3.4278e-03, -5.8454e-02, +3.7963e-03, +1.1623e-02, -7.5890e-03, +3.7464e-02, -1.4581e-02, -1.0000e+00, -1.0163e-02, -1.9887e-03, -6.0166e-02, +7.3530e-02
+1.0642e-02, -1.5094e-03, +5.2923e-02, +1.4080e-02, +1.0271e-01, -1.6374e-01, -6.8305e-02, -1.3467e-02, +4.7333e-02, -6.3929e-02, -9.3790e-02, +6.3219e-02, -7.7632e-02, -3.0036e-02, +4.7426e-03, -3.5810e-03, +9.0821e-03, -2.7658e-02, -1.1615e-01, +2.7859e-02, -2.1461e-02, -2.7293e-02, -7.0681e-03, -7.6981e-02, -3.7601e-02, -9.6668e-02, -1.6383e-01, -9.7826e-02, -1.0582e-01, -8.8319e-02, -1.0091e-01, +1.5674e-02, -1.2194e-02, -1.6266e-02, -2.3300e-02, +1.7594e-02, +5.5033e-02, -8.6703e-02, -5.2347e-02, -2.2685e-02, +5.8041e-02, -2.6929e-02, +7.1807e-02, +1.2693e-02, -5.8149e-02, -1.0163e-02, -1.0000e+00, -3.2833e-02, +1.4327e-02, +6.7763e-02
+2.3832e-01, +3.2040e-02, +8.9631e-02, -2.7828e-03, +1.5880e-01, -2.3255e-02, -1.0046e-01, -4.3120e-02, +1.5207e-01, -3.9054e-02, -4.2279e-02, +4.3598e-01, -1.0507e-01, +6.0507e-03, +1.4783e-01, +9.0574e-03, -1.3510e-01, +1.1272e-03, -2.0696e-02, +3.7359e-02, -9.3538e-03, -1.6571e-01, -5.6704e-02, -6.0679e-02, +1.1935e-01, -2.3757e-01, -1.4210e-01, +5.1171e-02, +2.5827e-02, -1.9385e-02, +9.0587e-02, +2.4561e-01, +2.2797e-01, +1.6359e-02, -1.0910e-01, -6.7182e-01, +1.2085e-01, -3.5144e-02, +1.2724e-01, +4.8203e-02, +5.4665e-03, -1.1178e-01, +2.4297e-01, -2.0676e-02, -1.3419e-01, -1.9887e-03, -3.2833e-02, -1.0000e+00, -3.2600e-01, -6.6233e-02
+1.0157e-01, -9.6007e-03, -7.4375e-02, -5.6683e-03, +4.2804e-02, -3.2623e-03, +1.0509e-02, -4.2839e-02, +5.4007e-02, +5.9175e-02, +4.0856e-02, +1.0347e-01, -5.9526e-02, -2.8062e-02, +5.4041e-02, -8.6294e-02, +9.6966e-02, -6.1224e-02, +5.8555e-03, -4.2606e-02, -5.2495e-03, -1.2253e-01, -1.7010e-01, -2.5004e-02, +8.2681e-02, -1.5871e-01, -1.0950e-01, +6.1487e-02, +3.0489e-02, +1.0392e-02, +2.4175e-02, -6.4421e-02, +8.4158e-02, +3.7939e-02, -3.1140e-02, -5.3590e-02, +1.7935e-02, -9.3259e-02, -2.4451e-02, -2.5436e-03, +6.3563e-02, -6.4952e-02, +1.1134e-01, +5.0160e-02, -1.0613e-01, -6.0166e-02, +1.4327e-02, -3.2600e-01, -1.0000e+00, -7.8288e-02
+9.6363e-02, -7.7673e-03, +6.4067e-02, +2.7963e-02, +5.7747e-02, +8.4886e-02, -2.7148e-02, -8.0750e-03, +5.7429e-02, +2.6918e-02, +4.4352e-02, -3.2763e-02, +1.5320e-02, +1.3834e-02, +6.5527e-02, -3.4360e-02, -4.4785e-02, +4.2174e-02, +3.7214e-02, +7.6649e-02, +4.1964e-04, +1.0119e-02, +4.1688e-02, -8.7843e-03, -2.3212e-02, -1.5513e-02, +1.8507e-02, -3.5363e-02, +9.4630e-02, +3.5768e-02, -2.1676e-02, +6.1301e-02, -4.8560e-02, +2.3433e-02, -2.1056e-02, +8.4222e-02, -1.7443e-02, +1.3602e-02, +6.5821e-02, +1.2549e-01, +1.1377e-02, -1.1390e-02, +7.2228e-02, +4.3520e-03, -9.0382e-02, +7.3530e-02, +6.7763e-02, -6.6233e-02, -7.8288e-02, -1.0000e+00
