-1.0000e+00, +7.5057e-02, -6.4850e-02, -1.0127e-01, -3.7952e-02, +1.5192e-02, +2.0021e-03, +3.0592e-02, -6.9206e-02, +6.0718e-03, -1.1887e-01, -3.8609e-02, +1.1254e-01, -8.5047e-02, -7.7921e-02, -1.7801e-03, +3.5171e-03, -4.6504e-02, -4.0680e-02, -1.5555e-01, +3.5228e-02, -1.1090e-02, +1.3699e-01, +3.2896e-02, -2.6144e-02, -1.5597e-01, +4.9931e-02, -6.2547e-02, -1.1387e-01, -1.3996e-01, -9.3833e-02, -4.0645e-02, -5.6474e-03, -3.7243e-02, -4.2126e-02, +9.8628e-02, +9.1043e-02, -1.2457e-01, -7.2562e-02, -6.0599e-02, +1.3052e-02, -3.4218e-02, +1.5376e-02, +8.8492e-02, +8.4003e-03, +6.4209e-02, -1.8434e-01, +3.0165e-01, -7.7043e-02, +1.0261e-02
+7.5057e-02, -1.0000e+00, +1.0243e-01, -5.2294e-02, -6.1215e-02, -8.9043e-03, +5.7170e-02, +1.3094e-01, +9.7361e-02, +1.1517e-01, +1.0581e-01, +1.1391e-01, -3.9866e-02, -6.5547e-02, +3.7069e-02, +4.3998e-02, -4.5195e-04, +6.0653e-02, -8.7931e-03, +6.7460e-02, +8.4022e-02, +1.5296e-02, -2.0378e-02, +1.9766e-02, +4.8992e-02, -2.1919e-01, +1.3886e-02, +1.3693e-01, +1.2002e-02, -2.5700e-02, +1.6881e-02, -4.2480e-02, +1.0468e-01, +5.8021e-03, +5.2848e-02, +3.3679e-02, -1.0745e-01, +1.6502e-01, +1.2330e-02, +5.5279e-02, -2.6535e-02, -6.9822e-02, +1.2828e-02, -6.0276e-02, +1.3714e-02, +6.1218e-02, +6.7127e-02, -8.0208e-02, -4.5370e-02, +2.6660e-02
-6.4850e-02, +1.0243e-01, -1.0000e+00, -1.2167e-01, -4.9196e-03, -1.1414e-01, -1.1512e-01, -1.4445e-02, +1.6233e-02, +9.0928e-02, -1.1503e-01, -2.4921e-01, -1.6044e-01, +2.4645e-01, -3.0710e-02, +7.3217e-02, +3.9472e-02, +6.1225e-02, -8.3906e-02, -3.0166e-01, +7.9624e-02, -1.7785e-01, +2.3241e-02, -1.6862e-01, -1.4650e-01, -1.5911e-01, -8.1441e-02, -1.6732e-01, -6.2207e-02, -1.4822e-02, -7.8062e-02, +3.9430e-02, -1.0826e-01, +8.8930e-03, -9.1318e-02, +1.5690e-02, +2.7278e-01, -2.7229e-01, +8.9746e-02, -1.2449e-01, -1.1145e-01, -4.1089e-02, -9.0108e-02, -9.6659e-02, -1.0775e-01, -5.1574e-02, -1.5800e-01, -8.4027e-02, -1.7514e-01, +1.5609e-02
-1.0127e-01, -5.2294e-02, -1.2167e-01, -1.0000e+00, -6.9169e-02, -1.3252e-01, -9.2822e-02, -3.7548e-02, +3.1187e-02, +2.1309e-01, -1.4873e-01, -1.3363e-01, -9.6033e-02, +1.0351e-01, +2.6741e-02, +2.3365e-02, -1.9427e-02, +6.5147e-02, +1.5295e-02, -2.3242e-01, +5.9014e-02, -4.8400e-02, +3.2687e-01, -8.4268e-02, -8.3977e-02, -2.4359e-01, -8.9377e-02, -1.2724e-01, -1.4664e-01, -1.3595e-01, -6.4630e-02, +2.0365e-02, +2.5521e-02, -2.1041e-02, +1.5952e-02, +2.5469e-02, +1.0226e-01, -1.8593e-01, -4.8029e-02, -1.1090e-01, -1.2389e-01, -4.5280e-02, -7.7482e-02, +3.1750e-03, -9.7886e-02, -6.3490e-03, -1.8359e-01, -1.7037e-02, -1.1247e-01, +4.5139e-02
-3.7952e-02, -6.1215e-02, -4.9196e-03, -6.9169e-02, -1.0000e+00, -1.1409e-02, -4.8240e-02, +7.2852e-02, +1.3031e-01, +8.2416e-02, -8.7868e-02, +6.6865e-02, +6.3707e-02, +8.0339e-05, -1.3608e-01, +4.3332e-02, +3.7154e-02, +7.0917e-02, -1.4074e-01, -2.4642e-01, +7.1075e-02, +6.7244e-02, +1.1070e-01, -9.5219e-02, -6.8567e-02, +2.4589e-02, -8.9176e-02, -1.5650e-01, -1.9188e-01, -8.6433e-02, -1.2077e-01, +5.7241e-02, -3.5484e-02, -1.0193e-01, +2.4532e-02, +1.0340e-02, -5.4616e-04, -7.5431e-02, -4.0186e-02, -3.6216e-02, -5.8058e-02, -8.3302e-02, -1.3513e-02, +1.4668e-01, -9.1820e-02, -3.5798e-02, -5.1580e-02, +2.6956e-01, -1.3720e-01, +1.9517e-02
+1.5192e-02, -8.9043e-03, -1.1414e-01, -1.3252e-01, -1.1409e-02, -1.0000e+00, -9.2075e-03, +3.5336e-02, -3.5221e-02, +1.2109e-01, -1.5044e-01, -1.0743e-01, -7.2511e-02, +7.8198e-02, -1.6840e-01, +1.0505e-01, -1.0745e-02, +2.5163e-02, -1.8649e-01, -9.5448e-02, +2.6144e-03, +1.8334e-02, +1.0373e-01, -1.6153e-01, -7.4470e-02, -1.6472e-01, -1.4055e-01, -1.2163e-01, -2.8761e-03, -1.1763e-02, -1.9857e-01, +2.9206e-02, +3.5009e-02, -5.9353e-02, +5.3011e-02, -9.0999e-02, +1.8653e-01, -1.9067e-01, -5.8432e-03, -6.1773e-02, -1.6512e-01, -5.4322e-02, +2.0915e-02, -1.2694e-01, -1.6060e-02, +1.0799e-02, -2.1988e-01, -3.7169e-02, -1.4241e-01, +8.2314e-02
+2.0021e-03, +5.7170e-02, -1.1512e-01, -9.2822e-02, -4.8240e-02, -9.2075e-03, -1.0000e+00, -7.0418e-02, -1.1246e-02, +1.1120e-02, -3.7837e-02, -1.0944e-01, +3.4701e-02, +5.3877e-02, -7.8693e-03, +8.6335e-02, +4.8358e-02, +3.8323e-02, -9.8098e-02, -6.6397e-02, +5.4186e-02, -2.1460e-02, +8.6496e-02, -3.2125e-02, -6.1003e-02, -5.6335e-02, -7.1431e-02, -2.2714e-02, +5.8837e-02, -1.3783e-01, -7.7182e-03, +9.4566e-02, +1.1050e-02, -2.3344e-02, +8.7365e-02, +1.1596e-02, +1.5920e-01, -9.7370e-02, +4.2006e-02, -2.7480e-02, -1.2587e-01, -1.0264e-01, -9.6634e-02, -2.0700e-02, -2.5368e-02, +3.6862e-02, -2.5865e-02, -1.5044e-01, -4.8290e-02, -4.2072e-03
+3.0592e-02, +1.3094e-01, -1.4445e-02, -3.7548e-02, +7.2852e-02, +3.5336e-02, -7.0418e-02, -1.0000e+00, -8.1197e-02, +8.2483e-02, +1.4869e-03, -1.8016e-01, -4.2374e-02, -4.3479e-02, +4.2268e-02, +1.7147e-02, +5.7244e-02, -3.1029e-02, +3.3439e-02, +6.6469e-02, +3.7550e-02, -7.4171e-02, +6.0588e-02, -2.0017e-02, -1.0627e-02, +3.8930e-02, -6.4880e-02, +4.5203e-02, +2.0027e-02, -1.1277e-01, +7.0718e-02, -5.7919e-02, +1.4745e-01, -6.1038e-04, +3.4748e-02, +8.0223e-02, -6.7970e-03, -4.2076e-03, -6.1976e-02, +8.3847e-02, -1.7894e-02, -6.5626e-03, +2.8972e-02, +8.2463e-02, +5.8387e-03, +1.0025e-01, -4.1720e-02, -1.7360e-01, +3.8723e-02, -3.7412e-02
-6.9206e-02, +9.7361e-02, +1.6233e-02, +3.1187e-02, +1.3031e-01, -3.5221e-02, -1.1246e-02, -8.1197e-02, -1.0000e+00, +6.5447e-03, -2.3022e-02, -3.5605e-02, -4.8091e-03, -2.1772e-02, -8.1367e-02, +2.8703e-02, -5.6316e-02, -3.0178e-02, +3.0337e-03, -6.5957e-02, -4.9560e-02, -7.5458e-02, -1.6876e-02, -5.5445e-03, +2.3939e-04, -1.0154e-04, +6.4294e-03, -4.3898e-02, +3.3893e-02, -4.3148e-03, -1.3143e-01, -2.3176e-02, -1.8979e-03, -3.6051e-03, +5.2203e-02, -4.3521e-04, +1.5773e-01, -1.3986e-01, -6.7442e-02, +3.6883e-02, -7.5808e-02, -2.6517e-02, -1.2718e-02, -8.8552e-02, +3.3987e-02, +1.6481e-02, -1.4741e-01, +1.0475e-01, -4.4439e-02, -4.7586e-02
+6.0718e-03, +1.1517e-01, +9.0928e-02, +2.1309e-01, +8.2416e-02, +1.2109e-01, +1.1120e-02, +8.2483e-02, +6.5447e-03, -1.0000e+00, -6.8865e-02, +1.3095e-01, +1.5186e-01, +2.5663e-02, +1.3000e-01, -5.7818e-02, +1.0499e-01, +1.1264e-01, +3.5307e-02, +2.2592e-01, -6.1666e-02, +1.1700e-01, +1.1815e-01, -5.4841e-02, +1.6466e-02, +3.5044e-02, +3.2393e-02, +8.2342e-02, +4.7820e-02, -3.3277e-02, -5.9875e-02, +5.9212e-02, +6.0130e-02, -6.8054e-02, +3.8960e-02, -4.0004e-03, +1.9162e-01, +1.8272e-01, +1.6571e-01, -5.2310e-02, +1.4017e-01, +3.0992e-02, -1.2542e-02, -2.1715e-01, -3.8441e-02, +9.3827e-02, +2.7261e-01, +4.6202e-02, +3.5002e-01, +1.9461e-02
-1.1887e-01, +1.0581e-01, -1.1503e-01, -1.4873e-01, -8.7868e-02, -1.5044e-01, -3.7837e-02, +1.4868e-03, -2.3022e-02, -6.8865e-02, -1.0000e+00, -1.8085e-01, -3.0484e-03, +1.2437e-01, -1.8785e-01, +1.6054e-01, +4.8612e-03, -1.6456e-02, -9.2566e-02, -1.9350e-01, +2.5481e-02, -2.2435e-02, +1.0341e-01, -6.1378e-02, -9.8016e-02, -1.1312e-01, -1.4065e-01, -1.6037e-01, -1.1553e-01, -1.1623e-01, -2.7040e-01, +2.6513e-02, +9.6318e-02, -6.7110e-02, -7.4955e-02, +2.1644e-02, +3.7089e-01, -2.4818e-01, +2.0591e-03, -4.0610e-02, -1.0939e-01, -8.7280e-02, +3.1470e-02, +7.8285e-02, -1.1405e-01, +1.0964e-01, -2.2600e-01, +7.3978e-02, -7.7794e-02, +7.3401e-02
-3.8609e-02, +1.1391e-01, -2.4921e-01, -1.3363e-01, +6.6865e-02, -1.0743e-01, -1.0944e-01, -1.8016e-01, -3.5605e-02, +1.3095e-01, -1.8085e-01, -1.0000e+00, -1.0421e-01, +1.4229e-01, +2.0859e-02, +8.8982e-02, +9.6647e-04, -8.6029e-02, -2.5304e-02, -4.7137e-02, +6.8572e-02, +3.2271e-02, +1.9403e-01, +2.3407e-02, -8.2493e-02, -6.3846e-02, -4.8889e-02, -8.0022e-02, -3.9230e-02, -1.0015e-01, +5.0024e-02, -7.4610e-02, +1.1075e-01, +5.5412e-02, -2.6607e-02, +6.0674e-03, +1.8288e-01, -7.2476e-02, -9.9178e-03, +3.4502e-03, -3.1870e-02, -9.5066e-03, +2.9476e-02, +8.6613e-02, -8.9341e-02, +6.0737e-02, -5.0725e-02, -3.3232e-01, -5.9301e-02, +1.3517e-02
+1.1254e-01, -3.9866e-02, -1.6044e-01, -9.6033e-02, +6.3707e-02, -7.2511e-02, +3.4701e-02, -4.2374e-02, -4.8091e-03, +1.5186e-01, -3.0484e-03, -1.0421e-01, -1.0000e+00, +1.7760e-01, +7.0843e-02, +1.1617e-01, +8.1699e-02, -4.1367e-02, -6.1915e-02, +5.5930e-03, -1.1530e-01, -1.9526e-02, +1.8520e-01, -1.8536e-02, +4.1288e-02, +8.1350e-02, +2.4132e-02, -3.4615e-02, +5.2193e-02, -5.7324e-02, -8.4983e-02, +2.1346e-02, -7.4966e-02, +4.8284e-02, -7.9933e-02, -6.3745e-03, +7.7907e-02, +2.2230e-02, -2.6010e-02, -4.8757e-02, -4.6945e-02, -4.0532e-02, +5.5017e-03, -6.8128e-02, +4.6094e-02, -3.9590e-02, +2.7170e-02, -1.8344e-01, -1.2441e-01, -8.2270e-02
-8.5047e-02, -6.5547e-02, +2.4645e-01, +1.0351e-01, +8.0326e-05, +7.8198e-02, +5.3877e-02, -4.3479e-02, -2.1772e-02, +2.5663e-02, +1.2437e-01, +1.4229e-01, +1.7760e-01, -1.0000e+00, +7.3556e-02, -8.3809e-02, -1.4485e-02, -5.3056e-02, +9.5236e-02, +4.4217e-02, +3.5668e-01, +6.2813e-02, +6.6531e-02, +6.1671e-02, +1.1954e-01, +1.6205e-02, +1.1188e-01, +8.1855e-02, -1.3467e-02, -6.1445e-03, +9.2919e-02, -1.0657e-01, +3.6538e-01, +1.5680e-02, +2.2189e-01, +7.5474e-02, -1.4023e-01, +9.9816e-02, -2.1378e-02, +1.2559e-01, +2.5953e-02, +2.8665e-02, -3.7409e-02, +8.5865e-02, +3.0041e-01, +1.0497e-01, +7.2377e-02, +1.1332e-01, +7.6708e-02, +1.1643e-02
-7.7921e-02, +3.7069e-02, -3.0710e-02, +2.6741e-02, -1.3608e-01, -1.6840e-01, -7.8693e-03, +4.2268e-02, -8.1367e-02, +1.3000e-01, -1.8785e-01, +2.0859e-02, +7.0843e-02, +7.3556e-02, -1.0000e+00, +4.1157e-02, -6.3632e-02, +3.4147e-02, -1.7954e-01, -3.4507e-01, +5.0702e-02, -8.7665e-02, -2.0632e-01, -1.9354e-01, -9.9491e-02, +1.7521e-02, -1.3951e-01, -1.3134e-01, -4.1676e-02, -1.6666e-02, -2.3458e-01, -1.1041e-03, -8.6712e-02, -8.4336e-02, -8.2043e-03, +4.0722e-02, +2.5501e-01, -2.7010e-01, -4.9890e-02, +2.6102e-02, -1.9792e-01, -1.3269e-02, -7.8726e-03, -1.0736e-01, -7.4787e-02, -2.5120e-02, -2.3910e-01, +2.7571e-01, -8.6483e-02, +1.1008e-01
-1.7801e-03, +4.3998e-02, +7.3217e-02, +2.3365e-02, +4.3332e-02, +1.0505e-01, +8.6335e-02, +1.7147e-02, +2.8703e-02, -5.7818e-02, +1.6054e-01, +8.8983e-02, +1.1617e-01, -8.3809e-02, +4.1157e-02, -1.0000e+00, -1.2193e-01, +1.3221e-01, +1.5892e-01, -2.2487e-03, +7.7807e-02, -6.6762e-02, -1.0107e-01, +6.5016e-02, +1.0151e-02, +9.6261e-02, +4.7890e-02, +5.0365e-03, -7.5653e-02, +1.7272e-01, +1.8360e-01, -2.0874e-02, -8.8205e-02, -1.3173e-01, -5.1883e-02, +2.6704e-02, -1.6043e-01, +1.5912e-01, +2.7941e-02, -2.2930e-02, +1.0988e-01, +1.6919e-02, -1.3969e-01, -5.3192e-02, +3.9664e-03, -1.2297e-02, +7.2045e-02, -1.6795e-03, +1.0624e-01, +3.8507e-02
+3.5171e-03, -4.5196e-04, +3.9472e-02, -1.9427e-02, +3.7154e-02, -1.0745e-02, +4.8358e-02, +5.7244e-02, -5.6316e-02, +1.0499e-01, +4.8612e-03, +9.6647e-04, +8.1699e-02, -1.4485e-02, -6.3632e-02, -1.2193e-01, -1.0000e+00, -1.7555e-02, +8.6505e-02, +1.8754e-01, -5.1981e-02, -1.3827e-02, +4.2060e-02, +3.1288e-02, -1.0270e-03, -2.2184e-02, +5.1480e-02, +2.2471e-02, +7.5451e-02, +7.7022e-02, +7.8664e-02, +5.1155e-02, +7.5908e-03, -1.3390e-02, -5.0169e-02, +3.4011e-04, +5.5051e-02, +2.3565e-02, +4.7340e-02, -1.0859e-01, +1.1401e-02, +2.6452e-02, -1.4314e-03, -7.9925e-02, -8.3249e-02, -6.3350e-03, +3.5786e-02, +3.7233e-02, +8.1035e-02, -1.6671e-03
-4.6504e-02, +6.0653e-02, +6.1225e-02, +6.5147e-02, +7.0917e-02, +2.5163e-02, +3.8323e-02, -3.1029e-02, -3.0178e-02, +1.1264e-01, -1.6456e-02, -8.6029e-02, -4.1367e-02, -5.3056e-02, +3.4147e-02, +1.3221e-01, -1.7555e-02, -1.0000e+00, +6.8028e-02, +2.2543e-01, -7.3730e-02, +1.1130e-01, +1.0493e-01, +7.5412e-02, +1.0664e-01, +1.0696e-01, +9.5116e-02, +8.1801e-02, +7.5547e-02, -2.8471e-02, +4.9226e-02, -3.0276e-02, -5.0471e-02, +8.5588e-02, -1.8652e-02, +9.8193e-03, -1.6262e-01, +1.3068e-01, -3.0783e-02, +8.3493e-02, +1.2925e-01, -1.7194e-02, +6.0931e-02, +2.4716e-01, +1.1538e-01, +7.1388e-02, +7.9556e-02, +3.8751e-02, +5.0275e-02, -6.7727e-02
-4.0680e-02, -8.7931e-03, -8.3906e-02, +1.5295e-02, -1.4074e-01, -1.8649e-01, -9.8098e-02, +3.3439e-02, +3.0337e-03, +3.5307e-02, -9.2566e-02, -2.5304e-02, -6.1915e-02, +9.5236e-02, -1.7954e-01, +1.5892e-01, +8.6505e-02, +6.8028e-02, -1.0000e+00, -2.1960e-01, -1.4267e-02, -6.3568e-02, +1.5202e-02, -2.9009e-01, -9.1208e-02, -2.1079e-01, -6.3747e-02, -1.0716e-01, +7.7918e-02, -1.8546e-01, -1.2122e-01, +1.0755e-01, -3.2573e-02, -3.9252e-02, +2.7220e-02, +8.2350e-03, +3.0993e-01, -2.5833e-01, -1.0730e-01, -5.0847e-02, -1.4554e-01, -2.7858e-03, +5.5697e-02, -8.8071e-02, -1.8588e-02, +9.3195e-02, -2.3478e-01, +3.7521e-02, -1.4956e-01, +8.4013e-02
-1.5555e-01, +6.7460e-02, -3.0166e-01, -2.3242e-01, -2.4642e-01, -9.5448e-02, -6.6397e-02, +6.6469e-02, -6.5957e-02, +2.2592e-01, -1.9350e-01, -4.7137e-02, +5.5930e-03, +4.4217e-02, -3.4507e-01, -2.2487e-03, +1.8754e-01, +2.2543e-01, -2.1960e-01, -1.0000e+00, +1.3802e-01, -3.6756e-01, -5.8426e-02, -2.4213e-01, -2.4275e-01, -1.9723e-01, -9.6640e-02, -3.7333e-01, -2.1492e-01, -7.7515e-02, -2.6159e-01, -2.1298e-01, -8.9676e-02, -1.7940e-01, -5.6682e-02, +9.2343e-02, +3.0758e-01, -4.9592e-01, -2.1442e-01, -1.2487e-01, -2.6560e-01, -5.1386e-02, -1.1497e-01, -1.4759e-01, -1.2543e-01, -7.7880e-02, -4.4033e-01, +4.1554e-01, -2.4097e-01, +7.7010e-02
+3.5229e-02, +8.4022e-02, +7.9624e-02, +5.9014e-02, +7.1075e-02, +2.6144e-03, +5.4186e-02, +3.7550e-02, -4.9560e-02, -6.1666e-02, +2.5481e-02, +6.8572e-02, -1.1530e-01, +3.5668e-01, +5.0702e-02, +7.7807e-02, -5.1981e-02, -7.3730e-02, -1.4267e-02, +1.3802e-01, -1.0000e+00, +1.2162e-01, +1.6599e-02, +3.7040e-02, +8.9380e-02, +1.1596e-01, +3.9074e-02, +2.9349e-02, +6.0144e-02, +8.3695e-02, -8.3356e-02, +1.2702e-01, -1.6818e-01, +8.5722e-03, -1.0243e-01, +1.6666e-02, -7.8465e-02, -3.3638e-03, -4.3000e-03, -4.1667e-02, +4.8473e-02, +4.0081e-01, +2.8927e-02, +6.2969e-02, +6.3685e-02, -1.9172e-01, +5.2464e-02, +1.0670e-01, +3.8995e-03, -7.7298e-02
-1.1090e-02, +1.5296e-02, -1.7785e-01, -4.8400e-02, +6.7244e-02, +1.8334e-02, -2.1460e-02, -7.4171e-02, -7.5458e-02, +1.1700e-01, -2.2435e-02, +3.2271e-02, -1.9526e-02, +6.2813e-02, -8.7665e-02, -6.6762e-02, -1.3827e-02, +1.1130e-01, -6.3568e-02, -3.6756e-01, +1.2162e-01, -1.0000e+00, -2.1862e-01, -1.3605e-01, -1.1743e-01, -1.6669e-01, -6.4988e-02, -1.1400e-01, -6.7358e-02, -1.1451e-01, -4.4638e-02, -2.6098e-01, +5.8499e-02, -1.6173e-01, -8.5417e-02, +1.0026e-01, +1.3145e-01, -1.9877e-01, -3.2615e-02, -5.0821e-02, -5.3633e-02, -1.1090e-01, -8.6087e-02, -1.5857e-01, -4.8437e-02, +5.6879e-02, -2.5991e-01, +6.4427e-02, -5.5589e-02, +8.7727e-02
+1.3699e-01, -2.0378e-02, +2.3241e-02, +3.2687e-01, +1.1070e-01, +1.0373e-01, +8.6496e-02, +6.0588e-02, -1.6876e-02, +1.1815e-01, +1.0341e-01, +1.9403e-01, +1.8520e-01, +6.6531e-02, -2.0632e-01, -1.0107e-01, +4.2060e-02, +1.0493e-01, +1.5203e-02, -5.8426e-02, +1.6599e-02, -2.1862e-01, -1.0000e+00, +1.2005e-01, +5.3134e-02, +8.3056e-02, +1.5826e-03, +3.3209e-02, +1.4214e-01, +1.8596e-01, +6.4489e-02, -1.2882e-01, -2.1037e-02, -3.0448e-02, -4.4725e-02, -4.1574e-02, -1.1459e-02, -2.6190e-02, +5.7919e-02, +2.2136e-01, -3.1285e-02, +4.2469e-02, -4.0391e-02, -9.6367e-02, +1.8492e-01, -3.5238e-02, -8.1737e-02, -2.5155e-02, -3.3523e-02, +3.3370e-02
+3.2896e-02, +1.9766e-02, -1.6862e-01, -8.4268e-02, -9.5219e-02, -1.6153e-01, -3.2125e-02, -2.0017e-02, -5.5445e-03, -5.4841e-02, -6.1378e-02, +2.3407e-02, -1.8536e-02, +6.1671e-02, -1.9354e-01, +6.5016e-02, +3.1288e-02, +7.5412e-02, -2.9009e-01, -2.4213e-01, +3.7040e-02, -1.3605e-01, +1.2005e-01, -1.0000e+00, -7.6947e-02, -2.2398e-01, -2.2010e-01, -1.8894e-01, -1.0621e-01, -1.4057e-01, -1.3206e-01, -9.2563e-03, -1.0040e-02, -1.2466e-01, +3.8899e-02, -2.0520e-02, +2.5769e-01, -2.6225e-01, +3.5560e-02, -1.0800e-01, -6.3338e-02, +1.8412e-03, +6.9037e-03, -1.4767e-01, -1.0340e-01, +1.2923e-02, -2.8945e-01, +1.2493e-01, -1.4260e-01, +1.2300e-01
-2.6144e-02, +4.8992e-02, -1.4650e-01, -8.3977e-02, -6.8567e-02, -7.4470e-02, -6.1003e-02, -1.0627e-02, +2.3939e-04, +1.6466e-02, -9.8016e-02, -8.2493e-02, +4.1288e-02, +1.1954e-01, -9.9491e-02, +1.0151e-02, -1.0270e-03, +1.0664e-01, -9.1208e-02, -2.4275e-01, +8.9380e-02, -1.1743e-01, +5.3134e-02, -7.6947e-02, -1.0000e+00, -6.7673e-02, -7.5850e-02, -1.2203e-01, -8.3688e-02, -7.5339e-02, -3.5229e-02, +7.1455e-02, +4.9652e-02, +9.5390e-02, -2.1652e-02, -2.8814e-03, +2.9202e-01, -1.5540e-01, -3.8384e-02, -1.0696e-03, -1.0981e-01, -6.6626e-02, -4.0412e-03, -2.4749e-02, -9.0650e-02, -5.2466e-03, -8.4495e-02, -6.0035e-02, +1.7147e-03, +3.9955e-02
-1.5597e-01, -2.1919e-01, -1.5911e-01, -2.4359e-01, +2.4589e-02, -1.6472e-01, -5.6335e-02, +3.8930e-02, -1.0154e-04, +3.5044e-02, -1.1312e-01, -6.3846e-02, +8.1350e-02, +1.6205e-02, +1.7521e-02, +9.6261e-02, -2.2184e-02, +1.0696e-01, -2.1079e-01, -1.9723e-01, +1.1596e-01, -1.6669e-01, +8.3056e-02, -2.2398e-01, -6.7673e-02, -1.0000e+00, -8.1656e-02, -3.6300e-02, -9.4383e-04, -9.1629e-02, -1.3616e-01, -1.0396e-01, +8.6792e-02, +2.3691e-02, +7.2578e-02, -2.9097e-02, +3.6477e-01, -1.6351e-01, +5.7154e-02, -2.5632e-01, -1.9238e-01, -1.9369e-02, -5.0894e-02, -3.2777e-01, -6.2716e-02, +8.2513e-02, -3.1005e-01, -3.1953e-02, -2.9865e-01, +1.3055e-01
+4.9931e-02, +1.3886e-02, -8.1441e-02, -8.9377e-02, -8.9176e-02, -1.4055e-01, -7.1431e-02, -6.4880e-02, +6.4294e-03, +3.2393e-02, -1.4065e-01, -4.8889e-02, +2.4132e-02, +1.1188e-01, -1.3951e-01, +4.7890e-02, +5.1480e-02, +9.5116e-02, -6.3747e-02, -9.6640e-02, +3.9074e-02, -6.4988e-02, +1.5825e-03, -2.2010e-01, -7.5850e-02, -8.1656e-02, -1.0000e+00, -1.6345e-01, -2.5782e-01, -1.6953e-01, -1.2748e-01, -8.0094e-02, +1.3031e-01, -2.2533e-02, -1.5575e-02, -4.5496e-02, +1.4981e-01, -1.6068e-01, +7.8934e-02, +3.4911e-02, -1.6502e-02, -5.6406e-02, +5.0282e-02, +2.5923e-02, -4.7245e-02, +1.2331e-02, -2.1514e-01, -1.9686e-02, -1.1254e-01, -1.9422e-03
-6.2547e-02, +1.3693e-01, -1.6732e-01, -1.2724e-01, -1.5650e-01, -1.2163e-01, -2.2714e-02, +4.5203e-02, -4.3898e-02, +8.2342e-02, -1.6037e-01, -8.0022e-02, -3.4615e-02, +8.1855e-02, -1.3134e-01, +5.0365e-03, +2.2471e-02, +8.1801e-02, -1.0716e-01, -3.7333e-01, +2.9349e-02, -1.1400e-01, +3.3209e-02, -1.8894e-01, -1.2203e-01, -3.6300e-02, -1.6345e-01, -1.0000e+00, -9.1529e-02, +9.3081e-02, -2.1731e-01, -7.5034e-02, -5.1507e-02, -7.2356e-02, -7.1663e-04, +1.9716e-01, +2.6032e-01, -2.8724e-01, -5.7448e-02, +1.2700e-02, -1.6331e-01, +2.0900e-02, -3.4054e-02, -2.1776e-02, -1.1597e-01, -2.9739e-02, -2.5694e-01, +1.6161e-01, -3.1221e-03, -1.9533e-02
-1.1387e-01, +1.2002e-02, -6.2207e-02, -1.4664e-01, -1.9188e-01, -2.8761e-03, +5.8837e-02, +2.0027e-02, +3.3893e-02, +4.7820e-02, -1.1553e-01, -3.9230e-02, +5.2193e-02, -1.3467e-02, -4.1676e-02, -7.5653e-02, +7.5451e-02, +7.5547e-02, +7.7918e-02, -2.1492e-01, +6.0144e-02, -6.7358e-02, +1.4214e-01, -1.0621e-01, -8.3688e-02, -9.4384e-04, -2.5782e-01, -9.1529e-02, -1.0000e+00, -6.2449e-02, -1.5492e-01, -3.5545e-02, +1.2694e-01, -5.3163e-02, -2.2560e-02, -5.4133e-02, -1.0066e-02, -1.9805e-01, -8.4663e-03, +5.2659e-02, +1.2173e-01, -2.0731e-02, +4.4351e-02, +1.3630e-01, -7.5324e-02, -3.9320e-02, -1.8290e-01, +1.6175e-01, -4.7623e-02, -7.0666e-03
-1.3996e-01, -2.5700e-02, -1.4822e-02, -1.3595e-01, -8.6433e-02, -1.1763e-02, -1.3783e-01, -1.1276e-01, -4.3148e-03, -3.3277e-02, -1.1623e-01, -1.0015e-01, -5.7324e-02, -6.1445e-03, -1.6666e-02, +1.7272e-01, +7.7022e-02, -2.8471e-02, -1.8546e-01, -7.7515e-02, +8.3695e-02, -1.1451e-01, +1.8596e-01, -1.4057e-01, -7.5339e-02, -9.1629e-02, -1.6953e-01, +9.3081e-02, -6.2449e-02, -1.0000e+00, -6.9654e-02, -9.2337e-02, +2.4462e-01, -5.8123e-02, -1.2210e-02, -9.1851e-02, +8.8287e-02, -7.0110e-02, -1.2030e-01, -4.1142e-02, -4.4333e-02, -8.2771e-02, +1.1205e-01, +1.4255e-01, +3.3582e-02, +1.6321e-01, -1.4411e-01, +5.1207e-02, -2.1974e-01, +4.9793e-02
-9.3833e-02, +1.6881e-02, -7.8062e-02, -6.4630e-02, -1.2077e-01, -1.9857e-01, -7.7182e-03, +7.0718e-02, -1.3143e-01, -5.9875e-02, -2.7040e-01, +5.0024e-02, -8.4983e-02, +9.2919e-02, -2.3458e-01, +1.8360e-01, +7.8664e-02, +4.9226e-02, -1.2122e-01, -2.6159e-01, -8.3356e-02, -4.4638e-02, +6.4489e-02, -1.3206e-01, -3.5229e-02, -1.3616e-01, -1.2748e-01, -2.1731e-01, -1.5492e-01, -6.9654e-02, -1.0000e+00, +7.6232e-02, +4.9858e-02, -1.5434e-01, +7.8092e-02, +6.6265e-02, +2.7739e-01, -3.0737e-01, -9.3191e-03, -2.2183e-02, -3.9253e-01, -1.6130e-02, +2.3014e-02, -1.8422e-02, -5.0373e-02, +8.9468e-03, -2.6719e-01, +3.2199e-01, -1.1042e-01, +1.8327e-03
-4.0645e-02, -4.2480e-02, +3.9430e-02, +2.0365e-02, +5.7241e-02, +2.9206e-02, +9.4566e-02, -5.7919e-02, -2.3176e-02, +5.9212e-02, +2.6513e-02, -7.4610e-02, +2.1346e-02, -1.0657e-01, -1.1041e-03, -2.0874e-02, +5.1155e-02, -3.0276e-02, +1.0755e-01, -2.1298e-01, +1.2702e-01, -2.6098e-01, -1.2882e-01, -9.2563e-03, +7.1455e-02, -1.0396e-01, -8.0094e-02, -7.5034e-02, -3.5545e-02, -9.2337e-02, +7.6232e-02, -1.0000e+00, +2.2773e-01, +5.6629e-02, -4.5640e-03, +7.5942e-02, -9.1481e-02, +8.1709e-02, -2.3299e-02, +1.4045e-01, +4.7377e-02, +5.5379e-02, -1.1820e-01, +1.0853e-02, +7.1145e-02, +8.5391e-02, -2.5323e-02, +2.1877e-01, +3.6640e-02, +3.1131e-02
-5.6474e-03, +1.0468e-01, -1.0826e-01, +2.5521e-02, -3.5484e-02, +3.5009e-02, +1.1050e-02, +1.4745e-01, -1.8979e-03, +6.0130e-02, +9.6318e-02, +1.1075e-01, -7.4966e-02, +3.6538e-01, -8.6712e-02, -8.8205e-02, +7.5908e-03, -5.0471e-02, -3.2573e-02, -8.9676e-02, -1.6818e-01, +5.8500e-02, -2.1037e-02, -1.0040e-02, +4.9652e-02, +8.6792e-02, +1.3031e-01, -5.1507e-02, +1.2694e-01, +2.4462e-01, +4.9858e-02, +2.2773e-01, -1.0000e+00, +7.0415e-03, -8.9703e-02, +3.1551e-02, +7.4564e-02, -6.7157e-02, +6.3483e-02, -2.9997e-01, -2.1883e-03, +8.0755e-02, -3.9457e-02, -1.2594e-01, -1.5336e-01, -9.5432e-02, +4.6176e-02, +1.1766e-01, -2.8237e-02, -6.3203e-03
-3.7243e-02, +5.8021e-03, +8.8930e-03, -2.1041e-02, -1.0193e-01, -5.9353e-02, -2.3343e-02, -6.1039e-04, -3.6051e-03, -6.8054e-02, -6.7110e-02, +5.5412e-02, +4.8284e-02, +1.5680e-02, -8.4336e-02, -1.3173e-01, -1.3390e-02, +8.5588e-02, -3.9252e-02, -1.7940e-01, +8.5722e-03, -1.6173e-01, -3.0448e-02, -1.2466e-01, +9.5390e-02, +2.3691e-02, -2.2533e-02, -7.2356e-02, -5.3163e-02, -5.8123e-02, -1.5434e-01, +5.6629e-02, +7.0415e-03, -1.0000e+00, -4.6218e-02, +3.0126e-02, -2.6760e-01, +2.8597e-02, -5.7357e-02, -2.4392e-01, -1.4568e-02, +1.5484e-02, +3.0911e-02, -1.5072e-01, +1.0175e-01, -2.7202e-02, -6.4985e-02, -9.5570e-03, -2.4687e-01, +2.8737e-02
-4.2126e-02, +5.2848e-02, -9.1318e-02, +1.5952e-02, +2.4532e-02, +5.3011e-02, +8.7365e-02, +3.4748e-02, +5.2203e-02, +3.8960e-02, -7.4955e-02, -2.6607e-02, -7.9933e-02, +2.2189e-01, -8.2043e-03, -5.1883e-02, -5.0169e-02, -1.8652e-02, +2.7220e-02, -5.6682e-02, -1.0243e-01, -8.5417e-02, -4.4725e-02, +3.8899e-02, -2.1652e-02, +7.2578e-02, -1.5575e-02, -7.1664e-04, -2.2560e-02, -1.2210e-02, +7.8092e-02, -4.5640e-03, -8.9703e-02, -4.6218e-02, -1.0000e+00, -3.9472e-02, -5.9826e-02, -1.1690e-02, +5.9449e-02, -5.3090e-02, +1.4531e-01, -4.2189e-02, +9.9853e-03, +4.1786e-02, -2.4906e-02, -2.9602e-02, +2.3529e-02, +3.0866e-02, -1.0552e-01, -2.3326e-02
+9.8628e-02, +3.3679e-02, +1.5690e-02, +2.5469e-02, +1.0340e-02, -9.0999e-02, +1.1596e-02, +8.0223e-02, -4.3521e-04, -4.0004e-03, +2.1644e-02, +6.0674e-03, -6.3745e-03, +7.5474e-02, +4.0722e-02, +2.6704e-02, +3.4011e-04, +9.8193e-03, +8.2350e-03, +9.2343e-02, +1.6666e-02, +1.0026e-01, -4.1574e-02, -2.0520e-02, -2.8814e-03, -2.9097e-02, -4.5496e-02, +1.9716e-01, -5.4133e-02, -9.1851e-02, +6.6265e-02, +7.5942e-02, +3.1551e-02, +3.0126e-02, -3.9472e-02, -1.0000e+00, -9.1096e-02, +4.6575e-02, -2.5685e-02, -2.2446e-01, -5.8147e-03, -1.4609e-02, +2.0869e-02, -7.0785e-02, +2.0540e-01, -2.0115e-02, +1.0745e-01, -1.7827e-01, -4.4488e-01, +4.6582e-02
+9.1044e-02, -1.0745e-01, +2.7278e-01, +1.0226e-01, -5.4617e-04, +1.8653e-01, +1.5920e-01, -6.7970e-03, +1.5773e-01, +1.9162e-01, +3.7089e-01, +1.8288e-01, +7.7907e-02, -1.4023e-01, +2.5501e-01, -1.6043e-01, +5.5051e-02, -1.6262e-01, +3.0993e-01, +3.0758e-01, -7.8465e-02, +1.3145e-01, -1.1459e-02, +2.5769e-01, +2.9202e-01, +3.6477e-01, +1.4981e-01, +2.6032e-01, -1.0066e-02, +8.8287e-02, +2.7739e-01, -9.1481e-02, +7.4564e-02, -2.6760e-01, -5.9826e-02, -9.1096e-02, -1.0000e+00, +4.8705e-01, -4.2117e-02, +1.4222e-01, +3.0775e-01, +1.8602e-02, +7.5257e-02, +3.5866e-01, +1.8897e-01, -4.3298e-02, +3.7423e-01, +7.7025e-02, +7.9438e-02, -9.5542e-02
-1.2457e-01, +1.6502e-01, -2.7229e-01, -1.8593e-01, -7.5431e-02, -1.9067e-01, -9.7370e-02, -4.2076e-03, -1.3986e-01, +1.8272e-01, -2.4818e-01, -7.2476e-02, +2.2230e-02, +9.9816e-02, -2.7010e-01, +1.5912e-01, +2.3565e-02, +1.3068e-01, -2.5833e-01, -4.9592e-01, -3.3638e-03, -1.9877e-01, -2.6190e-02, -2.6225e-01, -1.5540e-01, -1.6351e-01, -1.6068e-01, -2.8724e-01, -1.9805e-01, -7.0110e-02, -3.0737e-01, +8.1709e-02, -6.7157e-02, +2.8597e-02, -1.1690e-02, +4.6575e-02, +4.8705e-01, -1.0000e+00, -5.7608e-02, -1.2323e-01, -2.5066e-01, +1.0820e-01, -3.0034e-02, -7.9100e-02, -1.4282e-01, -7.2249e-02, -4.6236e-01, +2.0071e-01, -2.3180e-01, +4.6869e-02
-7.2562e-02, +1.2330e-02, +8.9746e-02, -4.8029e-02, -4.0186e-02, -5.8432e-03, +4.2006e-02, -6.1976e-02, -6.7442e-02, +1.6571e-01, +2.0591e-03, -9.9178e-03, -2.6010e-02, -2.1378e-02, -4.9890e-02, +2.7941e-02, +4.7340e-02, -3.0783e-02, -1.0730e-01, -2.1442e-01, -4.3000e-03, -3.2615e-02, +5.7919e-02, +3.5560e-02, -3.8384e-02, +5.7154e-02, +7.8934e-02, -5.7448e-02, -8.4663e-03, -1.2030e-01, -9.3191e-03, -2.3299e-02, +6.3483e-02, -5.7357e-02, +5.9449e-02, -2.5685e-02, -4.2117e-02, -5.7608e-02, -1.0000e+00, +4.4101e-02, -4.1167e-02, -5.9444e-02, +4.6540e-02, +2.1586e-02, -8.1568e-03, +3.3943e-02, -1.6604e-01, +1.2257e-01, -7.0967e-02, -4.1131e-02
-6.0599e-02, +5.5279e-02, -1.2449e-01, -1.1090e-01, -3.6216e-02, -6.1773e-02, -2.7480e-02, +8.3847e-02, +3.6883e-02, -5.2310e-02, -4.0610e-02, +3.4502e-03, -4.8757e-02, +1.2559e-01, +2.6102e-02, -2.2930e-02, -1.0859e-01, +8.3493e-02, -5.0847e-02, -1.2487e-01, -4.1667e-02, -5.0821e-02, +2.2136e-01, -1.0800e-01, -1.0696e-03, -2.5632e-01, +3.4911e-02, +1.2700e-02, +5.2659e-02, -4.1142e-02, -2.2183e-02, +1.4045e-01, -2.9997e-01, -2.4392e-01, -5.3090e-02, -2.2446e-01, +1.4222e-01, -1.2323e-01, +4.4101e-02, -1.0000e+00, -9.7708e-02, +4.5015e-02, +1.1625e-02, -2.5018e-01, -2.3218e-02, -3.0518e-02, -2.0900e-02, -3.8259e-02, -2.8199e-01, -2.2104e-02
+1.3052e-02, -2.6535e-02, -1.1145e-01, -1.2389e-01, -5.8058e-02, -1.6512e-01, -1.2587e-01, -1.7894e-02, -7.5808e-02, +1.4017e-01, -1.0939e-01, -3.1870e-02, -4.6945e-02, +2.5953e-02, -1.9792e-01, +1.0988e-01, +1.1401e-02, +1.2925e-01, -1.4554e-01, -2.6560e-01, +4.8473e-02, -5.3633e-02, -3.1285e-02, -6.3338e-02, -1.0981e-01, -1.9238e-01, -1.6502e-02, -1.6331e-01, +1.2173e-01, -4.4333e-02, -3.9253e-01, +4.7377e-02, -2.1883e-03, -1.4568e-02, +1.4531e-01, -5.8147e-03, +3.0775e-01, -2.5066e-01, -4.1167e-02, -9.7708e-02, -1.0000e+00, -2.6983e-02, +1.9503e-03, -5.8232e-02, -3.3339e-02, +4.2724e-02, -2.1539e-01, +6.3779e-02, -9.5063e-02, +5.5631e-02
-3.4218e-02, -6.9822e-02, -4.1089e-02, -4.5280e-02, -8.3302e-02, -5.4322e-02, -1.0264e-01, -6.5626e-03, -2.6517e-02, +3.0992e-02, -8.7280e-02, -9.5066e-03, -4.0532e-02, +2.8665e-02, -1.3269e-02, +1.6919e-02, +2.6452e-02, -1.7194e-02, -2.7859e-03, -5.1386e-02, +4.0081e-01, -1.1090e-01, +4.2469e-02, +1.8411e-03, -6.6626e-02, -1.9369e-02, -5.6406e-02, +2.0900e-02, -2.0731e-02, -8.2771e-02, -1.6130e-02, +5.5379e-02, +8.0755e-02, +1.5484e-02, -4.2189e-02, -1.4609e-02, +1.8602e-02, +1.0820e-01, -5.9444e-02, +4.5015e-02, -2.6983e-02, -1.0000e+00, +6.1412e-02, +1.0696e-01, -7.5930e-02, +1.7076e-01, -1.6005e-02, +7.1028e-02, +1.0742e-03, -8.6314e-04
+1.5376e-02, +1.2828e-02, -9.0108e-02, -7.7482e-02, -1.3513e-02, +2.0915e-02, -9.6634e-02, +2.8972e-02, -1.2718e-02, -1.2542e-02, +3.1470e-02, +2.9476e-02, +5.5017e-03, -3.7409e-02, -7.8726e-03, -1.3969e-01, -1.4314e-03, +6.0931e-02, +5.5697e-02, -1.1497e-01, +2.8927e-02, -8.6087e-02, -4.0391e-02, +6.9037e-03, -4.0412e-03, -5.0894e-02, +5.0282e-02, -3.4054e-02, +4.4351e-02, +1.1205e-01, +2.3014e-02, -1.1820e-01, -3.9457e-02, +3.0911e-02, +9.9853e-03, +2.0869e-02, +7.5257e-02, -3.0034e-02, +4.6540e-02, +1.1625e-02, +1.9503e-03, +6.1412e-02, -1.0000e+00, -1.8970e-01, +3.8044e-03, -7.9909e-02, -4.3462e-03, +9.5170e-03, +1.1192e-02, -2.4320e-02
+8.8492e-02, -6.0276e-02, -9.6659e-02, +3.1750e-03, +1.4668e-01, -1.2694e-01, -2.0700e-02, +8.2463e-02, -8.8552e-02, -2.1715e-01, +7.8285e-02, +8.6613e-02, -6.8128e-02, +8.5865e-02, -1.0736e-01, -5.3192e-02, -7.9925e-02, +2.4716e-01, -8.8071e-02, -1.4759e-01, +6.2969e-02, -1.5857e-01, -9.6367e-02, -1.4767e-01, -2.4749e-02, -3.2777e-01, +2.5923e-02, -2.1776e-02, +1.3630e-01, +1.4255e-01, -1.8422e-02, +1.0853e-02, -1.2594e-01, -1.5072e-01, +4.1786e-02, -7.0785e-02, +3.5866e-01, -7.9100e-02, +2.1586e-02, -2.5018e-01, -5.8232e-02, +1.0696e-01, -1.8970e-01, -1.0000e+00, -4.2545e-02, -1.8446e-01, -9.9190e-02, -2.0478e-01, -1.3288e-01, +1.0628e-01
+8.4003e-03, +1.3714e-02, -1.0775e-01, -9.7886e-02, -9.1820e-02, -1.6060e-02, -2.5368e-02, +5.8387e-03, +3.3987e-02, -3.8441e-02, -1.1405e-01, -8.9341e-02, +4.6094e-02, +3.0041e-01, -7.4787e-02, +3.9664e-03, -8.3249e-02, +1.1538e-01, -1.8588e-02, -1.2543e-01, +6.3685e-02, -4.8437e-02, +1.8492e-01, -1.0340e-01, -9.0650e-02, -6.2716e-02, -4.7245e-02, -1.1597e-01, -7.5324e-02, +3.3582e-02, -5.0373e-02, +7.1145e-02, -1.5336e-01, +1.0175e-01, -2.4906e-02, +2.0540e-01, +1.8897e-01, -1.4282e-01, -8.1568e-03, -2.3218e-02, -3.3339e-02, -7.5930e-02, +3.8044e-03, -4.2545e-02, -1.0000e+00, -3.1257e-02, -1.0237e-01, +7.9783e-03, +1.0959e-01, +9.3459e-02
+6.4209e-02, +6.1218e-02, -5.1574e-02, -6.3490e-03, -3.5798e-02, +1.0799e-02, +3.6862e-02, +1.0025e-01, +1.6481e-02, +9.3827e-02, +1.0964e-01, +6.0737e-02, -3.9590e-02, +1.0497e-01, -2.5120e-02, -1.2297e-02, -6.3350e-03, +7.1388e-02, +9.3195e-02, -7.7880e-02, -1.9172e-01, +5.6879e-02, -3.5238e-02, +1.2923e-02, -5.2466e-03, +8.2513e-02, +1.2331e-02, -2.9739e-02, -3.9320e-02, +1.6321e-01, +8.9468e-03, +8.5391e-02, -9.5432e-02, -2.7202e-02, -2.9602e-02, -2.0115e-02, -4.3298e-02, -7.2249e-02, +3.3943e-02, -3.0518e-02, +4.2724e-02, +1.7076e-01, -7.9909e-02, -1.8446e-01, -3.1257e-02, -1.0000e+00, -1.7772e-02, -3.4491e-02, -7.5672e-02, +4.7759e-02
-1.8434e-01, +6.7127e-02, -1.5800e-01, -1.8359e-01, -5.1580e-02, -2.1988e-01, -2.5865e-02, -4.1720e-02, -1.4741e-01, +2.7261e-01, -2.2600e-01, -5.0725e-02, +2.7170e-02, +7.2377e-02, -2.3910e-01, +7.2045e-02, +3.5786e-02, +7.9556e-02, -2.3478e-01, -4.4033e-01, +5.2464e-02, -2.5991e-01, -8.1737e-02, -2.8945e-01, -8.4495e-02, -3.1005e-01, -2.1514e-01, -2.5694e-01, -1.8290e-01, -1.4411e-01, -2.6719e-01, -2.5323e-02, +4.6176e-02, -6.4985e-02, +2.3529e-02, +1.0745e-01, +3.7423e-01, -4.6236e-01, -1.6604e-01, -2.0900e-02, -2.1539e-01, -1.6005e-02, -4.3462e-03, -9.9190e-02, -1.0237e-01, -1.7772e-02, -1.0000e+00, +2.2547e-01, -2.5646e-01, +6.4284e-02
+3.0165e-01, -8.0208e-02, -8.4027e-02, -1.7037e-02, +2.6956e-01, -3.7169e-02, -1.5044e-01, -1.7360e-01, +1.0475e-01, +4.6202e-02, +7.3978e-02, -3.3232e-01, -1.8344e-01, +1.1332e-01, +2.7571e-01, -1.6795e-03, +3.7233e-02, +3.8751e-02, +3.7521e-02, +4.1554e-01, +1.0670e-01, +6.4427e-02, -2.5155e-02, +1.2493e-01, -6.0035e-02, -3.1953e-02, -1.9686e-02, +1.6161e-01, +1.6175e-01, +5.1207e-02, +3.2199e-01, +2.1877e-01, +1.1766e-01, -9.5570e-03, +3.0867e-02, -1.7827e-01, +7.7025e-02, +2.0071e-01, +1.2257e-01, -3.8259e-02, +6.3779e-02, +7.1028e-02, +9.5170e-03, -2.0478e-01, +7.9783e-03, -3.4491e-02, +2.2547e-01, -1.0000e+00, -8.7080e-02, +4.1087e-02
-7.7043e-02, -4.5370e-02, -1.7514e-01, -1.1247e-01, -1.3720e-01, -1.4241e-01, -4.8290e-02, +3.8723e-02, -4.4439e-02, +3.5002e-01, -7.7794e-02, -5.9301e-02, -1.2441e-01, +7.6708e-02, -8.6483e-02, +1.0624e-01, +8.1035e-02, +5.0275e-02, -1.4956e-01, -2.4097e-01, +3.8995e-03, -5.5589e-02, -3.3523e-02, -1.4260e-01, +1.7146e-03, -2.9865e-01, -1.1254e-01, -3.1221e-03, -4.7623e-02, -2.1974e-01, -1.1042e-01, +3.6640e-02, -2.8237e-02, -2.4687e-01, -1.0552e-01, -4.4488e-01, +7.9438e-02, -2.3180e-01, -7.0967e-02, -2.8199e-01, -9.5063e-02, +1.0742e-03, +1.1192e-02, -1.3288e-01, +1.0959e-01, -7.5673e-02, -2.5646e-01, -8.7080e-02, -1.0000e+00, +2.7921e-02
+1.0261e-02, +2.6660e-02, +1.5609e-02, +4.5139e-02, +1.9517e-02, +8.2314e-02, -4.2072e-03, -3.7412e-02, -4.7586e-02, +1.9461e-02, +7.3401e-02, +1.3517e-02, -8.2270e-02, +1.1643e-02, +1.1008e-01, +3.8507e-02, -1.6671e-03, -6.7727e-02, +8.4013e-02, +7.7010e-02, -7.7298e-02, +8.7727e-02, +3.3370e-02, +1.2300e-01, +3.9955e-02, +1.3055e-01, -1.9422e-03, -1.9533e-02, -7.0666e-03, +4.9793e-02, +1.8327e-03, +3.1131e-02, -6.3203e-03, +2.8737e-02, -2.3326e-02, +4.6582e-02, -9.5542e-02, +4.6869e-02, -4.1131e-02, -2.2104e-02, +5.5631e-02, -8.6314e-04, -2.4320e-02, +1.0628e-01, +9.3459e-02, +4.7759e-02, +6.4284e-02, +4.1087e-02, +2.7921e-02, -1.0000e+00
