-1.0000e+00, +2.7462e-02, +2.2191e-02, -9.3815e-02, +4.3745e-02, +8.0779e-02, -9.9906e-02, +1.8627e-02, -1.3369e-01, +7.9118e-02, +2.1094e-02, -4.4217e-02, -1.0000e-02, +2.2056e-02, -6.5641e-02, -2.8034e-02, +2.4952e-02, -3.7552e-02, -9.8642e-02, -7.5866e-02, +5.8920e-02, -4.2672e-02, -1.9623e-02, +4.1319e-02, -9.7400e-02, -6.7056e-02, +1.0460e-01, +1.3346e-02, -4.9810e-02, -1.7269e-03, -1.2404e-01, -3.3624e-02, -5.1106e-02, +1.0884e-02, -1.2573e-01, -6.1722e-02, +7.9189e-02, -7.8101e-02, -7.0621e-03, +3.3756e-02, +6.0055e-02, +4.3593e-02, -3.7427e-03, +3.7106e-02, -3.7413e-02, -1.2300e-01, -1.2917e-02, +3.1770e-01, -3.4874e-03, +2.3637e-02
+2.7462e-02, -1.0000e+00, +5.9073e-02, +1.8212e-03, -4.4054e-02, +4.4406e-02, +1.1291e-02, -4.7264e-03, -1.9564e-03, +7.6962e-02, +1.4458e-02, +4.1893e-02, +8.7051e-02, -4.9200e-02, -1.6641e-02, -6.7845e-02, +3.5612e-02, +1.9121e-02, +3.0535e-02, +7.0740e-02, +1.1030e-01, -2.4677e-02, +6.7161e-02, +1.2604e-01, -5.9761e-02, +9.2676e-02, +2.9763e-02, +5.9637e-03, +5.3296e-03, -1.0346e-02, +2.9639e-02, +1.3647e-02, -2.6301e-03, +1.0922e-01, +1.0379e-02, +3.5863e-03, -4.4177e-02, -1.1114e-02, -5.6826e-02, -3.9562e-02, -4.1498e-02, -5.2924e-03, +3.6016e-03, +3.5585e-02, +6.9428e-02, +4.2386e-02, -4.8593e-02, +2.8179e-02, +4.9524e-02, -1.0558e-01
+2.2191e-02, +5.9073e-02, -1.0000e+00, -2.2558e-02, -1.3095e-02, -4.9803e-02, -4.2464e-02, +1.1453e-02, +5.4124e-02, +1.2569e-01, +2.9927e-02, -1.5782e-01, -1.0241e-03, +7.9447e-02, +1.0167e-01, -6.2990e-02, +3.1823e-02, -1.1007e-02, +6.5392e-04, -3.4949e-02, -1.2281e-01, +1.3442e-02, +8.2423e-02, +1.1066e-03, +6.5965e-02, +3.9870e-02, -1.3759e-02, -3.1101e-03, -1.6076e-02, +2.3429e-02, +6.9016e-02, +5.3702e-02, +3.2024e-02, +1.8970e-01, -1.1063e-02, -9.3368e-02, -2.2607e-02, +1.3055e-01, -5.1985e-02, -1.8780e-02, -3.5714e-02, -1.2655e-01, +5.2260e-02, -6.5264e-04, -8.1906e-02, -2.0886e-02, +5.3905e-02, +5.9565e-03, -4.6667e-02, +4.5192e-03
-9.3815e-02, +1.8212e-03, -2.2558e-02, -1.0000e+00, +7.3077e-06, -1.4286e-01, +3.8857e-02, +1.4647e-02, +5.0793e-03, +5.6139e-02, -6.9707e-02, -1.5822e-01, +7.3526e-03, -6.4632e-02, -3.4426e-02, +1.3731e-02, +6.4784e-02, -4.3135e-02, -1.8910e-02, +1.1065e-01, +2.5638e-03, +3.9912e-02, +3.9108e-02, -1.4704e-01, +5.9839e-03, -1.1551e-01, +3.7637e-02, -1.1596e-01, -7.6729e-02, -2.1264e-02, -1.5475e-02, +4.9120e-02, +5.8839e-02, +1.3354e-01, -2.9212e-02, -5.1163e-02, +1.4253e-01, +4.4522e-02, -7.9110e-02, -6.8655e-02, +5.8902e-03, +1.1031e-02, +3.3525e-02, -6.1646e-03, -5.3731e-02, -1.1932e-01, +2.4703e-02, +5.9816e-03, -1.6253e-03, -2.1539e-02
+4.3745e-02, -4.4054e-02, -1.3095e-02, +7.3166e-06, -1.0000e+00, +9.9089e-03, -8.3835e-02, +3.4517e-02, +8.7554e-02, +8.1506e-02, -1.2206e-03, -4.4194e-02, -6.9016e-02, -1.9837e-02, +1.0621e-02, +9.4510e-04, +1.2724e-01, +1.0876e-01, -5.3114e-02, +7.8422e-02, +8.7960e-02, +4.1685e-03, +1.0686e-01, -2.0182e-02, +5.8135e-02, +1.9329e-02, -8.2598e-02, +3.2103e-02, -1.0447e-01, -9.0671e-03, +7.8309e-02, +3.0765e-02, +4.8016e-03, +5.2267e-02, -1.5186e-02, -1.9541e-03, -5.8529e-02, +8.2664e-02, +8.9241e-03, -4.7009e-02, +2.5294e-02, -6.0832e-02, +5.2457e-02, +2.1994e-02, +3.3586e-02, -8.4742e-03, -1.2628e-02, +7.3404e-03, -1.2542e-02, -2.1802e-02
+8.0779e-02, +4.4406e-02, -4.9803e-02, -1.4286e-01, +9.9089e-03, -1.0000e+00, +8.1275e-02, +3.2872e-02, +9.0867e-03, +1.1050e-01, -1.6191e-01, -8.7849e-02, -1.9321e-02, +5.7840e-03, -6.5324e-02, -3.7485e-02, +3.4369e-02, -1.1720e-01, -5.4514e-02, +1.0619e-01, -6.1719e-02, +1.7971e-02, +4.7901e-02, -5.5044e-02, -8.7972e-02, -2.3126e-02, -9.6817e-02, -1.1875e-01, -8.8065e-02, -4.8431e-02, -6.1912e-02, +7.3381e-02, -4.6600e-02, +1.1138e-01, -1.1355e-02, +2.5544e-02, +9.0269e-02, -3.4784e-02, -8.7148e-02, -2.8735e-02, -8.4116e-02, -5.4830e-02, +7.2491e-03, -4.1149e-02, -4.5018e-02, -2.2206e-02, -9.6533e-02, +1.6936e-02, -1.4913e-02, +6.4789e-02
-9.9906e-02, +1.1291e-02, -4.2464e-02, +3.8857e-02, -8.3834e-02, +8.1275e-02, -1.0000e+00, +1.3324e-02, -3.3296e-02, +1.3607e-02, -1.7969e-02, +2.7977e-03, +5.4766e-02, -2.0627e-02, +8.1896e-03, -7.0859e-03, +1.1947e-01, -7.3985e-03, -5.8283e-02, +7.6152e-05, +5.0666e-02, +3.4701e-02, +1.0519e-01, -2.0479e-02, +4.3003e-02, +5.5694e-04, -6.4229e-02, +1.4511e-02, -2.3038e-02, +2.2352e-02, -5.3262e-02, -1.0869e-02, +5.0904e-02, +2.8592e-02, +6.3826e-03, -3.3729e-04, +1.0976e-02, -6.0923e-02, +5.6642e-02, -2.3011e-02, +3.0834e-02, -4.0239e-02, +5.2564e-02, +7.5065e-02, -1.3073e-02, -4.3164e-02, -4.3826e-02, -5.3799e-02, -4.4931e-02, +2.4224e-02
+1.8627e-02, -4.7264e-03, +1.1453e-02, +1.4647e-02, +3.4517e-02, +3.2872e-02, +1.3325e-02, -1.0000e+00, -5.3057e-02, +9.2789e-03, +3.0417e-03, +1.1220e-02, +6.4103e-02, +5.3067e-02, +3.4548e-02, +3.7841e-02, +4.5340e-02, -4.8428e-02, +8.1484e-03, +3.6496e-02, +3.0330e-02, -4.2582e-02, +1.1688e-01, +3.8906e-02, +3.6973e-02, +1.1651e-01, -6.5405e-02, -2.0082e-02, -7.5772e-02, -1.2277e-02, -5.6767e-02, -1.5539e-02, +4.4096e-02, -5.5658e-02, -1.6745e-02, -5.1719e-04, +3.7253e-02, -6.2363e-02, -2.3959e-02, -2.8748e-02, -2.2466e-02, +1.8125e-02, +7.4302e-03, -2.6306e-02, +6.7412e-04, +4.4987e-02, +1.8261e-02, -5.4293e-02, +3.0475e-02, -3.6621e-02
-1.3369e-01, -1.9564e-03, +5.4124e-02, +5.0793e-03, +8.7554e-02, +9.0867e-03, -3.3296e-02, -5.3057e-02, -1.0000e+00, +1.0722e-01, +1.1378e-01, -7.9576e-03, -7.7920e-03, -1.8683e-02, -2.9421e-02, -1.0864e-02, -2.5920e-02, -5.3946e-02, +3.8874e-03, -1.9185e-01, -5.0521e-03, -4.2476e-02, -7.0303e-02, +1.3231e-01, -4.6165e-02, +4.7431e-03, +6.7353e-02, -3.3468e-02, -1.7456e-02, +1.9901e-02, -7.9440e-02, +6.0978e-02, -8.5579e-02, +5.8604e-03, -5.3412e-02, -3.7269e-02, +4.1706e-02, -3.2919e-02, -6.6391e-02, +2.0700e-02, -4.3889e-02, -3.0570e-02, +2.1682e-02, +1.9955e-02, -9.9510e-02, -1.1697e-01, -4.8328e-02, +3.4232e-01, -3.7709e-02, +1.9073e-02
+7.9118e-02, +7.6962e-02, +1.2569e-01, +5.6139e-02, +8.1506e-02, +1.1050e-01, +1.3607e-02, +9.2789e-03, +1.0722e-01, -1.0000e+00, -1.1034e-01, +3.9362e-02, +4.3812e-02, +4.3840e-04, +1.3487e-01, +1.9920e-02, +1.1176e-01, +7.5279e-02, -2.3355e-02, -1.1103e-01, +1.8262e-02, -1.5454e-02, +1.1899e-01, -3.1584e-01, +1.9714e-02, +3.9039e-02, +4.9086e-02, +3.3251e-02, +7.4154e-02, +1.9667e-02, -4.6102e-02, -1.3361e-02, +2.0042e-02, +6.1859e-03, +4.4458e-03, +1.7014e-02, +1.2086e-02, +1.0855e-01, +7.7311e-02, +3.6775e-02, +4.1496e-02, +2.2160e-02, -1.5463e-02, +1.7181e-02, +6.8216e-02, +7.3323e-02, +1.1703e-01, +7.4020e-03, -2.4652e-02, +2.3013e-02
+2.1094e-02, +1.4458e-02, +2.9927e-02, -6.9707e-02, -1.2206e-03, -1.6191e-01, -1.7969e-02, +3.0417e-03, +1.1378e-01, -1.1034e-01, -1.0000e+00, -2.2038e-02, -2.2813e-02, +1.9955e-02, -3.3145e-02, -2.1260e-02, +2.8104e-02, -1.5459e-01, -1.2742e-01, +8.3697e-02, +5.2683e-02, +1.1530e-02, +2.8208e-01, -4.3731e-02, -5.1135e-02, -1.0495e-01, -1.2751e-01, +3.6430e-02, -1.5044e-01, -9.0579e-02, -1.0410e-01, +4.2744e-02, +1.0172e-02, +8.1607e-02, +5.8412e-02, -2.0970e-02, +6.0146e-02, -8.2976e-02, -3.8961e-02, +1.2152e-03, -1.0130e-01, -3.2414e-02, +2.1880e-03, +1.8608e-02, -8.2296e-02, +2.2524e-02, +1.2101e-02, +3.4203e-02, +3.8573e-02, +2.9457e-02
-4.4217e-02, +4.1893e-02, -1.5782e-01, -1.5822e-01, -4.4194e-02, -8.7849e-02, +2.7977e-03, +1.1220e-02, -7.9576e-03, +3.9362e-02, -2.2038e-02, -1.0000e+00, -7.1308e-03, -8.7704e-02, +4.1552e-02, -2.4801e-02, +8.6964e-02, -5.8129e-02, -3.6579e-02, +1.5705e-02, -7.4833e-02, +1.0958e-02, +6.6806e-02, -4.6144e-02, -6.2399e-02, -2.8979e-02, -1.3644e-02, -3.3619e-02, -1.0390e-01, +2.1665e-02, +4.4136e-02, +1.2637e-02, -3.7017e-03, +7.6605e-02, -5.4754e-02, -7.3716e-02, +1.1700e-01, +7.2739e-03, -8.6458e-02, +3.6444e-03, +7.9513e-02, -5.2082e-02, +4.7391e-02, +4.2592e-02, -9.5054e-02, -4.3856e-02, -9.5704e-03, -6.9810e-02, +1.2366e-02, +3.6098e-02
-1.0000e-02, +8.7051e-02, -1.0241e-03, +7.3526e-03, -6.9016e-02, -1.9321e-02, +5.4766e-02, +6.4103e-02, -7.7920e-03, +4.3812e-02, -2.2813e-02, -7.1308e-03, -1.0000e+00, +6.3741e-02, -1.4396e-02, +7.0379e-03, +8.6697e-02, +2.2084e-03, +4.0004e-02, +3.7778e-02, +2.5917e-02, -2.1393e-02, +1.2155e-01, -1.5890e-05, -1.7862e-02, -8.4319e-02, -7.0198e-02, +6.8173e-02, +6.9862e-03, +2.1547e-02, +4.3780e-02, +1.9702e-02, +9.9994e-03, -1.9237e-02, +1.6776e-04, -7.2249e-02, +2.8321e-02, +5.6982e-02, +4.0152e-02, -7.3399e-03, +3.7320e-02, +2.0093e-02, +5.5914e-02, +1.3132e-02, -1.7685e-01, +2.5285e-03, -2.7666e-02, -3.0621e-02, +3.2436e-02, -3.1867e-02
+2.2056e-02, -4.9200e-02, +7.9447e-02, -6.4632e-02, -1.9837e-02, +5.7840e-03, -2.0627e-02, +5.3067e-02, -1.8683e-02, +4.3840e-04, +1.9955e-02, -8.7704e-02, +6.3741e-02, -1.0000e+00, +8.5167e-02, -9.6572e-02, +7.1774e-02, +2.1862e-03, -3.5847e-02, +1.0385e-01, +2.4391e-02, -1.4836e-02, +2.3046e-02, -1.8842e-02, -2.7861e-02, -1.1915e-02, -3.4845e-02, -5.0831e-02, +3.8142e-02, -3.1694e-02, -3.4488e-02, +1.9765e-02, +1.1852e-01, +6.1537e-02, +5.7501e-02, +1.2919e-03, +6.9413e-02, -1.2819e-02, -4.4053e-02, -6.4509e-02, -4.0569e-02, +7.0273e-02, +1.3178e-03, +5.8867e-02, +3.9436e-02, -3.6651e-02, -6.9464e-02, +2.1568e-02, -7.0035e-02, +8.6646e-02
-6.5641e-02, -1.6641e-02, +1.0167e-01, -3.4426e-02, +1.0621e-02, -6.5324e-02, +8.1896e-03, +3.4548e-02, -2.9421e-02, +1.3487e-01, -3.3145e-02, +4.1552e-02, -1.4396e-02, +8.5167e-02, -1.0000e+00, +1.6585e-02, -8.3116e-02, -4.8879e-02, -9.5995e-02, -4.8869e-02, +3.3745e-02, -4.3016e-03, -1.4731e-01, -5.6987e-02, +5.3242e-02, -1.7558e-02, +8.1266e-02, -3.2305e-02, -3.8817e-02, -9.0485e-02, -3.3143e-02, -2.4449e-02, +1.0995e-02, -1.4047e-01, -3.4554e-02, +6.7586e-03, +1.0840e-01, -4.9783e-02, +3.2403e-02, +2.1686e-02, -4.5763e-02, +1.1739e-02, -1.2237e-03, -1.2296e-04, -6.7375e-02, -2.8976e-02, +9.6808e-03, +1.5865e-02, +9.9754e-03, +5.8566e-02
-2.8034e-02, -6.7845e-02, -6.2990e-02, +1.3731e-02, +9.4511e-04, -3.7485e-02, -7.0859e-03, +3.7841e-02, -1.0864e-02, +1.9920e-02, -2.1260e-02, -2.4801e-02, +7.0379e-03, -9.6572e-02, +1.6585e-02, -1.0000e+00, +5.9033e-02, -7.0015e-02, +3.3628e-02, -7.5103e-02, -6.1433e-03, +1.1244e-01, +4.3620e-02, -1.5590e-02, +7.4702e-03, -2.2983e-03, +2.1465e-02, -4.6932e-02, -2.4935e-02, +1.5797e-02, +3.1085e-02, -5.9083e-02, +3.4197e-02, +2.5092e-01, +2.2146e-02, -9.5326e-02, +3.2778e-02, +2.6449e-02, -4.5016e-02, -3.2077e-02, -7.6338e-03, -3.4245e-02, +4.7088e-02, -2.4013e-02, -9.4418e-02, +2.0187e-02, -6.5439e-02, -2.3142e-02, -3.9331e-02, +5.8251e-03
+2.4951e-02, +3.5612e-02, +3.1823e-02, +6.4784e-02, +1.2724e-01, +3.4369e-02, +1.1947e-01, +4.5340e-02, -2.5920e-02, +1.1176e-01, +2.8104e-02, +8.6964e-02, +8.6697e-02, +7.1774e-02, -8.3116e-02, +5.9033e-02, -1.0000e+00, +8.9243e-04, -1.6111e-02, -9.3114e-02, -8.5109e-02, +2.7336e-03, +1.0620e-01, +1.2375e-01, +7.2322e-02, +5.6901e-03, +2.5126e-01, -1.0327e-02, +1.0343e-01, +1.5992e-02, +1.2500e-01, -5.0705e-02, -1.4331e-02, +1.1064e-02, -3.7565e-02, +5.9087e-02, -1.4821e-02, +2.6871e-02, +8.5905e-02, +5.4618e-02, +1.1655e-03, +2.0539e-02, -2.2112e-02, -9.9153e-04, +1.2717e-01, +5.3723e-03, +6.5015e-02, -1.0756e-01, -1.1617e-02, +2.8375e-02
-3.7552e-02, +1.9121e-02, -1.1007e-02, -4.3135e-02, +1.0876e-01, -1.1720e-01, -7.3985e-03, -4.8428e-02, -5.3946e-02, +7.5279e-02, -1.5459e-01, -5.8129e-02, +2.2084e-03, +2.1862e-03, -4.8879e-02, -7.0015e-02, +8.9244e-04, -1.0000e+00, -4.8620e-02, -7.5200e-02, +2.3260e-02, -6.7702e-02, +8.6096e-02, +4.9948e-02, -7.3979e-02, -7.6686e-02, -1.2700e-01, -1.4989e-01, -1.2960e-01, -3.2159e-02, -3.2408e-02, +2.4586e-03, -3.8646e-02, +1.0696e-01, +3.0089e-02, +8.1554e-03, +3.1663e-02, +1.1362e-03, -9.1523e-02, +5.0268e-03, -6.7919e-02, -1.6326e-02, +3.5849e-02, +1.2553e-02, -9.3132e-02, +6.5983e-02, -9.2575e-02, +2.0400e-02, -1.0420e-02, +7.1272e-02
-9.8642e-02, +3.0535e-02, +6.5392e-04, -1.8910e-02, -5.3114e-02, -5.4514e-02, -5.8283e-02, +8.1484e-03, +3.8874e-03, -2.3355e-02, -1.2742e-01, -3.6579e-02, +4.0004e-02, -3.5847e-02, -9.5995e-02, +3.3628e-02, -1.6111e-02, -4.8620e-02, -1.0000e+00, -2.1942e-02, +4.3722e-02, -1.0215e-02, +3.2072e-02, -4.6133e-02, +2.4337e-02, -6.8930e-02, -1.0913e-01, +6.2813e-03, -5.5785e-02, -1.3867e-01, -1.6486e-01, +3.2609e-02, +1.1773e-02, +9.8915e-02, +3.6591e-02, +5.2622e-02, +8.7283e-02, -4.0045e-02, -1.2473e-01, +4.2458e-03, -1.8336e-01, +4.2457e-02, +2.0688e-02, -7.2010e-02, +3.4853e-02, -7.9758e-02, -7.4629e-02, +2.4431e-01, -8.1710e-02, +4.6854e-02
-7.5866e-02, +7.0740e-02, -3.4949e-02, +1.1065e-01, +7.8422e-02, +1.0619e-01, +7.6152e-05, +3.6496e-02, -1.9185e-01, -1.1103e-01, +8.3697e-02, +1.5705e-02, +3.7778e-02, +1.0385e-01, -4.8869e-02, -7.5103e-02, -9.3114e-02, -7.5200e-02, -2.1942e-02, -1.0000e+00, +9.0238e-03, -1.2025e-01, -1.4131e-01, +1.2652e-01, -8.4645e-02, -2.8487e-02, +1.3525e-01, +7.3036e-02, -8.1630e-03, +1.9569e-02, +7.9987e-02, -1.2156e-01, -1.2450e-01, -1.9224e-02, +4.5058e-02, -2.4696e-02, +1.3594e-01, +6.7845e-02, +4.1742e-02, +1.0676e-02, +1.1208e-01, -6.6268e-02, -1.9128e-02, +8.4702e-02, -1.5377e-02, +1.1027e-01, +2.9568e-02, +7.6297e-02, -4.2457e-02, +1.3080e-02
+5.8920e-02, +1.1030e-01, -1.2281e-01, +2.5638e-03, +8.7960e-02, -6.1719e-02, +5.0666e-02, +3.0330e-02, -5.0521e-03, +1.8262e-02, +5.2683e-02, -7.4833e-02, +2.5917e-02, +2.4391e-02, +3.3745e-02, -6.1433e-03, -8.5109e-02, +2.3260e-02, +4.3722e-02, +9.0238e-03, -1.0000e+00, +4.6503e-02, -1.3393e-01, +9.4279e-02, +3.5661e-02, -6.9460e-02, +6.7019e-02, -2.6985e-02, +8.5944e-02, +1.3181e-01, +1.1066e-01, +6.2439e-03, -1.5673e-01, +1.1327e-01, +1.7032e-03, +2.3726e-02, -2.3450e-02, +3.6989e-02, +2.4155e-02, -6.0734e-03, -9.0293e-02, -1.7237e-02, -8.0213e-02, -1.2070e-01, -1.4404e-01, -3.9126e-02, -8.6367e-02, +1.3231e-01, +2.9995e-02, +6.7329e-02
-4.2672e-02, -2.4677e-02, +1.3442e-02, +3.9912e-02, +4.1685e-03, +1.7971e-02, +3.4701e-02, -4.2582e-02, -4.2476e-02, -1.5454e-02, +1.1530e-02, +1.0958e-02, -2.1393e-02, -1.4836e-02, -4.3016e-03, +1.1244e-01, +2.7336e-03, -6.7702e-02, -1.0215e-02, -1.2025e-01, +4.6503e-02, -1.0000e+00, -3.1139e-02, +5.9071e-03, +3.4295e-02, -5.4232e-02, +3.9884e-02, +2.7225e-02, -3.4374e-02, -8.9469e-03, -3.2298e-02, -7.5786e-04, -3.7544e-02, +8.3692e-02, -1.4667e-02, -1.8787e-03, -3.9632e-02, +6.3096e-02, +2.5234e-02, -1.6937e-02, +5.5459e-02, +6.3178e-02, +2.1415e-02, +5.7579e-02, +6.4662e-02, +5.6218e-02, -3.1772e-02, +6.6218e-02, -6.3199e-04, -5.2346e-02
-1.9624e-02, +6.7161e-02, +8.2423e-02, +3.9108e-02, +1.0686e-01, +4.7901e-02, +1.0519e-01, +1.1688e-01, -7.0303e-02, +1.1899e-01, +2.8208e-01, +6.6806e-02, +1.2155e-01, +2.3046e-02, -1.4731e-01, +4.3620e-02, +1.0620e-01, +8.6096e-02, +3.2072e-02, -1.4131e-01, -1.3393e-01, -3.1139e-02, -1.0000e+00, +9.0704e-03, +9.1604e-03, -1.2533e-02, +1.7525e-01, +2.8233e-02, +1.6457e-01, +2.1258e-02, +1.1456e-01, -1.4310e-01, +1.0109e-02, +4.0506e-02, -4.2740e-02, +5.3037e-02, +6.4773e-02, +2.7199e-02, +4.7473e-02, +3.8798e-02, -9.7357e-02, -6.4045e-02, -8.7591e-02, -1.2098e-01, +1.3911e-01, -2.0924e-02, +1.8887e-02, -1.5064e-01, -5.0133e-02, +1.4895e-02
+4.1319e-02, +1.2604e-01, +1.1066e-03, -1.4704e-01, -2.0182e-02, -5.5044e-02, -2.0479e-02, +3.8906e-02, +1.3231e-01, -3.1584e-01, -4.3731e-02, -4.6144e-02, -1.5892e-05, -1.8842e-02, -5.6987e-02, -1.5590e-02, +1.2375e-01, +4.9948e-02, -4.6133e-02, +1.2652e-01, +9.4279e-02, +5.9071e-03, +9.0704e-03, -1.0000e+00, +1.1079e-01, -4.6742e-02, -1.2580e-01, +8.7570e-02, +4.1889e-02, -1.7911e-03, -1.0016e-01, -6.2417e-03, +7.9864e-02, +1.2653e-01, -6.1532e-02, +2.1023e-02, +8.6804e-02, +4.9754e-02, -3.4476e-02, -4.7818e-02, -8.4130e-03, -8.7313e-02, +2.9774e-02, -1.6690e-02, -1.3052e-02, -1.7904e-02, +1.5236e-03, -1.3828e-01, +4.5264e-02, -5.2915e-03
-9.7400e-02, -5.9761e-02, +6.5965e-02, +5.9839e-03, +5.8135e-02, -8.7972e-02, +4.3003e-02, +3.6973e-02, -4.6166e-02, +1.9714e-02, -5.1135e-02, -6.2399e-02, -1.7862e-02, -2.7861e-02, +5.3242e-02, +7.4702e-03, +7.2322e-02, -7.3979e-02, +2.4337e-02, -8.4645e-02, +3.5661e-02, +3.4295e-02, +9.1604e-03, +1.1079e-01, -1.0000e+00, -3.0317e-02, -2.6105e-02, -7.2364e-02, -7.7503e-02, +3.9656e-02, -1.0171e-02, +3.7695e-02, -7.4361e-02, -6.6531e-02, +8.9629e-03, -8.0836e-03, +4.9256e-02, +1.7817e-02, -6.8276e-02, +5.8877e-02, -5.4277e-02, +4.2782e-02, +2.5041e-02, +6.7567e-02, +3.0314e-04, -4.7889e-02, +1.1836e-01, +8.1262e-02, +2.8558e-02, +1.2384e-02
-6.7056e-02, +9.2676e-02, +3.9870e-02, -1.1551e-01, +1.9329e-02, -2.3126e-02, +5.5694e-04, +1.1651e-01, +4.7431e-03, +3.9039e-02, -1.0495e-01, -2.8979e-02, -8.4319e-02, -1.1915e-02, -1.7558e-02, -2.2983e-03, +5.6901e-03, -7.6686e-02, -6.8930e-02, -2.8487e-02, -6.9460e-02, -5.4232e-02, -1.2533e-02, -4.6742e-02, -3.0317e-02, -1.0000e+00, -2.0606e-02, +6.7339e-02, -9.5477e-02, -2.6696e-02, +4.4059e-02, -1.0881e-02, -6.3487e-02, +1.1134e-01, +4.5356e-02, -3.4690e-02, +7.5793e-02, +2.4017e-02, +4.6164e-02, -1.7718e-02, +3.5410e-02, +3.5315e-02, -2.8427e-02, +3.7191e-02, -9.5157e-02, +7.7227e-05, +7.0430e-02, +1.1504e-02, +1.4747e-02, +1.2826e-02
+1.0460e-01, +2.9763e-02, -1.3759e-02, +3.7637e-02, -8.2598e-02, -9.6817e-02, -6.4229e-02, -6.5405e-02, +6.7353e-02, +4.9086e-02, -1.2751e-01, -1.3644e-02, -7.0198e-02, -3.4845e-02, +8.1266e-02, +2.1465e-02, +2.5126e-01, -1.2700e-01, -1.0913e-01, +1.3525e-01, +6.7019e-02, +3.9884e-02, +1.7525e-01, -1.2580e-01, -2.6105e-02, -2.0606e-02, -1.0000e+00, -9.4049e-02, -1.5930e-01, -7.3880e-02, -1.7809e-01, +7.3218e-02, -3.8427e-02, -3.2762e-02, +7.4985e-03, +2.3025e-02, +2.0828e-02, +3.9285e-03, -5.8749e-02, -5.2855e-02, -1.1000e-01, -5.4498e-02, -3.2844e-03, +1.5780e-02, -9.6859e-02, -3.8489e-02, -8.0244e-02, +1.9831e-02, -3.5371e-03, +9.8912e-02
+1.3346e-02, +5.9637e-03, -3.1101e-03, -1.1596e-01, +3.2103e-02, -1.1875e-01, +1.4511e-02, -2.0082e-02, -3.3468e-02, +3.3251e-02, +3.6430e-02, -3.3619e-02, +6.8173e-02, -5.0831e-02, -3.2305e-02, -4.6932e-02, -1.0327e-02, -1.4989e-01, +6.2813e-03, +7.3036e-02, -2.6985e-02, +2.7225e-02, +2.8233e-02, +8.7570e-02, -7.2364e-02, +6.7339e-02, -9.4049e-02, -1.0000e+00, -1.1071e-01, +1.7205e-02, -3.6923e-02, +3.3422e-02, -5.0446e-02, +8.5968e-03, -2.9794e-02, +2.7147e-02, +7.0653e-02, -1.2634e-01, -9.9779e-02, +3.2202e-02, +2.1360e-03, -2.1749e-03, +1.6711e-03, +2.7588e-02, -1.5883e-02, -6.6695e-02, -9.2196e-02, +1.1216e-01, -3.7019e-03, +3.1933e-02
-4.9810e-02, +5.3295e-03, -1.6076e-02, -7.6729e-02, -1.0447e-01, -8.8065e-02, -2.3038e-02, -7.5772e-02, -1.7456e-02, +7.4154e-02, -1.5044e-01, -1.0390e-01, +6.9862e-03, +3.8142e-02, -3.8817e-02, -2.4935e-02, +1.0343e-01, -1.2960e-01, -5.5785e-02, -8.1630e-03, +8.5944e-02, -3.4374e-02, +1.6457e-01, +4.1889e-02, -7.7503e-02, -9.5477e-02, -1.5930e-01, -1.1071e-01, -1.0000e+00, -9.7590e-02, -1.9758e-02, +4.9230e-02, -1.0542e-02, +8.2956e-02, +1.5651e-02, -6.7352e-03, +7.9595e-02, -1.2457e-01, -7.2770e-02, +1.6970e-02, -4.4345e-03, -9.9555e-02, -8.9260e-03, +6.6973e-02, -6.9736e-02, -3.0211e-02, -6.2174e-02, +2.2993e-02, -1.4585e-02, +2.7970e-02
-1.7269e-03, -1.0346e-02, +2.3429e-02, -2.1264e-02, -9.0672e-03, -4.8431e-02, +2.2352e-02, -1.2277e-02, +1.9901e-02, +1.9667e-02, -9.0579e-02, +2.1665e-02, +2.1547e-02, -3.1694e-02, -9.0485e-02, +1.5797e-02, +1.5992e-02, -3.2159e-02, -1.3867e-01, +1.9569e-02, +1.3181e-01, -8.9469e-03, +2.1258e-02, -1.7911e-03, +3.9656e-02, -2.6696e-02, -7.3880e-02, +1.7205e-02, -9.7590e-02, -1.0000e+00, -6.9976e-02, +1.7658e-02, -3.9284e-02, +3.8910e-04, +7.3785e-02, +5.6361e-02, +7.4078e-02, +5.1138e-03, -2.9696e-02, +1.0977e-02, -4.1736e-02, +1.7196e-02, +4.9491e-03, +1.1316e-02, -1.4077e-02, -5.2193e-03, -2.2166e-02, +4.0500e-02, +2.2527e-02, +5.5855e-02
-1.2404e-01, +2.9639e-02, +6.9016e-02, -1.5475e-02, +7.8309e-02, -6.1912e-02, -5.3262e-02, -5.6767e-02, -7.9440e-02, -4.6102e-02, -1.0410e-01, +4.4136e-02, +4.3780e-02, -3.4488e-02, -3.3143e-02, +3.1085e-02, +1.2500e-01, -3.2408e-02, -1.6486e-01, +7.9987e-02, +1.1066e-01, -3.2298e-02, +1.1456e-01, -1.0016e-01, -1.0171e-02, +4.4059e-02, -1.7809e-01, -3.6923e-02, -1.9758e-02, -6.9976e-02, -1.0000e+00, +1.9551e-02, -1.1221e-02, -5.0323e-02, +2.4107e-02, +5.2582e-02, -1.8406e-02, -1.2045e-01, -5.5589e-02, -2.8569e-02, -1.9878e-01, -2.6847e-02, +2.3057e-02, -6.2385e-02, +3.5440e-02, -1.1005e-01, -5.9392e-02, +3.3959e-01, -5.6258e-02, +6.6623e-02
-3.3624e-02, +1.3647e-02, +5.3702e-02, +4.9120e-02, +3.0765e-02, +7.3381e-02, -1.0869e-02, -1.5539e-02, +6.0978e-02, -1.3361e-02, +4.2744e-02, +1.2637e-02, +1.9702e-02, +1.9765e-02, -2.4449e-02, -5.9083e-02, -5.0705e-02, +2.4586e-03, +3.2609e-02, -1.2156e-01, +6.2439e-03, -7.5787e-04, -1.4310e-01, -6.2417e-03, +3.7695e-02, -1.0881e-02, +7.3218e-02, +3.3422e-02, +4.9230e-02, +1.7658e-02, +1.9551e-02, -1.0000e+00, +4.2280e-03, -2.3001e-02, +1.5852e-02, -5.3573e-03, +1.1312e-03, +6.2423e-03, +4.8492e-02, -2.0977e-02, +1.0665e-01, -1.5403e-02, +4.4669e-03, +7.6960e-03, +6.4750e-02, +1.1185e-01, +7.2245e-02, -1.1194e-01, -4.2406e-02, +4.2095e-02
-5.1106e-02, -2.6301e-03, +3.2024e-02, +5.8839e-02, +4.8015e-03, -4.6600e-02, +5.0904e-02, +4.4096e-02, -8.5579e-02, +2.0042e-02, +1.0172e-02, -3.7017e-03, +9.9994e-03, +1.1852e-01, +1.0995e-02, +3.4197e-02, -1.4331e-02, -3.8646e-02, +1.1773e-02, -1.2450e-01, -1.5673e-01, -3.7544e-02, +1.0109e-02, +7.9864e-02, -7.4361e-02, -6.3487e-02, -3.8427e-02, -5.0446e-02, -1.0542e-02, -3.9284e-02, -1.1221e-02, +4.2280e-03, -1.0000e+00, +5.6793e-02, -1.6307e-02, +1.4186e-02, +1.0732e-02, -1.1567e-02, -3.2023e-02, +2.2875e-02, +5.6134e-03, +7.4891e-02, +9.0552e-03, +2.7253e-02, -2.4038e-02, +4.4168e-02, +5.7554e-03, +1.3429e-01, +1.2188e-02, +1.4354e-01
+1.0884e-02, +1.0922e-01, +1.8970e-01, +1.3354e-01, +5.2267e-02, +1.1138e-01, +2.8592e-02, -5.5658e-02, +5.8604e-03, +6.1859e-03, +8.1607e-02, +7.6605e-02, -1.9237e-02, +6.1537e-02, -1.4047e-01, +2.5092e-01, +1.1064e-02, +1.0696e-01, +9.8915e-02, -1.9224e-02, +1.1327e-01, +8.3692e-02, +4.0506e-02, +1.2653e-01, -6.6531e-02, +1.1134e-01, -3.2762e-02, +8.5968e-03, +8.2956e-02, +3.8910e-04, -5.0323e-02, -2.3001e-02, +5.6793e-02, -1.0000e+00, +1.8771e-02, -2.2843e-03, +2.0114e-02, -1.3383e-01, +1.3531e-01, +5.6835e-02, +8.4602e-02, +1.0964e-01, -2.5904e-02, +5.9030e-02, +2.2341e-02, -3.8322e-02, +8.2659e-02, +9.5653e-02, +8.2766e-02, +1.9226e-01
-1.2573e-01, +1.0379e-02, -1.1063e-02, -2.9212e-02, -1.5186e-02, -1.1355e-02, +6.3826e-03, -1.6745e-02, -5.3412e-02, +4.4458e-03, +5.8412e-02, -5.4754e-02, +1.6774e-04, +5.7501e-02, -3.4554e-02, +2.2146e-02, -3.7565e-02, +3.0089e-02, +3.6591e-02, +4.5058e-02, +1.7032e-03, -1.4667e-02, -4.2740e-02, -6.1532e-02, +8.9629e-03, +4.5356e-02, +7.4985e-03, -2.9794e-02, +1.5651e-02, +7.3785e-02, +2.4107e-02, +1.5852e-02, -1.6307e-02, +1.8771e-02, -1.0000e+00, +3.6783e-03, +4.5266e-03, +6.1976e-04, +8.3621e-03, +4.6437e-02, +4.2400e-02, +1.2325e-02, -1.0722e-02, +4.7899e-02, -2.4325e-02, -5.9925e-02, +2.1916e-02, +8.4840e-02, +3.1221e-02, -3.9525e-02
-6.1722e-02, +3.5863e-03, -9.3368e-02, -5.1163e-02, -1.9541e-03, +2.5544e-02, -3.3729e-04, -5.1720e-04, -3.7269e-02, +1.7014e-02, -2.0970e-02, -7.3716e-02, -7.2249e-02, +1.2919e-03, +6.7586e-03, -9.5326e-02, +5.9087e-02, +8.1554e-03, +5.2622e-02, -2.4696e-02, +2.3726e-02, -1.8787e-03, +5.3037e-02, +2.1023e-02, -8.0836e-03, -3.4690e-02, +2.3025e-02, +2.7147e-02, -6.7352e-03, +5.6361e-02, +5.2582e-02, -5.3573e-03, +1.4186e-02, -2.2843e-03, +3.6783e-03, -1.0000e+00, +2.5930e-02, -1.0365e-02, +2.8792e-02, +3.0176e-02, +8.5230e-03, -6.9774e-02, +2.6827e-02, -6.1673e-04, -7.6492e-02, -1.4966e-02, +2.3542e-02, -3.8312e-02, +2.1404e-02, +1.9321e-02
+7.9189e-02, -4.4177e-02, -2.2607e-02, +1.4253e-01, -5.8529e-02, +9.0269e-02, +1.0976e-02, +3.7253e-02, +4.1706e-02, +1.2086e-02, +6.0146e-02, +1.1700e-01, +2.8321e-02, +6.9413e-02, +1.0840e-01, +3.2778e-02, -1.4821e-02, +3.1663e-02, +8.7283e-02, +1.3594e-01, -2.3450e-02, -3.9632e-02, +6.4774e-02, +8.6804e-02, +4.9256e-02, +7.5793e-02, +2.0828e-02, +7.0653e-02, +7.9595e-02, +7.4078e-02, -1.8406e-02, +1.1312e-03, +1.0732e-02, +2.0114e-02, +4.5266e-03, +2.5930e-02, -1.0000e+00, +7.6314e-02, +4.5396e-03, +3.0722e-02, +3.7700e-02, +4.8431e-02, -3.4923e-02, +2.0035e-02, +8.8747e-02, +2.2007e-02, -1.5385e-02, +1.9340e-01, +2.3506e-02, -8.8677e-02
-7.8101e-02, -1.1114e-02, +1.3055e-01, +4.4522e-02, +8.2664e-02, -3.4784e-02, -6.0923e-02, -6.2363e-02, -3.2919e-02, +1.0855e-01, -8.2976e-02, +7.2739e-03, +5.6982e-02, -1.2819e-02, -4.9783e-02, +2.6449e-02, +2.6871e-02, +1.1362e-03, -4.0045e-02, +6.7845e-02, +3.6989e-02, +6.3096e-02, +2.7199e-02, +4.9754e-02, +1.7817e-02, +2.4017e-02, +3.9285e-03, -1.2634e-01, -1.2457e-01, +5.1138e-03, -1.2045e-01, +6.2423e-03, -1.1567e-02, -1.3383e-01, +6.1976e-04, -1.0365e-02, +7.6314e-02, -1.0000e+00, -2.6862e-02, +1.7293e-02, -6.9353e-02, +1.9513e-02, -4.2478e-03, -3.1954e-02, -1.0436e-02, -6.8789e-02, -9.1913e-02, +1.1158e-01, +9.8255e-03, +2.1032e-02
-7.0621e-03, -5.6826e-02, -5.1985e-02, -7.9110e-02, +8.9241e-03, -8.7148e-02, +5.6642e-02, -2.3959e-02, -6.6391e-02, +7.7311e-02, -3.8961e-02, -8.6458e-02, +4.0152e-02, -4.4053e-02, +3.2403e-02, -4.5016e-02, +8.5905e-02, -9.1523e-02, -1.2473e-01, +4.1742e-02, +2.4155e-02, +2.5234e-02, +4.7473e-02, -3.4476e-02, -6.8276e-02, +4.6164e-02, -5.8749e-02, -9.9779e-02, -7.2770e-02, -2.9696e-02, -5.5589e-02, +4.8492e-02, -3.2023e-02, +1.3531e-01, +8.3621e-03, +2.8792e-02, +4.5396e-03, -2.6862e-02, -1.0000e+00, -3.9397e-03, -6.3604e-02, -3.4541e-02, +2.3297e-02, -4.2030e-02, -1.6292e-02, -2.0644e-02, -1.2500e-01, +9.9460e-02, +2.1747e-02, +6.0032e-03
+3.3756e-02, -3.9562e-02, -1.8780e-02, -6.8655e-02, -4.7009e-02, -2.8735e-02, -2.3011e-02, -2.8748e-02, +2.0700e-02, +3.6775e-02, +1.2152e-03, +3.6444e-03, -7.3399e-03, -6.4509e-02, +2.1686e-02, -3.2077e-02, +5.4618e-02, +5.0267e-03, +4.2458e-03, +1.0676e-02, -6.0734e-03, -1.6937e-02, +3.8798e-02, -4.7818e-02, +5.8877e-02, -1.7718e-02, -5.2855e-02, +3.2202e-02, +1.6970e-02, +1.0977e-02, -2.8569e-02, -2.0977e-02, +2.2875e-02, +5.6835e-02, +4.6437e-02, +3.0176e-02, +3.0722e-02, +1.7293e-02, -3.9397e-03, -1.0000e+00, +2.0059e-02, -1.8412e-02, -1.2662e-02, -4.6623e-02, +1.2065e-02, -7.1160e-03, -6.7928e-03, -6.4738e-02, +7.1899e-02, +9.8250e-03
+6.0055e-02, -4.1498e-02, -3.5714e-02, +5.8902e-03, +2.5294e-02, -8.4116e-02, +3.0834e-02, -2.2466e-02, -4.3889e-02, +4.1496e-02, -1.0130e-01, +7.9513e-02, +3.7320e-02, -4.0569e-02, -4.5763e-02, -7.6338e-03, +1.1655e-03, -6.7919e-02, -1.8336e-01, +1.1208e-01, -9.0293e-02, +5.5459e-02, -9.7357e-02, -8.4130e-03, -5.4277e-02, +3.5410e-02, -1.1000e-01, +2.1360e-03, -4.4344e-03, -4.1736e-02, -1.9878e-01, +1.0665e-01, +5.6134e-03, +8.4602e-02, +4.2400e-02, +8.5230e-03, +3.7700e-02, -6.9353e-02, -6.3604e-02, +2.0059e-02, -1.0000e+00, +2.9256e-03, -3.5766e-02, -1.2013e-01, -5.2494e-02, -7.2248e-02, -6.3694e-02, +1.7915e-01, -5.9961e-02, +1.0207e-01
+4.3593e-02, -5.2924e-03, -1.2655e-01, +1.1031e-02, -6.0832e-02, -5.4830e-02, -4.0239e-02, +1.8125e-02, -3.0570e-02, +2.2160e-02, -3.2414e-02, -5.2082e-02, +2.0093e-02, +7.0273e-02, +1.1739e-02, -3.4245e-02, +2.0539e-02, -1.6326e-02, +4.2457e-02, -6.6268e-02, -1.7237e-02, +6.3178e-02, -6.4045e-02, -8.7313e-02, +4.2782e-02, +3.5315e-02, -5.4498e-02, -2.1749e-03, -9.9555e-02, +1.7196e-02, -2.6847e-02, -1.5403e-02, +7.4891e-02, +1.0964e-01, +1.2325e-02, -6.9774e-02, +4.8431e-02, +1.9513e-02, -3.4541e-02, -1.8412e-02, +2.9256e-03, -1.0000e+00, -2.9623e-02, +1.7302e-02, -9.7300e-02, +4.3607e-02, +2.5151e-02, -1.8860e-01, +4.9523e-02, +5.7540e-02
-3.7427e-03, +3.6016e-03, +5.2260e-02, +3.3525e-02, +5.2457e-02, +7.2491e-03, +5.2564e-02, +7.4301e-03, +2.1682e-02, -1.5463e-02, +2.1880e-03, +4.7391e-02, +5.5914e-02, +1.3178e-03, -1.2237e-03, +4.7088e-02, -2.2112e-02, +3.5849e-02, +2.0688e-02, -1.9128e-02, -8.0213e-02, +2.1415e-02, -8.7591e-02, +2.9774e-02, +2.5041e-02, -2.8427e-02, -3.2844e-03, +1.6711e-03, -8.9260e-03, +4.9491e-03, +2.3057e-02, +4.4669e-03, +9.0552e-03, -2.5904e-02, -1.0722e-02, +2.6827e-02, -3.4923e-02, -4.2478e-03, +2.3297e-02, -1.2662e-02, -3.5766e-02, -2.9623e-02, -1.0000e+00, -1.0619e-01, +1.7850e-02, +9.1098e-03, -5.1298e-02, +6.4532e-03, +3.8120e-02, -5.1231e-02
+3.7106e-02, +3.5585e-02, -6.5264e-04, -6.1646e-03, +2.1994e-02, -4.1149e-02, +7.5065e-02, -2.6306e-02, +1.9955e-02, +1.7181e-02, +1.8608e-02, +4.2592e-02, +1.3132e-02, +5.8867e-02, -1.2297e-04, -2.4013e-02, -9.9153e-04, +1.2553e-02, -7.2010e-02, +8.4702e-02, -1.2070e-01, +5.7579e-02, -1.2098e-01, -1.6690e-02, +6.7567e-02, +3.7191e-02, +1.5780e-02, +2.7588e-02, +6.6973e-02, +1.1316e-02, -6.2385e-02, +7.6960e-03, +2.7253e-02, +5.9030e-02, +4.7899e-02, -6.1673e-04, +2.0035e-02, -3.1954e-02, -4.2030e-02, -4.6623e-02, -1.2013e-01, +1.7302e-02, -1.0619e-01, -1.0000e+00, -9.7088e-04, +3.0256e-02, -4.5278e-02, +3.4155e-02, +3.1959e-02, -2.2416e-02
-3.7413e-02, +6.9428e-02, -8.1906e-02, -5.3731e-02, +3.3586e-02, -4.5018e-02, -1.3073e-02, +6.7412e-04, -9.9510e-02, +6.8216e-02, -8.2296e-02, -9.5054e-02, -1.7685e-01, +3.9436e-02, -6.7375e-02, -9.4418e-02, +1.2717e-01, -9.3132e-02, +3.4853e-02, -1.5377e-02, -1.4404e-01, +6.4662e-02, +1.3911e-01, -1.3052e-02, +3.0314e-04, -9.5157e-02, -9.6859e-02, -1.5883e-02, -6.9736e-02, -1.4077e-02, +3.5440e-02, +6.4750e-02, -2.4038e-02, +2.2341e-02, -2.4325e-02, -7.6492e-02, +8.8747e-02, -1.0436e-02, -1.6292e-02, +1.2065e-02, -5.2494e-02, -9.7300e-02, +1.7850e-02, -9.7088e-04, -1.0000e+00, -7.3801e-02, -6.7090e-02, -7.9162e-03, +6.5579e-02, +2.9151e-02
-1.2300e-01, +4.2386e-02, -2.0886e-02, -1.1932e-01, -8.4742e-03, -2.2206e-02, -4.3164e-02, +4.4987e-02, -1.1697e-01, +7.3323e-02, +2.2524e-02, -4.3856e-02, +2.5285e-03, -3.6651e-02, -2.8976e-02, +2.0187e-02, +5.3723e-03, +6.5983e-02, -7.9758e-02, +1.1027e-01, -3.9126e-02, +5.6218e-02, -2.0924e-02, -1.7904e-02, -4.7889e-02, +7.7235e-05, -3.8489e-02, -6.6695e-02, -3.0211e-02, -5.2193e-03, -1.1005e-01, +1.1185e-01, +4.4168e-02, -3.8322e-02, -5.9925e-02, -1.4966e-02, +2.2007e-02, -6.8789e-02, -2.0644e-02, -7.1160e-03, -7.2248e-02, +4.3607e-02, +9.1098e-03, +3.0256e-02, -7.3801e-02, -1.0000e+00, -1.0307e-01, +2.3542e-01, -3.4833e-02, -3.4781e-02
-1.2917e-02, -4.8593e-02, +5.3905e-02, +2.4703e-02, -1.2628e-02, -9.6533e-02, -4.3826e-02, +1.8261e-02, -4.8328e-02, +1.1703e-01, +1.2101e-02, -9.5704e-03, -2.7666e-02, -6.9464e-02, +9.6808e-03, -6.5439e-02, +6.5015e-02, -9.2575e-02, -7.4629e-02, +2.9568e-02, -8.6367e-02, -3.1772e-02, +1.8887e-02, +1.5236e-03, +1.1836e-01, +7.0430e-02, -8.0244e-02, -9.2196e-02, -6.2174e-02, -2.2166e-02, -5.9392e-02, +7.2245e-02, +5.7554e-03, +8.2659e-02, +2.1916e-02, +2.3542e-02, -1.5385e-02, -9.1913e-02, -1.2500e-01, -6.7928e-03, -6.3694e-02, +2.5151e-02, -5.1298e-02, -4.5278e-02, -6.7090e-02, -1.0307e-01, -1.0000e+00, +1.6236e-01, -4.8428e-02, +1.4516e-02
+3.1770e-01, +2.8179e-02, +5.9565e-03, +5.9816e-03, +7.3404e-03, +1.6936e-02, -5.3799e-02, -5.4293e-02, +3.4232e-01, +7.4020e-03, +3.4203e-02, -6.9810e-02, -3.0621e-02, +2.1568e-02, +1.5865e-02, -2.3141e-02, -1.0756e-01, +2.0400e-02, +2.4431e-01, +7.6297e-02, +1.3231e-01, +6.6218e-02, -1.5064e-01, -1.3828e-01, +8.1262e-02, +1.1504e-02, +1.9831e-02, +1.1216e-01, +2.2993e-02, +4.0500e-02, +3.3959e-01, -1.1194e-01, +1.3429e-01, +9.5653e-02, +8.4840e-02, -3.8312e-02, +1.9340e-01, +1.1158e-01, +9.9460e-02, -6.4738e-02, +1.7915e-01, -1.8860e-01, +6.4532e-03, +3.4155e-02, -7.9162e-03, +2.3542e-01, +1.6236e-01, -1.0000e+00, +1.1444e-01, +7.0112e-02
-3.4874e-03, +4.9524e-02, -4.6667e-02, -1.6253e-03, -1.2542e-02, -1.4913e-02, -4.4931e-02, +3.0475e-02, -3.7709e-02, -2.4652e-02, +3.8573e-02, +1.2366e-02, +3.2436e-02, -7.0035e-02, +9.9754e-03, -3.9331e-02, -1.1617e-02, -1.0420e-02, -8.1710e-02, -4.2457e-02, +2.9995e-02, -6.3200e-04, -5.0133e-02, +4.5264e-02, +2.8558e-02, +1.4747e-02, -3.5371e-03, -3.7019e-03, -1.4585e-02, +2.2527e-02, -5.6258e-02, -4.2406e-02, +1.2188e-02, +8.2766e-02, +3.1221e-02, +2.1404e-02, +2.3506e-02, +9.8255e-03, +2.1747e-02, +7.1899e-02, -5.9961e-02, +4.9523e-02, +3.8120e-02, +3.1959e-02, +6.5579e-02, -3.4833e-02, -4.8428e-02, +1.1444e-01, -1.0000e+00, +8.1091e-02
+2.3637e-02, -1.0558e-01, +4.5192e-03, -2.1539e-02, -2.1802e-02, +6.4789e-02, +2.4224e-02, -3.6621e-02, +1.9073e-02, +2.3013e-02, +2.9457e-02, +3.6098e-02, -3.1867e-02, +8.6646e-02, +5.8566e-02, +5.8251e-03, +2.8375e-02, +7.1272e-02, +4.6854e-02, +1.3080e-02, +6.7329e-02, -5.2346e-02, +1.4895e-02, -5.2915e-03, +1.2384e-02, +1.2826e-02, +9.8912e-02, +3.1933e-02, +2.7970e-02, +5.5855e-02, +6.6623e-02, +4.2095e-02, +1.4354e-01, +1.9226e-01, -3.9525e-02, +1.9321e-02, -8.8677e-02, +2.1032e-02, +6.0032e-03, +9.8250e-03, +1.0207e-01, +5.7540e-02, -5.1231e-02, -2.2416e-02, +2.9151e-02, -3.4781e-02, +1.4516e-02, +7.0112e-02, +8.1091e-02, -1.0000e+00
