-1.0000e+00, -6.6592e-02, -3.2414e-02, -1.3938e-01, +4.2113e-02, -4.5297e-02, -8.8993e-03, +7.6364e-02, -3.6801e-02, +2.6009e-02, -1.8004e-02, -1.1852e-02, -1.3056e-02, -6.5440e-03, -6.5762e-02, +5.3606e-02, +1.2060e-02, +1.2608e-01, +2.6523e-02, +5.5338e-02, +1.6753e-02, +1.9896e-02, +2.6352e-02, -5.8072e-02, +3.8594e-02, -3.1547e-02, -6.1784e-02, +3.9820e-02, -1.1878e-01, -5.8297e-02, -3.0983e-02, -2.7379e-02, +1.2869e-02, -7.9248e-03, +1.8851e-02, -1.3857e-02, +8.0294e-02, -5.8127e-02, -2.4251e-02, +9.8262e-03, +4.5180e-02, +1.0530e-02, +8.9931e-02, +2.0843e-02, -1.4230e-02, -1.4033e-01, -1.4439e-01, +1.9655e-01, +4.1105e-02, +1.7090e-02
-6.6592e-02, -1.0000e+00, +5.2974e-02, -4.0833e-02, -2.8745e-02, -1.2556e-02, +9.0432e-02, +5.2782e-02, -1.1751e-01, +5.5793e-02, -5.3863e-02, -6.1308e-02, +1.1178e-01, +3.1635e-02, -9.4256e-02, +1.1501e-02, +1.9093e-02, +5.2874e-02, -3.4368e-03, +3.1385e-02, -3.5536e-02, +2.1026e-03, -5.4984e-02, +3.7474e-02, -1.1036e-02, +6.5297e-02, +4.2185e-02, +1.9821e-02, -1.2527e-02, +1.6846e-02, -9.5967e-02, +7.3974e-02, +2.0303e-02, -2.0065e-02, -3.6467e-02, +3.4866e-02, -3.5640e-02, -1.2155e-01, -4.4703e-02, +2.8454e-02, +7.5525e-03, +3.4019e-02, +1.4765e-02, +5.6854e-02, +2.5641e-03, +5.9102e-02, -1.5321e-02, +1.2057e-01, -2.4371e-02, -5.8590e-02
-3.2414e-02, +5.2974e-02, -1.0000e+00, +1.2652e-01, +2.1776e-04, -9.7523e-02, +1.6972e-01, -3.9288e-03, -9.4794e-03, +1.6110e-01, -7.3659e-02, +3.7058e-02, -6.9789e-02, +2.5811e-01, +6.0444e-02, +7.3492e-02, -1.7868e-02, -4.6673e-02, +6.9395e-02, -2.8418e-02, +7.9135e-02, +6.1201e-02, -6.1785e-02, -5.0127e-02, +9.7467e-02, +6.6358e-04, -4.0518e-02, +2.3638e-02, -1.4127e-02, -3.4649e-03, +1.0102e-01, +3.7251e-02, +1.8343e-02, -7.6574e-02, +1.5213e-01, +4.4718e-02, +1.5820e-02, +3.4470e-02, -2.4416e-02, -5.1636e-02, -1.0940e-01, +2.2998e-03, +5.4477e-02, +1.6869e-02, +1.5211e-01, +4.3463e-02, +1.3035e-02, -1.3692e-01, -5.0805e-03, -3.3383e-02
-1.3938e-01, -4.0833e-02, +1.2652e-01, -1.0000e+00, -6.3888e-02, +1.5458e-02, -9.4544e-02, -2.7588e-02, -1.8861e-03, +2.0583e-02, -5.9957e-02, -6.7887e-02, +2.7843e-02, +1.9193e-02, +5.4668e-02, -1.4864e-02, -8.8211e-03, -1.1194e-02, -7.7679e-02, +4.7047e-02, -4.5727e-02, +7.4952e-03, +2.2608e-02, -6.3432e-02, -7.7337e-02, -1.0712e-01, -9.1772e-02, -1.1715e-01, -1.5988e-01, -1.7480e-03, +2.4416e-02, +3.4453e-02, +8.0368e-03, -4.1626e-02, -3.4695e-02, -1.6590e-02, +4.1321e-03, -7.6769e-02, +2.0600e-02, -1.2087e-02, -4.7932e-03, -5.9113e-03, -2.6169e-02, -1.1833e-02, -1.4293e-01, -1.2171e-01, -5.8923e-02, +2.4007e-01, -6.7663e-03, +1.7170e-02
+4.2113e-02, -2.8745e-02, +2.1776e-04, -6.3888e-02, -1.0000e+00, -7.5531e-02, +1.2745e-02, -4.0083e-02, +1.2641e-02, +7.8698e-02, -1.3464e-02, -2.4221e-02, +2.0529e-02, -7.7811e-02, -5.7042e-02, -5.3075e-02, +2.7401e-02, +7.0783e-02, -8.1424e-02, +1.1347e-02, -9.2811e-03, -7.7952e-03, +6.7722e-02, -7.0506e-02, +9.8205e-02, +3.6813e-02, -2.6239e-02, -1.2939e-01, -7.1090e-02, -6.0606e-02, -1.6619e-03, +9.7037e-02, -1.6732e-02, -1.6933e-02, -1.6751e-02, -2.7122e-02, +4.0954e-02, -3.4565e-02, +2.1270e-02, +1.1529e-02, -6.3292e-03, +8.0458e-02, -8.6447e-03, -5.0765e-02, -1.0720e-01, -1.5003e-02, -1.2975e-01, +1.8633e-01, +5.2606e-02, +4.5106e-02
-4.5297e-02, -1.2556e-02, -9.7523e-02, +1.5458e-02, -7.5531e-02, -1.0000e+00, -1.7918e-02, -4.7817e-03, +6.5022e-02, +7.6207e-02, -3.0536e-02, -1.8182e-02, +3.8395e-02, -3.7104e-02, -9.5232e-02, -7.0406e-02, +2.3750e-02, +5.3702e-02, -6.4693e-02, +2.1683e-03, +3.4177e-02, +8.9087e-02, +3.0954e-02, -2.5923e-02, +2.6250e-02, -5.7037e-02, -1.8040e-02, -7.3038e-02, -1.4196e-01, -1.5962e-02, -6.8405e-02, +5.7709e-02, -1.2866e-01, -3.9152e-02, -5.2107e-02, -5.1261e-02, +5.0781e-02, -4.5388e-02, -5.4675e-02, +1.0865e-02, +4.3744e-02, +1.6889e-03, +4.0295e-02, +4.5465e-02, -7.1820e-02, +1.8523e-02, -2.4189e-01, +1.4369e-01, +6.2099e-03, +1.0448e-01
-8.8993e-03, +9.0432e-02, +1.6972e-01, -9.4544e-02, +1.2745e-02, -1.7918e-02, -1.0000e+00, -1.8694e-02, +4.4752e-02, -6.2495e-03, -2.9758e-02, -9.8974e-02, +6.2099e-02, -7.7868e-02, -4.0329e-02, -1.9552e-02, +9.0035e-03, +2.2147e-02, +2.6751e-02, -4.5561e-02, +1.8474e-02, -2.4006e-02, +1.9689e-02, +7.2727e-03, -2.7576e-03, +9.0365e-03, -5.1067e-02, +6.3026e-02, -8.6448e-02, -7.9216e-02, +1.7397e-02, -4.4331e-02, -1.8411e-02, +1.4865e-02, -1.4439e-02, +1.2848e-03, +7.6175e-02, -2.6794e-02, +8.6982e-04, +2.6763e-02, -1.0293e-02, -2.5388e-02, -5.5572e-02, -5.2825e-02, -6.2183e-02, -4.3633e-02, +2.1485e-02, +9.6734e-02, +1.5367e-02, -3.2404e-02
+7.6364e-02, +5.2782e-02, -3.9288e-03, -2.7588e-02, -4.0083e-02, -4.7817e-03, -1.8694e-02, -1.0000e+00, -6.3876e-02, +4.9068e-02, -1.1200e-01, +2.9346e-02, +6.9123e-02, -1.3807e-02, -2.0498e-02, -4.2725e-02, -2.4384e-02, -9.2934e-02, -1.8976e-02, -5.8947e-02, +4.1168e-02, -1.6943e-02, -5.3391e-03, +6.1304e-02, +9.1284e-02, +9.3322e-02, +1.5560e-02, -1.1064e-01, +4.6650e-02, +1.4622e-02, +1.6328e-03, -9.9896e-03, +7.4626e-03, -9.4034e-03, +2.2872e-02, -3.9583e-02, +6.2108e-02, +1.2275e-02, +3.4599e-02, +6.9225e-02, -7.4355e-02, -6.9852e-03, +5.7591e-02, +1.1773e-01, -8.6909e-02, +1.3754e-01, -6.4294e-03, -1.3394e-02, +6.5254e-03, +7.5255e-02
-3.6801e-02, -1.1751e-01, -9.4794e-03, -1.8861e-03, +1.2641e-02, +6.5022e-02, +4.4752e-02, -6.3876e-02, -1.0000e+00, -7.0814e-03, -3.3867e-03, -2.8516e-02, +1.9364e-02, -7.5684e-04, +2.8462e-02, -2.5726e-02, +3.2741e-02, +3.4258e-02, +4.3563e-03, -7.2175e-03, +5.2126e-02, +4.4460e-02, +5.7550e-02, +1.7251e-02, +2.6343e-02, +1.0781e-01, +6.4136e-03, +2.8216e-02, +1.9522e-03, -1.5524e-02, -6.5812e-03, +1.9184e-02, -6.5448e-02, +8.3862e-02, -7.6862e-03, -4.6545e-02, +1.0839e-01, -1.0822e-02, +3.1493e-02, -1.0728e-01, +7.9672e-02, +9.7327e-03, -5.4307e-02, -2.1337e-02, +2.1895e-02, +3.6718e-02, -7.2285e-02, +7.4354e-02, +2.3178e-02, -1.2825e-02
+2.6009e-02, +5.5793e-02, +1.6110e-01, +2.0583e-02, +7.8698e-02, +7.6207e-02, -6.2495e-03, +4.9068e-02, -7.0814e-03, -1.0000e+00, -9.2892e-02, +6.6212e-02, +2.3715e-02, -8.4817e-03, +1.0286e-01, -4.2533e-03, +8.9577e-02, +4.6761e-02, +1.0022e-02, -6.0275e-02, -7.4239e-02, -4.5830e-02, +1.7392e-01, -1.9413e-01, +1.1030e-02, -6.1184e-02, -8.9881e-03, +1.2049e-01, +6.8392e-02, -4.4931e-02, -4.9442e-02, -1.8079e-02, +4.7617e-02, +1.7881e-02, +4.0755e-02, -5.1689e-02, +5.1490e-02, +6.7665e-02, +9.3335e-02, -3.7841e-03, +3.3190e-02, +3.1258e-02, +1.9695e-02, -9.5061e-02, +2.7734e-02, +5.5313e-02, +1.3317e-01, -1.1734e-01, +5.8570e-03, +5.4688e-02
-1.8004e-02, -5.3863e-02, -7.3659e-02, -5.9957e-02, -1.3464e-02, -3.0536e-02, -2.9758e-02, -1.1200e-01, -3.3867e-03, -9.2892e-02, -1.0000e+00, -3.4763e-02, +5.6774e-02, +3.5240e-02, -5.4810e-02, -3.4773e-02, +1.7267e-02, +1.3953e-03, -1.3540e-01, +4.1894e-02, -9.7913e-03, +7.7849e-02, +2.4978e-02, +4.2377e-02, -8.6673e-03, -2.6546e-02, +2.4849e-02, -8.7172e-02, -1.0914e-01, -1.5468e-02, -3.1967e-02, -2.1913e-02, -3.6531e-02, -5.4598e-02, -9.5596e-02, -5.8103e-02, +1.0161e-02, -1.8962e-02, +5.1962e-02, +2.1980e-02, +9.0297e-03, -2.1850e-02, +5.6333e-02, -1.6833e-02, -1.8080e-01, +2.3313e-02, -1.1401e-01, +1.5134e-01, +4.3096e-02, +1.0744e-01
-1.1852e-02, -6.1308e-02, +3.7058e-02, -6.7887e-02, -2.4221e-02, -1.8182e-02, -9.8974e-02, +2.9346e-02, -2.8516e-02, +6.6212e-02, -3.4763e-02, -1.0000e+00, +4.4291e-02, +3.0090e-03, -4.1677e-02, -5.0349e-02, +2.0488e-03, +1.3462e-03, +1.0569e-02, +4.3207e-02, -9.6248e-02, +7.4878e-02, -1.1664e-02, -1.0112e-01, -1.0293e-02, -1.8120e-02, -3.4099e-02, +2.3705e-03, -8.4059e-02, -7.2528e-02, +3.6342e-02, -7.9016e-02, -4.7817e-02, +5.8410e-03, +7.3075e-02, -2.5732e-02, +1.7041e-02, -7.3506e-02, -5.1245e-02, -1.5390e-02, -1.1421e-01, +2.4026e-02, -1.0911e-02, -3.2263e-02, +5.2388e-03, -1.4911e-02, +9.6518e-03, +7.1940e-02, +4.2095e-03, +3.7292e-02
-1.3056e-02, +1.1178e-01, -6.9789e-02, +2.7843e-02, +2.0529e-02, +3.8395e-02, +6.2099e-02, +6.9123e-02, +1.9364e-02, +2.3715e-02, +5.6774e-02, +4.4291e-02, -1.0000e+00, +5.5501e-02, -1.6677e-02, +5.6529e-02, -2.6480e-02, -2.4463e-02, +5.2709e-02, -1.1559e-01, -2.2891e-02, -7.9243e-02, +6.3045e-02, +3.9531e-02, -2.7375e-02, -1.1233e-01, -2.0199e-02, +9.5811e-02, +1.1601e-01, -1.3176e-02, +6.0699e-02, -1.0132e-01, -3.4345e-03, -4.1911e-02, +7.5506e-03, -8.2426e-02, -1.0371e-02, +1.2410e-01, +1.1190e-02, +4.6440e-02, -3.4119e-02, -3.0603e-02, +2.0924e-02, -4.7667e-02, -3.4331e-03, -1.4995e-03, +1.3663e-01, -1.0577e-01, +2.3791e-02, +1.3261e-02
-6.5440e-03, +3.1635e-02, +2.5811e-01, +1.9193e-02, -7.7811e-02, -3.7104e-02, -7.7868e-02, -1.3807e-02, -7.5683e-04, -8.4817e-03, +3.5240e-02, +3.0090e-03, +5.5500e-02, -1.0000e+00, -7.3039e-02, -9.8711e-02, -1.2816e-02, +2.4029e-02, -2.0941e-01, -2.7673e-02, -5.5716e-02, -2.0946e-02, +3.0592e-02, -6.2004e-02, -8.2799e-02, -1.6487e-02, -9.6951e-02, -1.5104e-01, -9.1314e-02, -6.0898e-02, -1.0562e-01, -3.1426e-02, -3.7149e-02, +5.2807e-02, -5.5361e-02, -9.9369e-02, -1.2514e-02, -1.4681e-01, -7.5967e-02, -6.2738e-02, -6.0176e-02, +8.7185e-03, +1.4026e-02, -5.3696e-02, -6.9725e-04, -1.5981e-02, -1.3279e-01, +1.3728e-01, -5.6204e-03, +6.5556e-02
-6.5762e-02, -9.4256e-02, +6.0444e-02, +5.4668e-02, -5.7042e-02, -9.5232e-02, -4.0329e-02, -2.0498e-02, +2.8462e-02, +1.0286e-01, -5.4810e-02, -4.1677e-02, -1.6677e-02, -7.3039e-02, -1.0000e+00, -1.0813e-01, -3.0174e-03, +4.6978e-02, -1.3074e-01, -1.4176e-02, +1.9277e-02, +1.6683e-02, -6.4580e-03, -1.2005e-01, +6.5710e-02, +3.6235e-02, -1.1196e-01, -5.1869e-02, -5.7234e-02, -1.5754e-02, -6.2108e-02, +5.5375e-02, -4.2820e-02, +1.0250e-02, -4.8181e-02, -7.4663e-03, -2.0804e-02, +1.6478e-02, -5.6632e-02, +4.3216e-02, +8.0302e-03, +2.2120e-02, +5.3900e-03, +5.5625e-03, -6.2789e-02, -3.5511e-02, -2.3800e-02, +2.3068e-01, -2.1635e-02, +2.2205e-02
+5.3606e-02, +1.1501e-02, +7.3492e-02, -1.4864e-02, -5.3075e-02, -7.0406e-02, -1.9552e-02, -4.2725e-02, -2.5726e-02, -4.2533e-03, -3.4773e-02, -5.0349e-02, +5.6529e-02, -9.8711e-02, -1.0813e-01, -1.0000e+00, +2.6887e-02, +1.4120e-02, -1.1779e-01, -3.3014e-02, -8.7109e-02, -4.5454e-02, +5.4897e-02, -3.7639e-02, +6.8500e-02, -3.2301e-02, -3.6512e-02, -1.6337e-02, -5.3892e-02, +2.1461e-02, +2.1354e-02, -2.9298e-03, -5.1942e-02, +8.9161e-04, -5.0858e-02, -1.6609e-02, -7.8075e-02, +2.6250e-04, -6.6173e-02, +2.0397e-02, -4.1757e-02, +6.6270e-03, +1.5849e-02, +1.4917e-02, -3.5191e-02, -2.7392e-02, -7.1909e-02, +4.6520e-02, -3.0712e-02, +2.1951e-01
+1.2060e-02, +1.9093e-02, -1.7868e-02, -8.8211e-03, +2.7401e-02, +2.3750e-02, +9.0035e-03, -2.4384e-02, +3.2741e-02, +8.9577e-02, +1.7267e-02, +2.0488e-03, -2.6480e-02, -1.2816e-02, -3.0174e-03, +2.6887e-02, -1.0000e+00, -4.1700e-02, -4.8625e-03, -6.5162e-03, -5.1501e-02, -1.8883e-02, -3.8630e-02, +6.0748e-02, +4.4679e-02, +4.4947e-03, +9.4707e-03, -2.5778e-02, +1.6642e-02, +3.8149e-02, -6.2879e-02, -2.3798e-02, +8.7706e-03, +3.3254e-02, -1.8127e-02, +4.5577e-03, -7.8923e-03, -7.5755e-02, -4.8623e-02, +4.7492e-03, -7.4329e-02, +1.9044e-02, +1.9825e-02, +7.0282e-02, +4.1615e-02, -3.1130e-02, -4.2841e-03, -1.1408e-02, -5.6207e-02, +5.2751e-02
+1.2608e-01, +5.2874e-02, -4.6673e-02, -1.1194e-02, +7.0783e-02, +5.3702e-02, +2.2147e-02, -9.2934e-02, +3.4258e-02, +4.6761e-02, +1.3953e-03, +1.3462e-03, -2.4463e-02, +2.4029e-02, +4.6978e-02, +1.4120e-02, -4.1700e-02, -1.0000e+00, +2.2336e-02, -2.8823e-02, +1.3052e-02, +9.2871e-02, -2.0748e-02, +6.4832e-02, +3.1761e-02, +3.9991e-02, +3.8665e-02, -4.5010e-02, -1.1274e-02, +1.3259e-02, +7.3598e-02, -4.0063e-03, -2.2975e-02, +6.4180e-02, -8.1013e-02, -2.1784e-02, +3.2790e-02, -7.3889e-02, +3.0370e-02, -2.5626e-02, -4.0731e-02, +1.7055e-02, -6.2750e-02, -8.9199e-03, -5.1002e-03, +9.5613e-02, +4.3954e-02, -4.5538e-02, +2.8507e-03, +4.9256e-02
+2.6523e-02, -3.4368e-03, +6.9395e-02, -7.7679e-02, -8.1424e-02, -6.4693e-02, +2.6751e-02, -1.8976e-02, +4.3563e-03, +1.0022e-02, -1.3540e-01, +1.0569e-02, +5.2709e-02, -2.0941e-01, -1.3074e-01, -1.1779e-01, -4.8625e-03, +2.2336e-02, -1.0000e+00, -5.9353e-02, -1.6511e-02, -2.8521e-02, +3.9782e-02, +2.7937e-02, +4.6852e-02, +2.1466e-02, -2.2435e-03, -1.0359e-01, -8.2697e-02, -1.0337e-02, -1.9725e-02, -1.1226e-01, -1.2694e-03, -6.6474e-02, -1.9555e-02, +4.6758e-02, +1.0988e-01, -9.0247e-02, -1.4359e-01, +2.8205e-02, -1.1648e-02, +5.4581e-04, +8.2480e-02, +1.0126e-01, -1.5736e-02, -6.5904e-02, -1.6402e-01, +1.2855e-01, +3.1181e-03, +8.0944e-02
+5.5338e-02, +3.1385e-02, -2.8418e-02, +4.7047e-02, +1.1347e-02, +2.1683e-03, -4.5561e-02, -5.8947e-02, -7.2175e-03, -6.0275e-02, +4.1894e-02, +4.3207e-02, -1.1559e-01, -2.7673e-02, -1.4176e-02, -3.3014e-02, -6.5162e-03, -2.8823e-02, -5.9353e-02, -1.0000e+00, -6.7566e-03, -8.3877e-02, -2.0689e-02, -6.0211e-02, -8.2151e-03, +3.0251e-02, -1.3598e-01, +1.8884e-02, -5.8306e-02, -3.6789e-03, -9.2110e-03, -1.0784e-01, +1.5388e-03, -9.2568e-02, +1.1011e-02, -1.4049e-01, +1.3470e-01, -2.4242e-02, -1.0647e-01, -7.4811e-02, -1.5188e-01, -3.5954e-02, +4.4072e-02, -2.1463e-02, +1.6153e-02, +7.3512e-02, +4.1209e-02, -1.0532e-01, +6.1023e-02, +4.2102e-02
+1.6753e-02, -3.5536e-02, +7.9135e-02, -4.5727e-02, -9.2811e-03, +3.4177e-02, +1.8474e-02, +4.1168e-02, +5.2126e-02, -7.4239e-02, -9.7913e-03, -9.6248e-02, -2.2891e-02, -5.5716e-02, +1.9277e-02, -8.7109e-02, -5.1501e-02, +1.3052e-02, -1.6511e-02, -6.7566e-03, -1.0000e+00, +5.1337e-02, +3.1348e-02, -3.6030e-02, -1.5839e-02, -3.4445e-02, +1.3907e-03, +4.9138e-02, -3.8834e-02, -1.2083e-02, -3.3341e-04, +7.1869e-02, -1.0061e-01, +8.5204e-02, +3.5875e-02, +2.3377e-02, +8.7345e-02, -3.9561e-02, +3.2629e-02, -5.0046e-02, +5.3448e-02, -7.4961e-03, -3.3924e-02, -4.2323e-02, +9.9830e-03, +1.5020e-02, -2.1808e-02, -3.8402e-02, -1.1674e-03, +1.3587e-01
+1.9896e-02, +2.1026e-03, +6.1201e-02, +7.4952e-03, -7.7952e-03, +8.9087e-02, -2.4006e-02, -1.6943e-02, +4.4460e-02, -4.5830e-02, +7.7849e-02, +7.4878e-02, -7.9243e-02, -2.0946e-02, +1.6683e-02, -4.5454e-02, -1.8883e-02, +9.2871e-02, -2.8521e-02, -8.3877e-02, +5.1337e-02, -1.0000e+00, -3.1841e-03, +1.3213e-02, -6.6263e-02, +3.8087e-02, +4.1814e-02, -1.8825e-02, +3.0265e-02, +6.5641e-02, -3.2695e-02, -1.6397e-01, +4.1176e-02, +1.6064e-02, +5.4379e-02, -3.4851e-02, -5.1574e-02, -9.5587e-02, -5.6535e-02, -5.1498e-02, +3.3734e-02, -1.8938e-02, +7.1740e-02, -5.2546e-03, +3.6901e-02, -1.6736e-02, +5.5940e-02, -5.8849e-02, -3.1924e-02, -7.4342e-02
+2.6352e-02, -5.4984e-02, -6.1785e-02, +2.2608e-02, +6.7722e-02, +3.0954e-02, +1.9689e-02, -5.3391e-03, +5.7550e-02, +1.7392e-01, +2.4978e-02, -1.1664e-02, +6.3045e-02, +3.0592e-02, -6.4580e-03, +5.4897e-02, -3.8630e-02, -2.0748e-02, +3.9782e-02, -2.0689e-02, +3.1348e-02, -3.1841e-03, -1.0000e+00, +2.4379e-03, +5.9277e-02, -3.1424e-02, +3.8032e-04, -2.3697e-02, -7.0538e-02, +3.2141e-03, +6.3104e-03, +4.7493e-03, +9.1786e-02, -2.9186e-03, -2.1342e-02, +2.4692e-03, -2.3575e-02, -1.0701e-01, +7.0548e-02, -1.6595e-02, +4.1622e-02, +7.4880e-03, -1.2196e-01, +2.4292e-02, -2.6241e-02, +3.0480e-02, +1.1104e-02, +3.1800e-03, -1.1396e-01, -1.5786e-01
-5.8072e-02, +3.7474e-02, -5.0127e-02, -6.3432e-02, -7.0506e-02, -2.5923e-02, +7.2728e-03, +6.1304e-02, +1.7251e-02, -1.9413e-01, +4.2377e-02, -1.0112e-01, +3.9531e-02, -6.2004e-02, -1.2005e-01, -3.7639e-02, +6.0748e-02, +6.4832e-02, +2.7937e-02, -6.0211e-02, -3.6030e-02, +1.3213e-02, +2.4379e-03, -1.0000e+00, -1.7386e-02, -9.7048e-02, -1.1337e-01, -1.4061e-02, +1.5594e-02, -1.0382e-01, -7.2802e-02, +4.9507e-02, +7.7101e-02, -3.4799e-03, +3.7640e-02, -5.9017e-04, +3.6836e-02, -6.1919e-02, +2.4794e-02, +3.4092e-02, +4.7047e-02, +5.7318e-02, +1.6781e-02, -4.2471e-02, -7.6269e-02, -6.8417e-02, -1.0418e-01, +1.4256e-01, -1.6451e-02, +2.5212e-02
+3.8594e-02, -1.1036e-02, +9.7467e-02, -7.7337e-02, +9.8205e-02, +2.6250e-02, -2.7576e-03, +9.1284e-02, +2.6343e-02, +1.1030e-02, -8.6673e-03, -1.0293e-02, -2.7375e-02, -8.2799e-02, +6.5710e-02, +6.8500e-02, +4.4679e-02, +3.1761e-02, +4.6852e-02, -8.2151e-03, -1.5839e-02, -6.6263e-02, +5.9277e-02, -1.7386e-02, -1.0000e+00, +3.1106e-02, -3.4440e-02, -8.3538e-03, -1.1012e-02, +1.7874e-02, -1.6922e-02, +5.7954e-02, -6.8633e-02, +6.1263e-02, +3.7321e-02, -3.7174e-02, -8.9400e-02, -2.8832e-02, +5.3629e-03, +9.2200e-02, -4.5880e-02, +4.6181e-02, +5.9346e-03, +4.7025e-02, +5.5785e-02, -3.5426e-02, -4.1489e-02, +7.4438e-02, +3.3132e-02, +7.6982e-02
-3.1547e-02, +6.5297e-02, +6.6358e-04, -1.0712e-01, +3.6813e-02, -5.7037e-02, +9.0365e-03, +9.3322e-02, +1.0781e-01, -6.1184e-02, -2.6546e-02, -1.8120e-02, -1.1233e-01, -1.6487e-02, +3.6235e-02, -3.2301e-02, +4.4947e-03, +3.9991e-02, +2.1466e-02, +3.0251e-02, -3.4445e-02, +3.8087e-02, -3.1424e-02, -9.7048e-02, +3.1106e-02, -1.0000e+00, -4.4771e-02, +1.3702e-02, -3.8695e-02, -7.0601e-02, +1.4398e-02, -1.4946e-02, +1.8439e-02, -3.8802e-02, -3.5626e-03, -3.0136e-02, -1.5246e-02, +7.2816e-02, +6.8735e-05, -4.6123e-02, -7.9787e-03, +3.1045e-02, -2.8380e-03, -6.7552e-02, -8.8184e-02, -5.0236e-02, +8.5524e-02, +1.7914e-01, -1.9277e-02, -5.1635e-02
-6.1784e-02, +4.2185e-02, -4.0518e-02, -9.1772e-02, -2.6239e-02, -1.8040e-02, -5.1067e-02, +1.5560e-02, +6.4136e-03, -8.9881e-03, +2.4849e-02, -3.4099e-02, -2.0199e-02, -9.6951e-02, -1.1196e-01, -3.6512e-02, +9.4707e-03, +3.8665e-02, -2.2435e-03, -1.3598e-01, +1.3907e-03, +4.1814e-02, +3.8031e-04, -1.1337e-01, -3.4440e-02, -4.4771e-02, -1.0000e+00, -1.2565e-01, -1.7280e-01, -5.4144e-02, +9.7831e-03, +1.8082e-02, -4.8588e-02, -1.8642e-02, +1.7875e-03, -1.4908e-02, +1.8232e-02, -9.8547e-02, -2.3677e-02, +3.7097e-02, -5.9349e-04, +6.2077e-02, -1.3839e-02, -7.3269e-02, -6.6587e-02, -6.7837e-02, -1.6137e-01, +1.4397e-01, +5.1778e-02, +6.6790e-02
+3.9820e-02, +1.9821e-02, +2.3638e-02, -1.1715e-01, -1.2939e-01, -7.3038e-02, +6.3026e-02, -1.1064e-01, +2.8216e-02, +1.2049e-01, -8.7172e-02, +2.3705e-03, +9.5811e-02, -1.5104e-01, -5.1869e-02, -1.6337e-02, -2.5778e-02, -4.5010e-02, -1.0359e-01, +1.8884e-02, +4.9138e-02, -1.8825e-02, -2.3697e-02, -1.4061e-02, -8.3538e-03, +1.3702e-02, -1.2565e-01, -1.0000e+00, -7.5671e-02, +4.6549e-02, +1.2169e-02, -4.8808e-02, +9.0769e-03, +6.6777e-02, +4.8981e-02, -3.4610e-02, +4.0916e-02, -8.7401e-02, -1.7331e-03, -3.7333e-02, +4.8121e-02, +4.9444e-03, +4.2401e-02, +3.4486e-02, -6.2841e-02, -2.7321e-02, -8.5924e-02, +1.7282e-01, +3.5370e-02, -2.3580e-03
-1.1878e-01, -1.2527e-02, -1.4127e-02, -1.5988e-01, -7.1090e-02, -1.4196e-01, -8.6448e-02, +4.6650e-02, +1.9522e-03, +6.8392e-02, -1.0914e-01, -8.4059e-02, +1.1601e-01, -9.1314e-02, -5.7234e-02, -5.3892e-02, +1.6642e-02, -1.1274e-02, -8.2697e-02, -5.8306e-02, -3.8834e-02, +3.0265e-02, -7.0538e-02, +1.5594e-02, -1.1012e-02, -3.8695e-02, -1.7280e-01, -7.5671e-02, -1.0000e+00, +1.1523e-02, -3.8975e-02, +9.2049e-03, -3.5670e-02, -6.4523e-03, +1.1671e-03, -4.8345e-02, +1.4525e-02, -1.7938e-01, -4.1944e-02, -8.6427e-03, +1.3712e-02, +4.9697e-02, -1.1121e-02, -7.9582e-05, -3.2318e-02, +9.0184e-03, -1.6552e-01, +2.2020e-01, +1.3553e-02, +8.2823e-02
-5.8297e-02, +1.6846e-02, -3.4649e-03, -1.7480e-03, -6.0606e-02, -1.5962e-02, -7.9216e-02, +1.4622e-02, -1.5524e-02, -4.4931e-02, -1.5468e-02, -7.2528e-02, -1.3176e-02, -6.0898e-02, -1.5754e-02, +2.1461e-02, +3.8149e-02, +1.3259e-02, -1.0337e-02, -3.6789e-03, -1.2083e-02, +6.5641e-02, +3.2141e-03, -1.0382e-01, +1.7874e-02, -7.0601e-02, -5.4144e-02, +4.6549e-02, +1.1523e-02, -1.0000e+00, +8.7371e-02, -4.8986e-02, +3.6860e-02, +1.4178e-02, +1.8984e-02, +3.2379e-02, +1.7065e-02, +1.4477e-02, -5.4711e-02, -1.5249e-02, +7.7068e-02, +6.7865e-02, -1.6550e-02, -1.1831e-02, -9.4479e-02, -6.5495e-02, +4.7013e-02, +9.2068e-02, +1.7225e-02, -4.2885e-02
-3.0983e-02, -9.5967e-02, +1.0102e-01, +2.4416e-02, -1.6619e-03, -6.8405e-02, +1.7397e-02, +1.6328e-03, -6.5812e-03, -4.9442e-02, -3.1967e-02, +3.6342e-02, +6.0699e-02, -1.0562e-01, -6.2108e-02, +2.1354e-02, -6.2879e-02, +7.3598e-02, -1.9725e-02, -9.2110e-03, -3.3342e-04, -3.2695e-02, +6.3104e-03, -7.2802e-02, -1.6922e-02, +1.4398e-02, +9.7831e-03, +1.2168e-02, -3.8975e-02, +8.7371e-02, -1.0000e+00, +4.8594e-02, -1.2442e-01, +2.6106e-02, -4.5254e-02, -6.8406e-02, +5.4307e-02, -1.4004e-01, -3.9511e-02, +9.3460e-03, -7.6849e-02, -4.0750e-02, +6.2439e-03, +4.1562e-02, +1.5672e-02, +2.0754e-02, -6.9439e-02, +1.8226e-01, +2.4172e-02, +1.1222e-01
-2.7379e-02, +7.3974e-02, +3.7251e-02, +3.4453e-02, +9.7037e-02, +5.7709e-02, -4.4331e-02, -9.9896e-03, +1.9184e-02, -1.8079e-02, -2.1913e-02, -7.9016e-02, -1.0132e-01, -3.1426e-02, +5.5375e-02, -2.9298e-03, -2.3798e-02, -4.0063e-03, -1.1226e-01, -1.0784e-01, +7.1869e-02, -1.6397e-01, +4.7493e-03, +4.9507e-02, +5.7954e-02, -1.4946e-02, +1.8082e-02, -4.8808e-02, +9.2049e-03, -4.8986e-02, +4.8594e-02, -1.0000e+00, -2.5086e-02, +2.9352e-02, -2.7451e-02, +1.8619e-02, -6.1126e-02, +2.4920e-02, +6.5168e-02, -5.0105e-04, +8.7002e-02, +1.5950e-02, -9.8601e-02, -1.6229e-01, -4.0554e-02, -5.7495e-02, +1.0907e-01, +1.1044e-02, -6.2767e-03, +3.6186e-02
+1.2869e-02, +2.0303e-02, +1.8343e-02, +8.0368e-03, -1.6732e-02, -1.2866e-01, -1.8411e-02, +7.4626e-03, -6.5448e-02, +4.7617e-02, -3.6531e-02, -4.7817e-02, -3.4345e-03, -3.7149e-02, -4.2820e-02, -5.1942e-02, +8.7706e-03, -2.2975e-02, -1.2694e-03, +1.5388e-03, -1.0061e-01, +4.1176e-02, +9.1786e-02, +7.7101e-02, -6.8633e-02, +1.8439e-02, -4.8588e-02, +9.0769e-03, -3.5670e-02, +3.6860e-02, -1.2442e-01, -2.5086e-02, -1.0000e+00, +5.2590e-02, -9.4752e-03, +1.0868e-01, +3.5245e-02, -2.0783e-02, -5.0278e-02, -3.7981e-02, -1.0260e-01, -3.0674e-02, -1.9260e-05, +3.4960e-02, +2.9143e-02, +9.7416e-03, +1.1332e-02, -1.4640e-01, +1.0325e-01, +4.3901e-01
-7.9248e-03, -2.0065e-02, -7.6574e-02, -4.1626e-02, -1.6933e-02, -3.9152e-02, +1.4865e-02, -9.4034e-03, +8.3862e-02, +1.7881e-02, -5.4598e-02, +5.8410e-03, -4.1911e-02, +5.2807e-02, +1.0250e-02, +8.9162e-04, +3.3254e-02, +6.4180e-02, -6.6474e-02, -9.2568e-02, +8.5204e-02, +1.6064e-02, -2.9186e-03, -3.4799e-03, +6.1263e-02, -3.8802e-02, -1.8642e-02, +6.6777e-02, -6.4523e-03, +1.4178e-02, +2.6106e-02, +2.9352e-02, +5.2590e-02, -1.0000e+00, -2.8144e-02, +2.3242e-01, -2.1687e-02, +1.0865e-01, +2.2876e-02, -4.9031e-02, +1.2829e-02, -3.5581e-03, +3.8479e-02, -1.0266e-02, +6.9801e-02, -2.3658e-02, +2.3258e-03, -1.0985e-01, -1.1916e-01, +4.9855e-02
+1.8851e-02, -3.6467e-02, +1.5213e-01, -3.4695e-02, -1.6751e-02, -5.2107e-02, -1.4439e-02, +2.2872e-02, -7.6862e-03, +4.0755e-02, -9.5596e-02, +7.3075e-02, +7.5506e-03, -5.5361e-02, -4.8181e-02, -5.0858e-02, -1.8127e-02, -8.1013e-02, -1.9555e-02, +1.1011e-02, +3.5875e-02, +5.4379e-02, -2.1342e-02, +3.7640e-02, +3.7321e-02, -3.5626e-03, +1.7875e-03, +4.8981e-02, +1.1671e-03, +1.8984e-02, -4.5254e-02, -2.7451e-02, -9.4752e-03, -2.8144e-02, -1.0000e+00, -7.2223e-03, +2.3190e-03, +3.3752e-02, -3.5550e-04, -2.8572e-02, -8.4262e-02, +8.3412e-04, -4.5923e-02, +5.1955e-02, -6.8364e-02, -2.2213e-02, -4.9229e-02, +1.2750e-01, +1.3832e-02, -5.4160e-02
-1.3857e-02, +3.4866e-02, +4.4718e-02, -1.6590e-02, -2.7122e-02, -5.1261e-02, +1.2848e-03, -3.9583e-02, -4.6545e-02, -5.1689e-02, -5.8103e-02, -2.5732e-02, -8.2426e-02, -9.9369e-02, -7.4663e-03, -1.6609e-02, +4.5577e-03, -2.1784e-02, +4.6758e-02, -1.4049e-01, +2.3377e-02, -3.4851e-02, +2.4692e-03, -5.9019e-04, -3.7174e-02, -3.0136e-02, -1.4908e-02, -3.4610e-02, -4.8345e-02, +3.2379e-02, -6.8406e-02, +1.8619e-02, +1.0868e-01, +2.3242e-01, -7.2223e-03, -1.0000e+00, -1.6873e-02, -2.0780e-02, +5.1578e-04, +3.8864e-02, -4.3598e-02, +4.4197e-02, -2.2380e-02, -7.8255e-02, -5.4004e-02, -1.4027e-02, -1.4629e-02, +1.6836e-02, -6.8671e-03, +5.9453e-02
+8.0294e-02, -3.5640e-02, +1.5820e-02, +4.1321e-03, +4.0954e-02, +5.0781e-02, +7.6175e-02, +6.2108e-02, +1.0839e-01, +5.1490e-02, +1.0161e-02, +1.7041e-02, -1.0371e-02, -1.2514e-02, -2.0804e-02, -7.8075e-02, -7.8923e-03, +3.2790e-02, +1.0988e-01, +1.3470e-01, +8.7345e-02, -5.1574e-02, -2.3575e-02, +3.6836e-02, -8.9400e-02, -1.5246e-02, +1.8232e-02, +4.0916e-02, +1.4525e-02, +1.7065e-02, +5.4307e-02, -6.1126e-02, +3.5245e-02, -2.1687e-02, +2.3190e-03, -1.6873e-02, -1.0000e+00, +8.8893e-02, +8.8134e-02, -3.7649e-02, +7.5539e-02, -4.1206e-02, +9.8087e-02, +1.1877e-01, -2.3389e-03, +6.0013e-02, +6.5464e-02, +1.4516e-02, -2.8917e-03, -1.4666e-02
-5.8127e-02, -1.2155e-01, +3.4470e-02, -7.6769e-02, -3.4565e-02, -4.5388e-02, -2.6794e-02, +1.2275e-02, -1.0822e-02, +6.7665e-02, -1.8962e-02, -7.3506e-02, +1.2410e-01, -1.4681e-01, +1.6478e-02, +2.6250e-04, -7.5755e-02, -7.3889e-02, -9.0247e-02, -2.4242e-02, -3.9561e-02, -9.5587e-02, -1.0701e-01, -6.1919e-02, -2.8832e-02, +7.2816e-02, -9.8547e-02, -8.7401e-02, -1.7938e-01, +1.4477e-02, -1.4004e-01, +2.4920e-02, -2.0783e-02, +1.0865e-01, +3.3752e-02, -2.0780e-02, +8.8893e-02, -1.0000e+00, -9.0043e-02, -3.2764e-02, +5.1750e-02, +5.0127e-02, -1.4167e-02, -3.9068e-02, +1.3230e-02, -1.7329e-02, -1.2146e-01, +1.9504e-01, +2.4258e-02, +7.4636e-02
-2.4251e-02, -4.4703e-02, -2.4416e-02, +2.0600e-02, +2.1270e-02, -5.4675e-02, +8.6981e-04, +3.4599e-02, +3.1493e-02, +9.3335e-02, +5.1962e-02, -5.1245e-02, +1.1190e-02, -7.5967e-02, -5.6631e-02, -6.6173e-02, -4.8623e-02, +3.0370e-02, -1.4359e-01, -1.0647e-01, +3.2629e-02, -5.6535e-02, +7.0548e-02, +2.4794e-02, +5.3629e-03, +6.8738e-05, -2.3677e-02, -1.7331e-03, -4.1944e-02, -5.4711e-02, -3.9511e-02, +6.5168e-02, -5.0278e-02, +2.2876e-02, -3.5551e-04, +5.1578e-04, +8.8134e-02, -9.0043e-02, -1.0000e+00, -2.7527e-02, +1.0648e-03, +5.9732e-02, -2.5317e-02, -8.2373e-02, -3.7930e-03, +6.1947e-02, -1.1102e-01, +4.9414e-02, +3.1515e-03, +6.1864e-02
+9.8262e-03, +2.8454e-02, -5.1636e-02, -1.2087e-02, +1.1529e-02, +1.0865e-02, +2.6763e-02, +6.9225e-02, -1.0728e-01, -3.7841e-03, +2.1980e-02, -1.5390e-02, +4.6440e-02, -6.2738e-02, +4.3216e-02, +2.0397e-02, +4.7492e-03, -2.5626e-02, +2.8205e-02, -7.4811e-02, -5.0046e-02, -5.1498e-02, -1.6595e-02, +3.4092e-02, +9.2200e-02, -4.6123e-02, +3.7097e-02, -3.7333e-02, -8.6427e-03, -1.5249e-02, +9.3460e-03, -5.0104e-04, -3.7981e-02, -4.9031e-02, -2.8572e-02, +3.8864e-02, -3.7649e-02, -3.2764e-02, -2.7527e-02, -1.0000e+00, -2.4989e-02, +7.0171e-03, +3.5591e-02, +1.1851e-02, -2.8675e-02, +2.2395e-02, -4.9930e-02, +2.5647e-02, +2.3087e-03, +1.0750e-02
+4.5180e-02, +7.5525e-03, -1.0940e-01, -4.7932e-03, -6.3292e-03, +4.3744e-02, -1.0293e-02, -7.4355e-02, +7.9672e-02, +3.3190e-02, +9.0297e-03, -1.1421e-01, -3.4119e-02, -6.0176e-02, +8.0302e-03, -4.1757e-02, -7.4329e-02, -4.0731e-02, -1.1648e-02, -1.5188e-01, +5.3448e-02, +3.3734e-02, +4.1622e-02, +4.7047e-02, -4.5880e-02, -7.9787e-03, -5.9348e-04, +4.8121e-02, +1.3712e-02, +7.7068e-02, -7.6849e-02, +8.7002e-02, -1.0260e-01, +1.2829e-02, -8.4262e-02, -4.3598e-02, +7.5539e-02, +5.1750e-02, +1.0648e-03, -2.4989e-02, -1.0000e+00, -1.1406e-02, -4.4680e-02, +1.8592e-02, -6.3049e-02, +7.2275e-02, -7.8808e-02, +6.2246e-02, +4.9867e-03, +8.1658e-02
+1.0530e-02, +3.4019e-02, +2.2998e-03, -5.9113e-03, +8.0458e-02, +1.6889e-03, -2.5388e-02, -6.9852e-03, +9.7327e-03, +3.1258e-02, -2.1850e-02, +2.4026e-02, -3.0603e-02, +8.7185e-03, +2.2120e-02, +6.6270e-03, +1.9044e-02, +1.7055e-02, +5.4583e-04, -3.5954e-02, -7.4961e-03, -1.8938e-02, +7.4880e-03, +5.7318e-02, +4.6181e-02, +3.1045e-02, +6.2077e-02, +4.9444e-03, +4.9697e-02, +6.7865e-02, -4.0750e-02, +1.5950e-02, -3.0674e-02, -3.5581e-03, +8.3413e-04, +4.4197e-02, -4.1206e-02, +5.0127e-02, +5.9732e-02, +7.0171e-03, -1.1406e-02, -1.0000e+00, -4.2235e-02, +1.0353e-01, +3.0295e-02, +5.0423e-02, -9.7512e-03, -7.6153e-02, -2.9197e-02, +2.9269e-02
+8.9931e-02, +1.4765e-02, +5.4477e-02, -2.6169e-02, -8.6447e-03, +4.0295e-02, -5.5572e-02, +5.7591e-02, -5.4307e-02, +1.9695e-02, +5.6333e-02, -1.0911e-02, +2.0924e-02, +1.4026e-02, +5.3900e-03, +1.5849e-02, +1.9825e-02, -6.2750e-02, +8.2480e-02, +4.4072e-02, -3.3924e-02, +7.1740e-02, -1.2196e-01, +1.6781e-02, +5.9346e-03, -2.8380e-03, -1.3839e-02, +4.2401e-02, -1.1121e-02, -1.6550e-02, +6.2439e-03, -9.8601e-02, -1.9254e-05, +3.8479e-02, -4.5923e-02, -2.2380e-02, +9.8087e-02, -1.4167e-02, -2.5317e-02, +3.5591e-02, -4.4680e-02, -4.2235e-02, -1.0000e+00, -6.3815e-02, -8.7193e-02, +1.6561e-02, +4.6638e-02, -2.0811e-02, -4.6122e-02, -1.4803e-02
+2.0843e-02, +5.6854e-02, +1.6869e-02, -1.1833e-02, -5.0765e-02, +4.5465e-02, -5.2825e-02, +1.1773e-01, -2.1337e-02, -9.5061e-02, -1.6833e-02, -3.2263e-02, -4.7667e-02, -5.3696e-02, +5.5625e-03, +1.4917e-02, +7.0282e-02, -8.9199e-03, +1.0126e-01, -2.1463e-02, -4.2323e-02, -5.2546e-03, +2.4292e-02, -4.2471e-02, +4.7025e-02, -6.7552e-02, -7.3269e-02, +3.4486e-02, -7.9588e-05, -1.1831e-02, +4.1562e-02, -1.6229e-01, +3.4960e-02, -1.0266e-02, +5.1955e-02, -7.8255e-02, +1.1877e-01, -3.9068e-02, -8.2373e-02, +1.1851e-02, +1.8592e-02, +1.0353e-01, -6.3815e-02, -1.0000e+00, -1.4460e-01, -1.0330e-01, +1.9283e-03, +1.9506e-02, +4.1027e-02, -1.5479e-02
-1.4230e-02, +2.5641e-03, +1.5211e-01, -1.4293e-01, -1.0720e-01, -7.1820e-02, -6.2183e-02, -8.6909e-02, +2.1895e-02, +2.7734e-02, -1.8080e-01, +5.2388e-03, -3.4331e-03, -6.9724e-04, -6.2789e-02, -3.5191e-02, +4.1615e-02, -5.1002e-03, -1.5736e-02, +1.6153e-02, +9.9830e-03, +3.6901e-02, -2.6241e-02, -7.6269e-02, +5.5785e-02, -8.8184e-02, -6.6587e-02, -6.2841e-02, -3.2318e-02, -9.4479e-02, +1.5672e-02, -4.0554e-02, +2.9143e-02, +6.9801e-02, -6.8364e-02, -5.4004e-02, -2.3389e-03, +1.3230e-02, -3.7930e-03, -2.8675e-02, -6.3049e-02, +3.0295e-02, -8.7193e-02, -1.4460e-01, -1.0000e+00, -3.3723e-02, +1.4400e-02, +3.3573e-01, +1.3152e-02, -1.1460e-01
-1.4033e-01, +5.9102e-02, +4.3463e-02, -1.2171e-01, -1.5003e-02, +1.8523e-02, -4.3633e-02, +1.3754e-01, +3.6718e-02, +5.5313e-02, +2.3313e-02, -1.4911e-02, -1.4995e-03, -1.5981e-02, -3.5511e-02, -2.7392e-02, -3.1130e-02, +9.5613e-02, -6.5904e-02, +7.3512e-02, +1.5020e-02, -1.6736e-02, +3.0480e-02, -6.8417e-02, -3.5426e-02, -5.0236e-02, -6.7837e-02, -2.7321e-02, +9.0184e-03, -6.5495e-02, +2.0754e-02, -5.7495e-02, +9.7416e-03, -2.3658e-02, -2.2213e-02, -1.4027e-02, +6.0013e-02, -1.7329e-02, +6.1947e-02, +2.2395e-02, +7.2275e-02, +5.0423e-02, +1.6561e-02, -1.0330e-01, -3.3723e-02, -1.0000e+00, -5.0095e-02, +1.1992e-01, +1.3202e-02, -5.7057e-02
-1.4439e-01, -1.5321e-02, +1.3035e-02, -5.8923e-02, -1.2975e-01, -2.4189e-01, +2.1485e-02, -6.4294e-03, -7.2285e-02, +1.3317e-01, -1.1401e-01, +9.6518e-03, +1.3663e-01, -1.3279e-01, -2.3800e-02, -7.1909e-02, -4.2841e-03, +4.3954e-02, -1.6402e-01, +4.1209e-02, -2.1808e-02, +5.5940e-02, +1.1104e-02, -1.0418e-01, -4.1489e-02, +8.5524e-02, -1.6137e-01, -8.5924e-02, -1.6552e-01, +4.7013e-02, -6.9439e-02, +1.0907e-01, +1.1332e-02, +2.3258e-03, -4.9229e-02, -1.4629e-02, +6.5464e-02, -1.2146e-01, -1.1102e-01, -4.9930e-02, -7.8808e-02, -9.7512e-03, +4.6638e-02, +1.9283e-03, +1.4400e-02, -5.0095e-02, -1.0000e+00, +1.6034e-01, +3.2705e-02, +3.4650e-02
+1.9655e-01, +1.2057e-01, -1.3692e-01, +2.4007e-01, +1.8633e-01, +1.4369e-01, +9.6734e-02, -1.3394e-02, +7.4354e-02, -1.1734e-01, +1.5134e-01, +7.1940e-02, -1.0577e-01, +1.3728e-01, +2.3068e-01, +4.6520e-02, -1.1408e-02, -4.5538e-02, +1.2855e-01, -1.0532e-01, -3.8402e-02, -5.8849e-02, +3.1800e-03, +1.4256e-01, +7.4438e-02, +1.7914e-01, +1.4397e-01, +1.7282e-01, +2.2020e-01, +9.2068e-02, +1.8226e-01, +1.1044e-02, -1.4640e-01, -1.0985e-01, +1.2750e-01, +1.6836e-02, +1.4516e-02, +1.9504e-01, +4.9414e-02, +2.5647e-02, +6.2246e-02, -7.6153e-02, -2.0811e-02, +1.9506e-02, +3.3573e-01, +1.1992e-01, +1.6034e-01, -1.0000e+00, -6.2933e-02, +1.4979e-01
+4.1105e-02, -2.4371e-02, -5.0805e-03, -6.7663e-03, +5.2606e-02, +6.2099e-03, +1.5367e-02, +6.5254e-03, +2.3178e-02, +5.8570e-03, +4.3096e-02, +4.2095e-03, +2.3791e-02, -5.6204e-03, -2.1635e-02, -3.0712e-02, -5.6207e-02, +2.8508e-03, +3.1181e-03, +6.1023e-02, -1.1674e-03, -3.1924e-02, -1.1396e-01, -1.6451e-02, +3.3132e-02, -1.9277e-02, +5.1778e-02, +3.5370e-02, +1.3553e-02, +1.7225e-02, +2.4172e-02, -6.2767e-03, +1.0325e-01, -1.1916e-01, +1.3832e-02, -6.8671e-03, -2.8917e-03, +2.4258e-02, +3.1515e-03, +2.3088e-03, +4.9867e-03, -2.9197e-02, -4.6122e-02, +4.1027e-02, +1.3152e-02, +1.3202e-02, +3.2705e-02, -6.2933e-02, -1.0000e+00, -9.3925e-02
+1.7090e-02, -5.8590e-02, -3.3383e-02, +1.7170e-02, +4.5106e-02, +1.0448e-01, -3.2404e-02, +7.5255e-02, -1.2825e-02, +5.4688e-02, +1.0744e-01, +3.7292e-02, +1.3261e-02, +6.5556e-02, +2.2205e-02, +2.1951e-01, +5.2751e-02, +4.9256e-02, +8.0944e-02, +4.2102e-02, +1.3587e-01, -7.4342e-02, -1.5786e-01, +2.5212e-02, +7.6982e-02, -5.1635e-02, +6.6790e-02, -2.3580e-03, +8.2823e-02, -4.2885e-02, +1.1222e-01, +3.6186e-02, +4.3901e-01, +4.9855e-02, -5.4160e-02, +5.9453e-02, -1.4666e-02, +7.4636e-02, +6.1864e-02, +1.0750e-02, +8.1658e-02, +2.9269e-02, -1.4803e-02, -1.5479e-02, -1.1460e-01, -5.7057e-02, +3.4650e-02, +1.4979e-01, -9.3925e-02, -1.0000e+00
