-1.0000e+00, +1.9978e-02, -8.8714e-02, -4.0424e-02, -3.0563e-02, -9.1277e-02, -2.5122e-02, +8.8047e-03, -4.3836e-02, +3.0826e-02, -5.0374e-02, -1.9107e-02, +4.2789e-02, -1.2573e-01, -5.5458e-03, +8.0481e-03, -1.0555e-02, -8.6814e-03, -1.4451e-01, -1.7028e-01, -8.8055e-02, -1.8092e-01, +3.3046e-02, -6.6243e-02, +9.2335e-02, -1.3191e-01, -5.9087e-02, -1.7148e-01, -1.0123e-01, -6.5517e-02, -3.5432e-03, -8.1656e-02, -2.7058e-02, +3.2832e-03, -9.8533e-02, +2.1272e-01, +2.5767e-01, -3.8508e-02, +7.6642e-03, -4.9308e-02, -2.4264e-02, +9.2314e-02, +3.9495e-02, +1.1061e-01, -3.4607e-02, -1.0165e-01, -7.1406e-02, +2.5571e-01, +3.7257e-02, -8.6856e-03
+1.9978e-02, -1.0000e+00, +1.9566e-02, -2.5121e-02, -3.0455e-02, -1.6928e-02, +6.6542e-02, -1.0309e-01, -2.6353e-03, +4.4911e-02, -6.5213e-03, +6.4758e-02, +1.3702e-01, -1.0380e-02, -1.8974e-02, +1.2009e-02, +1.0057e-02, -8.2826e-02, -5.7279e-02, -7.8102e-02, +1.1630e-01, -1.1954e-01, -4.1606e-04, -2.1373e-02, -4.4748e-02, +6.4458e-02, -1.7641e-02, -7.7744e-02, -4.1089e-02, -1.7796e-02, -1.2202e-01, +4.5732e-02, -2.2976e-02, +2.8065e-02, -4.8250e-02, +1.4522e-02, +7.3872e-02, -9.1868e-02, +1.3600e-02, +2.0461e-01, -3.5361e-02, +2.0701e-02, +4.7510e-02, +5.4927e-03, -1.1220e-02, +1.9107e-02, -1.7124e-01, -1.5221e-02, +1.5828e-02, +2.7721e-02
-8.8714e-02, +1.9566e-02, -1.0000e+00, -1.4945e-01, +1.2702e-02, -1.8754e-01, -1.6614e-02, +1.0118e-01, -3.9310e-02, +8.2150e-02, -1.1375e-01, -1.3404e-01, +8.3339e-02, -1.5068e-01, -5.0075e-02, +5.1190e-02, +4.3530e-02, -1.7872e-02, +9.5474e-02, -7.5532e-02, -9.9220e-04, -6.3442e-02, +2.9147e-02, -1.3566e-01, -5.8092e-02, -7.3093e-02, -1.4159e-01, -1.5149e-01, -1.0854e-01, +7.2967e-02, -2.2800e-02, +8.6112e-02, +9.3246e-03, -2.1044e-02, -1.8902e-02, +8.1789e-02, -2.7794e-02, -4.2715e-02, -4.4622e-02, -1.7477e-02, +6.1665e-02, +6.7982e-02, -1.9050e-03, -1.6927e-01, -8.3090e-02, -1.2200e-01, -2.0890e-01, +7.0490e-03, -2.1235e-02, +9.6945e-03
-4.0424e-02, -2.5121e-02, -1.4945e-01, -1.0000e+00, +1.2828e-04, -7.1618e-02, -9.1461e-02, +9.7819e-02, -1.5151e-02, +7.6088e-02, -1.3154e-01, -1.0541e-01, -7.6735e-02, +1.3388e-02, +6.8796e-02, +4.8797e-02, +8.7826e-02, -3.6214e-02, +1.8665e-02, +2.7675e-03, -2.6582e-03, +3.6607e-03, +5.9019e-02, -1.8485e-01, -5.2151e-02, -1.1679e-01, -7.4678e-02, -9.8671e-02, -8.5754e-02, -5.1453e-03, -1.3114e-01, +9.8504e-02, -8.1020e-03, -7.4066e-02, -1.8022e-02, +2.1235e-01, -1.8679e-01, +5.2586e-03, -6.2617e-02, -4.0429e-02, +2.5524e-03, +9.9214e-04, -3.5288e-02, -3.1722e-02, -7.7101e-05, -9.3717e-02, -8.8669e-02, -5.1171e-02, -1.9392e-02, +2.3054e-02
-3.0563e-02, -3.0454e-02, +1.2702e-02, +1.2828e-04, -1.0000e+00, +2.7339e-03, -1.4036e-02, +1.6774e-02, +1.9317e-02, +4.0417e-02, -2.3270e-02, -1.0647e-01, +6.9999e-02, -7.2039e-02, -3.2185e-02, -1.2374e-02, +9.4585e-03, -1.8976e-02, -1.3794e-01, -1.3120e-01, +3.7873e-02, +5.2035e-02, +2.7417e-03, -3.2325e-02, +5.5830e-02, +1.4296e-03, -4.1409e-02, +6.7356e-03, -7.6456e-02, -1.4078e-01, +4.3358e-02, -4.5581e-02, +4.4653e-02, +9.1042e-03, -5.3420e-02, +1.9154e-02, +1.3950e-02, +3.2157e-03, -3.3069e-03, -1.8145e-02, +1.8766e-02, +7.8533e-02, +1.9388e-02, +5.0488e-02, -3.3748e-02, -4.4232e-02, -5.6458e-02, -5.4482e-03, +6.9711e-02, +1.1432e-02
-9.1277e-02, -1.6928e-02, -1.8754e-01, -7.1618e-02, +2.7339e-03, -1.0000e+00, -1.7934e-02, +2.3391e-01, +4.6714e-02, +3.6447e-02, -1.2868e-01, -8.0336e-02, -7.7408e-04, -1.0936e-01, -3.2034e-02, -3.8791e-03, -1.8118e-02, -7.1421e-02, -1.1572e-01, -5.8230e-02, +9.0806e-02, -1.1316e-01, -1.7040e-02, -6.2491e-02, -7.2315e-02, -1.1553e-01, -2.1559e-01, -4.9449e-02, -1.0058e-01, +3.3380e-02, -1.9000e-01, -6.5707e-02, -4.2257e-02, +3.9899e-02, -3.4475e-04, -1.1825e-01, -3.5592e-02, -5.0942e-02, -2.3986e-02, +2.1850e-02, +1.5204e-03, -3.0176e-03, -5.4006e-02, +7.3741e-02, -9.5956e-02, -8.5627e-02, -1.5021e-01, -1.6514e-01, +3.4558e-02, -2.9019e-02
-2.5122e-02, +6.6542e-02, -1.6614e-02, -9.1461e-02, -1.4036e-02, -1.7934e-02, -1.0000e+00, -1.5163e-02, +1.9243e-02, +2.7679e-02, -3.5612e-02, -9.2011e-02, +1.3853e-01, -4.1424e-02, -8.1442e-02, +5.1801e-02, +1.2293e-02, -3.0473e-02, -2.5613e-02, -9.5165e-02, -8.7024e-03, -6.8395e-02, -3.8623e-02, +1.3159e-03, -3.8654e-02, +1.5597e-01, -2.1460e-02, -5.5883e-02, -1.0320e-02, +3.3376e-02, +2.8502e-03, +5.9378e-02, +3.0016e-02, +6.2843e-02, +1.7152e-02, +1.1337e-02, +5.2730e-02, +3.0200e-02, -4.7036e-02, -8.2284e-02, -4.0223e-02, -1.7922e-02, -4.2130e-02, -4.7760e-02, -9.8434e-03, -4.5406e-02, -2.8651e-02, +8.0702e-03, +3.2067e-02, +1.1618e-02
+8.8047e-03, -1.0309e-01, +1.0118e-01, +9.7819e-02, +1.6774e-02, +2.3391e-01, -1.5163e-02, -1.0000e+00, -1.3684e-02, +2.0156e-02, +1.4853e-02, -3.5354e-03, -1.1545e-01, +1.3779e-01, +1.5575e-02, +2.4972e-01, +1.3608e-01, +1.7619e-02, +2.5275e-02, -7.2833e-02, +1.9149e-01, -3.9290e-03, +1.4543e-01, +9.1433e-02, +3.8865e-02, +1.1702e-02, +9.3535e-02, -2.8374e-02, +8.9874e-02, +7.2276e-02, +2.4258e-03, +8.0112e-02, +6.4985e-02, +4.9632e-02, -9.9733e-03, -2.1044e-02, +3.9189e-02, -1.0928e-02, +1.3183e-02, -7.2268e-02, -2.6071e-02, +1.4981e-02, +6.7947e-02, +1.5914e-01, +9.5130e-02, +8.9472e-02, -1.7643e-02, +7.0421e-02, +4.5297e-02, +3.2259e-01
-4.3836e-02, -2.6353e-03, -3.9310e-02, -1.5151e-02, +1.9317e-02, +4.6714e-02, +1.9243e-02, -1.3684e-02, -1.0000e+00, +6.9538e-03, +3.1986e-02, +2.9792e-02, +7.7117e-03, -2.4599e-03, +4.6525e-02, +6.6397e-02, -3.2887e-02, +7.4360e-02, +1.0504e-01, -1.2110e-01, +7.2227e-02, -8.5072e-03, -4.6234e-02, -5.9666e-02, +5.3492e-02, -1.8006e-02, +8.8493e-02, -2.1742e-02, -2.0740e-02, -1.6596e-02, +9.9810e-02, -2.7991e-03, -1.2169e-01, -5.8030e-02, +2.2766e-02, +5.2713e-02, +4.0600e-02, +1.0548e-01, +3.8560e-02, -4.1887e-02, +4.8250e-02, +5.7714e-02, +3.6509e-02, -3.2342e-02, -8.6328e-02, -1.5877e-02, +3.8112e-02, +4.1685e-02, +2.2371e-02, -1.3822e-01
+3.0826e-02, +4.4911e-02, +8.2150e-02, +7.6088e-02, +4.0417e-02, +3.6447e-02, +2.7679e-02, +2.0156e-02, +6.9538e-03, -1.0000e+00, +1.7358e-02, +6.8305e-02, +4.1778e-02, -2.1201e-02, +3.1315e-02, -7.8264e-03, +7.1838e-02, +6.0305e-02, +1.6461e-02, +6.6970e-02, -2.8386e-02, +2.2755e-02, +1.1519e-01, -9.1143e-02, +3.8906e-02, +6.0312e-02, -1.1500e-02, +1.6514e-02, +3.8955e-02, +4.2209e-02, -2.1050e-02, +8.5356e-04, +3.0661e-02, -2.1791e-02, +1.8990e-02, +9.7614e-03, +1.9872e-02, +3.8179e-02, +4.6093e-02, +2.0376e-02, +2.6671e-02, +6.0413e-02, -1.9405e-02, -1.4495e-02, +3.1838e-02, +6.1409e-02, +5.5633e-02, -5.5525e-02, +2.0907e-02, +2.0348e-02
-5.0374e-02, -6.5213e-03, -1.1375e-01, -1.3154e-01, -2.3270e-02, -1.2868e-01, -3.5612e-02, +1.4853e-02, +3.1986e-02, +1.7358e-02, -1.0000e+00, -2.2389e-02, -1.8804e-01, -9.9636e-03, -5.6225e-02, +1.5765e-01, -2.6804e-02, -1.6129e-01, -2.8163e-02, +6.3021e-02, +2.5240e-02, -7.0022e-02, +5.7355e-02, +7.5561e-02, +4.0122e-02, -1.1422e-01, -1.2878e-01, -9.0186e-02, -9.0517e-02, +1.1638e-01, -2.5472e-01, +2.5919e-02, -3.1365e-02, -9.7798e-02, -8.3695e-02, -1.2376e-01, -5.3211e-02, -1.2411e-01, -4.2360e-02, -2.0614e-02, -9.7070e-02, +2.2668e-01, -9.7918e-02, -2.2359e-02, -2.0966e-01, -7.1713e-03, -1.1770e-01, -7.1133e-02, +1.0509e-01, +1.9918e-01
-1.9107e-02, +6.4758e-02, -1.3404e-01, -1.0541e-01, -1.0647e-01, -8.0336e-02, -9.2010e-02, -3.5354e-03, +2.9792e-02, +6.8305e-02, -2.2389e-02, -1.0000e+00, +2.4619e-01, -1.5636e-01, -9.6468e-02, +1.8078e-02, +8.8603e-02, -4.6249e-02, -1.4046e-02, -2.6507e-02, -3.7521e-02, +5.0648e-02, +9.3281e-02, -5.7816e-02, -7.9097e-02, +4.5905e-03, -6.6903e-02, +9.2828e-04, -5.2114e-02, +4.0584e-02, -5.3242e-03, +6.5604e-03, +6.9482e-02, +6.6144e-02, +2.0245e-02, +8.5567e-03, -2.5067e-02, -9.6876e-03, -1.0711e-01, -4.3892e-02, +6.5860e-03, -1.0065e-03, -2.0258e-03, -1.3101e-01, +5.8130e-02, -5.9784e-02, -9.3572e-02, -4.0101e-02, +2.7796e-02, +3.4730e-02
+4.2789e-02, +1.3702e-01, +8.3339e-02, -7.6735e-02, +6.9999e-02, -7.7409e-04, +1.3853e-01, -1.1545e-01, +7.7116e-03, +4.1778e-02, -1.8804e-01, +2.4619e-01, -1.0000e+00, +1.7440e-01, +4.8528e-02, +1.3933e-01, +1.0854e-01, -1.2634e-01, -2.4866e-02, +1.0349e-01, +8.3531e-02, -4.3909e-02, +1.1356e-01, -1.4030e-02, -8.9106e-02, -7.8930e-02, +1.2001e-02, +7.0235e-02, -3.4477e-02, -6.9433e-02, -1.2294e-01, -5.2543e-02, +1.7108e-03, -3.2643e-03, -7.5798e-02, +1.1056e-01, +8.7597e-03, -4.5293e-02, -8.0652e-03, +4.7554e-02, -1.3400e-01, -5.0593e-02, -9.3010e-02, +1.0201e-01, -1.6158e-01, -7.9795e-03, +1.1807e-01, -1.1810e-01, -2.5810e-02, -8.8194e-02
-1.2573e-01, -1.0380e-02, -1.5068e-01, +1.3388e-02, -7.2039e-02, -1.0936e-01, -4.1424e-02, +1.3779e-01, -2.4599e-03, -2.1201e-02, -9.9636e-03, -1.5636e-01, +1.7440e-01, -1.0000e+00, -4.7555e-02, -1.3921e-01, +6.9507e-02, -2.3604e-02, -8.5867e-02, -6.6576e-02, -1.4119e-02, -8.7960e-02, +2.6191e-02, -1.1086e-01, -7.1565e-03, -4.9021e-02, -1.3305e-01, -1.1704e-01, -9.7183e-02, -9.1348e-02, -1.4273e-02, -2.3151e-01, +6.3695e-02, +7.0901e-02, +3.0034e-02, -4.2307e-02, +2.9644e-01, -3.8693e-02, -3.5843e-02, +3.3932e-03, -6.8590e-02, -5.6242e-02, -4.4565e-02, +6.2018e-02, -1.9495e-03, -4.2440e-02, +2.3261e-02, -4.9066e-02, -6.5443e-02, +2.3983e-03
-5.5458e-03, -1.8974e-02, -5.0075e-02, +6.8796e-02, -3.2185e-02, -3.2034e-02, -8.1442e-02, +1.5575e-02, +4.6525e-02, +3.1315e-02, -5.6225e-02, -9.6468e-02, +4.8528e-02, -4.7555e-02, -1.0000e+00, -5.4667e-02, -7.0129e-02, -3.5860e-02, -9.4165e-02, -1.0145e-01, +4.3002e-02, -5.0743e-02, -9.3046e-02, +2.1376e-02, +1.2249e-03, +9.9021e-02, -3.3873e-02, -5.6363e-02, -5.2324e-02, +7.8526e-02, -1.1103e-01, +1.8739e-02, -4.1106e-02, +4.9173e-02, -1.5357e-02, +5.9525e-02, +2.3119e-01, -6.4433e-02, -2.1514e-02, +2.9606e-02, -6.2496e-02, +6.0595e-02, +5.9411e-02, -1.1381e-01, -3.4672e-02, +1.2392e-02, -8.0255e-02, +1.8020e-01, +2.8422e-02, +5.2391e-02
+8.0481e-03, +1.2009e-02, +5.1190e-02, +4.8797e-02, -1.2374e-02, -3.8792e-03, +5.1801e-02, +2.4972e-01, +6.6397e-02, -7.8264e-03, +1.5765e-01, +1.8078e-02, +1.3933e-01, -1.3921e-01, -5.4667e-02, -1.0000e+00, +4.3572e-02, -3.2482e-02, +1.0917e-02, -2.7718e-02, +3.0368e-01, +4.2986e-02, +6.1465e-02, +4.9388e-02, +1.2067e-02, +2.0595e-01, +1.1766e-02, -4.1874e-02, +2.1667e-02, +1.0536e-01, +3.6850e-02, +2.8114e-02, -5.2278e-03, -7.1290e-03, +6.8427e-02, +7.3659e-02, +7.9543e-02, -7.8877e-02, +7.6272e-02, +1.4861e-01, +7.7038e-03, +6.6698e-02, +8.9754e-02, +1.1825e-01, +6.2794e-02, -5.3346e-02, +6.3224e-02, +1.5282e-01, +2.2902e-02, +9.4420e-02
-1.0555e-02, +1.0057e-02, +4.3530e-02, +8.7826e-02, +9.4585e-03, -1.8118e-02, +1.2293e-02, +1.3608e-01, -3.2887e-02, +7.1838e-02, -2.6804e-02, +8.8603e-02, +1.0854e-01, +6.9507e-02, -7.0129e-02, +4.3572e-02, -1.0000e+00, -4.0063e-02, -2.5914e-02, -2.5338e-03, +4.2573e-02, +7.3836e-02, +1.5985e-01, +8.0518e-02, +4.3011e-02, -2.7328e-02, +2.8393e-02, -2.8527e-03, +5.9429e-02, -3.4860e-02, +7.0149e-02, -2.7249e-02, -9.0381e-02, -9.2004e-03, -3.2035e-02, +1.1282e-02, +9.8280e-02, -4.0085e-02, +6.9022e-02, -4.1315e-02, -1.2347e-02, -2.2405e-02, -3.9524e-02, -6.0206e-03, +1.2840e-01, +9.1036e-02, -1.1987e-02, +8.1187e-02, -3.0170e-02, +3.7435e-02
-8.6814e-03, -8.2826e-02, -1.7872e-02, -3.6214e-02, -1.8976e-02, -7.1421e-02, -3.0473e-02, +1.7619e-02, +7.4360e-02, +6.0305e-02, -1.6129e-01, -4.6249e-02, -1.2634e-01, -2.3604e-02, -3.5860e-02, -3.2482e-02, -4.0063e-02, -1.0000e+00, -3.7501e-04, -7.0715e-03, +4.4818e-02, -3.2740e-02, +5.1510e-02, +7.2450e-02, -5.1117e-02, -6.0674e-02, -1.4764e-02, -6.3693e-02, -7.5447e-02, +1.9474e-02, -7.6771e-02, -5.6934e-02, +8.7250e-03, +1.3560e-02, -3.6887e-02, +7.3682e-02, +4.6126e-02, -3.0581e-02, +1.4266e-02, +2.1715e-02, -3.2646e-02, +4.5880e-02, +2.0785e-02, +4.4115e-02, -3.2932e-02, -1.8773e-02, -1.3077e-02, -2.7363e-02, +2.3640e-02, +4.4871e-02
-1.4451e-01, -5.7279e-02, +9.5474e-02, +1.8665e-02, -1.3794e-01, -1.1572e-01, -2.5613e-02, +2.5275e-02, +1.0504e-01, +1.6461e-02, -2.8163e-02, -1.4046e-02, -2.4866e-02, -8.5867e-02, -9.4165e-02, +1.0917e-02, -2.5914e-02, -3.7500e-04, -1.0000e+00, -2.4626e-02, +4.1234e-02, -2.0337e-01, -7.2016e-02, -3.3890e-02, +2.4053e-02, -1.5100e-01, -6.1004e-02, -2.4096e-03, +3.0128e-02, +1.3996e-03, -7.6056e-02, -1.5063e-01, -2.3816e-02, +6.6682e-02, -1.5088e-02, +5.7547e-02, +2.0110e-01, -1.2134e-01, -1.2991e-01, +2.4110e-02, +6.3203e-03, -1.7618e-02, -4.2633e-02, +1.4662e-01, -6.6090e-02, +2.3052e-02, -1.3903e-02, +5.3371e-02, +4.9344e-02, +1.5148e-02
-1.7028e-01, -7.8102e-02, -7.5532e-02, +2.7675e-03, -1.3120e-01, -5.8230e-02, -9.5165e-02, -7.2833e-02, -1.2110e-01, +6.6970e-02, +6.3021e-02, -2.6507e-02, +1.0349e-01, -6.6576e-02, -1.0145e-01, -2.7718e-02, -2.5338e-03, -7.0715e-03, -2.4626e-02, -1.0000e+00, +8.8870e-02, +1.0536e-01, +5.7570e-02, -2.2731e-01, +4.2236e-02, -1.1970e-01, -1.1149e-01, -1.9935e-01, -2.6579e-01, -5.5357e-02, -1.2007e-01, -4.6966e-02, -1.6993e-02, +1.4742e-01, +4.5593e-03, +1.6848e-01, +1.4698e-01, +6.9444e-02, -1.5223e-01, -2.6948e-02, -2.7682e-02, +2.1646e-01, -1.2738e-02, +3.2614e-01, -1.2316e-01, +5.5452e-02, -1.5333e-01, +1.9547e-01, +4.8055e-03, -3.0163e-04
-8.8055e-02, +1.1630e-01, -9.9220e-04, -2.6582e-03, +3.7873e-02, +9.0806e-02, -8.7024e-03, +1.9149e-01, +7.2227e-02, -2.8386e-02, +2.5240e-02, -3.7522e-02, +8.3531e-02, -1.4119e-02, +4.3002e-02, +3.0368e-01, +4.2573e-02, +4.4818e-02, +4.1234e-02, +8.8870e-02, -1.0000e+00, -1.4385e-02, +4.8122e-02, +1.1903e-01, -3.0879e-02, +2.8545e-02, +1.2189e-01, +1.3300e-01, +1.4018e-02, -5.3248e-02, -1.3035e-03, -2.4830e-02, -7.4264e-03, +9.5468e-03, +3.4966e-02, +4.7638e-02, +1.0821e-02, +4.9950e-02, -3.5043e-02, -1.8496e-02, +1.2026e-01, +2.9131e-02, -5.0545e-02, -5.2836e-02, +3.1764e-01, +4.0701e-02, +4.9114e-02, +2.0705e-01, -1.9461e-02, +5.6046e-02
-1.8092e-01, -1.1954e-01, -6.3442e-02, +3.6607e-03, +5.2035e-02, -1.1316e-01, -6.8395e-02, -3.9290e-03, -8.5072e-03, +2.2755e-02, -7.0022e-02, +5.0648e-02, -4.3909e-02, -8.7960e-02, -5.0743e-02, +4.2986e-02, +7.3836e-02, -3.2740e-02, -2.0337e-01, +1.0536e-01, -1.4385e-02, -1.0000e+00, +5.7130e-02, -4.4922e-02, -2.5742e-02, -2.8083e-02, -1.4165e-01, -3.2730e-02, +4.6699e-02, -3.7773e-02, -1.2150e-01, -6.7883e-02, -1.9550e-02, -2.2676e-02, +2.1805e-02, -8.2301e-03, +2.1432e-01, -1.0699e-01, +1.2092e-02, +4.5128e-02, -7.2205e-02, +9.0220e-03, +2.6558e-02, +1.3709e-01, -1.2574e-01, -5.7575e-02, -1.3166e-01, +2.7130e-02, -4.3718e-02, +2.3093e-02
+3.3046e-02, -4.1606e-04, +2.9147e-02, +5.9019e-02, +2.7417e-03, -1.7040e-02, -3.8623e-02, +1.4543e-01, -4.6234e-02, +1.1519e-01, +5.7355e-02, +9.3281e-02, +1.1356e-01, +2.6191e-02, -9.3046e-02, +6.1465e-02, +1.5985e-01, +5.1510e-02, -7.2016e-02, +5.7570e-02, +4.8122e-02, +5.7130e-02, -1.0000e+00, -4.4384e-02, +2.1733e-02, -1.0985e-01, +4.9486e-02, -1.8231e-02, +5.5742e-03, -5.3726e-03, +7.9734e-02, -7.5186e-02, -1.0967e-01, -2.8823e-02, -3.5394e-02, -6.8040e-03, +3.2012e-02, +3.5338e-03, +3.3623e-02, +1.8420e-02, -4.2675e-02, -1.0810e-03, -6.2445e-02, -3.4230e-02, +1.1684e-01, -2.6126e-02, -9.2254e-03, -1.5802e-02, -1.7566e-02, +6.2474e-02
-6.6243e-02, -2.1373e-02, -1.3566e-01, -1.8485e-01, -3.2325e-02, -6.2491e-02, +1.3159e-03, +9.1433e-02, -5.9666e-02, -9.1143e-02, +7.5561e-02, -5.7816e-02, -1.4030e-02, -1.1086e-01, +2.1376e-02, +4.9388e-02, +8.0518e-02, +7.2450e-02, -3.3890e-02, -2.2731e-01, +1.1903e-01, -4.4922e-02, -4.4384e-02, -1.0000e+00, -3.1602e-02, -1.6339e-01, -1.6927e-01, -4.9770e-02, -5.9967e-02, -9.3856e-02, -2.4118e-02, -1.8247e-02, +1.1909e-02, +4.4860e-02, -1.2365e-01, +3.6004e-02, -8.3348e-02, +1.0031e-01, -3.1784e-02, -2.2942e-02, +6.6859e-02, -1.7234e-02, -1.8033e-01, +1.0635e-01, -7.8735e-02, -1.1772e-01, -1.3924e-01, -1.6053e-01, -1.9311e-03, +4.7166e-02
+9.2335e-02, -4.4748e-02, -5.8092e-02, -5.2151e-02, +5.5830e-02, -7.2315e-02, -3.8654e-02, +3.8865e-02, +5.3492e-02, +3.8906e-02, +4.0122e-02, -7.9097e-02, -8.9106e-02, -7.1565e-03, +1.2249e-03, +1.2067e-02, +4.3011e-02, -5.1117e-02, +2.4053e-02, +4.2236e-02, -3.0879e-02, -2.5742e-02, +2.1733e-02, -3.1602e-02, -1.0000e+00, -6.3295e-03, -6.1456e-02, +1.4660e-02, -1.9935e-03, +1.2767e-02, -3.1875e-02, +4.5835e-04, -6.8188e-03, +2.3030e-02, +1.1407e-02, +7.2870e-02, -1.2417e-01, -7.2886e-02, +2.7555e-02, +1.6579e-02, -6.2951e-02, +1.0070e-01, -1.0482e-01, -1.8681e-01, +9.0461e-03, -4.8332e-04, -5.0923e-02, +2.6293e-02, -1.1564e-03, -4.9961e-03
-1.3191e-01, +6.4458e-02, -7.3093e-02, -1.1679e-01, +1.4296e-03, -1.1553e-01, +1.5597e-01, +1.1702e-02, -1.8006e-02, +6.0312e-02, -1.1422e-01, +4.5905e-03, -7.8930e-02, -4.9021e-02, +9.9021e-02, +2.0595e-01, -2.7328e-02, -6.0674e-02, -1.5100e-01, -1.1970e-01, +2.8545e-02, -2.8083e-02, -1.0985e-01, -1.6339e-01, -6.3295e-03, -1.0000e+00, -1.2194e-01, -8.0019e-02, -1.1091e-01, -8.2099e-02, -1.2242e-01, +1.2448e-01, +3.5753e-02, -2.1073e-02, -6.7900e-02, +3.8781e-02, -2.9652e-02, +3.7303e-03, +2.3653e-03, +9.6069e-02, -1.0719e-01, -5.2462e-02, -3.8005e-02, +7.8850e-02, -1.7738e-02, +2.7520e-02, -4.7720e-02, -5.4708e-02, -1.6450e-01, +2.1897e-02
-5.9087e-02, -1.7641e-02, -1.4159e-01, -7.4678e-02, -4.1409e-02, -2.1559e-01, -2.1460e-02, +9.3535e-02, +8.8493e-02, -1.1500e-02, -1.2878e-01, -6.6903e-02, +1.2001e-02, -1.3305e-01, -3.3873e-02, +1.1766e-02, +2.8393e-02, -1.4764e-02, -6.1004e-02, -1.1149e-01, +1.2189e-01, -1.4165e-01, +4.9486e-02, -1.6927e-01, -6.1456e-02, -1.2194e-01, -1.0000e+00, -1.2150e-01, -2.0784e-01, -5.4296e-02, -1.5380e-01, -6.4374e-02, +1.0548e-02, -1.4844e-02, -4.1972e-02, -1.2423e-01, -9.4003e-02, -4.9794e-02, -3.4003e-02, -4.4694e-02, +2.8405e-02, +8.4158e-02, -5.8174e-02, +3.4394e-02, -7.8085e-02, -7.3528e-02, -1.7212e-01, -8.5395e-02, +8.1641e-02, +7.9232e-02
-1.7148e-01, -7.7744e-02, -1.5149e-01, -9.8671e-02, +6.7356e-03, -4.9449e-02, -5.5883e-02, -2.8374e-02, -2.1742e-02, +1.6514e-02, -9.0186e-02, +9.2827e-04, +7.0235e-02, -1.1704e-01, -5.6363e-02, -4.1874e-02, -2.8527e-03, -6.3693e-02, -2.4096e-03, -1.9935e-01, +1.3300e-01, -3.2730e-02, -1.8231e-02, -4.9770e-02, +1.4660e-02, -8.0019e-02, -1.2150e-01, -1.0000e+00, -1.0298e-01, +1.2904e-01, -3.6323e-02, +1.8455e-02, +3.6438e-02, +2.5204e-02, +5.0894e-02, +1.0240e-01, +1.0279e-01, -4.8528e-02, -3.5049e-02, -1.8989e-02, +2.8102e-02, +1.3276e-01, +2.8509e-03, +2.5963e-02, -7.9409e-02, -2.0816e-02, -1.0601e-01, +1.6612e-01, +3.6632e-02, -3.0513e-02
-1.0123e-01, -4.1089e-02, -1.0854e-01, -8.5754e-02, -7.6456e-02, -1.0058e-01, -1.0320e-02, +8.9874e-02, -2.0740e-02, +3.8955e-02, -9.0517e-02, -5.2114e-02, -3.4477e-02, -9.7183e-02, -5.2324e-02, +2.1667e-02, +5.9429e-02, -7.5447e-02, +3.0128e-02, -2.6579e-01, +1.4018e-02, +4.6699e-02, +5.5742e-03, -5.9967e-02, -1.9934e-03, -1.1091e-01, -2.0784e-01, -1.0298e-01, -1.0000e+00, -2.2871e-02, -1.4711e-01, -4.8876e-02, +3.2959e-02, +5.5580e-02, -9.0606e-02, +1.0086e-02, +6.2892e-02, -1.2181e-01, -4.1996e-02, +3.0176e-02, +1.3702e-03, +7.9852e-02, +1.3948e-02, +5.6738e-02, -6.9172e-02, +5.4572e-02, -9.5580e-02, +6.5082e-03, +6.9645e-02, +1.8390e-03
-6.5517e-02, -1.7796e-02, +7.2967e-02, -5.1453e-03, -1.4078e-01, +3.3380e-02, +3.3376e-02, +7.2276e-02, -1.6596e-02, +4.2209e-02, +1.1638e-01, +4.0583e-02, -6.9433e-02, -9.1348e-02, +7.8526e-02, +1.0536e-01, -3.4860e-02, +1.9474e-02, +1.3996e-03, -5.5357e-02, -5.3248e-02, -3.7773e-02, -5.3726e-03, -9.3856e-02, +1.2767e-02, -8.2099e-02, -5.4296e-02, +1.2904e-01, -2.2871e-02, -1.0000e+00, +9.9686e-02, -1.4038e-01, +3.3912e-02, +1.2419e-02, -6.1168e-02, +2.8253e-02, -2.4110e-02, +1.5160e-01, +9.3263e-02, -8.2552e-02, +1.2277e-01, +1.3081e-02, +1.0172e-02, +1.5117e-01, +8.8074e-02, -7.6810e-02, +4.1025e-02, -1.5500e-01, -9.5985e-02, -9.4097e-02
-3.5432e-03, -1.2202e-01, -2.2800e-02, -1.3114e-01, +4.3358e-02, -1.9000e-01, +2.8502e-03, +2.4258e-03, +9.9810e-02, -2.1050e-02, -2.5472e-01, -5.3242e-03, -1.2294e-01, -1.4273e-02, -1.1103e-01, +3.6850e-02, +7.0149e-02, -7.6771e-02, -7.6056e-02, -1.2007e-01, -1.3035e-03, -1.2150e-01, +7.9734e-02, -2.4118e-02, -3.1875e-02, -1.2242e-01, -1.5380e-01, -3.6323e-02, -1.4711e-01, +9.9686e-02, -1.0000e+00, +3.6060e-02, -9.7046e-02, -4.7205e-02, +5.0699e-02, +2.2085e-02, +4.5125e-02, -1.2729e-01, +1.3698e-02, +9.1997e-02, -2.1252e-01, +1.1787e-01, +1.1382e-03, +7.1046e-02, -1.1311e-01, -3.3223e-03, -1.7042e-01, +7.9309e-02, +9.2695e-02, +1.2979e-01
-8.1656e-02, +4.5732e-02, +8.6112e-02, +9.8504e-02, -4.5581e-02, -6.5707e-02, +5.9378e-02, +8.0112e-02, -2.7991e-03, +8.5356e-04, +2.5919e-02, +6.5604e-03, -5.2543e-02, -2.3151e-01, +1.8739e-02, +2.8114e-02, -2.7249e-02, -5.6934e-02, -1.5063e-01, -4.6966e-02, -2.4830e-02, -6.7883e-02, -7.5186e-02, -1.8247e-02, +4.5836e-04, +1.2448e-01, -6.4374e-02, +1.8455e-02, -4.8876e-02, -1.4038e-01, +3.6060e-02, -1.0000e+00, +6.3621e-02, +1.9685e-01, +6.6042e-02, +1.2184e-01, +1.9969e-01, -9.6665e-02, -2.1304e-02, -1.1134e-01, -1.1651e-02, +2.0392e-01, -1.2996e-01, +3.4547e-01, -3.3870e-03, -3.4109e-02, -3.1480e-02, +1.6450e-01, +7.6318e-02, -1.4448e-01
-2.7058e-02, -2.2976e-02, +9.3246e-03, -8.1020e-03, +4.4653e-02, -4.2257e-02, +3.0016e-02, +6.4985e-02, -1.2169e-01, +3.0661e-02, -3.1365e-02, +6.9482e-02, +1.7108e-03, +6.3695e-02, -4.1106e-02, -5.2278e-03, -9.0381e-02, +8.7250e-03, -2.3816e-02, -1.6993e-02, -7.4264e-03, -1.9550e-02, -1.0967e-01, +1.1909e-02, -6.8188e-03, +3.5753e-02, +1.0548e-02, +3.6438e-02, +3.2959e-02, +3.3912e-02, -9.7046e-02, +6.3621e-02, -1.0000e+00, +7.8686e-04, +1.0636e-02, +8.1240e-02, -6.5612e-02, +1.2805e-02, -1.2725e-04, +8.3494e-02, -5.8100e-03, +9.2949e-02, +8.8590e-02, -6.2392e-02, -4.8299e-02, -2.8769e-02, -4.2844e-02, +1.4579e-01, +9.1772e-03, +3.6553e-02
+3.2832e-03, +2.8065e-02, -2.1044e-02, -7.4066e-02, +9.1042e-03, +3.9899e-02, +6.2843e-02, +4.9632e-02, -5.8030e-02, -2.1791e-02, -9.7798e-02, +6.6144e-02, -3.2643e-03, +7.0901e-02, +4.9173e-02, -7.1290e-03, -9.2004e-03, +1.3560e-02, +6.6682e-02, +1.4742e-01, +9.5468e-03, -2.2676e-02, -2.8823e-02, +4.4860e-02, +2.3030e-02, -2.1073e-02, -1.4844e-02, +2.5204e-02, +5.5580e-02, +1.2419e-02, -4.7205e-02, +1.9685e-01, +7.8685e-04, -1.0000e+00, -8.6978e-03, +2.8985e-02, -1.3136e-01, +1.9839e-02, +9.3475e-02, +3.4152e-02, +5.0335e-03, +3.4115e-02, +2.7709e-01, -1.5600e-01, -2.0628e-02, -8.4970e-03, +3.3994e-03, +4.5916e-03, +6.2927e-02, +9.0671e-02
-9.8532e-02, -4.8250e-02, -1.8902e-02, -1.8022e-02, -5.3420e-02, -3.4476e-04, +1.7152e-02, -9.9733e-03, +2.2766e-02, +1.8990e-02, -8.3695e-02, +2.0245e-02, -7.5798e-02, +3.0034e-02, -1.5357e-02, +6.8427e-02, -3.2035e-02, -3.6886e-02, -1.5088e-02, +4.5593e-03, +3.4966e-02, +2.1805e-02, -3.5394e-02, -1.2365e-01, +1.1407e-02, -6.7900e-02, -4.1972e-02, +5.0894e-02, -9.0606e-02, -6.1168e-02, +5.0699e-02, +6.6042e-02, +1.0636e-02, -8.6978e-03, -1.0000e+00, +2.0430e-03, +1.1742e-02, +3.2556e-02, -3.9400e-02, +6.8735e-02, +4.8622e-05, +3.8970e-02, +1.0179e-02, +2.7693e-02, -3.2366e-02, -7.5831e-02, +2.0063e-02, -1.3350e-01, +5.1558e-02, +3.1339e-02
+2.1272e-01, +1.4522e-02, +8.1789e-02, +2.1235e-01, +1.9154e-02, -1.1825e-01, +1.1337e-02, -2.1044e-02, +5.2713e-02, +9.7614e-03, -1.2376e-01, +8.5567e-03, +1.1056e-01, -4.2307e-02, +5.9525e-02, +7.3659e-02, +1.1282e-02, +7.3682e-02, +5.7547e-02, +1.6848e-01, +4.7638e-02, -8.2301e-03, -6.8040e-03, +3.6004e-02, +7.2870e-02, +3.8781e-02, -1.2423e-01, +1.0240e-01, +1.0086e-02, +2.8253e-02, +2.2085e-02, +1.2184e-01, +8.1240e-02, +2.8985e-02, +2.0430e-03, -1.0000e+00, -1.0442e-01, +2.4930e-02, -1.5572e-02, +1.0148e-01, +2.9757e-02, +5.7835e-02, -2.1260e-02, -1.2979e-02, +1.0290e-01, +6.1329e-02, +9.0887e-02, -4.6239e-01, -1.3578e-02, +2.9157e-02
+2.5767e-01, +7.3872e-02, -2.7794e-02, -1.8679e-01, +1.3950e-02, -3.5592e-02, +5.2730e-02, +3.9189e-02, +4.0600e-02, +1.9872e-02, -5.3211e-02, -2.5067e-02, +8.7596e-03, +2.9644e-01, +2.3119e-01, +7.9543e-02, +9.8280e-02, +4.6126e-02, +2.0110e-01, +1.4698e-01, +1.0821e-02, +2.1432e-01, +3.2012e-02, -8.3348e-02, -1.2417e-01, -2.9652e-02, -9.4003e-02, +1.0279e-01, +6.2892e-02, -2.4110e-02, +4.5125e-02, +1.9969e-01, -6.5612e-02, -1.3136e-01, +1.1742e-02, -1.0442e-01, -1.0000e+00, +1.5576e-01, +8.5094e-03, +1.2446e-02, +2.2598e-01, +1.4999e-01, +2.4084e-02, -3.2240e-02, +1.9382e-01, -8.2796e-02, +6.3412e-02, -2.4205e-01, -1.0743e-01, +7.7822e-02
-3.8508e-02, -9.1868e-02, -4.2715e-02, +5.2586e-03, +3.2157e-03, -5.0942e-02, +3.0200e-02, -1.0928e-02, +1.0548e-01, +3.8179e-02, -1.2411e-01, -9.6876e-03, -4.5293e-02, -3.8692e-02, -6.4433e-02, -7.8877e-02, -4.0085e-02, -3.0581e-02, -1.2134e-01, +6.9444e-02, +4.9950e-02, -1.0699e-01, +3.5338e-03, +1.0031e-01, -7.2886e-02, +3.7303e-03, -4.9794e-02, -4.8528e-02, -1.2181e-01, +1.5160e-01, -1.2729e-01, -9.6665e-02, +1.2805e-02, +1.9839e-02, +3.2556e-02, +2.4930e-02, +1.5576e-01, -1.0000e+00, -3.9083e-02, +6.7347e-02, -1.2237e-01, +9.4986e-02, +1.4413e-03, -6.0363e-02, -4.4442e-02, -1.0138e-03, -4.9422e-02, +1.3006e-01, -4.3934e-02, +3.8153e-02
+7.6642e-03, +1.3600e-02, -4.4622e-02, -6.2617e-02, -3.3069e-03, -2.3986e-02, -4.7036e-02, +1.3183e-02, +3.8560e-02, +4.6093e-02, -4.2360e-02, -1.0711e-01, -8.0652e-03, -3.5843e-02, -2.1514e-02, +7.6272e-02, +6.9022e-02, +1.4266e-02, -1.2991e-01, -1.5223e-01, -3.5043e-02, +1.2092e-02, +3.3623e-02, -3.1784e-02, +2.7555e-02, +2.3653e-03, -3.4003e-02, -3.5049e-02, -4.1996e-02, +9.3263e-02, +1.3698e-02, -2.1304e-02, -1.2726e-04, +9.3475e-02, -3.9400e-02, -1.5572e-02, +8.5094e-03, -3.9083e-02, -1.0000e+00, +1.6432e-02, +1.2511e-02, -3.1541e-02, -8.7579e-02, -4.6522e-02, -4.1632e-02, +2.6891e-02, -1.0634e-01, -2.9792e-02, +3.4847e-02, +6.8027e-02
-4.9308e-02, +2.0461e-01, -1.7477e-02, -4.0429e-02, -1.8145e-02, +2.1850e-02, -8.2284e-02, -7.2268e-02, -4.1887e-02, +2.0376e-02, -2.0614e-02, -4.3892e-02, +4.7554e-02, +3.3932e-03, +2.9606e-02, +1.4861e-01, -4.1315e-02, +2.1715e-02, +2.4110e-02, -2.6948e-02, -1.8496e-02, +4.5128e-02, +1.8420e-02, -2.2942e-02, +1.6579e-02, +9.6069e-02, -4.4694e-02, -1.8989e-02, +3.0176e-02, -8.2552e-02, +9.1997e-02, -1.1134e-01, +8.3494e-02, +3.4152e-02, +6.8735e-02, +1.0148e-01, +1.2446e-02, +6.7347e-02, +1.6432e-02, -1.0000e+00, +2.9380e-02, +1.7084e-02, -7.7213e-02, -8.7106e-03, -2.9599e-02, -3.2406e-02, +1.6158e-02, +7.8243e-02, +2.7219e-02, -1.5407e-02
-2.4264e-02, -3.5361e-02, +6.1665e-02, +2.5524e-03, +1.8766e-02, +1.5204e-03, -4.0223e-02, -2.6071e-02, +4.8250e-02, +2.6671e-02, -9.7070e-02, +6.5860e-03, -1.3400e-01, -6.8590e-02, -6.2496e-02, +7.7038e-03, -1.2347e-02, -3.2646e-02, +6.3203e-03, -2.7682e-02, +1.2026e-01, -7.2205e-02, -4.2675e-02, +6.6859e-02, -6.2951e-02, -1.0719e-01, +2.8405e-02, +2.8102e-02, +1.3702e-03, +1.2277e-01, -2.1252e-01, -1.1651e-02, -5.8100e-03, +5.0335e-03, +4.8633e-05, +2.9757e-02, +2.2598e-01, -1.2237e-01, +1.2511e-02, +2.9380e-02, -1.0000e+00, +1.9493e-02, -4.0296e-02, -1.1398e-01, -1.8928e-01, +9.2226e-02, -4.1285e-02, +5.5548e-02, -5.6997e-02, +3.0023e-02
+9.2314e-02, +2.0701e-02, +6.7982e-02, +9.9213e-04, +7.8533e-02, -3.0177e-03, -1.7922e-02, +1.4981e-02, +5.7714e-02, +6.0413e-02, +2.2668e-01, -1.0065e-03, -5.0592e-02, -5.6242e-02, +6.0595e-02, +6.6698e-02, -2.2405e-02, +4.5880e-02, -1.7618e-02, +2.1646e-01, +2.9131e-02, +9.0220e-03, -1.0810e-03, -1.7234e-02, +1.0070e-01, -5.2462e-02, +8.4158e-02, +1.3276e-01, +7.9851e-02, +1.3081e-02, +1.1787e-01, +2.0392e-01, +9.2949e-02, +3.4115e-02, +3.8970e-02, +5.7835e-02, +1.4999e-01, +9.4986e-02, -3.1541e-02, +1.7084e-02, +1.9493e-02, -1.0000e+00, +3.2585e-02, +8.0695e-02, +3.8892e-02, +6.8771e-02, +5.0013e-02, -3.4618e-01, +6.3225e-02, +1.3662e-02
+3.9495e-02, +4.7510e-02, -1.9050e-03, -3.5288e-02, +1.9388e-02, -5.4006e-02, -4.2130e-02, +6.7947e-02, +3.6509e-02, -1.9405e-02, -9.7918e-02, -2.0257e-03, -9.3010e-02, -4.4565e-02, +5.9411e-02, +8.9754e-02, -3.9524e-02, +2.0785e-02, -4.2633e-02, -1.2738e-02, -5.0545e-02, +2.6558e-02, -6.2445e-02, -1.8033e-01, -1.0482e-01, -3.8005e-02, -5.8174e-02, +2.8509e-03, +1.3948e-02, +1.0172e-02, +1.1382e-03, -1.2996e-01, +8.8590e-02, +2.7709e-01, +1.0179e-02, -2.1260e-02, +2.4084e-02, +1.4413e-03, -8.7579e-02, -7.7213e-02, -4.0296e-02, +3.2585e-02, -1.0000e+00, -1.1407e-01, -1.2085e-01, +9.0936e-02, +3.4121e-03, -2.4271e-02, +1.4008e-02, +8.2277e-02
+1.1061e-01, +5.4927e-03, -1.6927e-01, -3.1722e-02, +5.0488e-02, +7.3741e-02, -4.7760e-02, +1.5914e-01, -3.2342e-02, -1.4495e-02, -2.2359e-02, -1.3101e-01, +1.0201e-01, +6.2018e-02, -1.1381e-01, +1.1825e-01, -6.0206e-03, +4.4115e-02, +1.4662e-01, +3.2614e-01, -5.2836e-02, +1.3709e-01, -3.4230e-02, +1.0635e-01, -1.8681e-01, +7.8850e-02, +3.4394e-02, +2.5963e-02, +5.6738e-02, +1.5117e-01, +7.1046e-02, +3.4547e-01, -6.2392e-02, -1.5600e-01, +2.7693e-02, -1.2979e-02, -3.2240e-02, -6.0363e-02, -4.6522e-02, -8.7107e-03, -1.1398e-01, +8.0695e-02, -1.1407e-01, -1.0000e+00, -2.4871e-01, +1.8704e-02, +4.6522e-03, +1.0855e-01, +9.9443e-03, -1.4966e-02
-3.4607e-02, -1.1220e-02, -8.3090e-02, -7.7093e-05, -3.3748e-02, -9.5956e-02, -9.8434e-03, +9.5130e-02, -8.6328e-02, +3.1838e-02, -2.0966e-01, +5.8130e-02, -1.6158e-01, -1.9495e-03, -3.4672e-02, +6.2794e-02, +1.2840e-01, -3.2932e-02, -6.6090e-02, -1.2316e-01, +3.1764e-01, -1.2574e-01, +1.1684e-01, -7.8735e-02, +9.0461e-03, -1.7738e-02, -7.8085e-02, -7.9409e-02, -6.9172e-02, +8.8074e-02, -1.1311e-01, -3.3870e-03, -4.8299e-02, -2.0628e-02, -3.2366e-02, +1.0290e-01, +1.9382e-01, -4.4442e-02, -4.1632e-02, -2.9599e-02, -1.8928e-01, +3.8892e-02, -1.2085e-01, -2.4871e-01, -1.0000e+00, -8.1400e-04, -3.0802e-02, +8.3216e-02, -5.6130e-02, -1.1018e-01
-1.0165e-01, +1.9107e-02, -1.2200e-01, -9.3717e-02, -4.4232e-02, -8.5627e-02, -4.5406e-02, +8.9472e-02, -1.5877e-02, +6.1409e-02, -7.1713e-03, -5.9784e-02, -7.9795e-03, -4.2440e-02, +1.2392e-02, -5.3346e-02, +9.1036e-02, -1.8773e-02, +2.3052e-02, +5.5452e-02, +4.0701e-02, -5.7575e-02, -2.6126e-02, -1.1772e-01, -4.8332e-04, +2.7520e-02, -7.3528e-02, -2.0816e-02, +5.4572e-02, -7.6810e-02, -3.3223e-03, -3.4109e-02, -2.8769e-02, -8.4970e-03, -7.5831e-02, +6.1329e-02, -8.2796e-02, -1.0138e-03, +2.6891e-02, -3.2406e-02, +9.2226e-02, +6.8771e-02, +9.0936e-02, +1.8704e-02, -8.1400e-04, -1.0000e+00, +1.6011e-02, -1.0161e-01, +2.5569e-02, -3.9548e-02
-7.1406e-02, -1.7124e-01, -2.0890e-01, -8.8669e-02, -5.6458e-02, -1.5021e-01, -2.8651e-02, -1.7643e-02, +3.8112e-02, +5.5633e-02, -1.1770e-01, -9.3572e-02, +1.1807e-01, +2.3261e-02, -8.0255e-02, +6.3224e-02, -1.1987e-02, -1.3077e-02, -1.3903e-02, -1.5333e-01, +4.9114e-02, -1.3166e-01, -9.2254e-03, -1.3924e-01, -5.0923e-02, -4.7720e-02, -1.7212e-01, -1.0601e-01, -9.5580e-02, +4.1025e-02, -1.7042e-01, -3.1480e-02, -4.2844e-02, +3.3994e-03, +2.0063e-02, +9.0887e-02, +6.3412e-02, -4.9422e-02, -1.0634e-01, +1.6158e-02, -4.1285e-02, +5.0013e-02, +3.4121e-03, +4.6522e-03, -3.0802e-02, +1.6011e-02, -1.0000e+00, +9.5972e-02, -3.9928e-02, +4.2662e-02
+2.5571e-01, -1.5221e-02, +7.0490e-03, -5.1171e-02, -5.4482e-03, -1.6514e-01, +8.0702e-03, +7.0421e-02, +4.1685e-02, -5.5525e-02, -7.1133e-02, -4.0101e-02, -1.1810e-01, -4.9066e-02, +1.8020e-01, +1.5282e-01, +8.1187e-02, -2.7363e-02, +5.3371e-02, +1.9547e-01, +2.0705e-01, +2.7130e-02, -1.5802e-02, -1.6053e-01, +2.6293e-02, -5.4708e-02, -8.5395e-02, +1.6612e-01, +6.5082e-03, -1.5500e-01, +7.9309e-02, +1.6450e-01, +1.4579e-01, +4.5916e-03, -1.3350e-01, -4.6239e-01, -2.4205e-01, +1.3006e-01, -2.9792e-02, +7.8243e-02, +5.5548e-02, -3.4618e-01, -2.4271e-02, +1.0855e-01, +8.3216e-02, -1.0161e-01, +9.5972e-02, -1.0000e+00, -7.3673e-02, +5.6538e-02
+3.7257e-02, +1.5828e-02, -2.1235e-02, -1.9392e-02, +6.9711e-02, +3.4558e-02, +3.2067e-02, +4.5297e-02, +2.2371e-02, +2.0907e-02, +1.0509e-01, +2.7796e-02, -2.5810e-02, -6.5443e-02, +2.8422e-02, +2.2902e-02, -3.0170e-02, +2.3640e-02, +4.9344e-02, +4.8055e-03, -1.9461e-02, -4.3718e-02, -1.7566e-02, -1.9311e-03, -1.1564e-03, -1.6450e-01, +8.1641e-02, +3.6632e-02, +6.9645e-02, -9.5985e-02, +9.2695e-02, +7.6318e-02, +9.1772e-03, +6.2927e-02, +5.1558e-02, -1.3578e-02, -1.0743e-01, -4.3934e-02, +3.4847e-02, +2.7219e-02, -5.6997e-02, +6.3225e-02, +1.4008e-02, +9.9443e-03, -5.6130e-02, +2.5569e-02, -3.9928e-02, -7.3673e-02, -1.0000e+00, +9.5418e-02
-8.6856e-03, +2.7721e-02, +9.6945e-03, +2.3054e-02, +1.1432e-02, -2.9019e-02, +1.1618e-02, +3.2259e-01, -1.3822e-01, +2.0348e-02, +1.9918e-01, +3.4730e-02, -8.8194e-02, +2.3983e-03, +5.2391e-02, +9.4420e-02, +3.7435e-02, +4.4871e-02, +1.5148e-02, -3.0163e-04, +5.6046e-02, +2.3093e-02, +6.2474e-02, +4.7166e-02, -4.9961e-03, +2.1897e-02, +7.9232e-02, -3.0513e-02, +1.8390e-03, -9.4097e-02, +1.2979e-01, -1.4448e-01, +3.6553e-02, +9.0671e-02, +3.1339e-02, +2.9157e-02, +7.7822e-02, +3.8153e-02, +6.8027e-02, -1.5407e-02, +3.0023e-02, +1.3662e-02, +8.2277e-02, -1.4966e-02, -1.1018e-01, -3.9548e-02, +4.2662e-02, +5.6538e-02, +9.5418e-02, -1.0000e+00
