-1.0000e+00, -2.2582e-02, -3.8401e-02, -3.6831e-02, +2.1296e-02, +3.4981e-02, +3.7276e-03, +1.1793e-01, -6.8274e-02, +7.1974e-02, -1.4264e-02, +3.1692e-02, -1.9943e-02, -3.0677e-03, -8.5536e-02, -6.8636e-03, -7.6293e-02, -1.7477e-02, -4.6534e-02, -9.7615e-03, +8.9302e-02, +4.2398e-02, +1.7796e-02, -6.0398e-02, +1.3640e-02, -9.2429e-02, +5.7891e-02, +5.6361e-02, -3.2168e-02, +5.0703e-02, -5.0775e-02, -1.1992e-02, -3.8262e-02, +3.5460e-02, -2.6824e-02, +4.6490e-02, +7.5923e-02, +1.9900e-02, -1.0408e-02, +2.8009e-02, -5.6796e-02, -2.8715e-02, +3.1845e-02, -1.2718e-02, +6.3337e-02, -4.8603e-02, -8.3459e-02, +1.2321e-01, +1.3709e-02, +9.9562e-02
-2.2582e-02, -1.0000e+00, +1.2672e-01, -7.3834e-02, +2.2321e-02, +5.6368e-02, -3.7781e-02, -2.4540e-02, +6.1390e-02, +1.1186e-02, -3.5894e-03, +1.5825e-02, -1.1205e-01, +5.4840e-02, +9.5181e-03, +6.2005e-02, -4.1734e-03, -1.4377e-02, +2.1594e-02, +7.4627e-03, +7.5940e-02, -2.5091e-02, +9.1234e-02, +1.0701e-02, +3.9224e-02, -1.3698e-02, +1.4214e-02, -3.0274e-02, +4.7767e-03, +9.0650e-03, +3.3809e-02, -5.8323e-02, +3.5901e-02, +6.7812e-02, -5.4746e-02, -5.2622e-02, +9.0427e-02, +6.3161e-02, +3.2285e-02, +2.5174e-03, +4.2840e-02, -2.1654e-02, +2.8070e-02, +2.4859e-02, +2.0268e-02, -2.2998e-02, +9.4595e-02, -1.5593e-01, +1.8111e-02, -1.0808e-02
-3.8401e-02, +1.2672e-01, -1.0000e+00, +1.1033e-02, +3.7367e-02, -3.5542e-02, -1.1171e-03, +1.4826e-01, +5.3056e-03, +1.5328e-01, -3.3583e-02, +1.4359e-02, +8.4741e-02, +3.1093e-02, -1.6069e-03, -6.9303e-02, -1.9484e-02, -5.8945e-02, -6.3932e-03, -8.2994e-02, -9.4223e-03, +2.4784e-02, +7.0181e-02, -1.0034e-01, -5.7409e-02, +4.2349e-02, -3.5487e-02, +7.4278e-02, -9.6391e-03, +4.0159e-02, -2.1604e-02, -2.3857e-02, -1.0778e-01, +2.0955e-02, +6.5573e-03, +4.8758e-02, -1.2183e-01, +2.7424e-02, +1.9564e-02, -3.9765e-03, -1.4058e-02, +5.1587e-02, -9.6252e-03, -5.0875e-02, +2.8050e-02, +1.4249e-02, -4.9844e-02, +2.3921e-01, -3.2912e-02, +1.0590e-01
-3.6831e-02, -7.3834e-02, +1.1033e-02, -1.0000e+00, -8.9678e-02, -8.8681e-03, -3.9306e-02, +9.0007e-04, +3.2443e-02, +1.5383e-02, -8.2124e-02, -3.0929e-02, -1.4990e-03, +1.1730e-01, +3.4963e-02, +3.1516e-02, +6.8166e-02, +7.3617e-03, +7.7792e-02, -2.7462e-03, -1.6734e-02, +1.1695e-02, +2.1450e-02, -5.2162e-02, -5.5493e-02, -2.1140e-02, -1.5499e-02, -1.0062e-01, -1.9464e-02, -1.2081e-01, +5.9975e-02, +3.4881e-02, -1.0495e-02, +4.3665e-03, -1.0207e-01, +1.8924e-02, +1.0358e-01, +2.3877e-02, -6.6480e-02, -1.4660e-02, +4.3974e-02, -5.1774e-03, +9.1598e-02, -5.3278e-03, -1.3659e-01, -2.4521e-02, -2.8860e-02, -5.2870e-02, +1.8954e-02, +6.7985e-02
+2.1296e-02, +2.2321e-02, +3.7367e-02, -8.9678e-02, -1.0000e+00, -5.1389e-02, +3.4759e-02, -2.6122e-02, +7.6466e-02, +5.5609e-02, -8.5611e-02, -1.3266e-01, -7.9703e-02, +1.6906e-03, -5.7917e-02, -1.9169e-03, -4.4193e-04, -1.0308e-01, +2.3509e-02, -1.4788e-03, -8.6157e-02, +3.7272e-02, +2.4736e-02, -1.0286e-01, +3.2278e-02, -3.0270e-02, -9.9077e-02, -1.2481e-01, -1.2632e-01, -1.0819e-01, +2.1593e-02, +2.7900e-02, +6.3370e-02, +6.8595e-02, -1.0443e-01, +4.5968e-02, +1.0713e-01, +1.2027e-01, -2.5898e-02, -9.5957e-02, -3.3221e-02, -1.1178e-01, +6.6623e-02, +7.0311e-03, -3.5390e-02, -4.2200e-02, +4.6095e-03, +1.0824e-01, +2.8858e-02, +6.9270e-02
+3.4981e-02, +5.6369e-02, -3.5542e-02, -8.8681e-03, -5.1389e-02, -1.0000e+00, +6.2723e-02, -1.4179e-02, +1.1267e-01, +2.2479e-02, -9.5065e-02, +3.6588e-02, -3.0483e-03, -3.5233e-03, -1.0504e-01, +6.8154e-03, +4.0161e-02, -9.3915e-02, -2.4672e-02, -2.4021e-02, -5.0984e-02, -3.5038e-02, +3.5329e-02, -2.0362e-02, -2.6669e-02, +6.0013e-04, -1.7539e-01, +4.1974e-02, -1.1627e-01, -2.5692e-02, -2.0639e-01, +6.1401e-02, +3.4531e-02, +1.4495e-02, -1.3302e-02, -1.9749e-03, +6.2255e-02, -2.2723e-02, +3.8866e-02, -3.5535e-02, +1.1706e-02, -5.2909e-03, +6.3975e-02, +1.0632e-02, -8.9264e-03, +8.8937e-02, -2.1017e-02, -7.7450e-02, +4.4280e-02, +8.7768e-02
+3.7276e-03, -3.7781e-02, -1.1171e-03, -3.9306e-02, +3.4759e-02, +6.2723e-02, -1.0000e+00, +1.2954e-01, +6.1099e-03, +1.4446e-02, +4.7083e-03, +1.2763e-02, +3.1071e-02, +1.1491e-01, +6.9066e-02, -1.9990e-02, +1.3910e-01, +9.3246e-03, -3.0995e-02, +2.8329e-02, +2.2544e-02, +8.9868e-02, +6.5788e-02, -3.3002e-03, +1.9432e-02, -5.8962e-02, +2.9247e-02, -1.1204e-02, -1.5845e-02, -4.3134e-02, +3.4065e-02, -8.2203e-02, +3.1469e-02, -7.2124e-03, +1.3378e-02, +5.9276e-02, -1.1015e-01, +6.1113e-02, -2.1242e-02, -1.1209e-02, +4.7002e-02, -1.0026e-02, -2.0971e-03, +2.0043e-02, -1.6120e-02, -5.5323e-02, +2.5245e-02, -3.7700e-02, +1.2456e-01, -5.9456e-03
+1.1793e-01, -2.4540e-02, +1.4826e-01, +9.0007e-04, -2.6122e-02, -1.4179e-02, +1.2954e-01, -1.0000e+00, +3.4590e-02, -4.5005e-02, -7.0532e-02, -5.3186e-02, +5.6277e-02, +6.4479e-02, +1.6423e-02, +2.4211e-02, +6.7190e-02, -3.8419e-02, -4.4459e-02, +9.2408e-02, +2.0029e-02, -3.6107e-02, +4.3519e-02, +6.7473e-02, +5.9376e-02, +6.8809e-02, -4.1998e-02, -8.1309e-02, -1.0146e-02, -1.1431e-02, +2.2901e-02, -2.6765e-02, +3.8333e-02, -2.3263e-03, +1.6387e-02, -4.9175e-02, -7.1571e-02, -3.8371e-02, +2.5284e-02, +6.3434e-03, -2.2055e-02, -5.7575e-03, +2.4077e-02, -2.1199e-02, +8.8643e-03, +3.5014e-02, +2.7622e-02, -1.0420e-01, +2.6000e-02, -3.2501e-02
-6.8274e-02, +6.1390e-02, +5.3056e-03, +3.2443e-02, +7.6466e-02, +1.1267e-01, +6.1099e-03, +3.4590e-02, -1.0000e+00, -1.1471e-02, +1.1823e-01, +6.4014e-02, +5.7334e-02, +7.1558e-02, +6.1264e-02, -6.8766e-03, -1.0926e-01, +1.4622e-01, +6.6746e-02, +1.9069e-02, -7.8726e-03, -1.1568e-02, -3.7629e-02, +1.0240e-01, -6.3078e-03, +3.5504e-03, +9.3385e-02, +8.8036e-02, +6.2850e-02, +5.1044e-02, +8.9622e-02, +2.1566e-02, +3.2888e-02, -2.7431e-02, +4.2912e-02, +1.1403e-02, +3.0585e-02, -3.2160e-02, -3.1057e-02, +8.0368e-02, -6.9509e-02, -4.3421e-02, +1.8463e-02, -7.5417e-02, +2.0324e-02, +5.5017e-02, -7.6281e-02, +5.2535e-02, -3.9579e-03, +4.8407e-03
+7.1974e-02, +1.1186e-02, +1.5328e-01, +1.5383e-02, +5.5609e-02, +2.2479e-02, +1.4446e-02, -4.5005e-02, -1.1471e-02, -1.0000e+00, -2.7714e-03, +2.1166e-02, -1.0107e-01, -1.1249e-01, +4.0122e-02, +6.3492e-02, +1.5033e-01, +1.0162e-01, +1.5925e-02, -3.5036e-02, +3.2511e-02, +5.4503e-02, -5.2065e-01, +1.7979e-02, +5.8031e-02, +8.4018e-03, -1.0084e-02, +1.1727e-02, +7.0001e-02, -3.6859e-02, -3.1089e-02, +1.2854e-01, +6.0425e-02, -1.5689e-01, +7.3970e-02, +3.7091e-02, -1.2705e-02, +3.5184e-02, -4.5101e-02, +1.2013e-01, +1.3646e-02, -1.8434e-02, -9.0835e-02, -6.9596e-02, -5.1515e-02, +4.4060e-02, +7.3842e-02, -2.8930e-01, -2.8569e-02, -1.4180e-01
-1.4264e-02, -3.5894e-03, -3.3583e-02, -8.2124e-02, -8.5611e-02, -9.5065e-02, +4.7083e-03, -7.0532e-02, +1.1823e-01, -2.7715e-03, -1.0000e+00, -5.6406e-02, +1.1678e-02, +9.7984e-03, -9.1860e-02, +3.5542e-02, +1.4570e-03, -2.4187e-01, +2.0670e-02, -5.9598e-02, -1.2181e-01, -4.9201e-02, +5.3908e-03, +9.8277e-02, -5.7552e-03, -3.6096e-02, -1.0187e-01, -5.8446e-02, -6.3036e-02, -5.7888e-02, -8.3045e-02, +4.4336e-02, +1.3691e-02, -1.1029e-02, -7.0641e-02, -4.6176e-03, +1.3033e-02, -5.1017e-02, +1.6028e-03, -6.8464e-02, -7.3107e-02, +5.9251e-02, +5.0281e-02, -8.4704e-05, -1.0606e-01, +9.5400e-02, +2.6797e-02, +3.1564e-02, +4.5778e-02, +5.5745e-02
+3.1692e-02, +1.5825e-02, +1.4359e-02, -3.0929e-02, -1.3266e-01, +3.6587e-02, +1.2763e-02, -5.3186e-02, +6.4014e-02, +2.1166e-02, -5.6406e-02, -1.0000e+00, -1.9633e-02, +2.8558e-02, +2.0265e-02, -3.6635e-02, +5.8233e-02, -7.9981e-02, -3.6642e-02, +4.1527e-02, +2.3095e-02, -4.7592e-02, +8.6160e-02, -3.4196e-02, -9.5652e-02, -5.8332e-03, -3.6634e-02, -5.6199e-02, +2.3213e-03, -2.6024e-03, -1.3737e-03, -9.5202e-03, -9.8876e-03, -2.9123e-02, -6.2404e-02, +1.3197e-02, -7.3757e-03, -4.2130e-02, -2.9811e-02, +7.5902e-02, -2.8802e-02, +7.2508e-02, +6.1096e-02, +4.3812e-02, -5.4550e-02, -4.3208e-03, -5.7556e-02, +1.9608e-02, +1.3580e-02, -2.9778e-02
-1.9943e-02, -1.1205e-01, +8.4741e-02, -1.4990e-03, -7.9703e-02, -3.0483e-03, +3.1071e-02, +5.6277e-02, +5.7334e-02, -1.0107e-01, +1.1678e-02, -1.9633e-02, -1.0000e+00, +3.2887e-02, -6.6216e-02, +5.4091e-02, +8.4742e-02, -6.5302e-02, -1.9658e-02, +7.8653e-02, +1.1064e-02, +5.2594e-02, +6.1709e-02, -4.0010e-02, +2.5362e-02, +1.1761e-02, -4.0769e-02, -7.5677e-02, -2.1593e-02, +6.4813e-03, -6.5908e-02, -2.4072e-02, +7.5624e-02, +6.8771e-02, +3.4679e-02, +7.6416e-03, +1.1325e-01, +6.9328e-02, +8.8018e-02, +4.5601e-02, -5.8162e-02, +1.2725e-02, +3.7963e-02, +2.5383e-03, -7.9341e-02, -4.6314e-02, -3.6747e-03, -3.4677e-01, -9.7399e-02, +1.4012e-01
-3.0678e-03, +5.4840e-02, +3.1093e-02, +1.1730e-01, +1.6906e-03, -3.5233e-03, +1.1491e-01, +6.4479e-02, +7.1558e-02, -1.1249e-01, +9.7984e-03, +2.8558e-02, +3.2887e-02, -1.0000e+00, -1.8370e-02, -5.7507e-02, -6.0956e-02, +8.7654e-02, +3.8996e-02, -8.1481e-02, -7.7037e-02, +1.9025e-02, +2.9591e-02, +2.2037e-02, +6.4808e-02, -1.9477e-02, +6.2759e-02, +8.4518e-02, +2.7955e-02, +4.3774e-02, -3.6486e-02, +1.5600e-02, -5.6151e-03, -2.4017e-04, +4.3445e-02, -8.9285e-03, +7.2417e-03, -4.1686e-02, -2.7705e-03, -8.2671e-02, -1.8203e-02, -1.8637e-02, -7.7407e-02, -7.1816e-02, +2.1922e-01, +1.2396e-02, +6.6892e-03, +5.7895e-02, +5.3416e-02, -1.7685e-02
-8.5536e-02, +9.5181e-03, -1.6069e-03, +3.4963e-02, -5.7917e-02, -1.0504e-01, +6.9066e-02, +1.6423e-02, +6.1264e-02, +4.0122e-02, -9.1860e-02, +2.0265e-02, -6.6216e-02, -1.8370e-02, -1.0000e+00, +2.7341e-02, -5.5901e-02, -1.3629e-01, +1.5427e-02, -7.5485e-02, -6.7056e-02, +1.6893e-02, -1.6342e-02, -3.2081e-02, +1.3466e-03, +1.7535e-02, -7.4470e-02, -9.3851e-04, -1.0199e-01, +1.2685e-02, -1.2148e-01, +5.1751e-02, -2.2569e-02, -2.3044e-02, -1.8686e-02, +4.8133e-02, +3.9372e-02, -1.9440e-02, -6.2823e-02, -1.0742e-01, -6.1264e-03, -4.9007e-03, -1.7387e-02, -1.7019e-03, -2.7071e-02, +2.2879e-03, +3.6667e-02, +8.7280e-03, +7.3460e-03, +1.4251e-01
-6.8636e-03, +6.2005e-02, -6.9303e-02, +3.1516e-02, -1.9169e-03, +6.8154e-03, -1.9990e-02, +2.4211e-02, -6.8766e-03, +6.3492e-02, +3.5542e-02, -3.6635e-02, +5.4091e-02, -5.7507e-02, +2.7341e-02, -1.0000e+00, -4.3688e-02, +2.0183e-02, +1.3138e-02, +3.8941e-02, -3.0184e-02, +1.1521e-02, +1.3567e-01, -3.2005e-02, -1.5637e-02, -3.9679e-02, +3.3096e-02, +4.2183e-02, +2.8003e-02, +5.6291e-03, +9.8661e-03, -1.1065e-01, +5.8224e-02, -6.0283e-03, -2.6127e-02, +1.2957e-01, -3.6383e-02, -2.8802e-02, +1.5398e-02, +9.0974e-03, -1.9804e-02, -6.0160e-03, -2.5456e-03, +2.3834e-02, +1.5831e-02, -4.2006e-02, +1.5533e-02, +2.1847e-01, -4.5057e-02, -2.1971e-01
-7.6293e-02, -4.1734e-03, -1.9484e-02, +6.8166e-02, -4.4193e-04, +4.0161e-02, +1.3910e-01, +6.7190e-02, -1.0926e-01, +1.5033e-01, +1.4570e-03, +5.8233e-02, +8.4742e-02, -6.0956e-02, -5.5901e-02, -4.3688e-02, -1.0000e+00, -1.6188e-02, +1.4360e-01, +3.4002e-02, +1.4563e-02, -1.7031e-01, +2.8378e-02, +5.3011e-02, -1.8251e-02, +4.4168e-02, +1.2376e-01, +8.5325e-02, +8.5844e-02, +1.4185e-01, +2.3572e-02, -4.3364e-02, -3.9170e-02, +1.2334e-01, +7.1866e-02, -7.8996e-02, +1.3293e-01, -7.4578e-02, +4.8865e-02, +1.2465e-01, -7.9425e-02, +7.4572e-03, +3.9831e-02, -2.3555e-02, +6.5151e-02, -1.7848e-02, +1.3069e-02, +2.5387e-02, -4.6688e-02, +8.9454e-02
-1.7477e-02, -1.4377e-02, -5.8945e-02, +7.3617e-03, -1.0308e-01, -9.3915e-02, +9.3246e-03, -3.8419e-02, +1.4622e-01, +1.0162e-01, -2.4187e-01, -7.9981e-02, -6.5302e-02, +8.7654e-02, -1.3629e-01, +2.0183e-02, -1.6188e-02, -1.0000e+00, +2.9735e-02, -3.2938e-02, -5.1134e-02, -3.3452e-02, +1.0891e-01, +4.4223e-02, +2.5745e-02, -1.1542e-01, -1.1003e-01, -3.9278e-02, -1.9638e-02, +8.3432e-03, -1.4857e-02, -4.2179e-02, +2.9569e-02, +4.3892e-02, -3.3900e-02, -1.1135e-02, +9.5159e-02, -5.0653e-02, -3.7596e-02, -6.7532e-02, +1.7216e-02, -1.6657e-03, +4.1736e-02, +3.4793e-02, -2.5362e-02, +7.1949e-02, +2.5300e-03, -4.0744e-02, -9.7387e-02, +5.8100e-02
-4.6534e-02, +2.1594e-02, -6.3932e-03, +7.7792e-02, +2.3509e-02, -2.4672e-02, -3.0995e-02, -4.4459e-02, +6.6746e-02, +1.5925e-02, +2.0670e-02, -3.6642e-02, -1.9658e-02, +3.8996e-02, +1.5427e-02, +1.3138e-02, +1.4360e-01, +2.9735e-02, -1.0000e+00, -3.0647e-02, +6.4716e-02, +8.9035e-02, +1.0874e-01, -1.6930e-01, +2.3655e-03, +3.6394e-02, -4.4232e-02, -1.1443e-02, -2.4534e-02, +1.3952e-02, -3.2759e-02, +7.0729e-02, +5.3300e-02, -8.1339e-02, -1.9441e-02, -1.0447e-01, -8.8253e-02, -2.9212e-03, -1.2630e-02, +1.5092e-02, -3.9288e-02, -7.2241e-02, +4.1816e-02, +7.7761e-02, -3.2997e-02, -6.2868e-02, -1.3967e-01, -3.1485e-02, -3.4583e-02, +1.2326e-02
-9.7615e-03, +7.4627e-03, -8.2994e-02, -2.7462e-03, -1.4787e-03, -2.4021e-02, +2.8329e-02, +9.2408e-02, +1.9069e-02, -3.5036e-02, -5.9598e-02, +4.1527e-02, +7.8653e-02, -8.1481e-02, -7.5485e-02, +3.8941e-02, +3.4002e-02, -3.2938e-02, -3.0647e-02, -1.0000e+00, +2.3101e-01, -3.0115e-02, +1.8729e-02, -1.5289e-01, +1.0573e-01, +3.4795e-03, -2.8578e-02, +2.3217e-02, -5.8689e-02, -3.9921e-02, -2.3539e-02, -7.9348e-03, -1.0759e-01, +6.1280e-02, +7.7747e-02, +2.7078e-03, +5.5216e-02, -2.3431e-02, -1.2415e-01, -1.5189e-01, +3.0333e-02, -1.1524e-03, -3.0520e-03, +6.8572e-02, -5.7270e-02, +3.1761e-02, -3.0952e-02, +1.3000e-01, -2.9933e-02, +6.7682e-02
+8.9302e-02, +7.5940e-02, -9.4223e-03, -1.6734e-02, -8.6157e-02, -5.0984e-02, +2.2544e-02, +2.0029e-02, -7.8726e-03, +3.2511e-02, -1.2181e-01, +2.3095e-02, +1.1064e-02, -7.7037e-02, -6.7056e-02, -3.0184e-02, +1.4563e-02, -5.1134e-02, +6.4716e-02, +2.3101e-01, -1.0000e+00, +3.7004e-02, -9.9779e-03, +1.5401e-02, +5.7195e-03, +3.0559e-02, +1.0917e-02, -7.4416e-02, +3.3995e-02, -3.1197e-02, -1.0019e-02, +2.2422e-02, +7.9014e-02, -6.1972e-02, -5.5763e-02, +8.0633e-02, +8.0971e-02, -4.4594e-02, -8.2980e-03, -2.4539e-02, -4.3571e-03, +6.1573e-02, -5.5337e-02, -1.3522e-01, -5.5463e-02, -2.6713e-03, -1.1886e-02, +6.7441e-02, +1.2571e-02, -1.4327e-02
+4.2398e-02, -2.5091e-02, +2.4784e-02, +1.1695e-02, +3.7272e-02, -3.5038e-02, +8.9868e-02, -3.6107e-02, -1.1568e-02, +5.4503e-02, -4.9201e-02, -4.7592e-02, +5.2594e-02, +1.9025e-02, +1.6893e-02, +1.1521e-02, -1.7031e-01, -3.3452e-02, +8.9035e-02, -3.0115e-02, +3.7004e-02, -1.0000e+00, +1.4673e-01, -6.1418e-02, -8.8388e-02, +3.6486e-02, -1.7183e-02, +3.4696e-03, -1.1775e-03, -2.4050e-02, -3.8670e-02, -7.5667e-02, +9.3082e-03, +3.2817e-02, +5.0100e-02, -3.7202e-02, +6.0170e-02, -7.5850e-02, -6.0543e-02, +6.8370e-02, +3.6308e-02, +5.3753e-02, +4.9453e-02, +9.2886e-03, -7.4615e-02, +9.0717e-02, -1.3857e-01, -1.0309e-01, -4.2062e-02, +4.4330e-02
+1.7796e-02, +9.1234e-02, +7.0181e-02, +2.1450e-02, +2.4736e-02, +3.5329e-02, +6.5788e-02, +4.3519e-02, -3.7629e-02, -5.2065e-01, +5.3908e-03, +8.6160e-02, +6.1709e-02, +2.9591e-02, -1.6342e-02, +1.3567e-01, +2.8378e-02, +1.0891e-01, +1.0874e-01, +1.8729e-02, -9.9779e-03, +1.4673e-01, -1.0000e+00, +5.6935e-02, +5.5133e-02, +4.5533e-02, -3.2744e-02, +3.7145e-02, +6.0776e-02, -5.1796e-02, +7.5139e-03, +4.6524e-01, -2.9478e-02, -1.5966e-01, +4.2569e-02, +3.7206e-02, -4.2971e-02, +4.2473e-02, -5.5053e-02, +7.5246e-02, +6.0953e-02, -1.2491e-02, -4.8451e-02, -1.0342e-01, +5.8981e-02, +9.6326e-02, +4.4670e-02, +3.9022e-02, -3.9781e-02, -2.0651e-01
-6.0398e-02, +1.0701e-02, -1.0034e-01, -5.2162e-02, -1.0286e-01, -2.0362e-02, -3.3002e-03, +6.7473e-02, +1.0240e-01, +1.7979e-02, +9.8277e-02, -3.4196e-02, -4.0010e-02, +2.2037e-02, -3.2081e-02, -3.2005e-02, +5.3011e-02, +4.4223e-02, -1.6930e-01, -1.5289e-01, +1.5401e-02, -6.1418e-02, +5.6934e-02, -1.0000e+00, +1.7232e-02, -3.0008e-02, -6.8315e-02, -1.5598e-02, -1.7359e-02, -4.0473e-02, -1.3054e-01, -3.7509e-02, +1.0774e-02, +5.4963e-02, -3.1473e-02, -3.4658e-02, +1.7510e-02, -1.5053e-02, -2.2644e-02, -5.9815e-03, -1.8236e-02, +4.4870e-02, +3.1920e-02, +4.9472e-02, -9.0488e-02, -8.9382e-02, -4.8225e-02, +3.9870e-02, -5.4869e-02, +5.6606e-02
+1.3640e-02, +3.9224e-02, -5.7409e-02, -5.5493e-02, +3.2278e-02, -2.6669e-02, +1.9432e-02, +5.9376e-02, -6.3078e-03, +5.8031e-02, -5.7552e-03, -9.5652e-02, +2.5362e-02, +6.4808e-02, +1.3466e-03, -1.5637e-02, -1.8251e-02, +2.5745e-02, +2.3655e-03, +1.0573e-01, +5.7195e-03, -8.8388e-02, +5.5133e-02, +1.7232e-02, -1.0000e+00, +7.1198e-02, -4.9196e-02, +6.3044e-02, +6.3771e-02, +2.3339e-02, -7.8863e-02, -5.0146e-02, +2.3224e-02, -1.4823e-02, -6.2380e-03, +4.8551e-03, -8.5600e-02, -2.3069e-02, +3.1188e-02, -1.1195e-02, +7.7592e-02, +9.6261e-02, +4.0911e-02, +3.0220e-02, -1.8879e-02, -2.0687e-02, -2.2662e-02, +3.2044e-02, +7.2932e-02, +2.9731e-02
-9.2429e-02, -1.3698e-02, +4.2349e-02, -2.1140e-02, -3.0270e-02, +6.0013e-04, -5.8962e-02, +6.8809e-02, +3.5504e-03, +8.4018e-03, -3.6096e-02, -5.8332e-03, +1.1761e-02, -1.9477e-02, +1.7535e-02, -3.9679e-02, +4.4168e-02, -1.1542e-01, +3.6394e-02, +3.4795e-03, +3.0559e-02, +3.6486e-02, +4.5533e-02, -3.0008e-02, +7.1198e-02, -1.0000e+00, -4.3086e-02, -1.0718e-03, +7.9310e-02, -3.9462e-02, -2.4027e-02, +1.6987e-02, +4.1213e-02, +3.2335e-03, +2.7970e-02, +5.3012e-02, +5.0708e-02, +3.9344e-02, -4.2891e-02, -3.3860e-02, -6.0903e-02, -6.6468e-02, +1.2074e-02, +8.1087e-02, -3.6898e-02, -8.6208e-02, -1.2480e-02, -4.7187e-03, -2.8281e-02, +4.7979e-02
+5.7891e-02, +1.4214e-02, -3.5487e-02, -1.5499e-02, -9.9077e-02, -1.7539e-01, +2.9247e-02, -4.1998e-02, +9.3385e-02, -1.0084e-02, -1.0187e-01, -3.6634e-02, -4.0769e-02, +6.2759e-02, -7.4470e-02, +3.3096e-02, +1.2376e-01, -1.1003e-01, -4.4232e-02, -2.8578e-02, +1.0917e-02, -1.7183e-02, -3.2744e-02, -6.8315e-02, -4.9196e-02, -4.3086e-02, -1.0000e+00, +3.2012e-02, -8.3397e-02, -9.1514e-02, -1.4552e-01, +4.0293e-03, +5.9784e-03, +1.8031e-02, -9.8768e-03, -8.8259e-03, +3.8256e-02, -2.1297e-03, -1.9894e-02, -6.1179e-02, -6.7242e-02, -1.6164e-02, +7.4122e-03, +1.9332e-02, -5.2241e-03, -1.3944e-02, -2.0204e-02, -2.4873e-02, -1.9782e-04, -2.2474e-02
+5.6362e-02, -3.0274e-02, +7.4278e-02, -1.0062e-01, -1.2481e-01, +4.1974e-02, -1.1204e-02, -8.1309e-02, +8.8036e-02, +1.1727e-02, -5.8446e-02, -5.6199e-02, -7.5677e-02, +8.4518e-02, -9.3851e-04, +4.2183e-02, +8.5325e-02, -3.9278e-02, -1.1443e-02, +2.3217e-02, -7.4416e-02, +3.4696e-03, +3.7145e-02, -1.5598e-02, +6.3044e-02, -1.0718e-03, +3.2012e-02, -1.0000e+00, -2.5946e-02, +2.8991e-02, +4.1057e-02, -1.9617e-02, +4.2205e-02, +4.1008e-02, -6.4709e-02, +9.7123e-03, +6.2470e-02, -7.9801e-03, -1.2711e-02, +1.2327e-02, -8.5450e-02, +1.5469e-02, +8.2614e-02, -2.9818e-02, -5.7027e-02, -1.2548e-03, -2.9219e-02, -9.9965e-02, -3.2291e-02, -2.2649e-02
-3.2168e-02, +4.7767e-03, -9.6391e-03, -1.9464e-02, -1.2632e-01, -1.1627e-01, -1.5845e-02, -1.0146e-02, +6.2850e-02, +7.0001e-02, -6.3036e-02, +2.3213e-03, -2.1594e-02, +2.7955e-02, -1.0199e-01, +2.8003e-02, +8.5844e-02, -1.9638e-02, -2.4534e-02, -5.8689e-02, +3.3995e-02, -1.1775e-03, +6.0776e-02, -1.7359e-02, +6.3771e-02, +7.9310e-02, -8.3397e-02, -2.5947e-02, -1.0000e+00, +1.9735e-02, -7.7061e-02, +1.2891e-02, +3.2733e-02, +1.9519e-02, +2.8813e-02, -2.7214e-02, +2.0305e-02, -9.8911e-03, +5.7962e-02, -1.1216e-01, +7.9123e-02, -1.4957e-02, +6.0684e-02, -1.2087e-02, -3.4000e-02, +5.8369e-02, +2.3281e-02, -2.3303e-02, +3.5972e-02, +3.3846e-02
+5.0703e-02, +9.0650e-03, +4.0159e-02, -1.2081e-01, -1.0819e-01, -2.5692e-02, -4.3134e-02, -1.1431e-02, +5.1044e-02, -3.6859e-02, -5.7888e-02, -2.6024e-03, +6.4813e-03, +4.3774e-02, +1.2685e-02, +5.6291e-03, +1.4185e-01, +8.3432e-03, +1.3952e-02, -3.9921e-02, -3.1197e-02, -2.4050e-02, -5.1796e-02, -4.0473e-02, +2.3339e-02, -3.9462e-02, -9.1514e-02, +2.8991e-02, +1.9735e-02, -1.0000e+00, -3.0120e-02, +2.5939e-02, -1.5049e-02, -2.4620e-02, -5.9910e-03, -7.8765e-03, +5.9462e-02, +8.4357e-02, -4.4576e-02, +6.5813e-02, +3.9871e-02, -2.9578e-02, +2.0837e-02, -2.3870e-02, -4.7048e-02, -3.3227e-03, -1.7134e-02, +2.3627e-02, -4.8386e-02, -1.5814e-02
-5.0775e-02, +3.3809e-02, -2.1604e-02, +5.9975e-02, +2.1593e-02, -2.0639e-01, +3.4065e-02, +2.2901e-02, +8.9622e-02, -3.1089e-02, -8.3045e-02, -1.3737e-03, -6.5908e-02, -3.6486e-02, -1.2148e-01, +9.8661e-03, +2.3572e-02, -1.4857e-02, -3.2759e-02, -2.3539e-02, -1.0019e-02, -3.8670e-02, +7.5139e-03, -1.3054e-01, -7.8863e-02, -2.4027e-02, -1.4552e-01, +4.1057e-02, -7.7061e-02, -3.0120e-02, -1.0000e+00, +5.1414e-02, +8.3314e-02, -1.6818e-02, +4.2993e-02, +9.5644e-03, +6.5635e-02, -6.2458e-02, +1.4690e-02, -6.0450e-02, -6.0154e-02, -2.6478e-02, -4.5931e-02, +2.0075e-02, +4.0450e-02, +2.5987e-02, +2.1097e-03, -6.7463e-02, +4.6584e-02, +6.8802e-02
-1.1992e-02, -5.8323e-02, -2.3857e-02, +3.4881e-02, +2.7900e-02, +6.1401e-02, -8.2203e-02, -2.6765e-02, +2.1566e-02, +1.2854e-01, +4.4336e-02, -9.5202e-03, -2.4072e-02, +1.5600e-02, +5.1751e-02, -1.1065e-01, -4.3364e-02, -4.2179e-02, +7.0729e-02, -7.9348e-03, +2.2422e-02, -7.5667e-02, +4.6524e-01, -3.7509e-02, -5.0146e-02, +1.6987e-02, +4.0293e-03, -1.9617e-02, +1.2891e-02, +2.5939e-02, +5.1414e-02, -1.0000e+00, +4.7725e-02, +6.9380e-02, -2.1399e-02, -3.6056e-02, -2.8870e-03, +2.0465e-02, -4.1711e-02, +3.7653e-02, -1.4752e-03, -2.0922e-02, -6.0982e-02, +7.0589e-02, +9.3461e-02, +3.9003e-03, +6.6328e-02, +4.2885e-02, -1.1432e-02, +4.2268e-02
-3.8262e-02, +3.5901e-02, -1.0778e-01, -1.0495e-02, +6.3370e-02, +3.4531e-02, +3.1469e-02, +3.8333e-02, +3.2888e-02, +6.0425e-02, +1.3691e-02, -9.8875e-03, +7.5624e-02, -5.6151e-03, -2.2569e-02, +5.8224e-02, -3.9170e-02, +2.9569e-02, +5.3300e-02, -1.0759e-01, +7.9014e-02, +9.3082e-03, -2.9478e-02, +1.0774e-02, +2.3224e-02, +4.1213e-02, +5.9784e-03, +4.2205e-02, +3.2733e-02, -1.5049e-02, +8.3314e-02, +4.7725e-02, -1.0000e+00, +1.4173e-02, +4.3006e-02, -3.1087e-02, +5.6392e-02, +2.5148e-03, -4.6741e-02, -2.0924e-02, +4.5237e-02, +2.6960e-03, -3.5275e-02, +5.9442e-03, +3.4483e-02, -2.4993e-03, -2.1807e-02, +6.4442e-02, -1.6634e-02, -7.9243e-02
+3.5460e-02, +6.7812e-02, +2.0955e-02, +4.3665e-03, +6.8595e-02, +1.4495e-02, -7.2124e-03, -2.3263e-03, -2.7431e-02, -1.5689e-01, -1.1029e-02, -2.9123e-02, +6.8771e-02, -2.4016e-04, -2.3044e-02, -6.0283e-03, +1.2334e-01, +4.3892e-02, -8.1339e-02, +6.1280e-02, -6.1972e-02, +3.2817e-02, -1.5966e-01, +5.4963e-02, -1.4823e-02, +3.2335e-03, +1.8031e-02, +4.1008e-02, +1.9519e-02, -2.4620e-02, -1.6818e-02, +6.9380e-02, +1.4173e-02, -1.0000e+00, -3.4098e-02, +9.5719e-03, -2.6700e-02, -4.4427e-02, -1.6003e-03, -8.4819e-02, +8.9753e-02, -2.2657e-04, -6.6938e-02, -7.4197e-02, +1.9303e-02, -9.9120e-05, +1.9025e-02, +8.2221e-02, +1.2107e-01, -9.2904e-02
-2.6824e-02, -5.4746e-02, +6.5573e-03, -1.0207e-01, -1.0443e-01, -1.3302e-02, +1.3378e-02, +1.6387e-02, +4.2912e-02, +7.3970e-02, -7.0641e-02, -6.2404e-02, +3.4679e-02, +4.3445e-02, -1.8686e-02, -2.6127e-02, +7.1866e-02, -3.3900e-02, -1.9441e-02, +7.7747e-02, -5.5763e-02, +5.0100e-02, +4.2569e-02, -3.1473e-02, -6.2380e-03, +2.7970e-02, -9.8768e-03, -6.4709e-02, +2.8813e-02, -5.9909e-03, +4.2993e-02, -2.1399e-02, +4.3007e-02, -3.4098e-02, -1.0000e+00, +1.0235e-01, -6.9673e-02, +3.9982e-02, -3.8677e-02, -4.8051e-02, -2.9415e-04, +7.0852e-02, +3.0117e-02, -1.8374e-02, -1.3511e-02, -8.2446e-02, +3.3756e-02, +7.9994e-02, +7.9374e-02, -4.6403e-03
+4.6490e-02, -5.2622e-02, +4.8758e-02, +1.8924e-02, +4.5968e-02, -1.9749e-03, +5.9276e-02, -4.9175e-02, +1.1403e-02, +3.7091e-02, -4.6176e-03, +1.3197e-02, +7.6416e-03, -8.9285e-03, +4.8133e-02, +1.2957e-01, -7.8996e-02, -1.1135e-02, -1.0447e-01, +2.7078e-03, +8.0633e-02, -3.7202e-02, +3.7206e-02, -3.4658e-02, +4.8551e-03, +5.3012e-02, -8.8259e-03, +9.7123e-03, -2.7214e-02, -7.8765e-03, +9.5644e-03, -3.6056e-02, -3.1087e-02, +9.5719e-03, +1.0235e-01, -1.0000e+00, +1.7867e-02, -6.0249e-03, +4.3295e-02, +1.2929e-02, -6.5045e-03, +1.6447e-01, +1.3617e-03, +4.5956e-02, +3.6627e-02, -1.8615e-02, +5.1880e-03, -2.0768e-02, -1.1175e-03, +9.8268e-02
+7.5923e-02, +9.0427e-02, -1.2183e-01, +1.0358e-01, +1.0713e-01, +6.2255e-02, -1.1015e-01, -7.1571e-02, +3.0585e-02, -1.2705e-02, +1.3033e-02, -7.3756e-03, +1.1325e-01, +7.2417e-03, +3.9372e-02, -3.6383e-02, +1.3293e-01, +9.5159e-02, -8.8253e-02, +5.5216e-02, +8.0971e-02, +6.0170e-02, -4.2971e-02, +1.7510e-02, -8.5600e-02, +5.0708e-02, +3.8256e-02, +6.2470e-02, +2.0305e-02, +5.9462e-02, +6.5635e-02, -2.8870e-03, +5.6392e-02, -2.6700e-02, -6.9673e-02, +1.7867e-02, -1.0000e+00, +1.1332e-01, +8.7386e-02, +1.1048e-02, +6.6600e-02, -4.2463e-02, -5.9495e-02, +5.4088e-02, +7.4768e-02, +9.0275e-02, +7.0313e-02, +1.5849e-01, +1.1818e-01, -9.1564e-02
+1.9900e-02, +6.3160e-02, +2.7424e-02, +2.3877e-02, +1.2027e-01, -2.2723e-02, +6.1113e-02, -3.8371e-02, -3.2160e-02, +3.5184e-02, -5.1017e-02, -4.2130e-02, +6.9328e-02, -4.1686e-02, -1.9440e-02, -2.8802e-02, -7.4578e-02, -5.0653e-02, -2.9212e-03, -2.3431e-02, -4.4594e-02, -7.5850e-02, +4.2473e-02, -1.5053e-02, -2.3069e-02, +3.9344e-02, -2.1297e-03, -7.9801e-03, -9.8910e-03, +8.4357e-02, -6.2458e-02, +2.0465e-02, +2.5148e-03, -4.4427e-02, +3.9982e-02, -6.0249e-03, +1.1332e-01, -1.0000e+00, +2.4454e-03, +6.8753e-02, +8.5451e-03, +2.0397e-02, -2.7393e-02, -1.0422e-02, +1.3100e-02, +6.6372e-02, -1.1502e-01, +1.1559e-02, -3.3320e-02, -9.0072e-03
-1.0408e-02, +3.2285e-02, +1.9564e-02, -6.6480e-02, -2.5898e-02, +3.8866e-02, -2.1242e-02, +2.5284e-02, -3.1057e-02, -4.5101e-02, +1.6028e-03, -2.9811e-02, +8.8018e-02, -2.7705e-03, -6.2823e-02, +1.5398e-02, +4.8865e-02, -3.7596e-02, -1.2630e-02, -1.2415e-01, -8.2980e-03, -6.0543e-02, -5.5053e-02, -2.2645e-02, +3.1188e-02, -4.2891e-02, -1.9894e-02, -1.2711e-02, +5.7962e-02, -4.4576e-02, +1.4690e-02, -4.1711e-02, -4.6741e-02, -1.6003e-03, -3.8677e-02, +4.3295e-02, +8.7386e-02, +2.4454e-03, -1.0000e+00, -4.9766e-02, +1.8513e-02, -9.4119e-03, -1.1182e-02, -4.0191e-04, -1.0633e-02, +4.6784e-02, -1.3548e-02, +4.3363e-02, +6.7176e-02, +2.7597e-02
+2.8009e-02, +2.5174e-03, -3.9765e-03, -1.4660e-02, -9.5957e-02, -3.5535e-02, -1.1209e-02, +6.3434e-03, +8.0368e-02, +1.2013e-01, -6.8464e-02, +7.5902e-02, +4.5601e-02, -8.2671e-02, -1.0742e-01, +9.0974e-03, +1.2465e-01, -6.7532e-02, +1.5092e-02, -1.5189e-01, -2.4539e-02, +6.8370e-02, +7.5246e-02, -5.9815e-03, -1.1195e-02, -3.3860e-02, -6.1179e-02, +1.2327e-02, -1.1216e-01, +6.5813e-02, -6.0450e-02, +3.7653e-02, -2.0924e-02, -8.4819e-02, -4.8051e-02, +1.2929e-02, +1.1048e-02, +6.8753e-02, -4.9766e-02, -1.0000e+00, -4.1640e-02, +1.8210e-02, -3.1342e-02, +7.9980e-03, -6.0636e-03, +4.8802e-02, -4.2534e-02, +6.7053e-02, +1.2673e-01, +1.8925e-02
-5.6796e-02, +4.2840e-02, -1.4058e-02, +4.3974e-02, -3.3221e-02, +1.1706e-02, +4.7002e-02, -2.2055e-02, -6.9509e-02, +1.3646e-02, -7.3107e-02, -2.8802e-02, -5.8162e-02, -1.8203e-02, -6.1264e-03, -1.9804e-02, -7.9425e-02, +1.7216e-02, -3.9288e-02, +3.0333e-02, -4.3571e-03, +3.6308e-02, +6.0953e-02, -1.8236e-02, +7.7592e-02, -6.0903e-02, -6.7242e-02, -8.5450e-02, +7.9123e-02, +3.9871e-02, -6.0154e-02, -1.4752e-03, +4.5237e-02, +8.9752e-02, -2.9415e-04, -6.5045e-03, +6.6600e-02, +8.5451e-03, +1.8513e-02, -4.1640e-02, -1.0000e+00, -3.5294e-02, +2.9907e-02, +4.6506e-02, -2.6161e-02, -1.7489e-02, +6.8204e-03, -3.1743e-02, -2.4112e-02, +3.7152e-02
-2.8715e-02, -2.1654e-02, +5.1587e-02, -5.1774e-03, -1.1178e-01, -5.2909e-03, -1.0026e-02, -5.7575e-03, -4.3421e-02, -1.8434e-02, +5.9251e-02, +7.2508e-02, +1.2725e-02, -1.8637e-02, -4.9007e-03, -6.0160e-03, +7.4572e-03, -1.6657e-03, -7.2241e-02, -1.1524e-03, +6.1573e-02, +5.3753e-02, -1.2491e-02, +4.4870e-02, +9.6261e-02, -6.6468e-02, -1.6164e-02, +1.5469e-02, -1.4957e-02, -2.9578e-02, -2.6478e-02, -2.0922e-02, +2.6960e-03, -2.2657e-04, +7.0852e-02, +1.6447e-01, -4.2463e-02, +2.0397e-02, -9.4119e-03, +1.8210e-02, -3.5294e-02, -1.0000e+00, -8.6089e-02, -4.5930e-02, +5.5971e-02, -4.0581e-02, +1.8478e-03, +1.4063e-02, -1.2019e-01, +3.5970e-02
+3.1845e-02, +2.8070e-02, -9.6252e-03, +9.1598e-02, +6.6623e-02, +6.3975e-02, -2.0971e-03, +2.4077e-02, +1.8463e-02, -9.0835e-02, +5.0281e-02, +6.1096e-02, +3.7963e-02, -7.7407e-02, -1.7387e-02, -2.5456e-03, +3.9831e-02, +4.1736e-02, +4.1816e-02, -3.0520e-03, -5.5337e-02, +4.9453e-02, -4.8451e-02, +3.1920e-02, +4.0911e-02, +1.2074e-02, +7.4122e-03, +8.2614e-02, +6.0684e-02, +2.0837e-02, -4.5931e-02, -6.0982e-02, -3.5275e-02, -6.6938e-02, +3.0117e-02, +1.3617e-03, -5.9495e-02, -2.7393e-02, -1.1182e-02, -3.1342e-02, +2.9907e-02, -8.6089e-02, -1.0000e+00, +5.2706e-03, +9.1395e-02, +7.5438e-02, +5.3416e-02, +9.5813e-02, +9.4189e-02, -2.9050e-02
-1.2718e-02, +2.4859e-02, -5.0875e-02, -5.3278e-03, +7.0311e-03, +1.0632e-02, +2.0043e-02, -2.1199e-02, -7.5417e-02, -6.9596e-02, -8.4698e-05, +4.3812e-02, +2.5383e-03, -7.1816e-02, -1.7019e-03, +2.3834e-02, -2.3555e-02, +3.4793e-02, +7.7761e-02, +6.8572e-02, -1.3522e-01, +9.2886e-03, -1.0342e-01, +4.9473e-02, +3.0220e-02, +8.1087e-02, +1.9332e-02, -2.9818e-02, -1.2087e-02, -2.3870e-02, +2.0075e-02, +7.0589e-02, +5.9442e-03, -7.4197e-02, -1.8374e-02, +4.5956e-02, +5.4088e-02, -1.0422e-02, -4.0191e-04, +7.9980e-03, +4.6506e-02, -4.5930e-02, +5.2706e-03, -1.0000e+00, +5.0321e-02, -3.4173e-02, +1.2921e-02, +5.1733e-02, -3.1374e-02, -3.0163e-02
+6.3337e-02, +2.0268e-02, +2.8050e-02, -1.3659e-01, -3.5390e-02, -8.9264e-03, -1.6120e-02, +8.8643e-03, +2.0324e-02, -5.1515e-02, -1.0606e-01, -5.4550e-02, -7.9341e-02, +2.1922e-01, -2.7071e-02, +1.5831e-02, +6.5151e-02, -2.5362e-02, -3.2997e-02, -5.7270e-02, -5.5463e-02, -7.4615e-02, +5.8981e-02, -9.0488e-02, -1.8879e-02, -3.6898e-02, -5.2241e-03, -5.7027e-02, -3.4000e-02, -4.7048e-02, +4.0450e-02, +9.3461e-02, +3.4483e-02, +1.9303e-02, -1.3511e-02, +3.6627e-02, +7.4768e-02, +1.3100e-02, -1.0633e-02, -6.0636e-03, -2.6161e-02, +5.5971e-02, +9.1395e-02, +5.0321e-02, -1.0000e+00, -1.3326e-02, -7.5419e-02, -1.6367e-01, +9.3744e-03, +4.7850e-02
-4.8603e-02, -2.2998e-02, +1.4249e-02, -2.4521e-02, -4.2200e-02, +8.8937e-02, -5.5323e-02, +3.5014e-02, +5.5017e-02, +4.4060e-02, +9.5400e-02, -4.3208e-03, -4.6314e-02, +1.2395e-02, +2.2879e-03, -4.2006e-02, -1.7848e-02, +7.1949e-02, -6.2868e-02, +3.1761e-02, -2.6713e-03, +9.0717e-02, +9.6326e-02, -8.9381e-02, -2.0687e-02, -8.6208e-02, -1.3944e-02, -1.2548e-03, +5.8369e-02, -3.3227e-03, +2.5987e-02, +3.9003e-03, -2.4993e-03, -9.9114e-05, -8.2446e-02, -1.8615e-02, +9.0275e-02, +6.6372e-02, +4.6784e-02, +4.8802e-02, -1.7489e-02, -4.0581e-02, +7.5438e-02, -3.4173e-02, -1.3326e-02, -1.0000e+00, -6.1568e-03, -4.0738e-02, -9.1293e-03, +2.8999e-02
-8.3459e-02, +9.4595e-02, -4.9844e-02, -2.8860e-02, +4.6095e-03, -2.1017e-02, +2.5244e-02, +2.7622e-02, -7.6281e-02, +7.3842e-02, +2.6797e-02, -5.7556e-02, -3.6747e-03, +6.6893e-03, +3.6667e-02, +1.5533e-02, +1.3069e-02, +2.5300e-03, -1.3967e-01, -3.0952e-02, -1.1886e-02, -1.3857e-01, +4.4670e-02, -4.8225e-02, -2.2662e-02, -1.2480e-02, -2.0204e-02, -2.9219e-02, +2.3281e-02, -1.7134e-02, +2.1097e-03, +6.6328e-02, -2.1807e-02, +1.9025e-02, +3.3756e-02, +5.1880e-03, +7.0313e-02, -1.1502e-01, -1.3548e-02, -4.2534e-02, +6.8204e-03, +1.8477e-03, +5.3416e-02, +1.2921e-02, -7.5419e-02, -6.1568e-03, -1.0000e+00, -6.2935e-02, -1.1310e-02, +9.8416e-02
+1.2321e-01, -1.5593e-01, +2.3921e-01, -5.2870e-02, +1.0824e-01, -7.7450e-02, -3.7700e-02, -1.0420e-01, +5.2535e-02, -2.8930e-01, +3.1564e-02, +1.9608e-02, -3.4677e-01, +5.7895e-02, +8.7279e-03, +2.1847e-01, +2.5387e-02, -4.0744e-02, -3.1485e-02, +1.3000e-01, +6.7441e-02, -1.0309e-01, +3.9022e-02, +3.9870e-02, +3.2044e-02, -4.7187e-03, -2.4873e-02, -9.9965e-02, -2.3303e-02, +2.3627e-02, -6.7463e-02, +4.2885e-02, +6.4442e-02, +8.2221e-02, +7.9994e-02, -2.0768e-02, +1.5849e-01, +1.1559e-02, +4.3363e-02, +6.7053e-02, -3.1743e-02, +1.4063e-02, +9.5813e-02, +5.1733e-02, -1.6367e-01, -4.0738e-02, -6.2935e-02, -1.0000e+00, -8.6394e-02, +2.9404e-01
+1.3709e-02, +1.8111e-02, -3.2912e-02, +1.8954e-02, +2.8858e-02, +4.4280e-02, +1.2456e-01, +2.6000e-02, -3.9579e-03, -2.8569e-02, +4.5778e-02, +1.3580e-02, -9.7399e-02, +5.3416e-02, +7.3460e-03, -4.5057e-02, -4.6688e-02, -9.7387e-02, -3.4583e-02, -2.9933e-02, +1.2571e-02, -4.2062e-02, -3.9781e-02, -5.4869e-02, +7.2932e-02, -2.8281e-02, -1.9782e-04, -3.2291e-02, +3.5972e-02, -4.8386e-02, +4.6584e-02, -1.1432e-02, -1.6634e-02, +1.2107e-01, +7.9374e-02, -1.1175e-03, +1.1818e-01, -3.3320e-02, +6.7176e-02, +1.2673e-01, -2.4111e-02, -1.2019e-01, +9.4189e-02, -3.1374e-02, +9.3744e-03, -9.1293e-03, -1.1310e-02, -8.6394e-02, -1.0000e+00, +3.6191e-02
+9.9562e-02, -1.0808e-02, +1.0590e-01, +6.7985e-02, +6.9270e-02, +8.7768e-02, -5.9456e-03, -3.2501e-02, +4.8407e-03, -1.4180e-01, +5.5745e-02, -2.9778e-02, +1.4012e-01, -1.7685e-02, +1.4251e-01, -2.1971e-01, +8.9454e-02, +5.8100e-02, +1.2326e-02, +6.7682e-02, -1.4327e-02, +4.4330e-02, -2.0651e-01, +5.6606e-02, +2.9731e-02, +4.7979e-02, -2.2474e-02, -2.2649e-02, +3.3846e-02, -1.5814e-02, +6.8802e-02, +4.2268e-02, -7.9243e-02, -9.2904e-02, -4.6403e-03, +9.8268e-02, -9.1564e-02, -9.0072e-03, +2.7597e-02, +1.8925e-02, +3.7152e-02, +3.5970e-02, -2.9050e-02, -3.0163e-02, +4.7850e-02, +2.8999e-02, +9.8416e-02, +2.9404e-01, +3.6191e-02, -1.0000e+00
