-1.0000e+00, -3.6909e-02, +2.2096e-02, -2.6541e-02, +7.7173e-02, +1.3912e-01, -6.7849e-03, -6.7056e-02, -5.0660e-02, +1.0911e-02, +1.2205e-01, +3.4795e-02, -2.9861e-02, +1.5230e-02, +3.6541e-02, +3.4104e-02, +1.4552e-02, +1.1554e-02, +6.6437e-02, +3.4840e-03, +3.8864e-02, -2.5397e-02, +9.2214e-03, +8.9324e-02, -1.3122e-02, -7.0730e-02, +1.0418e-01, +5.8090e-03, +1.1946e-01, +3.7972e-02, +8.2033e-02, +2.8160e-02, +7.0098e-02, +6.4774e-02, -7.2668e-02, +1.1565e-02, +4.1849e-02, +1.1717e-02, -9.2795e-03, -6.4592e-02, -2.0581e-02, -3.3307e-02, +4.1554e-02, +1.5272e-02, -8.4725e-02, +5.4697e-02, -1.8509e-02, +1.1473e-01, +3.9249e-02, +5.3308e-02
-3.6909e-02, -1.0000e+00, +1.6630e-03, +1.0501e-02, -4.0224e-02, -3.0291e-02, -4.5288e-03, +3.3342e-02, -1.8648e-03, -6.1209e-02, -1.5064e-02, -9.7747e-02, +1.6467e-01, -8.5659e-02, -7.4620e-02, +2.2497e-02, +5.1646e-02, -4.0898e-02, +3.2605e-04, -3.2721e-02, +1.1263e-02, -1.3965e-02, -4.8289e-02, -1.9161e-02, -2.8870e-02, +3.2184e-04, +1.7770e-02, -5.6863e-03, -3.7480e-02, -3.3376e-02, -5.9444e-02, -2.8599e-02, +2.6057e-02, -1.1176e-02, +8.9115e-02, -4.3687e-02, -2.4014e-02, -3.0118e-02, -2.2829e-02, -1.0739e-02, +8.6431e-03, -5.2063e-02, +2.9976e-02, -3.6304e-03, +5.5280e-02, -2.5588e-02, +1.0954e-02, +1.3862e-01, -7.0339e-03, -8.3240e-03
+2.2096e-02, +1.6630e-03, -1.0000e+00, +1.0962e-02, -1.6766e-04, -2.1464e-02, -4.8122e-02, +3.0890e-02, -6.3222e-02, +1.6725e-04, -2.6785e-03, +1.3251e-03, -1.0866e-02, +6.6810e-02, +9.0937e-02, +6.6041e-02, +6.4568e-03, +2.6900e-02, +1.1516e-02, -4.7049e-02, +2.6693e-02, +2.0583e-02, +3.6014e-02, -5.2370e-03, -6.9778e-02, +1.9259e-02, +2.9392e-02, -2.6226e-03, -6.4664e-02, -1.1420e-02, +6.2061e-02, -2.9349e-02, -1.8932e-02, -2.7879e-02, +4.5110e-02, -3.0399e-02, -4.6378e-02, +2.3546e-02, -4.5888e-02, +1.9689e-02, +3.1490e-02, -7.3835e-02, -2.2130e-02, +2.0235e-02, +3.8776e-02, +3.5151e-03, +4.5480e-02, +2.4541e-02, +1.0970e-02, +1.8360e-01
-2.6541e-02, +1.0501e-02, +1.0962e-02, -1.0000e+00, -1.6438e-02, -1.9961e-02, +3.6035e-02, +6.2947e-02, +9.4456e-02, -6.2775e-02, -7.5594e-02, -4.0141e-02, -2.5270e-02, +5.8417e-03, -1.2666e-02, -7.1894e-02, +3.4946e-02, +1.7428e-02, -2.2209e-02, -1.1103e-02, -1.1202e-02, -3.3581e-02, -3.9421e-02, -8.2550e-02, -8.6760e-02, -2.2401e-02, +1.3132e-02, -8.3690e-02, -5.6053e-02, -1.3395e-01, -6.0678e-02, +1.2817e-01, -3.4633e-02, -3.7667e-02, -1.0925e-02, +5.1400e-02, +4.1119e-02, +4.7030e-02, +2.0197e-03, -5.1788e-02, +2.0041e-03, +4.6658e-02, +4.0636e-02, -7.5423e-02, +1.5934e-01, -3.2239e-02, -1.0674e-01, -4.8326e-02, -2.5008e-02, +1.0245e-01
+7.7173e-02, -4.0224e-02, -1.6767e-04, -1.6438e-02, -1.0000e+00, -4.1162e-02, +4.3947e-02, -4.4258e-02, +1.6324e-02, -1.4072e-03, -8.9644e-02, -6.3833e-02, -9.0792e-03, -3.1826e-02, -3.3264e-02, +4.6448e-03, +1.1421e-02, +4.5618e-02, -1.5185e-01, +3.4657e-02, +4.8165e-03, +4.5901e-02, +6.1778e-03, -6.1715e-02, +2.9552e-02, +9.9351e-02, -7.0796e-02, -7.4412e-03, -1.5622e-01, -4.8149e-02, +3.9296e-02, +5.1505e-02, -1.9607e-02, +8.3976e-03, +2.4109e-02, -1.8770e-03, +1.0776e-02, +6.4510e-03, +7.3680e-02, +1.5325e-02, +8.7482e-02, -4.1153e-03, +5.6953e-02, -5.4287e-02, -5.8160e-02, +2.9182e-02, -4.0155e-02, +1.6945e-01, -2.0433e-02, +1.0011e-01
+1.3912e-01, -3.0291e-02, -2.1464e-02, -1.9961e-02, -4.1162e-02, -1.0000e+00, -5.5324e-02, -1.1201e-01, +3.0663e-02, -3.7615e-02, -5.9102e-02, -6.1308e-02, +3.9018e-02, +1.0010e-02, -8.3830e-02, -1.9116e-02, +9.1877e-03, +8.3732e-03, -9.3547e-02, +1.4525e-02, -2.0019e-02, +3.5233e-02, -1.9991e-04, +2.0031e-02, +2.7569e-02, +1.5706e-02, -7.0943e-02, -1.4403e-02, -5.2857e-02, -2.2579e-02, -9.5226e-02, +5.4501e-02, -3.4251e-02, +4.1478e-03, -1.9479e-02, +2.4614e-02, +1.3042e-01, -1.2549e-03, -3.3510e-02, -1.0142e-02, +9.9493e-03, -7.6999e-03, -9.2487e-04, +2.2316e-02, +9.0369e-02, -3.1773e-03, -1.2233e-01, -8.9909e-02, -4.2285e-02, +8.4787e-02
-6.7849e-03, -4.5288e-03, -4.8122e-02, +3.6035e-02, +4.3947e-02, -5.5324e-02, -1.0000e+00, -1.4753e-03, -4.9956e-02, -1.0478e-02, -3.0688e-02, +9.1894e-03, +5.5831e-02, +1.0821e-02, +1.7841e-02, -1.7619e-02, +7.3066e-02, -4.1223e-02, -8.2584e-02, -4.7375e-03, -3.0275e-02, -2.8204e-03, -1.4983e-02, -2.0686e-02, +1.2046e-01, -3.3216e-02, -2.7218e-02, +4.4456e-02, +8.0473e-03, -2.5913e-02, -2.6707e-03, -1.3404e-02, +3.3027e-02, -5.4051e-03, +1.6818e-02, +7.0899e-03, -1.2103e-02, +2.9076e-02, -2.4165e-02, +1.3873e-02, -4.7350e-02, -5.9634e-02, -2.0857e-02, +2.1360e-02, -3.0234e-02, -6.1419e-02, -6.7787e-02, -1.3638e-01, -2.8499e-04, +9.3568e-02
-6.7056e-02, +3.3342e-02, +3.0890e-02, +6.2947e-02, -4.4258e-02, -1.1201e-01, -1.4753e-03, -1.0000e+00, -2.7285e-02, -2.1643e-02, -8.3821e-02, +4.4139e-02, +5.7614e-02, -7.7558e-02, -5.2636e-02, -3.5695e-02, -3.6174e-02, -4.1183e-03, -2.8375e-02, +2.2072e-02, -1.9816e-02, +3.3489e-02, +5.2199e-02, +4.1871e-02, +1.4580e-01, +4.9908e-02, -6.4641e-02, -9.7466e-02, +9.1035e-03, -5.4345e-02, -5.4164e-02, -1.0040e-02, +1.4989e-02, -4.4180e-02, -2.6403e-02, +1.7610e-03, +1.4836e-02, -8.0001e-02, -9.7030e-03, +6.5993e-03, -4.1423e-03, +1.9274e-02, -3.7746e-02, -3.1662e-03, -2.7415e-03, +4.7388e-02, -8.2225e-02, -8.7974e-03, +3.5124e-02, -1.0503e-02
-5.0660e-02, -1.8648e-03, -6.3222e-02, +9.4456e-02, +1.6324e-02, +3.0663e-02, -4.9956e-02, -2.7285e-02, -1.0000e+00, +5.4329e-02, +7.5767e-02, -3.0638e-02, +3.2242e-02, -5.7206e-03, +8.4889e-02, -3.4493e-02, -8.7031e-02, -2.7172e-02, +8.6399e-02, -2.6238e-02, -5.3616e-03, -7.8458e-02, -3.4330e-02, +8.8011e-02, -1.6000e-01, +5.3585e-02, +1.0112e-01, +2.5312e-02, -8.2740e-03, +1.5499e-02, +1.9372e-02, -4.0403e-02, -8.3888e-02, -5.2495e-03, +4.8616e-02, -2.5814e-02, +1.1188e-02, -1.1208e-02, +5.1433e-02, +1.5320e-02, +1.0510e-01, +4.6108e-02, -3.2170e-02, -2.2818e-03, -2.9884e-02, +4.6569e-02, +4.1463e-02, +1.5708e-02, -7.2916e-03, +1.5009e-02
+1.0911e-02, -6.1209e-02, +1.6725e-04, -6.2775e-02, -1.4072e-03, -3.7615e-02, -1.0478e-02, -2.1643e-02, +5.4329e-02, -1.0000e+00, -1.3391e-02, -2.4967e-02, -3.9656e-03, +2.8173e-02, -2.0535e-02, +1.9323e-02, +9.2084e-02, -2.3722e-02, -1.0394e-01, -2.3468e-02, -5.2006e-02, -1.4619e-02, +6.3679e-02, +1.3159e-02, -3.1779e-02, +4.7328e-02, -2.6228e-02, -6.1393e-02, -4.6167e-02, +3.1182e-02, -3.2486e-02, +5.4193e-02, +3.1810e-02, -5.7137e-02, -2.7325e-03, -2.4540e-02, -1.1816e-01, -2.3290e-02, -4.4091e-03, +1.7479e-02, -2.2709e-03, +1.8365e-03, -8.3722e-03, -5.5865e-02, +7.0984e-02, -3.1260e-02, -9.8641e-02, -6.2394e-02, +1.2144e-02, +1.0317e-01
+1.2205e-01, -1.5064e-02, -2.6785e-03, -7.5594e-02, -8.9644e-02, -5.9102e-02, -3.0688e-02, -8.3821e-02, +7.5767e-02, -1.3391e-02, -1.0000e+00, -4.1526e-02, -3.3048e-02, +1.5524e-03, -6.1930e-02, +2.9937e-03, +3.8004e-02, -6.5899e-02, -8.5925e-02, +2.8439e-02, +2.1937e-03, -7.3627e-02, -6.8487e-03, +1.0717e-01, +2.9327e-02, -4.2700e-02, -2.5508e-02, -5.6579e-02, -6.1667e-02, +3.5135e-03, -3.8696e-02, +1.2321e-02, -1.4357e-03, +4.7467e-02, -5.1296e-02, +5.3034e-02, +1.3230e-01, -6.9827e-02, +2.7812e-03, -3.3305e-02, +8.4225e-02, +6.5094e-02, +3.2910e-02, -8.5221e-03, -3.6633e-02, +2.4323e-02, -1.4506e-01, +2.1318e-02, -1.2327e-02, +6.3323e-02
+3.4795e-02, -9.7747e-02, +1.3251e-03, -4.0141e-02, -6.3833e-02, -6.1308e-02, +9.1894e-03, +4.4139e-02, -3.0638e-02, -2.4967e-02, -4.1526e-02, -1.0000e+00, +1.8592e-02, +6.7076e-04, -8.4486e-02, -1.0244e-02, -3.0427e-02, -2.6591e-02, -1.5008e-02, +8.9626e-03, +9.5216e-03, -6.8913e-02, +5.1002e-02, -3.6706e-02, -4.7761e-03, +1.5587e-02, -4.7664e-02, -2.2016e-02, -2.9501e-02, +4.7638e-02, +2.2732e-02, +1.0594e-01, -1.8849e-02, -4.6509e-02, +1.5434e-02, +7.1244e-03, -1.9589e-02, +1.4139e-02, -2.9252e-03, +1.1773e-02, -3.7430e-02, +8.1837e-03, +3.7719e-02, +3.4449e-02, +9.1091e-02, +9.8291e-03, -3.5676e-02, +2.2203e-02, -1.6484e-02, +7.0707e-02
-2.9861e-02, +1.6467e-01, -1.0866e-02, -2.5270e-02, -9.0792e-03, +3.9018e-02, +5.5831e-02, +5.7614e-02, +3.2242e-02, -3.9656e-03, -3.3048e-02, +1.8592e-02, -1.0000e+00, +2.6600e-02, +3.7815e-02, -7.0054e-02, -2.1112e-02, -9.0600e-03, -7.8728e-03, +4.6001e-02, -2.2070e-02, -6.2360e-02, +7.0191e-02, +1.0417e-02, -1.3481e-02, -1.7496e-01, -5.5223e-02, +3.1582e-02, +3.4901e-02, +7.9094e-02, -1.4240e-03, +2.5662e-02, +1.4980e-03, -5.4987e-03, +1.2026e-02, -7.0165e-03, +3.2761e-02, -7.8716e-02, -4.3960e-02, +1.0119e-02, -2.2421e-02, +1.2741e-01, +9.2527e-03, -3.9840e-03, -1.5621e-01, -1.4093e-02, -3.3752e-02, -1.8714e-01, +4.6462e-02, -3.2907e-02
+1.5230e-02, -8.5659e-02, +6.6810e-02, +5.8417e-03, -3.1826e-02, +1.0010e-02, +1.0821e-02, -7.7558e-02, -5.7206e-03, +2.8173e-02, +1.5524e-03, +6.7076e-04, +2.6600e-02, -1.0000e+00, -4.0505e-02, +8.2334e-03, -2.0950e-02, +3.2592e-02, -6.9301e-02, +4.0202e-03, -2.2705e-02, -6.2141e-03, -2.2936e-02, -3.3352e-02, +3.5944e-02, +2.6240e-02, -1.1057e-02, -8.3336e-02, -6.9652e-02, -7.2963e-02, -8.6401e-02, +7.9163e-02, -1.5041e-02, +1.5556e-02, +2.6976e-02, -5.2071e-02, -1.2079e-03, -1.2877e-02, -2.3442e-03, -3.4921e-03, -2.8362e-02, -3.6308e-02, +3.0324e-02, -7.2843e-03, -3.6409e-02, -4.3883e-02, +1.7496e-04, +2.8301e-02, -7.4116e-03, +2.3315e-02
+3.6541e-02, -7.4620e-02, +9.0937e-02, -1.2666e-02, -3.3264e-02, -8.3830e-02, +1.7841e-02, -5.2636e-02, +8.4889e-02, -2.0535e-02, -6.1930e-02, -8.4486e-02, +3.7815e-02, -4.0505e-02, -1.0000e+00, -3.0662e-02, +1.6298e-02, -4.1805e-02, -8.1256e-02, +1.7048e-02, +2.5504e-02, -1.4251e-02, -5.1782e-02, -4.1272e-02, +1.8428e-02, +5.6673e-02, -6.0881e-02, -7.8095e-02, -5.9496e-02, +4.0180e-02, +3.3972e-03, +3.0619e-02, +3.0291e-02, -1.1261e-03, -4.1692e-03, +3.6772e-02, +4.5858e-02, -2.9849e-02, +4.0145e-02, +1.9671e-02, +3.9070e-03, +3.1433e-04, +6.9023e-02, +3.4134e-02, -1.8285e-02, +1.8485e-02, -2.4627e-02, +9.6921e-02, -1.0645e-02, +1.1658e-01
+3.4104e-02, +2.2497e-02, +6.6041e-02, -7.1894e-02, +4.6448e-03, -1.9116e-02, -1.7619e-02, -3.5695e-02, -3.4493e-02, +1.9323e-02, +2.9937e-03, -1.0244e-02, -7.0054e-02, +8.2334e-03, -3.0662e-02, -1.0000e+00, -2.9007e-02, +2.8952e-02, -2.1588e-02, -5.4599e-02, +3.7044e-02, -2.3328e-02, -4.2279e-02, +1.1895e-02, +2.5165e-02, +5.6065e-03, -1.8206e-02, -2.4784e-02, -1.6587e-02, -1.1678e-02, -2.8493e-02, -3.2889e-02, +5.8386e-03, -2.9697e-02, -2.9666e-02, +5.5180e-02, -5.4082e-02, +3.1861e-02, -1.7362e-02, -1.9047e-03, -4.4640e-03, +5.4993e-02, +2.2159e-02, -2.3397e-02, +1.7620e-02, +6.8838e-03, +5.2965e-04, -1.6280e-02, +3.7029e-02, -3.6968e-02
+1.4552e-02, +5.1646e-02, +6.4568e-03, +3.4946e-02, +1.1421e-02, +9.1877e-03, +7.3066e-02, -3.6174e-02, -8.7031e-02, +9.2084e-02, +3.8004e-02, -3.0427e-02, -2.1112e-02, -2.0950e-02, +1.6298e-02, -2.9007e-02, -1.0000e+00, -8.4345e-03, +4.1491e-02, +5.3137e-02, -9.4457e-03, +9.6242e-03, +4.0006e-02, +9.4673e-03, -3.1770e-02, -3.5280e-02, +1.0693e-03, +2.9245e-02, -3.6671e-02, -3.0348e-02, +1.9061e-02, +6.5605e-02, -1.6231e-02, -6.2584e-02, +3.7527e-02, +4.6223e-02, -9.2172e-02, -4.1258e-02, +7.9203e-02, +8.1832e-03, +5.8707e-02, +6.3438e-02, -2.2849e-02, +7.2040e-03, -2.6379e-02, +7.3200e-02, +1.9517e-02, -1.3724e-01, -4.3282e-02, +4.0731e-02
+1.1554e-02, -4.0898e-02, +2.6900e-02, +1.7428e-02, +4.5618e-02, +8.3732e-03, -4.1223e-02, -4.1184e-03, -2.7172e-02, -2.3722e-02, -6.5899e-02, -2.6591e-02, -9.0599e-03, +3.2592e-02, -4.1805e-02, +2.8952e-02, -8.4345e-03, -1.0000e+00, +7.8414e-02, -2.8900e-02, -6.1381e-02, -1.9861e-02, +3.9543e-02, +2.6551e-02, -6.8709e-02, -5.2886e-02, +9.2261e-03, -4.6353e-02, +1.9639e-02, +4.5337e-03, -7.5406e-03, -4.8378e-02, +1.1163e-02, -2.6718e-02, +1.7515e-04, +2.0633e-03, +5.3805e-02, -7.4193e-02, +4.1853e-02, -3.0711e-02, +2.0160e-02, -4.3630e-02, -4.8441e-02, -2.0875e-03, +3.8062e-02, +6.2159e-02, -4.2914e-02, -3.2166e-02, -6.2494e-03, +2.4193e-02
+6.6437e-02, +3.2605e-04, +1.1516e-02, -2.2209e-02, -1.5185e-01, -9.3547e-02, -8.2584e-02, -2.8375e-02, +8.6399e-02, -1.0394e-01, -8.5925e-02, -1.5008e-02, -7.8728e-03, -6.9301e-02, -8.1256e-02, -2.1588e-02, +4.1491e-02, +7.8414e-02, -1.0000e+00, +4.6084e-02, -9.1294e-03, +2.6605e-02, -5.1930e-02, -6.0170e-02, +6.3370e-02, +3.8891e-02, -9.0529e-02, -1.0929e-02, +3.1825e-02, +2.4989e-02, -8.4742e-02, +5.3410e-02, -1.2206e-02, +2.8311e-03, -1.2378e-02, +2.4074e-02, +5.3585e-02, +5.6044e-02, -7.0160e-02, +3.6028e-02, +3.5280e-02, -3.5552e-02, -3.2399e-03, +1.6504e-03, -2.4503e-02, -8.9911e-02, -8.0594e-02, -3.7109e-02, +1.7427e-02, +4.1459e-02
+3.4840e-03, -3.2721e-02, -4.7049e-02, -1.1103e-02, +3.4657e-02, +1.4525e-02, -4.7375e-03, +2.2072e-02, -2.6238e-02, -2.3468e-02, +2.8439e-02, +8.9626e-03, +4.6001e-02, +4.0202e-03, +1.7048e-02, -5.4599e-02, +5.3137e-02, -2.8900e-02, +4.6084e-02, -1.0000e+00, -8.9286e-02, -3.0683e-02, -2.5162e-02, -7.9908e-02, -8.0662e-02, -2.0597e-02, -7.3791e-02, -3.4624e-02, -2.6725e-02, +1.6050e-02, -2.6534e-02, -1.2328e-02, -2.1055e-02, -7.2546e-02, -5.9550e-02, +5.6753e-03, +5.0787e-02, -3.8728e-02, -9.6542e-02, +1.7410e-02, -1.2313e-01, +1.9111e-02, -8.1574e-02, +1.0438e-01, +1.3986e-02, -2.9780e-02, +1.3952e-02, -6.5035e-02, -5.2465e-02, -7.8188e-02
+3.8864e-02, +1.1263e-02, +2.6693e-02, -1.1202e-02, +4.8165e-03, -2.0019e-02, -3.0275e-02, -1.9816e-02, -5.3616e-03, -5.2006e-02, +2.1937e-03, +9.5216e-03, -2.2070e-02, -2.2705e-02, +2.5504e-02, +3.7044e-02, -9.4457e-03, -6.1381e-02, -9.1294e-03, -8.9286e-02, -1.0000e+00, +2.3669e-02, +2.4563e-02, +3.2239e-02, -5.6205e-02, +3.3284e-02, -1.3120e-02, -2.0426e-03, +4.7926e-03, -8.0003e-03, +1.8851e-03, +8.1142e-02, -5.7390e-02, +4.3469e-02, -5.3658e-03, -1.0561e-02, -1.5470e-02, +2.3066e-02, -4.5613e-02, -7.4016e-03, -5.9722e-02, +3.9507e-02, +2.4004e-02, -5.1822e-02, -1.7440e-02, +1.7060e-02, +1.6260e-02, -8.8719e-03, +1.3330e-02, +4.2596e-02
-2.5397e-02, -1.3965e-02, +2.0583e-02, -3.3581e-02, +4.5901e-02, +3.5233e-02, -2.8204e-03, +3.3489e-02, -7.8458e-02, -1.4619e-02, -7.3627e-02, -6.8913e-02, -6.2360e-02, -6.2141e-03, -1.4251e-02, -2.3328e-02, +9.6242e-03, -1.9861e-02, +2.6605e-02, -3.0683e-02, +2.3669e-02, -1.0000e+00, -1.9936e-02, -4.6761e-03, -1.0582e-02, -5.5576e-02, +6.2646e-02, +6.1105e-03, -8.4063e-03, +1.7434e-02, +1.5492e-02, +6.0690e-02, +1.2637e-01, -4.6999e-02, -2.5847e-02, +1.7973e-01, +2.5889e-01, -4.5391e-02, +1.2296e-02, +8.8856e-04, +1.0929e-02, +2.9351e-01, -1.2180e-02, -8.1781e-03, -1.3834e-01, +4.2699e-02, -8.6517e-02, +8.3096e-02, -9.3536e-02, +1.2580e-01
+9.2214e-03, -4.8289e-02, +3.6014e-02, -3.9421e-02, +6.1778e-03, -1.9992e-04, -1.4983e-02, +5.2199e-02, -3.4330e-02, +6.3679e-02, -6.8487e-03, +5.1002e-02, +7.0191e-02, -2.2936e-02, -5.1782e-02, -4.2279e-02, +4.0006e-02, +3.9543e-02, -5.1930e-02, -2.5162e-02, +2.4563e-02, -1.9936e-02, -1.0000e+00, -8.2208e-02, -7.4482e-02, +1.9753e-02, -2.3935e-03, +3.2117e-02, +6.4901e-02, +4.5992e-03, -4.0757e-02, +8.6893e-02, -1.4825e-02, +1.1231e-02, +2.4063e-02, +1.9768e-02, +5.7919e-02, +6.2345e-02, -1.5493e-02, -6.6666e-03, +1.2220e-02, -1.3551e-02, -3.1052e-02, -1.2235e-02, -3.3855e-02, -6.9371e-02, -5.5009e-02, +2.4054e-02, +4.9207e-03, +6.3747e-02
+8.9324e-02, -1.9161e-02, -5.2370e-03, -8.2550e-02, -6.1715e-02, +2.0031e-02, -2.0686e-02, +4.1871e-02, +8.8011e-02, +1.3159e-02, +1.0717e-01, -3.6706e-02, +1.0417e-02, -3.3352e-02, -4.1272e-02, +1.1895e-02, +9.4673e-03, +2.6551e-02, -6.0170e-02, -7.9908e-02, +3.2239e-02, -4.6761e-03, -8.2208e-02, -1.0000e+00, +1.7583e-03, -9.6268e-02, -5.3296e-02, -3.6111e-02, +7.8142e-02, -4.1376e-02, -1.1190e-01, +2.3313e-02, -2.9346e-02, +1.6176e-03, -8.5313e-02, -1.3027e-02, +7.5742e-02, +6.8784e-02, +2.1675e-02, +4.8816e-03, +9.9673e-02, -1.5776e-02, +5.8637e-02, +3.4765e-02, -1.9425e-02, -1.0226e-01, -1.2540e-01, +2.9513e-02, +5.4757e-02, +5.3355e-02
-1.3122e-02, -2.8870e-02, -6.9778e-02, -8.6760e-02, +2.9552e-02, +2.7569e-02, +1.2046e-01, +1.4580e-01, -1.6000e-01, -3.1779e-02, +2.9327e-02, -4.7761e-03, -1.3481e-02, +3.5944e-02, +1.8428e-02, +2.5165e-02, -3.1771e-02, -6.8709e-02, +6.3370e-02, -8.0662e-02, -5.6205e-02, -1.0582e-02, -7.4482e-02, +1.7583e-03, -1.0000e+00, +9.0510e-02, -7.6959e-03, +3.8217e-02, +1.4196e-02, -3.9174e-03, +1.1147e-03, +9.2478e-02, +1.9733e-02, -7.6261e-03, +1.2465e-03, -1.7454e-02, +4.8120e-03, +4.2640e-03, +1.8556e-03, +1.3723e-02, -3.0509e-02, +3.6102e-02, -1.2271e-01, -1.3215e-02, +8.5521e-03, +1.0340e-02, -4.7201e-02, +2.0601e-02, +5.2505e-03, +3.9798e-02
-7.0730e-02, +3.2183e-04, +1.9259e-02, -2.2401e-02, +9.9351e-02, +1.5706e-02, -3.3216e-02, +4.9908e-02, +5.3585e-02, +4.7328e-02, -4.2700e-02, +1.5587e-02, -1.7496e-01, +2.6240e-02, +5.6673e-02, +5.6065e-03, -3.5280e-02, -5.2886e-02, +3.8891e-02, -2.0597e-02, +3.3284e-02, -5.5576e-02, +1.9753e-02, -9.6268e-02, +9.0510e-02, -1.0000e+00, -9.7431e-02, +2.5440e-02, +3.3616e-02, -2.5958e-02, -3.9362e-03, +3.8753e-02, +4.8177e-02, +2.6908e-03, +1.0757e-02, +1.6024e-03, +1.0014e-01, +4.0352e-02, +1.1514e-03, -9.1154e-03, -3.2383e-02, +5.7772e-02, +1.0300e-01, -4.7666e-03, -3.6616e-03, -1.8068e-03, -1.0311e-01, -1.1638e-01, +1.0424e-02, +7.1687e-02
+1.0418e-01, +1.7770e-02, +2.9392e-02, +1.3132e-02, -7.0796e-02, -7.0943e-02, -2.7218e-02, -6.4641e-02, +1.0112e-01, -2.6228e-02, -2.5508e-02, -4.7664e-02, -5.5223e-02, -1.1057e-02, -6.0881e-02, -1.8206e-02, +1.0693e-03, +9.2261e-03, -9.0529e-02, -7.3791e-02, -1.3120e-02, +6.2646e-02, -2.3935e-03, -5.3296e-02, -7.6959e-03, -9.7431e-02, -1.0000e+00, -2.5189e-02, -1.3549e-01, +1.1013e-02, -1.3614e-01, +4.0133e-02, -2.6918e-02, +1.8468e-02, +4.2123e-03, -2.7095e-03, +4.5324e-02, +1.5457e-02, +2.7506e-02, +2.7741e-02, -2.1935e-02, +1.8742e-02, +4.6031e-02, +4.1861e-02, -1.7568e-02, -1.1893e-02, -1.3640e-01, -4.9607e-02, -2.2449e-02, +5.8620e-02
+5.8090e-03, -5.6863e-03, -2.6226e-03, -8.3690e-02, -7.4412e-03, -1.4403e-02, +4.4456e-02, -9.7466e-02, +2.5312e-02, -6.1393e-02, -5.6579e-02, -2.2016e-02, +3.1582e-02, -8.3336e-02, -7.8095e-02, -2.4784e-02, +2.9245e-02, -4.6353e-02, -1.0929e-02, -3.4624e-02, -2.0426e-03, +6.1105e-03, +3.2117e-02, -3.6111e-02, +3.8217e-02, +2.5440e-02, -2.5189e-02, -1.0000e+00, -7.1710e-02, -2.2642e-02, -6.1100e-03, +1.8869e-03, -4.7402e-02, -4.4190e-02, +3.7376e-03, -3.2679e-02, +4.1615e-02, -5.8042e-02, -1.0328e-02, -1.4243e-02, +4.0625e-02, -1.6238e-02, -2.6552e-03, -1.4481e-02, +8.9401e-02, -4.9465e-03, -1.3350e-01, -5.5948e-03, -2.0900e-02, -7.0180e-02
+1.1946e-01, -3.7480e-02, -6.4664e-02, -5.6053e-02, -1.5622e-01, -5.2857e-02, +8.0473e-03, +9.1035e-03, -8.2740e-03, -4.6167e-02, -6.1667e-02, -2.9501e-02, +3.4901e-02, -6.9652e-02, -5.9496e-02, -1.6587e-02, -3.6671e-02, +1.9639e-02, +3.1825e-02, -2.6725e-02, +4.7925e-03, -8.4063e-03, +6.4901e-02, +7.8142e-02, +1.4196e-02, +3.3616e-02, -1.3549e-01, -7.1710e-02, -1.0000e+00, -1.0319e-02, -1.0782e-01, +4.4495e-02, +2.1619e-02, -1.8937e-02, +1.3206e-01, -3.5400e-03, +2.8564e-02, -1.8690e-02, +2.1292e-02, -1.9518e-02, +3.7363e-02, -2.6790e-02, -1.0438e-02, +1.5415e-02, +5.7851e-02, +7.7908e-02, -4.7972e-02, +4.5982e-02, -2.9314e-02, +9.0385e-02
+3.7972e-02, -3.3376e-02, -1.1420e-02, -1.3395e-01, -4.8149e-02, -2.2579e-02, -2.5913e-02, -5.4345e-02, +1.5499e-02, +3.1182e-02, +3.5135e-03, +4.7638e-02, +7.9094e-02, -7.2963e-02, +4.0180e-02, -1.1678e-02, -3.0348e-02, +4.5337e-03, +2.4989e-02, +1.6050e-02, -8.0003e-03, +1.7434e-02, +4.5992e-03, -4.1376e-02, -3.9174e-03, -2.5958e-02, +1.1013e-02, -2.2642e-02, -1.0319e-02, -1.0000e+00, -4.4497e-02, -3.1881e-02, -5.5062e-03, -3.6910e-02, -1.7409e-02, +2.4658e-02, +3.1989e-02, +9.8144e-02, -4.3211e-02, +2.4836e-03, +1.4697e-02, -5.2898e-02, -6.1104e-03, +9.1888e-03, +9.8363e-02, -4.3914e-03, -2.2262e-02, +1.0518e-02, -5.8313e-02, +1.1231e-01
+8.2033e-02, -5.9444e-02, +6.2061e-02, -6.0678e-02, +3.9296e-02, -9.5226e-02, -2.6707e-03, -5.4164e-02, +1.9372e-02, -3.2486e-02, -3.8696e-02, +2.2732e-02, -1.4240e-03, -8.6401e-02, +3.3973e-03, -2.8493e-02, +1.9061e-02, -7.5406e-03, -8.4742e-02, -2.6534e-02, +1.8851e-03, +1.5492e-02, -4.0757e-02, -1.1190e-01, +1.1147e-03, -3.9362e-03, -1.3614e-01, -6.1100e-03, -1.0782e-01, -4.4497e-02, -1.0000e+00, +3.5265e-02, -1.6543e-03, +4.4912e-02, +1.1178e-01, +1.8047e-03, +5.2741e-02, -6.1547e-03, -6.6322e-02, +1.2996e-02, -5.9342e-02, -4.1990e-02, -2.3182e-02, +2.6616e-02, -5.5023e-02, -3.6119e-02, -6.6689e-02, -3.7084e-02, -1.3131e-02, +4.7071e-02
+2.8160e-02, -2.8599e-02, -2.9349e-02, +1.2817e-01, +5.1505e-02, +5.4501e-02, -1.3404e-02, -1.0040e-02, -4.0403e-02, +5.4193e-02, +1.2321e-02, +1.0594e-01, +2.5662e-02, +7.9163e-02, +3.0619e-02, -3.2889e-02, +6.5605e-02, -4.8378e-02, +5.3410e-02, -1.2328e-02, +8.1142e-02, +6.0690e-02, +8.6893e-02, +2.3313e-02, +9.2478e-02, +3.8753e-02, +4.0133e-02, +1.8869e-03, +4.4495e-02, -3.1881e-02, +3.5265e-02, -1.0000e+00, +7.8849e-02, +5.0219e-02, -8.1369e-03, +7.1207e-02, +5.0871e-02, -5.5644e-02, -2.6482e-02, -1.7463e-02, +9.6427e-03, -1.7183e-01, -3.2543e-03, +1.8125e-02, -4.4637e-02, +5.9393e-02, +7.5834e-02, +4.9822e-02, +2.6368e-02, +5.0310e-02
+7.0098e-02, +2.6057e-02, -1.8932e-02, -3.4633e-02, -1.9607e-02, -3.4251e-02, +3.3027e-02, +1.4989e-02, -8.3888e-02, +3.1810e-02, -1.4357e-03, -1.8849e-02, +1.4980e-03, -1.5041e-02, +3.0291e-02, +5.8386e-03, -1.6231e-02, +1.1163e-02, -1.2206e-02, -2.1055e-02, -5.7390e-02, +1.2637e-01, -1.4825e-02, -2.9346e-02, +1.9733e-02, +4.8177e-02, -2.6918e-02, -4.7402e-02, +2.1619e-02, -5.5062e-03, -1.6543e-03, +7.8849e-02, -1.0000e+00, +4.9302e-03, -3.9192e-02, +2.6637e-02, +1.6271e-01, +2.7534e-02, +4.0223e-02, +8.8190e-02, -4.1800e-02, +3.8075e-02, -1.5330e-02, +5.6041e-03, -1.2513e-02, -9.5343e-03, +6.3438e-02, -3.3000e-02, +4.5458e-02, -1.2603e-01
+6.4774e-02, -1.1176e-02, -2.7879e-02, -3.7667e-02, +8.3976e-03, +4.1478e-03, -5.4051e-03, -4.4180e-02, -5.2495e-03, -5.7138e-02, +4.7467e-02, -4.6509e-02, -5.4987e-03, +1.5556e-02, -1.1261e-03, -2.9697e-02, -6.2584e-02, -2.6718e-02, +2.8311e-03, -7.2546e-02, +4.3469e-02, -4.6999e-02, +1.1231e-02, +1.6175e-03, -7.6261e-03, +2.6908e-03, +1.8468e-02, -4.4190e-02, -1.8937e-02, -3.6910e-02, +4.4912e-02, +5.0219e-02, +4.9302e-03, -1.0000e+00, -4.6616e-02, -2.3357e-02, -3.1129e-03, -1.1220e-02, +9.9968e-03, -3.5337e-02, +3.5707e-02, -1.9165e-02, -1.5102e-02, -2.0471e-03, +3.6646e-03, -3.1805e-02, +9.2177e-03, +8.9375e-03, +4.4034e-02, -1.0019e-02
-7.2668e-02, +8.9115e-02, +4.5110e-02, -1.0925e-02, +2.4109e-02, -1.9479e-02, +1.6818e-02, -2.6403e-02, +4.8616e-02, -2.7325e-03, -5.1296e-02, +1.5434e-02, +1.2026e-02, +2.6976e-02, -4.1692e-03, -2.9666e-02, +3.7527e-02, +1.7513e-04, -1.2378e-02, -5.9550e-02, -5.3658e-03, -2.5847e-02, +2.4063e-02, -8.5313e-02, +1.2465e-03, +1.0757e-02, +4.2123e-03, +3.7376e-03, +1.3206e-01, -1.7409e-02, +1.1178e-01, -8.1369e-03, -3.9192e-02, -4.6616e-02, -1.0000e+00, +5.7238e-02, +8.4514e-02, +2.7404e-02, -3.2861e-02, +3.4205e-02, +2.0745e-02, +3.2339e-02, +1.3998e-02, -3.9234e-03, +1.3326e-03, -7.8603e-03, -2.9516e-02, -6.2481e-02, -3.4290e-03, +5.6095e-02
+1.1565e-02, -4.3687e-02, -3.0399e-02, +5.1400e-02, -1.8770e-03, +2.4614e-02, +7.0899e-03, +1.7610e-03, -2.5814e-02, -2.4540e-02, +5.3034e-02, +7.1244e-03, -7.0165e-03, -5.2071e-02, +3.6772e-02, +5.5180e-02, +4.6223e-02, +2.0633e-03, +2.4074e-02, +5.6752e-03, -1.0561e-02, +1.7973e-01, +1.9768e-02, -1.3027e-02, -1.7454e-02, +1.6024e-03, -2.7095e-03, -3.2679e-02, -3.5400e-03, +2.4658e-02, +1.8047e-03, +7.1207e-02, +2.6637e-02, -2.3356e-02, +5.7238e-02, -1.0000e+00, -2.8019e-02, -4.0148e-02, -1.4967e-02, -2.2267e-02, -1.6236e-02, -1.1174e-01, -7.5980e-03, +1.0262e-02, -7.4616e-03, -5.6302e-02, +1.7589e-02, -2.3889e-02, +2.3720e-02, -2.8479e-02
+4.1849e-02, -2.4014e-02, -4.6378e-02, +4.1119e-02, +1.0776e-02, +1.3042e-01, -1.2103e-02, +1.4836e-02, +1.1188e-02, -1.1816e-01, +1.3230e-01, -1.9589e-02, +3.2761e-02, -1.2079e-03, +4.5858e-02, -5.4082e-02, -9.2172e-02, +5.3805e-02, +5.3585e-02, +5.0787e-02, -1.5470e-02, +2.5889e-01, +5.7919e-02, +7.5742e-02, +4.8120e-03, +1.0014e-01, +4.5324e-02, +4.1615e-02, +2.8564e-02, +3.1989e-02, +5.2741e-02, +5.0871e-02, +1.6271e-01, -3.1129e-03, +8.4514e-02, -2.8019e-02, -1.0000e+00, -3.4915e-02, -6.5149e-02, -3.9576e-02, -3.3338e-02, -4.1020e-02, +7.5758e-02, +2.2409e-02, -2.8887e-02, +3.0776e-02, +1.4261e-01, +7.3379e-02, +1.1001e-02, -1.0101e-02
+1.1717e-02, -3.0118e-02, +2.3546e-02, +4.7030e-02, +6.4510e-03, -1.2549e-03, +2.9076e-02, -8.0001e-02, -1.1208e-02, -2.3290e-02, -6.9827e-02, +1.4139e-02, -7.8716e-02, -1.2877e-02, -2.9849e-02, +3.1861e-02, -4.1258e-02, -7.4193e-02, +5.6044e-02, -3.8728e-02, +2.3066e-02, -4.5391e-02, +6.2345e-02, +6.8784e-02, +4.2640e-03, +4.0352e-02, +1.5457e-02, -5.8042e-02, -1.8690e-02, +9.8144e-02, -6.1547e-03, -5.5644e-02, +2.7534e-02, -1.1220e-02, +2.7404e-02, -4.0148e-02, -3.4915e-02, -1.0000e+00, +1.5172e-02, +1.6568e-02, -1.2892e-02, -1.2937e-02, -2.3830e-02, -6.7294e-03, -4.3044e-02, +7.2063e-02, -5.8329e-03, +6.6090e-02, -2.1764e-02, +8.3917e-02
-9.2795e-03, -2.2829e-02, -4.5888e-02, +2.0197e-03, +7.3680e-02, -3.3511e-02, -2.4165e-02, -9.7030e-03, +5.1433e-02, -4.4091e-03, +2.7812e-03, -2.9252e-03, -4.3960e-02, -2.3442e-03, +4.0145e-02, -1.7362e-02, +7.9203e-02, +4.1853e-02, -7.0160e-02, -9.6542e-02, -4.5613e-02, +1.2296e-02, -1.5493e-02, +2.1675e-02, +1.8556e-03, +1.1514e-03, +2.7506e-02, -1.0328e-02, +2.1292e-02, -4.3211e-02, -6.6322e-02, -2.6482e-02, +4.0223e-02, +9.9968e-03, -3.2861e-02, -1.4967e-02, -6.5149e-02, +1.5172e-02, -1.0000e+00, -5.4735e-02, +1.0483e-02, +4.1791e-02, +2.5645e-02, +3.8925e-02, +4.5564e-03, -1.3001e-02, -1.0454e-01, -8.1136e-03, -7.3488e-02, +1.8114e-02
-6.4592e-02, -1.0739e-02, +1.9689e-02, -5.1788e-02, +1.5325e-02, -1.0142e-02, +1.3873e-02, +6.5993e-03, +1.5320e-02, +1.7479e-02, -3.3305e-02, +1.1773e-02, +1.0119e-02, -3.4921e-03, +1.9671e-02, -1.9047e-03, +8.1832e-03, -3.0711e-02, +3.6028e-02, +1.7410e-02, -7.4016e-03, +8.8856e-04, -6.6666e-03, +4.8816e-03, +1.3723e-02, -9.1154e-03, +2.7741e-02, -1.4243e-02, -1.9518e-02, +2.4836e-03, +1.2996e-02, -1.7463e-02, +8.8190e-02, -3.5337e-02, +3.4205e-02, -2.2267e-02, -3.9576e-02, +1.6568e-02, -5.4735e-02, -1.0000e+00, -3.3410e-02, -1.8549e-02, -1.2295e-02, -7.4007e-02, +6.7573e-02, -5.0214e-02, +1.1825e-02, -3.8649e-02, +1.3327e-02, +8.0584e-02
-2.0581e-02, +8.6431e-03, +3.1490e-02, +2.0041e-03, +8.7482e-02, +9.9493e-03, -4.7350e-02, -4.1423e-03, +1.0510e-01, -2.2709e-03, +8.4224e-02, -3.7430e-02, -2.2421e-02, -2.8362e-02, +3.9070e-03, -4.4640e-03, +5.8707e-02, +2.0160e-02, +3.5280e-02, -1.2313e-01, -5.9722e-02, +1.0928e-02, +1.2220e-02, +9.9673e-02, -3.0509e-02, -3.2383e-02, -2.1935e-02, +4.0625e-02, +3.7363e-02, +1.4697e-02, -5.9342e-02, +9.6427e-03, -4.1800e-02, +3.5707e-02, +2.0745e-02, -1.6236e-02, -3.3338e-02, -1.2892e-02, +1.0483e-02, -3.3410e-02, -1.0000e+00, -3.3236e-02, -3.7149e-02, +4.0073e-04, +2.3772e-02, +1.5352e-02, +1.3176e-02, +5.6717e-03, -2.4622e-02, +2.1897e-02
-3.3307e-02, -5.2063e-02, -7.3835e-02, +4.6658e-02, -4.1153e-03, -7.6999e-03, -5.9634e-02, +1.9274e-02, +4.6108e-02, +1.8365e-03, +6.5094e-02, +8.1838e-03, +1.2741e-01, -3.6308e-02, +3.1432e-04, +5.4993e-02, +6.3438e-02, -4.3630e-02, -3.5552e-02, +1.9111e-02, +3.9507e-02, +2.9351e-01, -1.3551e-02, -1.5776e-02, +3.6102e-02, +5.7772e-02, +1.8742e-02, -1.6238e-02, -2.6790e-02, -5.2898e-02, -4.1990e-02, -1.7183e-01, +3.8075e-02, -1.9165e-02, +3.2339e-02, -1.1174e-01, -4.1020e-02, -1.2937e-02, +4.1791e-02, -1.8549e-02, -3.3236e-02, -1.0000e+00, -3.7965e-03, +2.0589e-02, +1.3845e-01, -1.4741e-02, +2.0753e-02, +1.1438e-01, +2.5754e-02, +1.6431e-02
+4.1554e-02, +2.9976e-02, -2.2130e-02, +4.0636e-02, +5.6953e-02, -9.2486e-04, -2.0857e-02, -3.7746e-02, -3.2170e-02, -8.3722e-03, +3.2910e-02, +3.7719e-02, +9.2527e-03, +3.0324e-02, +6.9023e-02, +2.2159e-02, -2.2849e-02, -4.8441e-02, -3.2399e-03, -8.1574e-02, +2.4004e-02, -1.2180e-02, -3.1052e-02, +5.8637e-02, -1.2271e-01, +1.0300e-01, +4.6031e-02, -2.6552e-03, -1.0438e-02, -6.1104e-03, -2.3182e-02, -3.2543e-03, -1.5330e-02, -1.5102e-02, +1.3998e-02, -7.5980e-03, +7.5758e-02, -2.3830e-02, +2.5645e-02, -1.2295e-02, -3.7149e-02, -3.7965e-03, -1.0000e+00, -3.5287e-02, -2.2590e-02, +2.8191e-02, +2.0070e-02, -2.3490e-02, +8.7986e-03, -4.2091e-02
+1.5272e-02, -3.6304e-03, +2.0235e-02, -7.5423e-02, -5.4287e-02, +2.2316e-02, +2.1360e-02, -3.1662e-03, -2.2818e-03, -5.5865e-02, -8.5221e-03, +3.4449e-02, -3.9840e-03, -7.2843e-03, +3.4134e-02, -2.3397e-02, +7.2040e-03, -2.0875e-03, +1.6505e-03, +1.0438e-01, -5.1822e-02, -8.1781e-03, -1.2235e-02, +3.4765e-02, -1.3215e-02, -4.7666e-03, +4.1861e-02, -1.4481e-02, +1.5415e-02, +9.1888e-03, +2.6616e-02, +1.8125e-02, +5.6041e-03, -2.0471e-03, -3.9234e-03, +1.0262e-02, +2.2409e-02, -6.7294e-03, +3.8925e-02, -7.4007e-02, +4.0073e-04, +2.0589e-02, -3.5287e-02, -1.0000e+00, -5.8849e-02, -3.1947e-02, +3.0205e-02, -7.0173e-02, -2.0013e-02, -6.1692e-03
-8.4725e-02, +5.5280e-02, +3.8776e-02, +1.5934e-01, -5.8160e-02, +9.0369e-02, -3.0234e-02, -2.7415e-03, -2.9884e-02, +7.0984e-02, -3.6633e-02, +9.1091e-02, -1.5621e-01, -3.6409e-02, -1.8285e-02, +1.7620e-02, -2.6379e-02, +3.8062e-02, -2.4503e-02, +1.3986e-02, -1.7440e-02, -1.3834e-01, -3.3855e-02, -1.9425e-02, +8.5521e-03, -3.6616e-03, -1.7568e-02, +8.9401e-02, +5.7851e-02, +9.8363e-02, -5.5023e-02, -4.4637e-02, -1.2513e-02, +3.6646e-03, +1.3326e-03, -7.4616e-03, -2.8887e-02, -4.3044e-02, +4.5564e-03, +6.7573e-02, +2.3772e-02, +1.3845e-01, -2.2590e-02, -5.8849e-02, -1.0000e+00, +4.2973e-03, +1.0199e-02, -1.0046e-02, +6.1765e-04, -8.0240e-02
+5.4697e-02, -2.5588e-02, +3.5151e-03, -3.2239e-02, +2.9182e-02, -3.1773e-03, -6.1419e-02, +4.7388e-02, +4.6569e-02, -3.1260e-02, +2.4323e-02, +9.8291e-03, -1.4093e-02, -4.3883e-02, +1.8485e-02, +6.8838e-03, +7.3200e-02, +6.2159e-02, -8.9911e-02, -2.9780e-02, +1.7060e-02, +4.2699e-02, -6.9371e-02, -1.0226e-01, +1.0340e-02, -1.8068e-03, -1.1893e-02, -4.9465e-03, +7.7908e-02, -4.3914e-03, -3.6119e-02, +5.9393e-02, -9.5343e-03, -3.1805e-02, -7.8604e-03, -5.6302e-02, +3.0776e-02, +7.2063e-02, -1.3001e-02, -5.0214e-02, +1.5352e-02, -1.4741e-02, +2.8191e-02, -3.1947e-02, +4.2973e-03, -1.0000e+00, -3.3728e-02, -9.0781e-02, +2.7022e-02, +1.6033e-02
-1.8509e-02, +1.0954e-02, +4.5480e-02, -1.0674e-01, -4.0155e-02, -1.2233e-01, -6.7787e-02, -8.2225e-02, +4.1463e-02, -9.8641e-02, -1.4506e-01, -3.5676e-02, -3.3752e-02, +1.7496e-04, -2.4627e-02, +5.2965e-04, +1.9517e-02, -4.2914e-02, -8.0594e-02, +1.3952e-02, +1.6260e-02, -8.6517e-02, -5.5009e-02, -1.2540e-01, -4.7201e-02, -1.0311e-01, -1.3640e-01, -1.3350e-01, -4.7972e-02, -2.2262e-02, -6.6689e-02, +7.5834e-02, +6.3438e-02, +9.2177e-03, -2.9516e-02, +1.7589e-02, +1.4261e-01, -5.8329e-03, -1.0454e-01, +1.1825e-02, +1.3176e-02, +2.0753e-02, +2.0070e-02, +3.0205e-02, +1.0199e-02, -3.3728e-02, -1.0000e+00, -6.5661e-02, +1.7563e-02, +1.2587e-01
+1.1473e-01, +1.3862e-01, +2.4541e-02, -4.8326e-02, +1.6945e-01, -8.9909e-02, -1.3638e-01, -8.7974e-03, +1.5708e-02, -6.2394e-02, +2.1318e-02, +2.2203e-02, -1.8714e-01, +2.8301e-02, +9.6921e-02, -1.6280e-02, -1.3724e-01, -3.2166e-02, -3.7109e-02, -6.5035e-02, -8.8719e-03, +8.3096e-02, +2.4054e-02, +2.9513e-02, +2.0601e-02, -1.1638e-01, -4.9607e-02, -5.5948e-03, +4.5982e-02, +1.0518e-02, -3.7084e-02, +4.9822e-02, -3.3000e-02, +8.9375e-03, -6.2481e-02, -2.3889e-02, +7.3379e-02, +6.6090e-02, -8.1137e-03, -3.8649e-02, +5.6717e-03, +1.1438e-01, -2.3490e-02, -7.0173e-02, -1.0046e-02, -9.0781e-02, -6.5661e-02, -1.0000e+00, -1.6464e-02, +6.2869e-02
+3.9249e-02, -7.0339e-03, +1.0970e-02, -2.5008e-02, -2.0433e-02, -4.2285e-02, -2.8500e-04, +3.5124e-02, -7.2916e-03, +1.2144e-02, -1.2327e-02, -1.6484e-02, +4.6462e-02, -7.4116e-03, -1.0645e-02, +3.7029e-02, -4.3282e-02, -6.2494e-03, +1.7427e-02, -5.2465e-02, +1.3330e-02, -9.3536e-02, +4.9207e-03, +5.4757e-02, +5.2505e-03, +1.0424e-02, -2.2449e-02, -2.0900e-02, -2.9314e-02, -5.8313e-02, -1.3131e-02, +2.6368e-02, +4.5458e-02, +4.4034e-02, -3.4290e-03, +2.3720e-02, +1.1001e-02, -2.1764e-02, -7.3488e-02, +1.3327e-02, -2.4622e-02, +2.5754e-02, +8.7986e-03, -2.0013e-02, +6.1765e-04, +2.7022e-02, +1.7563e-02, -1.6464e-02, -1.0000e+00, +9.7095e-02
+5.3308e-02, -8.3240e-03, +1.8360e-01, +1.0245e-01, +1.0011e-01, +8.4787e-02, +9.3568e-02, -1.0503e-02, +1.5009e-02, +1.0317e-01, +6.3323e-02, +7.0707e-02, -3.2907e-02, +2.3315e-02, +1.1658e-01, -3.6968e-02, +4.0731e-02, +2.4193e-02, +4.1459e-02, -7.8188e-02, +4.2596e-02, +1.2580e-01, +6.3747e-02, +5.3355e-02, +3.9798e-02, +7.1687e-02, +5.8620e-02, -7.0180e-02, +9.0385e-02, +1.1231e-01, +4.7071e-02, +5.0310e-02, -1.2603e-01, -1.0019e-02, +5.6095e-02, -2.8479e-02, -1.0101e-02, +8.3917e-02, +1.8114e-02, +8.0584e-02, +2.1897e-02, +1.6431e-02, -4.2091e-02, -6.1692e-03, -8.0240e-02, +1.6033e-02, +1.2587e-01, +6.2869e-02, +9.7095e-02, -1.0000e+00
