-1.0000e+00, +2.2186e-02, +1.8790e-02, -5.5035e-02, -1.8923e-02, +5.0495e-02, +9.2327e-03, +7.8433e-03, -1.2581e-01, -1.4806e-02, -3.4586e-02, +1.9227e-03, +4.4216e-02, -5.9389e-02, -2.1505e-02, -6.5579e-03, +1.1589e-02, -3.8335e-02, +3.1186e-02, +6.3155e-02, +3.7316e-02, +1.0243e-01, +4.1301e-02, -1.4706e-02, +1.3173e-02, -8.9927e-02, -1.9280e-02, -9.1434e-02, -6.5054e-03, +5.2730e-02, +2.7316e-02, +3.9535e-02, -1.8487e-02, +4.7806e-02, +1.0128e-02, -3.9232e-02, +3.4664e-02, +3.0359e-02, -5.5394e-02, -4.5731e-02, +1.7395e-02, +5.1888e-02, +7.2909e-03, -2.2381e-03, -3.1764e-02, +3.5495e-03, -5.7461e-02, +1.3665e-01, -3.9928e-02, +3.8062e-03
+2.2186e-02, -1.0000e+00, +7.6938e-03, +1.1345e-02, +2.9441e-02, +1.3712e-02, -2.0126e-02, +1.9617e-02, -9.2605e-02, +1.0684e-01, +7.9389e-02, +2.6383e-02, +2.7230e-03, -8.3718e-03, -3.4644e-02, -4.6498e-02, +3.0766e-02, -6.9765e-03, +4.1908e-02, -1.7155e-02, +1.7199e-02, -4.7708e-02, -1.6971e-03, +4.8313e-02, +7.7662e-03, -1.2572e-02, -5.3888e-03, -3.4337e-02, -4.8687e-02, +4.0279e-03, +1.3663e-02, +4.6346e-02, +2.3667e-02, +2.1971e-02, -3.0698e-02, +3.7824e-02, -5.1588e-02, -1.0018e-01, -9.3322e-03, +5.0970e-02, -2.3451e-02, -3.6193e-02, -1.9082e-02, -2.4814e-02, +2.0256e-02, -2.3393e-02, -3.0251e-02, -9.7072e-02, -7.9674e-02, -2.0533e-02
+1.8790e-02, +7.6938e-03, -1.0000e+00, +7.2658e-02, +2.9377e-02, -5.6719e-02, +1.7922e-02, -1.3684e-02, -4.4886e-02, +5.3617e-02, +1.2486e-02, +1.3198e-02, -3.4960e-02, +5.5449e-03, +1.3167e-02, -4.0876e-02, +1.6379e-03, +2.0067e-03, +4.4784e-02, -2.8278e-02, -6.4391e-03, -9.9919e-02, -5.7061e-04, -3.3940e-04, +7.2183e-02, -5.4322e-02, -3.4598e-03, +3.6991e-03, +1.6687e-02, +3.0277e-02, +4.2776e-02, +3.3123e-02, +9.5457e-02, +4.2412e-03, -1.8258e-02, +5.8028e-02, +4.3865e-03, -5.4047e-02, -2.1159e-02, +4.9142e-02, +4.1560e-03, +5.2308e-02, -1.1614e-03, +4.5868e-02, -1.6138e-02, -1.8079e-02, -5.7670e-02, -5.5343e-02, +1.1946e-02, +7.8305e-02
-5.5035e-02, +1.1345e-02, +7.2658e-02, -1.0000e+00, -7.1898e-02, +5.4945e-02, -2.9928e-02, -3.8757e-02, -5.1964e-02, +8.2901e-02, +2.4883e-02, -5.9941e-02, -2.5562e-02, -4.0748e-02, -1.5486e-02, +7.6797e-03, +4.2420e-02, -3.9074e-03, -3.1486e-02, +4.7140e-02, -2.5436e-04, +5.4807e-02, +4.1627e-02, -4.1142e-02, -1.1212e-02, -9.1393e-02, +4.2371e-02, -6.5846e-02, -9.4111e-02, -1.3050e-02, -1.3078e-02, +2.5600e-02, +2.8458e-02, -4.0389e-02, -5.0301e-02, +8.6119e-02, +2.3640e-02, +1.9330e-02, -2.4460e-02, -1.3657e-02, -2.3881e-02, +9.4762e-02, -3.1792e-03, +2.1736e-02, -4.3469e-02, +7.8926e-03, -1.9944e-03, +8.7929e-02, +1.3826e-02, +2.3572e-02
-1.8923e-02, +2.9441e-02, +2.9377e-02, -7.1898e-02, -1.0000e+00, -7.0948e-03, +3.0016e-02, +7.8126e-03, -5.7911e-03, +2.1095e-03, -8.3046e-02, -6.2412e-02, -4.4587e-03, +3.4544e-02, -6.0065e-02, -1.5829e-02, +5.8856e-02, +7.1992e-03, -8.8425e-02, -3.4110e-02, +2.6997e-02, +1.0154e-01, -4.1073e-02, -6.9532e-02, +4.8941e-02, +1.6007e-02, -5.9063e-02, -4.0793e-02, -6.6414e-02, -1.5646e-02, +5.7437e-03, +3.0705e-02, -3.3310e-02, +8.5072e-03, +4.1570e-02, +4.3008e-02, +5.3431e-02, +9.4885e-03, -3.5363e-02, -2.0336e-02, +2.5560e-02, +6.9175e-02, -2.1660e-03, -3.0851e-02, -5.6360e-02, -3.6620e-02, +3.6709e-02, +1.0792e-01, -6.9332e-02, +1.2099e-02
+5.0495e-02, +1.3712e-02, -5.6719e-02, +5.4945e-02, -7.0948e-03, -1.0000e+00, +6.3029e-04, +3.1479e-02, +7.2531e-02, +9.7097e-03, -7.7827e-02, +6.2901e-02, +3.3430e-03, +3.7065e-02, -1.1886e-01, -1.5866e-03, -2.6554e-02, -7.9364e-02, -5.0532e-02, +9.2129e-03, -8.9856e-02, +4.3264e-02, -6.3288e-02, -4.0471e-02, +1.1294e-01, -5.2445e-02, -6.8323e-02, -1.6444e-02, -6.7749e-02, -5.9490e-02, -1.1081e-01, +1.3359e-03, +3.9157e-02, +5.8551e-02, -1.7240e-02, -2.2346e-03, +6.0161e-02, -1.8085e-02, -6.2626e-02, -4.2153e-02, -5.7934e-02, -4.0874e-02, -1.0177e-02, +2.4972e-02, +6.1942e-02, +4.6178e-02, -5.9182e-02, -8.4961e-02, +2.8789e-03, +1.3945e-01
+9.2327e-03, -2.0126e-02, +1.7922e-02, -2.9928e-02, +3.0016e-02, +6.3028e-04, -1.0000e+00, +6.3009e-02, -1.9646e-03, +2.4278e-02, +7.1421e-03, -3.4389e-02, +3.0052e-02, -2.2112e-02, +5.0054e-03, +2.0262e-02, +7.6091e-02, -2.0052e-02, -1.1207e-02, +3.7595e-02, +8.1318e-02, -2.3962e-02, +2.7759e-02, -4.5341e-02, -4.2298e-03, +6.6122e-02, -1.9061e-02, +2.0921e-02, -2.0459e-02, +3.3378e-03, -1.6584e-03, +2.0627e-02, +7.0976e-02, -2.0145e-02, +3.9412e-02, +3.7868e-03, -7.7625e-02, +8.7742e-02, -3.6989e-02, +1.3673e-02, +1.8625e-03, -2.2019e-02, +4.4855e-02, -4.6867e-02, -4.8600e-03, -2.5603e-03, +4.7906e-02, +3.5192e-02, +2.3676e-02, -5.3792e-02
+7.8433e-03, +1.9617e-02, -1.3684e-02, -3.8757e-02, +7.8126e-03, +3.1479e-02, +6.3009e-02, -1.0000e+00, -6.1154e-02, +6.1320e-02, +5.0274e-02, +2.0317e-02, +1.9828e-02, +1.1189e-03, +8.8490e-03, +3.7181e-02, +5.6536e-02, -4.2339e-02, +1.1046e-02, +2.8591e-02, +4.9840e-03, -3.4787e-02, +4.4560e-02, +6.4725e-03, -3.3435e-02, +7.9496e-03, +2.6752e-02, -6.0843e-02, +1.1546e-02, +2.7059e-02, +5.3137e-02, +8.0469e-03, +4.0355e-02, -5.0600e-02, +1.7829e-02, -7.8919e-02, +2.5882e-03, -7.9837e-02, +3.8876e-04, +1.7936e-02, -4.2316e-02, +3.3841e-02, +2.8389e-03, -9.1824e-03, -2.0809e-02, +9.2182e-04, +2.8230e-02, -7.1664e-02, -6.4711e-03, -1.1490e-01
-1.2581e-01, -9.2605e-02, -4.4886e-02, -5.1964e-02, -5.7911e-03, +7.2531e-02, -1.9646e-03, -6.1154e-02, -1.0000e+00, -1.7692e-02, +5.0095e-02, -1.5927e-02, -7.2787e-02, -5.3961e-02, +2.7706e-02, +7.5434e-03, -4.6525e-02, +1.8995e-02, +5.9329e-02, -1.8783e-02, +7.2449e-03, -9.4368e-03, -1.4300e-03, +6.5638e-02, -1.0191e-01, -2.5440e-02, +9.7944e-02, +2.3151e-02, +5.6549e-02, -6.4156e-03, +8.6483e-02, +3.2035e-03, -6.2014e-02, +1.9247e-02, +5.7474e-04, +1.3477e-02, +8.6974e-02, +7.3923e-03, +3.6190e-02, -6.0547e-02, +5.0763e-02, +5.1177e-03, +2.3077e-03, +2.7190e-02, +1.0707e-03, +6.5163e-02, -7.4080e-02, +5.1530e-02, -7.4402e-02, -2.1775e-02
-1.4806e-02, +1.0684e-01, +5.3617e-02, +8.2901e-02, +2.1095e-03, +9.7097e-03, +2.4278e-02, +6.1320e-02, -1.7692e-02, -1.0000e+00, -9.9595e-02, +7.6640e-02, +5.0447e-02, +2.1230e-02, +1.5662e-01, -2.7332e-02, +8.7921e-02, +5.8695e-02, -5.6687e-03, -2.2286e-02, -1.0831e-01, -1.5208e-01, +1.8412e-01, -1.3708e-01, +5.8159e-02, +1.0055e-01, -8.6939e-02, +7.6596e-02, +5.1768e-02, -1.3983e-02, -1.0373e-01, -5.6335e-03, -1.4654e-01, +2.3138e-01, +2.2958e-02, +3.6849e-04, +1.0415e-02, +2.7422e-02, +3.7529e-02, +2.8868e-02, +5.3326e-02, +1.0563e-01, -2.1965e-02, -6.4224e-03, +1.9136e-01, +5.4272e-02, +1.1366e-01, +1.7616e-01, -2.8321e-02, +6.1544e-02
-3.4586e-02, +7.9389e-02, +1.2486e-02, +2.4883e-02, -8.3046e-02, -7.7827e-02, +7.1421e-03, +5.0274e-02, +5.0095e-02, -9.9595e-02, -1.0000e+00, -1.7391e-02, -6.4631e-03, +1.0073e-02, -5.2418e-02, +2.4000e-02, +2.0067e-02, -3.8402e-02, -5.8117e-02, +4.2969e-02, -4.2139e-02, +4.0303e-02, -2.3739e-02, +1.0188e-01, +8.8239e-02, -1.7831e-02, -6.3878e-03, -6.4245e-03, -7.0149e-02, +6.1753e-03, -1.1136e-01, +8.6480e-02, -2.7285e-03, +1.2650e-02, +9.0980e-03, +3.5632e-02, +3.1630e-02, -5.8388e-02, -1.8965e-02, -3.0230e-02, -2.5742e-03, -3.6296e-03, -6.5213e-02, -8.6022e-03, -2.1066e-03, +5.2953e-02, -1.5866e-02, +1.4075e-01, -2.9239e-02, +3.5857e-02
+1.9227e-03, +2.6383e-02, +1.3198e-02, -5.9941e-02, -6.2412e-02, +6.2901e-02, -3.4389e-02, +2.0317e-02, -1.5927e-02, +7.6640e-02, -1.7391e-02, -1.0000e+00, +2.0201e-02, +4.6465e-02, +1.8958e-02, -7.1071e-03, +9.0714e-02, +2.6350e-02, -6.0097e-02, +4.2215e-02, +8.3757e-02, -2.2610e-02, +1.3989e-02, -4.7978e-02, +3.4975e-02, +3.5781e-02, +2.9025e-02, +1.1437e-02, +8.2778e-03, +6.2291e-02, -3.3804e-03, +1.9139e-02, +4.9931e-02, -1.1252e-02, +3.1696e-02, -4.6260e-02, +7.1802e-03, -3.3044e-02, -4.5006e-02, -2.5979e-02, +2.9938e-02, -1.3730e-02, +1.6190e-02, -2.5768e-02, -3.8734e-03, +3.0889e-02, -8.9384e-03, -3.8505e-02, +7.4800e-02, +1.9710e-02
+4.4216e-02, +2.7230e-03, -3.4960e-02, -2.5562e-02, -4.4587e-03, +3.3430e-03, +3.0052e-02, +1.9828e-02, -7.2787e-02, +5.0447e-02, -6.4631e-03, +2.0201e-02, -1.0000e+00, -6.2271e-03, -3.9853e-03, +2.6175e-04, +6.7541e-02, -4.1184e-02, +5.1831e-03, -4.3525e-02, -8.0192e-02, -7.1711e-03, -6.8894e-02, +6.9368e-03, -5.3023e-02, +1.6854e-03, +3.0420e-02, +5.8814e-02, -1.3520e-02, +1.7637e-02, +5.4789e-02, -2.0637e-02, -1.2630e-02, -5.4606e-02, -2.6678e-02, -4.3184e-02, +2.2669e-02, -3.2406e-02, -2.0608e-02, +5.5739e-03, -2.1013e-03, -8.6395e-03, -2.7335e-03, +1.8942e-03, -7.9716e-02, -2.5021e-02, -3.2532e-02, -7.9590e-02, +8.9418e-03, +1.2830e-02
-5.9389e-02, -8.3718e-03, +5.5449e-03, -4.0748e-02, +3.4544e-02, +3.7065e-02, -2.2112e-02, +1.1189e-03, -5.3961e-02, +2.1230e-02, +1.0073e-02, +4.6465e-02, -6.2271e-03, -1.0000e+00, +1.7076e-02, -9.3291e-03, +6.9372e-02, -1.2587e-02, +1.4463e-02, -3.7542e-03, -4.8047e-02, +3.6526e-02, -3.7536e-02, +3.6642e-02, -7.8119e-02, -4.0784e-02, +3.6775e-02, -4.3485e-02, +1.9702e-02, +7.9959e-03, -7.7646e-02, +1.9974e-02, +1.5333e-02, +2.7370e-02, -2.2043e-02, -6.5875e-02, +3.4042e-02, -4.3657e-02, +5.8049e-02, +1.0743e-01, +1.2118e-02, +1.0196e-03, -7.4753e-02, +2.0971e-02, -2.8796e-02, +4.0059e-02, -4.5637e-02, +3.3749e-02, -2.6540e-02, -9.0428e-02
-2.1505e-02, -3.4644e-02, +1.3167e-02, -1.5486e-02, -6.0065e-02, -1.1886e-01, +5.0054e-03, +8.8490e-03, +2.7706e-02, +1.5662e-01, -5.2418e-02, +1.8958e-02, -3.9853e-03, +1.7076e-02, -1.0000e+00, -1.6842e-02, -1.0370e-01, -7.1389e-02, -8.7027e-02, -7.2431e-04, -6.7589e-02, +6.1564e-02, -6.5425e-02, -4.7646e-02, +2.6489e-02, -3.6319e-02, -1.0536e-01, -7.8842e-02, -4.1961e-02, +4.2079e-02, -8.4269e-02, +3.6086e-02, +1.4865e-02, +5.2983e-02, -5.7634e-03, +1.8520e-02, +6.5864e-02, -4.7382e-02, -3.6290e-02, +4.2065e-03, -5.7826e-04, -2.5845e-02, -1.9696e-02, -5.1368e-02, -2.1986e-02, -3.3763e-02, +1.3814e-02, +8.9286e-02, -4.1561e-02, +1.0401e-01
-6.5579e-03, -4.6498e-02, -4.0876e-02, +7.6797e-03, -1.5829e-02, -1.5866e-03, +2.0262e-02, +3.7181e-02, +7.5434e-03, -2.7332e-02, +2.4000e-02, -7.1071e-03, +2.6177e-04, -9.3291e-03, -1.6842e-02, -1.0000e+00, -1.7135e-02, +9.3868e-03, +2.9681e-02, -9.9249e-03, -5.4537e-02, +3.1260e-02, -1.9157e-03, -2.1466e-02, +4.3081e-02, +6.4435e-02, +1.0721e-02, -2.3954e-02, +1.4505e-02, -1.0644e-03, +3.6658e-02, +5.6791e-02, +1.9555e-02, +5.7803e-02, -6.1440e-02, +1.0253e-02, +8.4491e-03, +1.8681e-03, -1.8230e-02, +2.4821e-02, -1.1926e-02, -6.1008e-02, +2.2021e-02, -6.1130e-02, +2.8451e-02, -3.1131e-03, -8.7102e-03, -1.0673e-02, +8.8455e-02, +9.5477e-02
+1.1589e-02, +3.0766e-02, +1.6379e-03, +4.2420e-02, +5.8856e-02, -2.6554e-02, +7.6091e-02, +5.6536e-02, -4.6525e-02, +8.7921e-02, +2.0067e-02, +9.0714e-02, +6.7541e-02, +6.9372e-02, -1.0370e-01, -1.7135e-02, -1.0000e+00, +2.6143e-02, +7.4617e-02, -1.3545e-02, -8.1155e-02, -3.1114e-02, +1.0628e-01, +1.0202e-01, -7.1561e-03, +3.9306e-03, +3.2942e-02, +1.2992e-02, +5.4601e-02, +4.2248e-03, +7.6212e-02, -7.1864e-02, -7.2210e-02, +1.8550e-01, -1.9678e-02, +4.7222e-03, +1.6038e-03, -2.1292e-02, +4.1691e-02, +5.1746e-03, -6.5523e-03, +3.3171e-02, -8.7481e-03, -2.6531e-02, +2.4379e-01, +3.9692e-02, -1.8826e-02, -1.1029e-01, -1.0408e-02, -2.5711e-02
-3.8335e-02, -6.9765e-03, +2.0067e-03, -3.9074e-03, +7.1992e-03, -7.9364e-02, -2.0052e-02, -4.2339e-02, +1.8995e-02, +5.8695e-02, -3.8402e-02, +2.6350e-02, -4.1184e-02, -1.2587e-02, -7.1389e-02, +9.3868e-03, +2.6143e-02, -1.0000e+00, +5.1692e-03, -7.3798e-03, -2.4383e-02, -4.1260e-03, -5.4773e-03, +1.5591e-02, -3.7438e-02, -3.1067e-02, +3.2403e-02, -8.6269e-02, +8.1345e-03, -3.6900e-02, +8.8505e-03, +2.4480e-03, -2.1637e-02, -2.1456e-02, -1.2822e-02, -2.2458e-02, +2.0938e-02, -5.2335e-02, +3.4013e-02, -6.6899e-02, -3.2384e-02, -1.8458e-02, -8.5277e-02, +1.6515e-03, +5.0611e-03, +9.8030e-02, -4.6708e-02, +9.0453e-02, -2.9224e-02, -5.4763e-02
+3.1186e-02, +4.1908e-02, +4.4784e-02, -3.1486e-02, -8.8425e-02, -5.0532e-02, -1.1207e-02, +1.1046e-02, +5.9329e-02, -5.6687e-03, -5.8117e-02, -6.0097e-02, +5.1831e-03, +1.4463e-02, -8.7027e-02, +2.9681e-02, +7.4617e-02, +5.1693e-03, -1.0000e+00, +1.4558e-02, -4.1728e-02, +7.2782e-02, -6.4017e-02, -3.5862e-02, +2.4989e-02, -2.8020e-02, -1.8941e-02, +1.9993e-02, +4.9092e-02, +4.7753e-04, -3.3149e-02, -1.9730e-02, -8.9182e-03, +6.7788e-03, -1.4224e-02, +2.1468e-02, +3.7977e-02, -1.7160e-02, -4.5265e-02, +7.4595e-03, +1.5439e-02, -1.4723e-02, -4.0605e-02, -5.8152e-02, -1.0271e-02, -2.1762e-02, -7.1852e-02, -1.9343e-02, +5.4894e-03, +7.1425e-02
+6.3155e-02, -1.7155e-02, -2.8278e-02, +4.7140e-02, -3.4110e-02, +9.2129e-03, +3.7595e-02, +2.8591e-02, -1.8783e-02, -2.2286e-02, +4.2969e-02, +4.2215e-02, -4.3525e-02, -3.7542e-03, -7.2431e-04, -9.9249e-03, -1.3545e-02, -7.3798e-03, +1.4558e-02, -1.0000e+00, +2.4147e-02, -1.6048e-01, -1.9101e-02, +5.8057e-02, +1.4060e-02, -2.9939e-02, -4.7782e-02, -1.9324e-02, -4.4273e-02, -2.9136e-02, -6.9945e-04, +5.7988e-02, -4.4764e-02, -2.4615e-03, +3.1193e-02, -7.9325e-02, +8.7426e-02, -2.8668e-02, -2.0657e-03, -1.0128e-02, -5.2870e-03, -4.0893e-02, +5.3225e-02, +3.3990e-02, +3.1592e-02, +2.2568e-03, -2.0764e-02, +2.5877e-02, +3.6474e-02, -6.1867e-02
+3.7316e-02, +1.7199e-02, -6.4390e-03, -2.5437e-04, +2.6997e-02, -8.9856e-02, +8.1318e-02, +4.9840e-03, +7.2449e-03, -1.0831e-01, -4.2139e-02, +8.3757e-02, -8.0192e-02, -4.8047e-02, -6.7589e-02, -5.4537e-02, -8.1155e-02, -2.4383e-02, -4.1728e-02, +2.4147e-02, -1.0000e+00, +2.0921e-01, -4.3154e-02, +8.7014e-02, +8.8795e-02, -4.6898e-02, -2.0268e-03, -1.8657e-02, +5.7305e-02, +7.8249e-03, -6.9684e-02, +5.8837e-03, -3.7373e-02, +5.3973e-02, +2.1570e-02, -3.7154e-02, +1.0056e-01, -7.3821e-02, +1.1681e-02, -2.9756e-02, -6.7925e-02, +1.8936e-02, +3.3709e-03, -3.5398e-02, -1.8042e-02, -6.7640e-02, -5.0931e-02, -1.0672e-01, -2.2007e-02, +8.4510e-02
+1.0243e-01, -4.7708e-02, -9.9919e-02, +5.4807e-02, +1.0154e-01, +4.3264e-02, -2.3962e-02, -3.4787e-02, -9.4368e-03, -1.5208e-01, +4.0303e-02, -2.2610e-02, -7.1711e-03, +3.6526e-02, +6.1564e-02, +3.1260e-02, -3.1114e-02, -4.1260e-03, +7.2782e-02, -1.6048e-01, +2.0921e-01, -1.0000e+00, +2.5895e-02, +2.9779e-02, +4.4170e-02, -2.3525e-02, -1.2938e-03, +3.5546e-02, -2.5807e-02, -3.0223e-02, +4.9044e-02, -2.0731e-02, -1.8588e-03, +2.1005e-02, -1.3609e-02, -5.3283e-02, +7.8658e-02, -3.8803e-02, +6.9770e-02, +4.5095e-02, +3.5477e-02, -2.9712e-03, +9.6527e-02, -9.1588e-02, +1.0973e-01, +6.6302e-02, +3.0047e-02, -4.6634e-02, -2.3703e-03, +9.2452e-02
+4.1301e-02, -1.6971e-03, -5.7061e-04, +4.1627e-02, -4.1073e-02, -6.3288e-02, +2.7759e-02, +4.4560e-02, -1.4300e-03, +1.8412e-01, -2.3739e-02, +1.3989e-02, -6.8894e-02, -3.7536e-02, -6.5425e-02, -1.9157e-03, +1.0628e-01, -5.4773e-03, -6.4017e-02, -1.9101e-02, -4.3154e-02, +2.5895e-02, -1.0000e+00, +7.0253e-02, +3.6905e-02, -4.7531e-02, +2.8341e-02, +1.4888e-02, -5.5112e-02, +3.0410e-02, -3.1548e-03, -2.9072e-02, -7.1398e-03, -7.3842e-02, +3.6451e-02, -5.5968e-03, +4.2119e-02, -1.1114e-03, -2.4019e-02, -1.5310e-03, +2.2006e-02, -5.4967e-02, -4.0618e-02, +7.0517e-02, -1.3931e-01, -2.9534e-03, -9.6962e-02, -7.6466e-02, +5.5270e-02, +1.4629e-03
-1.4706e-02, +4.8313e-02, -3.3940e-04, -4.1142e-02, -6.9532e-02, -4.0471e-02, -4.5341e-02, +6.4725e-03, +6.5638e-02, -1.3708e-01, +1.0188e-01, -4.7978e-02, +6.9368e-03, +3.6642e-02, -4.7646e-02, -2.1466e-02, +1.0202e-01, +1.5591e-02, -3.5862e-02, +5.8057e-02, +8.7014e-02, +2.9779e-02, +7.0253e-02, -1.0000e+00, +6.1504e-02, -2.3533e-02, -1.3905e-01, -1.0708e-02, +4.8681e-02, +1.9533e-02, -3.2010e-02, +3.8156e-02, -2.1215e-02, -1.6381e-02, -4.4953e-02, +1.6531e-02, -4.2179e-03, +4.8261e-02, -7.2591e-02, +6.2575e-02, +1.4303e-02, -2.3580e-02, +4.7879e-02, +9.3459e-03, +1.6155e-02, -2.2522e-02, +2.3938e-02, +1.2666e-01, +8.4430e-03, +7.0929e-02
+1.3173e-02, +7.7662e-03, +7.2183e-02, -1.1212e-02, +4.8941e-02, +1.1294e-01, -4.2298e-03, -3.3435e-02, -1.0191e-01, +5.8159e-02, +8.8239e-02, +3.4975e-02, -5.3023e-02, -7.8119e-02, +2.6489e-02, +4.3081e-02, -7.1561e-03, -3.7438e-02, +2.4989e-02, +1.4060e-02, +8.8795e-02, +4.4170e-02, +3.6905e-02, +6.1504e-02, -1.0000e+00, -6.9962e-03, +7.7104e-02, +5.3014e-02, +7.6376e-03, +3.8671e-02, +3.9470e-02, -9.9832e-02, -5.9588e-02, -2.2893e-01, -1.7818e-02, -1.7911e-03, -2.1065e-02, -1.2514e-02, +2.7619e-03, +3.5961e-02, +1.0377e-01, +1.9312e-01, +4.5347e-02, +1.8848e-02, -3.3651e-02, +4.5234e-02, +1.4653e-02, +1.6871e-01, -1.1681e-03, -8.4219e-03
-8.9927e-02, -1.2572e-02, -5.4322e-02, -9.1392e-02, +1.6007e-02, -5.2445e-02, +6.6122e-02, +7.9496e-03, -2.5440e-02, +1.0055e-01, -1.7831e-02, +3.5781e-02, +1.6854e-03, -4.0784e-02, -3.6319e-02, +6.4435e-02, +3.9306e-03, -3.1067e-02, -2.8020e-02, -2.9939e-02, -4.6898e-02, -2.3525e-02, -4.7531e-02, -2.3533e-02, -6.9962e-03, -1.0000e+00, +1.6270e-03, -1.0108e-01, -4.3060e-02, -7.0975e-02, +5.4354e-03, +3.5603e-02, +4.4552e-02, -1.8028e-02, -4.9256e-02, -5.4039e-02, +5.0563e-02, +6.7956e-02, -2.5385e-03, +2.4148e-03, -7.8066e-02, +5.5753e-02, +1.6304e-02, -3.1372e-02, -2.4271e-02, +5.9832e-02, -5.7665e-02, -3.0375e-02, -2.8409e-02, +9.3690e-02
-1.9280e-02, -5.3888e-03, -3.4598e-03, +4.2371e-02, -5.9063e-02, -6.8323e-02, -1.9061e-02, +2.6752e-02, +9.7944e-02, -8.6939e-02, -6.3879e-03, +2.9025e-02, +3.0420e-02, +3.6775e-02, -1.0536e-01, +1.0721e-02, +3.2942e-02, +3.2403e-02, -1.8941e-02, -4.7782e-02, -2.0268e-03, -1.2938e-03, +2.8341e-02, -1.3905e-01, +7.7104e-02, +1.6270e-03, -1.0000e+00, +6.6879e-03, -6.1921e-02, +2.6702e-02, -6.3379e-02, +9.5506e-02, +4.7324e-02, +3.2441e-02, -2.7509e-03, +7.2547e-03, -4.4992e-02, -7.8924e-03, -5.3361e-03, +8.2884e-03, +2.3105e-02, -1.1898e-01, -6.5810e-02, +3.6517e-02, +7.8651e-02, -4.8234e-03, -6.5249e-03, +4.3062e-02, -1.2750e-02, +1.1038e-01
-9.1434e-02, -3.4337e-02, +3.6991e-03, -6.5846e-02, -4.0793e-02, -1.6444e-02, +2.0921e-02, -6.0843e-02, +2.3151e-02, +7.6596e-02, -6.4245e-03, +1.1437e-02, +5.8814e-02, -4.3485e-02, -7.8842e-02, -2.3954e-02, +1.2992e-02, -8.6269e-02, +1.9993e-02, -1.9324e-02, -1.8657e-02, +3.5546e-02, +1.4888e-02, -1.0708e-02, +5.3014e-02, -1.0108e-01, +6.6879e-03, -1.0000e+00, +2.6175e-02, -2.0060e-03, -3.7213e-02, +1.1112e-01, -2.4673e-02, +2.9887e-02, +2.9014e-02, -2.7848e-02, +3.5218e-02, -7.0754e-02, +2.9900e-02, -6.1147e-02, -2.1483e-03, -1.4194e-02, -2.8305e-02, -4.7987e-02, +1.7409e-02, +1.1609e-02, -5.4072e-02, +1.6220e-01, -8.1281e-03, -8.5179e-02
-6.5054e-03, -4.8687e-02, +1.6687e-02, -9.4111e-02, -6.6414e-02, -6.7749e-02, -2.0459e-02, +1.1546e-02, +5.6549e-02, +5.1768e-02, -7.0149e-02, +8.2778e-03, -1.3520e-02, +1.9702e-02, -4.1961e-02, +1.4505e-02, +5.4601e-02, +8.1345e-03, +4.9092e-02, -4.4273e-02, +5.7305e-02, -2.5807e-02, -5.5112e-02, +4.8681e-02, +7.6376e-03, -4.3060e-02, -6.1921e-02, +2.6175e-02, -1.0000e+00, +3.9785e-02, -6.0458e-03, +2.1909e-02, +7.2623e-02, +1.5393e-02, +1.1520e-02, -4.2044e-02, -1.4824e-02, -8.3733e-02, +2.2739e-02, +4.4776e-02, -4.8192e-02, +1.0323e-02, -5.5597e-02, -6.4030e-03, +4.3286e-02, +5.7355e-02, +1.2184e-02, -4.6275e-02, -2.3155e-02, +3.1949e-02
+5.2730e-02, +4.0279e-03, +3.0277e-02, -1.3050e-02, -1.5646e-02, -5.9490e-02, +3.3378e-03, +2.7059e-02, -6.4156e-03, -1.3983e-02, +6.1753e-03, +6.2291e-02, +1.7637e-02, +7.9959e-03, +4.2079e-02, -1.0644e-03, +4.2248e-03, -3.6900e-02, +4.7754e-04, -2.9136e-02, +7.8249e-03, -3.0223e-02, +3.0410e-02, +1.9533e-02, +3.8671e-02, -7.0975e-02, +2.6702e-02, -2.0060e-03, +3.9785e-02, -1.0000e+00, -1.4459e-02, -1.4193e-02, -2.4527e-02, -4.9062e-03, -9.4758e-04, +8.5603e-03, +2.0222e-02, +1.2123e-01, +2.4166e-02, -3.6687e-02, +4.5808e-02, +4.1582e-02, -6.7816e-03, -5.5130e-02, +1.1551e-02, +1.8167e-02, +4.8722e-02, -9.0338e-02, +1.2380e-02, +3.4886e-02
+2.7316e-02, +1.3663e-02, +4.2776e-02, -1.3078e-02, +5.7437e-03, -1.1081e-01, -1.6584e-03, +5.3137e-02, +8.6483e-02, -1.0373e-01, -1.1136e-01, -3.3804e-03, +5.4789e-02, -7.7646e-02, -8.4269e-02, +3.6658e-02, +7.6212e-02, +8.8505e-03, -3.3149e-02, -6.9944e-04, -6.9684e-02, +4.9044e-02, -3.1548e-03, -3.2010e-02, +3.9470e-02, +5.4354e-03, -6.3379e-02, -3.7213e-02, -6.0458e-03, -1.4459e-02, -1.0000e+00, +1.1076e-01, -4.3758e-02, +6.7776e-02, +9.1373e-02, +1.7424e-02, +1.4807e-02, -7.0340e-02, -2.5709e-02, +5.0374e-03, +1.3896e-02, -5.0552e-02, -4.6934e-02, -3.8998e-02, -1.4218e-02, -1.2747e-02, +6.5321e-02, +9.3811e-02, +2.0667e-02, +1.0480e-02
+3.9535e-02, +4.6346e-02, +3.3123e-02, +2.5600e-02, +3.0705e-02, +1.3359e-03, +2.0627e-02, +8.0469e-03, +3.2035e-03, -5.6335e-03, +8.6480e-02, +1.9139e-02, -2.0637e-02, +1.9974e-02, +3.6086e-02, +5.6791e-02, -7.1864e-02, +2.4480e-03, -1.9730e-02, +5.7988e-02, +5.8837e-03, -2.0731e-02, -2.9072e-02, +3.8156e-02, -9.9832e-02, +3.5603e-02, +9.5507e-02, +1.1112e-01, +2.1909e-02, -1.4192e-02, +1.1076e-01, -1.0000e+00, -3.4313e-02, -4.4489e-02, -8.9995e-03, +1.4092e-02, +1.9763e-02, +2.5994e-02, +6.1179e-02, -3.5194e-02, +2.0764e-02, -6.7051e-02, +6.7053e-02, +4.9821e-03, +3.5119e-02, +2.8160e-02, +1.4709e-02, -7.5199e-02, +4.3786e-02, +2.2672e-02
-1.8487e-02, +2.3667e-02, +9.5457e-02, +2.8458e-02, -3.3310e-02, +3.9157e-02, +7.0976e-02, +4.0355e-02, -6.2014e-02, -1.4654e-01, -2.7285e-03, +4.9931e-02, -1.2630e-02, +1.5333e-02, +1.4865e-02, +1.9555e-02, -7.2210e-02, -2.1637e-02, -8.9182e-03, -4.4764e-02, -3.7373e-02, -1.8588e-03, -7.1398e-03, -2.1215e-02, -5.9588e-02, +4.4552e-02, +4.7324e-02, -2.4673e-02, +7.2623e-02, -2.4527e-02, -4.3758e-02, -3.4313e-02, -1.0000e+00, +6.0918e-02, +7.9409e-02, +4.5479e-02, +6.8516e-02, -2.6723e-02, -1.0553e-02, -4.4544e-02, -3.5566e-03, +3.2428e-02, -9.3689e-02, -3.7183e-02, -2.8193e-02, +1.4291e-03, +1.0463e-01, +5.8580e-02, -4.3060e-02, -4.8672e-02
+4.7806e-02, +2.1971e-02, +4.2412e-03, -4.0389e-02, +8.5072e-03, +5.8551e-02, -2.0145e-02, -5.0600e-02, +1.9247e-02, +2.3138e-01, +1.2650e-02, -1.1252e-02, -5.4606e-02, +2.7370e-02, +5.2983e-02, +5.7803e-02, +1.8550e-01, -2.1456e-02, +6.7788e-03, -2.4615e-03, +5.3973e-02, +2.1005e-02, -7.3842e-02, -1.6381e-02, -2.2893e-01, -1.8028e-02, +3.2441e-02, +2.9887e-02, +1.5393e-02, -4.9062e-03, +6.7776e-02, -4.4489e-02, +6.0918e-02, -1.0000e+00, +3.5718e-02, -4.3869e-02, -3.2154e-02, +7.2229e-03, +5.1669e-03, +6.0058e-02, +1.3701e-02, -8.9403e-02, +5.1510e-02, +8.4338e-02, -1.3651e-01, +2.0961e-02, +3.4634e-02, -1.4468e-02, -3.7379e-02, -1.0873e-01
+1.0128e-02, -3.0698e-02, -1.8258e-02, -5.0301e-02, +4.1570e-02, -1.7240e-02, +3.9412e-02, +1.7829e-02, +5.7475e-04, +2.2958e-02, +9.0980e-03, +3.1696e-02, -2.6678e-02, -2.2043e-02, -5.7634e-03, -6.1440e-02, -1.9678e-02, -1.2822e-02, -1.4224e-02, +3.1193e-02, +2.1570e-02, -1.3609e-02, +3.6451e-02, -4.4953e-02, -1.7818e-02, -4.9256e-02, -2.7509e-03, +2.9014e-02, +1.1520e-02, -9.4759e-04, +9.1373e-02, -8.9995e-03, +7.9409e-02, +3.5718e-02, -1.0000e+00, -1.4564e-02, -2.1269e-02, -6.0695e-03, +1.4471e-02, -1.2969e-03, +3.5366e-03, +2.6577e-02, +1.2646e-02, -1.2344e-02, +5.1175e-02, +6.2489e-02, -4.6916e-02, -6.4781e-02, -1.0738e-02, +5.1656e-02
-3.9232e-02, +3.7824e-02, +5.8028e-02, +8.6119e-02, +4.3008e-02, -2.2346e-03, +3.7868e-03, -7.8919e-02, +1.3477e-02, +3.6848e-04, +3.5632e-02, -4.6260e-02, -4.3184e-02, -6.5875e-02, +1.8520e-02, +1.0253e-02, +4.7222e-03, -2.2458e-02, +2.1468e-02, -7.9325e-02, -3.7154e-02, -5.3283e-02, -5.5968e-03, +1.6531e-02, -1.7911e-03, -5.4039e-02, +7.2547e-03, -2.7848e-02, -4.2044e-02, +8.5603e-03, +1.7424e-02, +1.4092e-02, +4.5479e-02, -4.3869e-02, -1.4564e-02, -1.0000e+00, -6.9189e-02, +1.0740e-02, +2.8606e-02, -1.6401e-02, -5.4673e-02, -2.9069e-02, +3.6670e-03, +3.5251e-02, +5.4966e-02, -4.2969e-02, -3.3168e-02, -4.2405e-02, +3.6840e-02, +1.9037e-02
+3.4664e-02, -5.1588e-02, +4.3865e-03, +2.3640e-02, +5.3431e-02, +6.0161e-02, -7.7625e-02, +2.5882e-03, +8.6974e-02, +1.0415e-02, +3.1630e-02, +7.1802e-03, +2.2669e-02, +3.4042e-02, +6.5864e-02, +8.4491e-03, +1.6038e-03, +2.0938e-02, +3.7977e-02, +8.7426e-02, +1.0056e-01, +7.8658e-02, +4.2119e-02, -4.2179e-03, -2.1065e-02, +5.0563e-02, -4.4992e-02, +3.5218e-02, -1.4824e-02, +2.0222e-02, +1.4807e-02, +1.9763e-02, +6.8516e-02, -3.2154e-02, -2.1269e-02, -6.9189e-02, -1.0000e+00, +1.2655e-01, -1.4379e-03, +5.0479e-02, +3.2073e-02, -1.0067e-01, +2.1652e-02, +8.8279e-02, +4.2154e-02, +1.5912e-02, +3.5484e-02, -2.0834e-04, -3.6587e-02, -5.1032e-02
+3.0359e-02, -1.0018e-01, -5.4047e-02, +1.9330e-02, +9.4885e-03, -1.8085e-02, +8.7742e-02, -7.9837e-02, +7.3923e-03, +2.7422e-02, -5.8388e-02, -3.3044e-02, -3.2406e-02, -4.3657e-02, -4.7382e-02, +1.8681e-03, -2.1292e-02, -5.2335e-02, -1.7160e-02, -2.8668e-02, -7.3821e-02, -3.8803e-02, -1.1114e-03, +4.8261e-02, -1.2514e-02, +6.7956e-02, -7.8924e-03, -7.0754e-02, -8.3733e-02, +1.2123e-01, -7.0340e-02, +2.5994e-02, -2.6723e-02, +7.2229e-03, -6.0695e-03, +1.0740e-02, +1.2655e-01, -1.0000e+00, -1.0075e-03, +4.6220e-02, -3.1383e-02, +2.6699e-02, -9.0789e-02, -7.1225e-02, +2.5653e-03, +7.7303e-02, -8.9579e-02, -5.3631e-02, +1.8342e-02, +6.0710e-02
-5.5394e-02, -9.3322e-03, -2.1159e-02, -2.4460e-02, -3.5363e-02, -6.2626e-02, -3.6989e-02, +3.8876e-04, +3.6190e-02, +3.7529e-02, -1.8965e-02, -4.5007e-02, -2.0608e-02, +5.8049e-02, -3.6290e-02, -1.8230e-02, +4.1691e-02, +3.4013e-02, -4.5265e-02, -2.0657e-03, +1.1681e-02, +6.9770e-02, -2.4019e-02, -7.2591e-02, +2.7619e-03, -2.5385e-03, -5.3361e-03, +2.9900e-02, +2.2739e-02, +2.4166e-02, -2.5709e-02, +6.1179e-02, -1.0553e-02, +5.1669e-03, +1.4471e-02, +2.8606e-02, -1.4379e-03, -1.0075e-03, -1.0000e+00, +1.4938e-02, +4.2691e-02, -2.1817e-02, -4.5563e-02, +1.7523e-02, -9.0304e-03, -1.3931e-02, -8.2383e-02, -1.4767e-02, +5.1901e-03, +6.4820e-02
-4.5731e-02, +5.0970e-02, +4.9142e-02, -1.3657e-02, -2.0336e-02, -4.2153e-02, +1.3673e-02, +1.7936e-02, -6.0547e-02, +2.8868e-02, -3.0230e-02, -2.5979e-02, +5.5739e-03, +1.0743e-01, +4.2065e-03, +2.4821e-02, +5.1746e-03, -6.6899e-02, +7.4595e-03, -1.0128e-02, -2.9756e-02, +4.5095e-02, -1.5310e-03, +6.2575e-02, +3.5961e-02, +2.4148e-03, +8.2884e-03, -6.1147e-02, +4.4776e-02, -3.6687e-02, +5.0374e-03, -3.5194e-02, -4.4544e-02, +6.0058e-02, -1.2969e-03, -1.6401e-02, +5.0479e-02, +4.6220e-02, +1.4938e-02, -1.0000e+00, -6.6761e-02, +1.2023e-01, -4.1630e-03, +5.4988e-02, +1.7683e-03, -4.1812e-02, -2.1767e-02, -3.8665e-02, +4.2227e-02, -8.1940e-02
+1.7395e-02, -2.3451e-02, +4.1560e-03, -2.3881e-02, +2.5560e-02, -5.7934e-02, +1.8625e-03, -4.2316e-02, +5.0763e-02, +5.3326e-02, -2.5742e-03, +2.9938e-02, -2.1013e-03, +1.2118e-02, -5.7827e-04, -1.1926e-02, -6.5523e-03, -3.2385e-02, +1.5439e-02, -5.2870e-03, -6.7925e-02, +3.5477e-02, +2.2006e-02, +1.4303e-02, +1.0377e-01, -7.8066e-02, +2.3105e-02, -2.1483e-03, -4.8192e-02, +4.5808e-02, +1.3896e-02, +2.0764e-02, -3.5566e-03, +1.3701e-02, +3.5366e-03, -5.4673e-02, +3.2073e-02, -3.1383e-02, +4.2691e-02, -6.6761e-02, -1.0000e+00, +2.1756e-02, -2.9792e-02, -2.7189e-02, -1.7238e-04, +5.6751e-03, +2.2308e-02, -2.1182e-01, -2.9723e-02, +1.1879e-01
+5.1888e-02, -3.6193e-02, +5.2308e-02, +9.4762e-02, +6.9175e-02, -4.0874e-02, -2.2019e-02, +3.3841e-02, +5.1177e-03, +1.0563e-01, -3.6296e-03, -1.3730e-02, -8.6395e-03, +1.0196e-03, -2.5845e-02, -6.1008e-02, +3.3171e-02, -1.8458e-02, -1.4723e-02, -4.0893e-02, +1.8936e-02, -2.9712e-03, -5.4967e-02, -2.3580e-02, +1.9312e-01, +5.5753e-02, -1.1898e-01, -1.4194e-02, +1.0323e-02, +4.1582e-02, -5.0552e-02, -6.7051e-02, +3.2428e-02, -8.9403e-02, +2.6577e-02, -2.9069e-02, -1.0067e-01, +2.6699e-02, -2.1817e-02, +1.2023e-01, +2.1756e-02, -1.0000e+00, -1.0356e-01, +1.2306e-01, +1.5502e-01, -9.0610e-02, -1.0078e-01, -3.7434e-02, +9.9988e-02, +1.0564e-01
+7.2909e-03, -1.9082e-02, -1.1614e-03, -3.1792e-03, -2.1660e-03, -1.0177e-02, +4.4855e-02, +2.8389e-03, +2.3076e-03, -2.1965e-02, -6.5213e-02, +1.6190e-02, -2.7335e-03, -7.4753e-02, -1.9696e-02, +2.2021e-02, -8.7481e-03, -8.5277e-02, -4.0605e-02, +5.3225e-02, +3.3709e-03, +9.6527e-02, -4.0618e-02, +4.7879e-02, +4.5347e-02, +1.6304e-02, -6.5810e-02, -2.8305e-02, -5.5597e-02, -6.7816e-03, -4.6934e-02, +6.7053e-02, -9.3689e-02, +5.1510e-02, +1.2646e-02, +3.6670e-03, +2.1652e-02, -9.0789e-02, -4.5563e-02, -4.1630e-03, -2.9792e-02, -1.0356e-01, -1.0000e+00, +3.3854e-02, +1.7797e-02, +1.7734e-02, -7.8833e-02, +8.6459e-03, +3.5738e-02, -1.1471e-02
-2.2381e-03, -2.4814e-02, +4.5868e-02, +2.1736e-02, -3.0851e-02, +2.4972e-02, -4.6867e-02, -9.1824e-03, +2.7190e-02, -6.4224e-03, -8.6022e-03, -2.5768e-02, +1.8942e-03, +2.0971e-02, -5.1368e-02, -6.1130e-02, -2.6531e-02, +1.6515e-03, -5.8152e-02, +3.3990e-02, -3.5398e-02, -9.1588e-02, +7.0517e-02, +9.3459e-03, +1.8848e-02, -3.1372e-02, +3.6517e-02, -4.7987e-02, -6.4030e-03, -5.5130e-02, -3.8998e-02, +4.9821e-03, -3.7183e-02, +8.4338e-02, -1.2344e-02, +3.5251e-02, +8.8279e-02, -7.1225e-02, +1.7523e-02, +5.4988e-02, -2.7189e-02, +1.2306e-01, +3.3854e-02, -1.0000e+00, -7.5953e-02, +1.8611e-02, -2.4881e-02, +3.8824e-02, -3.7756e-03, +1.1692e-01
-3.1764e-02, +2.0256e-02, -1.6138e-02, -4.3469e-02, -5.6360e-02, +6.1942e-02, -4.8600e-03, -2.0809e-02, +1.0707e-03, +1.9136e-01, -2.1066e-03, -3.8734e-03, -7.9716e-02, -2.8796e-02, -2.1986e-02, +2.8451e-02, +2.4379e-01, +5.0611e-03, -1.0271e-02, +3.1592e-02, -1.8042e-02, +1.0973e-01, -1.3931e-01, +1.6155e-02, -3.3651e-02, -2.4271e-02, +7.8651e-02, +1.7409e-02, +4.3286e-02, +1.1551e-02, -1.4218e-02, +3.5119e-02, -2.8193e-02, -1.3651e-01, +5.1175e-02, +5.4966e-02, +4.2153e-02, +2.5653e-03, -9.0304e-03, +1.7683e-03, -1.7238e-04, +1.5502e-01, +1.7797e-02, -7.5953e-02, -1.0000e+00, -6.0534e-02, +9.5211e-02, +1.2077e-01, -1.8566e-02, -1.8163e-01
+3.5495e-03, -2.3393e-02, -1.8079e-02, +7.8926e-03, -3.6620e-02, +4.6178e-02, -2.5603e-03, +9.2183e-04, +6.5163e-02, +5.4272e-02, +5.2953e-02, +3.0889e-02, -2.5021e-02, +4.0059e-02, -3.3763e-02, -3.1131e-03, +3.9692e-02, +9.8030e-02, -2.1762e-02, +2.2568e-03, -6.7640e-02, +6.6302e-02, -2.9534e-03, -2.2522e-02, +4.5234e-02, +5.9832e-02, -4.8234e-03, +1.1609e-02, +5.7355e-02, +1.8167e-02, -1.2747e-02, +2.8160e-02, +1.4291e-03, +2.0961e-02, +6.2489e-02, -4.2969e-02, +1.5912e-02, +7.7303e-02, -1.3931e-02, -4.1812e-02, +5.6751e-03, -9.0610e-02, +1.7734e-02, +1.8611e-02, -6.0534e-02, -1.0000e+00, -1.1850e-02, -2.1823e-02, +9.8317e-02, +2.9922e-03
-5.7461e-02, -3.0251e-02, -5.7670e-02, -1.9944e-03, +3.6709e-02, -5.9182e-02, +4.7906e-02, +2.8230e-02, -7.4080e-02, +1.1366e-01, -1.5866e-02, -8.9384e-03, -3.2532e-02, -4.5637e-02, +1.3814e-02, -8.7102e-03, -1.8826e-02, -4.6708e-02, -7.1852e-02, -2.0764e-02, -5.0932e-02, +3.0047e-02, -9.6962e-02, +2.3938e-02, +1.4653e-02, -5.7665e-02, -6.5249e-03, -5.4072e-02, +1.2184e-02, +4.8722e-02, +6.5321e-02, +1.4709e-02, +1.0463e-01, +3.4634e-02, -4.6916e-02, -3.3168e-02, +3.5484e-02, -8.9579e-02, -8.2383e-02, -2.1767e-02, +2.2308e-02, -1.0078e-01, -7.8833e-02, -2.4881e-02, +9.5211e-02, -1.1850e-02, -1.0000e+00, -8.3837e-02, -6.1515e-02, +1.2327e-02
+1.3665e-01, -9.7072e-02, -5.5343e-02, +8.7929e-02, +1.0792e-01, -8.4961e-02, +3.5192e-02, -7.1664e-02, +5.1530e-02, +1.7616e-01, +1.4075e-01, -3.8505e-02, -7.9590e-02, +3.3749e-02, +8.9286e-02, -1.0673e-02, -1.1029e-01, +9.0453e-02, -1.9343e-02, +2.5877e-02, -1.0672e-01, -4.6634e-02, -7.6466e-02, +1.2666e-01, +1.6871e-01, -3.0375e-02, +4.3062e-02, +1.6220e-01, -4.6275e-02, -9.0338e-02, +9.3811e-02, -7.5199e-02, +5.8580e-02, -1.4468e-02, -6.4781e-02, -4.2405e-02, -2.0835e-04, -5.3631e-02, -1.4767e-02, -3.8665e-02, -2.1182e-01, -3.7434e-02, +8.6459e-03, +3.8824e-02, +1.2077e-01, -2.1823e-02, -8.3837e-02, -1.0000e+00, +2.2810e-02, +3.0465e-01
-3.9928e-02, -7.9674e-02, +1.1946e-02, +1.3826e-02, -6.9332e-02, +2.8789e-03, +2.3676e-02, -6.4711e-03, -7.4402e-02, -2.8321e-02, -2.9239e-02, +7.4800e-02, +8.9418e-03, -2.6540e-02, -4.1561e-02, +8.8455e-02, -1.0408e-02, -2.9224e-02, +5.4894e-03, +3.6474e-02, -2.2007e-02, -2.3703e-03, +5.5270e-02, +8.4430e-03, -1.1681e-03, -2.8409e-02, -1.2750e-02, -8.1281e-03, -2.3155e-02, +1.2380e-02, +2.0667e-02, +4.3786e-02, -4.3060e-02, -3.7379e-02, -1.0738e-02, +3.6840e-02, -3.6587e-02, +1.8342e-02, +5.1901e-03, +4.2227e-02, -2.9723e-02, +9.9988e-02, +3.5738e-02, -3.7756e-03, -1.8566e-02, +9.8317e-02, -6.1515e-02, +2.2810e-02, -1.0000e+00, -4.6090e-02
+3.8062e-03, -2.0533e-02, +7.8305e-02, +2.3572e-02, +1.2099e-02, +1.3945e-01, -5.3792e-02, -1.1490e-01, -2.1775e-02, +6.1544e-02, +3.5857e-02, +1.9710e-02, +1.2830e-02, -9.0428e-02, +1.0401e-01, +9.5477e-02, -2.5711e-02, -5.4763e-02, +7.1425e-02, -6.1867e-02, +8.4510e-02, +9.2452e-02, +1.4629e-03, +7.0929e-02, -8.4219e-03, +9.3690e-02, +1.1038e-01, -8.5179e-02, +3.1949e-02, +3.4886e-02, +1.0480e-02, +2.2672e-02, -4.8672e-02, -1.0873e-01, +5.1656e-02, +1.9037e-02, -5.1032e-02, +6.0710e-02, +6.4820e-02, -8.1940e-02, +1.1879e-01, +1.0564e-01, -1.1471e-02, +1.1692e-01, -1.8163e-01, +2.9922e-03, +1.2327e-02, +3.0465e-01, -4.6090e-02, -1.0000e+00
