-1.0000e+00, -2.0139e-02, +4.7401e-02, -2.5987e-02, -4.0446e-02, -4.6004e-02, -2.1524e-03, +1.7709e-02, -1.2054e-01, +4.4823e-02, +6.7961e-02, -1.0242e-01, +7.4353e-02, -1.3444e-02, -4.7356e-02, +2.8117e-02, +4.3250e-02, +9.5999e-02, -2.7673e-02, +9.6668e-02, +1.2410e-01, -2.0615e-02, +2.1224e-02, -4.3830e-02, -1.3276e-01, -3.2449e-02, -2.2839e-02, +4.2318e-02, +3.7653e-02, +4.9840e-02, -1.7088e-02, -1.7628e-01, -7.5717e-02, +4.2042e-02, -4.7712e-03, +1.6719e-02, -1.6697e-01, +5.5025e-04, -7.3791e-02, -6.5528e-04, -2.6407e-02, +6.1407e-02, -2.0582e-02, +7.0140e-02, -9.6267e-02, -5.6834e-02, -1.0622e-01, +2.4323e-01, +5.4872e-02, -9.3962e-02
-2.0139e-02, -1.0000e+00, +8.6860e-03, -2.5162e-03, +1.4688e-02, +4.5697e-02, +6.9247e-02, +8.4199e-02, +3.7029e-02, +5.9101e-02, +5.9239e-02, +3.1953e-02, +4.2932e-02, +5.8478e-02, +4.7334e-02, +5.5747e-02, -4.3401e-02, +7.1891e-03, +1.6284e-02, -4.2026e-03, -1.0558e-02, -6.2792e-04, +1.8232e-02, +4.6161e-02, -2.6867e-02, +6.3101e-02, +4.3204e-02, +7.0049e-02, +2.2871e-02, +7.3833e-02, +9.3250e-04, +6.0794e-02, +4.5352e-02, -3.6357e-02, +2.0587e-03, -4.8863e-03, +1.6526e-02, -6.5660e-02, +6.3866e-02, -1.2976e-01, +3.5377e-03, +5.7152e-02, -4.5443e-02, +3.9616e-02, +4.3985e-02, +6.2564e-02, +3.1627e-02, -6.8569e-02, -5.6786e-02, -1.8069e-02
+4.7401e-02, +8.6860e-03, -1.0000e+00, +2.0966e-02, +5.7780e-03, -1.1631e-01, +4.5305e-02, -8.9910e-02, -2.1287e-02, +1.0226e-01, -4.7278e-02, +3.1970e-02, -7.3455e-04, +4.6259e-02, +3.7934e-02, +1.0824e-02, -1.2881e-02, -3.7035e-03, -2.7120e-02, -9.2122e-02, +4.9555e-02, -6.0448e-02, -2.1606e-02, -3.3583e-02, +2.0513e-02, +1.9181e-02, +4.3690e-02, -9.0797e-02, -1.5391e-02, +6.8504e-02, +3.6237e-02, +2.1993e-02, -2.9610e-03, -9.7776e-03, +9.6210e-02, -4.8418e-02, -1.5748e-02, -1.9719e-02, -7.7037e-02, -1.0402e-02, -8.9410e-02, -2.8938e-02, +2.5034e-02, -6.1426e-02, +7.8178e-03, +1.0615e-02, +6.2874e-02, +3.9828e-03, -3.2591e-02, +6.2704e-03
-2.5987e-02, -2.5162e-03, +2.0966e-02, -1.0000e+00, -8.6945e-02, -7.0617e-02, +1.4452e-02, +4.8187e-04, +2.5382e-02, +5.0809e-02, -7.1093e-02, -5.3308e-02, -2.7358e-02, -1.9303e-02, -2.5675e-03, -1.7858e-03, -4.0540e-03, -2.3203e-02, +4.5513e-02, +8.1955e-03, -1.6052e-02, +1.6695e-02, -1.4071e-02, -4.0061e-02, -7.0620e-02, -8.3637e-02, +3.9538e-03, +1.3628e-02, -3.6667e-02, +6.1557e-02, -7.1883e-02, -7.5374e-03, +5.8060e-02, +3.5408e-02, -9.3384e-03, +5.1195e-02, +5.3218e-02, -9.5329e-03, -3.4243e-02, -1.4611e-02, -4.8485e-02, +4.7097e-02, -2.0761e-02, -3.1551e-02, +5.1208e-03, -4.7922e-02, -2.9257e-02, -2.8504e-02, -3.4683e-02, +4.1404e-02
-4.0446e-02, +1.4688e-02, +5.7780e-03, -8.6945e-02, -1.0000e+00, -2.1486e-02, +1.4289e-02, +3.3385e-02, +6.4143e-02, +4.0313e-02, -1.4856e-02, -2.7753e-02, +9.2969e-04, +3.7079e-02, -1.2249e-01, +2.6692e-02, -1.2779e-02, -7.1319e-02, -3.1657e-02, -4.4218e-02, -2.3215e-02, -2.5771e-03, +7.0073e-03, -5.3355e-02, +5.4063e-02, +1.1084e-01, -3.4426e-03, -3.6321e-02, -3.2600e-02, -2.7639e-02, -3.2267e-02, -8.9443e-02, -1.0879e-01, -1.9408e-02, -5.7765e-03, +3.6098e-02, -1.2774e-01, +2.6208e-02, -3.0527e-02, -4.9294e-02, +1.7906e-02, +4.2191e-02, +3.8977e-02, -2.6407e-02, -1.3571e-01, -3.2050e-02, -7.6665e-02, +1.6737e-01, -4.2595e-02, +1.6399e-02
-4.6004e-02, +4.5697e-02, -1.1631e-01, -7.0617e-02, -2.1486e-02, -1.0000e+00, +7.2912e-02, +1.7991e-02, -8.6623e-03, +5.6578e-02, -4.7694e-02, +8.7491e-03, +7.7913e-02, -4.3434e-02, -1.4239e-01, -6.7843e-02, -7.3260e-02, -4.5910e-02, -7.7073e-02, -8.7344e-02, -1.0038e-02, -2.8481e-02, -6.6346e-02, -4.8787e-02, -7.4051e-02, -1.2410e-01, -2.9738e-02, -1.1646e-01, -4.0719e-02, -4.0181e-02, -6.7933e-02, -1.1370e-01, -1.0931e-01, -2.3461e-02, -5.8365e-02, +4.4564e-02, -3.7278e-02, -4.2638e-02, +4.2496e-03, +2.4382e-03, -3.7685e-02, +1.0585e-01, -6.7474e-02, -5.7655e-02, -3.9943e-02, -6.3816e-02, -1.0477e-01, +1.4568e-01, +6.8556e-02, +7.5371e-03
-2.1524e-03, +6.9247e-02, +4.5305e-02, +1.4452e-02, +1.4289e-02, +7.2912e-02, -1.0000e+00, -1.5891e-02, -4.0668e-02, +2.6223e-02, +3.0023e-02, -7.4328e-02, +6.1977e-02, +1.2731e-02, +2.1774e-02, -2.2646e-02, -1.5889e-03, +7.0571e-03, -1.6954e-02, +1.1013e-03, +6.1975e-02, +3.3786e-02, -7.3588e-02, +2.8485e-03, -2.4653e-02, +4.2884e-02, -1.5113e-02, -3.0832e-02, +7.7531e-02, -4.2081e-02, +7.4355e-02, +6.0545e-02, +1.1363e-01, +6.2069e-02, +1.1912e-01, +6.3877e-03, +1.2830e-01, +1.7180e-02, +2.0427e-02, +3.6564e-02, -1.1446e-02, +2.9732e-02, -9.6680e-02, +3.7914e-02, +7.0705e-02, +9.5316e-03, +2.8118e-02, -1.3616e-01, -2.4521e-02, -4.7812e-02
+1.7709e-02, +8.4199e-02, -8.9910e-02, +4.8186e-04, +3.3385e-02, +1.7991e-02, -1.5891e-02, -1.0000e+00, -9.1243e-02, +9.3306e-02, +2.5543e-02, -7.3476e-03, -4.9920e-02, -2.5424e-02, +5.4642e-02, +5.4950e-02, -1.8413e-02, +4.5593e-03, +3.8450e-02, -9.5399e-03, +2.8602e-02, -2.7179e-02, -4.3513e-02, +1.0601e-02, +2.0747e-02, -1.1568e-01, -2.4109e-02, -7.7693e-02, +3.5610e-02, -3.0560e-02, +8.9145e-02, -6.4473e-02, +9.0974e-02, +1.5635e-02, +3.7821e-02, -6.3563e-03, +1.3533e-01, -6.9081e-02, -1.6884e-02, +6.0219e-02, +3.9283e-02, +7.9620e-02, -6.5413e-02, +3.7281e-02, +1.1225e-01, +7.8463e-02, +4.4532e-02, -2.1280e-01, -6.3084e-03, -4.9485e-03
-1.2054e-01, +3.7029e-02, -2.1287e-02, +2.5382e-02, +6.4143e-02, -8.6623e-03, -4.0668e-02, -9.1243e-02, -1.0000e+00, +2.0234e-02, -3.1449e-02, +3.2914e-03, +4.5442e-02, -9.4342e-04, -1.7966e-02, -8.2475e-02, +8.7808e-02, +5.5534e-02, -1.0148e-03, +1.5344e-02, -2.9355e-02, -1.1667e-03, -2.0156e-02, +2.0608e-02, -1.9721e-01, +2.6278e-03, -1.5939e-02, -1.4900e-02, +2.0007e-03, +4.0705e-02, +3.9589e-02, -9.4906e-02, -1.3408e-01, +3.8883e-04, -6.9148e-04, +1.3562e-02, -4.5771e-02, +5.1563e-02, +2.1657e-02, +4.0525e-02, +3.4566e-02, +3.5786e-02, +2.9795e-02, -6.9851e-02, -6.5479e-02, -1.4582e-02, -3.6365e-02, +1.2986e-01, -6.6088e-02, -1.3497e-02
+4.4823e-02, +5.9101e-02, +1.0226e-01, +5.0809e-02, +4.0313e-02, +5.6578e-02, +2.6223e-02, +9.3306e-02, +2.0234e-02, -1.0000e+00, -7.4071e-02, +7.0917e-02, +3.1905e-02, -4.3239e-03, +4.8754e-02, +7.0991e-03, +9.4959e-02, +4.1541e-02, -1.1316e-02, -8.1216e-03, -1.5188e-02, -1.0937e-02, +1.5013e-01, -1.5446e-01, -2.2909e-05, +6.1964e-02, -3.0893e-02, +6.1385e-02, +5.9015e-02, +3.1537e-02, -4.7619e-02, -7.2873e-02, +8.1504e-02, -2.7344e-02, +2.9086e-02, +5.3609e-03, +1.5021e-01, +1.8325e-02, +3.7602e-02, +1.9252e-02, +5.8216e-02, +6.8601e-03, +3.6983e-02, -2.0467e-02, +9.3962e-02, +5.6862e-02, +4.9770e-02, +3.5077e-03, -2.5632e-04, +3.9827e-02
+6.7961e-02, +5.9239e-02, -4.7278e-02, -7.1093e-02, -1.4856e-02, -4.7694e-02, +3.0023e-02, +2.5543e-02, -3.1449e-02, -7.4071e-02, -1.0000e+00, +1.4472e-02, +3.7019e-02, -1.2205e-02, -6.4892e-02, -2.8123e-02, -3.3047e-03, -1.1079e-01, +4.7523e-03, +2.8492e-03, -3.3957e-02, +1.8210e-02, -4.2951e-02, +1.1152e-01, -5.0680e-02, -1.0282e-01, +2.0104e-03, -7.0785e-02, -9.5365e-02, +4.1442e-02, -1.4989e-02, -1.6747e-01, -7.5456e-02, +7.1695e-03, +1.9484e-02, +2.9722e-02, -2.6236e-02, -4.8764e-02, +4.3976e-02, +2.3657e-02, -9.8408e-02, -2.9197e-03, -2.2274e-02, -1.3181e-01, -9.2758e-03, +2.8032e-02, -6.3064e-02, +9.0195e-02, -2.8403e-02, -2.6464e-02
-1.0242e-01, +3.1953e-02, +3.1970e-02, -5.3308e-02, -2.7753e-02, +8.7491e-03, -7.4328e-02, -7.3476e-03, +3.2914e-03, +7.0917e-02, +1.4472e-02, -1.0000e+00, +4.3748e-02, -1.7852e-02, +2.9086e-02, -5.3522e-02, +8.1586e-02, -2.0620e-02, -2.4872e-02, +4.4067e-02, +2.2264e-02, +1.9162e-02, +7.4633e-02, -9.8822e-03, -5.6731e-02, -7.4766e-02, +1.6566e-02, +1.8648e-02, -1.3104e-02, -1.7856e-02, -1.4767e-02, +4.3166e-02, -1.1316e-02, +2.9307e-02, +3.3630e-02, -1.3564e-02, -4.8222e-03, +5.2214e-02, +5.2068e-02, +1.1507e-01, +2.8416e-02, +1.4647e-02, -3.2926e-03, -4.9931e-02, +3.8688e-02, -7.6565e-02, -6.2222e-02, -1.4410e-02, -3.1057e-02, -2.5346e-02
+7.4353e-02, +4.2932e-02, -7.3455e-04, -2.7358e-02, +9.2969e-04, +7.7913e-02, +6.1977e-02, -4.9920e-02, +4.5442e-02, +3.1905e-02, +3.7019e-02, +4.3748e-02, -1.0000e+00, +3.0796e-02, +2.0776e-02, +1.9083e-02, +2.4575e-03, +1.9795e-02, +2.7910e-02, -4.7550e-02, -1.9859e-03, +2.0165e-03, -1.7400e-02, +3.0891e-02, +3.0155e-02, -9.0807e-03, -1.7897e-02, +7.0718e-03, +2.7009e-02, +1.6260e-02, +6.1368e-02, +1.1089e-01, -4.7680e-02, -1.7630e-02, +1.1275e-04, +6.3005e-02, +7.4791e-02, +1.7796e-03, -8.1984e-04, -8.0675e-02, +4.4736e-02, -6.1749e-02, +4.6545e-03, -6.5393e-02, +1.0708e-03, -3.4442e-02, -3.1344e-02, -1.0512e-01, -3.5159e-02, +8.0195e-02
-1.3444e-02, +5.8478e-02, +4.6259e-02, -1.9303e-02, +3.7079e-02, -4.3434e-02, +1.2731e-02, -2.5424e-02, -9.4342e-04, -4.3239e-03, -1.2205e-02, -1.7852e-02, +3.0796e-02, -1.0000e+00, -1.8643e-02, -4.3639e-02, +3.6372e-02, +1.1208e-02, -5.7754e-02, -3.5031e-02, -7.5956e-02, -1.0502e-02, +3.3427e-03, -5.8825e-02, -2.0872e-02, -3.8087e-02, -7.6132e-02, -4.2588e-02, -4.4244e-03, -7.1440e-02, -7.7023e-02, +5.9741e-02, +1.0672e-02, +3.6198e-02, -7.0581e-02, -6.9582e-03, +1.2061e-01, -5.6043e-02, +2.1987e-03, +1.4490e-02, -2.0854e-02, +5.5107e-03, +7.5655e-03, -3.4143e-02, +6.8131e-02, -8.1009e-02, -7.9818e-02, -6.4425e-02, -9.8618e-03, -3.9941e-04
-4.7356e-02, +4.7334e-02, +3.7934e-02, -2.5675e-03, -1.2249e-01, -1.4239e-01, +2.1774e-02, +5.4642e-02, -1.7966e-02, +4.8754e-02, -6.4892e-02, +2.9086e-02, +2.0776e-02, -1.8643e-02, -1.0000e+00, -7.2554e-02, -4.9224e-02, -5.9611e-02, -6.6428e-02, -3.0653e-02, +5.1667e-03, -2.1001e-03, -1.3233e-02, -3.6848e-02, -4.3963e-03, +6.6332e-02, -6.4841e-02, -7.3134e-02, -5.8594e-02, -1.2479e-02, -1.3907e-01, -1.6632e-01, -1.6072e-01, +1.2413e-02, -2.4660e-02, +2.3671e-02, -1.2557e-01, -1.5459e-02, -3.1915e-02, +2.8773e-02, -6.3503e-02, -5.8236e-02, -4.8094e-02, +2.3859e-02, -1.9103e-01, -3.4030e-02, -2.1899e-02, +2.6809e-01, -4.5650e-02, -3.6624e-02
+2.8117e-02, +5.5747e-02, +1.0824e-02, -1.7858e-03, +2.6692e-02, -6.7843e-02, -2.2646e-02, +5.4950e-02, -8.2475e-02, +7.0991e-03, -2.8123e-02, -5.3522e-02, +1.9083e-02, -4.3639e-02, -7.2554e-02, -1.0000e+00, +7.1405e-02, -1.7699e-03, -3.3971e-02, -3.5838e-02, -9.9242e-02, +1.9283e-02, +5.6570e-02, -2.6836e-02, +1.2887e-02, +3.8131e-02, -3.8299e-02, -2.9203e-02, -2.7895e-02, -2.0332e-02, -2.6542e-02, +1.0356e-01, -1.1744e-01, +1.0057e-01, -1.4508e-02, +6.4671e-02, +9.3638e-02, +6.6020e-02, -9.8135e-03, +8.4192e-03, -5.7502e-02, +5.0247e-02, -2.4555e-02, +3.8138e-03, +4.1582e-03, -2.5808e-02, -2.3014e-02, +6.9497e-02, +5.7384e-02, -9.3038e-02
+4.3250e-02, -4.3401e-02, -1.2881e-02, -4.0540e-03, -1.2779e-02, -7.3260e-02, -1.5889e-03, -1.8413e-02, +8.7808e-02, +9.4959e-02, -3.3047e-03, +8.1586e-02, +2.4575e-03, +3.6372e-02, -4.9224e-02, +7.1405e-02, -1.0000e+00, -2.7373e-02, +3.0596e-02, -8.8849e-02, -9.1140e-02, -5.2023e-02, -4.5034e-03, +2.0344e-02, +8.8341e-02, +2.9885e-02, +1.9060e-02, +6.2314e-03, +5.6509e-02, +1.0154e-02, -3.2643e-02, +6.3309e-02, -2.5612e-02, -5.1189e-02, +6.0506e-02, -1.8526e-02, -1.2826e-01, -7.8293e-02, +6.3883e-02, -2.3133e-02, -2.8587e-02, -7.9057e-03, +5.9477e-02, -3.2375e-02, -2.9871e-02, +3.3856e-02, +3.1005e-02, +3.0985e-02, +1.1159e-02, +2.3253e-02
+9.5999e-02, +7.1891e-03, -3.7035e-03, -2.3203e-02, -7.1319e-02, -4.5910e-02, +7.0571e-03, +4.5593e-03, +5.5534e-02, +4.1541e-02, -1.1079e-01, -2.0620e-02, +1.9795e-02, +1.1208e-02, -5.9611e-02, -1.7699e-03, -2.7373e-02, -1.0000e+00, -2.4670e-02, -5.9678e-02, -1.2406e-01, -5.5755e-03, +1.1444e-02, +2.1344e-02, +2.3404e-02, -9.6873e-02, +3.8044e-02, +6.2255e-03, +1.0425e-02, -5.6276e-02, -2.9166e-02, -3.5654e-02, -7.2094e-02, -2.6076e-02, -3.0028e-03, -2.8979e-02, -3.1748e-02, -5.9092e-02, +7.6815e-02, +3.3625e-02, -5.0910e-02, -6.4724e-03, -1.4701e-02, -9.4372e-02, -4.6943e-02, +4.4506e-02, -6.7276e-02, +5.1593e-02, -3.7461e-02, -3.8446e-02
-2.7673e-02, +1.6284e-02, -2.7120e-02, +4.5513e-02, -3.1657e-02, -7.7073e-02, -1.6954e-02, +3.8450e-02, -1.0148e-03, -1.1316e-02, +4.7523e-03, -2.4872e-02, +2.7910e-02, -5.7754e-02, -6.6428e-02, -3.3971e-02, +3.0596e-02, -2.4670e-02, -1.0000e+00, -4.2896e-02, -1.2774e-02, -1.8673e-03, +6.4998e-02, -7.2435e-02, -5.4425e-02, -2.8286e-02, -5.3700e-02, -1.4248e-02, -4.7208e-05, -8.2142e-02, -3.3753e-02, -5.1225e-02, -4.1847e-02, +1.1292e-02, -5.9019e-02, +1.8839e-02, -3.6175e-02, +5.4273e-03, -6.0299e-02, -3.2337e-02, -5.1415e-02, +4.9410e-02, -1.0592e-01, -5.0520e-02, +9.9528e-02, -8.1568e-02, -8.6793e-02, +8.7133e-02, +6.0022e-03, -1.9697e-02
+9.6668e-02, -4.2026e-03, -9.2122e-02, +8.1955e-03, -4.4218e-02, -8.7344e-02, +1.1013e-03, -9.5399e-03, +1.5344e-02, -8.1216e-03, +2.8492e-03, +4.4067e-02, -4.7550e-02, -3.5031e-02, -3.0653e-02, -3.5838e-02, -8.8849e-02, -5.9678e-02, -4.2896e-02, -1.0000e+00, +1.3300e-01, -5.6535e-02, +1.9998e-02, -8.5051e-03, -5.8801e-02, -1.4345e-02, +1.0062e-02, -1.1326e-01, -3.5073e-02, -4.3444e-03, -5.5460e-02, +3.0103e-02, -2.2330e-02, -1.2203e-01, -1.7627e-02, +4.6990e-02, -4.3778e-02, -3.1939e-02, +8.8469e-03, -2.2143e-02, -5.0239e-02, -3.2463e-02, +3.7023e-02, +2.8044e-02, +8.2564e-03, +5.0704e-02, -1.9715e-02, +2.7218e-02, +9.5427e-03, +4.0388e-02
+1.2410e-01, -1.0558e-02, +4.9555e-02, -1.6052e-02, -2.3215e-02, -1.0038e-02, +6.1975e-02, +2.8602e-02, -2.9355e-02, -1.5188e-02, -3.3957e-02, +2.2264e-02, -1.9859e-03, -7.5956e-02, +5.1666e-03, -9.9242e-02, -9.1140e-02, -1.2406e-01, -1.2774e-02, +1.3300e-01, -1.0000e+00, +1.8377e-02, +4.2948e-02, +1.0868e-02, +6.1300e-02, +2.9867e-02, -7.9028e-02, -2.7888e-02, -1.9982e-02, -4.0005e-02, +6.2114e-02, +4.7963e-02, +2.7068e-02, +2.8319e-04, -3.1981e-02, -2.2517e-02, +4.6526e-02, -6.3262e-02, -6.0118e-02, +3.4525e-02, -9.1618e-03, +1.5335e-01, -5.7484e-03, -2.1904e-01, -3.3506e-02, -1.4025e-01, -9.5710e-02, -1.5926e-02, -8.1831e-02, -2.3005e-02
-2.0615e-02, -6.2792e-04, -6.0448e-02, +1.6695e-02, -2.5771e-03, -2.8481e-02, +3.3786e-02, -2.7179e-02, -1.1667e-03, -1.0937e-02, +1.8210e-02, +1.9162e-02, +2.0165e-03, -1.0502e-02, -2.1001e-03, +1.9283e-02, -5.2023e-02, -5.5755e-03, -1.8673e-03, -5.6535e-02, +1.8377e-02, -1.0000e+00, +5.7929e-02, -3.7787e-02, -4.5159e-02, -3.0582e-02, +8.1270e-03, -1.1915e-02, +1.0862e-02, -4.3767e-03, -4.7057e-02, -9.5762e-02, +2.0185e-02, +5.6305e-02, -2.8076e-02, +3.6813e-02, +1.7519e-03, -1.2047e-02, +7.2404e-03, +4.3366e-02, -5.7414e-02, -1.3308e-02, +5.9527e-03, +4.4142e-02, -5.7072e-03, -1.9824e-02, +3.6740e-04, +5.7745e-03, -2.0543e-02, +3.9743e-02
+2.1224e-02, +1.8232e-02, -2.1606e-02, -1.4071e-02, +7.0073e-03, -6.6346e-02, -7.3588e-02, -4.3513e-02, -2.0156e-02, +1.5013e-01, -4.2951e-02, +7.4633e-02, -1.7400e-02, +3.3427e-03, -1.3233e-02, +5.6570e-02, -4.5034e-03, +1.1444e-02, +6.4998e-02, +1.9998e-02, +4.2948e-02, +5.7929e-02, -1.0000e+00, +2.0370e-02, -5.6996e-02, -3.5486e-02, -9.6256e-04, +2.3303e-02, +1.0056e-01, +3.0695e-02, +1.3258e-01, -3.1089e-02, -5.4938e-02, +5.7546e-02, +2.2981e-02, -6.2772e-02, +1.5602e-01, +1.1785e-02, +1.3057e-02, +5.4555e-02, -1.5918e-02, +2.0267e-02, -1.4085e-01, +4.7957e-02, +3.7211e-02, -6.2687e-03, +1.7960e-02, -1.9564e-01, -3.4867e-02, +5.2825e-02
-4.3830e-02, +4.6161e-02, -3.3583e-02, -4.0061e-02, -5.3355e-02, -4.8787e-02, +2.8485e-03, +1.0601e-02, +2.0608e-02, -1.5446e-01, +1.1152e-01, -9.8822e-03, +3.0891e-02, -5.8825e-02, -3.6848e-02, -2.6836e-02, +2.0344e-02, +2.1344e-02, -7.2435e-02, -8.5051e-03, +1.0868e-02, -3.7787e-02, +2.0370e-02, -1.0000e+00, +1.3944e-02, -5.7121e-02, -9.6595e-02, +2.4763e-02, -5.4779e-03, -2.8851e-02, -1.2015e-01, -1.3000e-02, +6.1010e-02, +5.2364e-02, -7.6493e-02, +1.8953e-02, +4.3375e-02, -2.4493e-02, -6.3771e-02, +1.9105e-02, +3.2560e-03, +6.6004e-02, +3.2152e-02, +4.4117e-02, +5.5414e-03, -5.3677e-02, -9.6544e-02, +2.3729e-02, +4.8338e-02, +1.5048e-02
-1.3276e-01, -2.6867e-02, +2.0513e-02, -7.0620e-02, +5.4063e-02, -7.4051e-02, -2.4653e-02, +2.0747e-02, -1.9721e-01, -2.2910e-05, -5.0680e-02, -5.6731e-02, +3.0155e-02, -2.0872e-02, -4.3963e-03, +1.2887e-02, +8.8341e-02, +2.3404e-02, -5.4425e-02, -5.8801e-02, +6.1300e-02, -4.5159e-02, -5.6996e-02, +1.3944e-02, -1.0000e+00, -6.6864e-03, +1.5439e-02, -4.0297e-02, -2.0083e-02, +9.0981e-02, -4.5799e-02, -6.0987e-02, +9.3381e-03, -1.7002e-02, -3.1813e-02, +3.2265e-02, -6.5112e-02, -6.5296e-02, +2.2656e-02, +4.9207e-02, -7.1014e-02, -2.2858e-02, +2.2531e-03, -6.6447e-02, -5.8568e-02, -2.1764e-02, +4.2948e-02, +1.1036e-01, -3.9806e-02, +5.4828e-02
-3.2449e-02, +6.3101e-02, +1.9181e-02, -8.3637e-02, +1.1084e-01, -1.2410e-01, +4.2884e-02, -1.1568e-01, +2.6278e-03, +6.1964e-02, -1.0282e-01, -7.4766e-02, -9.0807e-03, -3.8087e-02, +6.6332e-02, +3.8131e-02, +2.9885e-02, -9.6873e-02, -2.8286e-02, -1.4345e-02, +2.9867e-02, -3.0582e-02, -3.5486e-02, -5.7121e-02, -6.6864e-03, -1.0000e+00, -1.2546e-02, +1.5229e-02, -5.9024e-02, -3.3575e-02, +5.3705e-02, -6.7808e-02, +1.4198e-03, +3.0937e-02, +3.8095e-02, -3.1266e-02, +1.1534e-01, +5.9557e-02, -2.7164e-02, +2.3105e-02, -8.0821e-02, +1.8193e-02, +7.0723e-02, +4.4408e-02, +6.9634e-02, +5.0396e-03, -3.1788e-02, -8.5971e-02, +1.3417e-02, +8.0533e-02
-2.2839e-02, +4.3204e-02, +4.3690e-02, +3.9538e-03, -3.4426e-03, -2.9737e-02, -1.5113e-02, -2.4109e-02, -1.5939e-02, -3.0893e-02, +2.0104e-03, +1.6566e-02, -1.7897e-02, -7.6132e-02, -6.4841e-02, -3.8299e-02, +1.9060e-02, +3.8044e-02, -5.3700e-02, +1.0062e-02, -7.9028e-02, +8.1270e-03, -9.6255e-04, -9.6595e-02, +1.5439e-02, -1.2546e-02, -1.0000e+00, -6.1418e-02, -1.2397e-01, -7.1315e-02, -4.0233e-02, -8.8703e-02, -9.7106e-02, +2.7549e-03, -1.1350e-02, -3.5037e-03, -3.3170e-02, +4.0847e-02, -4.1048e-02, -1.8555e-03, +1.0237e-02, +8.2004e-02, -1.6488e-02, +3.2548e-02, +1.7061e-02, -4.8394e-03, -5.9692e-02, +6.8182e-02, +1.8962e-02, -4.5178e-02
+4.2318e-02, +7.0049e-02, -9.0797e-02, +1.3628e-02, -3.6321e-02, -1.1646e-01, -3.0832e-02, -7.7693e-02, -1.4900e-02, +6.1385e-02, -7.0785e-02, +1.8648e-02, +7.0717e-03, -4.2588e-02, -7.3134e-02, -2.9203e-02, +6.2314e-03, +6.2255e-03, -1.4248e-02, -1.1326e-01, -2.7888e-02, -1.1915e-02, +2.3303e-02, +2.4763e-02, -4.0297e-02, +1.5229e-02, -6.1418e-02, -1.0000e+00, -7.8655e-02, +3.1412e-02, -2.3559e-03, -6.5923e-02, -1.0324e-01, -9.2582e-04, -1.1695e-02, -6.6089e-03, -2.0199e-02, -7.8250e-02, -3.5663e-02, +2.4415e-02, -1.4297e-02, -5.0693e-02, -6.4717e-02, -6.0476e-02, -4.6876e-03, -3.6402e-02, -4.5421e-02, +8.1371e-02, -3.8810e-02, -1.1561e-02
+3.7653e-02, +2.2871e-02, -1.5391e-02, -3.6667e-02, -3.2600e-02, -4.0719e-02, +7.7531e-02, +3.5610e-02, +2.0008e-03, +5.9015e-02, -9.5365e-02, -1.3104e-02, +2.7009e-02, -4.4244e-03, -5.8594e-02, -2.7895e-02, +5.6509e-02, +1.0425e-02, -4.7202e-05, -3.5073e-02, -1.9982e-02, +1.0862e-02, +1.0056e-01, -5.4779e-03, -2.0083e-02, -5.9024e-02, -1.2397e-01, -7.8655e-02, -1.0000e+00, -2.5486e-02, -3.6820e-02, -1.3353e-01, -3.6606e-02, -4.3555e-02, -6.0295e-02, -4.9406e-03, -5.9412e-02, -4.3767e-02, -3.6738e-02, -1.9719e-02, +8.6625e-02, -4.4234e-02, +5.4467e-02, +4.4638e-02, +3.6397e-02, +3.4340e-02, -5.3674e-02, +9.6457e-02, -2.4465e-02, -8.0513e-02
+4.9840e-02, +7.3833e-02, +6.8504e-02, +6.1557e-02, -2.7639e-02, -4.0181e-02, -4.2081e-02, -3.0560e-02, +4.0704e-02, +3.1537e-02, +4.1442e-02, -1.7856e-02, +1.6260e-02, -7.1440e-02, -1.2479e-02, -2.0332e-02, +1.0154e-02, -5.6276e-02, -8.2142e-02, -4.3444e-03, -4.0005e-02, -4.3767e-03, +3.0695e-02, -2.8851e-02, +9.0981e-02, -3.3575e-02, -7.1315e-02, +3.1412e-02, -2.5486e-02, -1.0000e+00, -8.2783e-03, -4.9286e-02, +1.7548e-02, -1.9550e-03, +6.0054e-03, +4.2430e-02, +1.9007e-02, +5.4862e-02, -4.5793e-02, +5.5047e-02, +1.1400e-01, +9.9508e-03, -8.6101e-03, -3.9126e-03, +9.1423e-02, +3.2697e-02, -8.5745e-02, -8.4813e-03, -1.6841e-02, -1.0448e-03
-1.7088e-02, +9.3250e-04, +3.6237e-02, -7.1883e-02, -3.2267e-02, -6.7933e-02, +7.4355e-02, +8.9145e-02, +3.9589e-02, -4.7619e-02, -1.4989e-02, -1.4767e-02, +6.1368e-02, -7.7023e-02, -1.3907e-01, -2.6542e-02, -3.2643e-02, -2.9166e-02, -3.3753e-02, -5.5460e-02, +6.2114e-02, -4.7057e-02, +1.3258e-01, -1.2015e-01, -4.5799e-02, +5.3705e-02, -4.0233e-02, -2.3559e-03, -3.6820e-02, -8.2783e-03, -1.0000e+00, -1.2043e-01, -1.2458e-01, -3.6713e-02, -9.1204e-03, +5.7739e-02, -1.7445e-01, -1.0481e-01, -3.7066e-02, +2.8642e-02, -6.5063e-02, +5.2110e-02, -1.8435e-02, -1.2368e-02, -9.4655e-02, +4.8688e-03, -8.8900e-02, +2.8259e-01, -2.8615e-02, -1.3037e-01
-1.7628e-01, +6.0794e-02, +2.1993e-02, -7.5374e-03, -8.9443e-02, -1.1370e-01, +6.0546e-02, -6.4473e-02, -9.4906e-02, -7.2873e-02, -1.6747e-01, +4.3166e-02, +1.1089e-01, +5.9741e-02, -1.6632e-01, +1.0356e-01, +6.3309e-02, -3.5654e-02, -5.1225e-02, +3.0103e-02, +4.7963e-02, -9.5762e-02, -3.1089e-02, -1.3000e-02, -6.0987e-02, -6.7808e-02, -8.8703e-02, -6.5923e-02, -1.3353e-01, -4.9286e-02, -1.2043e-01, -1.0000e+00, -3.3537e-01, +7.6788e-02, +5.1067e-02, +1.2401e-01, -3.0414e-01, -7.2680e-02, -3.5883e-02, -4.7232e-03, -3.5223e-02, +3.7909e-02, +3.4289e-02, +1.6417e-02, -1.0689e-01, +4.1855e-02, -2.0419e-02, +5.7484e-01, -3.3528e-02, -3.1476e-01
-7.5717e-02, +4.5352e-02, -2.9610e-03, +5.8060e-02, -1.0879e-01, -1.0931e-01, +1.1363e-01, +9.0974e-02, -1.3408e-01, +8.1504e-02, -7.5456e-02, -1.1316e-02, -4.7680e-02, +1.0672e-02, -1.6072e-01, -1.1744e-01, -2.5612e-02, -7.2094e-02, -4.1847e-02, -2.2330e-02, +2.7068e-02, +2.0185e-02, -5.4938e-02, +6.1010e-02, +9.3381e-03, +1.4198e-03, -9.7106e-02, -1.0324e-01, -3.6606e-02, +1.7548e-02, -1.2458e-01, -3.3537e-01, -1.0000e+00, +4.1803e-02, +6.3689e-02, +6.2097e-02, -3.4476e-01, -7.2026e-02, -6.7826e-02, +3.0090e-02, -9.3155e-02, -2.6920e-02, -4.2431e-02, -1.6227e-01, -2.5777e-01, +2.9144e-02, -1.0060e-01, +5.7569e-01, +3.9661e-02, -2.7404e-01
+4.2042e-02, -3.6357e-02, -9.7776e-03, +3.5408e-02, -1.9408e-02, -2.3461e-02, +6.2069e-02, +1.5635e-02, +3.8883e-04, -2.7344e-02, +7.1695e-03, +2.9307e-02, -1.7630e-02, +3.6198e-02, +1.2413e-02, +1.0057e-01, -5.1189e-02, -2.6076e-02, +1.1292e-02, -1.2203e-01, +2.8319e-04, +5.6305e-02, +5.7546e-02, +5.2364e-02, -1.7002e-02, +3.0937e-02, +2.7549e-03, -9.2581e-04, -4.3555e-02, -1.9551e-03, -3.6713e-02, +7.6788e-02, +4.1803e-02, -1.0000e+00, +3.6963e-02, +4.5197e-02, -1.7794e-01, -1.1610e-02, +3.3596e-02, +1.6125e-02, +6.0788e-02, -2.9733e-02, +1.8550e-01, -7.2748e-02, -1.5206e-02, +1.0016e-01, -2.6137e-04, +4.4702e-02, -3.8450e-02, +1.0185e-01
-4.7712e-03, +2.0587e-03, +9.6210e-02, -9.3384e-03, -5.7765e-03, -5.8365e-02, +1.1912e-01, +3.7821e-02, -6.9148e-04, +2.9086e-02, +1.9484e-02, +3.3630e-02, +1.1275e-04, -7.0581e-02, -2.4660e-02, -1.4508e-02, +6.0506e-02, -3.0028e-03, -5.9019e-02, -1.7627e-02, -3.1981e-02, -2.8076e-02, +2.2981e-02, -7.6493e-02, -3.1813e-02, +3.8095e-02, -1.1350e-02, -1.1695e-02, -6.0295e-02, +6.0054e-03, -9.1204e-03, +5.1067e-02, +6.3689e-02, +3.6963e-02, -1.0000e+00, +7.2711e-02, -9.2428e-03, +3.3480e-02, +2.2581e-02, -2.3481e-02, +1.0959e-02, +1.1588e-03, -1.3712e-02, +2.5848e-02, +2.3394e-02, -5.3967e-02, -8.0820e-02, +2.5373e-02, +8.3012e-03, +1.0293e-02
+1.6719e-02, -4.8863e-03, -4.8418e-02, +5.1195e-02, +3.6098e-02, +4.4564e-02, +6.3877e-03, -6.3563e-03, +1.3562e-02, +5.3609e-03, +2.9722e-02, -1.3564e-02, +6.3005e-02, -6.9582e-03, +2.3671e-02, +6.4671e-02, -1.8526e-02, -2.8979e-02, +1.8839e-02, +4.6990e-02, -2.2517e-02, +3.6813e-02, -6.2772e-02, +1.8953e-02, +3.2265e-02, -3.1266e-02, -3.5037e-03, -6.6089e-03, -4.9406e-03, +4.2430e-02, +5.7739e-02, +1.2401e-01, +6.2097e-02, +4.5197e-02, +7.2711e-02, -1.0000e+00, +8.7913e-02, -9.4040e-03, -4.1656e-02, -4.9457e-02, +1.8648e-02, -3.1809e-02, -8.7612e-04, -2.6245e-02, -3.9995e-02, -4.6127e-02, -2.1723e-02, -1.4099e-01, +1.0227e-01, +1.4148e-01
-1.6697e-01, +1.6526e-02, -1.5748e-02, +5.3218e-02, -1.2774e-01, -3.7278e-02, +1.2830e-01, +1.3533e-01, -4.5771e-02, +1.5021e-01, -2.6236e-02, -4.8222e-03, +7.4791e-02, +1.2061e-01, -1.2557e-01, +9.3638e-02, -1.2826e-01, -3.1748e-02, -3.6175e-02, -4.3778e-02, +4.6526e-02, +1.7519e-03, +1.5602e-01, +4.3375e-02, -6.5112e-02, +1.1534e-01, -3.3170e-02, -2.0199e-02, -5.9412e-02, +1.9007e-02, -1.7445e-01, -3.0414e-01, -3.4476e-01, -1.7794e-01, -9.2428e-03, +8.7913e-02, -1.0000e+00, -7.5322e-02, +4.4118e-02, +1.7318e-02, +2.2358e-02, -2.0184e-02, +1.0065e-01, -5.1523e-02, -1.3791e-01, +8.1750e-02, -3.5308e-02, +7.3255e-01, +1.1424e-02, -3.0541e-01
+5.5025e-04, -6.5660e-02, -1.9719e-02, -9.5328e-03, +2.6208e-02, -4.2638e-02, +1.7180e-02, -6.9081e-02, +5.1563e-02, +1.8325e-02, -4.8764e-02, +5.2214e-02, +1.7796e-03, -5.6043e-02, -1.5459e-02, +6.6020e-02, -7.8293e-02, -5.9092e-02, +5.4273e-03, -3.1939e-02, -6.3262e-02, -1.2047e-02, +1.1785e-02, -2.4493e-02, -6.5296e-02, +5.9557e-02, +4.0847e-02, -7.8250e-02, -4.3767e-02, +5.4862e-02, -1.0481e-01, -7.2680e-02, -7.2026e-02, -1.1610e-02, +3.3480e-02, -9.4040e-03, -7.5322e-02, -1.0000e+00, +3.6483e-03, +1.8845e-03, -5.2384e-02, +2.9438e-02, -8.0667e-03, -8.2598e-02, -9.9714e-02, +2.8254e-02, +3.5648e-02, +1.1835e-01, -7.3753e-02, -2.6254e-02
-7.3791e-02, +6.3866e-02, -7.7037e-02, -3.4243e-02, -3.0527e-02, +4.2496e-03, +2.0427e-02, -1.6884e-02, +2.1657e-02, +3.7602e-02, +4.3976e-02, +5.2068e-02, -8.1984e-04, +2.1987e-03, -3.1915e-02, -9.8135e-03, +6.3883e-02, +7.6815e-02, -6.0299e-02, +8.8469e-03, -6.0118e-02, +7.2404e-03, +1.3057e-02, -6.3771e-02, +2.2656e-02, -2.7164e-02, -4.1048e-02, -3.5663e-02, -3.6738e-02, -4.5793e-02, -3.7066e-02, -3.5883e-02, -6.7826e-02, +3.3596e-02, +2.2581e-02, -4.1656e-02, +4.4118e-02, +3.6483e-03, -1.0000e+00, -4.8295e-02, -5.4836e-03, +1.6162e-02, -2.3374e-02, +5.2153e-03, -5.6425e-03, -5.4897e-02, -1.0616e-01, +4.0924e-02, -2.1506e-02, +8.3882e-03
-6.5528e-04, -1.2976e-01, -1.0402e-02, -1.4611e-02, -4.9294e-02, +2.4382e-03, +3.6564e-02, +6.0219e-02, +4.0525e-02, +1.9252e-02, +2.3657e-02, +1.1507e-01, -8.0675e-02, +1.4490e-02, +2.8773e-02, +8.4192e-03, -2.3133e-02, +3.3625e-02, -3.2337e-02, -2.2143e-02, +3.4525e-02, +4.3366e-02, +5.4555e-02, +1.9105e-02, +4.9207e-02, +2.3105e-02, -1.8555e-03, +2.4415e-02, -1.9719e-02, +5.5047e-02, +2.8642e-02, -4.7232e-03, +3.0090e-02, +1.6125e-02, -2.3481e-02, -4.9457e-02, +1.7318e-02, +1.8845e-03, -4.8295e-02, -1.0000e+00, +2.6737e-02, -1.0716e-02, -3.1282e-02, -3.7319e-02, -9.5098e-02, -4.7563e-02, +8.0625e-03, +3.2642e-03, +6.0452e-03, -1.9963e-03
-2.6407e-02, +3.5377e-03, -8.9410e-02, -4.8485e-02, +1.7906e-02, -3.7685e-02, -1.1446e-02, +3.9283e-02, +3.4566e-02, +5.8216e-02, -9.8408e-02, +2.8416e-02, +4.4736e-02, -2.0854e-02, -6.3503e-02, -5.7502e-02, -2.8587e-02, -5.0910e-02, -5.1415e-02, -5.0239e-02, -9.1618e-03, -5.7414e-02, -1.5918e-02, +3.2560e-03, -7.1014e-02, -8.0821e-02, +1.0237e-02, -1.4297e-02, +8.6625e-02, +1.1400e-01, -6.5063e-02, -3.5223e-02, -9.3155e-02, +6.0788e-02, +1.0959e-02, +1.8648e-02, +2.2358e-02, -5.2384e-02, -5.4836e-03, +2.6737e-02, -1.0000e+00, +3.5097e-02, -6.9612e-02, -3.8710e-02, -6.9438e-02, -1.0777e-02, -3.3317e-02, +5.3383e-02, +1.5272e-02, -5.3609e-02
+6.1407e-02, +5.7152e-02, -2.8938e-02, +4.7097e-02, +4.2191e-02, +1.0585e-01, +2.9732e-02, +7.9620e-02, +3.5786e-02, +6.8601e-03, -2.9197e-03, +1.4647e-02, -6.1749e-02, +5.5107e-03, -5.8236e-02, +5.0247e-02, -7.9057e-03, -6.4724e-03, +4.9410e-02, -3.2463e-02, +1.5335e-01, -1.3308e-02, +2.0267e-02, +6.6004e-02, -2.2858e-02, +1.8193e-02, +8.2004e-02, -5.0693e-02, -4.4234e-02, +9.9508e-03, +5.2110e-02, +3.7909e-02, -2.6920e-02, -2.9733e-02, +1.1588e-03, -3.1809e-02, -2.0184e-02, +2.9438e-02, +1.6162e-02, -1.0716e-02, +3.5097e-02, -1.0000e+00, -6.0379e-02, +1.0513e-01, -6.3920e-02, +1.6288e-02, +2.7988e-02, -2.1078e-02, -2.1028e-02, +7.5463e-02
-2.0582e-02, -4.5443e-02, +2.5034e-02, -2.0761e-02, +3.8977e-02, -6.7474e-02, -9.6680e-02, -6.5413e-02, +2.9795e-02, +3.6983e-02, -2.2274e-02, -3.2926e-03, +4.6545e-03, +7.5655e-03, -4.8094e-02, -2.4555e-02, +5.9477e-02, -1.4701e-02, -1.0592e-01, +3.7023e-02, -5.7484e-03, +5.9527e-03, -1.4085e-01, +3.2152e-02, +2.2531e-03, +7.0723e-02, -1.6488e-02, -6.4717e-02, +5.4467e-02, -8.6101e-03, -1.8435e-02, +3.4289e-02, -4.2431e-02, +1.8550e-01, -1.3712e-02, -8.7612e-04, +1.0065e-01, -8.0667e-03, -2.3373e-02, -3.1282e-02, -6.9612e-02, -6.0379e-02, -1.0000e+00, -1.4722e-02, -1.1800e-02, -1.2209e-02, -6.2297e-02, +1.3060e-02, +9.0283e-02, -4.6577e-02
+7.0140e-02, +3.9616e-02, -6.1426e-02, -3.1551e-02, -2.6407e-02, -5.7655e-02, +3.7914e-02, +3.7281e-02, -6.9851e-02, -2.0467e-02, -1.3181e-01, -4.9931e-02, -6.5393e-02, -3.4143e-02, +2.3859e-02, +3.8138e-03, -3.2375e-02, -9.4372e-02, -5.0520e-02, +2.8044e-02, -2.1904e-01, +4.4142e-02, +4.7957e-02, +4.4117e-02, -6.6447e-02, +4.4408e-02, +3.2548e-02, -6.0476e-02, +4.4638e-02, -3.9126e-03, -1.2368e-02, +1.6417e-02, -1.6227e-01, -7.2748e-02, +2.5848e-02, -2.6245e-02, -5.1523e-02, -8.2598e-02, +5.2153e-03, -3.7319e-02, -3.8710e-02, +1.0513e-01, -1.4722e-02, -1.0000e+00, -4.1562e-03, -4.0691e-02, -6.4083e-02, +7.0620e-02, +4.2038e-02, +9.7922e-03
-9.6267e-02, +4.3985e-02, +7.8178e-03, +5.1208e-03, -1.3571e-01, -3.9943e-02, +7.0705e-02, +1.1225e-01, -6.5479e-02, +9.3962e-02, -9.2758e-03, +3.8688e-02, +1.0708e-03, +6.8131e-02, -1.9103e-01, +4.1582e-03, -2.9871e-02, -4.6943e-02, +9.9528e-02, +8.2564e-03, -3.3506e-02, -5.7072e-03, +3.7211e-02, +5.5414e-03, -5.8568e-02, +6.9634e-02, +1.7061e-02, -4.6876e-03, +3.6397e-02, +9.1423e-02, -9.4655e-02, -1.0689e-01, -2.5777e-01, -1.5206e-02, +2.3394e-02, -3.9995e-02, -1.3791e-01, -9.9714e-02, -5.6425e-03, -9.5098e-02, -6.9438e-02, -6.3920e-02, -1.1800e-02, -4.1562e-03, -1.0000e+00, +1.5819e-02, -5.3397e-02, +2.3423e-01, -4.4684e-02, -8.9921e-02
-5.6834e-02, +6.2564e-02, +1.0615e-02, -4.7922e-02, -3.2050e-02, -6.3816e-02, +9.5316e-03, +7.8463e-02, -1.4582e-02, +5.6862e-02, +2.8032e-02, -7.6565e-02, -3.4442e-02, -8.1009e-02, -3.4030e-02, -2.5808e-02, +3.3856e-02, +4.4506e-02, -8.1568e-02, +5.0704e-02, -1.4025e-01, -1.9824e-02, -6.2687e-03, -5.3677e-02, -2.1764e-02, +5.0396e-03, -4.8394e-03, -3.6402e-02, +3.4340e-02, +3.2697e-02, +4.8688e-03, +4.1855e-02, +2.9144e-02, +1.0016e-01, -5.3967e-02, -4.6127e-02, +8.1750e-02, +2.8254e-02, -5.4897e-02, -4.7563e-02, -1.0777e-02, +1.6288e-02, -1.2209e-02, -4.0691e-02, +1.5819e-02, -1.0000e+00, -1.1909e-01, -1.5119e-02, +5.0749e-02, +1.4178e-02
-1.0622e-01, +3.1627e-02, +6.2874e-02, -2.9257e-02, -7.6665e-02, -1.0477e-01, +2.8118e-02, +4.4532e-02, -3.6365e-02, +4.9770e-02, -6.3064e-02, -6.2222e-02, -3.1344e-02, -7.9818e-02, -2.1899e-02, -2.3014e-02, +3.1005e-02, -6.7276e-02, -8.6793e-02, -1.9715e-02, -9.5710e-02, +3.6740e-04, +1.7960e-02, -9.6544e-02, +4.2948e-02, -3.1788e-02, -5.9692e-02, -4.5421e-02, -5.3674e-02, -8.5745e-02, -8.8900e-02, -2.0419e-02, -1.0060e-01, -2.6137e-04, -8.0820e-02, -2.1723e-02, -3.5308e-02, +3.5648e-02, -1.0616e-01, +8.0625e-03, -3.3317e-02, +2.7988e-02, -6.2297e-02, -6.4083e-02, -5.3397e-02, -1.1909e-01, -1.0000e+00, +1.2106e-01, +1.5558e-02, -4.2206e-02
+2.4323e-01, -6.8569e-02, +3.9828e-03, -2.8504e-02, +1.6737e-01, +1.4568e-01, -1.3616e-01, -2.1280e-01, +1.2986e-01, +3.5077e-03, +9.0195e-02, -1.4410e-02, -1.0512e-01, -6.4425e-02, +2.6809e-01, +6.9497e-02, +3.0985e-02, +5.1593e-02, +8.7133e-02, +2.7218e-02, -1.5926e-02, +5.7745e-03, -1.9564e-01, +2.3729e-02, +1.1036e-01, -8.5971e-02, +6.8182e-02, +8.1371e-02, +9.6457e-02, -8.4813e-03, +2.8259e-01, +5.7484e-01, +5.7569e-01, +4.4702e-02, +2.5373e-02, -1.4099e-01, +7.3255e-01, +1.1835e-01, +4.0924e-02, +3.2642e-03, +5.3383e-02, -2.1078e-02, +1.3060e-02, +7.0620e-02, +2.3423e-01, -1.5119e-02, +1.2106e-01, -1.0000e+00, +7.1851e-03, +5.1660e-01
+5.4872e-02, -5.6786e-02, -3.2591e-02, -3.4683e-02, -4.2595e-02, +6.8556e-02, -2.4521e-02, -6.3084e-03, -6.6088e-02, -2.5632e-04, -2.8403e-02, -3.1057e-02, -3.5159e-02, -9.8618e-03, -4.5650e-02, +5.7384e-02, +1.1159e-02, -3.7461e-02, +6.0022e-03, +9.5427e-03, -8.1831e-02, -2.0543e-02, -3.4867e-02, +4.8338e-02, -3.9806e-02, +1.3417e-02, +1.8962e-02, -3.8810e-02, -2.4465e-02, -1.6841e-02, -2.8615e-02, -3.3528e-02, +3.9661e-02, -3.8450e-02, +8.3012e-03, +1.0227e-01, +1.1424e-02, -7.3753e-02, -2.1506e-02, +6.0452e-03, +1.5272e-02, -2.1028e-02, +9.0283e-02, +4.2038e-02, -4.4684e-02, +5.0749e-02, +1.5558e-02, +7.1851e-03, -1.0000e+00, +9.9429e-03
-9.3962e-02, -1.8069e-02, +6.2704e-03, +4.1404e-02, +1.6399e-02, +7.5372e-03, -4.7812e-02, -4.9485e-03, -1.3497e-02, +3.9827e-02, -2.6464e-02, -2.5346e-02, +8.0195e-02, -3.9942e-04, -3.6624e-02, -9.3038e-02, +2.3253e-02, -3.8446e-02, -1.9697e-02, +4.0388e-02, -2.3005e-02, +3.9743e-02, +5.2825e-02, +1.5048e-02, +5.4828e-02, +8.0533e-02, -4.5178e-02, -1.1561e-02, -8.0513e-02, -1.0448e-03, -1.3037e-01, -3.1476e-01, -2.7404e-01, +1.0185e-01, +1.0293e-02, +1.4148e-01, -3.0541e-01, -2.6254e-02, +8.3882e-03, -1.9963e-03, -5.3609e-02, +7.5463e-02, -4.6577e-02, +9.7922e-03, -8.9921e-02, +1.4178e-02, -4.2206e-02, +5.1660e-01, +9.9429e-03, -1.0000e+00
