-1.0000e+00, +1.2605e-04, -4.9954e-02, -7.8617e-02, +3.9842e-02, -3.4305e-02, +5.5753e-02, -1.7184e-02, -2.0612e-01, -1.3963e-03, +3.9962e-02, -1.7612e-01, +1.2544e-01, -2.1780e-02, -1.7453e-01, +2.1636e-01, -9.6816e-03, -8.9050e-02, -4.0487e-02, -9.1601e-03, -4.4597e-03, +3.8778e-02, +1.2572e-02, -3.4866e-02, -6.5873e-02, +4.9528e-03, -1.5125e-02, +1.0183e-03, -5.0727e-02, -4.5150e-02, -6.3914e-02, -5.0017e-03, +1.6191e-01, -4.7171e-02, -4.4599e-02, +7.4009e-02, +8.5271e-02, -3.5386e-02, +3.2215e-02, -4.8583e-04, -7.2560e-02, -1.1053e-01, -5.1735e-02, +5.3413e-02, -2.2238e-02, -1.6482e-01, -9.8341e-02, +1.5557e-01, -9.2326e-03, -7.8960e-02
+1.2604e-04, -1.0000e+00, -2.3488e-02, -6.1864e-02, -1.0214e-01, -9.0887e-02, +4.7284e-03, -4.9753e-02, +1.6347e-02, +4.9854e-02, -8.6857e-02, +4.2291e-02, -6.9708e-02, +7.0601e-02, -1.1405e-01, -8.6587e-02, +9.3617e-04, +4.4962e-02, +4.0401e-02, +2.3631e-02, -1.0420e-01, -2.1309e-03, -3.8335e-02, +8.3312e-03, -7.0883e-02, -2.4733e-02, -9.0962e-02, -7.0017e-02, -7.4734e-02, -5.5094e-02, -1.6642e-01, +7.3489e-03, -9.5300e-02, +8.3989e-02, +2.9971e-03, +2.3920e-02, -3.7302e-03, -2.5765e-03, -1.6860e-02, +3.9819e-03, +3.1160e-02, +2.2970e-01, -6.5120e-03, -1.1546e-01, -5.6780e-02, -1.1967e-01, -3.3435e-02, +1.0875e-01, +9.1086e-02, +6.2729e-02
-4.9954e-02, -2.3488e-02, -1.0000e+00, -4.6726e-03, -6.1062e-02, -5.0853e-02, -1.4975e-02, +1.9563e-01, -3.8705e-02, +1.4335e-01, -6.6743e-02, +1.4761e-01, -1.3056e-02, -5.1492e-02, +5.7398e-03, +1.3393e-01, +1.5479e-02, -2.0309e-01, -2.0726e-02, +3.7551e-03, -2.9097e-03, -1.9498e-02, +1.0287e-01, +3.1852e-02, +5.3436e-02, +3.1910e-02, +5.7163e-02, -1.1402e-03, -2.5663e-02, +2.7453e-02, -3.8561e-02, +8.1719e-02, +6.0632e-02, -1.0118e-01, +1.0102e-01, +8.0544e-03, -1.0023e-01, +5.0885e-02, +1.5197e-02, -4.8044e-02, -6.7738e-02, -5.0812e-02, +4.1909e-01, +9.2955e-02, +8.9091e-02, -1.2541e-01, -3.6257e-02, +2.9722e-01, -1.2699e-01, -3.1701e-02
-7.8617e-02, -6.1864e-02, -4.6726e-03, -1.0000e+00, +2.8349e-02, -7.5786e-02, -3.2028e-02, -5.7021e-02, +7.2535e-02, -9.5691e-04, -1.5466e-01, -9.4201e-02, -3.0509e-02, -3.6840e-02, -8.3774e-02, +8.1646e-02, +1.5986e-01, +2.0785e-02, -3.9588e-02, -6.0011e-03, +5.8603e-03, -1.3280e-01, +8.1302e-02, -5.3363e-02, -7.4216e-02, -2.1005e-01, -2.0332e-03, -7.0760e-02, -2.5031e-02, -9.1645e-02, -5.4323e-02, +6.6554e-02, -6.0906e-02, +5.8957e-02, -2.8303e-02, +7.5456e-02, +1.0278e-01, -7.5170e-02, +2.1975e-02, -5.0195e-02, -2.7181e-02, -1.6124e-01, +1.2139e-01, -3.4887e-02, -8.5513e-02, -6.2037e-02, +4.9220e-02, -9.6036e-02, -3.3205e-02, +3.2239e-02
+3.9842e-02, -1.0214e-01, -6.1062e-02, +2.8349e-02, -1.0000e+00, -1.1671e-01, -8.1081e-03, +9.6532e-03, +3.8425e-02, +4.3590e-02, -2.0367e-01, +2.5683e-02, -6.7577e-02, -8.6932e-02, -1.1719e-01, -2.4989e-02, +3.6005e-02, -7.1103e-02, -7.7082e-02, +2.7897e-02, -2.6454e-02, +3.9033e-02, +4.3251e-02, -5.2773e-02, +9.1017e-02, +2.4862e-03, -1.2558e-01, -1.5351e-01, -9.7780e-02, -1.1635e-01, -3.7375e-02, +7.8730e-02, -8.3961e-02, +4.7247e-02, -4.7523e-02, -9.9576e-02, -3.1431e-04, +7.1690e-02, -4.5272e-02, +4.0600e-02, -6.7952e-02, +9.5765e-02, +3.4693e-02, -2.3381e-02, -8.7888e-02, -1.4702e-01, -9.0093e-02, +2.4227e-01, -3.2678e-02, +5.9440e-02
-3.4305e-02, -9.0887e-02, -5.0853e-02, -7.5786e-02, -1.1671e-01, -1.0000e+00, +3.3319e-02, +1.6037e-02, -1.1639e-03, +3.8006e-02, -1.6434e-01, +1.5557e-01, +9.5477e-03, +1.4403e-03, -1.8453e-01, +2.2858e-03, +2.2557e-02, -6.4723e-02, -9.8250e-02, +5.3292e-03, +2.0622e-03, -3.0916e-02, +6.4037e-03, +1.8542e-03, -8.1104e-02, -3.6025e-02, -1.9917e-01, -9.0813e-03, -1.0543e-01, -5.3677e-02, -4.1861e-02, +1.1850e-01, -4.9070e-02, -1.8127e-02, -1.6133e-02, -1.2376e-01, +3.9602e-02, -6.6355e-02, +6.9762e-03, +2.9127e-02, -1.4148e-02, -2.2480e-02, +4.1795e-02, -6.0225e-02, +6.2224e-03, -5.3008e-02, -1.7266e-01, +2.5476e-02, -3.0515e-02, -4.0077e-02
+5.5753e-02, +4.7284e-03, -1.4975e-02, -3.2028e-02, -8.1081e-03, +3.3319e-02, -1.0000e+00, -4.4195e-02, -3.8652e-02, +8.1296e-03, -1.0524e-01, +2.4369e-03, +3.3171e-02, -4.1261e-02, -1.1540e-02, -1.1851e-01, +9.0668e-02, +8.8975e-02, -4.1074e-02, -2.5552e-02, +2.7160e-02, -9.8933e-02, +1.5241e-01, +2.8716e-02, +6.1986e-03, +4.0723e-02, -6.5350e-02, -4.0906e-02, +1.3259e-02, -1.3099e-02, -1.7450e-02, +3.4408e-02, +4.4647e-02, +1.0147e-01, +5.4851e-02, -8.6764e-02, +2.7072e-02, -4.2014e-02, -5.4951e-02, -2.0387e-02, -6.5378e-02, -1.8897e-02, +6.2521e-02, +1.3167e-02, -3.2726e-02, -7.7696e-02, -8.4532e-02, +6.2700e-03, -4.5173e-02, -5.7167e-02
-1.7184e-02, -4.9753e-02, +1.9563e-01, -5.7021e-02, +9.6532e-03, +1.6037e-02, -4.4195e-02, -1.0000e+00, +1.1039e-02, +2.8521e-02, -1.3293e-01, +6.5921e-02, -6.7401e-02, -8.3292e-02, -1.1533e-01, +3.9852e-02, +4.9774e-02, -2.4058e-02, -6.0956e-02, +2.8189e-02, -9.1286e-03, +1.5294e-02, +7.8808e-02, -6.4476e-03, -7.5243e-02, -1.1095e-01, -6.9653e-02, -7.1255e-02, -7.1160e-02, +3.8913e-02, -2.2846e-02, +2.7216e-02, -1.4724e-02, -2.3892e-03, -2.8343e-02, -3.8945e-02, -8.5417e-02, -4.9753e-02, -2.3227e-04, +2.2494e-02, -4.6559e-02, -5.1113e-02, +1.2864e-02, -1.4416e-01, -1.4912e-01, -8.0313e-02, -1.0199e-01, +1.1894e-02, +2.6963e-02, -2.1488e-02
-2.0612e-01, +1.6347e-02, -3.8705e-02, +7.2535e-02, +3.8425e-02, -1.1639e-03, -3.8652e-02, +1.1039e-02, -1.0000e+00, -5.7435e-02, +7.5110e-02, -4.0317e-02, -3.9037e-02, +2.5575e-02, -6.7072e-02, +3.8940e-02, -2.0349e-01, -3.9491e-02, +8.0522e-03, -4.7811e-02, -4.0959e-02, -6.4495e-02, -1.3096e-01, +6.3716e-03, +8.4890e-02, +3.1499e-02, +4.0226e-02, -9.2613e-02, +7.6408e-03, +5.9449e-02, -2.8789e-02, -7.3094e-02, -9.5306e-02, -6.1327e-02, -8.2654e-03, -3.1786e-02, +1.6527e-01, -3.9444e-02, +8.7916e-02, +2.6877e-03, +3.3857e-02, -3.1825e-02, +1.7902e-02, -1.5762e-01, -2.8685e-02, -3.0087e-02, +2.2382e-02, +1.1149e-01, -8.4369e-02, +5.4739e-02
-1.3963e-03, +4.9854e-02, +1.4335e-01, -9.5691e-04, +4.3590e-02, +3.8006e-02, +8.1296e-03, +2.8521e-02, -5.7435e-02, -1.0000e+00, -1.4209e-01, +2.3605e-02, +4.9429e-02, -1.2150e-01, +1.1636e-01, -1.0808e-01, +1.0633e-01, -1.8612e-02, +3.6790e-02, -2.3920e-02, -3.9183e-03, +5.6539e-02, +1.0895e-01, -1.3887e-01, -2.0681e-03, +6.0332e-02, -4.3050e-02, +6.5248e-02, +5.2551e-02, -6.8988e-03, -5.5739e-02, -1.0512e-01, +1.0987e-01, -1.2729e-01, -1.1024e-02, -1.6762e-03, +4.7337e-02, +1.1850e-02, +4.1430e-02, +4.3815e-02, +7.7484e-02, +3.8336e-02, +6.6805e-02, +1.2178e-02, +3.9721e-02, +1.2598e-01, +7.0487e-02, -2.2703e-02, -3.1356e-03, +1.4092e-02
+3.9962e-02, -8.6857e-02, -6.6743e-02, -1.5466e-01, -2.0367e-01, -1.6434e-01, -1.0524e-01, -1.3293e-01, +7.5110e-02, -1.4209e-01, -1.0000e+00, +3.3942e-02, -7.5975e-02, -1.2973e-01, -1.7668e-01, -1.1077e-01, +9.5853e-02, -1.5743e-02, -1.0293e-01, -1.1346e-02, -1.0115e-01, -1.5299e-02, +2.6968e-01, +3.2280e-02, -7.6536e-02, -8.4414e-02, -2.3527e-01, -1.9876e-01, -1.5389e-01, -1.4059e-01, -1.6340e-01, +1.1427e-01, -6.4738e-02, +4.4251e-02, -3.7099e-03, -3.4650e-02, +2.0005e-02, -1.8531e-01, -1.2286e-01, -1.2059e-01, -5.9102e-02, +1.7106e-01, +1.8746e-01, -1.4595e-02, -1.5581e-01, -1.3864e-02, -1.7498e-01, +1.7744e-01, -2.2359e-02, +1.0448e-02
-1.7612e-01, +4.2291e-02, +1.4761e-01, -9.4201e-02, +2.5683e-02, +1.5557e-01, +2.4369e-03, +6.5921e-02, -4.0317e-02, +2.3605e-02, +3.3942e-02, -1.0000e+00, +3.6809e-02, +1.1399e-01, -4.4189e-02, +1.1436e-01, +1.0044e-01, +1.0250e-01, -6.4352e-02, +1.2454e-02, +7.1264e-03, -6.9867e-02, +1.1672e-01, +4.5699e-02, +5.7730e-02, -7.6402e-02, +7.7862e-02, -8.6788e-02, +1.9028e-02, -5.8942e-02, -5.5251e-02, +1.2251e-01, +5.0633e-02, -4.8318e-02, +2.7936e-02, +1.3797e-01, +1.1275e-01, -5.3954e-02, -6.9819e-03, -1.4596e-02, +2.8451e-02, -1.0890e-01, -3.5168e-02, +1.0209e-01, +6.2465e-03, -3.0545e-02, +1.0164e-02, +1.9371e-01, -8.5435e-02, +6.8962e-02
+1.2544e-01, -6.9708e-02, -1.3056e-02, -3.0509e-02, -6.7577e-02, +9.5477e-03, +3.3171e-02, -6.7401e-02, -3.9037e-02, +4.9429e-02, -7.5975e-02, +3.6809e-02, -1.0000e+00, -1.3350e-01, -4.8593e-02, -8.9637e-02, +9.0805e-02, -1.4305e-02, +3.7962e-02, +3.1222e-02, -6.6283e-02, -5.5311e-02, +1.5078e-01, +5.7891e-02, +3.7915e-03, -8.4989e-02, -4.8746e-02, -7.2781e-02, -4.8560e-02, +1.2289e-02, -1.0192e-01, +1.4218e-01, -3.7760e-02, +3.2638e-02, +3.1779e-02, +2.0629e-03, +1.6167e-01, +5.7027e-02, +1.6208e-02, -2.6404e-02, -1.0408e-02, -1.8542e-02, +4.4239e-02, -8.3951e-02, -2.7689e-01, -6.2979e-02, -6.9036e-02, +1.7014e-02, +4.8366e-02, +1.5854e-02
-2.1780e-02, +7.0601e-02, -5.1492e-02, -3.6840e-02, -8.6932e-02, +1.4403e-03, -4.1261e-02, -8.3292e-02, +2.5575e-02, -1.2150e-01, -1.2973e-01, +1.1399e-01, -1.3350e-01, -1.0000e+00, -7.8402e-02, +1.7642e-01, +2.1081e-01, +5.1276e-03, -1.0169e-01, -3.5954e-02, +2.0803e-02, +3.1702e-02, +1.1554e-01, -9.6315e-02, +6.0171e-03, -1.7052e-02, -6.0822e-03, -1.7733e-01, -1.3756e-01, -1.1641e-02, -2.4105e-01, -1.3178e-01, +4.2830e-02, +2.9129e-03, -1.1796e-02, +2.0999e-02, +8.2532e-02, -3.8785e-02, -2.9948e-02, +1.5313e-02, -9.2034e-02, -8.5256e-02, +1.5803e-01, +2.1323e-01, +5.1419e-03, -6.9389e-02, +2.7376e-02, +2.0430e-01, +6.0481e-04, -1.3743e-02
-1.7453e-01, -1.1405e-01, +5.7398e-03, -8.3774e-02, -1.1719e-01, -1.8453e-01, -1.1540e-02, -1.1533e-01, -6.7072e-02, +1.1636e-01, -1.7668e-01, -4.4189e-02, -4.8593e-02, -7.8402e-02, -1.0000e+00, +1.0908e-01, -6.7167e-02, -9.5980e-02, -1.0955e-01, -6.1369e-02, -4.3830e-02, -1.2968e-02, -2.2472e-02, -2.4935e-02, -2.9507e-02, -9.6823e-02, -1.7941e-01, -1.8205e-01, -1.3920e-01, -5.9170e-02, -2.0232e-01, -2.3283e-02, -3.8670e-02, +9.7789e-02, -4.8606e-02, +6.8217e-02, +4.6660e-02, -7.2276e-02, -4.0625e-02, +2.8913e-02, -9.8923e-02, +6.3814e-02, -3.7410e-03, -4.0027e-02, -8.2858e-02, -9.5712e-02, -7.4702e-02, +2.6762e-01, -4.1626e-02, -3.5338e-02
+2.1636e-01, -8.6587e-02, +1.3393e-01, +8.1646e-02, -2.4989e-02, +2.2858e-03, -1.1851e-01, +3.9852e-02, +3.8940e-02, -1.0808e-01, -1.1077e-01, +1.1436e-01, -8.9637e-02, +1.7642e-01, +1.0908e-01, -1.0000e+00, -5.1954e-03, +2.7471e-01, +7.6587e-02, +5.1344e-02, -9.6481e-02, -1.6131e-01, +2.8638e-03, +3.0204e-02, -7.4642e-02, +8.6887e-02, -6.8053e-02, +5.8366e-02, +5.7897e-02, +5.0842e-02, +1.2404e-01, -5.5239e-02, -3.3408e-02, +4.7877e-01, +9.5922e-03, +1.5806e-01, +2.5346e-01, -7.9427e-03, -5.0639e-02, +1.2001e-02, +2.0519e-01, -2.1917e-02, -2.1573e-01, -2.9893e-01, -1.0475e-01, +1.4189e-02, +3.4235e-02, +1.3564e-01, +1.2878e-01, +1.2238e-01
-9.6816e-03, +9.3617e-04, +1.5479e-02, +1.5986e-01, +3.6005e-02, +2.2557e-02, +9.0668e-02, +4.9774e-02, -2.0349e-01, +1.0633e-01, +9.5853e-02, +1.0044e-01, +9.0805e-02, +2.1081e-01, -6.7167e-02, -5.1954e-03, -1.0000e+00, -2.7277e-01, +1.2556e-01, -2.3400e-02, -3.6947e-02, +7.3220e-02, +1.5830e-01, +1.0404e-01, +4.6188e-02, -9.9609e-03, +5.0291e-02, +7.3031e-03, +4.9572e-02, -3.0277e-02, +1.5900e-01, -2.0367e-01, -8.9902e-02, +1.9188e-01, -3.5807e-02, +2.7942e-02, +3.6174e-04, -4.2973e-03, +7.0556e-02, -1.8384e-02, +7.8950e-02, +5.2756e-02, -1.0009e-01, +2.5281e-02, +1.3209e-01, +1.9396e-01, +1.2006e-01, -8.6699e-03, -2.4161e-02, +5.4411e-02
-8.9050e-02, +4.4962e-02, -2.0309e-01, +2.0785e-02, -7.1103e-02, -6.4723e-02, +8.8975e-02, -2.4058e-02, -3.9491e-02, -1.8612e-02, -1.5743e-02, +1.0250e-01, -1.4305e-02, +5.1275e-03, -9.5980e-02, +2.7471e-01, -2.7277e-01, -1.0000e+00, -6.3201e-02, +1.2191e-03, +6.6099e-02, +5.9243e-02, +2.3081e-01, -2.7051e-02, +3.8261e-02, -4.2233e-02, +1.6146e-02, +5.8259e-02, -6.2056e-02, +2.3550e-02, -5.5140e-02, +1.0823e-01, +6.4753e-02, -1.6663e-01, +3.6390e-02, -8.5952e-02, -3.7463e-02, -6.8725e-03, +1.1821e-01, +1.7632e-03, -1.2680e-01, -1.2306e-01, +1.7330e-01, +5.2599e-02, -2.2739e-02, -1.0699e-01, -1.1103e-01, +1.9237e-01, -6.1288e-02, -9.1325e-02
-4.0487e-02, +4.0401e-02, -2.0726e-02, -3.9588e-02, -7.7082e-02, -9.8250e-02, -4.1074e-02, -6.0956e-02, +8.0522e-03, +3.6790e-02, -1.0293e-01, -6.4352e-02, +3.7962e-02, -1.0169e-01, -1.0955e-01, +7.6587e-02, +1.2556e-01, -6.3201e-02, -1.0000e+00, -3.7321e-02, +4.6776e-02, -9.1934e-02, +2.7842e-02, -1.3804e-01, -5.3638e-02, -8.0768e-02, -1.0648e-01, -1.3097e-01, +8.5034e-03, -1.0158e-01, -1.6597e-01, +1.2233e-01, -3.1715e-02, -7.6129e-02, -5.7960e-02, +1.0063e-03, +6.0424e-02, -1.3017e-01, -3.9776e-02, -1.1081e-02, -9.7631e-02, -5.2821e-02, +5.9780e-02, -2.7138e-02, -1.0195e-01, -1.3169e-01, -2.0946e-01, +9.9224e-02, -5.6589e-02, -6.4971e-02
-9.1601e-03, +2.3631e-02, +3.7551e-03, -6.0011e-03, +2.7897e-02, +5.3292e-03, -2.5552e-02, +2.8189e-02, -4.7811e-02, -2.3920e-02, -1.1346e-02, +1.2454e-02, +3.1222e-02, -3.5954e-02, -6.1369e-02, +5.1344e-02, -2.3400e-02, +1.2191e-03, -3.7321e-02, -1.0000e+00, -3.4341e-02, -9.6284e-02, -6.4606e-02, -1.0671e-01, +1.8411e-02, -6.0292e-03, +4.0308e-02, -2.9515e-02, -3.6832e-02, -3.4219e-02, -5.5908e-02, -6.0763e-02, -2.4967e-02, +1.1942e-01, -5.3954e-02, +1.0599e-01, -4.0412e-03, -4.8969e-02, +5.7488e-02, +3.5963e-02, -3.4604e-02, -4.9626e-02, -4.0374e-02, +1.5447e-01, +3.7981e-02, +6.4331e-02, +2.3610e-02, +3.5657e-02, -1.6209e-02, -2.8335e-02
-4.4597e-03, -1.0420e-01, -2.9097e-03, +5.8603e-03, -2.6454e-02, +2.0622e-03, +2.7160e-02, -9.1286e-03, -4.0959e-02, -3.9183e-03, -1.0115e-01, +7.1264e-03, -6.6283e-02, +2.0803e-02, -4.3830e-02, -9.6481e-02, -3.6947e-02, +6.6099e-02, +4.6776e-02, -3.4341e-02, -1.0000e+00, +3.3434e-02, -6.8042e-02, +3.8917e-02, -3.6042e-03, -3.0095e-02, -2.3785e-02, -5.2271e-02, -6.7493e-02, +2.0383e-03, -1.0963e-01, -2.8705e-02, -1.2753e-01, +7.1305e-02, -1.7543e-02, -1.1508e-01, +9.8865e-02, -3.8591e-02, +4.2407e-03, +1.9089e-02, +1.1568e-02, +5.7546e-02, -6.8199e-04, -1.8985e-01, -9.2630e-02, -2.2086e-02, -2.2636e-02, +6.3103e-02, +4.6779e-02, +2.3160e-02
+3.8778e-02, -2.1309e-03, -1.9498e-02, -1.3280e-01, +3.9033e-02, -3.0916e-02, -9.8933e-02, +1.5294e-02, -6.4495e-02, +5.6539e-02, -1.5299e-02, -6.9867e-02, -5.5311e-02, +3.1702e-02, -1.2968e-02, -1.6131e-01, +7.3220e-02, +5.9243e-02, -9.1934e-02, -9.6284e-02, +3.3434e-02, -1.0000e+00, +2.1089e-02, -1.2419e-01, -9.6559e-02, -6.5979e-02, -6.2593e-02, -1.1758e-01, -9.0390e-03, -2.2162e-02, -1.0519e-01, +4.2300e-02, -1.2700e-01, +1.6269e-01, -2.3035e-02, +4.6960e-02, +2.4342e-01, -9.1992e-02, +1.1446e-01, -3.1948e-02, -3.3201e-02, -1.6148e-01, +1.4344e-01, -6.0561e-03, -1.1532e-01, +3.5357e-02, +4.4520e-03, -3.5521e-02, -8.4883e-02, +5.7782e-02
+1.2572e-02, -3.8335e-02, +1.0287e-01, +8.1302e-02, +4.3251e-02, +6.4037e-03, +1.5241e-01, +7.8808e-02, -1.3096e-01, +1.0895e-01, +2.6968e-01, +1.1672e-01, +1.5078e-01, +1.1554e-01, -2.2472e-02, +2.8638e-03, +1.5830e-01, +2.3081e-01, +2.7842e-02, -6.4606e-02, -6.8042e-02, +2.1089e-02, -1.0000e+00, +5.7943e-03, +6.6988e-02, +4.3754e-02, +3.3323e-02, +7.4355e-02, +1.0491e-01, +5.0735e-02, +2.3807e-02, -2.6305e-01, -7.3665e-02, +2.4826e-02, +2.2838e-02, -4.4142e-02, +6.0712e-02, +2.3593e-02, -4.3249e-03, -3.7315e-02, +1.5678e-02, -3.3732e-02, -2.0107e-01, -1.9923e-01, +1.3547e-01, +9.5559e-02, +2.6878e-02, -9.5266e-03, -2.8809e-02, +1.1129e-01
-3.4866e-02, +8.3312e-03, +3.1852e-02, -5.3363e-02, -5.2773e-02, +1.8542e-03, +2.8716e-02, -6.4476e-03, +6.3715e-03, -1.3887e-01, +3.2280e-02, +4.5699e-02, +5.7891e-02, -9.6315e-02, -2.4935e-02, +3.0204e-02, +1.0404e-01, -2.7051e-02, -1.3804e-01, -1.0671e-01, +3.8917e-02, -1.2419e-01, +5.7943e-03, -1.0000e+00, -2.5260e-02, -9.6992e-02, -1.2107e-01, -1.4151e-01, -5.8077e-02, -7.5313e-02, -1.9233e-01, +6.1309e-02, -1.6079e-03, +8.3890e-02, -8.2844e-02, -1.4719e-01, +2.2675e-02, -6.5116e-02, +2.0044e-02, -1.3878e-02, +7.1891e-03, -1.0246e-01, -2.5763e-02, +6.7774e-02, -6.1263e-02, -1.0409e-01, -1.6500e-01, +6.7015e-02, -5.0342e-02, -3.7606e-02
-6.5873e-02, -7.0883e-02, +5.3436e-02, -7.4216e-02, +9.1017e-02, -8.1104e-02, +6.1986e-03, -7.5243e-02, +8.4890e-02, -2.0681e-03, -7.6536e-02, +5.7730e-02, +3.7915e-03, +6.0171e-03, -2.9507e-02, -7.4642e-02, +4.6188e-02, +3.8261e-02, -5.3638e-02, +1.8411e-02, -3.6042e-03, -9.6559e-02, +6.6988e-02, -2.5260e-02, -1.0000e+00, -8.3456e-02, -5.0497e-02, -1.2177e-01, -2.9028e-02, +4.4886e-02, -6.1164e-02, +4.4082e-02, -3.6536e-02, +7.1228e-02, -4.3297e-02, +1.2003e-01, -4.6236e-02, -3.1470e-02, +3.1844e-02, -2.4792e-02, +6.9043e-03, +1.5978e-02, -3.4467e-02, -1.3747e-01, -9.3749e-02, -5.5669e-02, -4.3811e-02, -3.2362e-02, -3.6978e-02, +5.5026e-03
+4.9528e-03, -2.4733e-02, +3.1910e-02, -2.1005e-01, +2.4862e-03, -3.6024e-02, +4.0723e-02, -1.1095e-01, +3.1499e-02, +6.0332e-02, -8.4414e-02, -7.6402e-02, -8.4989e-02, -1.7052e-02, -9.6823e-02, +8.6887e-02, -9.9609e-03, -4.2233e-02, -8.0768e-02, -6.0292e-03, -3.0095e-02, -6.5979e-02, +4.3754e-02, -9.6992e-02, -8.3456e-02, -1.0000e+00, -8.0843e-02, -7.2349e-03, -1.1459e-01, -7.4146e-02, -1.0891e-01, +7.8964e-02, -4.2296e-02, -1.3522e-02, -4.2631e-02, -5.5109e-02, -8.1286e-02, -8.6495e-02, -2.6690e-02, -7.4947e-03, -8.6202e-02, +1.9941e-02, -2.9967e-02, -6.9991e-02, -1.3290e-01, -5.6028e-03, -9.2388e-02, +1.4971e-01, -5.8242e-02, -1.1170e-02
-1.5125e-02, -9.0962e-02, +5.7163e-02, -2.0332e-03, -1.2558e-01, -1.9917e-01, -6.5350e-02, -6.9653e-02, +4.0226e-02, -4.3050e-02, -2.3527e-01, +7.7862e-02, -4.8746e-02, -6.0822e-03, -1.7941e-01, -6.8053e-02, +5.0291e-02, +1.6146e-02, -1.0648e-01, +4.0308e-02, -2.3785e-02, -6.2593e-02, +3.3323e-02, -1.2107e-01, -5.0497e-02, -8.0843e-02, -1.0000e+00, -1.0132e-01, -2.1894e-01, -1.0571e-01, -1.2496e-01, +1.4846e-01, -1.8296e-02, -3.3201e-02, -3.1055e-02, -1.4030e-01, +1.8387e-02, -1.2517e-01, -6.8858e-02, -1.2317e-03, -1.0127e-01, +8.8690e-02, -7.6813e-03, -1.4776e-01, -1.6822e-01, -1.0096e-01, -2.4848e-01, +7.4050e-02, -2.3136e-02, +1.0985e-02
+1.0183e-03, -7.0017e-02, -1.1402e-03, -7.0760e-02, -1.5351e-01, -9.0813e-03, -4.0906e-02, -7.1255e-02, -9.2613e-02, +6.5248e-02, -1.9876e-01, -8.6788e-02, -7.2781e-02, -1.7733e-01, -1.8205e-01, +5.8366e-02, +7.3031e-03, +5.8259e-02, -1.3097e-01, -2.9515e-02, -5.2271e-02, -1.1758e-01, +7.4355e-02, -1.4151e-01, -1.2177e-01, -7.2349e-03, -1.0132e-01, -1.0000e+00, -1.0920e-01, +1.6986e-02, -2.4024e-01, +4.3887e-02, -9.0336e-02, +1.3415e-01, -1.9232e-02, +2.5562e-02, +1.5729e-01, -1.6525e-01, -5.0522e-02, -3.9749e-02, -7.3013e-02, +3.7669e-02, +5.4393e-02, -5.8281e-02, -1.8463e-01, +1.6976e-02, -7.7993e-02, +1.5165e-01, -1.1583e-01, -7.5228e-02
-5.0727e-02, -7.4734e-02, -2.5663e-02, -2.5031e-02, -9.7780e-02, -1.0543e-01, +1.3259e-02, -7.1160e-02, +7.6408e-03, +5.2551e-02, -1.5389e-01, +1.9028e-02, -4.8560e-02, -1.3756e-01, -1.3920e-01, +5.7897e-02, +4.9572e-02, -6.2056e-02, +8.5034e-03, -3.6832e-02, -6.7493e-02, -9.0390e-03, +1.0491e-01, -5.8077e-02, -2.9028e-02, -1.1459e-01, -2.1894e-01, -1.0920e-01, -1.0000e+00, -6.0214e-02, -2.1111e-01, +1.3697e-02, -6.9060e-02, +7.1600e-02, -8.0209e-02, -4.7290e-02, +8.2016e-02, -1.4247e-01, -7.8705e-02, -6.7603e-02, -7.6622e-02, -1.1465e-02, +5.6720e-02, +1.9856e-02, -7.6573e-02, +1.4729e-02, -1.7966e-01, +1.5060e-01, +5.7115e-03, -2.5454e-02
-4.5150e-02, -5.5094e-02, +2.7453e-02, -9.1645e-02, -1.1635e-01, -5.3677e-02, -1.3099e-02, +3.8913e-02, +5.9449e-02, -6.8988e-03, -1.4059e-01, -5.8942e-02, +1.2289e-02, -1.1641e-02, -5.9170e-02, +5.0842e-02, -3.0277e-02, +2.3550e-02, -1.0158e-01, -3.4218e-02, +2.0383e-03, -2.2162e-02, +5.0735e-02, -7.5313e-02, +4.4886e-02, -7.4146e-02, -1.0571e-01, +1.6986e-02, -6.0214e-02, -1.0000e+00, -6.6789e-02, +6.7624e-02, -4.6204e-02, +1.5939e-01, -1.0090e-01, -3.9846e-02, +2.5515e-02, -5.7230e-02, -8.2453e-02, +6.3659e-02, -1.1830e-01, +3.8024e-02, +2.2395e-02, +2.1112e-01, -7.5245e-03, +1.0441e-01, -9.3011e-02, +4.0356e-02, -4.9978e-02, -2.3388e-02
-6.3914e-02, -1.6642e-01, -3.8561e-02, -5.4323e-02, -3.7375e-02, -4.1861e-02, -1.7450e-02, -2.2846e-02, -2.8789e-02, -5.5739e-02, -1.6340e-01, -5.5251e-02, -1.0192e-01, -2.4105e-01, -2.0232e-01, +1.2404e-01, +1.5900e-01, -5.5140e-02, -1.6597e-01, -5.5908e-02, -1.0963e-01, -1.0519e-01, +2.3807e-02, -1.9233e-01, -6.1164e-02, -1.0891e-01, -1.2496e-01, -2.4024e-01, -2.1111e-01, -6.6789e-02, -1.0000e+00, +2.7655e-02, -5.8057e-02, -3.8165e-02, +5.8685e-02, +9.9978e-02, +8.8984e-02, -1.2874e-01, -5.1692e-02, -4.0814e-02, -1.2799e-01, +1.2892e-01, +6.9846e-02, +5.4365e-02, -1.6991e-01, -1.3972e-01, -1.9166e-01, +2.8048e-01, -4.8470e-02, -9.2280e-02
-5.0017e-03, +7.3489e-03, +8.1719e-02, +6.6554e-02, +7.8730e-02, +1.1850e-01, +3.4408e-02, +2.7216e-02, -7.3094e-02, -1.0512e-01, +1.1427e-01, +1.2251e-01, +1.4218e-01, -1.3178e-01, -2.3283e-02, -5.5239e-02, -2.0367e-01, +1.0823e-01, +1.2233e-01, -6.0763e-02, -2.8705e-02, +4.2300e-02, -2.6305e-01, +6.1309e-02, +4.4082e-02, +7.8964e-02, +1.4846e-01, +4.3887e-02, +1.3697e-02, +6.7624e-02, +2.7655e-02, -1.0000e+00, -9.9753e-02, +1.0518e-01, +3.2263e-02, +3.0152e-01, +1.2284e-01, +1.2042e-01, -3.3750e-02, +5.7746e-02, +9.6994e-02, +1.6973e-01, -5.3623e-02, +7.9618e-02, +1.3111e-01, +9.4133e-02, +7.9080e-02, +6.1900e-02, +5.3560e-02, +1.5396e-01
+1.6191e-01, -9.5300e-02, +6.0632e-02, -6.0906e-02, -8.3961e-02, -4.9070e-02, +4.4647e-02, -1.4724e-02, -9.5306e-02, +1.0987e-01, -6.4738e-02, +5.0633e-02, -3.7760e-02, +4.2830e-02, -3.8670e-02, -3.3408e-02, -8.9902e-02, +6.4753e-02, -3.1715e-02, -2.4967e-02, -1.2753e-01, -1.2700e-01, -7.3665e-02, -1.6078e-03, -3.6536e-02, -4.2296e-02, -1.8296e-02, -9.0336e-02, -6.9060e-02, -4.6204e-02, -5.8057e-02, -9.9753e-02, -1.0000e+00, -1.1916e-01, -3.1041e-02, +1.3959e-01, +1.9226e-01, -7.6783e-02, +3.9510e-02, +1.0082e-01, -8.2471e-02, +2.6843e-01, -2.2372e-02, -2.0814e-02, -1.1542e-01, +1.0023e-01, -1.1024e-01, +1.1120e-02, -1.0332e-02, +7.2365e-02
-4.7171e-02, +8.3989e-02, -1.0118e-01, +5.8957e-02, +4.7247e-02, -1.8127e-02, +1.0147e-01, -2.3892e-03, -6.1327e-02, -1.2729e-01, +4.4251e-02, -4.8318e-02, +3.2638e-02, +2.9129e-03, +9.7789e-02, +4.7877e-01, +1.9188e-01, -1.6663e-01, -7.6129e-02, +1.1942e-01, +7.1305e-02, +1.6269e-01, +2.4826e-02, +8.3891e-02, +7.1228e-02, -1.3522e-02, -3.3201e-02, +1.3415e-01, +7.1600e-02, +1.5939e-01, -3.8165e-02, +1.0518e-01, -1.1916e-01, -1.0000e+00, +1.1234e-01, +1.2921e-01, -2.5454e-01, +3.7669e-02, +1.3033e-01, +3.2182e-02, -1.2532e-01, +3.6989e-01, +7.9536e-02, -3.3850e-02, -4.0192e-02, -5.2672e-02, -9.3834e-02, +3.6803e-02, -3.3152e-02, -7.7126e-02
-4.4599e-02, +2.9971e-03, +1.0102e-01, -2.8303e-02, -4.7523e-02, -1.6133e-02, +5.4851e-02, -2.8343e-02, -8.2654e-03, -1.1024e-02, -3.7098e-03, +2.7936e-02, +3.1779e-02, -1.1796e-02, -4.8606e-02, +9.5922e-03, -3.5807e-02, +3.6390e-02, -5.7960e-02, -5.3954e-02, -1.7543e-02, -2.3035e-02, +2.2838e-02, -8.2844e-02, -4.3297e-02, -4.2631e-02, -3.1055e-02, -1.9232e-02, -8.0209e-02, -1.0090e-01, +5.8685e-02, +3.2263e-02, -3.1041e-02, +1.1234e-01, -1.0000e+00, -5.4336e-02, -4.2010e-02, -1.3567e-02, -3.4368e-03, +2.4441e-02, +6.6776e-04, +1.4539e-02, -4.6107e-02, -2.2860e-02, -1.8017e-02, +8.1991e-03, +3.6311e-03, -2.9968e-02, +7.8443e-03, -2.7869e-02
+7.4009e-02, +2.3920e-02, +8.0544e-03, +7.5456e-02, -9.9576e-02, -1.2376e-01, -8.6764e-02, -3.8945e-02, -3.1786e-02, -1.6762e-03, -3.4650e-02, +1.3797e-01, +2.0629e-03, +2.0999e-02, +6.8217e-02, +1.5806e-01, +2.7942e-02, -8.5952e-02, +1.0063e-03, +1.0599e-01, -1.1508e-01, +4.6960e-02, -4.4142e-02, -1.4719e-01, +1.2003e-01, -5.5109e-02, -1.4030e-01, +2.5562e-02, -4.7290e-02, -3.9846e-02, +9.9978e-02, +3.0152e-01, +1.3959e-01, +1.2921e-01, -5.4336e-02, -1.0000e+00, -4.1749e-02, +5.3887e-02, -1.1352e-01, +4.5699e-03, +6.3338e-02, -2.3829e-01, +2.3547e-01, -2.2664e-01, +5.3396e-02, -6.1600e-02, -3.9826e-02, -3.4660e-01, -4.0516e-02, +1.3002e-01
+8.5271e-02, -3.7302e-03, -1.0023e-01, +1.0278e-01, -3.1431e-04, +3.9602e-02, +2.7072e-02, -8.5417e-02, +1.6527e-01, +4.7337e-02, +2.0005e-02, +1.1275e-01, +1.6167e-01, +8.2532e-02, +4.6660e-02, +2.5346e-01, +3.6174e-04, -3.7463e-02, +6.0424e-02, -4.0412e-03, +9.8865e-02, +2.4342e-01, +6.0712e-02, +2.2675e-02, -4.6236e-02, -8.1286e-02, +1.8387e-02, +1.5729e-01, +8.2016e-02, +2.5515e-02, +8.8984e-02, +1.2284e-01, +1.9226e-01, -2.5454e-01, -4.2010e-02, -4.1749e-02, -1.0000e+00, +4.6215e-02, -3.7825e-02, -2.9627e-02, +9.4659e-03, +2.3336e-01, -3.6596e-02, -3.9852e-02, +1.7254e-02, -4.0071e-02, -4.1208e-02, +8.7664e-02, +4.6916e-02, +7.1675e-02
-3.5386e-02, -2.5765e-03, +5.0885e-02, -7.5170e-02, +7.1690e-02, -6.6355e-02, -4.2014e-02, -4.9753e-02, -3.9444e-02, +1.1850e-02, -1.8531e-01, -5.3954e-02, +5.7027e-02, -3.8785e-02, -7.2276e-02, -7.9427e-03, -4.2974e-03, -6.8725e-03, -1.3017e-01, -4.8969e-02, -3.8591e-02, -9.1992e-02, +2.3593e-02, -6.5116e-02, -3.1470e-02, -8.6495e-02, -1.2517e-01, -1.6525e-01, -1.4247e-01, -5.7230e-02, -1.2874e-01, +1.2042e-01, -7.6783e-02, +3.7669e-02, -1.3567e-02, +5.3887e-02, +4.6215e-02, -1.0000e+00, -4.5231e-02, -5.3351e-03, -1.4018e-01, +1.2570e-02, -1.8884e-02, +4.9789e-02, -6.2341e-02, +1.2425e-02, -1.2969e-01, +1.4752e-01, -5.1167e-02, -6.9891e-02
+3.2215e-02, -1.6860e-02, +1.5197e-02, +2.1975e-02, -4.5272e-02, +6.9762e-03, -5.4951e-02, -2.3227e-04, +8.7916e-02, +4.1430e-02, -1.2286e-01, -6.9819e-03, +1.6208e-02, -2.9948e-02, -4.0625e-02, -5.0639e-02, +7.0556e-02, +1.1821e-01, -3.9776e-02, +5.7488e-02, +4.2407e-03, +1.1446e-01, -4.3249e-03, +2.0044e-02, +3.1844e-02, -2.6690e-02, -6.8858e-02, -5.0522e-02, -7.8705e-02, -8.2453e-02, -5.1692e-02, -3.3750e-02, +3.9510e-02, +1.3033e-01, -3.4368e-03, -1.1352e-01, -3.7825e-02, -4.5231e-02, -1.0000e+00, +2.3491e-03, -3.1398e-02, +1.4515e-01, -8.9552e-03, +1.3611e-01, +4.6106e-02, +3.9590e-02, -1.0116e-01, +6.3099e-02, +9.7880e-02, +3.3960e-03
-4.8583e-04, +3.9819e-03, -4.8044e-02, -5.0195e-02, +4.0600e-02, +2.9127e-02, -2.0387e-02, +2.2494e-02, +2.6877e-03, +4.3815e-02, -1.2059e-01, -1.4596e-02, -2.6404e-02, +1.5313e-02, +2.8913e-02, +1.2001e-02, -1.8384e-02, +1.7632e-03, -1.1081e-02, +3.5963e-02, +1.9089e-02, -3.1948e-02, -3.7315e-02, -1.3878e-02, -2.4792e-02, -7.4947e-03, -1.2317e-03, -3.9749e-02, -6.7603e-02, +6.3659e-02, -4.0814e-02, +5.7746e-02, +1.0082e-01, +3.2182e-02, +2.4441e-02, +4.5699e-03, -2.9627e-02, -5.3352e-03, +2.3491e-03, -1.0000e+00, +4.6591e-02, +3.0369e-02, -3.1875e-02, +4.8402e-02, +5.9422e-02, -2.7427e-02, -3.0431e-02, +5.2788e-03, +2.3667e-02, +8.3237e-02
-7.2560e-02, +3.1160e-02, -6.7738e-02, -2.7181e-02, -6.7952e-02, -1.4148e-02, -6.5378e-02, -4.6559e-02, +3.3857e-02, +7.7484e-02, -5.9102e-02, +2.8451e-02, -1.0408e-02, -9.2034e-02, -9.8923e-02, +2.0519e-01, +7.8950e-02, -1.2680e-01, -9.7631e-02, -3.4604e-02, +1.1568e-02, -3.3201e-02, +1.5678e-02, +7.1891e-03, +6.9043e-03, -8.6202e-02, -1.0127e-01, -7.3013e-02, -7.6622e-02, -1.1830e-01, -1.2799e-01, +9.6994e-02, -8.2471e-02, -1.2532e-01, +6.6777e-04, +6.3338e-02, +9.4659e-03, -1.4018e-01, -3.1398e-02, +4.6591e-02, -1.0000e+00, -4.5548e-02, -1.1123e-02, +1.2247e-01, -7.0806e-02, +3.7384e-02, -1.1580e-01, +1.3102e-01, -4.2334e-02, -1.0764e-01
-1.1053e-01, +2.2970e-01, -5.0812e-02, -1.6124e-01, +9.5765e-02, -2.2480e-02, -1.8897e-02, -5.1113e-02, -3.1825e-02, +3.8336e-02, +1.7106e-01, -1.0890e-01, -1.8542e-02, -8.5256e-02, +6.3814e-02, -2.1917e-02, +5.2756e-02, -1.2306e-01, -5.2821e-02, -4.9626e-02, +5.7546e-02, -1.6148e-01, -3.3732e-02, -1.0246e-01, +1.5978e-02, +1.9941e-02, +8.8690e-02, +3.7669e-02, -1.1465e-02, +3.8024e-02, +1.2892e-01, +1.6973e-01, +2.6843e-01, +3.6989e-01, +1.4539e-02, -2.3829e-01, +2.3336e-01, +1.2570e-02, +1.4515e-01, +3.0369e-02, -4.5548e-02, -1.0000e+00, +8.7653e-02, -1.5398e-02, +4.5698e-02, -2.0369e-02, +9.1371e-02, -6.0818e-02, -1.2567e-01, -1.0081e-01
-5.1735e-02, -6.5120e-03, +4.1909e-01, +1.2139e-01, +3.4693e-02, +4.1795e-02, +6.2521e-02, +1.2864e-02, +1.7902e-02, +6.6805e-02, +1.8746e-01, -3.5168e-02, +4.4239e-02, +1.5803e-01, -3.7410e-03, -2.1573e-01, -1.0009e-01, +1.7330e-01, +5.9780e-02, -4.0374e-02, -6.8200e-04, +1.4344e-01, -2.0107e-01, -2.5763e-02, -3.4467e-02, -2.9967e-02, -7.6813e-03, +5.4393e-02, +5.6720e-02, +2.2395e-02, +6.9846e-02, -5.3623e-02, -2.2372e-02, +7.9536e-02, -4.6107e-02, +2.3547e-01, -3.6596e-02, -1.8884e-02, -8.9552e-03, -3.1875e-02, -1.1123e-02, +8.7653e-02, -1.0000e+00, -2.9659e-03, -3.6177e-03, +5.8144e-02, -1.8632e-02, +1.8338e-01, +8.5798e-02, -7.0805e-03
+5.3413e-02, -1.1546e-01, +9.2955e-02, -3.4887e-02, -2.3381e-02, -6.0224e-02, +1.3167e-02, -1.4416e-01, -1.5762e-01, +1.2178e-02, -1.4595e-02, +1.0209e-01, -8.3951e-02, +2.1323e-01, -4.0027e-02, -2.9893e-01, +2.5281e-02, +5.2599e-02, -2.7138e-02, +1.5447e-01, -1.8985e-01, -6.0561e-03, -1.9923e-01, +6.7774e-02, -1.3747e-01, -6.9991e-02, -1.4776e-01, -5.8281e-02, +1.9856e-02, +2.1112e-01, +5.4365e-02, +7.9618e-02, -2.0814e-02, -3.3850e-02, -2.2860e-02, -2.2664e-01, -3.9852e-02, +4.9789e-02, +1.3611e-01, +4.8402e-02, +1.2247e-01, -1.5398e-02, -2.9659e-03, -1.0000e+00, -2.5760e-01, -9.8671e-02, -7.3565e-03, -6.9758e-02, +4.7778e-02, +1.3980e-01
-2.2238e-02, -5.6780e-02, +8.9091e-02, -8.5513e-02, -8.7888e-02, +6.2224e-03, -3.2726e-02, -1.4912e-01, -2.8685e-02, +3.9721e-02, -1.5581e-01, +6.2465e-03, -2.7689e-01, +5.1419e-03, -8.2858e-02, -1.0475e-01, +1.3209e-01, -2.2739e-02, -1.0195e-01, +3.7981e-02, -9.2630e-02, -1.1532e-01, +1.3547e-01, -6.1263e-02, -9.3749e-02, -1.3290e-01, -1.6822e-01, -1.8463e-01, -7.6573e-02, -7.5245e-03, -1.6991e-01, +1.3111e-01, -1.1542e-01, -4.0192e-02, -1.8017e-02, +5.3396e-02, +1.7254e-02, -6.2341e-02, +4.6106e-02, +5.9422e-02, -7.0806e-02, +4.5698e-02, -3.6177e-03, -2.5760e-01, -1.0000e+00, -5.5301e-02, -1.2883e-01, +1.1189e-01, +4.0909e-02, -2.4524e-02
-1.6482e-01, -1.1967e-01, -1.2541e-01, -6.2037e-02, -1.4702e-01, -5.3008e-02, -7.7696e-02, -8.0313e-02, -3.0087e-02, +1.2598e-01, -1.3864e-02, -3.0545e-02, -6.2979e-02, -6.9389e-02, -9.5712e-02, +1.4189e-02, +1.9396e-01, -1.0699e-01, -1.3169e-01, +6.4331e-02, -2.2086e-02, +3.5357e-02, +9.5559e-02, -1.0409e-01, -5.5669e-02, -5.6028e-03, -1.0096e-01, +1.6976e-02, +1.4729e-02, +1.0441e-01, -1.3972e-01, +9.4133e-02, +1.0023e-01, -5.2672e-02, +8.1991e-03, -6.1600e-02, -4.0071e-02, +1.2425e-02, +3.9590e-02, -2.7427e-02, +3.7384e-02, -2.0369e-02, +5.8144e-02, -9.8671e-02, -5.5301e-02, -1.0000e+00, -1.1787e-01, +1.6362e-01, +8.3746e-02, -1.9652e-02
-9.8341e-02, -3.3435e-02, -3.6257e-02, +4.9220e-02, -9.0093e-02, -1.7266e-01, -8.4532e-02, -1.0199e-01, +2.2382e-02, +7.0487e-02, -1.7498e-01, +1.0164e-02, -6.9036e-02, +2.7376e-02, -7.4702e-02, +3.4235e-02, +1.2006e-01, -1.1103e-01, -2.0946e-01, +2.3610e-02, -2.2636e-02, +4.4520e-03, +2.6878e-02, -1.6500e-01, -4.3811e-02, -9.2388e-02, -2.4848e-01, -7.7993e-02, -1.7966e-01, -9.3011e-02, -1.9166e-01, +7.9080e-02, -1.1024e-01, -9.3834e-02, +3.6311e-03, -3.9826e-02, -4.1208e-02, -1.2969e-01, -1.0116e-01, -3.0431e-02, -1.1580e-01, +9.1371e-02, -1.8632e-02, -7.3565e-03, -1.2883e-01, -1.1787e-01, -1.0000e+00, +1.9066e-01, -5.1353e-02, -4.1961e-02
+1.5557e-01, +1.0875e-01, +2.9722e-01, -9.6036e-02, +2.4227e-01, +2.5476e-02, +6.2699e-03, +1.1894e-02, +1.1149e-01, -2.2703e-02, +1.7744e-01, +1.9371e-01, +1.7014e-02, +2.0430e-01, +2.6762e-01, +1.3564e-01, -8.6699e-03, +1.9237e-01, +9.9224e-02, +3.5657e-02, +6.3103e-02, -3.5521e-02, -9.5267e-03, +6.7015e-02, -3.2362e-02, +1.4971e-01, +7.4050e-02, +1.5165e-01, +1.5060e-01, +4.0356e-02, +2.8048e-01, +6.1900e-02, +1.1120e-02, +3.6803e-02, -2.9968e-02, -3.4660e-01, +8.7665e-02, +1.4752e-01, +6.3099e-02, +5.2788e-03, +1.3102e-01, -6.0818e-02, +1.8338e-01, -6.9758e-02, +1.1189e-01, +1.6362e-01, +1.9066e-01, -1.0000e+00, +6.9244e-02, +1.4332e-01
-9.2326e-03, +9.1086e-02, -1.2699e-01, -3.3205e-02, -3.2678e-02, -3.0515e-02, -4.5173e-02, +2.6963e-02, -8.4369e-02, -3.1356e-03, -2.2359e-02, -8.5435e-02, +4.8366e-02, +6.0481e-04, -4.1626e-02, +1.2878e-01, -2.4161e-02, -6.1288e-02, -5.6589e-02, -1.6209e-02, +4.6779e-02, -8.4883e-02, -2.8809e-02, -5.0342e-02, -3.6978e-02, -5.8242e-02, -2.3136e-02, -1.1583e-01, +5.7115e-03, -4.9978e-02, -4.8470e-02, +5.3560e-02, -1.0332e-02, -3.3152e-02, +7.8443e-03, -4.0516e-02, +4.6916e-02, -5.1167e-02, +9.7880e-02, +2.3667e-02, -4.2334e-02, -1.2567e-01, +8.5798e-02, +4.7778e-02, +4.0909e-02, +8.3746e-02, -5.1353e-02, +6.9244e-02, -1.0000e+00, +2.7865e-02
-7.8960e-02, +6.2729e-02, -3.1701e-02, +3.2239e-02, +5.9440e-02, -4.0077e-02, -5.7167e-02, -2.1488e-02, +5.4739e-02, +1.4092e-02, +1.0448e-02, +6.8962e-02, +1.5854e-02, -1.3743e-02, -3.5338e-02, +1.2238e-01, +5.4411e-02, -9.1325e-02, -6.4971e-02, -2.8335e-02, +2.3160e-02, +5.7782e-02, +1.1129e-01, -3.7606e-02, +5.5025e-03, -1.1170e-02, +1.0985e-02, -7.5228e-02, -2.5454e-02, -2.3388e-02, -9.2280e-02, +1.5396e-01, +7.2365e-02, -7.7126e-02, -2.7869e-02, +1.3002e-01, +7.1675e-02, -6.9891e-02, +3.3960e-03, +8.3237e-02, -1.0764e-01, -1.0081e-01, -7.0805e-03, +1.3980e-01, -2.4524e-02, -1.9652e-02, -4.1961e-02, +1.4332e-01, +2.7865e-02, -1.0000e+00
