-1.0000e+00, -6.3832e-02, -1.5676e-01, -8.7091e-02, -2.5523e-02, -1.2535e-01, -2.6173e-02, -3.0199e-02, -7.3123e-02, +6.8050e-02, -9.9190e-02, -2.7520e-02, +8.5386e-02, -8.5313e-02, -1.9954e-02, +1.0168e-01, +1.4408e-01, -1.7716e-01, -8.8263e-02, -1.4232e-01, +8.5417e-02, -4.0609e-02, +3.4218e-02, -1.0230e-01, -4.1324e-02, -1.8936e-01, -3.5529e-02, -3.6188e-02, -1.4028e-01, -9.2497e-02, -6.8249e-02, +9.1102e-02, +5.2255e-02, +6.5095e-02, -1.4277e-01, -2.1765e-02, +8.8818e-02, -8.8602e-02, +1.5112e-02, -6.8149e-02, -4.0576e-02, -2.0907e-02, +1.1510e-02, +2.7654e-03, -1.6845e-01, -6.6675e-02, -1.1125e-01, +2.4923e-01, -6.8940e-02, +5.4934e-04
-6.3832e-02, -1.0000e+00, -9.3023e-02, -1.5965e-01, -4.8051e-02, -1.4239e-01, +1.1563e-01, -2.3058e-02, +2.5066e-02, +1.3222e-01, -4.1046e-02, -3.3352e-02, +5.0283e-02, -6.6026e-02, -5.5340e-02, +5.7049e-02, -1.2010e-02, -4.7830e-02, -1.4405e-01, -4.5081e-02, -3.0266e-02, -1.1759e-01, -2.4251e-02, -2.1661e-03, -4.5253e-02, -1.2684e-02, -7.8586e-02, -1.2262e-01, -9.0262e-02, -1.9805e-02, +5.4753e-02, +1.2926e-01, +2.2842e-02, -1.7398e-01, -7.9410e-02, +2.4173e-02, +9.3162e-02, -1.4036e-01, -5.7277e-02, +3.0765e-02, -3.0518e-02, +3.2615e-02, +3.1565e-03, -2.7793e-02, -9.9862e-02, -1.6573e-01, -1.2737e-01, +2.6725e-02, -4.5609e-02, -9.5961e-02
-1.5676e-01, -9.3023e-02, -1.0000e+00, -4.9264e-01, -2.8694e-01, -1.7254e-01, +3.3453e-01, +3.8884e-02, +7.2853e-02, +2.1648e-02, -3.4132e-01, +1.7393e-01, +2.8735e-02, +6.1233e-02, +1.7529e-01, +2.9849e-01, +4.7212e-02, -4.9286e-02, -1.2230e-01, -5.8513e-02, +2.0329e-03, -1.1377e-01, +5.3794e-02, -3.0011e-01, +8.5532e-03, -3.5120e-01, -2.7411e-01, -3.0818e-01, -1.0733e-01, -1.8637e-01, +1.7167e-01, +8.2173e-02, +1.1067e-01, +2.4980e-02, -8.0580e-02, -9.4529e-02, -1.5789e-01, +5.3564e-02, +7.1401e-03, -7.2003e-02, -8.8322e-02, +1.6803e-01, -1.1148e-01, -2.4653e-01, -3.4075e-01, -1.2120e-01, +4.6796e-02, -1.3494e-01, -4.4009e-02, -2.8743e-01
-8.7091e-02, -1.5965e-01, -4.9264e-01, -1.0000e+00, -1.7211e-01, -2.2534e-01, +1.5612e-01, -1.0186e-03, +1.2281e-01, +9.3114e-02, -3.3171e-01, +9.9415e-03, +1.1120e-03, -3.6122e-02, +3.2858e-02, +2.4541e-01, +6.5728e-02, -5.9092e-02, -1.2661e-01, -1.7633e-01, -3.7577e-02, -1.6902e-01, +7.5577e-02, -2.6088e-01, -4.6715e-02, -3.3479e-01, -1.0229e-01, -1.9398e-01, -9.0010e-02, -1.9112e-01, -4.7549e-02, +4.2362e-02, -3.0842e-02, +2.0332e-02, -9.8546e-02, +2.9865e-02, +1.1084e-01, -9.3279e-02, -1.4417e-01, +4.2934e-02, -1.1456e-01, +7.7692e-02, -1.3269e-01, -1.1834e-01, -2.9756e-01, -1.2990e-01, -1.7272e-01, +1.2433e-01, -1.2590e-01, -1.9313e-01
-2.5523e-02, -4.8051e-02, -2.8694e-01, -1.7211e-01, -1.0000e+00, -5.6743e-02, +7.4539e-02, +4.2331e-03, +4.0032e-02, +5.8848e-02, -1.0353e-01, -9.8657e-02, -8.3947e-02, +5.3718e-02, +9.4220e-02, +2.3652e-02, -1.7761e-02, +1.0111e-01, +7.7313e-02, -1.2453e-01, -9.9158e-02, -1.4371e-02, +1.3277e-01, -1.2546e-01, +4.2787e-03, -4.4241e-02, -7.6079e-02, -1.6421e-01, -7.4079e-02, -1.4564e-01, +9.4703e-02, -6.4963e-02, +6.3322e-02, +8.2083e-02, +4.7606e-02, +5.0555e-02, -1.2233e-01, +4.5299e-02, -1.5631e-02, -1.1769e-02, +1.1102e-02, -6.2415e-02, +6.4993e-02, -4.5130e-02, -2.8826e-01, -6.5991e-02, +4.0531e-02, +1.7149e-01, -1.4163e-03, -6.2488e-02
-1.2535e-01, -1.4239e-01, -1.7254e-01, -2.2534e-01, -5.6743e-02, -1.0000e+00, +2.2658e-02, +3.7026e-03, +6.0551e-02, +1.9705e-02, -2.7673e-01, -1.1747e-01, +9.3767e-03, -7.3263e-03, -6.8032e-02, +2.2312e-01, +3.7829e-02, -9.0392e-02, -1.4185e-01, -6.8728e-02, +8.1258e-03, +5.9551e-02, +1.5583e-01, -1.0081e-01, -8.1652e-02, -5.5421e-02, -1.3071e-01, -1.4148e-01, -1.3864e-01, -6.9909e-02, -2.4596e-02, +1.1930e-01, +4.7055e-02, -1.4034e-01, +1.7509e-02, -5.6425e-02, +4.8639e-02, -1.8998e-01, +9.6722e-03, +8.0891e-03, -7.3839e-02, -1.3735e-01, -1.5627e-03, +2.3365e-02, -9.5021e-02, -4.5140e-02, -1.4727e-01, +1.5662e-02, -1.2676e-01, +3.0913e-02
-2.6173e-02, +1.1563e-01, +3.3453e-01, +1.5612e-01, +7.4539e-02, +2.2658e-02, -1.0000e+00, -4.4286e-01, +6.6437e-02, +7.7418e-03, -2.1246e-02, +4.2623e-02, -5.8668e-02, +3.4645e-01, +2.5125e-02, +9.5440e-03, -6.2663e-03, -4.9450e-02, +1.2099e-02, +4.2332e-02, +1.2687e-01, +1.2842e-01, +3.2715e-01, +2.1755e-01, +6.0560e-02, +1.3385e-01, +1.1309e-01, +1.0799e-01, +6.1835e-02, +1.7255e-01, -1.1088e-01, -1.8003e-02, -7.7131e-02, -8.3160e-02, +1.8029e-02, +9.1542e-02, -1.6910e-02, -6.5211e-02, -7.1028e-02, -2.9520e-02, +5.5697e-02, +2.3390e-02, +3.6625e-02, +2.0258e-01, +1.8867e-02, +8.9056e-02, +1.9708e-01, +1.3501e-01, -3.9321e-02, +4.5705e-02
-3.0199e-02, -2.3058e-02, +3.8884e-02, -1.0186e-03, +4.2331e-03, +3.7026e-03, -4.4286e-01, -1.0000e+00, +4.8695e-02, +8.6202e-02, -9.2818e-02, +2.9436e-02, -2.1092e-03, +4.0149e-01, -4.5095e-02, +1.6207e-01, -9.8666e-02, -3.9125e-02, +1.0772e-02, -3.1392e-02, +1.0403e-01, -1.2293e-01, +2.5348e-01, +2.0720e-01, +5.1565e-02, +1.6912e-01, +2.3820e-02, +3.5632e-02, -3.9314e-03, +1.0724e-01, -1.6214e-01, +1.4593e-02, -2.0148e-02, -2.9655e-03, +4.5598e-02, +1.1861e-01, -1.4010e-02, -1.2776e-01, -6.9368e-02, -1.9873e-02, -6.4973e-03, +2.4804e-01, -8.7879e-03, -3.7237e-02, -6.2744e-02, +7.6579e-02, +7.6499e-02, +1.4823e-01, -9.2181e-02, -1.3411e-01
-7.3124e-02, +2.5066e-02, +7.2853e-02, +1.2281e-01, +4.0032e-02, +6.0551e-02, +6.6437e-02, +4.8695e-02, -1.0000e+00, +5.6917e-03, +9.6995e-02, -8.4794e-02, +7.1238e-03, -6.9209e-02, +2.1840e-02, -6.6692e-02, -4.4267e-02, -2.7733e-02, -1.7898e-02, +3.2979e-02, -3.0513e-02, +1.5873e-03, -3.3510e-02, +8.3732e-02, +4.2805e-02, +7.8365e-02, +8.0172e-03, +1.2390e-03, -4.6407e-02, +2.3840e-02, +1.2246e-02, -3.5480e-02, +7.7992e-03, +1.0888e-01, +2.3131e-02, -3.6048e-02, -6.0502e-02, -6.6751e-02, +3.2646e-02, -7.9327e-02, +3.7649e-02, +3.9816e-02, +4.1997e-02, -5.6809e-02, -4.2662e-02, -2.7724e-02, -6.9854e-03, +9.0117e-02, -1.5121e-02, +5.1400e-02
+6.8050e-02, +1.3222e-01, +2.1648e-02, +9.3114e-02, +5.8848e-02, +1.9705e-02, +7.7418e-03, +8.6202e-02, +5.6917e-03, -1.0000e+00, -1.5103e-01, +1.9732e-01, +4.4550e-02, -2.0541e-02, +8.9056e-02, -4.1316e-02, +1.4440e-01, +4.3090e-02, +6.4781e-03, -8.2704e-02, -3.5149e-02, -7.2761e-02, +1.0180e-01, -1.3292e-01, +1.5136e-02, +7.1917e-02, -3.9826e-02, +7.7693e-02, +2.9209e-02, +1.8085e-02, -6.7019e-02, -1.3059e-02, +4.5560e-03, -3.5264e-02, +5.4696e-03, +1.5723e-02, +5.4770e-02, +8.0486e-02, +6.6114e-02, +2.7838e-02, +8.4103e-02, +1.6054e-02, +3.3136e-02, -4.2686e-02, +4.6530e-02, +8.6228e-02, +1.8091e-01, +1.7518e-03, +1.0651e-01, +5.8816e-02
-9.9190e-02, -4.1046e-02, -3.4132e-01, -3.3171e-01, -1.0353e-01, -2.7673e-01, -2.1246e-02, -9.2818e-02, +9.6995e-02, -1.5103e-01, -1.0000e+00, -3.5886e-02, -2.7926e-02, +3.6302e-02, -4.5814e-02, +2.9006e-01, +1.4973e-01, -1.3101e-01, -2.0016e-01, -1.9446e-01, +1.4175e-01, +9.7904e-03, +3.2946e-01, -1.5165e-01, +6.9445e-03, -2.2745e-01, -2.5252e-01, -2.0459e-01, -1.7572e-01, -1.9366e-01, -1.1484e-01, +7.8742e-02, +7.9988e-02, -4.3315e-02, +3.5531e-04, +3.9280e-02, +3.8470e-02, -1.6672e-02, -4.6849e-03, -9.8829e-03, -5.7058e-02, +1.3842e-01, -2.3381e-02, -5.9437e-02, -2.6750e-01, +1.0839e-02, -1.4571e-01, +8.5172e-02, -6.9206e-02, -1.1119e-01
-2.7520e-02, -3.3352e-02, +1.7393e-01, +9.9415e-03, -9.8657e-02, -1.1747e-01, +4.2623e-02, +2.9436e-02, -8.4794e-02, +1.9732e-01, -3.5886e-02, -1.0000e+00, -7.7254e-02, -4.3411e-02, -8.5949e-02, -8.5279e-02, +6.1277e-02, -1.0018e-01, -5.8565e-03, -1.0609e-01, +1.2577e-01, +1.0596e-01, -1.6715e-02, +1.1198e-01, +4.3841e-03, +1.0163e-01, -3.3821e-02, -2.2825e-02, +1.1361e-02, +3.9163e-02, -9.9676e-02, -1.6085e-01, -4.3435e-02, +3.9850e-01, +1.4919e-01, +9.6768e-02, -7.1189e-02, -1.5106e-01, +1.3847e-02, +1.0066e-02, -2.2927e-03, +9.9298e-02, +2.3219e-01, -7.7153e-02, -1.6255e-01, -1.1849e-02, -1.6927e-01, +4.0922e-01, -6.8612e-02, -1.9426e-03
+8.5386e-02, +5.0283e-02, +2.8735e-02, +1.1120e-03, -8.3947e-02, +9.3767e-03, -5.8668e-02, -2.1092e-03, +7.1238e-03, +4.4550e-02, -2.7926e-02, -7.7254e-02, -1.0000e+00, +7.0069e-03, -5.2088e-02, +5.8479e-03, -3.2112e-02, +3.9714e-02, +1.7388e-02, -1.1769e-01, -8.3563e-02, +7.0403e-02, +1.0500e-01, +8.2743e-02, +1.1699e-01, -7.6347e-02, +6.4498e-02, +3.1726e-02, +1.2908e-02, -2.2900e-02, +3.0942e-02, -2.7359e-02, +5.8176e-02, -5.2546e-02, -5.7300e-03, -5.1350e-02, +9.9976e-02, +2.9823e-02, -3.8555e-02, +1.3891e-01, +5.2792e-03, +4.2507e-02, +3.6922e-02, -9.1041e-02, -8.6682e-02, +3.7451e-03, +1.1918e-03, -6.1635e-02, +1.1165e-02, +2.3872e-02
-8.5313e-02, -6.6026e-02, +6.1233e-02, -3.6122e-02, +5.3718e-02, -7.3263e-03, +3.4645e-01, +4.0149e-01, -6.9209e-02, -2.0541e-02, +3.6302e-02, -4.3411e-02, +7.0069e-03, -1.0000e+00, +2.4039e-03, +9.2860e-02, +1.2589e-01, -5.9377e-02, -4.0342e-02, -9.9128e-03, -9.4944e-02, +5.0417e-02, +5.7414e-02, -4.8062e-03, -4.4094e-02, -1.1019e-01, +2.1821e-02, -3.7198e-02, -9.3013e-02, -9.3066e-02, -3.5849e-02, +6.9466e-02, +1.2848e-02, -1.1892e-01, -3.4208e-02, -7.8544e-02, +2.1443e-01, +3.8340e-02, +2.9515e-02, -3.9642e-02, -8.8341e-02, +7.4161e-02, +2.9633e-02, +1.0044e-01, -7.8336e-03, -8.6735e-03, -2.4109e-01, +7.5890e-02, -1.8411e-01, +1.8266e-01
-1.9954e-02, -5.5340e-02, +1.7529e-01, +3.2858e-02, +9.4220e-02, -6.8032e-02, +2.5125e-02, -4.5095e-02, +2.1840e-02, +8.9056e-02, -4.5814e-02, -8.5949e-02, -5.2088e-02, +2.4039e-03, -1.0000e+00, -7.8705e-02, +7.3298e-02, -6.0901e-02, -6.3444e-02, -2.1465e-01, +4.9791e-02, -1.1968e-02, -1.0868e-01, +1.4054e-01, +5.7879e-02, +9.1294e-02, +3.3997e-02, +3.5411e-02, -4.1465e-02, -1.4754e-02, -3.4284e-03, +3.0431e-02, -2.2066e-02, +1.4932e-01, +5.4896e-02, +3.6726e-02, +1.6711e-01, +6.0260e-02, -3.6412e-02, +8.8202e-02, -4.5926e-02, +1.6349e-02, -8.9662e-03, -2.0692e-02, +3.6396e-02, +9.9060e-02, +1.7850e-03, +1.6384e-01, +1.1887e-02, +1.4961e-02
+1.0168e-01, +5.7049e-02, +2.9849e-01, +2.4541e-01, +2.3652e-02, +2.2312e-01, +9.5440e-03, +1.6207e-01, -6.6692e-02, -4.1316e-02, +2.9006e-01, -8.5279e-02, +5.8479e-03, +9.2860e-02, -7.8705e-02, -1.0000e+00, -6.4619e-02, +7.4288e-02, +5.8352e-02, +1.0261e-01, +5.0881e-02, +1.8152e-02, +2.3086e-02, +9.1373e-02, +8.9937e-03, +1.4551e-01, +1.2739e-01, +2.5191e-02, +1.0791e-01, +8.4651e-03, +8.7050e-02, +1.5773e-01, -3.9681e-02, +3.1681e-01, -1.6728e-02, +1.1575e-01, -6.4240e-02, +1.6813e-01, +8.1411e-03, +1.1055e-01, +1.1409e-01, +5.6797e-02, -1.7308e-02, +8.2659e-03, +4.9408e-02, +4.1618e-02, -8.0669e-03, +1.6432e-01, +2.0927e-01, +5.4254e-02
+1.4408e-01, -1.2010e-02, +4.7212e-02, +6.5728e-02, -1.7761e-02, +3.7829e-02, -6.2663e-03, -9.8666e-02, -4.4267e-02, +1.4440e-01, +1.4973e-01, +6.1277e-02, -3.2112e-02, +1.2589e-01, +7.3298e-02, -6.4619e-02, -1.0000e+00, +6.3870e-02, +9.7775e-02, +7.8158e-02, -4.3574e-02, -1.4244e-02, +5.6338e-02, +1.5106e-01, +3.1899e-02, +5.7733e-02, +7.2235e-02, +9.4623e-02, +7.9746e-02, +7.1156e-02, +6.2817e-02, +2.2619e-02, -8.8771e-02, -4.7530e-02, -3.9790e-02, -1.5803e-01, -5.0603e-02, -7.1202e-02, +6.8990e-03, +9.3198e-02, +7.6047e-02, -1.3358e-01, -1.4336e-01, +1.0447e-02, +1.3958e-01, +5.1282e-02, +1.1778e-01, -1.1378e-01, +4.5988e-02, +2.1666e-02
-1.7716e-01, -4.7830e-02, -4.9286e-02, -5.9092e-02, +1.0111e-01, -9.0392e-02, -4.9450e-02, -3.9124e-02, -2.7733e-02, +4.3090e-02, -1.3101e-01, -1.0018e-01, +3.9714e-02, -5.9377e-02, -6.0901e-02, +7.4288e-02, +6.3870e-02, -1.0000e+00, -8.1537e-02, -6.3757e-02, +1.1558e-01, -8.6695e-02, +1.1686e-01, +1.4712e-02, -5.3539e-04, -4.2179e-02, -7.5752e-02, -4.3653e-02, -1.0807e-01, -3.9840e-02, -1.0219e-01, +1.3346e-01, -1.0227e-02, +5.1244e-03, -1.0263e-03, +1.3514e-02, -2.3557e-02, -1.5183e-02, +2.7610e-02, -2.3619e-02, +2.3314e-02, +9.7135e-02, +1.9750e-02, -3.5561e-02, +1.1121e-03, +8.5043e-02, -1.6127e-01, +3.6029e-02, -2.3610e-02, +3.5891e-02
-8.8263e-02, -1.4405e-01, -1.2230e-01, -1.2661e-01, +7.7313e-02, -1.4185e-01, +1.2099e-02, +1.0772e-02, -1.7898e-02, +6.4781e-03, -2.0016e-01, -5.8565e-03, +1.7388e-02, -4.0342e-02, -6.3444e-02, +5.8352e-02, +9.7775e-02, -8.1537e-02, -1.0000e+00, +1.9279e-01, +1.5487e-01, -1.1336e-01, +1.1247e-01, -1.3475e-01, +2.3283e-02, -1.0282e-01, -1.8682e-01, -1.1441e-01, -1.0215e-01, -7.3693e-02, -6.1960e-02, +6.1317e-02, +6.9127e-02, -9.8490e-02, +1.0127e-02, +3.3830e-02, +3.5876e-02, -7.8524e-02, -5.9635e-02, -3.9496e-02, -5.6848e-02, -4.7624e-02, -4.5110e-03, +8.9413e-03, -1.9455e-01, -9.9747e-02, -1.1030e-01, +7.2329e-02, -1.0047e-01, -2.0546e-02
-1.4232e-01, -4.5081e-02, -5.8513e-02, -1.7633e-01, -1.2453e-01, -6.8728e-02, +4.2332e-02, -3.1392e-02, +3.2979e-02, -8.2704e-02, -1.9446e-01, -1.0609e-01, -1.1769e-01, -9.9128e-03, -2.1465e-01, +1.0261e-01, +7.8158e-02, -6.3757e-02, +1.9279e-01, -1.0000e+00, -6.4082e-02, +2.7746e-02, -5.0192e-02, +7.4059e-02, -1.2719e-01, -1.1127e-01, +1.8950e-01, -9.6383e-02, -5.6611e-02, -9.6139e-02, -7.7648e-02, +5.3530e-02, -7.7924e-02, +6.0703e-02, +3.2700e-02, +3.5859e-02, +8.1819e-02, -9.7204e-02, -1.5119e-02, +4.3275e-02, -7.0891e-03, +7.7797e-02, -1.0199e-01, -2.6698e-01, -5.1791e-02, -1.6251e-02, -1.5030e-01, +2.3701e-01, +2.6307e-03, -1.0316e-03
+8.5417e-02, -3.0266e-02, +2.0329e-03, -3.7577e-02, -9.9158e-02, +8.1258e-03, +1.2687e-01, +1.0403e-01, -3.0513e-02, -3.5149e-02, +1.4175e-01, +1.2577e-01, -8.3563e-02, -9.4944e-02, +4.9791e-02, +5.0881e-02, -4.3574e-02, +1.1558e-01, +1.5487e-01, -6.4082e-02, -1.0000e+00, +7.7283e-02, -9.8511e-02, +5.5430e-02, +4.6288e-05, +2.9340e-02, +1.1277e-01, -2.1832e-02, +2.0207e-02, +1.5068e-02, +4.8530e-02, -1.2960e-01, -3.3085e-02, -5.6344e-02, -3.5608e-03, -1.6351e-01, +1.0263e-01, +8.6474e-03, -3.6803e-03, +1.5552e-03, -6.2818e-02, -9.4315e-02, +1.3305e-01, -1.6490e-01, +3.9804e-02, -2.2168e-02, +2.0095e-03, -1.2264e-01, +5.9044e-02, +7.7918e-02
-4.0609e-02, -1.1759e-01, -1.1377e-01, -1.6902e-01, -1.4371e-02, +5.9551e-02, +1.2842e-01, -1.2293e-01, +1.5873e-03, -7.2761e-02, +9.7904e-03, +1.0596e-01, +7.0403e-02, +5.0417e-02, -1.1968e-02, +1.8152e-02, -1.4244e-02, -8.6695e-02, -1.1336e-01, +2.7746e-02, +7.7283e-02, -1.0000e+00, -7.6321e-02, -5.6866e-02, +2.7060e-02, -1.8964e-02, -1.5893e-01, -1.6425e-02, -6.6490e-02, -1.1472e-01, -6.3647e-04, +4.0459e-01, +1.8790e-02, -1.2832e-01, -1.0000e-02, +1.7494e-01, -3.9314e-02, -2.1868e-01, -1.6205e-01, -5.5879e-02, -1.0130e-02, +6.3271e-03, -1.9115e-01, -7.9333e-02, +8.3221e-02, +3.3680e-02, -9.2427e-02, +4.8767e-02, +7.7031e-02, -2.2038e-01
+3.4218e-02, -2.4251e-02, +5.3794e-02, +7.5577e-02, +1.3277e-01, +1.5583e-01, +3.2715e-01, +2.5348e-01, -3.3510e-02, +1.0180e-01, +3.2946e-01, -1.6715e-02, +1.0500e-01, +5.7414e-02, -1.0868e-01, +2.3086e-02, +5.6338e-02, +1.1686e-01, +1.1247e-01, -5.0192e-02, -9.8511e-02, -7.6321e-02, -1.0000e+00, -3.6076e-02, +3.5926e-03, +7.1149e-03, +5.6934e-02, +4.9953e-02, +8.4723e-02, +7.4698e-02, +1.1342e-01, -3.0621e-01, -1.8385e-02, +1.6016e-01, -1.5984e-02, -6.7148e-02, +1.1467e-02, -9.9908e-02, +1.0195e-01, -6.8351e-03, +3.4176e-02, -1.4489e-02, +1.1782e-02, -2.4397e-01, +9.6038e-02, -2.4926e-02, +8.2497e-03, -3.7136e-02, +8.4009e-02, -1.3864e-01
-1.0230e-01, -2.1661e-03, -3.0011e-01, -2.6088e-01, -1.2546e-01, -1.0081e-01, +2.1755e-01, +2.0720e-01, +8.3732e-02, -1.3292e-01, -1.5165e-01, +1.1198e-01, +8.2743e-02, -4.8062e-03, +1.4054e-01, +9.1373e-02, +1.5106e-01, +1.4712e-02, -1.3475e-01, +7.4059e-02, +5.5430e-02, -5.6866e-02, -3.6076e-02, -1.0000e+00, -3.7899e-02, -1.9123e-01, -1.8512e-01, -1.4389e-01, -1.5008e-02, -6.3323e-02, -7.1383e-02, +1.6665e-01, +2.5078e-02, -1.3648e-01, -8.1041e-02, -1.3942e-02, -3.0956e-02, +6.9512e-03, -1.7266e-02, -2.6721e-02, -5.4963e-02, -2.0912e-01, -7.1833e-02, +4.2892e-02, -1.2821e-01, -1.3667e-01, -5.0517e-02, -3.0673e-02, -3.4036e-03, -8.7987e-02
-4.1324e-02, -4.5253e-02, +8.5532e-03, -4.6715e-02, +4.2787e-03, -8.1652e-02, +6.0560e-02, +5.1565e-02, +4.2805e-02, +1.5136e-02, +6.9445e-03, +4.3841e-03, +1.1699e-01, -4.4094e-02, +5.7879e-02, +8.9937e-03, +3.1899e-02, -5.3539e-04, +2.3283e-02, -1.2719e-01, +4.6286e-05, +2.7060e-02, +3.5926e-03, -3.7899e-02, -1.0000e+00, +1.6262e-02, +2.6799e-02, -2.5961e-02, +7.9062e-02, +8.7463e-02, -1.8884e-02, +5.5431e-02, -4.3310e-02, -1.7804e-02, -5.6363e-02, +7.0255e-02, -2.3440e-01, -8.4234e-03, +4.9445e-02, -7.5244e-03, +3.9498e-02, +1.9112e-02, +2.0740e-02, -4.3379e-02, +6.6752e-03, -4.9849e-02, -5.2056e-03, +5.7993e-02, -8.6589e-02, -3.5777e-03
-1.8936e-01, -1.2684e-02, -3.5120e-01, -3.3479e-01, -4.4241e-02, -5.5421e-02, +1.3385e-01, +1.6912e-01, +7.8365e-02, +7.1917e-02, -2.2745e-01, +1.0163e-01, -7.6347e-02, -1.1019e-01, +9.1294e-02, +1.4551e-01, +5.7733e-02, -4.2179e-02, -1.0282e-01, -1.1127e-01, +2.9340e-02, -1.8964e-02, +7.1149e-03, -1.9123e-01, +1.6262e-02, -1.0000e+00, -1.4182e-01, -6.9427e-02, -1.0204e-01, -2.4663e-01, -2.0222e-02, +2.5968e-02, +8.0073e-03, -1.1338e-01, -1.2833e-01, -4.9680e-02, +6.9660e-02, +7.9951e-03, +7.0575e-02, +1.0790e-02, -9.7770e-02, +1.5705e-01, -1.5469e-01, -1.3976e-01, -3.2699e-01, -6.3661e-02, -3.4386e-02, -5.4556e-02, -9.0158e-02, -1.7893e-01
-3.5529e-02, -7.8586e-02, -2.7411e-01, -1.0229e-01, -7.6079e-02, -1.3071e-01, +1.1309e-01, +2.3820e-02, +8.0172e-03, -3.9826e-02, -2.5252e-01, -3.3821e-02, +6.4498e-02, +2.1821e-02, +3.3997e-02, +1.2739e-01, +7.2235e-02, -7.5752e-02, -1.8682e-01, +1.8950e-01, +1.1277e-01, -1.5893e-01, +5.6934e-02, -1.8512e-01, +2.6799e-02, -1.4182e-01, -1.0000e+00, -9.5200e-02, -1.9266e-01, -1.3991e-01, +1.8701e-02, +1.0568e-01, +1.2936e-01, -3.8083e-02, -4.4149e-02, +3.2298e-02, -1.0235e-01, -9.3872e-02, -5.6090e-02, -6.1271e-02, -4.9138e-02, +8.2909e-03, -2.8622e-02, -4.2512e-03, -1.9627e-01, -4.2176e-02, -5.8950e-02, +1.6709e-02, +2.3209e-02, -6.1826e-02
-3.6188e-02, -1.2262e-01, -3.0818e-01, -1.9398e-01, -1.6421e-01, -1.4148e-01, +1.0799e-01, +3.5632e-02, +1.2390e-03, +7.7693e-02, -2.0459e-01, -2.2825e-02, +3.1726e-02, -3.7198e-02, +3.5411e-02, +2.5191e-02, +9.4623e-02, -4.3653e-02, -1.1441e-01, -9.6383e-02, -2.1832e-02, -1.6425e-02, +4.9953e-02, -1.4389e-01, -2.5961e-02, -6.9427e-02, -9.5200e-02, -1.0000e+00, -1.3604e-01, +3.4760e-02, +4.4792e-02, +1.2435e-01, +2.8815e-02, +5.0473e-02, +5.6856e-02, -7.1335e-02, -4.6652e-02, -1.1339e-01, +6.3098e-02, +5.0315e-02, -4.0439e-02, +4.8933e-02, -1.4812e-02, -1.1858e-01, -1.9536e-01, -8.3082e-02, -1.4410e-01, +1.0111e-01, -1.2942e-01, -8.8569e-02
-1.4028e-01, -9.0262e-02, -1.0733e-01, -9.0010e-02, -7.4079e-02, -1.3864e-01, +6.1835e-02, -3.9314e-03, -4.6407e-02, +2.9209e-02, -1.7572e-01, +1.1361e-02, +1.2908e-02, -9.3013e-02, -4.1465e-02, +1.0791e-01, +7.9746e-02, -1.0807e-01, -1.0215e-01, -5.6611e-02, +2.0207e-02, -6.6490e-02, +8.4723e-02, -1.5008e-02, +7.9062e-02, -1.0204e-01, -1.9266e-01, -1.3604e-01, -1.0000e+00, -1.5345e-02, -5.5703e-02, +6.3149e-02, +5.3885e-02, -7.9402e-03, -2.5328e-02, +6.8972e-03, +6.8599e-02, -1.0730e-01, +2.0461e-02, -6.2557e-02, -8.3014e-02, -2.9314e-02, -6.2600e-02, -1.1510e-02, -1.0229e-01, +5.3049e-02, -1.3658e-01, +1.1959e-01, -1.0434e-01, +4.7664e-02
-9.2497e-02, -1.9805e-02, -1.8637e-01, -1.9112e-01, -1.4564e-01, -6.9909e-02, +1.7255e-01, +1.0724e-01, +2.3840e-02, +1.8085e-02, -1.9366e-01, +3.9163e-02, -2.2900e-02, -9.3066e-02, -1.4754e-02, +8.4651e-03, +7.1156e-02, -3.9840e-02, -7.3693e-02, -9.6139e-02, +1.5068e-02, -1.1472e-01, +7.4698e-02, -6.3323e-02, +8.7463e-02, -2.4663e-01, -1.3991e-01, +3.4760e-02, -1.5345e-02, -1.0000e+00, +7.8646e-02, +5.8937e-02, +9.1573e-02, +1.5525e-03, -6.7734e-02, +3.6398e-02, +8.6847e-02, +8.3318e-02, -6.1580e-02, +1.8323e-02, +2.2137e-02, -5.0467e-03, -3.7449e-02, -3.2353e-02, -2.1473e-01, +1.6379e-02, -1.1030e-01, +4.1641e-02, +7.3995e-03, -8.1686e-02
-6.8249e-02, +5.4753e-02, +1.7167e-01, -4.7549e-02, +9.4703e-02, -2.4596e-02, -1.1088e-01, -1.6214e-01, +1.2246e-02, -6.7019e-02, -1.1484e-01, -9.9676e-02, +3.0942e-02, -3.5849e-02, -3.4284e-03, +8.7050e-02, +6.2817e-02, -1.0219e-01, -6.1960e-02, -7.7648e-02, +4.8530e-02, -6.3647e-04, +1.1342e-01, -7.1383e-02, -1.8884e-02, -2.0222e-02, +1.8701e-02, +4.4792e-02, -5.5703e-02, +7.8646e-02, -1.0000e+00, -9.4421e-02, -1.3878e-02, +4.6707e-03, +4.0651e-02, +6.8855e-02, +4.1989e-02, -5.8305e-02, +1.9933e-02, -1.0902e-02, -1.5313e-01, +4.8155e-02, +1.8190e-02, +2.4983e-02, -1.3688e-01, -2.1684e-02, -8.0091e-02, +2.4048e-01, -8.9368e-02, +6.1943e-02
+9.1102e-02, +1.2926e-01, +8.2173e-02, +4.2362e-02, -6.4963e-02, +1.1930e-01, -1.8003e-02, +1.4593e-02, -3.5480e-02, -1.3059e-02, +7.8742e-02, -1.6085e-01, -2.7359e-02, +6.9466e-02, +3.0431e-02, +1.5773e-01, +2.2619e-02, +1.3346e-01, +6.1317e-02, +5.3530e-02, -1.2960e-01, +4.0459e-01, -3.0621e-01, +1.6665e-01, +5.5432e-02, +2.5968e-02, +1.0568e-01, +1.2435e-01, +6.3149e-02, +5.8937e-02, -9.4421e-02, -1.0000e+00, -7.4459e-03, +3.1179e-01, +3.5867e-02, -8.4581e-02, +6.0202e-02, +3.6616e-02, +1.1858e-01, +3.7942e-02, -2.1371e-02, +9.8905e-02, +2.1369e-01, -8.7665e-02, -2.2243e-01, +5.2980e-02, +1.1210e-01, +1.3308e-01, -8.4041e-02, +6.2861e-02
+5.2255e-02, +2.2842e-02, +1.1067e-01, -3.0842e-02, +6.3322e-02, +4.7055e-02, -7.7131e-02, -2.0148e-02, +7.7992e-03, +4.5560e-03, +7.9988e-02, -4.3435e-02, +5.8176e-02, +1.2848e-02, -2.2066e-02, -3.9681e-02, -8.8771e-02, -1.0227e-02, +6.9127e-02, -7.7924e-02, -3.3085e-02, +1.8790e-02, -1.8385e-02, +2.5078e-02, -4.3310e-02, +8.0073e-03, +1.2936e-01, +2.8815e-02, +5.3885e-02, +9.1573e-02, -1.3878e-02, -7.4459e-03, -1.0000e+00, -6.9059e-02, -2.3286e-02, +4.5631e-02, +9.4179e-03, +1.7238e-02, -1.1207e-02, +3.5117e-02, +5.9026e-02, -2.7304e-03, +5.3218e-02, +2.1857e-02, +1.3988e-02, -3.0236e-03, +2.0788e-02, +5.0705e-02, -2.2716e-02, +5.0867e-02
+6.5095e-02, -1.7398e-01, +2.4980e-02, +2.0332e-02, +8.2083e-02, -1.4034e-01, -8.3160e-02, -2.9655e-03, +1.0888e-01, -3.5264e-02, -4.3315e-02, +3.9850e-01, -5.2546e-02, -1.1892e-01, +1.4932e-01, +3.1681e-01, -4.7530e-02, +5.1244e-03, -9.8490e-02, +6.0703e-02, -5.6344e-02, -1.2832e-01, +1.6016e-01, -1.3648e-01, -1.7804e-02, -1.1338e-01, -3.8083e-02, +5.0473e-02, -7.9402e-03, +1.5525e-03, +4.6707e-03, +3.1179e-01, -6.9059e-02, -1.0000e+00, -5.1983e-02, -9.0369e-02, +1.5572e-01, -8.1719e-03, -5.4404e-02, -2.9636e-02, +5.9297e-02, -3.2697e-01, -1.9729e-01, +2.2205e-01, +2.3898e-01, -8.6024e-02, +3.0912e-02, -5.2321e-01, -6.2830e-02, +1.2288e-01
-1.4277e-01, -7.9410e-02, -8.0580e-02, -9.8546e-02, +4.7606e-02, +1.7509e-02, +1.8029e-02, +4.5598e-02, +2.3131e-02, +5.4696e-03, +3.5530e-04, +1.4919e-01, -5.7300e-03, -3.4208e-02, +5.4896e-02, -1.6728e-02, -3.9790e-02, -1.0263e-03, +1.0127e-02, +3.2700e-02, -3.5608e-03, -1.0000e-02, -1.5984e-02, -8.1041e-02, -5.6363e-02, -1.2833e-01, -4.4149e-02, +5.6856e-02, -2.5328e-02, -6.7734e-02, +4.0651e-02, +3.5867e-02, -2.3286e-02, -5.1983e-02, -1.0000e+00, +1.8558e-02, +5.1775e-02, -5.9653e-02, -2.3683e-02, -2.1168e-02, +2.3625e-02, -2.5293e-02, -1.8059e-02, +5.4639e-03, -8.4991e-02, -9.0820e-02, -3.5453e-02, +1.5086e-02, -2.9056e-02, -2.4662e-02
-2.1765e-02, +2.4173e-02, -9.4529e-02, +2.9865e-02, +5.0555e-02, -5.6425e-02, +9.1542e-02, +1.1861e-01, -3.6048e-02, +1.5723e-02, +3.9280e-02, +9.6768e-02, -5.1349e-02, -7.8544e-02, +3.6726e-02, +1.1575e-01, -1.5803e-01, +1.3514e-02, +3.3830e-02, +3.5859e-02, -1.6351e-01, +1.7494e-01, -6.7148e-02, -1.3942e-02, +7.0255e-02, -4.9680e-02, +3.2298e-02, -7.1335e-02, +6.8972e-03, +3.6398e-02, +6.8855e-02, -8.4581e-02, +4.5631e-02, -9.0369e-02, +1.8558e-02, -1.0000e+00, +1.5871e-01, +6.0918e-02, +4.7724e-02, +2.3844e-02, -3.0059e-02, -2.6752e-02, +5.7547e-02, -2.0400e-02, +2.1002e-02, +6.6900e-02, +3.8815e-02, -2.0827e-01, -1.3497e-01, +1.3426e-01
+8.8818e-02, +9.3162e-02, -1.5789e-01, +1.1084e-01, -1.2233e-01, +4.8639e-02, -1.6910e-02, -1.4010e-02, -6.0502e-02, +5.4770e-02, +3.8470e-02, -7.1189e-02, +9.9976e-02, +2.1443e-01, +1.6711e-01, -6.4240e-02, -5.0603e-02, -2.3557e-02, +3.5876e-02, +8.1819e-02, +1.0263e-01, -3.9314e-02, +1.1467e-02, -3.0956e-02, -2.3440e-01, +6.9660e-02, -1.0235e-01, -4.6652e-02, +6.8599e-02, +8.6847e-02, +4.1989e-02, +6.0202e-02, +9.4179e-03, +1.5572e-01, +5.1775e-02, +1.5871e-01, -1.0000e+00, +6.5899e-02, +4.5929e-02, -1.0801e-01, +6.8895e-02, -6.7487e-02, +5.6584e-02, +8.4227e-03, +4.4974e-02, +5.8050e-02, +1.1099e-01, +1.7399e-01, +9.7844e-02, -1.6242e-01
-8.8602e-02, -1.4036e-01, +5.3564e-02, -9.3279e-02, +4.5299e-02, -1.8998e-01, -6.5211e-02, -1.2776e-01, -6.6752e-02, +8.0486e-02, -1.6672e-02, -1.5106e-01, +2.9823e-02, +3.8340e-02, +6.0260e-02, +1.6813e-01, -7.1202e-02, -1.5183e-02, -7.8524e-02, -9.7204e-02, +8.6474e-03, -2.1868e-01, -9.9908e-02, +6.9512e-03, -8.4234e-03, +7.9951e-03, -9.3872e-02, -1.1339e-01, -1.0730e-01, +8.3318e-02, -5.8305e-02, +3.6616e-02, +1.7238e-02, -8.1719e-03, -5.9653e-02, +6.0918e-02, +6.5899e-02, -1.0000e+00, -6.7200e-02, -2.3297e-02, -6.9347e-02, -1.0550e-01, -5.9695e-02, -9.2526e-02, +1.5806e-03, -5.7937e-02, -1.8957e-01, +2.6660e-01, -1.7844e-01, -4.7527e-02
+1.5112e-02, -5.7277e-02, +7.1401e-03, -1.4417e-01, -1.5631e-02, +9.6722e-03, -7.1028e-02, -6.9368e-02, +3.2646e-02, +6.6114e-02, -4.6849e-03, +1.3847e-02, -3.8555e-02, +2.9515e-02, -3.6412e-02, +8.1411e-03, +6.8990e-03, +2.7610e-02, -5.9635e-02, -1.5119e-02, -3.6803e-03, -1.6205e-01, +1.0195e-01, -1.7266e-02, +4.9445e-02, +7.0575e-02, -5.6090e-02, +6.3098e-02, +2.0461e-02, -6.1580e-02, +1.9933e-02, +1.1858e-01, -1.1207e-02, -5.4404e-02, -2.3683e-02, +4.7724e-02, +4.5929e-02, -6.7200e-02, -1.0000e+00, +7.7347e-02, +4.2308e-02, -4.3469e-02, -3.7064e-02, +3.9477e-02, +3.0108e-03, -1.2001e-02, -1.1270e-01, +5.5802e-02, -7.1025e-03, -4.3880e-02
-6.8149e-02, +3.0765e-02, -7.2003e-02, +4.2934e-02, -1.1769e-02, +8.0891e-03, -2.9520e-02, -1.9873e-02, -7.9327e-02, +2.7838e-02, -9.8829e-03, +1.0066e-02, +1.3891e-01, -3.9642e-02, +8.8202e-02, +1.1055e-01, +9.3198e-02, -2.3619e-02, -3.9496e-02, +4.3275e-02, +1.5552e-03, -5.5879e-02, -6.8351e-03, -2.6721e-02, -7.5244e-03, +1.0790e-02, -6.1271e-02, +5.0315e-02, -6.2557e-02, +1.8323e-02, -1.0902e-02, +3.7942e-02, +3.5117e-02, -2.9636e-02, -2.1168e-02, +2.3844e-02, -1.0801e-01, -2.3297e-02, +7.7347e-02, -1.0000e+00, -3.5741e-02, +1.4067e-02, +5.6090e-02, +2.3848e-02, +2.3747e-02, +2.0168e-02, +3.3980e-02, +2.9395e-03, +7.2267e-03, +3.2803e-02
-4.0576e-02, -3.0518e-02, -8.8322e-02, -1.1456e-01, +1.1102e-02, -7.3840e-02, +5.5697e-02, -6.4973e-03, +3.7649e-02, +8.4103e-02, -5.7058e-02, -2.2927e-03, +5.2792e-03, -8.8341e-02, -4.5926e-02, +1.1409e-01, +7.6047e-02, +2.3314e-02, -5.6848e-02, -7.0891e-03, -6.2818e-02, -1.0130e-02, +3.4176e-02, -5.4963e-02, +3.9498e-02, -9.7770e-02, -4.9138e-02, -4.0439e-02, -8.3014e-02, +2.2137e-02, -1.5313e-01, -2.1371e-02, +5.9026e-02, +5.9297e-02, +2.3625e-02, -3.0059e-02, +6.8895e-02, -6.9347e-02, +4.2308e-02, -3.5741e-02, -1.0000e+00, -1.7650e-02, +1.6052e-02, +9.5981e-03, -1.0146e-01, -9.3108e-03, -9.8751e-02, +1.0211e-01, -4.9588e-02, +1.7240e-02
-2.0907e-02, +3.2615e-02, +1.6803e-01, +7.7692e-02, -6.2415e-02, -1.3735e-01, +2.3390e-02, +2.4804e-01, +3.9816e-02, +1.6054e-02, +1.3842e-01, +9.9298e-02, +4.2507e-02, +7.4161e-02, +1.6349e-02, +5.6797e-02, -1.3358e-01, +9.7135e-02, -4.7624e-02, +7.7797e-02, -9.4315e-02, +6.3271e-03, -1.4489e-02, -2.0912e-01, +1.9112e-02, +1.5705e-01, +8.2909e-03, +4.8933e-02, -2.9314e-02, -5.0467e-03, +4.8155e-02, +9.8905e-02, -2.7304e-03, -3.2697e-01, -2.5293e-02, -2.6752e-02, -6.7487e-02, -1.0550e-01, -4.3469e-02, +1.4067e-02, -1.7650e-02, -1.0000e+00, -6.5548e-02, +3.6438e-01, +2.9216e-01, -1.1346e-02, +1.1076e-01, +1.9077e-02, +5.5964e-02, +2.8000e-01
+1.1510e-02, +3.1565e-03, -1.1148e-01, -1.3269e-01, +6.4993e-02, -1.5627e-03, +3.6625e-02, -8.7879e-03, +4.1997e-02, +3.3136e-02, -2.3381e-02, +2.3219e-01, +3.6922e-02, +2.9633e-02, -8.9662e-03, -1.7308e-02, -1.4336e-01, +1.9750e-02, -4.5110e-03, -1.0199e-01, +1.3305e-01, -1.9115e-01, +1.1782e-02, -7.1833e-02, +2.0740e-02, -1.5469e-01, -2.8622e-02, -1.4812e-02, -6.2600e-02, -3.7449e-02, +1.8190e-02, +2.1369e-01, +5.3218e-02, -1.9729e-01, -1.8059e-02, +5.7547e-02, +5.6584e-02, -5.9695e-02, -3.7064e-02, +5.6090e-02, +1.6052e-02, -6.5548e-02, -1.0000e+00, +2.7425e-02, +5.1972e-03, -1.8842e-02, +9.5038e-03, -8.6252e-02, +9.5963e-02, -4.0872e-02
+2.7654e-03, -2.7793e-02, -2.4653e-01, -1.1834e-01, -4.5130e-02, +2.3365e-02, +2.0258e-01, -3.7237e-02, -5.6809e-02, -4.2686e-02, -5.9437e-02, -7.7153e-02, -9.1041e-02, +1.0044e-01, -2.0692e-02, +8.2659e-03, +1.0447e-02, -3.5561e-02, +8.9413e-03, -2.6698e-01, -1.6490e-01, -7.9333e-02, -2.4397e-01, +4.2892e-02, -4.3379e-02, -1.3976e-01, -4.2512e-03, -1.1858e-01, -1.1510e-02, -3.2353e-02, +2.4983e-02, -8.7665e-02, +2.1857e-02, +2.2205e-01, +5.4639e-03, -2.0399e-02, +8.4227e-03, -9.2526e-02, +3.9477e-02, +2.3848e-02, +9.5981e-03, +3.6438e-01, +2.7425e-02, -1.0000e+00, -1.4963e-01, -5.6475e-02, -5.3559e-02, +3.5096e-02, +3.9876e-02, -1.2803e-01
-1.6845e-01, -9.9862e-02, -3.4075e-01, -2.9756e-01, -2.8826e-01, -9.5021e-02, +1.8867e-02, -6.2744e-02, -4.2662e-02, +4.6530e-02, -2.6750e-01, -1.6255e-01, -8.6682e-02, -7.8336e-03, +3.6396e-02, +4.9408e-02, +1.3958e-01, +1.1121e-03, -1.9455e-01, -5.1791e-02, +3.9804e-02, +8.3221e-02, +9.6038e-02, -1.2821e-01, +6.6752e-03, -3.2699e-01, -1.9627e-01, -1.9536e-01, -1.0229e-01, -2.1473e-01, -1.3688e-01, -2.2243e-01, +1.3988e-02, +2.3898e-01, -8.4991e-02, +2.1002e-02, +4.4974e-02, +1.5806e-03, +3.0108e-03, +2.3747e-02, -1.0146e-01, +2.9216e-01, +5.1971e-03, -1.4963e-01, -1.0000e+00, -1.6700e-01, -1.4802e-01, +3.4221e-01, -1.0088e-01, -1.8234e-01
-6.6675e-02, -1.6573e-01, -1.2120e-01, -1.2990e-01, -6.5991e-02, -4.5140e-02, +8.9056e-02, +7.6579e-02, -2.7724e-02, +8.6228e-02, +1.0839e-02, -1.1849e-02, +3.7451e-03, -8.6735e-03, +9.9060e-02, +4.1618e-02, +5.1282e-02, +8.5043e-02, -9.9747e-02, -1.6251e-02, -2.2168e-02, +3.3680e-02, -2.4926e-02, -1.3667e-01, -4.9849e-02, -6.3661e-02, -4.2176e-02, -8.3082e-02, +5.3049e-02, +1.6379e-02, -2.1684e-02, +5.2980e-02, -3.0236e-03, -8.6024e-02, -9.0820e-02, +6.6900e-02, +5.8050e-02, -5.7937e-02, -1.2001e-02, +2.0168e-02, -9.3108e-03, -1.1346e-02, -1.8842e-02, -5.6475e-02, -1.6700e-01, -1.0000e+00, -1.2132e-01, -4.2249e-02, -1.7506e-02, -8.3039e-02
-1.1125e-01, -1.2737e-01, +4.6796e-02, -1.7272e-01, +4.0531e-02, -1.4727e-01, +1.9708e-01, +7.6499e-02, -6.9854e-03, +1.8091e-01, -1.4571e-01, -1.6927e-01, +1.1918e-03, -2.4109e-01, +1.7850e-03, -8.0669e-03, +1.1778e-01, -1.6127e-01, -1.1030e-01, -1.5030e-01, +2.0095e-03, -9.2427e-02, +8.2497e-03, -5.0517e-02, -5.2056e-03, -3.4386e-02, -5.8950e-02, -1.4410e-01, -1.3658e-01, -1.1030e-01, -8.0091e-02, +1.1210e-01, +2.0788e-02, +3.0912e-02, -3.5453e-02, +3.8815e-02, +1.1099e-01, -1.8957e-01, -1.1270e-01, +3.3980e-02, -9.8751e-02, +1.1076e-01, +9.5038e-03, -5.3559e-02, -1.4802e-01, -1.2132e-01, -1.0000e+00, +2.0093e-01, -9.4641e-02, +3.3992e-02
+2.4923e-01, +2.6725e-02, -1.3494e-01, +1.2433e-01, +1.7149e-01, +1.5662e-02, +1.3501e-01, +1.4823e-01, +9.0117e-02, +1.7518e-03, +8.5172e-02, +4.0922e-01, -6.1635e-02, +7.5890e-02, +1.6384e-01, +1.6432e-01, -1.1378e-01, +3.6029e-02, +7.2329e-02, +2.3701e-01, -1.2264e-01, +4.8767e-02, -3.7136e-02, -3.0673e-02, +5.7993e-02, -5.4556e-02, +1.6709e-02, +1.0111e-01, +1.1959e-01, +4.1641e-02, +2.4048e-01, +1.3308e-01, +5.0705e-02, -5.2321e-01, +1.5086e-02, -2.0827e-01, +1.7399e-01, +2.6660e-01, +5.5802e-02, +2.9394e-03, +1.0211e-01, +1.9077e-02, -8.6252e-02, +3.5096e-02, +3.4221e-01, -4.2249e-02, +2.0093e-01, -1.0000e+00, +1.9230e-01, +1.0320e-01
-6.8940e-02, -4.5609e-02, -4.4009e-02, -1.2590e-01, -1.4163e-03, -1.2676e-01, -3.9321e-02, -9.2181e-02, -1.5121e-02, +1.0651e-01, -6.9206e-02, -6.8612e-02, +1.1165e-02, -1.8411e-01, +1.1887e-02, +2.0927e-01, +4.5988e-02, -2.3610e-02, -1.0047e-01, +2.6307e-03, +5.9044e-02, +7.7031e-02, +8.4009e-02, -3.4036e-03, -8.6589e-02, -9.0158e-02, +2.3209e-02, -1.2942e-01, -1.0434e-01, +7.3995e-03, -8.9368e-02, -8.4041e-02, -2.2716e-02, -6.2830e-02, -2.9056e-02, -1.3497e-01, +9.7844e-02, -1.7844e-01, -7.1025e-03, +7.2267e-03, -4.9588e-02, +5.5964e-02, +9.5963e-02, +3.9876e-02, -1.0088e-01, -1.7506e-02, -9.4641e-02, +1.9230e-01, -1.0000e+00, -1.2237e-02
+5.4934e-04, -9.5961e-02, -2.8743e-01, -1.9313e-01, -6.2488e-02, +3.0913e-02, +4.5705e-02, -1.3411e-01, +5.1400e-02, +5.8816e-02, -1.1119e-01, -1.9426e-03, +2.3872e-02, +1.8266e-01, +1.4961e-02, +5.4254e-02, +2.1666e-02, +3.5891e-02, -2.0546e-02, -1.0316e-03, +7.7918e-02, -2.2038e-01, -1.3864e-01, -8.7987e-02, -3.5777e-03, -1.7893e-01, -6.1826e-02, -8.8569e-02, +4.7664e-02, -8.1686e-02, +6.1943e-02, +6.2861e-02, +5.0867e-02, +1.2288e-01, -2.4662e-02, +1.3426e-01, -1.6242e-01, -4.7527e-02, -4.3880e-02, +3.2803e-02, +1.7240e-02, +2.8000e-01, -4.0872e-02, -1.2803e-01, -1.8234e-01, -8.3039e-02, +3.3992e-02, +1.0320e-01, -1.2237e-02, -1.0000e+00
