-1.0000e+00, +2.9614e-02, +5.9668e-02, +1.6818e-04, +1.0859e-01, +3.3277e-02, -7.2622e-02, -1.2725e-02, -8.7023e-02, +3.7080e-03, +6.6737e-02, +5.6026e-02, -7.2254e-02, -1.0291e-01, +3.8904e-02, +9.9455e-03, +4.8397e-02, -5.5551e-02, -5.7154e-03, +2.0893e-02, +8.7885e-04, +9.8039e-02, -4.8159e-02, +3.4835e-02, +6.4518e-02, -7.9501e-02, +4.1476e-02, -1.2662e-01, +9.7855e-03, -7.0526e-02, -1.0484e-03, -9.6375e-03, -2.5690e-02, -2.9957e-02, +3.2249e-02, +9.0579e-02, +1.4936e-01, -5.1800e-02, +3.2286e-02, +2.2296e-02, +1.6276e-02, +7.9468e-02, -5.5883e-02, +2.1591e-02, -3.1677e-02, -3.5877e-02, -5.5218e-02, +1.4651e-01, +9.7772e-02, -6.5387e-02
+2.9614e-02, -1.0000e+00, -2.3692e-03, +1.2661e-01, -2.0228e-02, +3.7436e-02, +5.7320e-02, -4.4831e-02, -3.3516e-02, +1.8250e-01, +9.9359e-02, +6.2109e-02, +3.5342e-02, +1.4689e-01, +3.0375e-02, -4.0736e-02, -1.1997e-01, +4.5443e-04, -1.5324e-02, +1.8259e-01, +5.6864e-02, -9.4266e-02, +3.3606e-02, +1.1053e-01, +1.7805e-01, +5.1622e-02, +8.3232e-02, +3.7769e-02, +1.0030e-01, +1.2090e-01, +6.7589e-02, +6.2744e-02, -9.5047e-03, +7.4932e-02, +4.5042e-02, -4.8064e-02, -8.9169e-03, -2.7157e-02, -2.9086e-03, +4.1607e-02, -2.1301e-02, -1.3797e-01, +3.3011e-01, -4.9719e-02, +4.5985e-02, +1.0015e-01, +5.2460e-02, +1.6692e-02, -1.6476e-01, +7.5242e-02
+5.9668e-02, -2.3692e-03, -1.0000e+00, +1.4641e-01, -7.3901e-02, -1.4116e-01, -4.6767e-02, +2.1233e-02, -2.1354e-02, +9.1523e-02, -2.0504e-01, +6.1610e-02, +3.1985e-02, -9.9313e-02, -1.2153e-02, +1.0808e-01, +6.0069e-02, -3.4071e-02, -7.4384e-02, -1.0050e-01, +1.0740e-01, -2.1421e-02, -9.5418e-02, -1.0178e-01, -2.5609e-02, -3.3067e-02, -1.7122e-01, -5.7120e-02, +3.6462e-02, -1.2590e-02, +6.9850e-04, +9.4705e-03, +1.0484e-02, -1.4904e-01, -8.4647e-03, -3.3548e-02, -8.0169e-02, +1.0165e-01, -3.4810e-02, -2.0938e-02, -7.1484e-02, -2.4650e-02, +1.7198e-01, -1.5403e-01, -1.1419e-01, -9.4360e-02, -2.1203e-02, -1.8163e-02, +5.1263e-02, -2.7319e-02
+1.6818e-04, +1.2661e-01, +1.4641e-01, -1.0000e+00, +2.1282e-02, -1.1841e-01, +3.7207e-03, -6.9547e-02, +1.1329e-01, +1.7120e-01, -1.2164e-01, +3.6316e-02, -5.1240e-02, -1.0034e-02, -7.8480e-02, +5.4608e-02, +3.8733e-02, -5.3231e-02, -5.4030e-02, -9.0873e-02, -6.6860e-02, +5.0376e-02, -1.2485e-01, -7.4208e-02, -3.6134e-02, -1.1328e-01, -1.4727e-01, -8.8887e-03, -7.5089e-02, -6.3005e-02, -8.2381e-02, -2.9629e-02, +8.5018e-02, -2.3810e-02, +3.7631e-02, +5.7968e-03, -1.8599e-02, -3.9173e-02, -9.0338e-02, -3.2033e-02, -4.6008e-02, -7.4089e-03, +1.0388e-01, +2.7047e-02, -8.6457e-02, -1.0494e-02, -7.7145e-02, -2.0299e-01, +5.7792e-02, +1.6982e-02
+1.0859e-01, -2.0228e-02, -7.3901e-02, +2.1282e-02, -1.0000e+00, -5.0568e-02, +1.1686e-02, -3.5319e-03, +2.0736e-02, +1.0238e-01, -1.3520e-01, -5.9591e-02, -3.8554e-02, +7.4973e-02, -5.8646e-02, +6.6275e-02, +7.7641e-02, -7.5221e-02, -1.2773e-01, -1.3691e-03, +1.1469e-02, +5.5090e-02, +4.6620e-02, -4.5143e-02, +1.1834e-01, +1.2062e-02, -1.0916e-02, -1.6153e-01, -3.2631e-02, -8.9237e-02, -3.7487e-03, +2.2993e-02, +3.3360e-02, +5.8172e-02, +4.6855e-02, +2.7309e-02, -1.4858e-01, +6.5247e-02, -2.3588e-02, +3.6900e-02, -6.4385e-02, -3.4354e-02, +5.1413e-02, +1.3376e-02, -4.1399e-02, +7.2810e-03, -1.2258e-01, +1.4185e-01, -2.0040e-02, +1.1367e-02
+3.3277e-02, +3.7436e-02, -1.4116e-01, -1.1841e-01, -5.0568e-02, -1.0000e+00, +9.6735e-02, -2.9918e-02, +1.8797e-01, +6.0430e-02, -3.9130e-01, +5.0237e-02, -1.3497e-01, -2.1017e-01, -1.3045e-01, +1.2964e-01, +1.1823e-01, -8.2622e-02, -1.9003e-01, -1.3611e-01, -3.1407e-02, +3.1694e-03, +9.0586e-02, -9.6391e-02, -1.0251e-01, -1.0447e-01, -2.4070e-01, -1.9801e-01, -1.5267e-01, -2.3970e-02, -1.4657e-01, -1.3089e-02, -2.8285e-02, -9.6750e-02, -2.5374e-02, +1.2773e-02, -1.9164e-02, -1.1736e-01, -1.0203e-01, +2.3027e-02, -1.2621e-01, -6.7494e-03, +3.2404e-01, -3.6430e-02, -1.8123e-01, +1.9001e-03, -2.1182e-01, -1.4506e-01, +1.0275e-01, +1.3722e-02
-7.2622e-02, +5.7320e-02, -4.6767e-02, +3.7207e-03, +1.1686e-02, +9.6735e-02, -1.0000e+00, +9.0928e-02, -6.3007e-02, +4.6426e-02, +9.2648e-02, -4.9072e-02, +1.1252e-01, +3.6460e-02, -7.4588e-02, +5.5314e-03, +1.6378e-02, +1.2103e-02, -4.9671e-02, -2.3225e-02, -8.5185e-02, +6.6359e-03, +7.6056e-02, -2.1421e-02, +3.5597e-02, +8.7244e-03, +2.0027e-01, +6.4017e-02, +1.2799e-01, -3.8639e-02, +4.9442e-02, -1.1234e-02, +8.7356e-03, +3.1924e-02, +5.1492e-02, +1.5940e-02, +4.3690e-02, +1.0729e-01, +3.3316e-02, +1.4653e-02, +2.8987e-02, -5.6613e-02, -1.4553e-01, +3.1357e-02, -4.9649e-03, -2.0528e-03, +1.2520e-02, -4.9838e-03, -3.5425e-02, -6.3634e-02
-1.2725e-02, -4.4831e-02, +2.1233e-02, -6.9547e-02, -3.5319e-03, -2.9918e-02, +9.0928e-02, -1.0000e+00, -4.0960e-02, +7.1658e-02, -4.6987e-02, +1.2039e-03, +5.2894e-02, -1.1140e-02, -3.1661e-02, +6.5632e-02, +5.5891e-02, -7.2586e-02, +1.1653e-02, +6.5204e-03, -7.4530e-03, -7.1348e-02, +4.6155e-02, +3.2260e-02, -4.1793e-02, +7.0964e-02, -1.0006e-01, -3.6264e-02, -3.7039e-02, -5.7430e-02, +2.1282e-02, +2.0069e-02, +2.3846e-02, -2.3812e-02, +1.0229e-01, -1.2008e-02, -5.0283e-02, -7.4279e-02, -7.0419e-02, -2.7113e-02, +3.6951e-02, -4.9199e-02, +1.4457e-01, +7.1077e-03, -1.3240e-01, +9.7790e-02, +1.2589e-02, -1.7381e-01, +4.4541e-03, +1.1550e-01
-8.7023e-02, -3.3516e-02, -2.1354e-02, +1.1329e-01, +2.0736e-02, +1.8797e-01, -6.3007e-02, -4.0960e-02, -1.0000e+00, -2.7477e-02, +1.4273e-01, +6.4552e-02, -4.8188e-02, +6.4783e-02, +7.4265e-02, -2.4733e-02, +1.0783e-01, +5.9153e-02, +3.8939e-02, +6.1197e-02, -2.4651e-02, -2.4125e-02, -1.5341e-01, +3.7100e-02, +6.3041e-02, -2.3014e-02, +1.8705e-01, +6.7929e-02, +1.7485e-01, +1.6459e-02, +1.2111e-01, -2.7184e-02, +3.3645e-02, -7.0053e-02, -3.9280e-04, -3.1012e-02, +4.8573e-02, +7.2357e-02, +6.3823e-02, +7.0870e-03, +1.5425e-01, +8.0421e-02, -4.2918e-02, -2.7691e-02, -8.3977e-02, +2.5074e-02, +9.6638e-02, +1.8202e-01, +5.9947e-03, +9.8829e-02
+3.7080e-03, +1.8250e-01, +9.1523e-02, +1.7120e-01, +1.0238e-01, +6.0430e-02, +4.6426e-02, +7.1658e-02, -2.7477e-02, -1.0000e+00, -5.3880e-02, +3.2089e-01, +1.6137e-02, +3.0433e-02, +2.4719e-01, -3.3061e-02, +2.6886e-02, +7.9955e-02, +5.6408e-02, -8.7855e-02, +1.9726e-02, -7.7939e-02, +1.7030e-01, -1.8019e-01, -6.0019e-02, +4.7111e-02, +6.9859e-02, +1.3822e-01, +1.0022e-01, -1.7688e-02, +4.9367e-02, -4.9400e-02, +2.0995e-03, -1.0828e-01, -2.4796e-02, -5.9478e-03, +1.6265e-02, +8.1199e-02, +2.8272e-02, +2.7189e-02, +1.7166e-01, +2.9997e-01, +4.0168e-02, -1.7000e-03, -3.0599e-02, +4.2486e-02, +1.6486e-01, +4.6736e-02, -5.2357e-02, +5.0959e-02
+6.6737e-02, +9.9359e-02, -2.0504e-01, -1.2164e-01, -1.3520e-01, -3.9130e-01, +9.2648e-02, -4.6987e-02, +1.4273e-01, -5.3880e-02, -1.0000e+00, +2.8946e-02, -6.0325e-02, -9.5237e-02, -1.8544e-01, +1.0785e-01, +1.8492e-01, -5.0823e-02, -1.4712e-01, -2.2139e-01, +5.0677e-02, -3.6218e-03, +4.6723e-02, -1.4918e-01, -1.7200e-01, -1.6674e-01, -2.9744e-01, -2.1889e-01, -6.4120e-02, -1.2053e-01, -1.0786e-01, +3.2102e-02, -3.7759e-02, -5.4014e-02, +1.7541e-02, -3.8843e-03, -1.0724e-01, -1.0573e-01, -1.8458e-01, +2.1049e-02, -1.3096e-01, -2.6357e-03, +3.8931e-01, -2.9073e-02, -2.1414e-01, -9.7555e-02, -9.3241e-02, +5.1256e-02, +7.4916e-02, +1.6325e-03
+5.6026e-02, +6.2109e-02, +6.1610e-02, +3.6316e-02, -5.9591e-02, +5.0237e-02, -4.9072e-02, +1.2039e-03, +6.4552e-02, +3.2089e-01, +2.8946e-02, -1.0000e+00, +4.0616e-02, +6.5697e-02, -3.1057e-02, -6.6308e-02, -3.0005e-01, -5.7242e-02, +2.1703e-02, +2.8329e-02, -6.5561e-02, +7.8228e-02, +3.4312e-01, +8.3651e-02, +6.8513e-02, -1.9255e-02, +1.9950e-02, -2.2782e-03, +2.4292e-03, +2.7259e-02, -1.3348e-01, +4.0419e-02, +2.2156e-02, +1.3659e-01, +6.1254e-02, -1.9076e-02, -9.0457e-02, -2.4155e-02, +2.5981e-02, -1.2796e-02, -6.8904e-02, -3.1332e-01, -9.9034e-02, +5.7862e-02, +1.5282e-01, +2.5307e-02, +2.9017e-04, +5.8354e-03, -3.2660e-02, -3.4670e-02
-7.2254e-02, +3.5342e-02, +3.1985e-02, -5.1240e-02, -3.8554e-02, -1.3497e-01, +1.1252e-01, +5.2893e-02, -4.8188e-02, +1.6137e-02, -6.0325e-02, +4.0616e-02, -1.0000e+00, -1.8215e-02, +3.0682e-03, +1.1172e-01, +4.6413e-02, +3.6412e-03, -1.3039e-02, +2.5145e-02, -1.9127e-02, +1.3486e-01, +6.3994e-02, -5.3536e-02, +5.2035e-02, -2.5837e-02, -6.5746e-02, -1.2719e-01, -7.2450e-02, -8.5435e-02, -8.8165e-02, -7.7133e-02, -6.1339e-02, -7.8626e-02, -2.5821e-02, -1.0031e-02, -9.3850e-03, -4.0143e-02, +1.8733e-02, -7.4732e-02, -3.1195e-02, +7.9501e-02, +8.6726e-02, -1.3037e-01, -6.2791e-02, +5.2908e-02, +2.2591e-02, +3.9779e-02, +3.5031e-01, -7.7337e-02
-1.0291e-01, +1.4689e-01, -9.9313e-02, -1.0034e-02, +7.4973e-02, -2.1017e-01, +3.6460e-02, -1.1140e-02, +6.4783e-02, +3.0433e-02, -9.5237e-02, +6.5697e-02, -1.8215e-02, -1.0000e+00, -2.4477e-02, +2.3225e-02, +3.3954e-02, -8.3948e-02, -6.9347e-02, -1.2953e-01, +2.3306e-02, -3.8240e-02, +6.5738e-03, -1.9197e-01, -9.7786e-02, -4.9152e-02, -2.4488e-01, -1.3609e-01, -5.4992e-02, -1.6922e-01, -8.3291e-02, -1.9613e-02, -4.7940e-02, -1.5612e-01, +3.3272e-02, +2.8286e-02, +1.4040e-02, -2.3142e-02, -7.8675e-02, -8.7822e-03, -6.6969e-02, +3.9627e-02, +1.8487e-01, -9.7331e-02, -1.4901e-01, -5.6333e-02, -9.9418e-02, -1.4990e-01, +1.0697e-01, -1.0563e-02
+3.8904e-02, +3.0375e-02, -1.2153e-02, -7.8480e-02, -5.8646e-02, -1.3045e-01, -7.4588e-02, -3.1661e-02, +7.4265e-02, +2.4719e-01, -1.8544e-01, -3.1057e-02, +3.0682e-03, -2.4477e-02, -1.0000e+00, +2.0544e-02, -3.2673e-02, -1.0147e-02, -9.0948e-02, -1.0552e-01, -6.4971e-03, -8.5540e-03, -1.2987e-01, -1.4515e-02, -7.0012e-02, -2.0595e-02, -1.3648e-01, -7.3145e-02, -1.4540e-01, -6.0676e-02, -4.6271e-02, +3.0081e-02, +1.5139e-02, -4.8812e-02, -6.9136e-03, -2.1288e-02, +6.0989e-02, -2.0269e-02, -6.3696e-02, +1.2117e-02, -1.3911e-01, -8.3086e-03, +6.0345e-02, +6.0346e-02, -1.1774e-01, -1.4087e-02, -1.5420e-01, -3.2290e-02, -3.0946e-03, +2.5703e-02
+9.9455e-03, -4.0736e-02, +1.0808e-01, +5.4608e-02, +6.6275e-02, +1.2964e-01, +5.5314e-03, +6.5632e-02, -2.4733e-02, -3.3061e-02, +1.0785e-01, -6.6308e-02, +1.1172e-01, +2.3225e-02, +2.0544e-02, -1.0000e+00, +8.7223e-03, +3.9860e-02, +5.9408e-03, +1.4293e-02, -2.7748e-02, -4.0860e-02, -2.7234e-02, +6.9548e-02, +4.8203e-03, +6.9686e-02, +5.7968e-02, +6.7812e-02, +3.3651e-03, +7.9371e-02, +1.0465e-01, +2.0339e-02, +2.0450e-02, -2.4760e-02, +1.2095e-02, -2.6172e-02, +7.1475e-02, +5.3418e-02, -3.3811e-02, -3.5287e-03, +7.1458e-02, +8.3141e-02, -4.8105e-02, +1.7103e-02, +1.2365e-01, -2.9592e-02, +7.7637e-02, -1.3797e-01, -1.0097e-01, +3.9611e-02
+4.8397e-02, -1.1997e-01, +6.0069e-02, +3.8733e-02, +7.7641e-02, +1.1823e-01, +1.6378e-02, +5.5891e-02, +1.0783e-01, +2.6886e-02, +1.8492e-01, -3.0005e-01, +4.6413e-02, +3.3954e-02, -3.2673e-02, +8.7223e-03, -1.0000e+00, +2.9835e-02, +4.5089e-02, -1.2277e-02, -1.5007e-02, -6.6307e-02, +1.2949e-02, +3.2849e-02, -8.6192e-03, +6.0382e-02, +2.7575e-02, +7.5600e-02, +1.4429e-01, +9.2166e-02, +1.8253e-02, -1.0609e-02, -2.0421e-03, +2.9132e-02, -8.7907e-03, -2.4507e-02, -4.5251e-02, +1.4531e-02, +8.0299e-02, -1.0243e-04, -3.3362e-02, -8.8653e-02, -4.1183e-02, -1.6559e-02, +1.1227e-01, -1.6518e-03, +4.7869e-02, -1.5095e-01, +4.4914e-02, -2.3039e-02
-5.5551e-02, +4.5442e-04, -3.4071e-02, -5.3231e-02, -7.5221e-02, -8.2622e-02, +1.2103e-02, -7.2586e-02, +5.9153e-02, +7.9955e-02, -5.0823e-02, -5.7242e-02, +3.6412e-03, -8.3948e-02, -1.0147e-02, +3.9860e-02, +2.9835e-02, -1.0000e+00, +2.0591e-02, -1.8816e-02, -1.2827e-02, -1.1287e-01, +4.6195e-02, +4.5257e-02, +4.9174e-03, -5.4213e-02, -5.5761e-02, -9.7330e-02, +2.2523e-02, -4.9343e-02, -3.9740e-02, +5.7071e-03, +5.4793e-02, +9.1362e-02, +1.4940e-01, +3.4121e-02, -2.4725e-03, -1.7284e-01, -4.7911e-02, -3.0203e-02, -6.5930e-02, -1.5622e-02, +6.9584e-02, -4.9937e-02, -7.1735e-02, +9.6301e-02, -6.9306e-02, -2.2267e-02, -8.7685e-03, +5.7809e-02
-5.7154e-03, -1.5324e-02, -7.4384e-02, -5.4030e-02, -1.2773e-01, -1.9003e-01, -4.9671e-02, +1.1653e-02, +3.8939e-02, +5.6408e-02, -1.4712e-01, +2.1703e-02, -1.3039e-02, -6.9347e-02, -9.0948e-02, +5.9408e-03, +4.5089e-02, +2.0591e-02, -1.0000e+00, -2.9961e-03, -7.0783e-03, +4.7064e-02, +4.8269e-02, -4.1934e-02, -2.8226e-02, +3.8545e-02, -7.3866e-02, -9.4196e-02, +8.8854e-02, -1.5878e-02, +2.4141e-03, +3.0731e-02, +1.4132e-02, -8.8289e-02, +5.0471e-02, +2.0603e-02, -2.4143e-02, -5.7355e-02, -4.1800e-02, -5.7505e-04, -3.6619e-02, -8.7937e-02, +7.1193e-02, +2.6407e-04, -1.1641e-01, -1.1635e-01, -8.4448e-02, -6.8115e-02, -1.0009e-02, +2.2574e-03
+2.0893e-02, +1.8259e-01, -1.0050e-01, -9.0873e-02, -1.3691e-03, -1.3611e-01, -2.3225e-02, +6.5204e-03, +6.1197e-02, -8.7855e-02, -2.2139e-01, +2.8329e-02, +2.5145e-02, -1.2953e-01, -1.0552e-01, +1.4293e-02, -1.2277e-02, -1.8816e-02, -2.9961e-03, -1.0000e+00, -3.7397e-02, -9.8547e-02, -8.8947e-02, -4.1864e-02, -1.5796e-01, -1.0993e-02, -1.5599e-01, -1.4831e-01, -5.2413e-02, -1.3244e-01, -4.1915e-02, +2.1302e-03, -9.3962e-02, -8.3772e-02, -4.1718e-02, -2.5504e-02, +1.3113e-01, -1.0997e-01, -1.4896e-01, +3.7428e-03, -6.0483e-02, +2.6824e-02, +7.1695e-02, -2.4564e-02, -1.2033e-01, -1.3883e-02, -1.5305e-01, -1.0369e-02, -1.6363e-02, +8.1458e-02
+8.7885e-04, +5.6864e-02, +1.0740e-01, -6.6860e-02, +1.1469e-02, -3.1407e-02, -8.5185e-02, -7.4530e-03, -2.4651e-02, +1.9726e-02, +5.0677e-02, -6.5561e-02, -1.9127e-02, +2.3306e-02, -6.4971e-03, -2.7748e-02, -1.5007e-02, -1.2827e-02, -7.0783e-03, -3.7397e-02, -1.0000e+00, +1.1502e-01, -3.8136e-02, -2.1436e-02, -1.9108e-03, +3.7678e-02, -2.7326e-02, +6.0572e-02, +3.8916e-02, -5.3778e-02, +5.3119e-02, -1.5686e-02, +1.4606e-02, -1.1894e-01, +5.9595e-02, -5.8920e-02, +1.0974e-02, -2.8797e-03, +5.6971e-02, -2.1074e-02, +1.4237e-02, -1.4020e-02, -2.4074e-02, +1.0539e-01, +3.8212e-02, +1.1015e-02, -2.3539e-04, -1.2408e-01, +9.0593e-02, +9.3767e-02
+9.8039e-02, -9.4266e-02, -2.1421e-02, +5.0376e-02, +5.5090e-02, +3.1694e-03, +6.6359e-03, -7.1348e-02, -2.4125e-02, -7.7939e-02, -3.6218e-03, +7.8228e-02, +1.3486e-01, -3.8240e-02, -8.5540e-03, -4.0860e-02, -6.6307e-02, -1.1287e-01, +4.7064e-02, -9.8547e-02, +1.1502e-01, -1.0000e+00, -7.4820e-02, +1.1118e-01, -2.7765e-02, -5.8955e-02, +7.8622e-02, +2.7968e-02, +1.6913e-01, +2.7822e-02, +5.1433e-02, -1.0655e-01, -2.3858e-03, +2.3482e-01, +4.3552e-02, +3.2769e-02, +2.1148e-01, -1.1513e-01, -9.4298e-03, +5.4873e-02, +2.4208e-02, +1.2438e-01, +3.9103e-02, +8.1302e-02, -8.3465e-02, +2.0297e-01, +1.7620e-02, -7.3389e-02, -8.3135e-02, +3.3360e-02
-4.8159e-02, +3.3606e-02, -9.5418e-02, -1.2485e-01, +4.6620e-02, +9.0586e-02, +7.6056e-02, +4.6155e-02, -1.5341e-01, +1.7030e-01, +4.6723e-02, +3.4312e-01, +6.3994e-02, +6.5739e-03, -1.2987e-01, -2.7234e-02, +1.2949e-02, +4.6195e-02, +4.8269e-02, -8.8947e-02, -3.8136e-02, -7.4820e-02, -1.0000e+00, -2.9180e-02, -1.1243e-01, -1.7481e-03, +7.1254e-02, -1.0842e-02, +4.2719e-02, +6.4829e-02, +1.3872e-01, -6.9426e-02, -2.8957e-02, -2.0230e-01, -8.7208e-02, +1.7672e-02, +7.4170e-02, -2.1977e-02, +6.2135e-02, -3.6445e-02, -3.5995e-03, +1.5679e-01, -4.3640e-02, +2.1499e-02, +7.8174e-02, -2.5430e-02, -1.0028e-01, +9.1978e-02, -9.3483e-02, +5.4968e-02
+3.4835e-02, +1.1053e-01, -1.0178e-01, -7.4208e-02, -4.5143e-02, -9.6391e-02, -2.1421e-02, +3.2260e-02, +3.7100e-02, -1.8019e-01, -1.4918e-01, +8.3651e-02, -5.3536e-02, -1.9197e-01, -1.4515e-02, +6.9548e-02, +3.2849e-02, +4.5257e-02, -4.1934e-02, -4.1864e-02, -2.1436e-02, +1.1118e-01, -2.9180e-02, -1.0000e+00, -8.9218e-02, -8.6657e-02, -1.4197e-01, -5.9171e-03, -3.0831e-02, -2.5074e-02, -1.2844e-01, +5.1315e-02, +2.6082e-02, -1.7013e-01, -8.9322e-02, +1.7221e-03, -5.3083e-02, +1.9514e-02, -5.1405e-02, -4.5452e-02, -3.7881e-02, +7.4029e-02, +2.2595e-01, -3.1176e-02, -1.1084e-01, -8.5136e-03, -2.1140e-02, -3.9966e-02, +1.0379e-01, +4.4110e-02
+6.4518e-02, +1.7805e-01, -2.5609e-02, -3.6134e-02, +1.1834e-01, -1.0251e-01, +3.5597e-02, -4.1793e-02, +6.3041e-02, -6.0019e-02, -1.7200e-01, +6.8513e-02, +5.2035e-02, -9.7786e-02, -7.0012e-02, +4.8203e-03, -8.6192e-03, +4.9174e-03, -2.8226e-02, -1.5796e-01, -1.9108e-03, -2.7765e-02, -1.1243e-01, -8.9218e-02, -1.0000e+00, -1.1578e-01, -2.2631e-01, +1.1893e-02, -1.1666e-01, -2.5164e-02, -3.6820e-02, -3.1839e-03, +3.7373e-02, -1.1373e-01, -3.8773e-02, +1.8387e-03, -3.8061e-02, -3.1230e-05, -4.7239e-02, +1.6135e-02, +1.2198e-03, +6.0230e-02, +1.0450e-01, -2.3416e-02, -3.2049e-02, -8.6249e-02, +1.0471e-01, -1.5174e-01, +1.2962e-02, +1.0524e-01
-7.9501e-02, +5.1622e-02, -3.3067e-02, -1.1328e-01, +1.2062e-02, -1.0447e-01, +8.7244e-03, +7.0964e-02, -2.3014e-02, +4.7111e-02, -1.6674e-01, -1.9255e-02, -2.5837e-02, -4.9152e-02, -2.0595e-02, +6.9686e-02, +6.0382e-02, -5.4213e-02, +3.8545e-02, -1.0993e-02, +3.7678e-02, -5.8955e-02, -1.7481e-03, -8.6657e-02, -1.1578e-01, -1.0000e+00, -3.6209e-03, -2.1959e-02, +3.5344e-03, -3.7593e-02, -1.3828e-01, -3.8361e-02, +1.5868e-02, +6.9364e-02, -1.8737e-02, +6.0854e-05, +3.5970e-04, +1.0847e-02, +6.5880e-02, -1.4052e-03, -1.1746e-01, +2.9374e-02, +8.9674e-02, +4.7447e-02, -6.2980e-02, +5.5352e-02, -1.8581e-02, +1.6352e-01, +1.6333e-01, -3.4679e-03
+4.1476e-02, +8.3232e-02, -1.7122e-01, -1.4727e-01, -1.0916e-02, -2.4070e-01, +2.0027e-01, -1.0006e-01, +1.8705e-01, +6.9859e-02, -2.9744e-01, +1.9950e-02, -6.5746e-02, -2.4488e-01, -1.3648e-01, +5.7968e-02, +2.7575e-02, -5.5761e-02, -7.3866e-02, -1.5599e-01, -2.7326e-02, +7.8622e-02, +7.1254e-02, -1.4197e-01, -2.2631e-01, -3.6209e-03, -1.0000e+00, -5.4888e-02, -3.0974e-01, -1.4855e-01, -1.1121e-01, +3.5275e-02, +4.4670e-02, -1.6919e-01, -5.5526e-02, -7.0949e-03, -4.3056e-02, -2.6386e-02, -1.3883e-01, -2.9999e-02, -1.1062e-01, +3.1943e-02, +3.3713e-01, -4.3451e-02, -2.4769e-01, -1.1147e-01, -1.3745e-01, -2.7653e-01, +5.8685e-02, +9.5944e-02
-1.2662e-01, +3.7769e-02, -5.7120e-02, -8.8887e-03, -1.6153e-01, -1.9801e-01, +6.4017e-02, -3.6264e-02, +6.7929e-02, +1.3822e-01, -2.1889e-01, -2.2782e-03, -1.2719e-01, -1.3609e-01, -7.3145e-02, +6.7812e-02, +7.5600e-02, -9.7330e-02, -9.4196e-02, -1.4831e-01, +6.0572e-02, +2.7968e-02, -1.0842e-02, -5.9171e-03, +1.1893e-02, -2.1959e-02, -5.4888e-02, -1.0000e+00, +5.5631e-02, +1.2773e-02, -2.2805e-02, +4.0171e-02, -6.6955e-02, -4.3967e-02, +2.3639e-02, +7.1038e-02, +2.5873e-03, -8.6296e-02, -1.1642e-01, -5.7761e-03, -8.3011e-02, -6.8725e-02, +4.5532e-02, -7.7411e-03, -4.7261e-02, -7.3984e-02, -1.0892e-01, +4.2516e-02, +7.5296e-02, -5.3682e-02
+9.7855e-03, +1.0030e-01, +3.6462e-02, -7.5089e-02, -3.2631e-02, -1.5267e-01, +1.2799e-01, -3.7039e-02, +1.7485e-01, +1.0022e-01, -6.4120e-02, +2.4292e-03, -7.2450e-02, -5.4992e-02, -1.4540e-01, +3.3651e-03, +1.4429e-01, +2.2523e-02, +8.8854e-02, -5.2413e-02, +3.8916e-02, +1.6913e-01, +4.2719e-02, -3.0831e-02, -1.1666e-01, +3.5344e-03, -3.0974e-01, +5.5631e-02, -1.0000e+00, -6.9149e-02, -1.1573e-01, -1.0521e-02, +1.8791e-03, -4.5605e-02, -5.4828e-02, +7.5282e-03, -5.7395e-02, -4.6723e-02, -2.3825e-02, +5.0642e-03, -2.2031e-02, +1.7316e-02, +6.5869e-02, -6.3693e-03, -2.9253e-02, -2.7508e-03, -8.2421e-02, -8.6940e-02, +1.1992e-02, -4.4594e-03
-7.0526e-02, +1.2090e-01, -1.2590e-02, -6.3005e-02, -8.9237e-02, -2.3970e-02, -3.8639e-02, -5.7430e-02, +1.6459e-02, -1.7688e-02, -1.2053e-01, +2.7259e-02, -8.5435e-02, -1.6922e-01, -6.0676e-02, +7.9371e-02, +9.2166e-02, -4.9343e-02, -1.5878e-02, -1.3244e-01, -5.3778e-02, +2.7822e-02, +6.4829e-02, -2.5074e-02, -2.5164e-02, -3.7593e-02, -1.4855e-01, +1.2773e-02, -6.9149e-02, -1.0000e+00, -9.9387e-02, +4.6992e-02, -1.6043e-02, -3.7378e-02, +1.0541e-01, +2.9407e-02, +8.7553e-02, -2.8121e-02, -6.6184e-02, +1.7720e-02, -2.8401e-02, +1.0821e-02, +6.3812e-02, -3.2607e-02, -1.3950e-01, +1.0305e-02, -6.1489e-02, +4.9490e-02, +1.1371e-01, -1.8187e-02
-1.0484e-03, +6.7589e-02, +6.9849e-04, -8.2381e-02, -3.7487e-03, -1.4657e-01, +4.9442e-02, +2.1282e-02, +1.2111e-01, +4.9367e-02, -1.0786e-01, -1.3348e-01, -8.8165e-02, -8.3291e-02, -4.6271e-02, +1.0465e-01, +1.8253e-02, -3.9740e-02, +2.4141e-03, -4.1915e-02, +5.3119e-02, +5.1433e-02, +1.3872e-01, -1.2844e-01, -3.6820e-02, -1.3828e-01, -1.1121e-01, -2.2805e-02, -1.1573e-01, -9.9387e-02, -1.0000e+00, +6.1091e-02, -3.3213e-03, -2.1487e-03, +2.6418e-02, +1.0216e-02, +1.0016e-02, -1.7572e-01, +2.2474e-02, +3.2699e-02, -1.6303e-01, +8.4477e-03, +8.5394e-02, -4.4976e-02, -7.9362e-02, -1.7152e-02, -9.5573e-02, +2.6126e-01, +1.1717e-01, +4.7932e-02
-9.6375e-03, +6.2744e-02, +9.4705e-03, -2.9629e-02, +2.2993e-02, -1.3089e-02, -1.1234e-02, +2.0069e-02, -2.7184e-02, -4.9400e-02, +3.2102e-02, +4.0419e-02, -7.7133e-02, -1.9613e-02, +3.0081e-02, +2.0339e-02, -1.0609e-02, +5.7071e-03, +3.0731e-02, +2.1302e-03, -1.5686e-02, -1.0655e-01, -6.9426e-02, +5.1315e-02, -3.1839e-03, -3.8361e-02, +3.5275e-02, +4.0171e-02, -1.0521e-02, +4.6992e-02, +6.1091e-02, -1.0000e+00, +3.2987e-02, +2.6173e-02, -6.4905e-02, +1.6325e-02, -2.7070e-02, +2.0489e-02, +7.6793e-02, +2.0214e-02, +3.1397e-02, +3.9400e-02, +2.4673e-02, -8.1976e-02, +2.2951e-03, +3.3511e-02, +7.1621e-02, -7.9726e-02, +8.9532e-03, +3.1010e-02
-2.5690e-02, -9.5047e-03, +1.0484e-02, +8.5018e-02, +3.3360e-02, -2.8285e-02, +8.7356e-03, +2.3846e-02, +3.3645e-02, +2.0995e-03, -3.7759e-02, +2.2156e-02, -6.1339e-02, -4.7940e-02, +1.5139e-02, +2.0450e-02, -2.0421e-03, +5.4793e-02, +1.4132e-02, -9.3962e-02, +1.4606e-02, -2.3858e-03, -2.8957e-02, +2.6082e-02, +3.7373e-02, +1.5868e-02, +4.4670e-02, -6.6955e-02, +1.8791e-03, -1.6043e-02, -3.3213e-03, +3.2987e-02, -1.0000e+00, +6.8170e-03, -1.0068e-02, +4.3846e-03, +9.8086e-03, -4.0968e-02, +2.0958e-02, +9.6219e-03, -2.3276e-02, -6.2409e-03, +1.4539e-02, -2.1360e-02, -1.7131e-02, -1.5750e-02, -2.6654e-02, +5.2645e-02, +1.0581e-01, -3.4056e-02
-2.9957e-02, +7.4932e-02, -1.4904e-01, -2.3810e-02, +5.8172e-02, -9.6750e-02, +3.1924e-02, -2.3812e-02, -7.0053e-02, -1.0828e-01, -5.4014e-02, +1.3659e-01, -7.8626e-02, -1.5612e-01, -4.8812e-02, -2.4760e-02, +2.9132e-02, +9.1362e-02, -8.8289e-02, -8.3772e-02, -1.1894e-01, +2.3482e-01, -2.0230e-01, -1.7013e-01, -1.1373e-01, +6.9364e-02, -1.6919e-01, -4.3967e-02, -4.5605e-02, -3.7378e-02, -2.1487e-03, +2.6173e-02, +6.8170e-03, -1.0000e+00, -3.0189e-02, -1.2387e-01, -2.3861e-02, +2.6245e-02, -1.9534e-02, -5.6143e-03, +2.0885e-02, +5.1624e-03, +1.7439e-01, -5.1023e-02, -1.5068e-01, -7.7798e-02, -6.1427e-02, -1.1014e-01, -5.9305e-02, +9.1211e-02
+3.2249e-02, +4.5042e-02, -8.4647e-03, +3.7631e-02, +4.6855e-02, -2.5374e-02, +5.1492e-02, +1.0229e-01, -3.9280e-04, -2.4796e-02, +1.7541e-02, +6.1254e-02, -2.5821e-02, +3.3272e-02, -6.9136e-03, +1.2095e-02, -8.7907e-03, +1.4940e-01, +5.0471e-02, -4.1718e-02, +5.9595e-02, +4.3552e-02, -8.7208e-02, -8.9322e-02, -3.8773e-02, -1.8737e-02, -5.5526e-02, +2.3639e-02, -5.4828e-02, +1.0541e-01, +2.6418e-02, -6.4905e-02, -1.0068e-02, -3.0189e-02, -1.0000e+00, +1.7721e-02, -5.0331e-02, +2.1592e-02, +1.4847e-02, +5.9608e-03, -1.0797e-02, +8.2989e-02, -7.4325e-02, -4.9578e-02, -1.2072e-02, -5.3150e-03, +1.3807e-02, -6.5159e-02, -1.3852e-03, -2.1215e-02
+9.0579e-02, -4.8064e-02, -3.3548e-02, +5.7968e-03, +2.7309e-02, +1.2773e-02, +1.5940e-02, -1.2008e-02, -3.1012e-02, -5.9478e-03, -3.8843e-03, -1.9076e-02, -1.0031e-02, +2.8286e-02, -2.1288e-02, -2.6172e-02, -2.4507e-02, +3.4121e-02, +2.0603e-02, -2.5504e-02, -5.8920e-02, +3.2769e-02, +1.7672e-02, +1.7221e-03, +1.8387e-03, +6.0844e-05, -7.0950e-03, +7.1038e-02, +7.5282e-03, +2.9407e-02, +1.0216e-02, +1.6325e-02, +4.3846e-03, -1.2387e-01, +1.7721e-02, -1.0000e+00, -4.3412e-02, +6.5528e-02, -4.7011e-02, +3.1448e-03, +7.1363e-03, -6.9755e-02, +1.1509e-01, +1.3470e-02, -4.2910e-02, -1.0724e-02, -3.3748e-03, -5.8739e-02, +3.8859e-02, +4.2871e-02
+1.4936e-01, -8.9169e-03, -8.0169e-02, -1.8599e-02, -1.4858e-01, -1.9164e-02, +4.3690e-02, -5.0283e-02, +4.8574e-02, +1.6265e-02, -1.0724e-01, -9.0457e-02, -9.3850e-03, +1.4040e-02, +6.0989e-02, +7.1475e-02, -4.5251e-02, -2.4725e-03, -2.4143e-02, +1.3113e-01, +1.0974e-02, +2.1148e-01, +7.4170e-02, -5.3083e-02, -3.8061e-02, +3.5970e-04, -4.3056e-02, +2.5873e-03, -5.7395e-02, +8.7553e-02, +1.0016e-02, -2.7070e-02, +9.8086e-03, -2.3861e-02, -5.0331e-02, -4.3412e-02, -1.0000e+00, +1.7724e-01, -1.2857e-02, +2.8902e-02, +3.5693e-02, -7.3830e-02, +7.1215e-02, +5.6315e-02, +4.3423e-02, -7.6359e-02, +5.6768e-02, +6.8051e-02, -6.4704e-02, -1.4056e-02
-5.1800e-02, -2.7157e-02, +1.0165e-01, -3.9173e-02, +6.5247e-02, -1.1736e-01, +1.0729e-01, -7.4279e-02, +7.2357e-02, +8.1199e-02, -1.0573e-01, -2.4155e-02, -4.0143e-02, -2.3142e-02, -2.0269e-02, +5.3418e-02, +1.4531e-02, -1.7284e-01, -5.7355e-02, -1.0997e-01, -2.8797e-03, -1.1513e-01, -2.1977e-02, +1.9514e-02, -3.1229e-05, +1.0847e-02, -2.6386e-02, -8.6296e-02, -4.6723e-02, -2.8121e-02, -1.7572e-01, +2.0489e-02, -4.0968e-02, +2.6245e-02, +2.1592e-02, +6.5528e-02, +1.7724e-01, -1.0000e+00, -3.9279e-02, +2.6614e-02, -1.0000e-01, +3.2255e-02, +3.2968e-02, -5.7635e-02, -5.6781e-02, +5.0745e-02, -1.0449e-01, +1.1592e-01, +2.4656e-02, +6.2090e-02
+3.2286e-02, -2.9086e-03, -3.4810e-02, -9.0338e-02, -2.3588e-02, -1.0203e-01, +3.3316e-02, -7.0419e-02, +6.3823e-02, +2.8272e-02, -1.8458e-01, +2.5981e-02, +1.8733e-02, -7.8675e-02, -6.3696e-02, -3.3811e-02, +8.0299e-02, -4.7911e-02, -4.1800e-02, -1.4896e-01, +5.6971e-02, -9.4298e-03, +6.2135e-02, -5.1405e-02, -4.7239e-02, +6.5880e-02, -1.3883e-01, -1.1642e-01, -2.3825e-02, -6.6184e-02, +2.2474e-02, +7.6793e-02, +2.0958e-02, -1.9534e-02, +1.4847e-02, -4.7011e-02, -1.2857e-02, -3.9279e-02, -1.0000e+00, -6.1758e-02, -3.1006e-02, -6.5456e-02, +1.8784e-01, -2.0679e-02, -1.3488e-01, -4.0226e-03, -1.0914e-01, -1.3255e-01, +2.6007e-02, +1.0617e-01
+2.2296e-02, +4.1607e-02, -2.0938e-02, -3.2033e-02, +3.6900e-02, +2.3027e-02, +1.4653e-02, -2.7113e-02, +7.0870e-03, +2.7189e-02, +2.1049e-02, -1.2796e-02, -7.4732e-02, -8.7822e-03, +1.2117e-02, -3.5287e-03, -1.0243e-04, -3.0203e-02, -5.7505e-04, +3.7428e-03, -2.1074e-02, +5.4873e-02, -3.6445e-02, -4.5452e-02, +1.6135e-02, -1.4052e-03, -2.9999e-02, -5.7761e-03, +5.0642e-03, +1.7720e-02, +3.2699e-02, +2.0214e-02, +9.6219e-03, -5.6143e-03, +5.9608e-03, +3.1448e-03, +2.8902e-02, +2.6614e-02, -6.1758e-02, -1.0000e+00, -2.7954e-02, -2.5277e-02, +2.3584e-03, -8.4267e-04, +1.9170e-02, -3.7938e-02, +4.6410e-02, -2.5258e-02, +6.8590e-02, +1.7397e-02
+1.6276e-02, -2.1301e-02, -7.1484e-02, -4.6008e-02, -6.4385e-02, -1.2621e-01, +2.8987e-02, +3.6951e-02, +1.5425e-01, +1.7166e-01, -1.3096e-01, -6.8904e-02, -3.1195e-02, -6.6969e-02, -1.3911e-01, +7.1458e-02, -3.3362e-02, -6.5930e-02, -3.6619e-02, -6.0483e-02, +1.4237e-02, +2.4208e-02, -3.5995e-03, -3.7881e-02, +1.2198e-03, -1.1746e-01, -1.1062e-01, -8.3011e-02, -2.2031e-02, -2.8401e-02, -1.6303e-01, +3.1397e-02, -2.3276e-02, +2.0885e-02, -1.0797e-02, +7.1363e-03, +3.5693e-02, -1.0000e-01, -3.1006e-02, -2.7954e-02, -1.0000e+00, -2.0813e-02, +1.3061e-01, -2.5371e-02, -1.2888e-01, -1.8657e-02, -1.3596e-01, +7.1595e-02, -1.6919e-02, +5.4461e-02
+7.9468e-02, -1.3797e-01, -2.4650e-02, -7.4089e-03, -3.4354e-02, -6.7494e-03, -5.6613e-02, -4.9199e-02, +8.0421e-02, +2.9997e-01, -2.6357e-03, -3.1332e-01, +7.9501e-02, +3.9627e-02, -8.3086e-03, +8.3141e-02, -8.8653e-02, -1.5622e-02, -8.7937e-02, +2.6824e-02, -1.4020e-02, +1.2438e-01, +1.5679e-01, +7.4029e-02, +6.0230e-02, +2.9374e-02, +3.1943e-02, -6.8725e-02, +1.7316e-02, +1.0821e-02, +8.4477e-03, +3.9400e-02, -6.2409e-03, +5.1624e-03, +8.2989e-02, -6.9755e-02, -7.3830e-02, +3.2255e-02, -6.5456e-02, -2.5277e-02, -2.0813e-02, -1.0000e+00, +8.1153e-02, -2.0684e-02, +2.2445e-02, +2.2897e-02, +2.5362e-02, -2.3710e-02, -2.7799e-02, +3.0762e-03
-5.5883e-02, +3.3011e-01, +1.7198e-01, +1.0388e-01, +5.1413e-02, +3.2404e-01, -1.4553e-01, +1.4457e-01, -4.2918e-02, +4.0168e-02, +3.8931e-01, -9.9034e-02, +8.6726e-02, +1.8487e-01, +6.0345e-02, -4.8105e-02, -4.1183e-02, +6.9584e-02, +7.1193e-02, +7.1695e-02, -2.4074e-02, +3.9103e-02, -4.3640e-02, +2.2595e-01, +1.0450e-01, +8.9674e-02, +3.3713e-01, +4.5532e-02, +6.5869e-02, +6.3812e-02, +8.5394e-02, +2.4673e-02, +1.4539e-02, +1.7439e-01, -7.4325e-02, +1.1509e-01, +7.1215e-02, +3.2968e-02, +1.8784e-01, +2.3584e-03, +1.3061e-01, +8.1153e-02, -1.0000e+00, +2.4678e-01, +3.5613e-01, +6.4635e-03, +1.2928e-02, +2.6812e-01, -1.4265e-01, -2.0254e-01
+2.1591e-02, -4.9719e-02, -1.5403e-01, +2.7047e-02, +1.3376e-02, -3.6430e-02, +3.1357e-02, +7.1077e-03, -2.7691e-02, -1.7000e-03, -2.9073e-02, +5.7862e-02, -1.3037e-01, -9.7331e-02, +6.0346e-02, +1.7103e-02, -1.6559e-02, -4.9937e-02, +2.6407e-04, -2.4564e-02, +1.0539e-01, +8.1302e-02, +2.1499e-02, -3.1176e-02, -2.3416e-02, +4.7447e-02, -4.3451e-02, -7.7411e-03, -6.3693e-03, -3.2607e-02, -4.4976e-02, -8.1976e-02, -2.1360e-02, -5.1023e-02, -4.9578e-02, +1.3470e-02, +5.6315e-02, -5.7635e-02, -2.0679e-02, -8.4267e-04, -2.5371e-02, -2.0684e-02, +2.4678e-01, -1.0000e+00, -1.4362e-01, -1.1623e-01, +2.5140e-02, -5.8728e-02, +1.2079e-01, +1.2818e-02
-3.1677e-02, +4.5985e-02, -1.1419e-01, -8.6457e-02, -4.1399e-02, -1.8123e-01, -4.9649e-03, -1.3240e-01, -8.3977e-02, -3.0599e-02, -2.1414e-01, +1.5282e-01, -6.2791e-02, -1.4901e-01, -1.1774e-01, +1.2365e-01, +1.1227e-01, -7.1735e-02, -1.1641e-01, -1.2033e-01, +3.8212e-02, -8.3465e-02, +7.8174e-02, -1.1084e-01, -3.2049e-02, -6.2980e-02, -2.4769e-01, -4.7261e-02, -2.9253e-02, -1.3950e-01, -7.9362e-02, +2.2951e-03, -1.7131e-02, -1.5068e-01, -1.2072e-02, -4.2910e-02, +4.3423e-02, -5.6781e-02, -1.3488e-01, +1.9170e-02, -1.2888e-01, +2.2445e-02, +3.5613e-01, -1.4362e-01, -1.0000e+00, -6.3375e-02, -7.3541e-02, -2.1904e-01, +9.4033e-02, +1.0690e-01
-3.5877e-02, +1.0015e-01, -9.4360e-02, -1.0494e-02, +7.2810e-03, +1.9001e-03, -2.0528e-03, +9.7790e-02, +2.5074e-02, +4.2486e-02, -9.7555e-02, +2.5307e-02, +5.2908e-02, -5.6333e-02, -1.4087e-02, -2.9592e-02, -1.6519e-03, +9.6301e-02, -1.1635e-01, -1.3883e-02, +1.1015e-02, +2.0297e-01, -2.5430e-02, -8.5136e-03, -8.6249e-02, +5.5352e-02, -1.1147e-01, -7.3984e-02, -2.7508e-03, +1.0305e-02, -1.7152e-02, +3.3511e-02, -1.5750e-02, -7.7798e-02, -5.3150e-03, -1.0724e-02, -7.6359e-02, +5.0745e-02, -4.0226e-03, -3.7938e-02, -1.8657e-02, +2.2897e-02, +6.4635e-03, -1.1623e-01, -6.3375e-02, -1.0000e+00, -3.9400e-02, -3.5387e-02, +4.9237e-02, -8.1733e-02
-5.5218e-02, +5.2460e-02, -2.1203e-02, -7.7145e-02, -1.2258e-01, -2.1182e-01, +1.2520e-02, +1.2589e-02, +9.6638e-02, +1.6486e-01, -9.3241e-02, +2.9016e-04, +2.2591e-02, -9.9418e-02, -1.5420e-01, +7.7637e-02, +4.7869e-02, -6.9306e-02, -8.4448e-02, -1.5305e-01, -2.3539e-04, +1.7620e-02, -1.0028e-01, -2.1140e-02, +1.0471e-01, -1.8581e-02, -1.3745e-01, -1.0892e-01, -8.2421e-02, -6.1489e-02, -9.5573e-02, +7.1621e-02, -2.6654e-02, -6.1427e-02, +1.3807e-02, -3.3748e-03, +5.6768e-02, -1.0449e-01, -1.0914e-01, +4.6410e-02, -1.3596e-01, +2.5362e-02, +1.2928e-02, +2.5140e-02, -7.3541e-02, -3.9400e-02, -1.0000e+00, +1.0059e-01, -4.3313e-04, -5.4935e-03
+1.4651e-01, +1.6692e-02, -1.8163e-02, -2.0299e-01, +1.4185e-01, -1.4506e-01, -4.9838e-03, -1.7381e-01, +1.8202e-01, +4.6736e-02, +5.1256e-02, +5.8354e-03, +3.9779e-02, -1.4990e-01, -3.2290e-02, -1.3797e-01, -1.5095e-01, -2.2267e-02, -6.8115e-02, -1.0369e-02, -1.2408e-01, -7.3389e-02, +9.1978e-02, -3.9966e-02, -1.5174e-01, +1.6352e-01, -2.7653e-01, +4.2516e-02, -8.6940e-02, +4.9490e-02, +2.6126e-01, -7.9726e-02, +5.2645e-02, -1.1014e-01, -6.5159e-02, -5.8739e-02, +6.8051e-02, +1.1592e-01, -1.3255e-01, -2.5258e-02, +7.1595e-02, -2.3710e-02, +2.6812e-01, -5.8728e-02, -2.1904e-01, -3.5387e-02, +1.0059e-01, -1.0000e+00, -7.0544e-02, +1.8565e-01
+9.7772e-02, -1.6476e-01, +5.1263e-02, +5.7792e-02, -2.0040e-02, +1.0275e-01, -3.5425e-02, +4.4541e-03, +5.9947e-03, -5.2357e-02, +7.4916e-02, -3.2660e-02, +3.5031e-01, +1.0697e-01, -3.0946e-03, -1.0097e-01, +4.4914e-02, -8.7685e-03, -1.0009e-02, -1.6363e-02, +9.0593e-02, -8.3135e-02, -9.3483e-02, +1.0379e-01, +1.2962e-02, +1.6333e-01, +5.8685e-02, +7.5296e-02, +1.1992e-02, +1.1371e-01, +1.1717e-01, +8.9532e-03, +1.0581e-01, -5.9305e-02, -1.3853e-03, +3.8859e-02, -6.4704e-02, +2.4656e-02, +2.6007e-02, +6.8590e-02, -1.6919e-02, -2.7799e-02, -1.4265e-01, +1.2079e-01, +9.4033e-02, +4.9237e-02, -4.3312e-04, -7.0544e-02, -1.0000e+00, -5.0384e-02
-6.5387e-02, +7.5242e-02, -2.7319e-02, +1.6982e-02, +1.1367e-02, +1.3722e-02, -6.3634e-02, +1.1550e-01, +9.8829e-02, +5.0959e-02, +1.6325e-03, -3.4670e-02, -7.7337e-02, -1.0563e-02, +2.5703e-02, +3.9611e-02, -2.3039e-02, +5.7809e-02, +2.2574e-03, +8.1458e-02, +9.3767e-02, +3.3360e-02, +5.4968e-02, +4.4110e-02, +1.0524e-01, -3.4679e-03, +9.5944e-02, -5.3682e-02, -4.4594e-03, -1.8187e-02, +4.7932e-02, +3.1010e-02, -3.4056e-02, +9.1211e-02, -2.1215e-02, +4.2871e-02, -1.4056e-02, +6.2090e-02, +1.0617e-01, +1.7397e-02, +5.4461e-02, +3.0762e-03, -2.0254e-01, +1.2818e-02, +1.0690e-01, -8.1733e-02, -5.4935e-03, +1.8565e-01, -5.0384e-02, -1.0000e+00
