-1.0000e+00, -3.5922e-02, +5.0651e-02, -6.0914e-02, +5.2291e-03, -5.5629e-02, +5.4589e-02, -5.9217e-03, -1.3269e-01, +4.3075e-02, -3.7418e-02, -7.1351e-02, -4.8765e-02, +6.3572e-02, -7.4774e-02, -1.2930e-03, +7.9226e-02, -3.0435e-02, +7.8248e-02, +6.5136e-02, +9.8675e-02, +4.0686e-02, +2.2525e-02, +6.5953e-03, -4.2369e-02, -1.6624e-02, +4.2719e-02, -4.9456e-02, +4.3891e-02, +1.0832e-02, -6.2111e-02, -4.4717e-02, -2.9737e-02, +1.7482e-02, +8.8385e-02, +7.2193e-02, +1.6467e-01, -7.6335e-02, -2.7264e-02, -3.6093e-02, -1.2008e-01, -2.5215e-04, +7.6029e-03, -1.8812e-02, -2.3601e-02, +1.3534e-02, -2.5545e-02, +1.1199e-01, +5.9272e-02, -6.1778e-02
-3.5922e-02, -1.0000e+00, -5.1096e-02, -3.9737e-02, -7.8796e-02, +1.8776e-02, -5.3601e-02, +5.9121e-02, -4.4710e-02, +5.0316e-02, -2.8450e-02, +3.7100e-02, -3.4521e-02, -4.8916e-02, -8.2596e-02, +1.1261e-03, +6.7617e-02, -4.5314e-02, -1.1439e-01, -5.9004e-03, -2.8641e-02, +1.8550e-02, +3.7541e-02, +7.8396e-02, +1.3606e-02, +1.2259e-01, -4.9515e-02, -7.1546e-02, -4.0742e-02, +3.4797e-03, +2.4806e-02, +3.5935e-02, -4.1839e-02, +2.5781e-02, +3.4483e-02, +1.0891e-01, -5.2292e-02, -3.0865e-02, +2.3486e-03, +5.6307e-02, +1.5342e-02, -4.1332e-02, +2.7241e-02, -1.5283e-04, +3.3886e-02, -6.1209e-02, -1.8892e-02, -1.0339e-02, +2.9633e-04, -7.3943e-03
+5.0651e-02, -5.1096e-02, -1.0000e+00, -7.2114e-02, +4.8915e-02, -1.4349e-01, -8.7395e-02, -3.5917e-03, -4.6682e-03, +5.8937e-02, -4.5275e-02, -6.5474e-03, +8.8260e-02, -5.3559e-02, +4.7918e-02, +3.5273e-02, +4.1793e-02, -4.9672e-02, -1.4810e-01, -9.7602e-03, +1.2270e-02, +2.3507e-02, +6.0797e-02, -9.5138e-02, +4.2931e-02, -6.4402e-02, -1.4341e-01, -1.1399e-01, -1.5211e-01, -1.0860e-02, -6.9039e-02, +9.4323e-02, -2.9913e-02, +5.7294e-02, -4.7421e-03, +3.7795e-02, -1.7392e-01, -8.7556e-03, -4.9327e-02, +1.2147e-01, -4.1629e-02, +1.8867e-02, -4.7863e-03, +7.6915e-02, -6.8106e-02, -8.9672e-02, -9.4582e-02, +8.4378e-02, -8.1220e-02, +5.7245e-02
-6.0914e-02, -3.9737e-02, -7.2114e-02, -1.0000e+00, +1.0984e-01, -2.1480e-01, -1.8520e-01, -4.3007e-03, -1.3936e-02, +1.1885e-01, -3.1491e-01, -9.4073e-02, +1.1192e-01, -7.0161e-02, -7.1395e-02, +4.3352e-02, +3.8632e-02, -1.2856e-01, -9.6441e-02, -3.8495e-02, +1.5158e-02, +1.1611e-01, +5.4516e-02, -1.1650e-01, -9.8392e-02, -1.1321e-01, -3.9047e-02, -1.1385e-01, +2.5905e-02, +4.7598e-02, -7.6810e-02, +1.1530e-02, +9.5203e-03, +5.7618e-03, -5.9400e-02, +5.7010e-04, +8.4429e-02, -1.7513e-01, -1.1229e-01, +1.6285e-01, -8.1097e-02, -2.2567e-02, -6.5481e-04, -1.4492e-02, -1.4652e-01, -6.2553e-02, -5.1455e-02, +1.1815e-01, -7.2087e-03, +4.4199e-02
+5.2291e-03, -7.8796e-02, +4.8915e-02, +1.0984e-01, -1.0000e+00, +1.2919e-04, +5.2014e-02, -4.1806e-02, -2.6858e-02, -1.6076e-02, -3.0795e-02, -3.6440e-02, +1.4078e-02, +9.4840e-02, -9.3396e-03, -1.1515e-02, +1.0349e-01, -2.0127e-03, -8.4294e-02, -1.8683e-02, +4.2891e-03, -3.9443e-02, +2.4422e-02, -6.4942e-02, +9.4461e-03, +1.3981e-03, -8.0485e-02, -8.2322e-02, -7.7471e-02, -1.4118e-01, +3.4826e-02, +1.7252e-02, +1.0690e-02, -4.1607e-03, +5.8698e-02, +3.7645e-02, -1.8692e-01, +1.6449e-01, +9.9111e-02, +5.7703e-02, +4.9263e-02, -3.7802e-02, -5.2215e-02, +7.6747e-02, -2.4443e-02, +8.8143e-03, +4.9600e-02, +9.4505e-02, +1.3197e-01, -4.2961e-02
-5.5629e-02, +1.8776e-02, -1.4349e-01, -2.1480e-01, +1.2919e-04, -1.0000e+00, -1.5480e-01, -1.9485e-04, -9.0997e-02, +8.8082e-02, -3.0138e-01, -1.0379e-01, +1.7121e-01, -6.4535e-02, -1.7583e-01, +5.2322e-02, -4.6207e-02, -1.7643e-01, -2.8821e-01, +3.9828e-02, +1.5296e-01, +1.0859e-01, +3.6877e-02, -5.1182e-02, -5.3612e-02, -1.2571e-02, -2.1421e-01, -1.7403e-01, -1.3446e-01, -2.9219e-03, -1.2374e-01, +1.2172e-01, +2.8240e-03, +3.7670e-02, -1.2921e-02, -1.3258e-01, +7.1405e-02, -1.1783e-01, -1.5649e-02, +1.0515e-01, -1.4842e-01, -1.8299e-02, -1.1097e-01, +4.6569e-02, -1.8655e-01, +2.7938e-02, -3.0407e-01, +4.5305e-02, -1.8107e-01, +8.8458e-02
+5.4589e-02, -5.3601e-02, -8.7395e-02, -1.8520e-01, +5.2014e-02, -1.5480e-01, -1.0000e+00, +6.9763e-02, +1.4762e-03, -3.0201e-03, -8.2691e-02, +1.1629e-02, +4.6057e-02, -7.1921e-02, -1.3115e-01, +5.6721e-02, +9.0213e-02, -7.0109e-02, -1.2114e-01, -9.8155e-02, +4.4775e-02, +1.2073e-01, +6.6569e-02, -6.1020e-02, -1.8532e-02, +7.4185e-02, -1.0467e-01, -3.7505e-02, -4.0327e-02, -4.4518e-02, -1.9303e-02, +4.9260e-02, +6.4539e-02, +8.7423e-02, -4.9760e-02, +8.7944e-03, +9.2324e-03, +4.6378e-02, -7.4194e-02, +9.4214e-02, -5.6889e-02, +4.5059e-02, -3.5264e-02, -6.3486e-02, -1.0907e-01, -7.9731e-02, -9.5494e-03, -6.4438e-02, -8.1730e-02, +3.7405e-02
-5.9217e-03, +5.9121e-02, -3.5917e-03, -4.3007e-03, -4.1806e-02, -1.9485e-04, +6.9763e-02, -1.0000e+00, -7.3501e-02, +5.2986e-02, -2.2406e-02, -2.1641e-02, -9.9609e-03, -5.8525e-02, -6.1501e-02, +1.3899e-02, +3.1854e-02, -8.6951e-02, +3.6954e-02, +5.6793e-03, +1.3582e-02, -3.9863e-03, +1.2958e-01, -3.7736e-03, +1.1338e-02, -7.9297e-03, -1.4081e-01, -6.0638e-02, -4.2173e-02, -2.9100e-03, -9.5634e-03, +8.1967e-03, +1.8146e-02, +1.1248e-02, -3.1618e-02, -4.3323e-02, +6.6842e-03, -7.4167e-02, -2.9720e-02, +7.9070e-02, -1.3900e-02, +3.6648e-02, +1.7044e-02, -6.6993e-03, -6.3603e-02, +1.1511e-01, -3.3537e-02, -9.6176e-02, +3.5260e-02, +2.1267e-02
-1.3269e-01, -4.4710e-02, -4.6682e-03, -1.3936e-02, -2.6858e-02, -9.0997e-02, +1.4762e-03, -7.3501e-02, -1.0000e+00, +4.6464e-02, +1.3134e-02, -1.1832e-01, +5.3233e-02, +8.7169e-03, -9.5835e-03, -7.3580e-02, -1.3321e-02, -8.0777e-02, +6.0534e-02, -6.5690e-03, +6.5563e-02, +2.8460e-02, +1.9059e-03, +3.3054e-02, +1.4690e-02, +4.1924e-02, +1.2026e-03, -4.0358e-03, -2.9090e-02, -4.5318e-02, -1.8997e-02, +3.6365e-02, -1.4800e-02, -2.9999e-02, -7.7481e-03, +3.1027e-02, +8.8145e-02, -1.4564e-02, +2.1752e-02, -8.1056e-02, +5.1751e-02, +6.9665e-02, +2.6612e-02, +2.3983e-02, -4.1803e-02, -2.9846e-02, -4.6890e-02, +1.5143e-01, +1.8696e-02, +7.0367e-02
+4.3075e-02, +5.0316e-02, +5.8937e-02, +1.1885e-01, -1.6076e-02, +8.8082e-02, -3.0201e-03, +5.2986e-02, +4.6464e-02, -1.0000e+00, -1.2533e-01, +6.3550e-02, +1.1366e-01, -1.0849e-02, +1.0803e-01, -4.5256e-02, +5.8638e-02, +4.4592e-02, -2.7147e-03, +2.9380e-03, +2.2348e-02, -1.2663e-03, +1.0948e-01, -5.7965e-02, +2.4321e-02, +7.9048e-02, -2.5400e-02, +6.2999e-02, +8.4099e-02, +2.1268e-02, -3.8455e-02, -4.3915e-02, +1.2948e-03, -2.8255e-02, -2.5425e-02, -9.5972e-03, -8.0574e-04, +1.2379e-02, +4.4055e-02, +1.9012e-03, +6.4692e-02, +7.6514e-03, +8.7384e-03, -4.1158e-02, +5.0118e-02, +5.1308e-02, +1.4324e-01, -5.9356e-03, +1.2931e-02, +3.7203e-02
-3.7418e-02, -2.8450e-02, -4.5275e-02, -3.1491e-01, -3.0795e-02, -3.0138e-01, -8.2691e-02, -2.2406e-02, +1.3134e-02, -1.2533e-01, -1.0000e+00, -1.4189e-01, +1.5212e-01, -6.0998e-02, -1.7438e-01, +9.2340e-02, +8.3976e-02, -1.6560e-01, -2.9335e-01, -3.9283e-02, +9.9125e-02, +1.6772e-01, +2.4421e-01, -1.3150e-01, -7.2749e-02, -8.7412e-02, -2.5471e-01, -2.3850e-01, -6.2633e-02, -2.8789e-02, -1.7530e-01, -1.1723e-02, +1.1320e-01, +3.5467e-02, +7.7511e-02, -5.0371e-02, +2.6106e-03, -1.1002e-01, -8.0347e-02, +1.9074e-01, -1.1266e-01, +1.0920e-02, +4.5526e-02, +1.1775e-01, -2.3036e-01, -7.8393e-02, -1.7195e-01, +1.3688e-01, -1.7656e-02, +7.5891e-02
-7.1351e-02, +3.7100e-02, -6.5474e-03, -9.4073e-02, -3.6440e-02, -1.0379e-01, +1.1629e-02, -2.1641e-02, -1.1832e-01, +6.3550e-02, -1.4189e-01, -1.0000e+00, +3.2258e-01, -5.2483e-02, -8.2220e-02, +2.0561e-01, +7.5346e-02, -4.8332e-02, -1.1036e-01, +2.5174e-02, -2.0335e-02, +7.0370e-04, -1.5253e-02, -7.1521e-02, -7.9612e-03, +8.9043e-02, -8.5643e-02, -1.0598e-01, -7.9433e-02, +7.2434e-03, -1.3281e-01, -2.9812e-02, +5.0423e-02, -1.2324e-02, +8.6573e-02, +1.4612e-01, +4.6357e-02, -8.3183e-02, -1.1645e-02, +1.4736e-01, +1.5651e-02, -1.9398e-02, +1.9279e-04, +8.6208e-02, -6.8702e-02, -6.9921e-02, -7.5868e-02, +2.5468e-01, +1.0210e-01, +2.7908e-02
-4.8765e-02, -3.4521e-02, +8.8260e-02, +1.1192e-01, +1.4078e-02, +1.7121e-01, +4.6057e-02, -9.9609e-03, +5.3233e-02, +1.1366e-01, +1.5212e-01, +3.2258e-01, -1.0000e+00, +2.4387e-02, +1.2235e-01, -4.5852e-02, +7.1742e-02, +6.4544e-02, +1.0292e-01, -1.1332e-02, +2.1550e-01, +1.6029e-01, +1.3999e-01, +6.7316e-02, +1.3720e-02, -6.8825e-02, +1.2644e-01, +5.1303e-02, +3.3988e-02, -5.2582e-02, +1.0879e-01, +2.2777e-02, -1.4160e-02, +5.5475e-02, +7.9384e-02, +8.3001e-02, +5.8742e-03, +3.9853e-02, -1.7256e-02, +1.3068e-01, +9.0089e-02, +7.8230e-02, +4.3702e-03, +7.3417e-02, +6.2326e-02, +2.5612e-02, +1.1332e-01, +3.2602e-02, +9.2600e-02, -7.7897e-02
+6.3572e-02, -4.8916e-02, -5.3559e-02, -7.0161e-02, +9.4840e-02, -6.4535e-02, -7.1921e-02, -5.8525e-02, +8.7169e-03, -1.0849e-02, -6.0998e-02, -5.2483e-02, +2.4387e-02, -1.0000e+00, +1.5469e-02, +3.6389e-02, +1.0071e-01, -8.0723e-02, -5.9045e-02, +8.7961e-02, +3.0499e-02, +3.9081e-04, +4.8879e-02, -1.1688e-01, -6.2919e-02, +1.6512e-02, -1.5362e-01, -1.3599e-01, +4.2942e-03, -1.0973e-01, -1.8182e-01, -1.2636e-02, +9.1966e-02, +9.0237e-03, -8.8725e-02, -7.4150e-02, +8.3118e-02, -5.5712e-02, +2.7075e-02, +1.0640e-01, -5.6129e-02, +5.2107e-02, +3.1156e-02, +1.4037e-03, -8.2877e-02, -9.9018e-02, -4.2307e-02, +6.4094e-02, +7.5138e-02, -5.7438e-03
-7.4774e-02, -8.2596e-02, +4.7918e-02, -7.1396e-02, -9.3396e-03, -1.7583e-01, -1.3115e-01, -6.1501e-02, -9.5835e-03, +1.0803e-01, -1.7438e-01, -8.2220e-02, +1.2235e-01, +1.5468e-02, -1.0000e+00, -1.8415e-02, -6.8418e-02, -9.4063e-02, -1.6953e-01, -9.0292e-02, -2.4194e-03, +6.8076e-02, -5.1109e-02, -4.8524e-02, -3.5008e-02, +1.0578e-03, -1.6853e-01, -1.0326e-01, -2.6882e-02, -6.7106e-03, -8.5622e-02, -6.4230e-02, +3.3117e-02, +1.9313e-02, -6.2472e-02, -7.1415e-02, +4.9029e-02, -6.4030e-04, -3.7567e-02, +2.6274e-01, -1.4512e-01, +1.2715e-02, -7.2707e-02, -1.0735e-02, -1.0244e-01, -2.6562e-02, -6.7415e-02, -5.4694e-02, +5.3340e-02, +5.2973e-02
-1.2930e-03, +1.1261e-03, +3.5273e-02, +4.3352e-02, -1.1515e-02, +5.2322e-02, +5.6721e-02, +1.3899e-02, -7.3580e-02, -4.5256e-02, +9.2340e-02, +2.0561e-01, -4.5852e-02, +3.6389e-02, -1.8415e-02, -1.0000e+00, -3.2721e-02, +3.4733e-02, +4.8719e-02, -9.2315e-02, +1.3881e-02, -1.4073e-02, -6.4732e-02, -2.4467e-02, +2.4995e-02, -4.4402e-02, +6.8048e-02, +7.0021e-03, +3.3424e-02, -6.5964e-02, +7.4935e-02, -8.2715e-03, -6.9579e-02, -3.6092e-02, -2.2421e-02, +1.4595e-02, +8.3609e-02, +2.7976e-02, +3.2507e-02, -6.8134e-02, +2.3993e-03, +5.8344e-02, +3.2007e-02, -9.4793e-02, +2.6624e-02, -1.5835e-03, +1.8814e-02, +4.8270e-02, +4.5671e-02, +1.0273e-01
+7.9226e-02, +6.7617e-02, +4.1793e-02, +3.8632e-02, +1.0349e-01, -4.6207e-02, +9.0213e-02, +3.1854e-02, -1.3321e-02, +5.8638e-02, +8.3976e-02, +7.5346e-02, +7.1742e-02, +1.0071e-01, -6.8418e-02, -3.2721e-02, -1.0000e+00, +1.8355e-02, +1.3074e-01, +2.9167e-03, -9.7411e-02, +6.7782e-02, +1.2142e-01, +5.8541e-02, +1.0242e-01, +1.2785e-02, +8.3142e-02, +1.0727e-01, +1.6431e-01, +3.2241e-02, +1.6686e-01, -4.2706e-02, -3.3286e-02, -7.9038e-02, -2.8961e-02, +3.4493e-02, +1.1946e-02, -1.6077e-02, +1.0391e-01, -1.3766e-02, -2.9644e-02, -3.9145e-02, -4.7770e-02, -1.0297e-01, +1.3136e-01, +7.0689e-02, -9.6153e-02, -1.1739e-01, +3.1173e-02, +8.8130e-03
-3.0435e-02, -4.5314e-02, -4.9672e-02, -1.2856e-01, -2.0127e-03, -1.7643e-01, -7.0109e-02, -8.6951e-02, -8.0777e-02, +4.4592e-02, -1.6560e-01, -4.8332e-02, +6.4544e-02, -8.0723e-02, -9.4063e-02, +3.4733e-02, +1.8355e-02, -1.0000e+00, -5.8783e-03, -8.4292e-02, +1.0516e-01, +1.3815e-01, +6.1278e-02, +1.7379e-02, -6.5079e-03, -3.6881e-02, -1.7657e-01, -1.8530e-01, -8.6988e-02, -5.6324e-02, -1.8565e-02, +3.7956e-02, +1.0195e-01, +1.3025e-02, +1.4388e-03, +4.1066e-02, +5.6296e-02, -4.5794e-02, +1.5791e-02, +5.9171e-02, -9.4134e-02, -3.0701e-02, -1.8407e-03, +8.4381e-02, -1.1627e-01, +5.4191e-02, -1.5285e-01, -8.7867e-02, +3.6866e-02, -2.6054e-02
+7.8248e-02, -1.1439e-01, -1.4810e-01, -9.6441e-02, -8.4294e-02, -2.8821e-01, -1.2114e-01, +3.6954e-02, +6.0534e-02, -2.7147e-03, -2.9335e-01, -1.1036e-01, +1.0292e-01, -5.9045e-02, -1.6953e-01, +4.8719e-02, +1.3074e-01, -5.8783e-03, -1.0000e+00, -1.3354e-02, +4.1208e-02, +6.7049e-02, +3.2337e-02, -7.1336e-02, -5.2471e-02, +5.6845e-02, -2.9609e-01, -1.8020e-01, -1.9453e-01, -1.8312e-01, -6.8767e-02, +6.4271e-02, +3.9039e-02, +2.4037e-02, -3.0360e-02, +2.9035e-03, +5.9590e-02, -1.2193e-01, -2.8294e-02, +1.4806e-01, +2.0238e-02, +4.6377e-02, +5.8981e-04, +8.7152e-02, -1.5832e-01, -9.9283e-02, -1.9091e-01, +1.8804e-01, -7.6712e-02, +1.2677e-01
+6.5136e-02, -5.9004e-03, -9.7602e-03, -3.8495e-02, -1.8683e-02, +3.9828e-02, -9.8155e-02, +5.6793e-03, -6.5690e-03, +2.9380e-03, -3.9283e-02, +2.5174e-02, -1.1332e-02, +8.7961e-02, -9.0292e-02, -9.2315e-02, +2.9167e-03, -8.4292e-02, -1.3354e-02, -1.0000e+00, -2.9131e-02, +2.5388e-02, +1.9183e-02, -8.7162e-02, +9.7194e-02, -3.7988e-02, -1.7720e-02, -1.1138e-02, -5.0972e-02, -8.0599e-02, -2.5804e-02, -1.6153e-02, -4.0575e-02, +3.2980e-02, -8.6136e-03, +8.7161e-03, +1.6333e-01, +6.8497e-02, +3.6826e-02, +4.8560e-02, -2.6066e-02, +8.1655e-02, -4.4109e-02, +1.0330e-01, +3.1726e-02, +8.6059e-02, +7.2219e-02, -4.9205e-02, +2.8538e-01, +3.6016e-02
+9.8675e-02, -2.8641e-02, +1.2270e-02, +1.5158e-02, +4.2891e-03, +1.5296e-01, +4.4775e-02, +1.3582e-02, +6.5563e-02, +2.2348e-02, +9.9125e-02, -2.0335e-02, +2.1550e-01, +3.0499e-02, -2.4194e-03, +1.3881e-02, -9.7411e-02, +1.0516e-01, +4.1208e-02, -2.9131e-02, -1.0000e+00, -1.0614e-01, -3.3016e-03, +1.0414e-01, -1.1471e-01, +9.7904e-02, +3.6750e-02, +7.9028e-02, -4.8095e-02, +6.1318e-02, +1.9182e-02, -3.5114e-02, -1.6182e-02, -4.6701e-02, -5.8098e-02, -8.8762e-03, -8.3597e-03, -1.9028e-02, +6.1331e-02, +2.1975e-01, +1.9074e-02, -6.1209e-02, +6.3327e-02, -6.2630e-02, -2.3340e-02, -6.0204e-02, +4.0859e-02, -8.5047e-02, +6.9564e-02, +3.1155e-02
+4.0686e-02, +1.8550e-02, +2.3507e-02, +1.1611e-01, -3.9443e-02, +1.0859e-01, +1.2073e-01, -3.9863e-03, +2.8460e-02, -1.2663e-03, +1.6772e-01, +7.0371e-04, +1.6029e-01, +3.9081e-04, +6.8076e-02, -1.4073e-02, +6.7782e-02, +1.3815e-01, +6.7049e-02, +2.5388e-02, -1.0614e-01, -1.0000e+00, -1.8363e-02, +2.7975e-01, -7.2417e-02, +2.0593e-02, +1.8686e-01, +1.1923e-01, +4.4845e-02, +7.6926e-02, -2.8294e-02, -9.4868e-02, -3.3845e-02, -7.3512e-02, -4.5340e-02, +9.5594e-02, +3.5222e-02, +1.0818e-02, +6.4896e-02, +3.0581e-02, +2.1939e-02, -7.3251e-02, +1.3229e-02, +3.0663e-02, +5.2102e-02, +5.4430e-02, -1.1782e-02, -5.0724e-02, -1.2450e-01, +6.3815e-02
+2.2525e-02, +3.7541e-02, +6.0797e-02, +5.4516e-02, +2.4422e-02, +3.6877e-02, +6.6569e-02, +1.2958e-01, +1.9059e-03, +1.0948e-01, +2.4421e-01, -1.5253e-02, +1.3999e-01, +4.8879e-02, -5.1109e-02, -6.4732e-02, +1.2142e-01, +6.1278e-02, +3.2337e-02, +1.9183e-02, -3.3016e-03, -1.8363e-02, -1.0000e+00, -6.5933e-02, +3.6743e-02, +3.4077e-02, -2.8804e-03, +1.1198e-01, +1.1323e-01, +9.3838e-02, +1.8853e-01, -1.0368e-01, -5.5099e-02, -1.1157e-01, -9.6167e-02, -2.8356e-02, +1.2191e-02, +4.6884e-02, +1.5798e-01, +7.3753e-03, +3.6406e-02, +2.6557e-02, -1.0661e-01, -8.8940e-02, +1.3436e-01, +4.5722e-02, +4.7537e-02, -1.0408e-01, +1.1732e-02, +1.4659e-02
+6.5953e-03, +7.8396e-02, -9.5138e-02, -1.1650e-01, -6.4942e-02, -5.1182e-02, -6.1020e-02, -3.7736e-03, +3.3054e-02, -5.7965e-02, -1.3150e-01, -7.1521e-02, +6.7316e-02, -1.1688e-01, -4.8524e-02, -2.4467e-02, +5.8541e-02, +1.7379e-02, -7.1336e-02, -8.7162e-02, +1.0414e-01, +2.7975e-01, -6.5933e-02, -1.0000e+00, -8.5230e-03, -5.4657e-02, -1.0647e-01, -1.0752e-01, -2.9098e-02, +1.5591e-02, -1.5737e-01, +3.1536e-02, +5.0334e-02, +4.2643e-02, +2.9447e-02, -2.0654e-01, +7.1789e-03, -1.2640e-01, -3.8400e-02, +6.6454e-02, -5.4874e-03, -1.9641e-02, -3.4407e-03, -1.6320e-02, -3.4636e-02, -2.5294e-02, -6.1135e-02, +1.0141e-01, +2.0379e-01, +5.1115e-02
-4.2369e-02, +1.3606e-02, +4.2931e-02, -9.8392e-02, +9.4461e-03, -5.3612e-02, -1.8532e-02, +1.1338e-02, +1.4690e-02, +2.4321e-02, -7.2749e-02, -7.9612e-03, +1.3720e-02, -6.2919e-02, -3.5008e-02, +2.4995e-02, +1.0242e-01, -6.5079e-03, -5.2471e-02, +9.7194e-02, -1.1471e-01, -7.2417e-02, +3.6743e-02, -8.5230e-03, -1.0000e+00, +5.6860e-03, -1.3857e-02, -2.1037e-02, -2.6193e-02, +2.5065e-02, -2.4688e-02, -3.6610e-03, +6.6639e-02, -3.9160e-02, +2.5001e-02, -5.3118e-02, +5.7148e-02, -6.7402e-02, +1.7455e-02, +1.5416e-01, -4.0941e-03, -8.0558e-02, +6.3889e-02, -3.2855e-02, -1.7126e-01, -2.0918e-02, -9.2410e-02, +1.2181e-02, +3.8727e-02, -3.2856e-02
-1.6624e-02, +1.2259e-01, -6.4402e-02, -1.1321e-01, +1.3981e-03, -1.2571e-02, +7.4185e-02, -7.9297e-03, +4.1924e-02, +7.9048e-02, -8.7412e-02, +8.9043e-02, -6.8825e-02, +1.6512e-02, +1.0578e-03, -4.4402e-02, +1.2785e-02, -3.6881e-02, +5.6845e-02, -3.7988e-02, +9.7904e-02, +2.0593e-02, +3.4077e-02, -5.4657e-02, +5.6860e-03, -1.0000e+00, -4.0534e-02, +7.1966e-02, -2.5215e-03, -6.7920e-02, +8.7153e-02, -5.9964e-03, +1.1098e-02, -4.2750e-02, +3.7317e-02, +4.5609e-02, +1.5993e-02, +1.0596e-01, +3.0428e-02, +2.6505e-02, -2.5058e-02, +3.2897e-02, +3.8354e-02, +3.7104e-02, -1.1537e-01, +4.8768e-02, +1.5602e-02, -5.6968e-02, +4.9945e-02, -6.1071e-03
+4.2719e-02, -4.9515e-02, -1.4341e-01, -3.9047e-02, -8.0485e-02, -2.1421e-01, -1.0467e-01, -1.4081e-01, +1.2026e-03, -2.5400e-02, -2.5471e-01, -8.5643e-02, +1.2644e-01, -1.5362e-01, -1.6853e-01, +6.8048e-02, +8.3142e-02, -1.7657e-01, -2.9609e-01, -1.7720e-02, +3.6750e-02, +1.8686e-01, -2.8804e-03, -1.0647e-01, -1.3857e-02, -4.0534e-02, -1.0000e+00, -1.9331e-01, -1.4031e-01, -1.4657e-01, -9.7732e-02, +4.3640e-02, +1.2591e-01, +1.8804e-02, -2.0202e-02, -1.7829e-01, -1.1962e-01, -4.8216e-02, -8.9087e-02, +2.7066e-01, -1.1284e-01, +7.3155e-03, -2.0768e-03, +7.1080e-02, -2.3322e-01, -9.2950e-02, -2.1561e-01, -4.6787e-02, -2.9066e-02, +9.1744e-03
-4.9456e-02, -7.1546e-02, -1.1399e-01, -1.1385e-01, -8.2322e-02, -1.7403e-01, -3.7505e-02, -6.0638e-02, -4.0358e-03, +6.2999e-02, -2.3850e-01, -1.0598e-01, +5.1303e-02, -1.3599e-01, -1.0326e-01, +7.0021e-03, +1.0727e-01, -1.8530e-01, -1.8020e-01, -1.1138e-02, +7.9028e-02, +1.1923e-01, +1.1198e-01, -1.0752e-01, -2.1037e-02, +7.1966e-02, -1.9331e-01, -1.0000e+00, -7.9746e-02, +2.8167e-02, -1.9440e-01, +1.7411e-02, -1.3400e-02, +4.1848e-03, +3.6233e-03, +6.1205e-03, +9.8567e-02, -4.4741e-02, +2.4420e-02, +1.2472e-01, -1.2141e-01, -2.1986e-02, +6.0821e-03, -2.7186e-03, -1.3827e-01, -2.7845e-02, -1.2233e-01, +1.2493e-01, +4.4471e-02, +6.0572e-02
+4.3891e-02, -4.0742e-02, -1.5211e-01, +2.5905e-02, -7.7471e-02, -1.3446e-01, -4.0327e-02, -4.2173e-02, -2.9090e-02, +8.4099e-02, -6.2633e-02, -7.9433e-02, +3.3988e-02, +4.2942e-03, -2.6882e-02, +3.3424e-02, +1.6431e-01, -8.6988e-02, -1.9453e-01, -5.0972e-02, -4.8095e-02, +4.4845e-02, +1.1323e-01, -2.9098e-02, -2.6193e-02, -2.5215e-03, -1.4031e-01, -7.9746e-02, -1.0000e+00, -7.0978e-02, -1.2725e-01, +4.7264e-02, -6.9647e-02, +3.4772e-03, +1.9108e-02, -1.1736e-02, +6.0078e-02, -2.1950e-01, -6.3853e-02, +1.3598e-01, +4.6173e-02, +2.0141e-02, +4.6173e-02, +8.6954e-02, -9.0230e-02, +2.3602e-02, -1.5677e-01, +9.3723e-02, +9.6520e-03, +6.2833e-02
+1.0832e-02, +3.4796e-03, -1.0860e-02, +4.7598e-02, -1.4118e-01, -2.9220e-03, -4.4518e-02, -2.9100e-03, -4.5318e-02, +2.1268e-02, -2.8789e-02, +7.2434e-03, -5.2582e-02, -1.0973e-01, -6.7106e-03, -6.5964e-02, +3.2241e-02, -5.6324e-02, -1.8312e-01, -8.0599e-02, +6.1318e-02, +7.6926e-02, +9.3839e-02, +1.5592e-02, +2.5065e-02, -6.7920e-02, -1.4657e-01, +2.8167e-02, -7.0978e-02, -1.0000e+00, -2.4989e-02, +7.7675e-03, +1.9101e-02, +3.7239e-02, +1.3181e-02, -5.3472e-02, +5.3214e-02, +7.0085e-02, -2.1394e-02, +7.1250e-02, +4.8954e-02, +2.0095e-02, +4.3960e-02, +7.9744e-02, -6.1621e-02, +5.7600e-02, +3.0226e-02, +8.3249e-03, +1.2493e-01, +2.8353e-02
-6.2111e-02, +2.4806e-02, -6.9039e-02, -7.6810e-02, +3.4826e-02, -1.2374e-01, -1.9303e-02, -9.5634e-03, -1.8997e-02, -3.8455e-02, -1.7530e-01, -1.3281e-01, +1.0879e-01, -1.8182e-01, -8.5622e-02, +7.4935e-02, +1.6686e-01, -1.8565e-02, -6.8767e-02, -2.5804e-02, +1.9182e-02, -2.8294e-02, +1.8853e-01, -1.5737e-01, -2.4688e-02, +8.7153e-02, -9.7732e-02, -1.9440e-01, -1.2725e-01, -2.4989e-02, -1.0000e+00, +1.2265e-02, +9.1992e-03, -1.1254e-02, +4.7800e-02, -4.0644e-02, +1.0232e-01, -1.1457e-01, -3.3577e-02, +3.8917e-02, -1.5454e-01, -5.6950e-03, +6.5615e-03, +2.5949e-02, -7.2809e-02, -1.4741e-01, -1.1239e-02, +3.4966e-01, +2.1382e-01, +9.3690e-02
-4.4717e-02, +3.5935e-02, +9.4323e-02, +1.1530e-02, +1.7252e-02, +1.2172e-01, +4.9260e-02, +8.1967e-03, +3.6365e-02, -4.3915e-02, -1.1723e-02, -2.9812e-02, +2.2777e-02, -1.2636e-02, -6.4230e-02, -8.2715e-03, -4.2706e-02, +3.7956e-02, +6.4271e-02, -1.6153e-02, -3.5114e-02, -9.4868e-02, -1.0368e-01, +3.1536e-02, -3.6610e-03, -5.9964e-03, +4.3640e-02, +1.7411e-02, +4.7264e-02, +7.7675e-03, +1.2265e-02, -1.0000e+00, +5.1197e-02, -5.8068e-03, -7.1862e-02, +8.5451e-02, +8.5053e-02, +4.9124e-02, +6.5200e-02, +1.6557e-01, -3.7678e-02, +3.2172e-02, +1.5775e-02, -7.7377e-02, -1.8675e-02, +9.0424e-03, -3.8933e-02, -1.0491e-01, +1.0854e-01, -2.4697e-02
-2.9737e-02, -4.1839e-02, -2.9913e-02, +9.5203e-03, +1.0690e-02, +2.8240e-03, +6.4539e-02, +1.8146e-02, -1.4800e-02, +1.2948e-03, +1.1320e-01, +5.0423e-02, -1.4160e-02, +9.1966e-02, +3.3117e-02, -6.9579e-02, -3.3286e-02, +1.0195e-01, +3.9039e-02, -4.0575e-02, -1.6182e-02, -3.3845e-02, -5.5099e-02, +5.0334e-02, +6.6639e-02, +1.1098e-02, +1.2591e-01, -1.3400e-02, -6.9647e-02, +1.9101e-02, +9.1992e-03, +5.1197e-02, -1.0000e+00, +1.4123e-02, +1.3366e-01, +7.5248e-02, +3.5914e-02, -4.6573e-02, +7.7268e-02, +1.0896e-01, +6.5184e-03, +2.1644e-02, -2.4300e-02, -1.8079e-02, -2.1179e-02, -1.7084e-02, +8.2762e-02, +4.6984e-02, +7.5233e-02, -2.6319e-02
+1.7482e-02, +2.5781e-02, +5.7294e-02, +5.7618e-03, -4.1607e-03, +3.7670e-02, +8.7423e-02, +1.1248e-02, -2.9999e-02, -2.8255e-02, +3.5467e-02, -1.2324e-02, +5.5475e-02, +9.0237e-03, +1.9313e-02, -3.6092e-02, -7.9038e-02, +1.3025e-02, +2.4037e-02, +3.2980e-02, -4.6701e-02, -7.3512e-02, -1.1157e-01, +4.2643e-02, -3.9160e-02, -4.2750e-02, +1.8804e-02, +4.1848e-03, +3.4772e-03, +3.7239e-02, -1.1254e-02, -5.8068e-03, +1.4123e-02, -1.0000e+00, +1.7030e-02, -1.1028e-01, +6.4953e-02, +2.2332e-02, +6.6322e-02, -4.2915e-02, -1.3215e-03, -7.9959e-02, +2.4585e-03, -3.5718e-02, +5.7844e-02, +4.6483e-02, -7.5338e-03, -6.4157e-03, +2.4246e-04, +3.3007e-02
+8.8385e-02, +3.4483e-02, -4.7421e-03, -5.9400e-02, +5.8698e-02, -1.2921e-02, -4.9760e-02, -3.1618e-02, -7.7481e-03, -2.5425e-02, +7.7511e-02, +8.6573e-02, +7.9384e-02, -8.8725e-02, -6.2472e-02, -2.2421e-02, -2.8961e-02, +1.4388e-03, -3.0360e-02, -8.6136e-03, -5.8098e-02, -4.5340e-02, -9.6167e-02, +2.9447e-02, +2.5001e-02, +3.7317e-02, -2.0202e-02, +3.6233e-03, +1.9108e-02, +1.3181e-02, +4.7800e-02, -7.1862e-02, +1.3366e-01, +1.7031e-02, -1.0000e+00, -1.0400e-01, -3.1320e-02, +4.2346e-02, +1.9881e-02, +5.5387e-02, +2.9734e-02, +1.9126e-01, -4.4461e-02, -3.5789e-02, -3.7160e-02, -5.3137e-03, +6.8073e-03, -9.0137e-02, -7.4360e-02, +7.1294e-02
+7.2193e-02, +1.0891e-01, +3.7795e-02, +5.7010e-04, +3.7645e-02, -1.3258e-01, +8.7944e-03, -4.3323e-02, +3.1027e-02, -9.5972e-03, -5.0371e-02, +1.4612e-01, +8.3001e-02, -7.4150e-02, -7.1415e-02, +1.4595e-02, +3.4493e-02, +4.1066e-02, +2.9035e-03, +8.7161e-03, -8.8762e-03, +9.5594e-02, -2.8356e-02, -2.0654e-01, -5.3118e-02, +4.5609e-02, -1.7829e-01, +6.1205e-03, -1.1736e-02, -5.3472e-02, -4.0644e-02, +8.5451e-02, +7.5248e-02, -1.1028e-01, -1.0400e-01, -1.0000e+00, +8.7114e-02, -1.0415e-01, -1.5661e-01, -2.7995e-02, -1.3025e-01, -5.1911e-02, -4.3092e-02, +4.2479e-02, +8.3777e-02, -7.3371e-02, -2.5917e-02, -2.8823e-01, -3.6190e-02, +5.8819e-02
+1.6467e-01, -5.2292e-02, -1.7392e-01, +8.4429e-02, -1.8692e-01, +7.1405e-02, +9.2324e-03, +6.6842e-03, +8.8145e-02, -8.0574e-04, +2.6106e-03, +4.6357e-02, +5.8742e-03, +8.3118e-02, +4.9029e-02, +8.3609e-02, +1.1946e-02, +5.6296e-02, +5.9590e-02, +1.6333e-01, -8.3597e-03, +3.5222e-02, +1.2191e-02, +7.1789e-03, +5.7148e-02, +1.5993e-02, -1.1962e-01, +9.8567e-02, +6.0078e-02, +5.3214e-02, +1.0232e-01, +8.5053e-02, +3.5914e-02, +6.4953e-02, -3.1320e-02, +8.7114e-02, -1.0000e+00, +2.3363e-01, -3.8825e-02, +8.0349e-02, +1.2680e-01, -6.2341e-02, +8.4371e-03, +1.4390e-01, +9.6978e-03, -5.9368e-02, +9.3484e-02, +9.3199e-02, -1.7328e-01, -1.6343e-01
-7.6335e-02, -3.0865e-02, -8.7556e-03, -1.7513e-01, +1.6449e-01, -1.1783e-01, +4.6378e-02, -7.4167e-02, -1.4564e-02, +1.2379e-02, -1.1002e-01, -8.3183e-02, +3.9853e-02, -5.5712e-02, -6.4030e-04, +2.7976e-02, -1.6077e-02, -4.5794e-02, -1.2193e-01, +6.8497e-02, -1.9028e-02, +1.0818e-02, +4.6884e-02, -1.2640e-01, -6.7402e-02, +1.0596e-01, -4.8216e-02, -4.4741e-02, -2.1950e-01, +7.0085e-02, -1.1457e-01, +4.9124e-02, -4.6573e-02, +2.2332e-02, +4.2346e-02, -1.0415e-01, +2.3363e-01, -1.0000e+00, -3.9195e-02, +1.1569e-01, -4.9309e-02, +3.5311e-02, -3.1431e-02, -3.8953e-02, -7.9064e-02, +5.3392e-02, -1.2644e-01, +1.2346e-01, -6.0397e-02, +5.6809e-02
-2.7264e-02, +2.3486e-03, -4.9327e-02, -1.1229e-01, +9.9111e-02, -1.5649e-02, -7.4194e-02, -2.9720e-02, +2.1752e-02, +4.4055e-02, -8.0347e-02, -1.1645e-02, -1.7256e-02, +2.7075e-02, -3.7567e-02, +3.2507e-02, +1.0391e-01, +1.5791e-02, -2.8294e-02, +3.6826e-02, +6.1331e-02, +6.4896e-02, +1.5798e-01, -3.8400e-02, +1.7455e-02, +3.0428e-02, -8.9087e-02, +2.4420e-02, -6.3853e-02, -2.1394e-02, -3.3577e-02, +6.5200e-02, +7.7268e-02, +6.6322e-02, +1.9881e-02, -1.5661e-01, -3.8825e-02, -3.9195e-02, -1.0000e+00, +1.6455e-02, -4.4822e-03, -1.8382e-02, +1.5891e-02, +8.7756e-02, -3.8603e-02, -5.2861e-02, -9.7614e-02, +3.0785e-03, -9.7480e-02, -2.0070e-03
-3.6093e-02, +5.6307e-02, +1.2147e-01, +1.6285e-01, +5.7703e-02, +1.0515e-01, +9.4214e-02, +7.9070e-02, -8.1056e-02, +1.9012e-03, +1.9074e-01, +1.4736e-01, +1.3068e-01, +1.0640e-01, +2.6274e-01, -6.8134e-02, -1.3766e-02, +5.9171e-02, +1.4806e-01, +4.8560e-02, +2.1975e-01, +3.0581e-02, +7.3753e-03, +6.6454e-02, +1.5416e-01, +2.6505e-02, +2.7066e-01, +1.2472e-01, +1.3598e-01, +7.1250e-02, +3.8917e-02, +1.6557e-01, +1.0896e-01, -4.2915e-02, +5.5387e-02, -2.7995e-02, +8.0349e-02, +1.1569e-01, +1.6455e-02, -1.0000e+00, +3.4813e-02, +3.3285e-02, +6.3640e-03, -5.7168e-02, +3.0967e-01, +1.1988e-01, +1.9258e-01, +1.9128e-01, -9.6788e-02, +1.3491e-02
-1.2008e-01, +1.5342e-02, -4.1629e-02, -8.1097e-02, +4.9263e-02, -1.4842e-01, -5.6889e-02, -1.3900e-02, +5.1752e-02, +6.4692e-02, -1.1266e-01, +1.5651e-02, +9.0089e-02, -5.6129e-02, -1.4512e-01, +2.3993e-03, -2.9644e-02, -9.4134e-02, +2.0238e-02, -2.6066e-02, +1.9074e-02, +2.1939e-02, +3.6406e-02, -5.4874e-03, -4.0941e-03, -2.5058e-02, -1.1284e-01, -1.2141e-01, +4.6173e-02, +4.8954e-02, -1.5454e-01, -3.7678e-02, +6.5184e-03, -1.3215e-03, +2.9734e-02, -1.3025e-01, +1.2680e-01, -4.9309e-02, -4.4822e-03, +3.4813e-02, -1.0000e+00, -2.9016e-02, -1.9449e-02, -1.1961e-02, -4.0138e-02, -1.9557e-02, -8.7848e-02, -3.0517e-02, +1.2182e-02, +6.7722e-02
-2.5215e-04, -4.1332e-02, +1.8867e-02, -2.2567e-02, -3.7802e-02, -1.8299e-02, +4.5059e-02, +3.6648e-02, +6.9665e-02, +7.6514e-03, +1.0920e-02, -1.9398e-02, +7.8230e-02, +5.2107e-02, +1.2715e-02, +5.8344e-02, -3.9145e-02, -3.0701e-02, +4.6377e-02, +8.1655e-02, -6.1209e-02, -7.3251e-02, +2.6557e-02, -1.9641e-02, -8.0558e-02, +3.2897e-02, +7.3155e-03, -2.1986e-02, +2.0141e-02, +2.0095e-02, -5.6950e-03, +3.2172e-02, +2.1644e-02, -7.9959e-02, +1.9126e-01, -5.1911e-02, -6.2341e-02, +3.5311e-02, -1.8382e-02, +3.3285e-02, -2.9016e-02, -1.0000e+00, +5.0000e-02, +9.6554e-02, +1.7610e-02, +5.0082e-02, +2.1938e-02, -1.2777e-01, -3.5852e-03, +9.7936e-03
+7.6029e-03, +2.7241e-02, -4.7863e-03, -6.5481e-04, -5.2215e-02, -1.1097e-01, -3.5264e-02, +1.7044e-02, +2.6612e-02, +8.7384e-03, +4.5526e-02, +1.9279e-04, +4.3702e-03, +3.1156e-02, -7.2707e-02, +3.2007e-02, -4.7770e-02, -1.8407e-03, +5.8982e-04, -4.4109e-02, +6.3327e-02, +1.3229e-02, -1.0661e-01, -3.4407e-03, +6.3889e-02, +3.8354e-02, -2.0768e-03, +6.0822e-03, +4.6173e-02, +4.3960e-02, +6.5615e-03, +1.5775e-02, -2.4300e-02, +2.4585e-03, -4.4461e-02, -4.3092e-02, +8.4371e-03, -3.1431e-02, +1.5891e-02, +6.3640e-03, -1.9449e-02, +5.0000e-02, -1.0000e+00, -9.0692e-02, +2.5842e-02, +1.0858e-02, -9.9584e-03, -1.6304e-02, +2.3561e-02, +4.8246e-02
-1.8812e-02, -1.5283e-04, +7.6915e-02, -1.4492e-02, +7.6747e-02, +4.6569e-02, -6.3486e-02, -6.6993e-03, +2.3983e-02, -4.1158e-02, +1.1775e-01, +8.6208e-02, +7.3417e-02, +1.4037e-03, -1.0735e-02, -9.4793e-02, -1.0297e-01, +8.4381e-02, +8.7152e-02, +1.0330e-01, -6.2630e-02, +3.0663e-02, -8.8940e-02, -1.6320e-02, -3.2855e-02, +3.7104e-02, +7.1080e-02, -2.7186e-03, +8.6954e-02, +7.9744e-02, +2.5949e-02, -7.7377e-02, -1.8079e-02, -3.5718e-02, -3.5789e-02, +4.2479e-02, +1.4390e-01, -3.8953e-02, +8.7756e-02, -5.7168e-02, -1.1961e-02, +9.6554e-02, -9.0692e-02, -1.0000e+00, +1.7967e-02, -3.5560e-02, +1.0193e-01, +4.8141e-02, +1.2931e-01, +3.3751e-02
-2.3601e-02, +3.3886e-02, -6.8106e-02, -1.4652e-01, -2.4443e-02, -1.8655e-01, -1.0907e-01, -6.3603e-02, -4.1803e-02, +5.0118e-02, -2.3036e-01, -6.8702e-02, +6.2326e-02, -8.2877e-02, -1.0244e-01, +2.6624e-02, +1.3136e-01, -1.1627e-01, -1.5832e-01, +3.1726e-02, -2.3340e-02, +5.2102e-02, +1.3436e-01, -3.4636e-02, -1.7126e-01, -1.1537e-01, -2.3322e-01, -1.3827e-01, -9.0230e-02, -6.1621e-02, -7.2809e-02, -1.8675e-02, -2.1179e-02, +5.7844e-02, -3.7160e-02, +8.3777e-02, +9.6978e-03, -7.9064e-02, -3.8603e-02, +3.0967e-01, -4.0138e-02, +1.7610e-02, +2.5842e-02, +1.7967e-02, -1.0000e+00, -7.3992e-02, -1.7562e-01, +1.0532e-01, -1.6952e-01, -3.5406e-02
+1.3534e-02, -6.1209e-02, -8.9672e-02, -6.2553e-02, +8.8143e-03, +2.7938e-02, -7.9731e-02, +1.1511e-01, -2.9846e-02, +5.1308e-02, -7.8393e-02, -6.9921e-02, +2.5612e-02, -9.9018e-02, -2.6562e-02, -1.5835e-03, +7.0689e-02, +5.4191e-02, -9.9283e-02, +8.6059e-02, -6.0204e-02, +5.4430e-02, +4.5722e-02, -2.5294e-02, -2.0918e-02, +4.8768e-02, -9.2950e-02, -2.7845e-02, +2.3602e-02, +5.7600e-02, -1.4741e-01, +9.0424e-03, -1.7084e-02, +4.6483e-02, -5.3137e-03, -7.3371e-02, -5.9368e-02, +5.3392e-02, -5.2861e-02, +1.1988e-01, -1.9557e-02, +5.0082e-02, +1.0858e-02, -3.5560e-02, -7.3992e-02, -1.0000e+00, -1.0735e-02, +4.8410e-02, +1.0947e-01, -1.5426e-02
-2.5545e-02, -1.8892e-02, -9.4582e-02, -5.1455e-02, +4.9600e-02, -3.0407e-01, -9.5494e-03, -3.3537e-02, -4.6890e-02, +1.4324e-01, -1.7195e-01, -7.5868e-02, +1.1332e-01, -4.2307e-02, -6.7415e-02, +1.8814e-02, -9.6153e-02, -1.5285e-01, -1.9091e-01, +7.2219e-02, +4.0859e-02, -1.1782e-02, +4.7537e-02, -6.1135e-02, -9.2410e-02, +1.5602e-02, -2.1561e-01, -1.2233e-01, -1.5677e-01, +3.0226e-02, -1.1239e-02, -3.8933e-02, +8.2762e-02, -7.5338e-03, +6.8073e-03, -2.5917e-02, +9.3484e-02, -1.2644e-01, -9.7614e-02, +1.9258e-01, -8.7848e-02, +2.1938e-02, -9.9584e-03, +1.0193e-01, -1.7562e-01, -1.0735e-02, -1.0000e+00, -2.7222e-02, -1.7622e-01, +1.2603e-01
+1.1199e-01, -1.0339e-02, +8.4378e-02, +1.1815e-01, +9.4505e-02, +4.5305e-02, -6.4438e-02, -9.6176e-02, +1.5143e-01, -5.9356e-03, +1.3688e-01, +2.5468e-01, +3.2602e-02, +6.4094e-02, -5.4694e-02, +4.8270e-02, -1.1739e-01, -8.7867e-02, +1.8804e-01, -4.9205e-02, -8.5047e-02, -5.0724e-02, -1.0408e-01, +1.0141e-01, +1.2181e-02, -5.6968e-02, -4.6787e-02, +1.2493e-01, +9.3723e-02, +8.3249e-03, +3.4966e-01, -1.0491e-01, +4.6984e-02, -6.4157e-03, -9.0137e-02, -2.8823e-01, +9.3199e-02, +1.2346e-01, +3.0785e-03, +1.9128e-01, -3.0517e-02, -1.2777e-01, -1.6304e-02, +4.8141e-02, +1.0532e-01, +4.8410e-02, -2.7222e-02, -1.0000e+00, -1.0711e-01, -1.7196e-02
+5.9272e-02, +2.9634e-04, -8.1220e-02, -7.2087e-03, +1.3197e-01, -1.8107e-01, -8.1730e-02, +3.5260e-02, +1.8696e-02, +1.2931e-02, -1.7656e-02, +1.0210e-01, +9.2600e-02, +7.5138e-02, +5.3340e-02, +4.5671e-02, +3.1173e-02, +3.6866e-02, -7.6712e-02, +2.8538e-01, +6.9564e-02, -1.2450e-01, +1.1732e-02, +2.0379e-01, +3.8727e-02, +4.9945e-02, -2.9066e-02, +4.4471e-02, +9.6520e-03, +1.2493e-01, +2.1382e-01, +1.0854e-01, +7.5233e-02, +2.4246e-04, -7.4360e-02, -3.6190e-02, -1.7328e-01, -6.0397e-02, -9.7480e-02, -9.6788e-02, +1.2182e-02, -3.5852e-03, +2.3561e-02, +1.2931e-01, -1.6952e-01, +1.0947e-01, -1.7622e-01, -1.0711e-01, -1.0000e+00, -2.2844e-02
-6.1778e-02, -7.3943e-03, +5.7245e-02, +4.4199e-02, -4.2961e-02, +8.8458e-02, +3.7405e-02, +2.1267e-02, +7.0367e-02, +3.7203e-02, +7.5891e-02, +2.7909e-02, -7.7897e-02, -5.7438e-03, +5.2973e-02, +1.0273e-01, +8.8130e-03, -2.6054e-02, +1.2677e-01, +3.6016e-02, +3.1155e-02, +6.3815e-02, +1.4659e-02, +5.1115e-02, -3.2856e-02, -6.1071e-03, +9.1744e-03, +6.0572e-02, +6.2833e-02, +2.8353e-02, +9.3690e-02, -2.4697e-02, -2.6319e-02, +3.3007e-02, +7.1294e-02, +5.8819e-02, -1.6343e-01, +5.6809e-02, -2.0070e-03, +1.3491e-02, +6.7722e-02, +9.7936e-03, +4.8246e-02, +3.3751e-02, -3.5406e-02, -1.5426e-02, +1.2603e-01, -1.7196e-02, -2.2844e-02, -1.0000e+00
