-1.0000e+00, +1.2339e-01, -2.8905e-02, -1.7873e-02, -3.8554e-03, +4.3862e-02, -6.1157e-02, +1.7454e-02, -6.7025e-02, +8.3369e-02, -3.4716e-02, -5.1389e-03, +7.0476e-03, +1.1055e-01, -2.4732e-03, +5.5571e-02, +4.4252e-03, -2.6444e-03, -1.6832e-02, -8.0941e-02, -5.0688e-02, -1.0069e-01, +3.3572e-02, +6.6730e-03, -4.0536e-02, -4.7893e-02, +7.4681e-02, -6.9283e-02, +2.6283e-02, -9.0651e-02, +4.5637e-02, -5.9874e-02, -2.4504e-01, +5.2074e-02, -6.0001e-02, +5.5440e-02, +7.9362e-02, +2.7045e-02, -4.1343e-02, -1.9960e-02, +4.0094e-02, +7.1075e-02, +4.2224e-02, -6.9067e-03, +4.1277e-02, -4.9088e-02, -5.9563e-02, +1.4693e-01, -2.8966e-02, -5.9404e-02
+1.2339e-01, -1.0000e+00, -2.2892e-02, -3.6433e-02, -7.7846e-02, -1.3201e-02, +6.5939e-02, +2.6274e-02, +5.8955e-02, +1.1053e-01, +8.3468e-02, -1.5427e-01, -1.0762e-01, -1.8304e-02, -2.7608e-02, -5.0177e-02, +3.3002e-02, +6.2186e-02, -3.4806e-02, +5.6311e-02, -1.7008e-02, +1.1853e-01, +8.3097e-02, -8.8981e-02, +7.3098e-02, +3.2179e-02, -1.9098e-01, +2.9000e-02, +4.5316e-02, -5.3258e-02, -1.7353e-01, +5.7840e-02, +1.1178e-01, +2.8293e-02, +1.1823e-02, -7.1440e-02, -1.8024e-01, +1.3258e-01, +4.2658e-02, -5.5979e-02, -1.1553e-01, -1.5748e-02, -4.1654e-03, +1.1511e-01, -8.0173e-02, +8.0161e-03, -2.6961e-02, -1.5627e-01, +1.3775e-01, +9.5152e-02
-2.8905e-02, -2.2892e-02, -1.0000e+00, -1.3000e-01, -5.5180e-02, -8.4361e-02, +2.4141e-02, -6.5589e-02, -1.1131e-01, +7.8212e-02, -7.8870e-02, -1.6055e-01, -4.4097e-02, +2.0522e-02, +1.4541e-02, +4.2549e-02, -1.3480e-03, -9.2469e-02, +1.1573e-01, -5.3915e-02, +1.2313e-02, +2.4170e-02, +5.8384e-02, -1.2907e-01, -7.5899e-02, -2.8464e-02, -1.4133e-01, -7.9976e-02, -2.9654e-02, -1.1103e-01, -1.1989e-02, +2.7396e-02, -4.6971e-02, -1.1930e-01, -5.9405e-02, -5.7382e-02, -1.0980e-01, +2.0791e-02, -1.7769e-02, -4.5293e-02, -2.7923e-04, -9.4294e-04, +2.4353e-02, -8.0581e-03, -8.6527e-02, +8.3900e-02, -1.4881e-01, -6.4626e-02, -7.1390e-02, -1.3672e-02
-1.7873e-02, -3.6433e-02, -1.3000e-01, -1.0000e+00, -4.4960e-02, -7.6821e-02, -4.8161e-02, -6.3669e-02, +6.0216e-02, +6.1748e-02, -7.6252e-02, -9.8486e-02, -3.5504e-02, +8.5920e-03, -4.3838e-02, +2.6704e-02, +2.5876e-02, -2.3491e-02, +1.2492e-01, -3.8109e-02, -1.4890e-02, +4.5279e-02, -7.1959e-03, -1.5367e-01, -3.5107e-02, -9.6495e-02, -5.8478e-02, -4.5209e-02, +5.4128e-02, -8.2601e-02, +2.1854e-02, -1.1334e-02, -1.0632e-01, -7.2460e-02, -1.2065e-01, +1.0560e-02, +6.2900e-02, -2.1854e-02, -1.1729e-01, -4.5623e-03, +5.0585e-02, +3.7409e-02, -2.2709e-02, -1.8206e-02, -1.0407e-01, -4.4083e-02, -1.0962e-01, -2.2938e-01, -2.5280e-02, -1.6006e-02
-3.8554e-03, -7.7846e-02, -5.5180e-02, -4.4960e-02, -1.0000e+00, -1.1892e-01, +4.8646e-03, -8.3458e-02, +4.7409e-02, +6.4740e-02, -1.6771e-01, -1.4662e-01, -5.8019e-02, +3.0173e-03, -9.7426e-02, -3.6834e-02, +2.4425e-02, -2.5992e-02, -5.2649e-02, -1.6772e-02, -6.6358e-03, +4.0108e-02, -3.7697e-02, -1.3732e-01, -1.0935e-02, +3.7862e-02, -1.5015e-01, -1.4362e-01, +2.1547e-02, -1.0350e-01, -2.4471e-01, +5.2650e-03, +7.3826e-03, -1.4462e-01, +1.4286e-02, +4.6465e-03, -1.5503e-01, +1.6426e-01, -1.0138e-01, +1.5179e-02, -3.2320e-03, -1.2056e-02, -1.0035e-02, +2.0361e-02, -1.3878e-01, +2.2061e-02, -1.1667e-01, +2.3349e-01, -6.3354e-02, +3.0617e-03
+4.3862e-02, -1.3201e-02, -8.4361e-02, -7.6821e-02, -1.1892e-01, -1.0000e+00, -3.8816e-03, -2.6021e-02, -3.1269e-02, +4.8218e-02, -3.1966e-01, -9.9931e-02, +1.9332e-02, -1.6872e-01, -2.3280e-01, +2.8855e-02, -2.5403e-02, -2.0919e-01, +5.3441e-02, -1.6287e-02, -8.7385e-02, +7.2722e-02, -3.5627e-02, -3.0675e-02, -8.5225e-02, +3.3127e-02, -1.7512e-01, -1.3391e-01, -1.8891e-02, -1.0107e-01, -2.5173e-01, +6.6645e-02, +5.5792e-02, -1.2473e-01, -2.5165e-02, -1.0589e-01, +2.5687e-01, -1.7640e-02, -1.5555e-01, -2.4453e-03, -2.1688e-01, -1.1307e-01, -8.6540e-03, -5.6089e-02, -4.1927e-02, +4.4896e-02, -1.7733e-01, -8.3608e-02, +2.0493e-02, +8.7395e-02
-6.1157e-02, +6.5939e-02, +2.4141e-02, -4.8161e-02, +4.8647e-03, -3.8816e-03, -1.0000e+00, -6.5506e-02, +1.6869e-02, +2.6261e-02, -5.3766e-02, -4.3018e-02, +1.1923e-02, +1.7195e-02, -8.4321e-02, +1.0384e-01, +4.1719e-02, +6.4720e-03, -3.1060e-02, -1.0631e-01, -1.8040e-02, -3.6148e-02, +3.2573e-02, -5.2297e-02, -1.9136e-02, +5.9462e-02, -6.8056e-02, +2.1521e-02, +1.0633e-01, -5.6424e-02, +3.4489e-02, -1.8540e-02, -5.1627e-02, +8.3853e-02, -1.0969e-02, +1.2460e-02, +1.3211e-01, +6.3212e-02, -1.7740e-02, -5.3561e-02, -2.4989e-02, -3.1046e-02, +2.7244e-02, -2.1832e-02, -4.6954e-02, -5.1232e-02, +1.4019e-02, -2.8126e-02, -3.6723e-02, -3.7268e-02
+1.7454e-02, +2.6274e-02, -6.5589e-02, -6.3669e-02, -8.3458e-02, -2.6021e-02, -6.5506e-02, -1.0000e+00, -1.2804e-02, +4.1387e-02, -1.0923e-01, +1.3587e-02, +1.0707e-03, -2.9848e-02, -7.8851e-02, +2.2150e-02, +3.7779e-02, -7.5277e-02, +1.2523e-02, -8.3545e-02, -5.1489e-02, -4.0705e-02, +5.5147e-02, -4.8952e-02, -5.8953e-02, -3.2860e-02, -8.7102e-02, -8.3720e-02, +9.1303e-03, -5.3944e-02, -4.4800e-02, -4.2575e-02, -2.7742e-02, -6.8240e-02, -2.5531e-02, -1.7582e-02, +1.9434e-01, +6.6992e-02, -1.0366e-01, +1.3013e-01, -4.9695e-02, -4.3086e-02, -9.1164e-02, -8.4033e-02, -4.3212e-02, +4.4505e-02, -1.2323e-01, -5.2184e-02, +3.0864e-02, +4.1774e-02
-6.7025e-02, +5.8955e-02, -1.1131e-01, +6.0216e-02, +4.7409e-02, -3.1269e-02, +1.6869e-02, -1.2804e-02, -1.0000e+00, +1.3258e-02, +2.3443e-02, -7.1821e-02, -4.8914e-02, -4.2126e-02, +1.5279e-02, +5.6427e-02, -6.6494e-02, -5.2264e-02, +1.9024e-02, -7.0661e-02, -6.6515e-02, -3.6144e-02, -8.0549e-02, -3.3573e-02, -1.8830e-01, +6.7682e-02, -5.9454e-03, -6.6022e-02, +3.2861e-02, -4.2489e-02, +7.0495e-02, -6.0207e-02, -1.1447e-01, -7.2617e-02, -8.2316e-02, -1.4730e-03, +1.1912e-02, +4.1502e-02, -2.2151e-02, +5.7294e-02, +2.4935e-02, +3.1728e-02, -1.6500e-02, -8.6507e-02, -5.2011e-02, -5.7167e-03, -5.4867e-03, +1.4767e-01, -1.9098e-02, -6.5902e-02
+8.3369e-02, +1.1053e-01, +7.8212e-02, +6.1748e-02, +6.4740e-02, +4.8218e-02, +2.6261e-02, +4.1387e-02, +1.3258e-02, -1.0000e+00, -8.7612e-02, +7.3065e-02, +7.4819e-02, +4.5713e-02, +6.4656e-02, -3.7075e-02, +8.9737e-02, +4.2466e-02, +9.6163e-02, -1.8671e-03, -4.3120e-03, +2.9375e-02, +1.2654e-01, -9.9902e-02, -9.6855e-04, +4.2221e-05, -3.8791e-02, +1.2305e-01, +1.5036e-01, +4.9848e-02, +3.2591e-02, -1.6635e-02, +4.4014e-02, -2.2646e-02, +5.9329e-03, +3.9441e-04, +1.7394e-04, +3.6649e-02, +5.5402e-02, -3.6920e-02, +5.8742e-02, +1.4676e-02, -4.7496e-03, -1.5659e-02, +6.7347e-02, +8.8937e-02, +8.6732e-02, -7.0931e-03, +8.5566e-03, +8.4657e-02
-3.4716e-02, +8.3468e-02, -7.8870e-02, -7.6252e-02, -1.6771e-01, -3.1966e-01, -5.3766e-02, -1.0923e-01, +2.3443e-02, -8.7612e-02, -1.0000e+00, -4.5036e-02, -2.4630e-03, -1.1463e-01, -2.9990e-01, -8.1413e-02, -6.6648e-02, -2.3683e-01, +1.3279e-01, -7.4649e-02, -7.6321e-02, +4.5016e-02, +8.2466e-02, -4.1951e-02, -5.9565e-02, -8.4331e-02, -2.5889e-01, -9.8135e-02, -6.2389e-02, -1.9405e-01, -3.6254e-01, +6.0679e-02, -1.9161e-01, +4.2131e-02, -3.6095e-02, -2.5292e-03, +2.2413e-01, -2.1260e-02, -2.1130e-01, +5.3890e-04, -1.9838e-01, -3.9253e-02, -2.0086e-05, -1.3307e-02, -2.0947e-01, +1.6559e-02, -1.7445e-01, +2.0841e-01, -6.5037e-02, +9.8706e-02
-5.1389e-03, -1.5427e-01, -1.6055e-01, -9.8486e-02, -1.4662e-01, -9.9931e-02, -4.3018e-02, +1.3587e-02, -7.1821e-02, +7.3065e-02, -4.5036e-02, -1.0000e+00, +8.9585e-03, -7.6995e-02, +1.2285e-02, +5.9771e-02, +1.2179e-01, +9.5658e-03, -1.1768e-02, -2.4835e-02, +6.3753e-03, +1.7963e-01, +7.2234e-02, -1.5902e-01, -1.7061e-01, +1.5288e-02, -2.4060e-01, +4.6575e-02, +1.3275e-01, -1.7457e-01, -1.6507e-01, +6.0755e-02, +1.1127e-01, -2.0144e-01, -1.0479e-01, -4.2340e-02, -2.9362e-01, +5.7159e-02, -7.2232e-02, -6.9116e-02, -1.1504e-01, +1.0888e-01, +4.9595e-02, +8.8858e-03, -1.7456e-01, -5.4758e-02, -1.4410e-01, -1.8506e-01, +7.2725e-02, -8.2397e-03
+7.0476e-03, -1.0762e-01, -4.4097e-02, -3.5504e-02, -5.8019e-02, +1.9332e-02, +1.1923e-02, +1.0707e-03, -4.8914e-02, +7.4819e-02, -2.4630e-03, +8.9585e-03, -1.0000e+00, -4.5129e-02, -6.0797e-02, -3.2395e-01, +1.2102e-01, -8.4946e-02, +1.1940e-01, -2.7234e-02, +1.8697e-02, -3.7571e-02, +8.2703e-03, -5.9419e-02, -2.2413e-02, -9.8310e-02, -2.6984e-02, -2.0383e-02, +8.0660e-04, -1.3543e-02, -2.1979e-01, +3.5182e-02, -7.3194e-02, +1.2228e-01, +2.5368e-02, +8.8475e-02, +1.6196e-02, +7.6975e-02, +1.2500e-02, +1.7914e-01, -9.9556e-02, +2.5366e-01, +4.8002e-02, +1.0446e-01, -1.6035e-01, +8.9075e-03, +2.5373e-03, +1.3437e-01, -4.8408e-02, -2.3685e-02
+1.1055e-01, -1.8304e-02, +2.0522e-02, +8.5920e-03, +3.0173e-03, -1.6872e-01, +1.7195e-02, -2.9848e-02, -4.2126e-02, +4.5713e-02, -1.1463e-01, -7.6995e-02, -4.5129e-02, -1.0000e+00, -5.3551e-02, -6.3063e-02, +8.0529e-02, -6.1077e-02, +9.4643e-02, +6.3603e-02, -9.6647e-03, +5.7737e-02, +8.0966e-02, -7.2139e-02, -3.5177e-02, -1.1310e-01, -2.8584e-01, -8.9992e-02, -4.7038e-02, -4.0167e-02, -2.2010e-01, -2.1514e-03, +1.2440e-01, -8.6448e-03, -6.4489e-02, -5.7611e-02, +2.4734e-02, +8.4606e-03, -1.0836e-01, +2.4963e-02, -1.2410e-01, +3.5516e-02, +1.5678e-02, +6.5020e-02, -2.3146e-01, -9.1036e-02, -1.3128e-01, -7.8743e-02, +1.5836e-02, +7.2270e-02
-2.4732e-03, -2.7608e-02, +1.4541e-02, -4.3838e-02, -9.7426e-02, -2.3280e-01, -8.4321e-02, -7.8851e-02, +1.5279e-02, +6.4656e-02, -2.9990e-01, +1.2285e-02, -6.0797e-02, -5.3551e-02, -1.0000e+00, -3.7212e-02, -7.4464e-02, -2.2066e-01, +1.6151e-01, -6.0083e-02, -4.2401e-02, +4.2562e-02, -6.9055e-02, -4.6662e-02, -5.6829e-03, -4.8485e-02, -1.8111e-01, -1.1512e-01, -8.0715e-02, -4.1936e-02, -1.4871e-01, +3.6621e-02, -1.1741e-01, +1.2587e-01, -4.2114e-03, +6.0102e-02, +1.2557e-01, +2.8308e-02, -1.4172e-01, -7.0353e-03, -2.1416e-01, -2.4011e-02, -4.9112e-02, +2.1696e-02, -1.5317e-01, -2.7199e-02, -1.1307e-01, +1.4325e-01, -1.6895e-03, +3.9576e-02
+5.5571e-02, -5.0177e-02, +4.2549e-02, +2.6704e-02, -3.6834e-02, +2.8855e-02, +1.0384e-01, +2.2150e-02, +5.6427e-02, -3.7075e-02, -8.1413e-02, +5.9771e-02, -3.2395e-01, -6.3063e-02, -3.7212e-02, -1.0000e+00, +4.8670e-02, -5.5998e-02, +1.2110e-01, +1.2788e-01, -2.7187e-02, +8.3684e-02, +9.5437e-02, -2.7585e-02, -8.2991e-02, -1.9447e-01, -1.3624e-02, +2.2451e-02, -3.1467e-01, +6.2430e-02, -3.7888e-01, +9.6392e-03, +7.6009e-02, +1.9799e-05, +5.4109e-02, +1.4023e-01, +7.5660e-02, +8.1295e-03, -2.5765e-02, +1.2848e-02, -2.5150e-01, +1.4532e-01, +2.6259e-03, -1.0091e-02, -1.5291e-01, -1.7757e-02, -6.8722e-02, +1.3458e-01, -2.5797e-01, +2.4269e-01
+4.4252e-03, +3.3002e-02, -1.3480e-03, +2.5876e-02, +2.4425e-02, -2.5403e-02, +4.1719e-02, +3.7779e-02, -6.6494e-02, +8.9737e-02, -6.6648e-02, +1.2179e-01, +1.2102e-01, +8.0529e-02, -7.4464e-02, +4.8670e-02, -1.0000e+00, -1.3121e-03, +8.4841e-02, +2.1251e-02, -4.3313e-02, +5.6704e-02, +1.0435e-01, +5.1629e-02, -1.0828e-02, +1.6068e-02, +6.8111e-02, -7.9327e-03, -4.4815e-03, -5.2630e-02, +1.4413e-01, -3.1559e-02, +5.7780e-02, +3.0285e-02, -2.6566e-02, +2.6510e-02, -4.7674e-02, -4.2617e-02, +5.0624e-02, -7.1088e-02, +5.6101e-02, +1.8880e-02, -2.5141e-02, -4.6417e-02, +8.8046e-02, +4.9766e-02, +3.1184e-03, -2.4888e-03, +4.7366e-03, +2.0010e-01
-2.6444e-03, +6.2186e-02, -9.2469e-02, -2.3491e-02, -2.5992e-02, -2.0919e-01, +6.4719e-03, -7.5277e-02, -5.2264e-02, +4.2466e-02, -2.3683e-01, +9.5658e-03, -8.4946e-02, -6.1077e-02, -2.2066e-01, -5.5998e-02, -1.3121e-03, -1.0000e+00, +2.4597e-01, -8.8999e-02, -1.4475e-02, +1.0875e-02, +9.2063e-02, +5.8478e-02, -5.6550e-02, -7.1800e-02, -4.6774e-03, -2.1442e-01, -1.1256e-01, -1.4410e-01, -6.1815e-03, -5.4662e-02, -2.8646e-01, +1.8703e-01, -1.0391e-01, +5.1941e-02, +2.7266e-01, -1.3278e-01, -1.2620e-01, -2.9216e-02, -1.0678e-01, +9.2551e-02, -2.5006e-03, -1.0658e-02, -1.6573e-01, +3.1136e-02, -1.1554e-01, +6.1235e-02, -4.2735e-02, -8.4286e-02
-1.6832e-02, -3.4806e-02, +1.1573e-01, +1.2492e-01, -5.2649e-02, +5.3441e-02, -3.1060e-02, +1.2523e-02, +1.9024e-02, +9.6163e-02, +1.3279e-01, -1.1768e-02, +1.1940e-01, +9.4643e-02, +1.6151e-01, +1.2110e-01, +8.4841e-02, +2.4597e-01, -1.0000e+00, +2.8299e-02, -2.3355e-03, +1.8222e-01, +2.5023e-02, +2.2513e-02, +8.3105e-02, +1.1639e-01, +4.6987e-02, +1.5940e-01, +5.0799e-01, +2.3851e-02, -1.0040e-01, -3.4040e-02, -2.8664e-02, +1.2703e-01, +1.0478e-01, -1.6053e-01, -2.0086e-01, +4.2798e-02, +8.8748e-02, -6.4672e-02, +3.0210e-02, -5.9442e-02, -4.6986e-02, +5.0288e-02, +1.3749e-01, -1.5803e-02, +9.1451e-02, +9.1010e-03, -4.8857e-02, +1.1198e-01
-8.0941e-02, +5.6311e-02, -5.3915e-02, -3.8109e-02, -1.6772e-02, -1.6287e-02, -1.0631e-01, -8.3545e-02, -7.0661e-02, -1.8671e-03, -7.4649e-02, -2.4835e-02, -2.7234e-02, +6.3603e-02, -6.0083e-02, +1.2788e-01, +2.1251e-02, -8.8999e-02, +2.8299e-02, -1.0000e+00, -2.9055e-03, -1.1311e-01, +7.1615e-03, -1.6996e-02, -5.6381e-02, +7.1005e-02, +6.7336e-02, -7.6995e-02, -3.5638e-02, +4.4054e-02, +8.1242e-02, +9.1200e-03, -2.4483e-01, +9.6689e-03, -4.4688e-02, +5.6891e-02, +2.4276e-01, -3.2560e-02, -9.8350e-02, -5.2278e-02, -6.5732e-03, -1.5616e-02, -1.0170e-01, +7.4248e-02, +4.2348e-02, -9.3640e-02, -5.3393e-02, +7.0466e-02, -3.8206e-02, -1.4011e-02
-5.0688e-02, -1.7008e-02, +1.2313e-02, -1.4890e-02, -6.6358e-03, -8.7385e-02, -1.8040e-02, -5.1489e-02, -6.6515e-02, -4.3120e-03, -7.6321e-02, +6.3753e-03, +1.8697e-02, -9.6647e-03, -4.2401e-02, -2.7187e-02, -4.3313e-02, -1.4475e-02, -2.3355e-03, -2.9055e-03, -1.0000e+00, +4.4211e-02, -3.5521e-02, -1.0933e-01, -1.0954e-01, -1.6221e-02, -1.2432e-01, -1.4367e-02, -2.2268e-02, -3.5287e-02, -9.7349e-02, +5.0697e-02, -9.7172e-02, -7.6978e-02, +1.3892e-02, -2.4029e-02, +1.1761e-01, +4.4602e-03, -7.0300e-02, -7.6265e-03, -4.9646e-02, +4.3972e-02, -4.8091e-02, -6.7020e-02, +4.4157e-03, -5.9455e-02, -2.5504e-02, +1.1379e-02, +3.6276e-02, +2.2311e-02
-1.0069e-01, +1.1853e-01, +2.4170e-02, +4.5279e-02, +4.0108e-02, +7.2722e-02, -3.6148e-02, -4.0705e-02, -3.6144e-02, +2.9375e-02, +4.5016e-02, +1.7963e-01, -3.7571e-02, +5.7737e-02, +4.2562e-02, +8.3684e-02, +5.6704e-02, +1.0875e-02, +1.8222e-01, -1.1311e-01, +4.4211e-02, -1.0000e+00, +2.0074e-02, +1.4103e-01, -8.3247e-02, +4.5850e-02, +1.4903e-01, -3.8781e-02, +5.9705e-02, +6.2656e-02, +2.1988e-01, -2.1585e-02, +1.0189e-02, -1.0327e-01, +8.8389e-02, +4.6957e-02, +2.3970e-01, -5.8641e-02, +1.6683e-02, +1.0005e-01, +1.8961e-01, +9.7591e-02, +1.3753e-02, -9.2789e-02, +9.6842e-02, +8.8355e-02, +8.6416e-02, +6.8427e-02, -4.0543e-02, +1.6785e-01
+3.3572e-02, +8.3097e-02, +5.8384e-02, -7.1959e-03, -3.7697e-02, -3.5627e-02, +3.2573e-02, +5.5147e-02, -8.0549e-02, +1.2654e-01, +8.2466e-02, +7.2234e-02, +8.2703e-03, +8.0966e-02, -6.9055e-02, +9.5437e-02, +1.0435e-01, +9.2063e-02, +2.5023e-02, +7.1615e-03, -3.5521e-02, +2.0074e-02, -1.0000e+00, +2.4021e-02, +7.1444e-02, +9.7682e-03, -2.7234e-02, +6.1878e-02, -3.2571e-02, +4.8380e-02, +2.0611e-01, -3.6116e-02, -5.2842e-02, -1.6001e-02, -2.9390e-02, -1.0234e-02, -4.2607e-02, +2.0754e-02, +3.6014e-02, -1.8189e-01, -7.9413e-03, +1.7881e-02, -2.0973e-02, -5.2928e-02, +5.4896e-02, -2.7896e-02, +5.2846e-03, -5.6954e-02, -2.2852e-02, +1.6052e-01
+6.6730e-03, -8.8981e-02, -1.2907e-01, -1.5367e-01, -1.3732e-01, -3.0675e-02, -5.2297e-02, -4.8952e-02, -3.3573e-02, -9.9902e-02, -4.1951e-02, -1.5902e-01, -5.9419e-02, -7.2139e-02, -4.6662e-02, -2.7585e-02, +5.1629e-02, +5.8478e-02, +2.2513e-02, -1.6996e-02, -1.0933e-01, +1.4103e-01, +2.4021e-02, -1.0000e+00, -1.0979e-01, -1.0119e-01, -3.2271e-01, +8.1544e-04, -1.5319e-02, -4.1565e-02, -2.4654e-01, +3.8176e-03, +2.7354e-02, -1.5074e-01, -1.4379e-01, -1.0820e-01, +6.1215e-02, +1.3619e-01, -5.6416e-02, -5.4531e-02, -1.7576e-01, +1.1515e-01, +3.5026e-02, -4.3406e-02, -6.4932e-02, -1.3761e-01, -7.3006e-02, -6.3109e-02, -7.3525e-02, +3.2017e-02
-4.0536e-02, +7.3098e-02, -7.5899e-02, -3.5107e-02, -1.0935e-02, -8.5225e-02, -1.9136e-02, -5.8953e-02, -1.8830e-01, -9.6855e-04, -5.9565e-02, -1.7061e-01, -2.2413e-02, -3.5177e-02, -5.6829e-03, -8.2991e-02, -1.0828e-02, -5.6550e-02, +8.3105e-02, -5.6381e-02, -1.0954e-01, -8.3247e-02, +7.1444e-02, -1.0979e-01, -1.0000e+00, +3.6101e-03, -6.3457e-02, -6.2274e-02, -4.7931e-02, -3.4427e-02, -1.1296e-01, -1.3734e-02, -2.3387e-02, -1.6919e-01, -5.6798e-02, +1.4018e-02, +2.0101e-01, -5.2258e-02, -8.0023e-02, +2.0684e-02, -1.0350e-01, +5.9936e-02, -1.4156e-02, -1.2178e-01, -1.0741e-01, +3.4439e-02, +1.0656e-02, +5.4163e-04, -8.1139e-02, +9.4041e-02
-4.7893e-02, +3.2179e-02, -2.8464e-02, -9.6495e-02, +3.7862e-02, +3.3127e-02, +5.9462e-02, -3.2860e-02, +6.7682e-02, +4.2222e-05, -8.4331e-02, +1.5288e-02, -9.8310e-02, -1.1310e-01, -4.8485e-02, -1.9447e-01, +1.6068e-02, -7.1800e-02, +1.1639e-01, +7.1005e-02, -1.6221e-02, +4.5850e-02, +9.7682e-03, -1.0119e-01, +3.6101e-03, -1.0000e+00, -8.9273e-03, +3.2916e-02, -9.4906e-02, -4.5985e-03, -6.0901e-02, +1.6970e-02, -2.1196e-02, +3.0203e-02, +4.7128e-04, -1.7452e-02, +3.2474e-02, +1.0104e-01, +3.3323e-03, -5.9808e-02, -8.1119e-02, +2.2710e-01, -1.8128e-03, +2.2976e-02, -9.1732e-02, -9.0473e-02, -6.2705e-03, -1.3055e-03, -1.0091e-01, +2.6450e-02
+7.4681e-02, -1.9098e-01, -1.4133e-01, -5.8478e-02, -1.5015e-01, -1.7512e-01, -6.8056e-02, -8.7102e-02, -5.9454e-03, -3.8791e-02, -2.5889e-01, -2.4060e-01, -2.6984e-02, -2.8584e-01, -1.8111e-01, -1.3624e-02, +6.8111e-02, -4.6774e-03, +4.6987e-02, +6.7336e-02, -1.2432e-01, +1.4903e-01, -2.7234e-02, -3.2271e-01, -6.3457e-02, -8.9273e-03, -1.0000e+00, -1.9907e-02, -2.3212e-02, -2.6570e-01, -4.1500e-01, +7.4720e-02, +1.2882e-01, -1.1539e-01, -4.6966e-02, -1.2164e-01, -3.2823e-02, +1.2500e-01, -2.0081e-01, -3.9801e-02, -3.1378e-01, -3.0530e-02, +1.8468e-02, +7.0170e-02, -1.9808e-01, -1.0686e-01, -1.8852e-01, -6.6813e-02, +4.7567e-03, +2.2547e-01
-6.9283e-02, +2.9000e-02, -7.9976e-02, -4.5209e-02, -1.4362e-01, -1.3391e-01, +2.1521e-02, -8.3720e-02, -6.6022e-02, +1.2305e-01, -9.8135e-02, +4.6575e-02, -2.0383e-02, -8.9992e-02, -1.1512e-01, +2.2451e-02, -7.9327e-03, -2.1442e-01, +1.5940e-01, -7.6995e-02, -1.4367e-02, -3.8781e-02, +6.1878e-02, +8.1545e-04, -6.2274e-02, +3.2916e-02, -1.9907e-02, -1.0000e+00, -6.5026e-02, +8.9696e-02, +3.0213e-02, -4.5025e-02, -5.5483e-02, -6.4453e-02, -1.3704e-02, +1.0907e-01, +2.0829e-01, -6.6814e-02, -1.4108e-01, +5.2973e-02, -2.7124e-03, +4.9842e-02, +1.4066e-02, -6.0904e-02, -5.7422e-02, -5.1282e-02, -7.9843e-02, +4.8943e-02, +1.7001e-02, -1.3133e-01
+2.6283e-02, +4.5316e-02, -2.9654e-02, +5.4128e-02, +2.1547e-02, -1.8891e-02, +1.0633e-01, +9.1303e-03, +3.2861e-02, +1.5036e-01, -6.2389e-02, +1.3275e-01, +8.0660e-04, -4.7038e-02, -8.0715e-02, -3.1467e-01, -4.4815e-03, -1.1256e-01, +5.0799e-01, -3.5638e-02, -2.2268e-02, +5.9705e-02, -3.2571e-02, -1.5319e-02, -4.7931e-02, -9.4906e-02, -2.3212e-02, -6.5026e-02, -1.0000e+00, +9.3053e-02, -1.4269e-01, +4.3774e-02, +3.8767e-02, -1.7501e-01, -3.9005e-02, -1.4736e-01, +2.2906e-01, -1.1434e-01, -9.9419e-02, +1.8103e-01, -2.0532e-01, -1.5002e-01, -2.7009e-02, -5.5277e-02, +2.4147e-02, -5.5420e-02, -6.0822e-02, +2.3674e-01, +4.6218e-02, +1.0703e-01
-9.0651e-02, -5.3258e-02, -1.1103e-01, -8.2601e-02, -1.0350e-01, -1.0107e-01, -5.6424e-02, -5.3944e-02, -4.2489e-02, +4.9848e-02, -1.9405e-01, -1.7457e-01, -1.3543e-02, -4.0166e-02, -4.1936e-02, +6.2430e-02, -5.2630e-02, -1.4410e-01, +2.3851e-02, +4.4054e-02, -3.5287e-02, +6.2656e-02, +4.8380e-02, -4.1565e-02, -3.4427e-02, -4.5985e-03, -2.6570e-01, +8.9696e-02, +9.3053e-02, -1.0000e+00, -1.5853e-01, +1.9988e-02, -2.4443e-01, +4.1054e-02, -1.1171e-01, +4.4931e-02, -2.0750e-02, +9.3504e-02, -9.1101e-02, +3.8859e-03, -6.2042e-02, +7.4168e-03, -8.5986e-04, +1.9279e-02, -2.0126e-01, +2.7050e-02, -1.9366e-01, +8.5194e-04, -2.0724e-02, +6.5800e-02
+4.5637e-02, -1.7353e-01, -1.1989e-02, +2.1854e-02, -2.4471e-01, -2.5173e-01, +3.4489e-02, -4.4800e-02, +7.0495e-02, +3.2591e-02, -3.6254e-01, -1.6507e-01, -2.1979e-01, -2.2010e-01, -1.4871e-01, -3.7888e-01, +1.4413e-01, -6.1815e-03, -1.0040e-01, +8.1242e-02, -9.7349e-02, +2.1988e-01, +2.0611e-01, -2.4654e-01, -1.1296e-01, -6.0901e-02, -4.1500e-01, +3.0213e-02, -1.4269e-01, -1.5853e-01, -1.0000e+00, +6.4827e-02, -2.2269e-02, -1.3237e-01, +5.8492e-02, +9.6090e-02, +5.6043e-02, +1.1177e-01, -1.5554e-01, +8.0267e-03, -4.9073e-01, +2.4729e-03, +9.6307e-03, +2.1079e-01, -2.9123e-01, -2.0428e-02, -1.2155e-01, +3.0319e-01, -3.9244e-02, +2.7129e-01
-5.9874e-02, +5.7840e-02, +2.7396e-02, -1.1334e-02, +5.2650e-03, +6.6645e-02, -1.8540e-02, -4.2575e-02, -6.0206e-02, -1.6635e-02, +6.0679e-02, +6.0755e-02, +3.5182e-02, -2.1514e-03, +3.6621e-02, +9.6392e-03, -3.1559e-02, -5.4662e-02, -3.4040e-02, +9.1200e-03, +5.0697e-02, -2.1585e-02, -3.6116e-02, +3.8176e-03, -1.3734e-02, +1.6970e-02, +7.4720e-02, -4.5025e-02, +4.3774e-02, +1.9988e-02, +6.4827e-02, -1.0000e+00, -7.5936e-02, +3.5289e-03, -3.0172e-02, +4.0349e-02, +1.1754e-02, -1.7762e-02, +3.5503e-02, -3.8820e-02, +4.2970e-02, -1.5061e-02, -1.8818e-02, -3.2757e-02, +3.7145e-02, -1.1206e-03, +3.6312e-02, +7.5593e-03, -2.5407e-02, -3.9787e-02
-2.4504e-01, +1.1178e-01, -4.6971e-02, -1.0632e-01, +7.3826e-03, +5.5792e-02, -5.1627e-02, -2.7742e-02, -1.1447e-01, +4.4014e-02, -1.9161e-01, +1.1127e-01, -7.3194e-02, +1.2440e-01, -1.1741e-01, +7.6009e-02, +5.7780e-02, -2.8646e-01, -2.8664e-02, -2.4483e-01, -9.7172e-02, +1.0189e-02, -5.2842e-02, +2.7354e-02, -2.3387e-02, -2.1196e-02, +1.2882e-01, -5.5483e-02, +3.8767e-02, -2.4443e-01, -2.2269e-02, -7.5936e-02, -1.0000e+00, +4.0862e-01, -1.0743e-01, +7.8600e-02, +2.2713e-01, -6.3841e-02, -1.0024e-01, -5.6019e-02, -6.9429e-02, +1.4653e-01, -1.0442e-02, +2.2233e-02, -2.0569e-01, -6.4633e-02, -1.4525e-01, +3.1986e-01, +1.7526e-01, -9.0391e-02
+5.2074e-02, +2.8293e-02, -1.1930e-01, -7.2460e-02, -1.4462e-01, -1.2473e-01, +8.3853e-02, -6.8240e-02, -7.2617e-02, -2.2646e-02, +4.2131e-02, -2.0144e-01, +1.2228e-01, -8.6448e-03, +1.2587e-01, +1.9802e-05, +3.0285e-02, +1.8703e-01, +1.2703e-01, +9.6689e-03, -7.6978e-02, -1.0327e-01, -1.6001e-02, -1.5074e-01, -1.6919e-01, +3.0203e-02, -1.1539e-01, -6.4453e-02, -1.7501e-01, +4.1054e-02, -1.3237e-01, +3.5289e-03, +4.0862e-01, -1.0000e+00, +2.4528e-02, +1.3567e-01, -2.3198e-02, -6.7655e-02, +2.6360e-02, +5.5232e-02, -2.0872e-02, +7.4418e-02, -1.6068e-02, -2.3270e-01, +1.4378e-01, -3.6081e-02, -2.5504e-02, +7.9812e-02, +4.6858e-02, -1.1561e-01
-6.0001e-02, +1.1823e-02, -5.9405e-02, -1.2065e-01, +1.4286e-02, -2.5165e-02, -1.0969e-02, -2.5531e-02, -8.2316e-02, +5.9329e-03, -3.6095e-02, -1.0479e-01, +2.5368e-02, -6.4489e-02, -4.2114e-03, +5.4109e-02, -2.6566e-02, -1.0391e-01, +1.0478e-01, -4.4688e-02, +1.3892e-02, +8.8390e-02, -2.9390e-02, -1.4379e-01, -5.6798e-02, +4.7128e-04, -4.6966e-02, -1.3704e-02, -3.9005e-02, -1.1171e-01, +5.8492e-02, -3.0172e-02, -1.0743e-01, +2.4528e-02, -1.0000e+00, -2.1074e-02, -2.7769e-02, +1.0417e-02, -1.1788e-01, -3.2497e-02, -3.2365e-04, -7.9253e-02, +1.6874e-02, -2.7384e-02, -7.7209e-02, -6.5096e-02, -5.7316e-02, -4.7133e-02, -2.7940e-02, -4.6170e-02
+5.5440e-02, -7.1440e-02, -5.7382e-02, +1.0560e-02, +4.6465e-03, -1.0589e-01, +1.2460e-02, -1.7582e-02, -1.4730e-03, +3.9441e-04, -2.5292e-03, -4.2340e-02, +8.8475e-02, -5.7611e-02, +6.0102e-02, +1.4023e-01, +2.6510e-02, +5.1941e-02, -1.6053e-01, +5.6891e-02, -2.4029e-02, +4.6957e-02, -1.0234e-02, -1.0820e-01, +1.4018e-02, -1.7452e-02, -1.2164e-01, +1.0907e-01, -1.4736e-01, +4.4931e-02, +9.6091e-02, +4.0349e-02, +7.8600e-02, +1.3567e-01, -2.1074e-02, -1.0000e+00, +2.1923e-02, -4.9159e-03, -6.1805e-02, +2.7996e-01, +3.9657e-02, +2.3779e-02, +6.7904e-03, -9.6845e-02, +7.5786e-02, +1.0399e-03, +2.6781e-02, -1.4366e-01, -6.1086e-03, +1.1729e-01
+7.9362e-02, -1.8024e-01, -1.0980e-01, +6.2899e-02, -1.5503e-01, +2.5687e-01, +1.3211e-01, +1.9434e-01, +1.1912e-02, +1.7394e-04, +2.2413e-01, -2.9362e-01, +1.6196e-02, +2.4734e-02, +1.2557e-01, +7.5660e-02, -4.7674e-02, +2.7266e-01, -2.0086e-01, +2.4276e-01, +1.1761e-01, +2.3970e-01, -4.2607e-02, +6.1215e-02, +2.0101e-01, +3.2474e-02, -3.2823e-02, +2.0829e-01, +2.2906e-01, -2.0750e-02, +5.6043e-02, +1.1754e-02, +2.2713e-01, -2.3198e-02, -2.7769e-02, +2.1923e-02, -1.0000e+00, +3.1324e-02, +1.6468e-01, -5.9975e-02, +1.3196e-01, -1.4956e-02, +4.9148e-02, +2.2771e-01, -4.5430e-02, +1.5253e-01, +8.5424e-03, +1.3453e-01, -6.7310e-04, -1.6603e-01
+2.7045e-02, +1.3258e-01, +2.0791e-02, -2.1854e-02, +1.6426e-01, -1.7640e-02, +6.3212e-02, +6.6992e-02, +4.1502e-02, +3.6649e-02, -2.1260e-02, +5.7159e-02, +7.6975e-02, +8.4606e-03, +2.8308e-02, +8.1295e-03, -4.2617e-02, -1.3278e-01, +4.2798e-02, -3.2560e-02, +4.4602e-03, -5.8641e-02, +2.0754e-02, +1.3619e-01, -5.2258e-02, +1.0104e-01, +1.2500e-01, -6.6814e-02, -1.1434e-01, +9.3504e-02, +1.1177e-01, -1.7762e-02, -6.3841e-02, -6.7655e-02, +1.0417e-02, -4.9159e-03, +3.1324e-02, -1.0000e+00, -1.6772e-04, +2.3518e-02, -4.6755e-02, -7.9008e-02, +4.1755e-02, -7.4132e-02, +7.7032e-02, +1.4255e-01, -4.1159e-02, +9.9588e-02, -5.8561e-02, -9.4508e-02
-4.1343e-02, +4.2658e-02, -1.7769e-02, -1.1729e-01, -1.0138e-01, -1.5555e-01, -1.7740e-02, -1.0366e-01, -2.2151e-02, +5.5402e-02, -2.1130e-01, -7.2232e-02, +1.2500e-02, -1.0836e-01, -1.4172e-01, -2.5765e-02, +5.0624e-02, -1.2620e-01, +8.8748e-02, -9.8350e-02, -7.0300e-02, +1.6683e-02, +3.6014e-02, -5.6416e-02, -8.0023e-02, +3.3323e-03, -2.0081e-01, -1.4108e-01, -9.9419e-02, -9.1101e-02, -1.5554e-01, +3.5503e-02, -1.0024e-01, +2.6360e-02, -1.1788e-01, -6.1805e-02, +1.6468e-01, -1.6772e-04, -1.0000e+00, -6.3099e-03, -9.3187e-02, -4.9146e-04, -5.4750e-02, +1.5231e-02, -1.3132e-01, -1.9163e-02, -1.8237e-01, +2.4981e-02, +2.0939e-03, +7.9773e-02
-1.9960e-02, -5.5979e-02, -4.5293e-02, -4.5623e-03, +1.5179e-02, -2.4453e-03, -5.3561e-02, +1.3013e-01, +5.7294e-02, -3.6920e-02, +5.3890e-04, -6.9116e-02, +1.7914e-01, +2.4963e-02, -7.0353e-03, +1.2848e-02, -7.1088e-02, -2.9216e-02, -6.4672e-02, -5.2278e-02, -7.6265e-03, +1.0005e-01, -1.8189e-01, -5.4531e-02, +2.0684e-02, -5.9808e-02, -3.9801e-02, +5.2973e-02, +1.8103e-01, +3.8859e-03, +8.0267e-03, -3.8820e-02, -5.6019e-02, +5.5232e-02, -3.2497e-02, +2.7996e-01, -5.9975e-02, +2.3518e-02, -6.3099e-03, -1.0000e+00, -5.9399e-02, +7.3965e-02, -4.0023e-02, -5.0064e-02, +1.3093e-02, -1.3732e-01, -2.8090e-02, -8.1005e-02, -2.9342e-02, +8.9929e-02
+4.0094e-02, -1.1553e-01, -2.7923e-04, +5.0585e-02, -3.2320e-03, -2.1688e-01, -2.4989e-02, -4.9695e-02, +2.4935e-02, +5.8742e-02, -1.9838e-01, -1.1504e-01, -9.9556e-02, -1.2410e-01, -2.1416e-01, -2.5150e-01, +5.6101e-02, -1.0678e-01, +3.0210e-02, -6.5732e-03, -4.9646e-02, +1.8961e-01, -7.9413e-03, -1.7576e-01, -1.0350e-01, -8.1119e-02, -3.1378e-01, -2.7124e-03, -2.0532e-01, -6.2042e-02, -4.9073e-01, +4.2970e-02, -6.9429e-02, -2.0872e-02, -3.2364e-04, +3.9657e-02, +1.3196e-01, -4.6755e-02, -9.3187e-02, -5.9399e-02, -1.0000e+00, +1.5822e-02, -6.7712e-02, +7.7139e-02, -1.3902e-01, +3.9637e-03, -1.0095e-01, +1.0709e-01, -1.2115e-03, +2.0042e-01
+7.1075e-02, -1.5748e-02, -9.4294e-04, +3.7409e-02, -1.2056e-02, -1.1307e-01, -3.1046e-02, -4.3086e-02, +3.1728e-02, +1.4676e-02, -3.9253e-02, +1.0888e-01, +2.5366e-01, +3.5516e-02, -2.4011e-02, +1.4532e-01, +1.8880e-02, +9.2551e-02, -5.9442e-02, -1.5616e-02, +4.3972e-02, +9.7591e-02, +1.7881e-02, +1.1515e-01, +5.9936e-02, +2.2710e-01, -3.0530e-02, +4.9842e-02, -1.5002e-01, +7.4168e-03, +2.4729e-03, -1.5061e-02, +1.4653e-01, +7.4418e-02, -7.9253e-02, +2.3779e-02, -1.4956e-02, -7.9008e-02, -4.9147e-04, +7.3965e-02, +1.5822e-02, -1.0000e+00, +2.1337e-02, -1.2549e-03, +1.0631e-01, +1.4970e-01, +5.6200e-02, -4.5787e-02, -2.9515e-02, +4.8882e-02
+4.2224e-02, -4.1654e-03, +2.4353e-02, -2.2709e-02, -1.0035e-02, -8.6540e-03, +2.7244e-02, -9.1164e-02, -1.6500e-02, -4.7496e-03, -2.0084e-05, +4.9595e-02, +4.8002e-02, +1.5678e-02, -4.9112e-02, +2.6259e-03, -2.5141e-02, -2.5006e-03, -4.6986e-02, -1.0170e-01, -4.8091e-02, +1.3753e-02, -2.0973e-02, +3.5026e-02, -1.4156e-02, -1.8128e-03, +1.8468e-02, +1.4066e-02, -2.7009e-02, -8.5986e-04, +9.6307e-03, -1.8818e-02, -1.0442e-02, -1.6068e-02, +1.6874e-02, +6.7904e-03, +4.9148e-02, +4.1755e-02, -5.4750e-02, -4.0023e-02, -6.7712e-02, +2.1337e-02, -1.0000e+00, -1.8173e-02, +7.4545e-03, -1.5807e-02, +3.7851e-02, +1.8482e-02, +5.2117e-03, +4.7948e-02
-6.9067e-03, +1.1511e-01, -8.0581e-03, -1.8206e-02, +2.0361e-02, -5.6089e-02, -2.1832e-02, -8.4033e-02, -8.6507e-02, -1.5659e-02, -1.3307e-02, +8.8858e-03, +1.0446e-01, +6.5020e-02, +2.1696e-02, -1.0091e-02, -4.6417e-02, -1.0658e-02, +5.0288e-02, +7.4248e-02, -6.7020e-02, -9.2789e-02, -5.2928e-02, -4.3406e-02, -1.2178e-01, +2.2976e-02, +7.0170e-02, -6.0904e-02, -5.5277e-02, +1.9279e-02, +2.1079e-01, -3.2757e-02, +2.2233e-02, -2.3270e-01, -2.7384e-02, -9.6845e-02, +2.2771e-01, -7.4132e-02, +1.5231e-02, -5.0064e-02, +7.7139e-02, -1.2549e-03, -1.8173e-02, -1.0000e+00, +4.8770e-02, -3.5358e-02, +8.5793e-03, -1.9900e-02, +1.4856e-02, -8.9160e-02
+4.1277e-02, -8.0173e-02, -8.6527e-02, -1.0407e-01, -1.3878e-01, -4.1927e-02, -4.6954e-02, -4.3212e-02, -5.2011e-02, +6.7347e-02, -2.0947e-01, -1.7456e-01, -1.6035e-01, -2.3146e-01, -1.5317e-01, -1.5291e-01, +8.8046e-02, -1.6573e-01, +1.3749e-01, +4.2348e-02, +4.4157e-03, +9.6842e-02, +5.4896e-02, -6.4932e-02, -1.0741e-01, -9.1732e-02, -1.9808e-01, -5.7422e-02, +2.4147e-02, -2.0126e-01, -2.9123e-01, +3.7145e-02, -2.0569e-01, +1.4378e-01, -7.7209e-02, +7.5786e-02, -4.5430e-02, +7.7032e-02, -1.3132e-01, +1.3093e-02, -1.3902e-01, +1.0631e-01, +7.4545e-03, +4.8770e-02, -1.0000e+00, +6.0035e-02, -1.5789e-01, +6.5000e-02, -1.0563e-03, +3.6850e-02
-4.9088e-02, +8.0161e-03, +8.3900e-02, -4.4083e-02, +2.2061e-02, +4.4896e-02, -5.1232e-02, +4.4505e-02, -5.7167e-03, +8.8937e-02, +1.6559e-02, -5.4758e-02, +8.9075e-03, -9.1036e-02, -2.7199e-02, -1.7757e-02, +4.9766e-02, +3.1136e-02, -1.5803e-02, -9.3640e-02, -5.9455e-02, +8.8355e-02, -2.7896e-02, -1.3761e-01, +3.4439e-02, -9.0473e-02, -1.0686e-01, -5.1282e-02, -5.5420e-02, +2.7050e-02, -2.0428e-02, -1.1206e-03, -6.4633e-02, -3.6081e-02, -6.5096e-02, +1.0399e-03, +1.5253e-01, +1.4255e-01, -1.9163e-02, -1.3732e-01, +3.9637e-03, +1.4970e-01, -1.5807e-02, -3.5358e-02, +6.0035e-02, -1.0000e+00, -1.7280e-02, -3.4410e-02, +4.3893e-02, -5.6660e-02
-5.9563e-02, -2.6961e-02, -1.4881e-01, -1.0962e-01, -1.1667e-01, -1.7733e-01, +1.4019e-02, -1.2323e-01, -5.4867e-03, +8.6732e-02, -1.7445e-01, -1.4410e-01, +2.5373e-03, -1.3128e-01, -1.1307e-01, -6.8722e-02, +3.1184e-03, -1.1554e-01, +9.1451e-02, -5.3393e-02, -2.5504e-02, +8.6416e-02, +5.2846e-03, -7.3006e-02, +1.0656e-02, -6.2705e-03, -1.8852e-01, -7.9843e-02, -6.0822e-02, -1.9366e-01, -1.2155e-01, +3.6312e-02, -1.4525e-01, -2.5504e-02, -5.7316e-02, +2.6781e-02, +8.5424e-03, -4.1159e-02, -1.8237e-01, -2.8090e-02, -1.0095e-01, +5.6200e-02, +3.7851e-02, +8.5793e-03, -1.5789e-01, -1.7280e-02, -1.0000e+00, +9.7103e-02, -2.7725e-02, +6.5731e-03
+1.4693e-01, -1.5627e-01, -6.4626e-02, -2.2938e-01, +2.3349e-01, -8.3608e-02, -2.8126e-02, -5.2184e-02, +1.4767e-01, -7.0931e-03, +2.0841e-01, -1.8506e-01, +1.3437e-01, -7.8743e-02, +1.4325e-01, +1.3458e-01, -2.4888e-03, +6.1235e-02, +9.1010e-03, +7.0466e-02, +1.1379e-02, +6.8427e-02, -5.6954e-02, -6.3109e-02, +5.4163e-04, -1.3055e-03, -6.6813e-02, +4.8943e-02, +2.3674e-01, +8.5195e-04, +3.0319e-01, +7.5593e-03, +3.1986e-01, +7.9812e-02, -4.7133e-02, -1.4366e-01, +1.3453e-01, +9.9588e-02, +2.4981e-02, -8.1005e-02, +1.0709e-01, -4.5787e-02, +1.8482e-02, -1.9900e-02, +6.5000e-02, -3.4410e-02, +9.7103e-02, -1.0000e+00, -3.7499e-02, +2.8391e-01
-2.8966e-02, +1.3775e-01, -7.1390e-02, -2.5280e-02, -6.3354e-02, +2.0493e-02, -3.6723e-02, +3.0864e-02, -1.9098e-02, +8.5565e-03, -6.5037e-02, +7.2725e-02, -4.8408e-02, +1.5836e-02, -1.6895e-03, -2.5797e-01, +4.7366e-03, -4.2735e-02, -4.8857e-02, -3.8206e-02, +3.6276e-02, -4.0543e-02, -2.2851e-02, -7.3525e-02, -8.1139e-02, -1.0091e-01, +4.7567e-03, +1.7001e-02, +4.6218e-02, -2.0724e-02, -3.9244e-02, -2.5407e-02, +1.7526e-01, +4.6858e-02, -2.7940e-02, -6.1086e-03, -6.7310e-04, -5.8561e-02, +2.0939e-03, -2.9342e-02, -1.2115e-03, -2.9516e-02, +5.2117e-03, +1.4856e-02, -1.0563e-03, +4.3893e-02, -2.7725e-02, -3.7499e-02, -1.0000e+00, +6.7671e-02
-5.9404e-02, +9.5152e-02, -1.3672e-02, -1.6006e-02, +3.0617e-03, +8.7395e-02, -3.7268e-02, +4.1774e-02, -6.5902e-02, +8.4657e-02, +9.8706e-02, -8.2397e-03, -2.3685e-02, +7.2270e-02, +3.9576e-02, +2.4269e-01, +2.0010e-01, -8.4286e-02, +1.1198e-01, -1.4011e-02, +2.2311e-02, +1.6785e-01, +1.6052e-01, +3.2017e-02, +9.4041e-02, +2.6450e-02, +2.2547e-01, -1.3133e-01, +1.0703e-01, +6.5800e-02, +2.7129e-01, -3.9787e-02, -9.0391e-02, -1.1561e-01, -4.6170e-02, +1.1729e-01, -1.6603e-01, -9.4508e-02, +7.9773e-02, +8.9929e-02, +2.0042e-01, +4.8882e-02, +4.7948e-02, -8.9160e-02, +3.6850e-02, -5.6660e-02, +6.5731e-03, +2.8391e-01, +6.7671e-02, -1.0000e+00
