-1.0000e+00, -6.7328e-02, -1.0257e-01, -5.7750e-02, +1.4339e-02, -3.4963e-02, -4.5167e-02, +5.7317e-02, -1.2814e-01, +1.7709e-02, -5.0676e-02, -5.2362e-02, +9.6591e-02, -7.1716e-02, -1.1918e-01, +1.0373e-01, -3.5469e-03, +1.4981e-02, -6.5153e-02, +6.1626e-02, +3.2150e-02, -8.2751e-02, -3.8264e-02, +1.6247e-03, -1.0227e-01, -8.1479e-02, -7.5560e-02, -1.0773e-02, -5.4289e-02, +1.8366e-02, -3.7466e-02, +7.0007e-02, -2.1068e-01, +3.1031e-02, -1.9759e-02, +5.3976e-02, +2.0776e-01, -1.4777e-01, -9.0226e-03, -1.4183e-02, +5.0801e-02, +4.8009e-02, +4.2809e-02, +1.6571e-01, -1.0118e-02, -3.3741e-02, -1.4619e-01, +2.3206e-01, +3.5422e-02, -6.9262e-02
-6.7328e-02, -1.0000e+00, -2.1270e-02, -7.8805e-02, -2.3058e-02, -7.0835e-02, +9.9280e-02, -2.9119e-02, +4.1377e-03, +5.6032e-02, -2.0080e-02, -1.6601e-01, +4.5528e-03, +5.4671e-02, -1.1178e-01, +2.0992e-01, +9.5707e-02, -3.8080e-02, -7.6241e-02, +3.7328e-02, -2.6209e-02, -1.1949e-01, +1.5294e-01, -4.9193e-02, +4.2531e-03, -1.7410e-02, -7.0658e-02, +5.9528e-02, -6.4486e-02, +2.6492e-02, -5.4373e-02, +7.4186e-02, -2.6357e-02, +1.0490e-01, -2.7188e-02, -6.9745e-02, +1.2552e-01, -1.5176e-01, -1.6964e-02, -1.3015e-01, -2.4637e-02, +3.7406e-02, -3.5475e-02, +7.8220e-03, +1.6653e-01, -5.7020e-02, -6.1944e-02, +3.9835e-02, -8.6746e-02, +3.9031e-02
-1.0257e-01, -2.1270e-02, -1.0000e+00, +1.0327e-01, +8.8858e-03, -4.3793e-02, -1.1575e-01, -6.2221e-02, -1.0536e-01, +7.6871e-02, -4.2705e-02, -9.1529e-02, -5.2615e-02, -1.6940e-01, -8.3977e-03, -9.3351e-02, +2.1800e-02, -4.2821e-02, +2.8743e-02, +3.2940e-02, -4.0342e-02, -2.1752e-02, +4.1323e-02, -3.3158e-02, -5.1182e-02, -3.0738e-02, -6.9339e-02, -1.6671e-01, -3.8717e-02, +1.6899e-02, +6.6046e-02, +7.6793e-02, -1.7967e-01, +9.5923e-02, -5.6655e-02, +9.1821e-02, -1.0661e-01, +4.0002e-02, -9.6562e-03, +2.9929e-03, +4.4589e-02, -8.8336e-02, +8.7937e-02, -2.8858e-02, -1.2169e-01, -3.6456e-02, -6.3578e-02, +1.8160e-01, +1.6316e-02, +1.3822e-02
-5.7750e-02, -7.8805e-02, +1.0327e-01, -1.0000e+00, -9.0008e-02, -7.5482e-02, +7.4420e-02, +4.0291e-02, +1.1600e-02, +6.5745e-02, -9.6884e-02, -6.8310e-02, -5.8611e-02, +4.3975e-03, -7.6797e-03, -4.8119e-02, +3.5895e-02, -6.3687e-02, -3.6316e-03, -4.1939e-02, -2.9626e-02, -7.2795e-02, +2.6259e-02, -3.2669e-02, -8.5491e-02, -1.1982e-01, -6.4000e-03, -4.9990e-02, -2.6400e-02, -5.7486e-02, -1.4637e-01, +1.6749e-02, -6.1773e-03, +1.2338e-02, +3.0353e-02, +9.8284e-02, -4.7356e-02, -6.9715e-02, -6.1020e-02, -9.1355e-02, -5.1439e-02, +4.3269e-02, +2.1378e-02, +4.7699e-02, +2.6549e-02, -5.9861e-02, -5.3226e-02, +6.1125e-02, -4.4905e-02, +6.8846e-02
+1.4339e-02, -2.3058e-02, +8.8858e-03, -9.0008e-02, -1.0000e+00, -4.8177e-02, +7.9785e-02, +1.0888e-02, +5.6645e-04, +4.5329e-02, -9.1175e-02, -8.3480e-02, -1.3238e-02, -1.1027e-02, -4.3570e-02, -5.4487e-02, +5.9127e-02, +2.6026e-02, -7.0035e-02, -1.8965e-03, -3.7636e-03, -1.6204e-02, +5.1687e-02, -4.7606e-02, +1.7859e-02, +1.4223e-02, -3.6620e-02, -4.9734e-02, -9.5917e-02, -7.2268e-02, -2.9523e-02, +2.1555e-02, -7.3814e-02, -2.8608e-02, -3.5280e-03, +7.9185e-02, -4.3167e-02, +1.8411e-02, -1.2292e-02, -2.0103e-02, -3.9947e-02, +2.2137e-02, -3.3852e-02, -1.4693e-02, -8.5791e-02, -2.4910e-02, -1.0953e-01, +1.9179e-01, -2.5809e-02, -3.4999e-02
-3.4963e-02, -7.0835e-02, -4.3793e-02, -7.5482e-02, -4.8177e-02, -1.0000e+00, +4.5371e-03, -8.9820e-03, -9.2561e-03, +1.0382e-01, -2.1257e-01, -5.7591e-02, +2.5718e-02, -6.2828e-02, -1.5334e-01, +7.5551e-03, +4.3094e-03, -8.0697e-02, -1.5501e-01, -7.1639e-03, +4.2200e-03, +9.3007e-02, +3.9273e-02, -1.3237e-02, -5.9054e-02, +4.5654e-02, -1.1344e-01, -1.0761e-01, -7.3148e-02, +4.0462e-02, -2.1584e-01, +6.2496e-02, +3.1259e-02, +2.8944e-02, +5.4587e-02, +2.1947e-02, +1.2657e-01, -6.3172e-02, +1.0773e-01, -1.6253e-02, -1.3488e-01, +3.7374e-02, +2.1026e-02, -2.5172e-03, -5.5636e-02, -3.4148e-02, -3.3094e-01, +2.4365e-02, -3.6260e-02, +1.8204e-01
-4.5167e-02, +9.9280e-02, -1.1575e-01, +7.4420e-02, +7.9785e-02, +4.5371e-03, -1.0000e+00, -8.2781e-02, +7.3501e-02, +2.3406e-02, -2.1132e-02, -1.1388e-02, +3.1325e-02, -9.5331e-02, +1.2836e-02, -4.9703e-02, +1.0284e-01, +4.8080e-02, -1.1980e-02, +1.5725e-02, -2.6097e-02, -8.7326e-02, +9.2685e-02, -1.9649e-02, +4.2439e-02, -4.3451e-02, -1.2747e-01, -8.2448e-02, +1.0124e-01, +2.0460e-02, +8.0846e-02, +2.7608e-02, +4.1661e-02, +5.7017e-02, -5.2278e-02, -3.6955e-02, -9.7042e-03, -9.7258e-02, -2.6862e-02, +3.6096e-02, -5.3540e-02, +3.2762e-02, -4.6514e-03, -9.6645e-02, -1.4090e-01, -3.6919e-02, +9.3707e-03, -8.5970e-02, -2.9891e-02, -5.9615e-02
+5.7317e-02, -2.9119e-02, -6.2221e-02, +4.0291e-02, +1.0888e-02, -8.9820e-03, -8.2781e-02, -1.0000e+00, +7.4462e-02, +4.5018e-02, -3.8071e-02, -1.1400e-01, +3.6423e-02, +1.7449e-01, +1.3616e-02, +2.4490e-02, +3.7918e-02, -8.9483e-03, +1.6527e-02, +2.0534e-02, +7.8895e-02, +8.3402e-02, +6.0375e-02, +7.3517e-02, +5.8478e-02, -1.6529e-01, -1.3762e-02, -1.1571e-01, -3.7340e-02, +5.1828e-03, +5.8669e-02, +8.7969e-02, +5.6727e-02, +9.0000e-02, -1.4550e-02, -2.2185e-02, -2.5436e-02, -6.9048e-02, +1.2039e-02, +3.1500e-02, +5.9987e-03, +5.5556e-03, -8.6503e-02, +7.5481e-03, -6.2021e-02, +9.2211e-02, -3.6032e-02, -3.2565e-02, -7.8313e-02, -2.1346e-02
-1.2814e-01, +4.1377e-03, -1.0536e-01, +1.1600e-02, +5.6644e-04, -9.2561e-03, +7.3501e-02, +7.4462e-02, -1.0000e+00, +2.4154e-01, +5.9835e-02, -6.0744e-03, +8.5120e-03, -4.8790e-01, -5.0835e-02, -1.4575e-01, +6.5673e-02, -1.1485e-01, -4.3481e-02, +5.8352e-02, +2.3139e-02, -9.4504e-02, -2.0546e-02, +2.4968e-01, -4.0943e-02, +1.6481e-01, +6.2882e-02, +5.4685e-02, +2.0447e-02, +5.6989e-02, -6.8280e-02, +4.7730e-01, -6.0643e-02, -7.9316e-02, +8.1069e-02, +6.2276e-02, -5.7757e-02, -5.8457e-03, +7.4428e-02, +8.1988e-02, +7.6440e-02, -2.6701e-02, +7.2840e-02, -2.7356e-02, +1.6545e-01, +1.0088e-01, +4.7423e-02, +2.5697e-01, +2.0869e-01, +1.5514e-01
+1.7709e-02, +5.6032e-02, +7.6871e-02, +6.5745e-02, +4.5329e-02, +1.0382e-01, +2.3406e-02, +4.5018e-02, +2.4154e-01, -1.0000e+00, -9.2200e-02, +2.2413e-01, +5.7426e-02, -1.4242e-02, +8.3091e-02, -9.3628e-02, +8.5181e-02, +6.8229e-02, +3.1151e-02, -1.3986e-03, -1.6884e-02, +3.3285e-02, +1.2806e-01, -8.6302e-02, +3.0166e-02, +5.8809e-02, -5.7941e-03, +9.1947e-02, +7.9250e-02, +6.5642e-02, -7.1209e-02, -2.2290e-02, -1.6265e-03, -6.1750e-02, +1.3209e-02, -1.1273e-02, +2.9333e-02, +6.1641e-02, +4.3058e-02, +1.6670e-02, +8.7637e-02, +2.0935e-02, +2.2168e-03, -5.0238e-02, +4.0594e-02, +6.9587e-02, +1.9684e-01, -5.7833e-02, -8.3773e-02, +3.0941e-02
-5.0676e-02, -2.0080e-02, -4.2705e-02, -9.6884e-02, -9.1175e-02, -2.1257e-01, -2.1132e-02, -3.8071e-02, +5.9835e-02, -9.2200e-02, -1.0000e+00, -1.1330e-01, +4.5751e-02, -9.1047e-04, -1.5335e-01, -3.8930e-02, +1.4544e-02, -1.0106e-01, -1.1292e-01, -3.6743e-02, -3.3110e-02, -3.7611e-02, +1.3032e-01, +5.9033e-02, -3.5309e-02, -5.7342e-02, -9.9259e-02, -1.0821e-01, +2.8202e-03, -2.3923e-02, -1.9606e-01, +5.8843e-02, +3.6598e-02, -2.5880e-02, -2.3050e-02, +5.1512e-02, +2.9466e-02, -1.1744e-01, -1.5631e-03, +1.5758e-02, -1.2190e-01, +5.6040e-02, +4.1838e-02, -4.6449e-02, -1.1118e-01, +1.1314e-03, -1.7991e-01, +2.1743e-01, -1.1979e-01, +6.9003e-02
-5.2362e-02, -1.6601e-01, -9.1529e-02, -6.8310e-02, -8.3480e-02, -5.7591e-02, -1.1388e-02, -1.1400e-01, -6.0744e-03, +2.2413e-01, -1.1330e-01, -1.0000e+00, +4.9250e-02, +2.3886e-02, -7.9651e-03, +1.7677e-01, +1.7863e-01, -6.3611e-02, +1.1020e-02, +5.6155e-02, +3.1305e-02, +1.1135e-01, +2.8444e-01, +6.4259e-02, -5.9199e-02, +1.7405e-03, -3.5925e-02, -5.2767e-02, -1.4762e-01, -3.7806e-02, -2.8418e-02, +1.6970e-01, -4.1196e-02, -3.2716e-02, -1.1936e-02, +1.0717e-02, -1.0934e-01, -1.1484e-01, -4.0638e-02, +9.2495e-02, +3.9045e-02, +4.4181e-02, -7.9109e-03, +1.2885e-01, -4.7455e-02, +1.7906e-02, -4.5013e-02, +2.6118e-01, -1.3034e-01, -1.5237e-01
+9.6591e-02, +4.5528e-03, -5.2615e-02, -5.8611e-02, -1.3238e-02, +2.5718e-02, +3.1325e-02, +3.6423e-02, +8.5120e-03, +5.7426e-02, +4.5751e-02, +4.9250e-02, -1.0000e+00, -1.1035e-01, -1.4399e-02, -1.0624e-01, +1.0829e-01, -2.3309e-02, -2.1209e-02, +2.6893e-02, -1.3480e-02, +3.8361e-02, +1.5878e-01, +2.2860e-02, -1.6223e-03, -1.2235e-01, -1.0136e-02, +3.0414e-02, +2.4565e-02, -6.2965e-03, +9.8068e-02, -3.8551e-02, +9.6512e-02, +5.9739e-02, -3.3587e-02, -9.6298e-02, -4.3943e-02, +9.1593e-02, +5.0751e-02, -8.0792e-02, +3.9249e-02, -4.3309e-02, +4.2797e-02, -1.8574e-01, -2.5136e-01, +2.3195e-02, +8.6837e-02, -9.2141e-02, +1.3470e-01, +3.9769e-02
-7.1716e-02, +5.4671e-02, -1.6940e-01, +4.3975e-03, -1.1027e-02, -6.2828e-02, -9.5331e-02, +1.7449e-01, -4.8790e-01, -1.4242e-02, -9.1047e-04, +2.3886e-02, -1.1035e-01, -1.0000e+00, -3.4293e-02, -3.7646e-01, +6.0175e-02, -1.0924e-01, -1.4036e-01, +1.1212e-01, -3.0978e-02, -1.4517e-01, +6.9985e-02, +9.2230e-02, -2.4796e-02, +1.1343e-01, +1.9422e-02, +6.5789e-02, +1.1778e-01, +7.7660e-02, +1.6811e-02, +2.8841e-01, +8.4749e-02, -1.3864e-01, -2.9304e-02, -1.1863e-01, -7.1056e-02, +9.9706e-03, +1.0887e-01, +2.7505e-01, -4.8337e-02, +4.9409e-02, +1.8388e-01, -9.3336e-02, +4.1667e-02, -5.4276e-02, +6.4015e-02, -1.3217e-01, +1.4375e-01, +1.8281e-01
-1.1918e-01, -1.1178e-01, -8.3977e-03, -7.6797e-03, -4.3570e-02, -1.5334e-01, +1.2836e-02, +1.3616e-02, -5.0835e-02, +8.3091e-02, -1.5335e-01, -7.9651e-03, -1.4399e-02, -3.4293e-02, -1.0000e+00, -5.5221e-03, -7.9599e-02, -1.8401e-04, -1.6423e-01, -6.8001e-03, -2.6388e-02, +5.1599e-02, -1.1767e-01, -8.7400e-02, -3.7276e-02, +3.0597e-02, -9.9207e-02, -6.5527e-02, -5.4736e-02, +9.2164e-02, -1.6167e-01, +7.6317e-02, -8.1980e-02, +1.0101e-03, +8.0804e-03, +6.5771e-02, +1.4557e-01, -1.0602e-01, +7.9891e-04, +1.7393e-02, -9.0777e-02, +8.3897e-02, +5.0516e-03, -1.1176e-01, -5.8906e-02, +2.7484e-02, -2.1318e-01, +2.9720e-01, +5.8866e-02, +2.1344e-02
+1.0373e-01, +2.0992e-01, -9.3351e-02, -4.8119e-02, -5.4487e-02, +7.5551e-03, -4.9703e-02, +2.4490e-02, -1.4575e-01, -9.3628e-02, -3.8930e-02, +1.7677e-01, -1.0624e-01, -3.7646e-01, -5.5221e-03, -1.0000e+00, -3.1790e-02, +7.7183e-03, +6.9999e-03, -1.5161e-01, +6.0131e-03, -1.4246e-01, -1.0001e-01, +1.4611e-02, +1.6249e-02, +1.0342e-01, +2.5001e-02, +3.5525e-02, +1.3286e-01, +7.8897e-03, +4.2634e-02, +6.8994e-02, +3.9349e-02, -9.8064e-02, -3.8315e-02, +3.9452e-02, -3.6886e-01, +1.2401e-01, +7.6021e-02, +5.3876e-02, -5.5763e-02, -1.0182e-02, +2.6546e-02, -3.4883e-01, -1.3611e-01, +1.1415e-01, +1.6209e-01, +5.9777e-02, +5.0129e-03, +1.0044e-01
-3.5469e-03, +9.5707e-02, +2.1800e-02, +3.5895e-02, +5.9127e-02, +4.3094e-03, +1.0284e-01, +3.7918e-02, +6.5673e-02, +8.5181e-02, +1.4544e-02, +1.7863e-01, +1.0829e-01, +6.0175e-02, -7.9599e-02, -3.1790e-02, -1.0000e+00, +3.4085e-02, +9.3528e-02, -6.3635e-02, -2.7472e-02, -1.9191e-02, +1.2605e-01, +5.2925e-02, +2.6263e-02, +2.4722e-02, +1.2637e-01, +3.0732e-02, +5.9697e-02, +3.4927e-02, +7.3319e-02, -6.9449e-02, -2.0544e-02, -2.4213e-02, +5.9132e-03, +1.4939e-02, -9.6666e-04, -6.9523e-03, +6.0514e-02, +9.8337e-02, -1.5589e-02, -6.0312e-02, -2.0499e-02, -5.0717e-02, +1.3690e-01, +5.7005e-02, +1.2163e-02, -4.2756e-02, +7.8710e-02, +2.6809e-02
+1.4981e-02, -3.8080e-02, -4.2821e-02, -6.3687e-02, +2.6026e-02, -8.0697e-02, +4.8080e-02, -8.9483e-03, -1.1485e-01, +6.8229e-02, -1.0106e-01, -6.3611e-02, -2.3309e-02, -1.0924e-01, -1.8400e-04, +7.7183e-03, +3.4085e-02, -1.0000e+00, +4.5845e-02, -3.9001e-03, +8.0425e-03, -6.5976e-02, +8.6477e-02, +1.0797e-01, +4.8843e-02, -5.0719e-02, -1.7084e-02, -5.0386e-03, -3.1387e-02, -2.5328e-02, -1.1802e-01, +3.5175e-02, -7.3837e-03, +7.5011e-03, -6.8665e-03, +4.3181e-02, -5.9458e-02, -8.1982e-02, +4.8031e-02, +7.1868e-02, -3.4109e-02, -6.8985e-03, +1.2903e-02, -2.7116e-03, -5.3335e-02, +4.2946e-02, -2.2790e-02, +1.1242e-01, -7.0006e-02, +2.2284e-02
-6.5153e-02, -7.6241e-02, +2.8743e-02, -3.6316e-03, -7.0035e-02, -1.5501e-01, -1.1980e-02, +1.6527e-02, -4.3481e-02, +3.1151e-02, -1.1292e-01, +1.1020e-02, -2.1209e-02, -1.4036e-01, -1.6423e-01, +6.9999e-03, +9.3528e-02, +4.5845e-02, -1.0000e+00, +4.1521e-02, +4.4482e-02, +5.1748e-02, +6.7689e-02, -9.4799e-02, +1.4235e-03, +4.7411e-02, -4.6240e-02, -1.8657e-02, +6.5345e-02, +6.3494e-02, -5.3887e-02, +7.9389e-02, +4.2770e-02, -8.0543e-02, -1.2794e-02, +3.6924e-03, +1.9362e-01, -1.4001e-01, -8.5790e-02, -1.6655e-02, -2.8402e-02, +5.5108e-02, -8.3398e-03, -6.4012e-02, -2.1546e-02, -1.4880e-01, -1.5846e-01, +3.9783e-02, +2.9799e-02, +6.3374e-02
+6.1626e-02, +3.7328e-02, +3.2940e-02, -4.1939e-02, -1.8965e-03, -7.1639e-03, +1.5725e-02, +2.0534e-02, +5.8352e-02, -1.3986e-03, -3.6743e-02, +5.6155e-02, +2.6893e-02, +1.1212e-01, -6.8001e-03, -1.5161e-01, -6.3635e-02, -3.9001e-03, +4.1521e-02, -1.0000e+00, +1.4656e-02, -2.3765e-01, -1.2663e-01, +2.6245e-02, +2.0436e-02, +4.7635e-02, +3.1823e-02, +4.2416e-02, +5.7552e-02, +6.3804e-02, +3.1445e-02, -1.2092e-01, +8.3084e-03, -5.8584e-02, -4.0416e-02, +1.6731e-01, -4.0133e-02, +6.3863e-02, -2.0956e-02, -5.1183e-02, +7.4067e-03, -2.1580e-02, -4.8125e-02, -7.6794e-02, +1.5384e-02, -1.6039e-02, +1.3722e-01, -5.9341e-03, -9.3741e-02, +8.1282e-04
+3.2150e-02, -2.6209e-02, -4.0342e-02, -2.9626e-02, -3.7636e-03, +4.2200e-03, -2.6097e-02, +7.8895e-02, +2.3139e-02, -1.6884e-02, -3.3110e-02, +3.1305e-02, -1.3480e-02, -3.0978e-02, -2.6388e-02, +6.0131e-03, -2.7472e-02, +8.0425e-03, +4.4482e-02, +1.4656e-02, -1.0000e+00, +1.1078e-03, -3.3339e-02, +3.7391e-02, -2.2767e-02, +1.0337e-02, -3.7617e-02, -2.3167e-02, +4.5412e-02, -2.0073e-02, -3.3348e-02, -4.5686e-02, -2.2197e-02, +2.7720e-02, +6.6216e-03, +2.6625e-02, +2.0825e-02, -2.5449e-02, +1.8510e-02, +8.6862e-02, -5.5544e-03, +1.9114e-02, -5.0826e-02, -1.3671e-01, -3.4527e-02, +1.0193e-02, +1.0362e-02, +4.5442e-03, +3.7750e-02, +3.4757e-03
-8.2751e-02, -1.1949e-01, -2.1752e-02, -7.2795e-02, -1.6204e-02, +9.3007e-02, -8.7326e-02, +8.3402e-02, -9.4504e-02, +3.3285e-02, -3.7611e-02, +1.1135e-01, +3.8361e-02, -1.4517e-01, +5.1599e-02, -1.4246e-01, -1.9191e-02, -6.5976e-02, +5.1748e-02, -2.3765e-01, +1.1078e-03, -1.0000e+00, +7.2578e-03, -7.2204e-02, -4.1862e-02, -8.0422e-03, -5.3736e-02, +1.3868e-01, +1.5989e-01, -2.0130e-02, +1.2250e-01, -8.6944e-04, -6.6731e-02, -8.0299e-04, -1.2187e-01, +7.7078e-02, +1.0470e-01, -5.5845e-03, -2.1202e-01, -1.6927e-01, +1.0315e-01, +1.1230e-01, -1.3008e-01, +2.9057e-02, +1.3405e-01, +8.0224e-02, +2.2981e-01, -6.1002e-02, -3.2863e-01, -9.0147e-03
-3.8264e-02, +1.5294e-01, +4.1323e-02, +2.6259e-02, +5.1687e-02, +3.9273e-02, +9.2685e-02, +6.0375e-02, -2.0546e-02, +1.2806e-01, +1.3032e-01, +2.8444e-01, +1.5878e-01, +6.9985e-02, -1.1767e-01, -1.0001e-01, +1.2605e-01, +8.6477e-02, +6.7689e-02, -1.2663e-01, -3.3339e-02, +7.2578e-03, -1.0000e+00, -5.8109e-02, +3.4410e-02, +1.5942e-02, +7.3431e-02, +5.7043e-02, +9.6802e-02, +9.9823e-02, +4.2904e-02, -4.7019e-02, -1.9785e-02, -6.2328e-02, +4.0415e-03, -3.4601e-02, -1.7711e-02, +1.1711e-02, +3.4452e-02, +1.1900e-01, -4.3150e-02, -6.0930e-02, -4.2607e-02, -7.7463e-02, +1.0771e-01, +1.2868e-02, -4.4198e-02, -5.9322e-02, +2.3444e-01, +3.3413e-02
+1.6247e-03, -4.9193e-02, -3.3158e-02, -3.2669e-02, -4.7606e-02, -1.3237e-02, -1.9649e-02, +7.3517e-02, +2.4968e-01, -8.6302e-02, +5.9033e-02, +6.4259e-02, +2.2860e-02, +9.2230e-02, -8.7400e-02, +1.4611e-02, +5.2925e-02, +1.0797e-01, -9.4799e-02, +2.6245e-02, +3.7391e-02, -7.2204e-02, -5.8109e-02, -1.0000e+00, +7.4004e-03, -7.7030e-03, -1.0580e-01, +2.3814e-02, +2.5615e-02, +3.8648e-02, -5.6148e-02, -1.6305e-02, -7.7389e-02, +3.3731e-02, -5.2411e-02, +3.6272e-02, +1.0836e-01, -4.1465e-02, -4.5114e-02, -2.1837e-01, -2.0466e-02, +2.7489e-03, +1.2157e-05, +9.0744e-02, -3.6703e-02, -9.4586e-02, -1.2064e-01, -8.4346e-02, -6.4563e-02, +4.8722e-02
-1.0227e-01, +4.2531e-03, -5.1182e-02, -8.5491e-02, +1.7859e-02, -5.9054e-02, +4.2439e-02, +5.8478e-02, -4.0943e-02, +3.0166e-02, -3.5309e-02, -5.9199e-02, -1.6223e-03, -2.4796e-02, -3.7276e-02, +1.6249e-02, +2.6263e-02, +4.8843e-02, +1.4235e-03, +2.0436e-02, -2.2767e-02, -4.1862e-02, +3.4410e-02, +7.4004e-03, -1.0000e+00, -2.8134e-02, -3.3353e-02, -2.2673e-02, +3.1190e-02, -1.5687e-03, +1.0177e-02, +4.0963e-02, -8.9408e-02, -3.6036e-03, -1.9903e-02, +1.6231e-01, +1.1393e-01, -3.9574e-02, -2.3874e-02, -9.6494e-03, +3.0939e-02, -3.6003e-03, +1.3540e-02, +6.3050e-02, -1.2911e-01, -3.2437e-02, -8.6256e-02, +1.2192e-01, -2.4156e-02, -8.7902e-02
-8.1479e-02, -1.7410e-02, -3.0738e-02, -1.1982e-01, +1.4223e-02, +4.5654e-02, -4.3451e-02, -1.6529e-01, +1.6481e-01, +5.8809e-02, -5.7342e-02, +1.7405e-03, -1.2235e-01, +1.1343e-01, +3.0597e-02, +1.0342e-01, +2.4722e-02, -5.0719e-02, +4.7411e-02, +4.7635e-02, +1.0337e-02, -8.0422e-03, +1.5942e-02, -7.7030e-03, -2.8134e-02, -1.0000e+00, -2.7924e-02, -8.9447e-03, -4.7166e-02, -1.4647e-01, +8.6416e-02, -2.0399e-02, +2.6762e-02, +3.7297e-02, -1.9236e-02, -1.8515e-02, +3.6307e-02, +2.6409e-02, +1.2403e-02, +2.0470e-01, +4.1747e-02, -7.7485e-02, -7.7317e-02, +2.5800e-02, -6.8882e-02, +1.9146e-02, -3.9955e-03, -8.8410e-03, -4.3271e-02, -2.1318e-01
-7.5560e-02, -7.0658e-02, -6.9339e-02, -6.4000e-03, -3.6620e-02, -1.1344e-01, -1.2747e-01, -1.3762e-02, +6.2882e-02, -5.7941e-03, -9.9259e-02, -3.5925e-02, -1.0136e-02, +1.9422e-02, -9.9207e-02, +2.5001e-02, +1.2637e-01, -1.7084e-02, -4.6240e-02, +3.1823e-02, -3.7617e-02, -5.3736e-02, +7.3431e-02, -1.0580e-01, -3.3353e-02, -2.7924e-02, -1.0000e+00, -9.9361e-02, -6.9448e-02, -1.9496e-02, -3.4290e-02, +2.7545e-02, +2.5469e-02, -7.2672e-02, -3.8111e-02, -3.2135e-02, +1.2517e-01, -4.5764e-02, -7.6869e-03, -2.2361e-02, -4.3689e-02, +4.5024e-02, +6.2949e-03, -4.6865e-02, -1.5373e-01, +1.8084e-02, -2.1394e-01, +6.6279e-03, -9.3292e-02, +4.9705e-02
-1.0773e-02, +5.9528e-02, -1.6671e-01, -4.9990e-02, -4.9734e-02, -1.0761e-01, -8.2448e-02, -1.1571e-01, +5.4685e-02, +9.1948e-02, -1.0821e-01, -5.2767e-02, +3.0414e-02, +6.5789e-02, -6.5527e-02, +3.5525e-02, +3.0732e-02, -5.0386e-03, -1.8657e-02, +4.2416e-02, -2.3167e-02, +1.3868e-01, +5.7043e-02, +2.3814e-02, -2.2673e-02, -8.9447e-03, -9.9361e-02, -1.0000e+00, -5.4592e-02, +1.2427e-01, -8.7143e-02, -3.4083e-03, +4.7424e-03, +4.5254e-03, -2.1720e-02, +7.0080e-02, -4.5422e-02, -2.6832e-02, +3.2988e-02, +4.7378e-02, -1.3791e-01, +1.6764e-02, +5.4276e-02, +5.5564e-02, -9.1215e-02, +3.9389e-02, -1.6059e-01, +1.9349e-02, -1.4037e-02, -6.4392e-02
-5.4289e-02, -6.4486e-02, -3.8717e-02, -2.6400e-02, -9.5917e-02, -7.3148e-02, +1.0124e-01, -3.7340e-02, +2.0447e-02, +7.9250e-02, +2.8202e-03, -1.4762e-01, +2.4565e-02, +1.1778e-01, -5.4736e-02, +1.3286e-01, +5.9697e-02, -3.1387e-02, +6.5345e-02, +5.7552e-02, +4.5412e-02, +1.5989e-01, +9.6802e-02, +2.5615e-02, +3.1190e-02, -4.7166e-02, -6.9448e-02, -5.4592e-02, -1.0000e+00, -9.8063e-02, -1.1084e-01, +5.2634e-02, -2.4766e-02, -9.4435e-03, +2.0738e-02, -1.3829e-02, +2.7638e-02, -6.4619e-02, +6.5481e-02, +5.1469e-02, +3.3788e-02, +1.3127e-02, -9.2103e-03, +1.0814e-01, +1.3474e-02, +1.1177e-01, -1.4656e-01, +8.3544e-02, -2.8986e-02, -2.7158e-02
+1.8366e-02, +2.6492e-02, +1.6899e-02, -5.7486e-02, -7.2268e-02, +4.0462e-02, +2.0460e-02, +5.1828e-03, +5.6989e-02, +6.5642e-02, -2.3923e-02, -3.7806e-02, -6.2965e-03, +7.7660e-02, +9.2164e-02, +7.8897e-03, +3.4927e-02, -2.5328e-02, +6.3494e-02, +6.3804e-02, -2.0073e-02, -2.0130e-02, +9.9823e-02, +3.8648e-02, -1.5687e-03, -1.4647e-01, -1.9496e-02, +1.2427e-01, -9.8063e-02, -1.0000e+00, -1.5075e-02, -4.8110e-02, -3.5844e-03, -6.0340e-02, +1.9971e-02, -7.7434e-03, -9.0226e-02, +1.3557e-01, -4.8810e-03, +3.3568e-02, -1.8872e-02, -5.6160e-02, -1.1687e-02, +9.8660e-02, -5.2187e-03, +1.4294e-01, -7.1174e-02, -6.4690e-02, -1.0974e-02, +5.7774e-03
-3.7466e-02, -5.4373e-02, +6.6046e-02, -1.4637e-01, -2.9523e-02, -2.1584e-01, +8.0846e-02, +5.8669e-02, -6.8280e-02, -7.1209e-02, -1.9606e-01, -2.8418e-02, +9.8068e-02, +1.6811e-02, -1.6167e-01, +4.2634e-02, +7.3319e-02, -1.1802e-01, -5.3887e-02, +3.1445e-02, -3.3348e-02, +1.2250e-01, +4.2904e-02, -5.6148e-02, +1.0177e-02, +8.6416e-02, -3.4290e-02, -8.7143e-02, -1.1084e-01, -1.5075e-02, -1.0000e+00, +6.3667e-02, -1.1692e-01, -1.1083e-02, +1.3676e-01, +4.0720e-02, +5.8683e-02, -2.1250e-01, +3.6227e-03, +1.6984e-02, -1.9075e-01, +1.1575e-02, +4.6212e-02, -4.8340e-02, -6.7299e-03, +3.0848e-02, -1.9755e-01, +3.0618e-01, -3.5376e-02, +1.1170e-01
+7.0007e-02, +7.4186e-02, +7.6793e-02, +1.6749e-02, +2.1555e-02, +6.2496e-02, +2.7608e-02, +8.7969e-02, +4.7730e-01, -2.2290e-02, +5.8843e-02, +1.6970e-01, -3.8551e-02, +2.8841e-01, +7.6317e-02, +6.8994e-02, -6.9449e-02, +3.5175e-02, +7.9389e-02, -1.2092e-01, -4.5686e-02, -8.6945e-04, -4.7019e-02, -1.6305e-02, +4.0963e-02, -2.0399e-02, +2.7545e-02, -3.4083e-03, +5.2634e-02, -4.8110e-02, +6.3667e-02, -1.0000e+00, -2.2803e-02, -1.2992e-02, -5.7381e-02, +6.1119e-02, +7.3454e-02, +8.2736e-02, -1.0420e-02, -3.5184e-02, -1.7963e-02, +9.8562e-02, -4.1943e-02, -4.6238e-02, -8.3914e-02, -4.4778e-02, +1.9171e-02, -7.5686e-02, -6.0105e-02, -4.9894e-02
-2.1068e-01, -2.6357e-02, -1.7967e-01, -6.1773e-03, -7.3814e-02, +3.1259e-02, +4.1661e-02, +5.6727e-02, -6.0643e-02, -1.6265e-03, +3.6598e-02, -4.1196e-02, +9.6512e-02, +8.4749e-02, -8.1980e-02, +3.9349e-02, -2.0544e-02, -7.3837e-03, +4.2770e-02, +8.3084e-03, -2.2197e-02, -6.6731e-02, -1.9785e-02, -7.7389e-02, -8.9408e-02, +2.6762e-02, +2.5469e-02, +4.7424e-03, -2.4766e-02, -3.5844e-03, -1.1692e-01, -2.2803e-02, -1.0000e+00, +3.4816e-02, -7.9815e-02, +1.0390e-01, +2.5443e-01, -9.6124e-02, -1.1781e-01, -8.0831e-02, +4.8967e-02, -7.0264e-02, +3.7368e-03, +1.9268e-01, -2.4119e-03, +2.6611e-02, -5.4440e-02, +3.3357e-01, -2.4495e-02, -2.0783e-01
+3.1031e-02, +1.0490e-01, +9.5923e-02, +1.2338e-02, -2.8608e-02, +2.8944e-02, +5.7017e-02, +9.0000e-02, -7.9316e-02, -6.1750e-02, -2.5880e-02, -3.2716e-02, +5.9739e-02, -1.3864e-01, +1.0101e-03, -9.8064e-02, -2.4213e-02, +7.5011e-03, -8.0543e-02, -5.8584e-02, +2.7720e-02, -8.0300e-04, -6.2328e-02, +3.3731e-02, -3.6036e-03, +3.7297e-02, -7.2672e-02, +4.5254e-03, -9.4434e-03, -6.0340e-02, -1.1083e-02, -1.2992e-02, +3.4816e-02, -1.0000e+00, +5.9109e-02, +5.1064e-02, -7.1107e-02, +1.5496e-02, -2.5833e-02, +1.7712e-01, +1.6756e-02, +1.0992e-01, +1.5701e-03, -1.3331e-01, +4.6160e-02, -2.2080e-02, -1.8014e-02, +1.5586e-01, -6.6412e-02, +7.9743e-03
-1.9759e-02, -2.7188e-02, -5.6655e-02, +3.0353e-02, -3.5280e-03, +5.4587e-02, -5.2278e-02, -1.4550e-02, +8.1069e-02, +1.3209e-02, -2.3050e-02, -1.1936e-02, -3.3587e-02, -2.9304e-02, +8.0804e-03, -3.8315e-02, +5.9132e-03, -6.8665e-03, -1.2794e-02, -4.0416e-02, +6.6216e-03, -1.2187e-01, +4.0415e-03, -5.2411e-02, -1.9903e-02, -1.9236e-02, -3.8111e-02, -2.1720e-02, +2.0738e-02, +1.9971e-02, +1.3676e-01, -5.7381e-02, -7.9815e-02, +5.9109e-02, -1.0000e+00, +1.1070e-02, +2.6642e-02, +2.3246e-02, +5.2262e-02, +5.3736e-02, +1.0642e-01, -1.4744e-02, -7.0140e-02, +3.8025e-02, -8.8174e-03, -7.9566e-03, +1.0088e-01, -2.8558e-02, +1.3420e-02, -1.0702e-01
+5.3976e-02, -6.9745e-02, +9.1821e-02, +9.8284e-02, +7.9185e-02, +2.1947e-02, -3.6955e-02, -2.2185e-02, +6.2276e-02, -1.1273e-02, +5.1512e-02, +1.0717e-02, -9.6298e-02, -1.1863e-01, +6.5771e-02, +3.9452e-02, +1.4939e-02, +4.3181e-02, +3.6924e-03, +1.6731e-01, +2.6625e-02, +7.7078e-02, -3.4601e-02, +3.6272e-02, +1.6231e-01, -1.8515e-02, -3.2135e-02, +7.0080e-02, -1.3829e-02, -7.7434e-03, +4.0720e-02, +6.1119e-02, +1.0390e-01, +5.1064e-02, +1.1070e-02, -1.0000e+00, +8.4639e-02, +2.7824e-02, +3.3206e-02, +5.8261e-02, -2.4422e-02, +6.6923e-02, -8.5897e-03, -5.9220e-02, +6.8960e-02, -4.7179e-02, -2.1790e-02, -3.0341e-01, +1.3407e-01, +1.2540e-01
+2.0776e-01, +1.2552e-01, -1.0661e-01, -4.7356e-02, -4.3167e-02, +1.2657e-01, -9.7042e-03, -2.5436e-02, -5.7757e-02, +2.9333e-02, +2.9466e-02, -1.0934e-01, -4.3943e-02, -7.1056e-02, +1.4557e-01, -3.6886e-01, -9.6666e-04, -5.9458e-02, +1.9362e-01, -4.0133e-02, +2.0825e-02, +1.0470e-01, -1.7711e-02, +1.0836e-01, +1.1393e-01, +3.6307e-02, +1.2517e-01, -4.5422e-02, +2.7638e-02, -9.0226e-02, +5.8683e-02, +7.3454e-02, +2.5443e-01, -7.1107e-02, +2.6642e-02, +8.4639e-02, -1.0000e+00, +2.2157e-01, +9.8071e-02, +6.4862e-03, -2.1141e-02, -1.1758e-01, +7.1493e-02, +4.5349e-02, -3.9900e-02, +1.4998e-01, +2.6696e-01, +1.5329e-01, +5.5231e-02, -1.6561e-03
-1.4777e-01, -1.5176e-01, +4.0002e-02, -6.9715e-02, +1.8411e-02, -6.3172e-02, -9.7258e-02, -6.9048e-02, -5.8457e-03, +6.1641e-02, -1.1744e-01, -1.1484e-01, +9.1593e-02, +9.9706e-03, -1.0602e-01, +1.2401e-01, -6.9523e-03, -8.1982e-02, -1.4001e-01, +6.3863e-02, -2.5449e-02, -5.5845e-03, +1.1711e-02, -4.1465e-02, -3.9574e-02, +2.6409e-02, -4.5764e-02, -2.6832e-02, -6.4619e-02, +1.3557e-01, -2.1250e-01, +8.2736e-02, -9.6124e-02, +1.5496e-02, +2.3246e-02, +2.7824e-02, +2.2157e-01, -1.0000e+00, -9.9179e-02, +1.2484e-01, -1.3315e-01, +1.2813e-01, -6.9884e-04, -5.3967e-02, +7.6795e-02, -9.4049e-02, -5.5327e-02, +2.4913e-01, -7.3145e-02, -1.1630e-01
-9.0226e-03, -1.6964e-02, -9.6562e-03, -6.1020e-02, -1.2292e-02, +1.0773e-01, -2.6862e-02, +1.2039e-02, +7.4428e-02, +4.3058e-02, -1.5631e-03, -4.0638e-02, +5.0751e-02, +1.0887e-01, +7.9890e-04, +7.6021e-02, +6.0514e-02, +4.8031e-02, -8.5790e-02, -2.0956e-02, +1.8510e-02, -2.1202e-01, +3.4452e-02, -4.5114e-02, -2.3874e-02, +1.2403e-02, -7.6869e-03, +3.2988e-02, +6.5481e-02, -4.8810e-03, +3.6227e-03, -1.0420e-02, -1.1781e-01, -2.5833e-02, +5.2262e-02, +3.3206e-02, +9.8071e-02, -9.9179e-02, -1.0000e+00, -8.6750e-02, +4.1832e-02, +8.8682e-02, -4.5173e-02, -3.0716e-02, -6.9523e-02, -2.4742e-02, -2.3606e-02, +1.1202e-01, -1.4715e-01, -9.5270e-02
-1.4183e-02, -1.3015e-01, +2.9929e-03, -9.1355e-02, -2.0103e-02, -1.6252e-02, +3.6096e-02, +3.1500e-02, +8.1988e-02, +1.6670e-02, +1.5758e-02, +9.2495e-02, -8.0792e-02, +2.7505e-01, +1.7393e-02, +5.3876e-02, +9.8337e-02, +7.1868e-02, -1.6655e-02, -5.1183e-02, +8.6862e-02, -1.6927e-01, +1.1900e-01, -2.1837e-01, -9.6494e-03, +2.0470e-01, -2.2361e-02, +4.7378e-02, +5.1469e-02, +3.3568e-02, +1.6984e-02, -3.5184e-02, -8.0831e-02, +1.7712e-01, +5.3736e-02, +5.8261e-02, +6.4862e-03, +1.2484e-01, -8.6750e-02, -1.0000e+00, +5.6027e-02, -4.5266e-02, +1.0067e-02, +1.3748e-01, +1.9414e-02, -2.5671e-02, -4.3826e-02, -2.8434e-02, -1.3271e-01, +1.6957e-02
+5.0801e-02, -2.4637e-02, +4.4589e-02, -5.1439e-02, -3.9947e-02, -1.3488e-01, -5.3540e-02, +5.9987e-03, +7.6440e-02, +8.7637e-02, -1.2190e-01, +3.9045e-02, +3.9249e-02, -4.8337e-02, -9.0777e-02, -5.5763e-02, -1.5589e-02, -3.4109e-02, -2.8402e-02, +7.4067e-03, -5.5544e-03, +1.0315e-01, -4.3150e-02, -2.0466e-02, +3.0939e-02, +4.1747e-02, -4.3689e-02, -1.3791e-01, +3.3788e-02, -1.8872e-02, -1.9075e-01, -1.7963e-02, +4.8967e-02, +1.6756e-02, +1.0642e-01, -2.4422e-02, -2.1141e-02, -1.3315e-01, +4.1832e-02, +5.6027e-02, -1.0000e+00, +9.6428e-02, +8.7969e-02, -1.0499e-02, -9.6686e-02, -3.8866e-02, -2.0079e-01, +8.1814e-03, -1.9438e-02, +1.0016e-01
+4.8009e-02, +3.7406e-02, -8.8336e-02, +4.3269e-02, +2.2137e-02, +3.7374e-02, +3.2762e-02, +5.5556e-03, -2.6701e-02, +2.0935e-02, +5.6040e-02, +4.4181e-02, -4.3309e-02, +4.9409e-02, +8.3897e-02, -1.0182e-02, -6.0312e-02, -6.8985e-03, +5.5108e-02, -2.1580e-02, +1.9114e-02, +1.1230e-01, -6.0930e-02, +2.7490e-03, -3.6003e-03, -7.7485e-02, +4.5024e-02, +1.6764e-02, +1.3127e-02, -5.6160e-02, +1.1575e-02, +9.8562e-02, -7.0264e-02, +1.0992e-01, -1.4744e-02, +6.6923e-02, -1.1758e-01, +1.2813e-01, +8.8682e-02, -4.5266e-02, +9.6428e-02, -1.0000e+00, +7.6845e-02, +7.6588e-02, -4.5646e-02, +1.5694e-02, +5.7739e-02, -5.2689e-02, -2.2308e-02, +9.3604e-03
+4.2809e-02, -3.5475e-02, +8.7937e-02, +2.1378e-02, -3.3852e-02, +2.1026e-02, -4.6514e-03, -8.6503e-02, +7.2840e-02, +2.2168e-03, +4.1838e-02, -7.9109e-03, +4.2797e-02, +1.8388e-01, +5.0516e-03, +2.6546e-02, -2.0499e-02, +1.2903e-02, -8.3398e-03, -4.8125e-02, -5.0827e-02, -1.3008e-01, -4.2607e-02, +1.2163e-05, +1.3540e-02, -7.7317e-02, +6.2948e-03, +5.4276e-02, -9.2103e-03, -1.1687e-02, +4.6212e-02, -4.1943e-02, +3.7368e-03, +1.5701e-03, -7.0140e-02, -8.5897e-03, +7.1493e-02, -6.9882e-04, -4.5173e-02, +1.0067e-02, +8.7969e-02, +7.6845e-02, -1.0000e+00, -1.4408e-01, -7.6900e-04, +4.9929e-02, +4.1344e-02, -3.3673e-02, +5.7347e-02, +5.1794e-03
+1.6571e-01, +7.8220e-03, -2.8858e-02, +4.7699e-02, -1.4693e-02, -2.5172e-03, -9.6645e-02, +7.5481e-03, -2.7356e-02, -5.0238e-02, -4.6449e-02, +1.2885e-01, -1.8574e-01, -9.3336e-02, -1.1176e-01, -3.4883e-01, -5.0717e-02, -2.7116e-03, -6.4012e-02, -7.6794e-02, -1.3671e-01, +2.9057e-02, -7.7463e-02, +9.0744e-02, +6.3050e-02, +2.5800e-02, -4.6865e-02, +5.5564e-02, +1.0814e-01, +9.8660e-02, -4.8340e-02, -4.6238e-02, +1.9268e-01, -1.3331e-01, +3.8025e-02, -5.9220e-02, +4.5349e-02, -5.3967e-02, -3.0716e-02, +1.3748e-01, -1.0499e-02, +7.6588e-02, -1.4408e-01, -1.0000e+00, -1.5189e-01, -7.1896e-02, -6.6052e-02, +1.5880e-01, +1.3230e-01, +8.5473e-02
-1.0118e-02, +1.6653e-01, -1.2169e-01, +2.6549e-02, -8.5791e-02, -5.5636e-02, -1.4090e-01, -6.2021e-02, +1.6545e-01, +4.0594e-02, -1.1118e-01, -4.7455e-02, -2.5136e-01, +4.1667e-02, -5.8906e-02, -1.3611e-01, +1.3690e-01, -5.3335e-02, -2.1546e-02, +1.5384e-02, -3.4527e-02, +1.3405e-01, +1.0771e-01, -3.6703e-02, -1.2911e-01, -6.8882e-02, -1.5373e-01, -9.1215e-02, +1.3474e-02, -5.2187e-03, -6.7299e-03, -8.3914e-02, -2.4119e-03, +4.6160e-02, -8.8174e-03, +6.8960e-02, -3.9900e-02, +7.6795e-02, -6.9523e-02, +1.9414e-02, -9.6686e-02, -4.5646e-02, -7.6900e-04, -1.5189e-01, -1.0000e+00, -2.0153e-02, -8.5701e-02, +1.6490e-01, -6.8423e-02, -1.9110e-01
-3.3741e-02, -5.7020e-02, -3.6456e-02, -5.9861e-02, -2.4910e-02, -3.4148e-02, -3.6919e-02, +9.2211e-02, +1.0088e-01, +6.9587e-02, +1.1314e-03, +1.7906e-02, +2.3195e-02, -5.4276e-02, +2.7484e-02, +1.1415e-01, +5.7005e-02, +4.2946e-02, -1.4880e-01, -1.6039e-02, +1.0193e-02, +8.0224e-02, +1.2868e-02, -9.4586e-02, -3.2437e-02, +1.9146e-02, +1.8084e-02, +3.9389e-02, +1.1177e-01, +1.4294e-01, +3.0848e-02, -4.4778e-02, +2.6611e-02, -2.2080e-02, -7.9566e-03, -4.7179e-02, +1.4998e-01, -9.4049e-02, -2.4742e-02, -2.5671e-02, -3.8866e-02, +1.5694e-02, +4.9929e-02, -7.1896e-02, -2.0153e-02, -1.0000e+00, -3.1605e-02, -1.1427e-01, -4.5996e-02, -7.2554e-02
-1.4619e-01, -6.1944e-02, -6.3578e-02, -5.3226e-02, -1.0953e-01, -3.3094e-01, +9.3707e-03, -3.6032e-02, +4.7423e-02, +1.9684e-01, -1.7991e-01, -4.5013e-02, +8.6837e-02, +6.4015e-02, -2.1318e-01, +1.6209e-01, +1.2163e-02, -2.2790e-02, -1.5846e-01, +1.3722e-01, +1.0362e-02, +2.2981e-01, -4.4198e-02, -1.2064e-01, -8.6256e-02, -3.9955e-03, -2.1394e-01, -1.6059e-01, -1.4656e-01, -7.1174e-02, -1.9755e-01, +1.9171e-02, -5.4440e-02, -1.8014e-02, +1.0088e-01, -2.1790e-02, +2.6696e-01, -5.5327e-02, -2.3606e-02, -4.3826e-02, -2.0079e-01, +5.7739e-02, +4.1344e-02, -6.6052e-02, -8.5701e-02, -3.1605e-02, -1.0000e+00, +1.6603e-01, +1.0101e-01, +5.6227e-02
+2.3206e-01, +3.9835e-02, +1.8160e-01, +6.1125e-02, +1.9179e-01, +2.4365e-02, -8.5970e-02, -3.2565e-02, +2.5697e-01, -5.7833e-02, +2.1743e-01, +2.6118e-01, -9.2141e-02, -1.3217e-01, +2.9720e-01, +5.9777e-02, -4.2756e-02, +1.1242e-01, +3.9783e-02, -5.9341e-03, +4.5442e-03, -6.1002e-02, -5.9322e-02, -8.4346e-02, +1.2192e-01, -8.8410e-03, +6.6279e-03, +1.9349e-02, +8.3544e-02, -6.4690e-02, +3.0618e-01, -7.5686e-02, +3.3357e-01, +1.5586e-01, -2.8558e-02, -3.0341e-01, +1.5329e-01, +2.4913e-01, +1.1202e-01, -2.8434e-02, +8.1814e-03, -5.2689e-02, -3.3673e-02, +1.5880e-01, +1.6490e-01, -1.1427e-01, +1.6603e-01, -1.0000e+00, +6.2870e-02, +2.4467e-01
+3.5422e-02, -8.6746e-02, +1.6316e-02, -4.4905e-02, -2.5809e-02, -3.6260e-02, -2.9891e-02, -7.8313e-02, +2.0869e-01, -8.3773e-02, -1.1979e-01, -1.3034e-01, +1.3470e-01, +1.4375e-01, +5.8866e-02, +5.0129e-03, +7.8710e-02, -7.0006e-02, +2.9799e-02, -9.3741e-02, +3.7750e-02, -3.2863e-01, +2.3444e-01, -6.4563e-02, -2.4156e-02, -4.3271e-02, -9.3292e-02, -1.4037e-02, -2.8986e-02, -1.0974e-02, -3.5376e-02, -6.0105e-02, -2.4495e-02, -6.6412e-02, +1.3420e-02, +1.3407e-01, +5.5231e-02, -7.3145e-02, -1.4715e-01, -1.3271e-01, -1.9438e-02, -2.2308e-02, +5.7347e-02, +1.3230e-01, -6.8423e-02, -4.5996e-02, +1.0101e-01, +6.2870e-02, -1.0000e+00, -4.4506e-02
-6.9262e-02, +3.9031e-02, +1.3822e-02, +6.8846e-02, -3.4999e-02, +1.8204e-01, -5.9615e-02, -2.1346e-02, +1.5514e-01, +3.0941e-02, +6.9003e-02, -1.5237e-01, +3.9769e-02, +1.8281e-01, +2.1344e-02, +1.0044e-01, +2.6809e-02, +2.2284e-02, +6.3374e-02, +8.1281e-04, +3.4756e-03, -9.0147e-03, +3.3413e-02, +4.8722e-02, -8.7902e-02, -2.1318e-01, +4.9705e-02, -6.4392e-02, -2.7158e-02, +5.7774e-03, +1.1170e-01, -4.9894e-02, -2.0783e-01, +7.9743e-03, -1.0702e-01, +1.2540e-01, -1.6561e-03, -1.1630e-01, -9.5270e-02, +1.6957e-02, +1.0016e-01, +9.3604e-03, +5.1793e-03, +8.5473e-02, -1.9110e-01, -7.2554e-02, +5.6227e-02, +2.4467e-01, -4.4506e-02, -1.0000e+00
