-1.0000e+00, -6.7303e-02, -8.8364e-03, -4.8396e-02, -6.4362e-02, -3.3048e-02, +4.2690e-02, +3.1231e-02, +4.6085e-02, +5.1783e-02, -4.3001e-02, -9.0727e-02, +5.9978e-02, -7.5470e-02, -7.0344e-02, +1.3263e-02, -6.7508e-02, -1.9836e-02, -4.3337e-03, +7.3841e-02, +2.0841e-02, +3.0565e-02, +3.5835e-02, -5.3876e-02, -3.7367e-03, -4.8752e-03, -3.3552e-02, -6.1093e-02, -1.1239e-02, -4.5336e-02, +1.3020e-02, +8.8480e-02, +4.5993e-02, -4.0269e-02, +2.1203e-03, -3.3828e-02, +1.4651e-01, -1.7039e-02, +1.2469e-02, -1.7930e-02, -2.8029e-02, +3.3302e-02, +6.6607e-02, +8.3205e-03, -1.9741e-02, -3.5395e-02, -7.8541e-03, +1.2310e-01, -6.7479e-02, -3.2493e-02
-6.7303e-02, -1.0000e+00, +7.4845e-03, -1.1044e-01, -3.7775e-02, -3.0062e-02, +7.4809e-02, +6.5747e-03, -1.4407e-01, +1.6554e-02, -1.3839e-04, +3.3805e-02, +1.2178e-01, +1.7199e-02, -4.0259e-02, +5.0630e-02, +7.2587e-02, -2.5290e-02, +1.6854e-02, -1.4046e-03, +7.7425e-03, +2.3787e-02, -1.3971e-02, +3.9395e-02, +7.0705e-03, -1.2313e-01, +1.9399e-02, +7.5446e-02, +3.7579e-02, -2.5799e-02, +7.6757e-03, +4.3195e-02, +2.4981e-02, +7.6607e-03, -1.3412e-02, -6.9199e-02, -3.4847e-02, +1.4385e-02, +5.8351e-02, +2.3377e-02, -2.9312e-02, -3.2124e-02, -1.4905e-02, -5.9255e-02, -2.6445e-02, +3.9670e-02, +1.0957e-02, -1.5753e-01, -1.2284e-03, -1.0792e-03
-8.8364e-03, +7.4845e-03, -1.0000e+00, -3.0826e-02, +1.5202e-02, -1.7294e-01, -8.9036e-02, -3.1093e-03, +5.1990e-02, +4.8376e-02, -3.8675e-02, +1.6779e-02, -8.7275e-02, -8.6295e-02, +4.9885e-03, -1.5037e-02, +5.9443e-02, -7.5045e-02, -1.0376e-01, +4.2880e-02, -1.6958e-02, -7.5263e-03, -2.8854e-02, -1.0085e-01, -3.5984e-02, +6.4650e-02, -7.9105e-02, -1.0147e-01, +5.3042e-02, -1.4492e-02, +1.6881e-02, +3.8022e-02, +1.8563e-02, -5.2587e-03, +7.8547e-03, -3.7656e-02, -4.1393e-02, -7.4068e-03, +3.8797e-02, -2.6878e-02, -6.5227e-02, -2.3783e-02, -8.0958e-02, +3.9759e-02, +8.8127e-03, -1.1123e-01, -1.4815e-01, +2.7746e-02, -1.5546e-02, +3.3653e-02
-4.8396e-02, -1.1044e-01, -3.0826e-02, -1.0000e+00, -4.1218e-02, -5.1687e-02, -2.4300e-02, +8.4192e-03, -9.8820e-02, +5.0900e-02, -6.3351e-02, -5.3384e-02, -4.3634e-02, +1.7658e-02, -3.2366e-02, +4.4401e-02, +5.8117e-02, -5.7133e-02, -3.9861e-02, -4.8758e-02, +1.1054e-02, -6.0458e-02, -2.1128e-02, -2.5959e-02, +2.9518e-02, -1.0231e-01, -7.9090e-02, -4.0091e-02, -6.9815e-02, -4.0595e-02, +8.9425e-04, +5.4462e-02, +5.5590e-05, -2.6246e-02, -2.5285e-02, -1.5051e-02, +5.2846e-02, -1.3368e-01, -3.9522e-02, +8.4721e-03, +3.3426e-03, -4.5395e-02, -5.1405e-02, +3.4379e-02, -2.0551e-02, -2.4590e-02, -8.5881e-02, +8.4951e-02, -9.6904e-03, +4.0067e-02
-6.4362e-02, -3.7775e-02, +1.5202e-02, -4.1218e-02, -1.0000e+00, -5.3452e-03, -1.0668e-02, -5.1335e-03, +1.5219e-03, +4.2614e-02, +1.1656e-02, -6.5493e-02, -1.2146e-02, -3.4895e-02, -3.0627e-02, +7.4907e-03, -2.0870e-02, -7.0787e-03, +1.9419e-02, -4.4937e-03, -3.6070e-02, -3.2448e-02, -1.0501e-02, -8.3585e-02, +5.3607e-02, -8.2521e-02, -3.6504e-02, -7.6837e-02, -5.2485e-02, -2.9515e-02, +2.0744e-02, -5.3658e-03, +2.2688e-02, +1.1252e-01, -6.5261e-04, -7.6454e-03, -4.9951e-02, +4.0522e-03, -8.0546e-04, -1.6993e-02, -1.6342e-02, +2.9491e-02, -1.2702e-02, -1.9576e-03, -5.7602e-02, -2.5532e-02, -6.5761e-02, +1.3997e-01, -7.5621e-03, +4.9656e-02
-3.3048e-02, -3.0062e-02, -1.7294e-01, -5.1687e-02, -5.3452e-03, -1.0000e+00, +4.4859e-02, +1.6052e-02, -6.4870e-02, +8.9462e-02, -5.9081e-02, +6.7861e-02, +6.9380e-04, -9.9778e-03, -8.1084e-02, -5.5521e-02, -5.6038e-02, -6.2353e-02, -3.2340e-02, -1.6926e-02, -6.0505e-02, -5.7549e-02, -3.6535e-02, +9.7094e-02, -4.6114e-02, +8.8385e-03, -3.9180e-02, -2.7968e-02, -3.2744e-02, +3.7328e-02, -5.7273e-02, +3.9600e-02, -5.6496e-02, +4.9481e-02, -5.9936e-02, -5.3855e-02, +2.4157e-02, -2.9119e-02, -1.7629e-02, -2.7710e-03, -8.2674e-02, -3.4389e-02, -4.0736e-02, +4.2276e-02, +2.4880e-02, -6.9589e-02, -9.4954e-02, -1.1621e-02, +6.9041e-02, +5.3819e-02
+4.2690e-02, +7.4809e-02, -8.9036e-02, -2.4300e-02, -1.0668e-02, +4.4859e-02, -1.0000e+00, +3.9414e-03, -8.3366e-02, -5.1905e-02, -3.5145e-02, +7.6759e-02, -2.0628e-02, -2.5088e-02, +4.3677e-02, -7.4732e-02, +1.7346e-01, +1.2824e-02, +4.1781e-02, -2.2828e-02, -5.5662e-03, -4.8674e-02, -7.1745e-02, -2.8799e-02, +3.6970e-02, -2.7150e-02, -4.0001e-02, -1.8637e-03, -4.7081e-02, +2.8694e-02, -4.8963e-02, +7.8395e-02, -6.6352e-03, -9.4387e-03, +3.8438e-02, +3.0243e-04, -1.9422e-02, -7.9822e-02, -8.9835e-03, -7.5599e-02, -5.8532e-02, -3.1593e-03, +3.9253e-02, -2.7688e-02, -1.2892e-01, -6.4366e-03, +4.5066e-02, -1.7852e-01, +8.0940e-02, -8.2973e-02
+3.1231e-02, +6.5747e-03, -3.1093e-03, +8.4192e-03, -5.1335e-03, +1.6052e-02, +3.9414e-03, -1.0000e+00, +1.3432e-02, +1.2963e-02, -1.0701e-02, +3.1364e-02, +4.2721e-02, -7.9867e-02, +7.1722e-03, +6.0202e-02, +4.6518e-02, -1.7037e-02, -6.1286e-03, +3.9835e-03, -1.9929e-02, +5.8677e-02, +2.4764e-02, +5.6433e-02, -4.8483e-02, -1.1341e-02, -5.2752e-02, -8.2686e-02, +8.9492e-03, -7.2010e-02, +2.1555e-02, -1.8277e-02, -9.7993e-03, -4.8314e-02, +5.6591e-02, +1.0002e-01, -6.8610e-02, -1.7075e-02, +1.6891e-02, -1.0745e-02, -3.8835e-02, +4.2438e-03, +3.2174e-02, +1.0310e-02, +1.1529e-02, +4.7508e-02, +4.4605e-02, +3.1217e-02, +3.7979e-02, -6.5821e-02
+4.6085e-02, -1.4407e-01, +5.1990e-02, -9.8820e-02, +1.5219e-03, -6.4870e-02, -8.3366e-02, +1.3432e-02, -1.0000e+00, +1.0625e-01, -1.3214e-01, +1.5975e-01, -6.4269e-02, +7.2243e-02, +8.9073e-02, +1.2524e-01, -2.1300e-02, +4.9562e-03, +6.3530e-02, -1.1965e-01, -2.0265e-01, -1.1600e-01, +7.0178e-02, +1.2050e-01, +5.5087e-02, -1.0400e-01, +2.5290e-02, +5.3424e-02, -1.2725e-01, -8.5538e-02, +9.4502e-02, +3.8459e-02, -8.7806e-02, +8.7761e-02, -1.2443e-01, -6.6720e-02, -7.7787e-02, -1.0359e-03, -5.0946e-02, +2.3414e-02, -2.4697e-02, -1.9937e-02, +5.6159e-02, -5.7193e-02, -5.1804e-02, -5.6297e-02, -1.5256e-02, -1.7117e-01, -1.0742e-03, +8.3864e-02
+5.1783e-02, +1.6554e-02, +4.8376e-02, +5.0900e-02, +4.2614e-02, +8.9462e-02, -5.1905e-02, +1.2963e-02, +1.0625e-01, -1.0000e+00, -6.4691e-02, +8.0279e-02, +7.7953e-02, -3.8528e-02, +7.5192e-02, +1.7140e-02, +6.4042e-02, +4.1054e-02, -6.8413e-03, -4.6664e-02, -2.7734e-02, -3.0245e-03, +1.7285e-01, -1.2226e-01, +4.0372e-02, +9.4871e-02, -3.5633e-02, +6.5446e-02, +7.8625e-02, -2.7763e-02, -2.2356e-02, +2.7097e-02, +1.7806e-02, +6.5431e-02, +4.9696e-03, -5.9857e-04, +4.4502e-02, +3.4744e-02, +6.3848e-02, +3.5921e-02, +5.7816e-02, +2.2619e-02, -8.7025e-03, -2.1692e-02, +4.4766e-02, +1.6142e-03, +9.3761e-02, +7.8390e-03, -1.0112e-02, +7.9033e-02
-4.3001e-02, -1.3838e-04, -3.8675e-02, -6.3351e-02, +1.1656e-02, -5.9081e-02, -3.5145e-02, -1.0701e-02, -1.3214e-01, -6.4691e-02, -1.0000e+00, +4.1311e-02, -1.1540e-02, -5.6466e-03, -3.6604e-02, +4.9167e-04, +1.3723e-02, -1.1098e-01, -3.3273e-02, -2.8366e-02, +2.5722e-02, -5.2130e-02, -1.5101e-02, +7.5889e-02, +3.4026e-02, -1.5417e-01, -7.3968e-02, -7.8945e-02, -1.1876e-01, -4.3067e-02, -2.6299e-02, +8.0413e-02, -1.2957e-02, +1.3149e-03, -7.5564e-02, -1.8866e-02, +3.4745e-02, -1.1208e-01, -8.7389e-03, +2.4721e-02, -5.9696e-02, +5.8069e-03, -4.8097e-02, +7.1239e-02, -1.1050e-02, -1.2286e-02, -8.2280e-02, +8.7616e-02, -2.5693e-02, +3.9509e-02
-9.0727e-02, +3.3805e-02, +1.6779e-02, -5.3384e-02, -6.5493e-02, +6.7861e-02, +7.6759e-02, +3.1364e-02, +1.5975e-01, +8.0279e-02, +4.1311e-02, -1.0000e+00, +7.4095e-02, -2.9680e-02, -6.0305e-03, +3.1343e-01, +1.5467e-01, +3.6130e-02, -2.2466e-02, +2.9801e-02, +3.1082e-02, +5.3266e-02, -2.2071e-02, -1.2056e-01, +1.3086e-01, -4.0294e-02, -2.1900e-02, -4.3435e-02, +2.2125e-02, +3.0181e-02, +1.1535e-02, -5.1878e-02, +4.6961e-02, +1.9280e-02, +2.2459e-02, -1.8980e-02, -8.8100e-02, -3.3529e-03, -1.8969e-02, -1.2495e-02, +7.8710e-02, -1.4850e-02, -7.2188e-02, +6.2033e-02, +1.1299e-01, -9.6860e-03, +7.0652e-02, +8.9662e-02, -1.9638e-03, -9.3732e-02
+5.9978e-02, +1.2178e-01, -8.7275e-02, -4.3634e-02, -1.2146e-02, +6.9379e-04, -2.0628e-02, +4.2721e-02, -6.4269e-02, +7.7953e-02, -1.1540e-02, +7.4095e-02, -1.0000e+00, +5.2017e-02, -3.9731e-02, -5.6437e-02, +1.4772e-01, -1.7086e-02, -1.2320e-02, -6.3008e-03, -1.6752e-02, -4.3637e-02, +7.8400e-02, +1.2384e-02, -2.7647e-02, -7.2762e-02, -9.2441e-02, +1.8807e-02, -7.6761e-02, -4.7904e-02, +1.4092e-02, -7.5335e-03, +1.6624e-02, +1.2639e-03, -5.3415e-03, -8.5955e-03, -3.8793e-02, -4.6066e-02, +2.7537e-02, -2.2384e-02, -7.3441e-02, +3.4976e-02, -4.2192e-02, -1.6716e-02, -4.2671e-02, +7.7316e-03, -4.3397e-02, -6.7890e-02, -3.5669e-02, -6.3640e-03
-7.5470e-02, +1.7199e-02, -8.6295e-02, +1.7658e-02, -3.4895e-02, -9.9778e-03, -2.5088e-02, -7.9867e-02, +7.2243e-02, -3.8528e-02, -5.6466e-03, -2.9680e-02, +5.2017e-02, -1.0000e+00, -3.6052e-02, -2.0995e-02, +1.1484e-01, -4.8063e-02, -1.0626e-01, +7.5679e-03, -4.9219e-02, -6.2626e-03, -1.4336e-02, -9.5560e-02, -4.9331e-02, -1.0306e-01, -9.5884e-02, -5.5513e-02, +4.3583e-02, -3.1399e-02, -6.3488e-02, +2.8237e-02, +4.8074e-02, +9.8003e-02, +2.9669e-02, -2.5771e-03, +8.7385e-02, -1.5018e-02, +3.1992e-02, -6.5885e-02, -6.6379e-02, -5.0122e-02, -3.7832e-02, -4.0355e-03, -1.2953e-02, -5.6559e-02, +4.3282e-02, +6.1764e-02, -8.2417e-03, -5.6991e-04
-7.0344e-02, -4.0259e-02, +4.9885e-03, -3.2366e-02, -3.0627e-02, -8.1084e-02, +4.3677e-02, +7.1722e-03, +8.9073e-02, +7.5192e-02, -3.6604e-02, -6.0305e-03, -3.9731e-02, -3.6052e-02, -1.0000e+00, -4.0401e-03, -4.7380e-02, -5.4757e-02, -1.1123e-01, -5.4691e-02, -7.5504e-03, +4.5559e-02, -4.0449e-02, -6.9989e-02, -3.1598e-02, -4.6617e-02, -1.3065e-01, -2.2705e-02, -2.3639e-02, +5.9145e-02, -4.1044e-02, +7.9198e-03, +3.5366e-02, +2.2603e-02, -4.1157e-02, +3.5357e-03, +4.2565e-02, -5.2779e-02, +4.7389e-02, -8.2617e-04, -8.1243e-02, -4.8539e-03, -5.4664e-02, +1.9450e-02, -1.6092e-02, +2.4142e-02, -3.1724e-02, +2.4299e-01, -4.8369e-02, +7.1080e-02
+1.3263e-02, +5.0630e-02, -1.5037e-02, +4.4401e-02, +7.4907e-03, -5.5521e-02, -7.4732e-02, +6.0202e-02, +1.2524e-01, +1.7140e-02, +4.9167e-04, +3.1343e-01, -5.6437e-02, -2.0995e-02, -4.0401e-03, -1.0000e+00, -5.4923e-02, -2.2053e-02, -3.0811e-02, -9.9060e-03, +9.1914e-02, -1.0945e-01, -3.5165e-02, +4.5854e-02, +5.0380e-02, +1.2218e-01, +2.9538e-02, -9.4584e-02, +4.5655e-02, +2.3938e-02, -2.7323e-02, +3.8068e-02, +8.8015e-03, -2.5545e-02, -5.2563e-02, +3.6425e-04, +6.6711e-02, +4.8054e-02, +5.7157e-02, +7.4486e-02, -8.1734e-04, +1.0808e-02, +2.9526e-02, +7.0095e-02, -2.9086e-02, +4.8306e-02, -8.7255e-02, +1.8161e-01, -1.8209e-02, +9.1908e-02
-6.7508e-02, +7.2587e-02, +5.9443e-02, +5.8117e-02, -2.0870e-02, -5.6037e-02, +1.7346e-01, +4.6518e-02, -2.1300e-02, +6.4042e-02, +1.3723e-02, +1.5467e-01, +1.4772e-01, +1.1484e-01, -4.7380e-02, -5.4923e-02, -1.0000e+00, +1.3137e-02, +8.4697e-02, -1.1642e-01, -9.1089e-02, +6.9161e-02, +8.5736e-02, +1.6074e-01, +1.8278e-01, +4.7396e-02, +1.1240e-01, +8.9302e-02, +7.4312e-02, +1.3511e-02, +7.1754e-02, -6.1358e-02, -9.8621e-03, -4.4643e-02, +1.1436e-03, +1.6838e-03, +1.1207e-02, +2.1774e-02, +2.8600e-02, -5.4080e-02, +5.7608e-02, -4.7627e-02, -1.7783e-02, -2.9830e-02, +1.4878e-01, +7.8293e-02, -1.2784e-02, +6.9948e-02, -4.6726e-02, +1.1052e-02
-1.9836e-02, -2.5290e-02, -7.5045e-02, -5.7133e-02, -7.0787e-03, -6.2353e-02, +1.2824e-02, -1.7037e-02, +4.9562e-03, +4.1054e-02, -1.1098e-01, +3.6130e-02, -1.7086e-02, -4.8063e-02, -5.4757e-02, -2.2053e-02, +1.3137e-02, -1.0000e+00, -2.8687e-03, -7.5453e-03, -5.3015e-02, -4.6688e-02, -7.2054e-02, +9.2927e-02, -3.4302e-02, -8.4340e-02, -3.1860e-02, +2.6962e-03, -2.8072e-02, +3.2909e-03, -1.1670e-03, +1.8723e-02, -2.0743e-02, +4.4252e-02, -5.1037e-02, -6.1335e-03, +9.5648e-02, -1.0406e-01, +5.4917e-02, -9.0837e-02, -5.6554e-02, -3.7788e-03, +9.4635e-03, -1.0160e-02, -2.1407e-02, +2.0247e-02, -1.2137e-01, -7.9077e-02, +2.0746e-02, +2.6142e-02
-4.3337e-03, +1.6854e-02, -1.0376e-01, -3.9861e-02, +1.9419e-02, -3.2340e-02, +4.1781e-02, -6.1286e-03, +6.3530e-02, -6.8413e-03, -3.3273e-02, -2.2466e-02, -1.2320e-02, -1.0626e-01, -1.1123e-01, -3.0811e-02, +8.4697e-02, -2.8687e-03, -1.0000e+00, +3.8912e-02, +3.7778e-02, +6.2177e-02, +3.6723e-02, -1.0538e-01, -2.7048e-02, -9.3499e-02, -9.8169e-03, +4.3207e-02, -6.9546e-03, +2.1098e-02, -4.0512e-02, +6.5215e-03, +4.1269e-02, -1.0176e-03, +3.2451e-02, -2.4324e-02, -2.6053e-03, -1.0169e-01, -7.3469e-02, +5.1925e-02, -5.7939e-02, +4.0578e-02, -1.0384e-03, +1.6364e-02, -3.8155e-02, -1.7268e-02, -2.9434e-02, +7.3814e-02, +1.7497e-02, +2.6223e-02
+7.3841e-02, -1.4046e-03, +4.2880e-02, -4.8758e-02, -4.4937e-03, -1.6926e-02, -2.2828e-02, +3.9835e-03, -1.1965e-01, -4.6664e-02, -2.8366e-02, +2.9801e-02, -6.3008e-03, +7.5679e-03, -5.4691e-02, -9.9060e-03, -1.1642e-01, -7.5453e-03, +3.8912e-02, -1.0000e+00, +1.2563e-01, -4.1360e-02, +6.0187e-02, +3.7168e-02, +4.5385e-02, -1.6178e-02, -3.1241e-02, -9.2928e-03, -2.2146e-02, +6.0981e-03, -1.4509e-02, +5.9369e-02, -3.3975e-02, +6.1082e-02, -1.9620e-02, -2.3098e-03, +8.3663e-02, -4.4197e-02, +4.3637e-02, -7.3848e-02, -1.5011e-02, -3.5478e-02, +1.7372e-03, +7.2876e-02, +4.2020e-02, +8.0031e-02, -5.0362e-03, +3.0835e-02, +2.3153e-02, +1.1091e-01
+2.0841e-02, +7.7425e-03, -1.6958e-02, +1.1054e-02, -3.6070e-02, -6.0505e-02, -5.5662e-03, -1.9929e-02, -2.0265e-01, -2.7734e-02, +2.5722e-02, +3.1082e-02, -1.6752e-02, -4.9219e-02, -7.5504e-03, +9.1914e-02, -9.1089e-02, -5.3015e-02, +3.7778e-02, +1.2563e-01, -1.0000e+00, +2.1591e-01, -1.2495e-02, +6.6909e-02, +6.4445e-02, +3.7998e-02, -5.5920e-02, -4.2122e-02, -1.7736e-02, -3.0528e-02, +7.6587e-02, +9.1857e-02, -1.0423e-01, +9.1787e-02, -2.0654e-02, -5.3811e-02, +6.6850e-03, -7.9654e-02, -4.5100e-02, +2.3655e-02, -6.4735e-02, +2.2142e-02, -4.1578e-02, -6.2129e-02, -2.2528e-02, -7.6291e-02, +1.0252e-02, -7.6633e-02, +1.1230e-01, +1.2578e-02
+3.0565e-02, +2.3787e-02, -7.5263e-03, -6.0458e-02, -3.2448e-02, -5.7549e-02, -4.8674e-02, +5.8677e-02, -1.1600e-01, -3.0245e-03, -5.2130e-02, +5.3266e-02, -4.3637e-02, -6.2626e-03, +4.5559e-02, -1.0945e-01, +6.9161e-02, -4.6688e-02, +6.2177e-02, -4.1360e-02, +2.1591e-01, -1.0000e+00, -3.0354e-03, -3.4502e-02, +6.8662e-02, +9.2635e-03, -6.1961e-02, -2.5487e-02, +4.8858e-03, -7.5642e-02, -5.2649e-02, -2.7213e-02, +1.3125e-02, +6.3960e-02, -6.9191e-02, +3.1639e-02, +8.7303e-02, +3.3842e-02, -1.1659e-03, +4.1889e-03, +9.6300e-02, -4.6473e-02, +9.9777e-02, -5.3720e-02, -4.0591e-02, +9.5166e-02, -5.0936e-02, -4.8589e-02, -3.0992e-02, +1.6684e-01
+3.5835e-02, -1.3971e-02, -2.8854e-02, -2.1128e-02, -1.0501e-02, -3.6535e-02, -7.1745e-02, +2.4764e-02, +7.0178e-02, +1.7285e-01, -1.5101e-02, -2.2071e-02, +7.8400e-02, -1.4336e-02, -4.0449e-02, -3.5165e-02, +8.5736e-02, -7.2054e-02, +3.6723e-02, +6.0187e-02, -1.2495e-02, -3.0354e-03, -1.0000e+00, -1.9147e-02, -3.5795e-02, -1.5040e-02, -1.9436e-02, -3.8435e-02, -1.2987e-02, -2.0341e-02, -6.2007e-02, -5.2370e-02, +3.2607e-03, +4.0510e-02, +1.7017e-02, -3.7564e-02, +1.9266e-02, -2.3841e-02, -7.7025e-02, +7.7314e-02, -7.9965e-02, -3.4634e-02, -2.4933e-02, +5.5083e-03, -3.8412e-02, +8.0958e-03, -7.5881e-03, -8.7042e-03, +3.9016e-02, -1.1545e-01
-5.3876e-02, +3.9395e-02, -1.0085e-01, -2.5959e-02, -8.3585e-02, +9.7094e-02, -2.8799e-02, +5.6433e-02, +1.2050e-01, -1.2226e-01, +7.5889e-02, -1.2056e-01, +1.2384e-02, -9.5560e-02, -6.9989e-02, +4.5854e-02, +1.6074e-01, +9.2927e-02, -1.0538e-01, +3.7168e-02, +6.6909e-02, -3.4502e-02, -1.9147e-02, -1.0000e+00, -3.3823e-02, -1.0064e-01, -1.0967e-01, +5.3138e-03, +2.1765e-02, +1.0482e-02, -1.3815e-01, -2.6734e-03, -2.9754e-02, +5.9462e-02, -5.0443e-02, +1.7064e-02, +2.9967e-02, -5.6515e-02, +2.1894e-02, +4.1810e-02, +5.1399e-02, +3.1695e-02, +1.3428e-02, -1.5404e-02, +6.3197e-02, -3.4976e-02, -7.6727e-02, +1.3894e-01, -3.4791e-02, +8.8845e-03
-3.7367e-03, +7.0705e-03, -3.5984e-02, +2.9518e-02, +5.3607e-02, -4.6114e-02, +3.6970e-02, -4.8483e-02, +5.5087e-02, +4.0372e-02, +3.4026e-02, +1.3086e-01, -2.7647e-02, -4.9331e-02, -3.1598e-02, +5.0380e-02, +1.8278e-01, -3.4302e-02, -2.7048e-02, +4.5385e-02, +6.4445e-02, +6.8662e-02, -3.5795e-02, -3.3823e-02, -1.0000e+00, +5.0542e-02, -4.6061e-02, +1.1302e-02, +5.3145e-02, +2.2274e-03, +4.1396e-02, -2.5345e-02, -7.6281e-02, -8.0430e-02, -4.1094e-02, +3.5374e-02, +9.7841e-03, +7.2673e-03, -2.0070e-02, +1.4129e-02, +1.2167e-02, +6.3076e-02, +9.9039e-02, +2.2794e-02, +1.1422e-01, -4.5505e-02, +7.8542e-03, +1.0454e-01, -2.5219e-02, -1.1152e-01
-4.8751e-03, -1.2313e-01, +6.4650e-02, -1.0231e-01, -8.2521e-02, +8.8385e-03, -2.7150e-02, -1.1341e-02, -1.0400e-01, +9.4871e-02, -1.5417e-01, -4.0294e-02, -7.2762e-02, -1.0306e-01, -4.6617e-02, +1.2218e-01, +4.7396e-02, -8.4340e-02, -9.3499e-02, -1.6178e-02, +3.7998e-02, +9.2635e-03, -1.5040e-02, -1.0064e-01, +5.0542e-02, -1.0000e+00, -1.2665e-01, -3.4997e-02, -9.4910e-02, -2.7505e-02, -4.3469e-02, +1.0346e-01, +8.1705e-02, +9.6039e-02, +1.7728e-02, -1.2121e-02, +4.6857e-02, -4.6933e-03, +4.3789e-02, +5.9542e-03, -3.6111e-02, -2.4868e-02, -2.3671e-02, +4.9998e-02, +1.2514e-02, +1.6682e-02, -3.2270e-02, -8.4871e-02, -2.1461e-02, +2.0412e-02
-3.3552e-02, +1.9399e-02, -7.9105e-02, -7.9090e-02, -3.6504e-02, -3.9180e-02, -4.0001e-02, -5.2752e-02, +2.5290e-02, -3.5633e-02, -7.3968e-02, -2.1900e-02, -9.2441e-02, -9.5884e-02, -1.3065e-01, +2.9538e-02, +1.1240e-01, -3.1860e-02, -9.8169e-03, -3.1241e-02, -5.5920e-02, -6.1961e-02, -1.9436e-02, -1.0967e-01, -4.6061e-02, -1.2665e-01, -1.0000e+00, -9.7937e-02, -9.4966e-02, -4.2077e-02, -3.5689e-02, +7.9534e-02, -1.5259e-03, +6.9678e-02, -1.7765e-02, +4.5792e-02, +4.9280e-02, -9.5639e-02, -1.8991e-03, +1.0193e-02, -1.1516e-01, -9.8715e-03, -4.2303e-02, +3.8625e-02, -2.3697e-02, +5.2579e-03, -9.7419e-02, +5.2095e-02, -1.6193e-02, +6.1156e-02
-6.1093e-02, +7.5446e-02, -1.0147e-01, -4.0091e-02, -7.6837e-02, -2.7968e-02, -1.8637e-03, -8.2686e-02, +5.3424e-02, +6.5446e-02, -7.8945e-02, -4.3435e-02, +1.8807e-02, -5.5513e-02, -2.2705e-02, -9.4584e-02, +8.9302e-02, +2.6962e-03, +4.3207e-02, -9.2928e-03, -4.2122e-02, -2.5487e-02, -3.8435e-02, +5.3138e-03, +1.1302e-02, -3.4997e-02, -9.7937e-02, -1.0000e+00, -2.3003e-02, +6.5763e-02, +2.7405e-02, +2.8817e-03, -2.1710e-03, -3.0582e-02, -1.3597e-02, -1.3629e-02, +1.9364e-02, -3.9473e-02, -1.7928e-02, +1.6526e-03, -1.7457e-02, -2.5177e-02, -5.1264e-02, +3.3203e-02, +2.4794e-03, -5.6868e-02, -1.3228e-02, +1.0446e-01, -1.9837e-02, +3.0822e-02
-1.1239e-02, +3.7579e-02, +5.3042e-02, -6.9815e-02, -5.2485e-02, -3.2744e-02, -4.7081e-02, +8.9492e-03, -1.2725e-01, +7.8625e-02, -1.1876e-01, +2.2125e-02, -7.6761e-02, +4.3583e-02, -2.3639e-02, +4.5655e-02, +7.4312e-02, -2.8072e-02, -6.9546e-03, -2.2146e-02, -1.7736e-02, +4.8858e-03, -1.2987e-02, +2.1765e-02, +5.3145e-02, -9.4910e-02, -9.4966e-02, -2.3003e-02, -1.0000e+00, -8.7228e-02, -6.0874e-02, +4.2061e-03, -2.9579e-02, -2.8142e-02, -6.0103e-02, +5.1955e-03, -6.6279e-03, -8.9797e-02, +1.2969e-03, -5.2034e-02, -6.0671e-02, -4.1355e-02, -7.7021e-02, +6.4080e-03, +4.2793e-03, -5.0513e-03, -5.2997e-02, -2.4911e-02, +5.2192e-02, +4.7579e-03
-4.5336e-02, -2.5799e-02, -1.4492e-02, -4.0595e-02, -2.9515e-02, +3.7328e-02, +2.8694e-02, -7.2010e-02, -8.5538e-02, -2.7763e-02, -4.3067e-02, +3.0181e-02, -4.7904e-02, -3.1399e-02, +5.9145e-02, +2.3938e-02, +1.3511e-02, +3.2909e-03, +2.1098e-02, +6.0981e-03, -3.0528e-02, -7.5642e-02, -2.0341e-02, +1.0482e-02, +2.2274e-03, -2.7505e-02, -4.2077e-02, +6.5763e-02, -8.7228e-02, -1.0000e+00, +3.2672e-02, -5.7635e-02, +1.7142e-02, +5.0062e-03, -2.0815e-02, -9.3815e-03, +8.6062e-03, +3.6662e-02, +3.0514e-02, -1.5123e-02, +2.1684e-02, -7.2883e-02, +4.0988e-02, -7.9266e-03, -3.7747e-02, +1.4265e-02, +2.9703e-02, +3.4630e-03, +6.3726e-03, +1.3185e-02
+1.3020e-02, +7.6757e-03, +1.6881e-02, +8.9426e-04, +2.0744e-02, -5.7273e-02, -4.8963e-02, +2.1555e-02, +9.4502e-02, -2.2356e-02, -2.6299e-02, +1.1535e-02, +1.4092e-02, -6.3488e-02, -4.1044e-02, -2.7323e-02, +7.1754e-02, -1.1670e-03, -4.0512e-02, -1.4509e-02, +7.6587e-02, -5.2649e-02, -6.2007e-02, -1.3815e-01, +4.1396e-02, -4.3469e-02, -3.5689e-02, +2.7405e-02, -6.0874e-02, +3.2672e-02, -1.0000e+00, +1.5504e-02, -1.3864e-02, -2.4128e-02, +7.8341e-03, -6.3638e-03, +1.9772e-02, -1.0822e-01, +2.9504e-02, +2.2235e-03, -1.2593e-01, -4.6440e-02, -2.6334e-02, +6.5183e-03, -1.5399e-02, +3.7049e-02, -5.6475e-02, +1.3295e-01, +1.6880e-02, +7.3050e-02
+8.8480e-02, +4.3195e-02, +3.8022e-02, +5.4462e-02, -5.3658e-03, +3.9600e-02, +7.8395e-02, -1.8277e-02, +3.8459e-02, +2.7097e-02, +8.0413e-02, -5.1878e-02, -7.5335e-03, +2.8237e-02, +7.9198e-03, +3.8068e-02, -6.1358e-02, +1.8723e-02, +6.5215e-03, +5.9369e-02, +9.1857e-02, -2.7213e-02, -5.2370e-02, -2.6734e-03, -2.5345e-02, +1.0346e-01, +7.9534e-02, +2.8817e-03, +4.2061e-03, -5.7635e-02, +1.5504e-02, -1.0000e+00, +1.6693e-02, -1.3361e-02, +1.3857e-02, +1.2253e-01, -3.6204e-02, +6.1706e-02, -5.0370e-02, -5.0912e-02, +1.2501e-05, -4.2573e-02, +7.4615e-03, -5.0765e-02, -2.3561e-02, +3.6172e-02, +2.0219e-02, +1.5234e-01, -4.7010e-02, +2.1035e-02
+4.5993e-02, +2.4981e-02, +1.8563e-02, +5.5583e-05, +2.2688e-02, -5.6496e-02, -6.6352e-03, -9.7993e-03, -8.7806e-02, +1.7806e-02, -1.2957e-02, +4.6961e-02, +1.6624e-02, +4.8074e-02, +3.5366e-02, +8.8015e-03, -9.8621e-03, -2.0743e-02, +4.1269e-02, -3.3975e-02, -1.0423e-01, +1.3125e-02, +3.2607e-03, -2.9754e-02, -7.6281e-02, +8.1705e-02, -1.5259e-03, -2.1710e-03, -2.9579e-02, +1.7142e-02, -1.3864e-02, +1.6693e-02, -1.0000e+00, +5.9812e-03, +5.9045e-03, -4.0844e-02, +1.3277e-02, -2.3771e-02, +4.9796e-03, -1.7732e-02, -3.8728e-03, -1.6287e-02, -2.8872e-02, -3.5042e-02, -8.1869e-03, -7.7916e-02, -2.9806e-02, +5.6707e-02, +7.2547e-02, -4.3892e-02
-4.0269e-02, +7.6607e-03, -5.2587e-03, -2.6246e-02, +1.1252e-01, +4.9481e-02, -9.4387e-03, -4.8314e-02, +8.7761e-02, +6.5431e-02, +1.3149e-03, +1.9280e-02, +1.2639e-03, +9.8003e-02, +2.2603e-02, -2.5545e-02, -4.4643e-02, +4.4252e-02, -1.0176e-03, +6.1082e-02, +9.1787e-02, +6.3960e-02, +4.0510e-02, +5.9462e-02, -8.0430e-02, +9.6039e-02, +6.9678e-02, -3.0582e-02, -2.8142e-02, +5.0062e-03, -2.4128e-02, -1.3361e-02, +5.9812e-03, -1.0000e+00, +3.9189e-02, +2.6063e-02, -5.0833e-02, -7.9791e-03, +2.4322e-02, +7.2590e-02, +1.7915e-02, +3.8463e-02, +1.9010e-02, -2.4130e-02, +1.0334e-01, +4.8474e-02, +2.5650e-02, +1.5789e-02, +8.7998e-02, +6.4488e-02
+2.1203e-03, -1.3412e-02, +7.8547e-03, -2.5285e-02, -6.5260e-04, -5.9936e-02, +3.8438e-02, +5.6591e-02, -1.2443e-01, +4.9696e-03, -7.5564e-02, +2.2459e-02, -5.3415e-03, +2.9669e-02, -4.1157e-02, -5.2563e-02, +1.1436e-03, -5.1037e-02, +3.2451e-02, -1.9620e-02, -2.0654e-02, -6.9191e-02, +1.7017e-02, -5.0443e-02, -4.1094e-02, +1.7728e-02, -1.7765e-02, -1.3597e-02, -6.0103e-02, -2.0815e-02, +7.8341e-03, +1.3857e-02, +5.9045e-03, +3.9189e-02, -1.0000e+00, -2.7712e-02, -1.3442e-02, -1.6123e-02, +4.9357e-02, +8.7291e-03, +5.4592e-02, +1.2775e-02, +1.3162e-02, -4.6021e-03, +7.0821e-03, -3.8304e-02, -1.7992e-02, +7.1331e-02, -2.7863e-02, -2.5359e-02
-3.3828e-02, -6.9199e-02, -3.7656e-02, -1.5051e-02, -7.6454e-03, -5.3855e-02, +3.0242e-04, +1.0002e-01, -6.6720e-02, -5.9857e-04, -1.8866e-02, -1.8980e-02, -8.5955e-03, -2.5771e-03, +3.5357e-03, +3.6425e-04, +1.6838e-03, -6.1335e-03, -2.4324e-02, -2.3098e-03, -5.3811e-02, +3.1639e-02, -3.7564e-02, +1.7064e-02, +3.5374e-02, -1.2121e-02, +4.5792e-02, -1.3629e-02, +5.1955e-03, -9.3815e-03, -6.3638e-03, +1.2253e-01, -4.0844e-02, +2.6063e-02, -2.7712e-02, -1.0000e+00, +1.1965e-02, -4.1313e-02, +2.8411e-02, -6.6919e-02, -5.4523e-02, -4.9387e-02, +3.3767e-02, +7.4805e-02, -2.6829e-02, +1.3353e-03, -5.0430e-02, -1.0350e-02, -6.4654e-03, +3.9125e-02
+1.4651e-01, -3.4847e-02, -4.1393e-02, +5.2846e-02, -4.9951e-02, +2.4157e-02, -1.9422e-02, -6.8610e-02, -7.7787e-02, +4.4502e-02, +3.4745e-02, -8.8100e-02, -3.8793e-02, +8.7385e-02, +4.2565e-02, +6.6711e-02, +1.1207e-02, +9.5648e-02, -2.6053e-03, +8.3663e-02, +6.6850e-03, +8.7303e-02, +1.9266e-02, +2.9967e-02, +9.7841e-03, +4.6857e-02, +4.9280e-02, +1.9364e-02, -6.6279e-03, +8.6062e-03, +1.9772e-02, -3.6204e-02, +1.3277e-02, -5.0833e-02, -1.3442e-02, +1.1965e-02, -1.0000e+00, +2.9347e-02, -3.9089e-02, +6.6964e-02, +5.7678e-02, +5.7174e-02, +7.6980e-02, +3.0369e-02, -3.2865e-02, -5.7747e-02, -6.0954e-03, +2.0627e-01, +2.5273e-02, -3.1897e-02
-1.7039e-02, +1.4385e-02, -7.4068e-03, -1.3368e-01, +4.0522e-03, -2.9119e-02, -7.9822e-02, -1.7075e-02, -1.0359e-03, +3.4744e-02, -1.1208e-01, -3.3529e-03, -4.6066e-02, -1.5018e-02, -5.2779e-02, +4.8054e-02, +2.1774e-02, -1.0406e-01, -1.0169e-01, -4.4197e-02, -7.9654e-02, +3.3842e-02, -2.3841e-02, -5.6515e-02, +7.2673e-03, -4.6933e-03, -9.5639e-02, -3.9473e-02, -8.9797e-02, +3.6662e-02, -1.0822e-01, +6.1706e-02, -2.3771e-02, -7.9791e-03, -1.6123e-02, -4.1313e-02, +2.9347e-02, -1.0000e+00, -1.0269e-01, -5.2924e-02, -1.0478e-01, -2.4583e-02, -4.2315e-02, -2.5535e-03, -2.0531e-02, -2.8834e-02, -9.1080e-02, +1.1521e-01, -1.2608e-02, +6.9103e-02
+1.2469e-02, +5.8351e-02, +3.8797e-02, -3.9522e-02, -8.0547e-04, -1.7629e-02, -8.9835e-03, +1.6891e-02, -5.0946e-02, +6.3848e-02, -8.7389e-03, -1.8969e-02, +2.7537e-02, +3.1992e-02, +4.7389e-02, +5.7157e-02, +2.8600e-02, +5.4917e-02, -7.3469e-02, +4.3637e-02, -4.5100e-02, -1.1659e-03, -7.7026e-02, +2.1894e-02, -2.0070e-02, +4.3789e-02, -1.8991e-03, -1.7928e-02, +1.2969e-03, +3.0514e-02, +2.9504e-02, -5.0370e-02, +4.9796e-03, +2.4322e-02, +4.9357e-02, +2.8411e-02, -3.9089e-02, -1.0269e-01, -1.0000e+00, +6.5439e-03, +3.0565e-02, -1.0006e-02, -8.8163e-03, -6.6019e-02, -4.5265e-02, +4.2253e-03, -6.6119e-02, +3.2411e-02, -4.1880e-02, +5.5524e-02
-1.7930e-02, +2.3377e-02, -2.6878e-02, +8.4721e-03, -1.6993e-02, -2.7710e-03, -7.5599e-02, -1.0745e-02, +2.3414e-02, +3.5921e-02, +2.4721e-02, -1.2495e-02, -2.2384e-02, -6.5885e-02, -8.2618e-04, +7.4486e-02, -5.4079e-02, -9.0837e-02, +5.1925e-02, -7.3848e-02, +2.3655e-02, +4.1889e-03, +7.7314e-02, +4.1810e-02, +1.4129e-02, +5.9542e-03, +1.0193e-02, +1.6526e-03, -5.2034e-02, -1.5123e-02, +2.2235e-03, -5.0912e-02, -1.7732e-02, +7.2590e-02, +8.7291e-03, -6.6919e-02, +6.6964e-02, -5.2924e-02, +6.5439e-03, -1.0000e+00, -7.5548e-02, +6.9821e-02, +3.4357e-04, -4.0325e-02, +1.0675e-01, -6.0832e-02, -1.3985e-02, -1.2062e-01, -1.6586e-03, +4.6363e-02
-2.8029e-02, -2.9312e-02, -6.5227e-02, +3.3426e-03, -1.6342e-02, -8.2674e-02, -5.8532e-02, -3.8835e-02, -2.4697e-02, +5.7815e-02, -5.9696e-02, +7.8710e-02, -7.3441e-02, -6.6379e-02, -8.1243e-02, -8.1734e-04, +5.7608e-02, -5.6554e-02, -5.7939e-02, -1.5011e-02, -6.4735e-02, +9.6300e-02, -7.9965e-02, +5.1399e-02, +1.2167e-02, -3.6111e-02, -1.1516e-01, -1.7457e-02, -6.0671e-02, +2.1684e-02, -1.2593e-01, +1.2506e-05, -3.8728e-03, +1.7915e-02, +5.4592e-02, -5.4523e-02, +5.7678e-02, -1.0478e-01, +3.0565e-02, -7.5548e-02, -1.0000e+00, +5.7169e-03, -7.9636e-02, +2.2553e-02, -7.5583e-02, -1.6680e-02, -6.7090e-02, +8.4995e-02, +1.7699e-02, +5.3526e-02
+3.3302e-02, -3.2124e-02, -2.3783e-02, -4.5395e-02, +2.9491e-02, -3.4389e-02, -3.1593e-03, +4.2438e-03, -1.9937e-02, +2.2619e-02, +5.8069e-03, -1.4850e-02, +3.4976e-02, -5.0122e-02, -4.8539e-03, +1.0808e-02, -4.7627e-02, -3.7788e-03, +4.0578e-02, -3.5478e-02, +2.2142e-02, -4.6473e-02, -3.4634e-02, +3.1695e-02, +6.3076e-02, -2.4868e-02, -9.8715e-03, -2.5177e-02, -4.1355e-02, -7.2883e-02, -4.6440e-02, -4.2573e-02, -1.6287e-02, +3.8463e-02, +1.2775e-02, -4.9387e-02, +5.7174e-02, -2.4583e-02, -1.0006e-02, +6.9821e-02, +5.7169e-03, -1.0000e+00, -1.1804e-04, +3.5196e-02, -6.5023e-02, -1.2149e-02, -3.1508e-02, -2.5920e-03, +6.2434e-02, +1.4649e-02
+6.6607e-02, -1.4905e-02, -8.0958e-02, -5.1405e-02, -1.2702e-02, -4.0736e-02, +3.9253e-02, +3.2174e-02, +5.6159e-02, -8.7025e-03, -4.8097e-02, -7.2188e-02, -4.2192e-02, -3.7832e-02, -5.4664e-02, +2.9526e-02, -1.7783e-02, +9.4635e-03, -1.0384e-03, +1.7372e-03, -4.1578e-02, +9.9777e-02, -2.4933e-02, +1.3428e-02, +9.9039e-02, -2.3671e-02, -4.2303e-02, -5.1264e-02, -7.7021e-02, +4.0988e-02, -2.6334e-02, +7.4615e-03, -2.8872e-02, +1.9010e-02, +1.3162e-02, +3.3767e-02, +7.6980e-02, -4.2315e-02, -8.8163e-03, +3.4356e-04, -7.9636e-02, -1.1805e-04, -1.0000e+00, +4.1382e-02, +6.7426e-02, -4.0089e-02, -3.3742e-02, +9.8075e-03, +1.8489e-02, +2.0040e-02
+8.3205e-03, -5.9255e-02, +3.9759e-02, +3.4379e-02, -1.9576e-03, +4.2276e-02, -2.7688e-02, +1.0310e-02, -5.7193e-02, -2.1692e-02, +7.1239e-02, +6.2033e-02, -1.6716e-02, -4.0355e-03, +1.9450e-02, +7.0095e-02, -2.9830e-02, -1.0160e-02, +1.6364e-02, +7.2876e-02, -6.2129e-02, -5.3720e-02, +5.5083e-03, -1.5404e-02, +2.2794e-02, +4.9998e-02, +3.8625e-02, +3.3203e-02, +6.4080e-03, -7.9266e-03, +6.5183e-03, -5.0765e-02, -3.5042e-02, -2.4130e-02, -4.6021e-03, +7.4805e-02, +3.0369e-02, -2.5535e-03, -6.6019e-02, -4.0325e-02, +2.2553e-02, +3.5196e-02, +4.1382e-02, -1.0000e+00, -5.4936e-02, +3.4711e-02, -1.9122e-02, -1.1256e-02, +1.2336e-01, -5.7203e-03
-1.9741e-02, -2.6445e-02, +8.8127e-03, -2.0551e-02, -5.7602e-02, +2.4880e-02, -1.2892e-01, +1.1529e-02, -5.1804e-02, +4.4766e-02, -1.1050e-02, +1.1299e-01, -4.2671e-02, -1.2953e-02, -1.6092e-02, -2.9086e-02, +1.4878e-01, -2.1407e-02, -3.8155e-02, +4.2020e-02, -2.2528e-02, -4.0591e-02, -3.8412e-02, +6.3197e-02, +1.1422e-01, +1.2514e-02, -2.3697e-02, +2.4794e-03, +4.2793e-03, -3.7747e-02, -1.5399e-02, -2.3561e-02, -8.1869e-03, +1.0334e-01, +7.0821e-03, -2.6829e-02, -3.2865e-02, -2.0531e-02, -4.5265e-02, +1.0675e-01, -7.5583e-02, -6.5023e-02, +6.7426e-02, -5.4936e-02, -1.0000e+00, +2.3502e-04, +6.5603e-02, +1.3218e-02, +3.2689e-02, -1.9857e-02
-3.5395e-02, +3.9670e-02, -1.1123e-01, -2.4590e-02, -2.5532e-02, -6.9589e-02, -6.4366e-03, +4.7508e-02, -5.6297e-02, +1.6142e-03, -1.2286e-02, -9.6860e-03, +7.7316e-03, -5.6559e-02, +2.4142e-02, +4.8306e-02, +7.8293e-02, +2.0247e-02, -1.7268e-02, +8.0031e-02, -7.6291e-02, +9.5166e-02, +8.0958e-03, -3.4976e-02, -4.5505e-02, +1.6682e-02, +5.2579e-03, -5.6868e-02, -5.0513e-03, +1.4265e-02, +3.7049e-02, +3.6172e-02, -7.7916e-02, +4.8474e-02, -3.8304e-02, +1.3353e-03, -5.7747e-02, -2.8834e-02, +4.2253e-03, -6.0832e-02, -1.6680e-02, -1.2149e-02, -4.0089e-02, +3.4711e-02, +2.3502e-04, -1.0000e+00, -9.4382e-03, -2.6013e-02, -2.8691e-03, -1.0471e-02
-7.8541e-03, +1.0957e-02, -1.4815e-01, -8.5881e-02, -6.5761e-02, -9.4954e-02, +4.5066e-02, +4.4605e-02, -1.5256e-02, +9.3761e-02, -8.2280e-02, +7.0652e-02, -4.3397e-02, +4.3282e-02, -3.1724e-02, -8.7255e-02, -1.2784e-02, -1.2137e-01, -2.9434e-02, -5.0362e-03, +1.0252e-02, -5.0936e-02, -7.5881e-03, -7.6727e-02, +7.8542e-03, -3.2270e-02, -9.7419e-02, -1.3228e-02, -5.2997e-02, +2.9703e-02, -5.6475e-02, +2.0219e-02, -2.9806e-02, +2.5650e-02, -1.7992e-02, -5.0430e-02, -6.0954e-03, -9.1080e-02, -6.6119e-02, -1.3985e-02, -6.7090e-02, -3.1508e-02, -3.3742e-02, -1.9122e-02, +6.5603e-02, -9.4382e-03, -1.0000e+00, +6.5980e-02, -3.8759e-02, +6.6123e-03
+1.2310e-01, -1.5753e-01, +2.7746e-02, +8.4951e-02, +1.3997e-01, -1.1621e-02, -1.7852e-01, +3.1217e-02, -1.7117e-01, +7.8390e-03, +8.7616e-02, +8.9662e-02, -6.7890e-02, +6.1764e-02, +2.4299e-01, +1.8161e-01, +6.9948e-02, -7.9077e-02, +7.3814e-02, +3.0835e-02, -7.6633e-02, -4.8589e-02, -8.7042e-03, +1.3894e-01, +1.0454e-01, -8.4871e-02, +5.2095e-02, +1.0446e-01, -2.4911e-02, +3.4630e-03, +1.3295e-01, +1.5234e-01, +5.6707e-02, +1.5789e-02, +7.1331e-02, -1.0350e-02, +2.0627e-01, +1.1521e-01, +3.2411e-02, -1.2062e-01, +8.4995e-02, -2.5920e-03, +9.8075e-03, -1.1256e-02, +1.3218e-02, -2.6013e-02, +6.5980e-02, -1.0000e+00, +1.0447e-01, +1.1768e-01
-6.7479e-02, -1.2284e-03, -1.5546e-02, -9.6904e-03, -7.5621e-03, +6.9041e-02, +8.0940e-02, +3.7979e-02, -1.0742e-03, -1.0112e-02, -2.5693e-02, -1.9638e-03, -3.5669e-02, -8.2417e-03, -4.8369e-02, -1.8209e-02, -4.6726e-02, +2.0746e-02, +1.7497e-02, +2.3153e-02, +1.1230e-01, -3.0992e-02, +3.9016e-02, -3.4791e-02, -2.5219e-02, -2.1461e-02, -1.6193e-02, -1.9837e-02, +5.2192e-02, +6.3726e-03, +1.6880e-02, -4.7010e-02, +7.2547e-02, +8.7998e-02, -2.7863e-02, -6.4654e-03, +2.5273e-02, -1.2608e-02, -4.1880e-02, -1.6586e-03, +1.7699e-02, +6.2434e-02, +1.8489e-02, +1.2336e-01, +3.2689e-02, -2.8691e-03, -3.8759e-02, +1.0447e-01, -1.0000e+00, +3.5759e-02
-3.2493e-02, -1.0792e-03, +3.3653e-02, +4.0067e-02, +4.9656e-02, +5.3819e-02, -8.2973e-02, -6.5821e-02, +8.3864e-02, +7.9033e-02, +3.9509e-02, -9.3732e-02, -6.3640e-03, -5.6991e-04, +7.1080e-02, +9.1908e-02, +1.1052e-02, +2.6142e-02, +2.6223e-02, +1.1091e-01, +1.2578e-02, +1.6684e-01, -1.1545e-01, +8.8845e-03, -1.1152e-01, +2.0412e-02, +6.1156e-02, +3.0822e-02, +4.7579e-03, +1.3185e-02, +7.3050e-02, +2.1035e-02, -4.3892e-02, +6.4488e-02, -2.5359e-02, +3.9125e-02, -3.1897e-02, +6.9103e-02, +5.5524e-02, +4.6363e-02, +5.3526e-02, +1.4649e-02, +2.0040e-02, -5.7203e-03, -1.9857e-02, -1.0471e-02, +6.6123e-03, +1.1768e-01, +3.5759e-02, -1.0000e+00
