-1.0000e+00, -3.2009e-02, -6.0170e-02, -3.1794e-02, +3.5963e-02, -6.1886e-02, +8.1186e-02, +1.4541e-01, -1.0362e-01, +2.7332e-02, +3.7673e-02, +5.6416e-02, -9.5307e-03, +1.0528e-01, -1.2774e-01, -6.3973e-03, +2.2239e-02, +4.6226e-03, +6.0693e-02, +1.4735e-02, +5.3321e-02, +2.1682e-02, +1.4972e-02, +9.7902e-02, -3.9694e-02, -5.8133e-02, +6.7346e-02, -1.3981e-02, -8.3038e-02, +9.5347e-03, -1.1821e-01, -3.9376e-02, +8.5994e-03, -5.4066e-02, -2.6949e-02, -1.2682e-02, +1.4729e-02, -6.8883e-02, -4.1018e-02, +2.3407e-02, -5.4051e-02, -9.6438e-03, +5.4527e-02, -3.4413e-02, +3.6589e-02, -5.1196e-02, -1.1740e-01, +2.5347e-01, +2.3044e-02, -1.8900e-02
-3.2009e-02, -1.0000e+00, +5.8217e-02, -1.1338e-01, -6.0588e-02, -1.7913e-01, -9.2061e-02, +3.5655e-02, -1.0959e-02, +1.4848e-01, +2.3003e-02, -4.6513e-02, +2.7801e-02, -9.5093e-02, -7.7119e-02, +7.8364e-02, +2.1794e-01, -1.6270e-01, -1.1599e-01, +4.4074e-04, +4.9005e-02, +1.8090e-02, +1.3263e-01, +4.0537e-02, -6.4397e-02, -5.1463e-02, -3.2034e-02, -1.7503e-01, -2.1063e-01, +3.3579e-03, -1.8784e-01, -3.7742e-02, +5.4916e-02, -7.9435e-02, +5.2083e-02, +9.9814e-02, +2.2018e-01, -1.2790e-01, -1.0746e-01, +9.3707e-02, -1.6746e-01, -8.5012e-02, +4.9707e-02, +1.6701e-02, -1.8039e-01, +1.4134e-02, -8.2099e-02, +1.6943e-01, -1.8148e-02, -1.7337e-03
-6.0170e-02, +5.8217e-02, -1.0000e+00, -8.3751e-03, +6.2026e-02, -2.5785e-02, -1.4500e-01, -9.7181e-02, -7.6279e-03, +1.4395e-01, +7.1917e-02, -1.1669e-01, +1.0716e-01, +1.4880e-02, +1.3705e-01, +8.7364e-02, +1.1610e-01, -5.7194e-02, -4.8465e-02, -1.0226e-02, +1.4838e-01, -4.0772e-02, +3.0742e-02, -1.5623e-02, +9.4022e-03, +7.3522e-02, -7.0702e-02, -1.4991e-01, +1.0498e-01, +1.4557e-01, +1.3496e-02, +2.6094e-02, -3.9361e-02, -1.7424e-02, +5.5971e-02, +5.0165e-02, -1.2819e-01, +1.4605e-01, -6.7108e-02, -2.9405e-02, -4.2988e-02, -7.5234e-02, +3.7550e-02, +5.7135e-02, -6.5066e-02, +2.8122e-02, +1.4169e-02, -1.3066e-02, +1.3400e-02, +7.9578e-02
-3.1794e-02, -1.1338e-01, -8.3751e-03, -1.0000e+00, -4.6694e-03, -1.9373e-01, -8.4215e-02, +1.6576e-01, +6.8193e-02, +1.3234e-01, -1.0683e-01, +3.6961e-02, +1.0737e-01, +5.8575e-02, -7.7494e-02, +1.1788e-01, +4.4851e-02, -1.4503e-02, -3.6921e-02, +2.7954e-02, +9.0792e-02, -4.9438e-02, -1.0587e-01, +7.7527e-02, -6.8350e-02, -9.4707e-02, -6.0304e-03, -1.1630e-01, -1.9865e-01, -5.5626e-02, -1.3080e-01, +4.7539e-03, -7.3142e-02, +1.4943e-02, -4.6587e-02, +4.9125e-02, +6.6055e-02, -8.0250e-02, -8.5859e-02, +4.1913e-02, -5.5022e-02, -1.8505e-01, -3.6442e-02, -9.0044e-02, -1.5902e-01, -1.0813e-01, -9.4859e-02, +1.7490e-01, +3.2375e-02, +1.7470e-02
+3.5963e-02, -6.0588e-02, +6.2026e-02, -4.6694e-03, -1.0000e+00, -1.3624e-01, -1.6279e-02, -3.9755e-03, +1.5933e-02, +5.5345e-02, -1.2773e-02, +5.6470e-02, -3.6096e-02, -7.6369e-03, +1.7957e-02, +5.1728e-02, +9.8252e-02, -5.0181e-02, -1.1252e-01, -1.5427e-02, -2.0573e-02, +1.1773e-01, +9.9677e-02, -4.8602e-02, +6.0492e-02, +9.8283e-02, -1.2640e-01, -1.7051e-01, -1.2108e-01, -2.7028e-02, -7.9697e-02, +4.2062e-02, +2.9570e-02, +4.8994e-02, +5.7877e-02, -8.0987e-03, -4.1557e-02, +2.7128e-02, -1.4009e-01, +2.4352e-02, -1.2710e-01, +5.0449e-02, +3.4926e-02, +8.0529e-02, -6.7072e-02, -4.4900e-02, -1.3243e-01, +1.3042e-01, -3.7183e-02, +3.0552e-02
-6.1886e-02, -1.7913e-01, -2.5785e-02, -1.9373e-01, -1.3624e-01, -1.0000e+00, -4.9541e-02, +2.2482e-01, +9.3807e-02, +6.0220e-02, -2.7697e-01, -4.5452e-03, +4.5466e-02, +7.4360e-02, -1.8645e-01, +9.7325e-02, +2.6957e-02, -1.9515e-01, -2.5043e-01, -7.4108e-02, -8.2163e-02, -7.8626e-03, +5.3369e-03, -5.0851e-02, -4.1924e-02, +2.3597e-02, -1.7480e-01, -2.1409e-01, -3.4863e-01, +2.5110e-03, -3.4256e-01, +9.4982e-02, -9.7649e-02, +1.6120e-01, -6.7636e-04, +7.3489e-02, +1.7833e-01, -2.2911e-01, -1.8727e-01, +7.9015e-04, -2.2201e-01, -1.1532e-01, -1.8658e-02, -5.9986e-03, -1.7822e-01, -5.9373e-02, -3.8645e-01, +2.6070e-01, -6.8386e-02, +2.2148e-02
+8.1186e-02, -9.2061e-02, -1.4500e-01, -8.4215e-02, -1.6279e-02, -4.9541e-02, -1.0000e+00, -1.3324e-01, +4.7727e-02, +8.1818e-02, -2.3749e-02, -9.6944e-02, -4.2355e-02, -5.7400e-02, +2.6990e-02, +4.4515e-02, +1.5506e-01, -3.1989e-02, -8.6383e-02, -2.2942e-02, +9.7773e-02, -8.9790e-02, +1.3489e-01, -4.6912e-02, +4.2153e-02, +1.0350e-01, -1.5907e-01, -7.3588e-02, +2.3911e-02, +8.9726e-02, +3.9774e-02, -1.0084e-02, +3.3870e-02, +1.8924e-01, +8.2582e-02, +1.1956e-01, +1.2999e-01, +5.6655e-02, -7.4855e-02, -1.1475e-02, -6.4409e-02, -1.8508e-02, +6.2706e-02, -4.4804e-02, -6.2082e-02, -6.7103e-02, -1.1176e-01, -1.3217e-01, -2.1854e-02, +9.5454e-03
+1.4541e-01, +3.5655e-02, -9.7181e-02, +1.6576e-01, -3.9755e-03, +2.2482e-01, -1.3324e-01, -1.0000e+00, +1.0739e-01, +1.3476e-01, +1.0693e-01, -1.4747e-01, -5.5850e-02, +1.3354e-02, +2.8959e-01, +2.5881e-02, +1.2181e-01, +1.1672e-02, +1.0813e-01, -1.3031e-04, +4.8017e-02, +7.0077e-02, +1.8709e-01, -9.4996e-02, +4.5682e-02, -2.5750e-03, -1.1750e-01, +8.3238e-02, +2.2560e-01, +5.2237e-02, +2.1362e-01, -5.3330e-02, +1.1146e-02, +7.0012e-02, +2.8745e-02, +1.0579e-01, -1.8049e-01, +1.1309e-01, -4.6235e-03, -6.8990e-02, +9.0190e-02, +4.9641e-02, +3.4056e-02, +6.0294e-02, +1.0012e-02, +9.3284e-02, +1.5330e-01, -5.1762e-01, -1.7495e-02, +1.0501e-01
-1.0362e-01, -1.0959e-02, -7.6279e-03, +6.8193e-02, +1.5933e-02, +9.3807e-02, +4.7727e-02, +1.0739e-01, -1.0000e+00, +4.7555e-02, +8.4878e-02, +8.5351e-02, -3.7530e-02, +8.6163e-02, -3.7611e-02, -6.1103e-02, -2.7599e-02, +2.4444e-02, +1.0340e-01, +2.7941e-02, -4.9162e-02, +2.3142e-02, -3.6626e-02, +9.5233e-02, -1.1459e-01, -4.1409e-02, +8.1066e-02, -2.8083e-02, +4.8679e-02, +1.1468e-02, +1.2517e-02, +2.9774e-02, +5.2660e-02, +1.2796e-02, -1.7756e-02, +5.7903e-02, +1.7184e-02, +1.3101e-02, +6.7370e-02, -2.3749e-02, -1.0664e-02, +6.2703e-02, -8.8824e-03, -9.5093e-02, +6.1134e-02, +1.1975e-02, +6.3899e-02, +1.0665e-01, -2.0105e-02, -1.1949e-02
+2.7332e-02, +1.4848e-01, +1.4395e-01, +1.3234e-01, +5.5345e-02, +6.0220e-02, +8.1818e-02, +1.3476e-01, +4.7555e-02, -1.0000e+00, -2.2625e-01, +6.8736e-02, +5.2610e-02, +3.5591e-02, +1.5108e-01, +4.3490e-03, +1.2851e-01, +5.5275e-02, +2.7431e-02, +1.5094e-03, -9.7480e-02, -1.2881e-01, +1.5104e-01, -1.6568e-01, +4.8377e-02, -2.7207e-02, -5.3318e-02, +1.2942e-01, +5.6016e-02, -4.5591e-03, +3.8859e-02, -2.8443e-02, +2.0694e-02, +4.8582e-03, +3.6521e-02, -6.1165e-02, +1.3187e-01, +1.2097e-01, -1.5326e-02, +8.2845e-02, +1.3355e-01, +3.3216e-02, -3.4047e-04, -2.1121e-02, +6.8649e-02, +3.2797e-02, +1.9670e-01, +2.2739e-02, +9.1835e-03, +3.7941e-02
+3.7673e-02, +2.3003e-02, +7.1917e-02, -1.0683e-01, -1.2773e-02, -2.7697e-01, -2.3749e-02, +1.0693e-01, +8.4878e-02, -2.2625e-01, -1.0000e+00, +4.5931e-02, +4.1944e-02, +2.1771e-02, -6.1382e-02, +9.8376e-02, -8.6413e-02, -1.6544e-01, -1.5031e-01, +1.6216e-03, -6.1270e-02, -1.2575e-01, -4.0177e-02, -7.1274e-02, +1.3199e-02, +2.0333e-02, -1.5708e-01, -1.5900e-01, -1.2622e-01, +2.9567e-02, -1.4660e-01, -7.6799e-02, +3.3225e-02, +2.2599e-01, +2.0892e-02, +6.1286e-02, +2.2698e-01, -9.4618e-02, -8.6974e-02, +5.5317e-02, -1.4748e-01, -1.2851e-01, -5.8433e-03, -5.7658e-02, -1.4584e-01, +7.8990e-03, -9.5412e-02, +8.4166e-03, -3.4553e-02, -1.6054e-02
+5.6416e-02, -4.6513e-02, -1.1669e-01, +3.6961e-02, +5.6470e-02, -4.5452e-03, -9.6944e-02, -1.4747e-01, +8.5351e-02, +6.8736e-02, +4.5931e-02, -1.0000e+00, +6.7970e-02, -5.1257e-02, +8.7247e-02, +2.1693e-02, +1.0149e-01, +2.1767e-02, -5.1277e-02, +5.4395e-02, +1.1639e-03, -3.4249e-02, +5.0770e-02, -5.9658e-02, +1.2010e-02, +5.0109e-02, -5.9168e-02, +5.1991e-03, +1.1237e-01, +6.9893e-02, +6.8734e-02, -8.1763e-02, +2.6879e-02, -6.0961e-03, +1.8529e-03, +1.0406e-02, +1.0427e-02, +6.0531e-02, +7.1986e-03, +2.9675e-04, +1.2045e-02, -3.4268e-02, +5.6720e-02, +1.8894e-02, -4.2090e-02, -8.6222e-03, +6.4479e-02, -2.2430e-01, +3.6044e-02, +3.4798e-02
-9.5307e-03, +2.7801e-02, +1.0716e-01, +1.0737e-01, -3.6096e-02, +4.5466e-02, -4.2355e-02, -5.5850e-02, -3.7530e-02, +5.2610e-02, +4.1944e-02, +6.7970e-02, -1.0000e+00, +3.2873e-02, +5.2790e-02, +1.3914e-01, +6.4816e-02, -3.4363e-03, +3.7049e-02, -4.5197e-03, +6.4737e-02, +2.8456e-02, +1.6268e-01, +5.5179e-02, -3.8361e-03, -2.0136e-03, -1.4906e-02, +2.1173e-02, +3.0722e-02, +2.8495e-02, +2.8145e-02, +8.6936e-02, -1.6473e-02, +2.5879e-01, +9.2722e-02, +3.6917e-02, +1.4917e-01, -4.5279e-02, -5.6185e-02, -2.5116e-02, -5.3218e-02, +4.7029e-02, -2.5856e-03, +1.5177e-01, -5.1389e-02, -4.9958e-02, -2.7976e-02, -8.1533e-02, -1.3935e-01, -7.1035e-02
+1.0528e-01, -9.5093e-02, +1.4880e-02, +5.8575e-02, -7.6369e-03, +7.4360e-02, -5.7400e-02, +1.3354e-02, +8.6163e-02, +3.5591e-02, +2.1771e-02, -5.1257e-02, +3.2873e-02, -1.0000e+00, +5.1664e-02, +2.0018e-02, +6.2216e-02, +1.4195e-01, -6.9993e-02, -1.5931e-03, -7.3065e-03, +1.4400e-02, -1.1756e-02, -7.6028e-02, +8.8323e-02, -1.3424e-02, -1.4408e-01, -6.0255e-02, +1.3085e-01, -6.9763e-02, +3.6381e-03, +3.4456e-02, -1.9556e-02, +3.8428e-02, +6.9568e-02, -1.6255e-02, +8.3676e-02, +2.9246e-02, +4.4216e-02, +2.4495e-02, +1.0184e-02, -2.5743e-02, -6.1431e-02, +1.5133e-02, -1.0706e-01, -7.1536e-02, -2.2011e-02, -1.6778e-01, -4.7524e-02, +2.0787e-02
-1.2774e-01, -7.7119e-02, +1.3705e-01, -7.7494e-02, +1.7957e-02, -1.8645e-01, +2.6990e-02, +2.8959e-01, -3.7611e-02, +1.5108e-01, -6.1382e-02, +8.7247e-02, +5.2790e-02, +5.1664e-02, -1.0000e+00, +1.4427e-02, -1.1938e-01, -8.2279e-02, -8.6521e-02, +6.9600e-02, -1.6638e-02, -7.5510e-02, -1.2107e-01, +7.3839e-02, -2.4197e-02, +2.3092e-03, +6.7519e-02, -4.6860e-02, -1.6427e-01, -1.8145e-02, -1.5819e-01, -1.0864e-01, -3.9382e-02, +1.6164e-02, -5.7912e-02, +5.0333e-02, +8.9683e-02, -1.4727e-01, -2.0976e-02, +2.0578e-02, -7.5588e-02, -2.1629e-02, -3.8491e-02, -7.1863e-02, -1.0473e-01, +3.9808e-02, -1.0464e-01, +2.7922e-01, -1.4186e-02, -1.6818e-02
-6.3973e-03, +7.8364e-02, +8.7364e-02, +1.1788e-01, +5.1728e-02, +9.7325e-02, +4.4515e-02, +2.5881e-02, -6.1103e-02, +4.3490e-03, +9.8376e-02, +2.1693e-02, +1.3914e-01, +2.0018e-02, +1.4427e-02, -1.0000e+00, +1.6929e-02, +1.2384e-01, +1.0227e-02, +6.0073e-02, -1.1879e-02, +9.7606e-02, +3.3346e-02, +1.2642e-01, +7.3002e-02, +1.8409e-02, +1.5163e-01, +1.0296e-01, +8.3522e-02, +2.3600e-02, +1.2938e-01, +5.5493e-02, -2.2070e-02, +7.6236e-02, -5.6469e-02, -5.3469e-02, -7.1649e-02, +4.3018e-02, +3.8481e-02, +1.9632e-03, +1.1544e-01, +3.8467e-02, +2.3181e-02, +2.0870e-01, +1.0269e-01, +1.9202e-02, +4.8216e-02, +4.6526e-02, +9.7889e-02, -1.2885e-02
+2.2239e-02, +2.1794e-01, +1.1610e-01, +4.4851e-02, +9.8252e-02, +2.6957e-02, +1.5506e-01, +1.2181e-01, -2.7599e-02, +1.2851e-01, -8.6413e-02, +1.0149e-01, +6.4816e-02, +6.2216e-02, -1.1938e-01, +1.6929e-02, -1.0000e+00, -3.5008e-03, +3.2496e-02, -2.2453e-02, -1.7163e-01, -4.8208e-04, +1.1913e-01, +1.0399e-01, +6.1335e-02, +1.6611e-02, +6.9954e-03, -1.0806e-02, +1.1091e-02, -4.6936e-02, +1.7852e-01, -4.1567e-02, +7.0802e-03, +1.2941e-02, -2.2195e-02, -1.6073e-01, +1.2297e-01, +8.6478e-03, +1.0177e-01, -3.0164e-02, +5.1334e-02, -4.1260e-03, -2.0247e-02, -4.0657e-02, +1.1805e-01, +3.7835e-02, -8.1307e-03, -5.2690e-02, -2.1120e-03, +1.3628e-02
+4.6226e-03, -1.6270e-01, -5.7194e-02, -1.4503e-02, -5.0181e-02, -1.9515e-01, -3.1989e-02, +1.1672e-02, +2.4444e-02, +5.5275e-02, -1.6544e-01, +2.1767e-02, -3.4363e-03, +1.4195e-01, -8.2279e-02, +1.2384e-01, -3.5008e-03, -1.0000e+00, -2.9252e-02, -3.8328e-02, +5.6169e-02, -1.1188e-01, +2.8285e-02, +8.8908e-02, +2.3818e-02, +5.3581e-02, -7.0896e-02, -1.5054e-01, -1.6382e-01, +7.8945e-03, -1.7130e-01, -4.0835e-02, -2.7561e-02, +3.3777e-02, +9.4325e-02, +3.1976e-02, +1.8126e-01, -2.0904e-01, -2.7851e-02, +2.8500e-02, -3.7136e-02, +2.6798e-03, +5.7051e-03, -1.9640e-03, -1.8154e-01, -4.9487e-04, -1.5168e-01, +1.1298e-01, -1.3190e-01, -2.6652e-02
+6.0693e-02, -1.1599e-01, -4.8464e-02, -3.6921e-02, -1.1252e-01, -2.5043e-01, -8.6383e-02, +1.0813e-01, +1.0340e-01, +2.7431e-02, -1.5031e-01, -5.1277e-02, +3.7049e-02, -6.9993e-02, -8.6521e-02, +1.0227e-02, +3.2496e-02, -2.9252e-02, -1.0000e+00, -5.9161e-02, +6.6796e-03, -4.4791e-02, +3.6916e-02, -6.0581e-02, +4.7162e-02, +9.4637e-02, -1.2526e-01, -1.6199e-01, -6.1995e-02, +4.1705e-02, -1.2338e-01, +2.0134e-02, +1.0678e-02, +1.1751e-01, +4.6418e-02, +2.8283e-02, +1.8768e-01, -8.6374e-02, -1.2980e-01, +2.5085e-02, -1.7249e-01, -4.5699e-02, +3.5597e-02, -3.9355e-03, -1.1948e-01, -8.2320e-02, -1.9680e-01, +9.0299e-02, -4.9590e-02, +4.5953e-02
+1.4735e-02, +4.4073e-04, -1.0226e-02, +2.7954e-02, -1.5427e-02, -7.4108e-02, -2.2942e-02, -1.3030e-04, +2.7941e-02, +1.5094e-03, +1.6216e-03, +5.4395e-02, -4.5197e-03, -1.5931e-03, +6.9600e-02, +6.0073e-02, -2.2453e-02, -3.8328e-02, -5.9161e-02, -1.0000e+00, +4.3147e-03, -7.3899e-02, +1.9475e-02, -5.7911e-02, -2.7664e-03, +2.3805e-02, -7.3079e-02, +3.1374e-02, -1.5342e-02, +1.0784e-02, -4.2267e-02, -2.4278e-02, -5.7268e-02, +8.8293e-02, +1.7516e-02, -5.6962e-02, +4.8303e-02, -7.1629e-02, -4.2759e-02, -3.9531e-02, -7.5770e-03, +2.6371e-02, -4.3019e-02, -3.8511e-02, -4.5631e-03, +3.1404e-02, -6.9458e-03, +1.0450e-02, +4.5754e-02, -4.8869e-02
+5.3321e-02, +4.9005e-02, +1.4838e-01, +9.0792e-02, -2.0573e-02, -8.2163e-02, +9.7773e-02, +4.8017e-02, -4.9162e-02, -9.7480e-02, -6.1270e-02, +1.1639e-03, +6.4737e-02, -7.3065e-03, -1.6638e-02, -1.1879e-02, -1.7163e-01, +5.6169e-02, +6.6796e-03, +4.3147e-03, -1.0000e+00, +1.8972e-01, -1.6972e-01, -1.3954e-01, +8.8068e-02, -4.2277e-03, -1.2013e-01, -4.7642e-03, -1.2812e-01, -6.6421e-02, +1.0019e-01, -2.3247e-02, -1.0005e-01, +1.0347e-01, -7.6086e-02, -8.2752e-02, +1.1878e-01, -4.3824e-02, -9.3029e-02, -5.7346e-02, -7.5807e-03, +5.6548e-03, -6.5396e-02, -1.0548e-01, -1.8883e-02, -1.0494e-01, -1.1927e-01, -4.8672e-02, -1.5859e-02, +1.1119e-02
+2.1682e-02, +1.8090e-02, -4.0772e-02, -4.9438e-02, +1.1773e-01, -7.8626e-03, -8.9790e-02, +7.0077e-02, +2.3142e-02, -1.2881e-01, -1.2575e-01, -3.4249e-02, +2.8456e-02, +1.4400e-02, -7.5510e-02, +9.7606e-02, -4.8208e-04, -1.1188e-01, -4.4791e-02, -7.3899e-02, +1.8972e-01, -1.0000e+00, -4.3494e-02, +7.3135e-02, -4.6790e-02, +8.5689e-02, -5.7420e-02, +3.1144e-02, +2.6412e-02, -4.7537e-02, +1.1416e-02, -5.3384e-02, -4.3162e-02, +1.2314e-01, +8.6459e-02, +1.1022e-01, +1.2466e-01, +1.7825e-02, +1.1944e-02, -1.7116e-02, +2.2061e-02, -3.4541e-01, -6.3468e-03, +9.0422e-02, -2.1818e-02, +9.8774e-02, +5.1825e-02, -1.0364e-01, -4.9702e-02, +1.7907e-02
+1.4972e-02, +1.3263e-01, +3.0742e-02, -1.0587e-01, +9.9677e-02, +5.3369e-03, +1.3489e-01, +1.8709e-01, -3.6626e-02, +1.5104e-01, -4.0177e-02, +5.0770e-02, +1.6268e-01, -1.1756e-02, -1.2107e-01, +3.3346e-02, +1.1913e-01, +2.8285e-02, +3.6916e-02, +1.9475e-02, -1.6972e-01, -4.3494e-02, -1.0000e+00, -9.1905e-02, -1.4295e-02, -6.2130e-03, +2.2945e-02, +2.9705e-02, -1.8183e-02, +4.5121e-03, +1.7838e-01, +1.4496e-02, +1.1715e-02, +3.5579e-02, -9.1727e-02, -7.9903e-02, -4.2361e-02, -9.1073e-02, +3.8332e-02, -1.3230e-02, -5.8370e-02, +4.2087e-02, -8.9746e-02, -6.3010e-03, +1.1314e-01, -6.4312e-03, -7.6765e-02, -7.9857e-02, +3.5881e-02, +1.6529e-03
+9.7902e-02, +4.0537e-02, -1.5623e-02, +7.7527e-02, -4.8602e-02, -5.0851e-02, -4.6912e-02, -9.4996e-02, +9.5233e-02, -1.6568e-01, -7.1274e-02, -5.9658e-02, +5.5179e-02, -7.6028e-02, +7.3839e-02, +1.2642e-01, +1.0399e-01, +8.8908e-02, -6.0581e-02, -5.7911e-02, -1.3954e-01, +7.3135e-02, -9.1905e-02, -1.0000e+00, +4.0883e-02, -5.0789e-02, -1.7367e-01, +1.6618e-02, +8.8036e-02, +2.6309e-03, -1.5432e-02, +3.3176e-02, -1.4616e-02, +1.7644e-01, +1.0155e-02, -3.0228e-02, +4.6710e-02, +2.1812e-02, -5.3596e-02, -4.6536e-02, -9.4532e-02, -3.7308e-02, +2.7116e-02, +3.4280e-02, -3.1921e-02, -6.7000e-02, +2.9984e-02, -2.2295e-01, -7.2349e-03, +2.7571e-02
-3.9694e-02, -6.4397e-02, +9.4022e-03, -6.8350e-02, +6.0492e-02, -4.1924e-02, +4.2153e-02, +4.5682e-02, -1.1459e-01, +4.8377e-02, +1.3199e-02, +1.2010e-02, -3.8361e-03, +8.8323e-02, -2.4197e-02, +7.3002e-02, +6.1335e-02, +2.3818e-02, +4.7162e-02, -2.7664e-03, +8.8068e-02, -4.6790e-02, -1.4296e-02, +4.0883e-02, -1.0000e+00, +3.3871e-02, +1.4613e-02, -3.9954e-02, -7.2462e-02, +1.5774e-02, -7.3528e-02, -1.5129e-02, +3.6729e-02, +4.5969e-02, +2.8210e-02, +2.6021e-02, +4.9230e-02, -9.5813e-02, +1.7045e-02, +4.4560e-02, -4.2310e-02, -1.7630e-02, +6.1595e-02, -5.1530e-02, -5.9414e-02, -1.6377e-02, +2.6286e-02, +1.3155e-01, +1.0710e-02, +1.3887e-02
-5.8133e-02, -5.1463e-02, +7.3522e-02, -9.4707e-02, +9.8283e-02, +2.3597e-02, +1.0350e-01, -2.5750e-03, -4.1409e-02, -2.7207e-02, +2.0333e-02, +5.0109e-02, -2.0136e-03, -1.3424e-02, +2.3092e-03, +1.8409e-02, +1.6611e-02, +5.3581e-02, +9.4637e-02, +2.3805e-02, -4.2277e-03, +8.5689e-02, -6.2130e-03, -5.0789e-02, +3.3871e-02, -1.0000e+00, -4.0051e-02, +1.5889e-01, +8.0968e-05, -3.0500e-02, -1.2387e-02, -1.2038e-02, -5.3402e-02, +6.1453e-02, -3.7570e-02, +1.1223e-01, -9.9572e-02, +7.6454e-02, +1.3514e-01, -5.2347e-02, -2.9234e-02, -5.3854e-02, +6.6204e-03, -3.6943e-03, +8.9411e-02, +9.9534e-02, +1.5809e-01, -7.9919e-02, +8.1791e-02, -4.7809e-03
+6.7346e-02, -3.2034e-02, -7.0702e-02, -6.0304e-03, -1.2640e-01, -1.7480e-01, -1.5907e-01, -1.1750e-01, +8.1066e-02, -5.3318e-02, -1.5708e-01, -5.9168e-02, -1.4906e-02, -1.4408e-01, +6.7519e-02, +1.5163e-01, +6.9954e-03, -7.0896e-02, -1.2526e-01, -7.3079e-02, -1.2013e-01, -5.7420e-02, +2.2945e-02, -1.7367e-01, +1.4613e-02, -4.0051e-02, -1.0000e+00, -1.1926e-01, -1.6796e-02, +1.1052e-03, -8.0126e-02, +5.4884e-02, -3.2993e-02, +2.4935e-01, +1.3306e-01, +1.0335e-01, +1.9158e-01, -1.1464e-02, -7.3711e-02, -2.9982e-02, -1.9464e-01, -1.0198e-01, +1.2579e-02, +3.8220e-02, -1.3471e-01, -5.7081e-02, -9.0002e-02, -3.0668e-01, -1.0793e-01, -3.4487e-03
-1.3981e-02, -1.7503e-01, -1.4991e-01, -1.1630e-01, -1.7051e-01, -2.1409e-01, -7.3588e-02, +8.3238e-02, -2.8083e-02, +1.2942e-01, -1.5900e-01, +5.1991e-03, +2.1173e-02, -6.0255e-02, -4.6860e-02, +1.0296e-01, -1.0806e-02, -1.5054e-01, -1.6199e-01, +3.1374e-02, -4.7642e-03, +3.1144e-02, +2.9705e-02, +1.6618e-02, -3.9954e-02, +1.5889e-01, -1.1926e-01, -1.0000e+00, -1.2086e-01, +1.5238e-01, -9.8368e-02, +4.1226e-02, +3.8684e-02, -8.1392e-02, +6.3698e-02, +1.7199e-02, +2.0029e-01, -1.6999e-01, -1.9344e-01, +7.6788e-02, -8.9394e-02, -1.2242e-01, +3.4901e-02, -8.3133e-03, -1.4472e-01, -2.8644e-02, -2.0621e-01, +1.2480e-01, -6.7713e-02, +5.9080e-02
-8.3038e-02, -2.1063e-01, +1.0498e-01, -1.9865e-01, -1.2108e-01, -3.4863e-01, +2.3911e-02, +2.2560e-01, +4.8679e-02, +5.6016e-02, -1.2622e-01, +1.1237e-01, +3.0722e-02, +1.3085e-01, -1.6427e-01, +8.3522e-02, +1.1091e-02, -1.6382e-01, -6.1995e-02, -1.5342e-02, -1.2812e-01, +2.6412e-02, -1.8183e-02, +8.8037e-02, -7.2462e-02, +8.0999e-05, -1.6796e-02, -1.2086e-01, -1.0000e+00, -6.9015e-02, -2.7375e-01, -3.0244e-02, -8.6908e-02, -5.2601e-03, -1.6123e-02, +8.3635e-02, +8.8508e-02, -2.7918e-01, -1.7312e-01, +6.1721e-02, -7.2901e-02, -4.8586e-02, +2.6587e-02, -3.7202e-02, -1.5121e-01, -7.9152e-02, -3.2321e-01, +4.3126e-01, -1.3491e-01, +3.1836e-02
+9.5347e-03, +3.3579e-03, +1.4557e-01, -5.5626e-02, -2.7028e-02, +2.5110e-03, +8.9726e-02, +5.2237e-02, +1.1468e-02, -4.5591e-03, +2.9567e-02, +6.9893e-02, +2.8495e-02, -6.9763e-02, -1.8145e-02, +2.3600e-02, -4.6936e-02, +7.8945e-03, +4.1705e-02, +1.0784e-02, -6.6421e-02, -4.7537e-02, +4.5121e-03, +2.6309e-03, +1.5774e-02, -3.0500e-02, +1.1052e-03, +1.5238e-01, -6.9015e-02, -1.0000e+00, -5.0904e-03, -6.0241e-02, -7.8020e-02, -9.7217e-04, +4.7557e-02, -2.7217e-02, -7.3427e-02, -5.8052e-03, +1.1738e-01, +3.8696e-03, +7.5531e-02, -1.2252e-01, +1.4968e-02, -4.4502e-02, +1.0696e-02, +1.3341e-02, -3.6913e-02, +1.0061e-01, -4.6652e-02, -3.1940e-02
-1.1821e-01, -1.8784e-01, +1.3496e-02, -1.3080e-01, -7.9697e-02, -3.4256e-01, +3.9774e-02, +2.1362e-01, +1.2517e-02, +3.8859e-02, -1.4660e-01, +6.8734e-02, +2.8145e-02, +3.6381e-03, -1.5819e-01, +1.2938e-01, +1.7852e-01, -1.7130e-01, -1.2338e-01, -4.2267e-02, +1.0019e-01, +1.1416e-02, +1.7838e-01, -1.5432e-02, -7.3528e-02, -1.2387e-02, -8.0126e-02, -9.8368e-02, -2.7375e-01, -5.0904e-03, -1.0000e+00, +5.4024e-02, -5.7037e-02, +1.1643e-01, +1.3508e-01, +7.9798e-02, +7.5275e-02, -2.8467e-01, -1.4907e-01, +3.4951e-02, -2.1637e-01, +1.8791e-02, +2.8778e-02, -1.1353e-01, -1.8868e-01, +3.4230e-02, -2.3377e-01, +4.2003e-01, -6.1274e-02, -6.0876e-02
-3.9376e-02, -3.7742e-02, +2.6094e-02, +4.7540e-03, +4.2062e-02, +9.4982e-02, -1.0084e-02, -5.3330e-02, +2.9774e-02, -2.8443e-02, -7.6799e-02, -8.1763e-02, +8.6936e-02, +3.4456e-02, -1.0864e-01, +5.5493e-02, -4.1567e-02, -4.0835e-02, +2.0134e-02, -2.4278e-02, -2.3247e-02, -5.3384e-02, +1.4496e-02, +3.3176e-02, -1.5129e-02, -1.2038e-02, +5.4884e-02, +4.1226e-02, -3.0244e-02, -6.0241e-02, +5.4024e-02, -1.0000e+00, +2.9101e-03, -4.4698e-02, -1.4496e-02, +1.7187e-02, +5.0778e-02, +3.1857e-02, +1.0580e-01, +6.7498e-02, +2.5975e-02, +3.3959e-02, -4.4566e-02, -1.5855e-02, +4.1585e-02, +1.6536e-02, +4.6077e-02, -1.4261e-02, +4.1599e-02, +3.9765e-02
+8.5994e-03, +5.4916e-02, -3.9361e-02, -7.3142e-02, +2.9570e-02, -9.7649e-02, +3.3870e-02, +1.1146e-02, +5.2660e-02, +2.0694e-02, +3.3225e-02, +2.6879e-02, -1.6473e-02, -1.9556e-02, -3.9382e-02, -2.2070e-02, +7.0802e-03, -2.7561e-02, +1.0678e-02, -5.7268e-02, -1.0005e-01, -4.3162e-02, +1.1715e-02, -1.4616e-02, +3.6729e-02, -5.3402e-02, -3.2993e-02, +3.8684e-02, -8.6908e-02, -7.8020e-02, -5.7037e-02, +2.9101e-03, -1.0000e+00, +5.5926e-02, -1.5788e-02, +4.0115e-03, -1.5176e-01, -7.9409e-03, +4.0512e-02, -4.8597e-02, -1.1353e-02, +2.9651e-02, +2.1888e-02, +1.2825e-02, +2.7676e-02, +4.9806e-02, -1.6638e-02, +8.1756e-02, -4.2028e-02, +6.0618e-02
-5.4066e-02, -7.9435e-02, -1.7424e-02, +1.4943e-02, +4.8994e-02, +1.6120e-01, +1.8924e-01, +7.0012e-02, +1.2796e-02, +4.8582e-03, +2.2599e-01, -6.0961e-03, +2.5879e-01, +3.8428e-02, +1.6164e-02, +7.6236e-02, +1.2941e-02, +3.3777e-02, +1.1751e-01, +8.8293e-02, +1.0347e-01, +1.2314e-01, +3.5579e-02, +1.7644e-01, +4.5969e-02, +6.1453e-02, +2.4935e-01, -8.1392e-02, -5.2601e-03, -9.7217e-04, +1.1643e-01, -4.4698e-02, +5.5926e-02, -1.0000e+00, -5.6831e-02, -1.7104e-01, -3.9901e-02, +6.6410e-02, +7.1432e-02, +7.2711e-02, +1.0854e-01, +5.9374e-03, +9.7224e-03, +2.3335e-01, +1.1674e-01, -5.8523e-03, +1.0905e-01, +1.6899e-01, +9.4447e-02, +5.6867e-02
-2.6949e-02, +5.2083e-02, +5.5971e-02, -4.6587e-02, +5.7877e-02, -6.7637e-04, +8.2582e-02, +2.8745e-02, -1.7756e-02, +3.6521e-02, +2.0892e-02, +1.8529e-03, +9.2722e-02, +6.9568e-02, -5.7912e-02, -5.6469e-02, -2.2195e-02, +9.4325e-02, +4.6418e-02, +1.7516e-02, -7.6086e-02, +8.6459e-02, -9.1727e-02, +1.0155e-02, +2.8210e-02, -3.7570e-02, +1.3306e-01, +6.3698e-02, -1.6123e-02, +4.7557e-02, +1.3508e-01, -1.4496e-02, -1.5788e-02, -5.6831e-02, -1.0000e+00, +4.9517e-03, -7.2077e-02, +1.1168e-01, +7.3981e-02, +4.0981e-02, +1.1508e-01, +3.0076e-02, +1.1585e-02, -3.8095e-02, -2.3280e-02, -7.1197e-02, +5.0853e-02, +2.4738e-02, +2.1227e-02, +1.8613e-02
-1.2682e-02, +9.9814e-02, +5.0165e-02, +4.9125e-02, -8.0987e-03, +7.3489e-02, +1.1956e-01, +1.0579e-01, +5.7903e-02, -6.1165e-02, +6.1286e-02, +1.0406e-02, +3.6917e-02, -1.6255e-02, +5.0333e-02, -5.3469e-02, -1.6073e-01, +3.1976e-02, +2.8283e-02, -5.6962e-02, -8.2752e-02, +1.1022e-01, -7.9903e-02, -3.0228e-02, +2.6021e-02, +1.1223e-01, +1.0335e-01, +1.7199e-02, +8.3635e-02, -2.7217e-02, +7.9798e-02, +1.7187e-02, +4.0115e-03, -1.7104e-01, +4.9517e-03, -1.0000e+00, +6.3325e-02, +5.5361e-02, +3.2769e-03, +1.4390e-03, +2.4971e-02, +2.0670e-01, -7.7492e-02, +7.7912e-03, +1.9210e-02, +1.5322e-02, +9.0863e-03, +6.8080e-02, +1.8390e-02, +4.4959e-02
+1.4729e-02, +2.2018e-01, -1.2819e-01, +6.6055e-02, -4.1557e-02, +1.7833e-01, +1.2999e-01, -1.8049e-01, +1.7184e-02, +1.3187e-01, +2.2698e-01, +1.0426e-02, +1.4917e-01, +8.3676e-02, +8.9683e-02, -7.1649e-02, +1.2297e-01, +1.8126e-01, +1.8768e-01, +4.8303e-02, +1.1878e-01, +1.2466e-01, -4.2361e-02, +4.6710e-02, +4.9230e-02, -9.9572e-02, +1.9158e-01, +2.0029e-01, +8.8508e-02, -7.3427e-02, +7.5275e-02, +5.0778e-02, -1.5176e-01, -3.9901e-02, -7.2077e-02, +6.3325e-02, -1.0000e+00, +2.3094e-01, +1.2993e-01, -8.6275e-02, +1.4908e-01, -6.4690e-02, +8.3670e-02, +4.0218e-02, +3.4632e-01, +1.4221e-01, +2.6555e-01, +1.3588e-01, +1.1102e-01, -3.0265e-02
-6.8883e-02, -1.2790e-01, +1.4605e-01, -8.0250e-02, +2.7128e-02, -2.2911e-01, +5.6655e-02, +1.1309e-01, +1.3101e-02, +1.2097e-01, -9.4618e-02, +6.0531e-02, -4.5279e-02, +2.9246e-02, -1.4727e-01, +4.3018e-02, +8.6478e-03, -2.0904e-01, -8.6374e-02, -7.1629e-02, -4.3824e-02, +1.7825e-02, -9.1073e-02, +2.1812e-02, -9.5813e-02, +7.6454e-02, -1.1464e-02, -1.6999e-01, -2.7918e-01, -5.8052e-03, -2.8467e-01, +3.1857e-02, -7.9409e-03, +6.6410e-02, +1.1168e-01, +5.5361e-02, +2.3094e-01, -1.0000e+00, -1.5385e-01, +2.2961e-02, -1.7688e-01, +8.2713e-02, +2.3894e-02, -1.3272e-01, -1.0196e-01, -2.5733e-03, -2.7238e-01, +2.7110e-01, -3.1652e-02, +3.2309e-03
-4.1018e-02, -1.0746e-01, -6.7108e-02, -8.5859e-02, -1.4009e-01, -1.8727e-01, -7.4855e-02, -4.6235e-03, +6.7370e-02, -1.5326e-02, -8.6974e-02, +7.1986e-03, -5.6185e-02, +4.4216e-02, -2.0976e-02, +3.8481e-02, +1.0177e-01, -2.7851e-02, -1.2980e-01, -4.2759e-02, -9.3029e-02, +1.1944e-02, +3.8332e-02, -5.3596e-02, +1.7045e-02, +1.3514e-01, -7.3711e-02, -1.9344e-01, -1.7312e-01, +1.1738e-01, -1.4907e-01, +1.0580e-01, +4.0512e-02, +7.1432e-02, +7.3981e-02, +3.2769e-03, +1.2993e-01, -1.5385e-01, -1.0000e+00, +6.3104e-02, -1.2614e-01, -8.0132e-02, +2.1616e-02, +4.7983e-02, -6.3773e-02, -3.6628e-02, -2.6489e-01, +1.4008e-01, -7.8386e-02, +7.1144e-02
+2.3407e-02, +9.3707e-02, -2.9405e-02, +4.1913e-02, +2.4352e-02, +7.9016e-04, -1.1475e-02, -6.8990e-02, -2.3749e-02, +8.2845e-02, +5.5317e-02, +2.9677e-04, -2.5116e-02, +2.4495e-02, +2.0578e-02, +1.9632e-03, -3.0164e-02, +2.8500e-02, +2.5085e-02, -3.9531e-02, -5.7346e-02, -1.7116e-02, -1.3230e-02, -4.6536e-02, +4.4560e-02, -5.2347e-02, -2.9982e-02, +7.6788e-02, +6.1721e-02, +3.8696e-03, +3.4951e-02, +6.7498e-02, -4.8597e-02, +7.2711e-02, +4.0981e-02, +1.4390e-03, -8.6275e-02, +2.2961e-02, +6.3104e-02, -1.0000e+00, -2.7690e-02, +1.6602e-02, -5.8694e-02, -1.2160e-02, +6.4961e-02, +5.4102e-02, +4.2759e-02, -1.0643e-01, +3.2627e-02, -1.1412e-02
-5.4051e-02, -1.6746e-01, -4.2988e-02, -5.5022e-02, -1.2710e-01, -2.2201e-01, -6.4409e-02, +9.0190e-02, -1.0664e-02, +1.3355e-01, -1.4748e-01, +1.2045e-02, -5.3218e-02, +1.0184e-02, -7.5588e-02, +1.1544e-01, +5.1334e-02, -3.7136e-02, -1.7249e-01, -7.5770e-03, -7.5807e-03, +2.2061e-02, -5.8370e-02, -9.4532e-02, -4.2310e-02, -2.9234e-02, -1.9464e-01, -8.9394e-02, -7.2901e-02, +7.5531e-02, -2.1637e-01, +2.5975e-02, -1.1353e-02, +1.0854e-01, +1.1508e-01, +2.4971e-02, +1.4908e-01, -1.7688e-01, -1.2614e-01, -2.7690e-02, -1.0000e+00, -1.4907e-02, -1.8127e-02, +2.4099e-03, -1.2867e-01, +5.8161e-02, -1.4222e-01, +5.1272e-02, -5.8518e-02, -2.3411e-02
-9.6438e-03, -8.5012e-02, -7.5234e-02, -1.8505e-01, +5.0449e-02, -1.1532e-01, -1.8508e-02, +4.9641e-02, +6.2703e-02, +3.3216e-02, -1.2851e-01, -3.4268e-02, +4.7029e-02, -2.5743e-02, -2.1629e-02, +3.8467e-02, -4.1260e-03, +2.6798e-03, -4.5699e-02, +2.6371e-02, +5.6548e-03, -3.4541e-01, +4.2087e-02, -3.7308e-02, -1.7630e-02, -5.3854e-02, -1.0198e-01, -1.2242e-01, -4.8586e-02, -1.2252e-01, +1.8791e-02, +3.3959e-02, +2.9651e-02, +5.9374e-03, +3.0076e-02, +2.0670e-01, -6.4690e-02, +8.2713e-02, -8.0132e-02, +1.6602e-02, -1.4907e-02, -1.0000e+00, +6.6414e-03, +6.1266e-02, +8.7008e-03, -6.6089e-02, +9.1967e-02, -1.9317e-01, +1.1865e-02, +2.7585e-02
+5.4527e-02, +4.9707e-02, +3.7550e-02, -3.6442e-02, +3.4926e-02, -1.8658e-02, +6.2705e-02, +3.4056e-02, -8.8824e-03, -3.4047e-04, -5.8433e-03, +5.6720e-02, -2.5856e-03, -6.1431e-02, -3.8491e-02, +2.3182e-02, -2.0247e-02, +5.7051e-03, +3.5597e-02, -4.3019e-02, -6.5396e-02, -6.3468e-03, -8.9746e-02, +2.7116e-02, +6.1595e-02, +6.6204e-03, +1.2579e-02, +3.4901e-02, +2.6587e-02, +1.4968e-02, +2.8778e-02, -4.4566e-02, +2.1888e-02, +9.7224e-03, +1.1585e-02, -7.7492e-02, +8.3670e-02, +2.3894e-02, +2.1616e-02, -5.8694e-02, -1.8127e-02, +6.6414e-03, -1.0000e+00, -4.8352e-02, -3.1059e-02, +3.6840e-02, -5.1819e-02, -2.4248e-02, +6.0185e-03, -2.4733e-02
-3.4413e-02, +1.6701e-02, +5.7135e-02, -9.0044e-02, +8.0529e-02, -5.9986e-03, -4.4804e-02, +6.0294e-02, -9.5093e-02, -2.1121e-02, -5.7658e-02, +1.8894e-02, +1.5177e-01, +1.5133e-02, -7.1864e-02, +2.0870e-01, -4.0657e-02, -1.9640e-03, -3.9355e-03, -3.8511e-02, -1.0548e-01, +9.0422e-02, -6.3010e-03, +3.4280e-02, -5.1530e-02, -3.6943e-03, +3.8220e-02, -8.3133e-03, -3.7202e-02, -4.4502e-02, -1.1353e-01, -1.5855e-02, +1.2825e-02, +2.3335e-01, -3.8095e-02, +7.7912e-03, +4.0218e-02, -1.3272e-01, +4.7983e-02, -1.2160e-02, +2.4099e-03, +6.1266e-02, -4.8352e-02, -1.0000e+00, -3.2009e-02, -3.8105e-04, -6.9407e-02, +1.8998e-01, +4.2140e-02, +3.0737e-02
+3.6589e-02, -1.8039e-01, -6.5066e-02, -1.5902e-01, -6.7072e-02, -1.7822e-01, -6.2082e-02, +1.0012e-02, +6.1134e-02, +6.8649e-02, -1.4584e-01, -4.2090e-02, -5.1389e-02, -1.0706e-01, -1.0473e-01, +1.0269e-01, +1.1805e-01, -1.8154e-01, -1.1948e-01, -4.5631e-03, -1.8883e-02, -2.1818e-02, +1.1314e-01, -3.1921e-02, -5.9414e-02, +8.9411e-02, -1.3471e-01, -1.4472e-01, -1.5121e-01, +1.0696e-02, -1.8868e-01, +4.1585e-02, +2.7676e-02, +1.1674e-01, -2.3280e-02, +1.9210e-02, +3.4632e-01, -1.0196e-01, -6.3773e-02, +6.4961e-02, -1.2867e-01, +8.7008e-03, -3.1059e-02, -3.2009e-02, -1.0000e+00, -6.3019e-02, -1.8866e-01, +1.0521e-01, -1.3632e-01, -3.6000e-02
-5.1196e-02, +1.4134e-02, +2.8122e-02, -1.0813e-01, -4.4900e-02, -5.9373e-02, -6.7103e-02, +9.3284e-02, +1.1975e-02, +3.2797e-02, +7.8990e-03, -8.6222e-03, -4.9958e-02, -7.1536e-02, +3.9808e-02, +1.9202e-02, +3.7835e-02, -4.9487e-04, -8.2320e-02, +3.1404e-02, -1.0494e-01, +9.8774e-02, -6.4312e-03, -6.7000e-02, -1.6377e-02, +9.9534e-02, -5.7081e-02, -2.8644e-02, -7.9152e-02, +1.3341e-02, +3.4230e-02, +1.6536e-02, +4.9806e-02, -5.8523e-03, -7.1197e-02, +1.5322e-02, +1.4221e-01, -2.5733e-03, -3.6628e-02, +5.4102e-02, +5.8161e-02, -6.6089e-02, +3.6840e-02, -3.8107e-04, -6.3019e-02, -1.0000e+00, -1.3550e-01, -4.9277e-02, -4.1096e-02, +1.4364e-02
-1.1740e-01, -8.2099e-02, +1.4169e-02, -9.4859e-02, -1.3243e-01, -3.8645e-01, -1.1176e-01, +1.5330e-01, +6.3899e-02, +1.9670e-01, -9.5412e-02, +6.4479e-02, -2.7976e-02, -2.2011e-02, -1.0464e-01, +4.8216e-02, -8.1307e-03, -1.5168e-01, -1.9680e-01, -6.9458e-03, -1.1927e-01, +5.1825e-02, -7.6765e-02, +2.9984e-02, +2.6286e-02, +1.5809e-01, -9.0002e-02, -2.0621e-01, -3.2321e-01, -3.6913e-02, -2.3377e-01, +4.6077e-02, -1.6638e-02, +1.0905e-01, +5.0853e-02, +9.0863e-03, +2.6555e-01, -2.7238e-01, -2.6489e-01, +4.2759e-02, -1.4222e-01, +9.1967e-02, -5.1819e-02, -6.9407e-02, -1.8866e-01, -1.3550e-01, -1.0000e+00, +2.7689e-01, -7.4633e-02, +4.3026e-02
+2.5347e-01, +1.6943e-01, -1.3066e-02, +1.7490e-01, +1.3042e-01, +2.6070e-01, -1.3217e-01, -5.1762e-01, +1.0665e-01, +2.2739e-02, +8.4165e-03, -2.2430e-01, -8.1533e-02, -1.6778e-01, +2.7922e-01, +4.6526e-02, -5.2690e-02, +1.1298e-01, +9.0299e-02, +1.0450e-02, -4.8672e-02, -1.0364e-01, -7.9857e-02, -2.2295e-01, +1.3155e-01, -7.9919e-02, -3.0668e-01, +1.2480e-01, +4.3126e-01, +1.0061e-01, +4.2003e-01, -1.4261e-02, +8.1756e-02, +1.6899e-01, +2.4738e-02, +6.8080e-02, +1.3588e-01, +2.7110e-01, +1.4008e-01, -1.0643e-01, +5.1272e-02, -1.9317e-01, -2.4248e-02, +1.8998e-01, +1.0521e-01, -4.9277e-02, +2.7689e-01, -1.0000e+00, -4.2209e-02, +4.3626e-02
+2.3044e-02, -1.8148e-02, +1.3400e-02, +3.2375e-02, -3.7183e-02, -6.8386e-02, -2.1854e-02, -1.7495e-02, -2.0105e-02, +9.1835e-03, -3.4553e-02, +3.6044e-02, -1.3935e-01, -4.7524e-02, -1.4186e-02, +9.7889e-02, -2.1120e-03, -1.3190e-01, -4.9590e-02, +4.5754e-02, -1.5859e-02, -4.9702e-02, +3.5881e-02, -7.2349e-03, +1.0710e-02, +8.1791e-02, -1.0793e-01, -6.7713e-02, -1.3491e-01, -4.6652e-02, -6.1274e-02, +4.1599e-02, -4.2028e-02, +9.4447e-02, +2.1227e-02, +1.8390e-02, +1.1102e-01, -3.1652e-02, -7.8387e-02, +3.2627e-02, -5.8518e-02, +1.1865e-02, +6.0185e-03, +4.2140e-02, -1.3632e-01, -4.1096e-02, -7.4633e-02, -4.2209e-02, -1.0000e+00, -5.1942e-02
-1.8900e-02, -1.7337e-03, +7.9578e-02, +1.7470e-02, +3.0552e-02, +2.2148e-02, +9.5454e-03, +1.0501e-01, -1.1949e-02, +3.7941e-02, -1.6054e-02, +3.4798e-02, -7.1035e-02, +2.0787e-02, -1.6818e-02, -1.2885e-02, +1.3628e-02, -2.6652e-02, +4.5953e-02, -4.8869e-02, +1.1119e-02, +1.7907e-02, +1.6529e-03, +2.7571e-02, +1.3887e-02, -4.7809e-03, -3.4487e-03, +5.9080e-02, +3.1836e-02, -3.1940e-02, -6.0876e-02, +3.9765e-02, +6.0618e-02, +5.6867e-02, +1.8613e-02, +4.4959e-02, -3.0265e-02, +3.2309e-03, +7.1144e-02, -1.1412e-02, -2.3412e-02, +2.7585e-02, -2.4733e-02, +3.0737e-02, -3.6000e-02, +1.4364e-02, +4.3026e-02, +4.3626e-02, -5.1942e-02, -1.0000e+00
