-1.0000e+00, +5.9514e-02, -2.2397e-01, +3.1077e-02, +1.1618e-01, +6.4373e-02, +1.0150e-01, +5.4664e-02, -8.3999e-02, +1.0834e-02, +5.4396e-02, -9.2590e-03, +1.0689e-01, -6.5921e-02, +1.9811e-01, +1.8059e-02, -6.0897e-02, -5.0193e-02, -3.7676e-03, +9.1381e-02, -7.0630e-02, +2.4670e-01, +4.0464e-02, +2.1568e-02, +5.0392e-02, +6.3216e-02, -1.7408e-02, -4.4145e-02, +6.1508e-02, +1.1392e-01, -3.8907e-02, +2.6197e-01, -1.7893e-01, +5.7128e-02, +2.4060e-02, +1.1843e-02, -7.0588e-02, -1.1182e-01, +2.3559e-02, -1.6219e-02, -1.0051e-02, -5.4406e-02, -2.2828e-01, +5.9481e-02, +2.1300e-02, +5.6009e-02, +2.3069e-01, -1.6414e-01, +3.4568e-02, -7.9120e-02
+5.9514e-02, -1.0000e+00, +2.8045e-02, +8.5606e-02, -7.1842e-02, +1.0052e-01, -4.8571e-02, +7.8042e-02, +3.0392e-03, +1.0306e-01, +2.2896e-02, -1.7822e-01, +6.0549e-02, +2.8995e-01, -1.3379e-01, -3.8348e-02, +5.2772e-02, -8.1384e-02, -1.1293e-01, -1.9813e-01, -7.0558e-02, -2.4934e-01, +8.2306e-02, +1.5137e-01, +2.8214e-02, +1.3340e-01, +2.4820e-01, -6.0193e-02, +4.7000e-02, +1.0646e-01, -9.7413e-02, -1.6759e-01, +1.8611e-01, +5.5671e-02, +1.9494e-01, +3.8901e-01, +4.2519e-02, -2.2750e-02, +3.5337e-02, -1.2495e-01, -6.8411e-02, -2.3173e-01, -5.1760e-02, -4.5922e-02, +5.6328e-02, +1.5983e-01, -1.5291e-01, +4.0220e-01, +6.7280e-02, +3.7895e-02
-2.2397e-01, +2.8045e-02, -1.0000e+00, -1.5990e-01, -9.7514e-02, -5.4965e-02, -2.2250e-02, +4.7583e-02, +2.5475e-02, +1.3620e-01, -1.3395e-01, -3.6394e-02, -1.0368e-01, -3.9877e-02, +8.4646e-03, -3.0377e-02, -1.8315e-01, -8.6187e-03, +1.4635e-01, -6.6885e-02, +4.4704e-02, -1.5487e-01, +7.5883e-02, +1.3370e-01, +2.0461e-01, -1.0387e-01, -2.9644e-02, -1.8935e-01, -1.3869e-01, +5.8955e-02, -4.0930e-02, +2.7776e-01, -1.4758e-01, -4.6632e-02, -5.9061e-02, -8.8922e-03, -4.5236e-02, -3.9823e-02, -7.0763e-02, +1.3252e-01, +2.7760e-01, -5.1822e-02, -4.8165e-02, +2.8863e-01, -1.8549e-01, +7.8543e-02, +4.3193e-01, -1.1779e-01, -1.5959e-01, -2.1272e-01
+3.1077e-02, +8.5606e-02, -1.5990e-01, -1.0000e+00, -3.2405e-01, -1.9451e-01, -4.6712e-02, -7.5151e-02, +1.3841e-02, +1.9907e-01, -1.1741e-01, +9.0233e-02, -3.0796e-01, -1.3015e-02, +5.6072e-02, -1.7057e-01, -7.5963e-02, +9.1424e-03, +1.4222e-01, +1.8004e-01, +2.7904e-01, +1.0692e-01, +1.5485e-01, -1.7012e-01, -1.4034e-02, -2.8803e-01, -6.7335e-02, -1.4105e-01, -2.4213e-01, -2.6691e-01, -8.8685e-02, +1.3971e-01, +6.8665e-03, +7.5573e-02, -1.8250e-01, -3.5956e-01, +3.5319e-02, -2.6521e-03, -5.0279e-02, -1.3076e-02, -4.5383e-03, +1.6215e-01, +1.8355e-01, +1.7385e-01, -2.1287e-01, -1.4270e-01, +1.6223e-01, -1.9006e-02, -1.4567e-01, -1.3428e-01
+1.1618e-01, -7.1842e-02, -9.7514e-02, -3.2405e-01, -1.0000e+00, -1.1459e-01, -1.3097e-01, -8.7875e-02, +1.0542e-02, +8.5446e-02, -1.4811e-01, -3.7513e-02, -3.0574e-01, -2.1587e-02, -1.3306e-01, -2.0845e-01, -9.3551e-02, +4.1959e-02, +1.9902e-01, +9.8186e-02, +1.8456e-02, -1.0224e-01, +2.4379e-01, -1.9949e-01, +1.3554e-01, -3.1616e-01, -1.1215e-01, -9.4851e-02, -3.1946e-01, -2.9263e-01, +1.0313e-03, +1.2243e-01, +6.0672e-02, +1.2817e-01, -3.4853e-02, -3.0895e-01, -1.4668e-02, +1.0423e-01, -9.3308e-02, -6.3085e-02, +1.1131e-01, -3.1584e-02, +8.6918e-02, +1.1662e-01, -3.1885e-01, -1.9533e-01, -1.0112e-01, +1.6851e-01, -9.9587e-02, +7.8358e-02
+6.4373e-02, +1.0052e-01, -5.4965e-02, -1.9451e-01, -1.1459e-01, -1.0000e+00, -2.7410e-02, +4.2553e-02, +4.3324e-02, +7.1588e-02, -1.9815e-01, +1.3021e-01, -6.9647e-02, -1.8809e-01, -8.0051e-02, +1.1997e-01, +3.0334e-02, -5.8878e-02, -1.5310e-02, +1.6166e-01, +1.8416e-02, +1.3073e-01, +2.4829e-02, -1.3631e-01, -1.8958e-02, -3.0227e-01, -2.1942e-01, -1.6199e-01, -2.6273e-01, -1.7644e-01, -1.8886e-01, +3.8201e-02, -1.6698e-01, +1.5259e-02, +1.2370e-02, -2.4559e-01, +1.3183e-01, -1.8513e-01, +4.2175e-02, -1.6584e-01, -1.1841e-01, +1.1360e-01, +1.4776e-01, +9.1900e-02, -1.9211e-02, -5.6248e-02, -2.3703e-01, +1.4646e-02, -3.2890e-02, +1.6296e-01
+1.0150e-01, -4.8572e-02, -2.2250e-02, -4.6712e-02, -1.3097e-01, -2.7410e-02, -1.0000e+00, +6.0334e-02, +5.2108e-02, +3.8207e-03, -1.1135e-01, -2.1651e-02, +3.8945e-02, +4.4430e-02, -2.0388e-01, -1.0577e-01, +6.6197e-02, -3.1650e-02, -8.2441e-02, -5.0368e-02, +2.7613e-02, -1.8130e-01, +1.1330e-01, -1.7610e-02, +8.0450e-02, -2.5000e-04, -2.7087e-02, +5.6059e-02, -1.1243e-01, -1.4404e-01, -1.2793e-01, -8.9730e-02, -2.5532e-02, -9.6305e-03, +1.6514e-01, +5.2513e-02, -3.8688e-03, -7.2992e-03, +8.0089e-04, -6.8303e-02, +1.9949e-02, +6.2251e-02, +7.7529e-03, +9.1200e-02, -1.3078e-02, -9.8299e-02, -1.1282e-01, +2.5412e-01, +1.0739e-02, -3.8422e-02
+5.4664e-02, +7.8042e-02, +4.7583e-02, -7.5151e-02, -8.7875e-02, +4.2553e-02, +6.0334e-02, -1.0000e+00, -2.2201e-02, +3.4084e-02, +3.9143e-02, -3.3602e-02, -7.5913e-02, -5.1017e-02, -8.5884e-02, +3.7963e-02, -5.5582e-02, -2.2774e-02, +6.8366e-02, -1.2910e-01, +1.7618e-01, -3.5062e-02, +1.0655e-01, +6.4378e-02, -6.8526e-03, -2.4270e-02, -9.2846e-03, -8.8409e-03, -1.8512e-02, -7.2821e-02, +1.1522e-01, +1.0289e-01, -8.7682e-02, -4.1490e-02, -4.5588e-02, -8.5715e-02, -9.3319e-02, +2.6785e-02, -4.8533e-02, +2.4597e-01, +5.6066e-02, +1.7581e-02, +1.3837e-01, +3.2451e-03, -9.3135e-02, -5.9470e-02, +6.1289e-02, -1.9673e-01, +3.4607e-02, -3.0848e-02
-8.3999e-02, +3.0392e-03, +2.5475e-02, +1.3841e-02, +1.0542e-02, +4.3324e-02, +5.2108e-02, -2.2201e-02, -1.0000e+00, +2.0755e-02, +8.2388e-02, +5.5076e-02, +5.5489e-02, +8.3135e-02, -4.1557e-02, -1.8121e-01, +1.1737e-01, -2.4352e-02, -1.3647e-01, +9.1326e-02, -1.7827e-02, +6.4097e-02, -5.2399e-02, -1.8472e-02, +3.5269e-03, +8.5289e-02, +6.4522e-02, +5.7048e-02, +4.3089e-02, +4.4752e-02, +4.8392e-02, +2.6683e-02, +3.7384e-03, -6.5488e-02, +1.2082e-02, +7.0986e-02, +1.2512e-01, -9.8757e-03, +4.5004e-02, -1.2310e-01, +8.0476e-02, +5.3853e-03, -4.8214e-02, -2.0898e-02, +2.5884e-02, +8.7853e-02, +6.4097e-02, +1.0143e-01, +8.1025e-02, -1.2161e-01
+1.0834e-02, +1.0306e-01, +1.3620e-01, +1.9907e-01, +8.5446e-02, +7.1588e-02, +3.8207e-03, +3.4084e-02, +2.0755e-02, -1.0000e+00, -1.0192e-01, +2.3045e-01, +1.1489e-01, +1.7990e-02, +9.9986e-02, -1.0795e-02, -1.6266e-01, +1.0522e-01, -2.5723e-02, +1.6175e-02, -3.1814e-02, -5.3752e-02, +1.4266e-01, -1.3606e-01, +1.1165e-02, +1.0252e-01, -7.1060e-03, +1.4430e-01, +2.0624e-01, +2.9142e-02, -4.4628e-02, -3.6405e-02, -8.2332e-04, -4.5199e-02, +1.7609e-02, -1.0072e-01, +1.1927e-02, +7.0682e-02, +9.8114e-02, +4.2823e-02, +1.7862e-01, +1.6046e-02, -4.7776e-02, -6.6588e-02, +1.2688e-01, +8.3617e-02, +1.4408e-01, -6.2219e-02, +1.5987e-02, +4.6644e-02
+5.4396e-02, +2.2896e-02, -1.3395e-01, -1.1741e-01, -1.4811e-01, -1.9815e-01, -1.1135e-01, +3.9143e-02, +8.2388e-02, -1.0192e-01, -1.0000e+00, +7.0599e-03, -6.9026e-02, -1.6692e-01, -7.9498e-02, -3.4398e-02, +1.2819e-01, -8.8885e-02, +3.4539e-02, +2.1099e-02, +2.0281e-01, -1.9686e-01, +1.8200e-01, +1.2255e-01, +9.3739e-02, -3.4573e-01, -1.4589e-01, -1.6314e-02, -3.0047e-01, -1.5957e-01, -2.1771e-01, -3.9082e-02, -3.1378e-01, -9.3899e-02, +7.0836e-02, -1.3201e-01, +1.3337e-01, -2.9836e-01, -4.6610e-02, -7.2403e-02, -1.0825e-01, -3.0807e-04, +2.0623e-01, +1.9838e-01, +1.5876e-03, +1.3035e-02, -1.9400e-01, +1.4958e-01, +4.4919e-02, +2.4682e-01
-9.2590e-03, -1.7822e-01, -3.6394e-02, +9.0233e-02, -3.7513e-02, +1.3021e-01, -2.1651e-02, -3.3602e-02, +5.5076e-02, +2.3045e-01, +7.0599e-03, -1.0000e+00, +2.2008e-02, -1.0866e-01, +1.3438e-02, +9.2069e-02, -2.9912e-01, -1.3702e-01, -1.1558e-01, -4.0242e-01, +1.3002e-02, -1.8325e-01, +3.7089e-01, +3.3135e-01, -1.1857e-01, +9.6954e-02, +1.2554e-01, -4.0540e-02, -3.7459e-02, +8.2431e-02, +9.7053e-02, -7.8543e-02, +2.8712e-01, -8.3016e-03, +1.3423e-01, +4.1523e-01, -6.5162e-02, -1.8763e-02, -1.2289e-01, +2.9608e-01, +1.9186e-02, +1.2127e-02, +7.6351e-04, +1.7323e-01, -2.7187e-02, +1.5475e-01, -2.8978e-02, +2.6326e-02, -1.3400e-01, +8.0076e-02
+1.0689e-01, +6.0549e-02, -1.0368e-01, -3.0796e-01, -3.0574e-01, -6.9647e-02, +3.8945e-02, -7.5913e-02, +5.5489e-02, +1.1489e-01, -6.9026e-02, +2.2008e-02, -1.0000e+00, -9.6221e-02, -7.2975e-02, -1.4744e-01, -9.7859e-02, +5.4466e-02, +2.3688e-01, +6.6973e-02, +4.7672e-02, -4.5835e-02, +2.3673e-01, -1.8842e-01, +5.7150e-02, -3.3144e-01, -1.0100e-01, -4.1456e-02, -1.7951e-01, -1.2482e-01, +1.1792e-01, +1.3538e-01, +7.5769e-02, +2.9559e-02, -2.3768e-01, -3.1156e-01, +3.0129e-02, +1.7192e-01, -1.0615e-01, +1.1645e-01, +1.1840e-01, -1.7628e-02, +7.9923e-02, +9.6330e-02, -4.1868e-01, -1.7446e-01, -5.9990e-02, -8.1116e-03, -1.0714e-01, -1.1184e-01
-6.5921e-02, +2.8995e-01, -3.9877e-02, -1.3015e-02, -2.1587e-02, -1.8809e-01, +4.4430e-02, -5.1017e-02, +8.3135e-02, +1.7990e-02, -1.6692e-01, -1.0866e-01, -9.6221e-02, -1.0000e+00, +1.0916e-01, +7.5122e-02, -2.8316e-01, +9.4301e-02, +1.1748e-01, +4.9856e-02, +5.0274e-02, +3.3440e-01, +2.5921e-01, -1.3102e-01, +2.8683e-02, -4.5432e-01, -4.1602e-01, -4.2737e-02, -1.6193e-01, -1.1781e-01, -6.7990e-02, -1.0865e-01, -1.2802e-01, -7.7264e-02, -1.5739e-01, -3.4232e-01, -2.7844e-03, -7.9846e-02, -1.4598e-01, +2.6667e-01, -5.0264e-02, +1.8921e-02, +7.1312e-02, +3.8823e-01, -1.1053e-01, -1.2949e-01, -1.9205e-01, -4.2944e-01, -2.2077e-01, +3.6811e-01
+1.9811e-01, -1.3379e-01, +8.4646e-03, +5.6072e-02, -1.3306e-01, -8.0051e-02, -2.0388e-01, -8.5884e-02, -4.1557e-02, +9.9986e-02, -7.9498e-02, +1.3438e-02, -7.2975e-02, +1.0916e-01, -1.0000e+00, +4.0592e-02, +2.3053e-01, +1.9896e-02, +4.2703e-03, -9.8944e-02, -1.0762e-01, -3.5616e-01, -9.5175e-02, -8.2962e-02, +1.0905e-01, -1.7794e-02, -1.5123e-01, -4.8157e-02, -9.0619e-02, -5.1227e-02, -1.3882e-01, -1.0316e-01, -1.2736e-01, -2.1450e-01, +1.1414e-01, +1.4944e-02, -1.9413e-02, +2.9232e-02, +2.0250e-02, -1.2215e-01, -1.7222e-02, +9.0562e-03, +5.9457e-03, +2.6344e-02, -1.3653e-01, -2.1976e-01, -2.1981e-01, +3.2437e-01, +1.1694e-01, -1.6650e-01
+1.8059e-02, -3.8348e-02, -3.0377e-02, -1.7057e-01, -2.0845e-01, +1.1997e-01, -1.0577e-01, +3.7963e-02, -1.8121e-01, -1.0795e-02, -3.4398e-02, +9.2069e-02, -1.4744e-01, +7.5122e-02, +4.0592e-02, -1.0000e+00, +2.4424e-02, +5.8797e-02, -4.2166e-02, +2.4125e-01, +1.7136e-01, +1.7676e-03, -3.7929e-02, -1.0182e-01, +1.4716e-01, -7.2282e-02, +6.4575e-02, -4.5041e-02, -4.8803e-02, -2.5840e-02, +7.7485e-02, +5.1166e-02, +1.5236e-01, -3.3700e-02, -1.8607e-01, -1.4071e-01, +1.1417e-01, +2.2506e-01, +4.4204e-02, -1.4470e-01, +3.3355e-01, -5.0661e-02, -7.0639e-02, +9.9583e-02, -1.2469e-01, +1.9349e-03, +1.5353e-01, +1.7622e-01, -2.1401e-02, -8.3088e-02
-6.0897e-02, +5.2772e-02, -1.8315e-01, -7.5963e-02, -9.3551e-02, +3.0334e-02, +6.6197e-02, -5.5582e-02, +1.1737e-01, -1.6266e-01, +1.2819e-01, -2.9912e-01, -9.7859e-02, -2.8316e-01, +2.3053e-01, +2.4424e-02, -1.0000e+00, +7.2262e-02, +1.3427e-01, -1.7271e-01, +9.6179e-03, +4.1854e-02, +1.4934e-01, +7.3896e-02, -1.0416e-01, -1.5368e-01, +7.3248e-02, -5.5540e-02, -8.4958e-02, +4.2252e-02, +1.7709e-01, +1.1017e-01, +5.0564e-01, +2.1097e-01, -2.0601e-01, +8.1970e-03, +5.9103e-02, +1.4826e-01, -2.1320e-01, +2.6257e-01, +3.7448e-01, +7.3765e-02, -1.1285e-01, +2.7351e-01, -1.0169e-01, +1.1820e-01, +2.5078e-01, -3.4972e-01, -4.2769e-01, +1.1532e-01
-5.0193e-02, -8.1384e-02, -8.6187e-03, +9.1424e-03, +4.1959e-02, -5.8878e-02, -3.1650e-02, -2.2774e-02, -2.4352e-02, +1.0522e-01, -8.8885e-02, -1.3702e-01, +5.4466e-02, +9.4301e-02, +1.9896e-02, +5.8797e-02, +7.2262e-02, -1.0000e+00, -1.6232e-01, -1.3329e-01, +6.5549e-02, -8.1305e-02, +1.1894e-01, +1.8398e-01, -1.4458e-01, -1.3249e-03, +7.9010e-02, -1.0720e-01, -1.6090e-01, -1.2378e-02, -6.9546e-02, +1.3969e-01, -5.1923e-02, -2.5025e-02, +2.1036e-02, +2.3308e-01, +2.4690e-02, -1.5074e-01, +6.2584e-02, -1.4065e-01, -1.9525e-02, +3.3256e-02, -9.8398e-02, +4.5416e-02, -2.5891e-02, +2.4270e-01, +1.4823e-02, +1.8347e-01, +9.6342e-02, -1.2609e-01
-3.7676e-03, -1.1293e-01, +1.4635e-01, +1.4222e-01, +1.9902e-01, -1.5310e-02, -8.2441e-02, +6.8366e-02, -1.3647e-01, -2.5723e-02, +3.4539e-02, -1.1558e-01, +2.3688e-01, +1.1748e-01, +4.2703e-03, -4.2166e-02, +1.3427e-01, -1.6232e-01, -1.0000e+00, -7.1835e-02, +1.2989e-01, +1.5631e-01, +1.9880e-01, +5.3815e-02, -1.3340e-01, +3.0130e-01, +1.1511e-01, +4.4730e-04, +1.5433e-01, +9.2398e-02, -2.5198e-01, -1.5197e-01, +1.7181e-01, -6.1678e-02, +1.2013e-01, +4.7684e-01, +6.9645e-02, -5.5318e-02, +1.3076e-01, -2.1210e-01, -1.4930e-01, +8.1469e-02, -2.1215e-01, -1.1189e-01, +2.1528e-01, +2.4531e-01, -1.6563e-02, +3.9341e-01, +1.2452e-01, -2.6645e-01
+9.1381e-02, -1.9813e-01, -6.6885e-02, +1.8004e-01, +9.8186e-02, +1.6166e-01, -5.0368e-02, -1.2910e-01, +9.1326e-02, +1.6175e-02, +2.1099e-02, -4.0242e-01, +6.6973e-02, +4.9856e-02, -9.8944e-02, +2.4125e-01, -1.7271e-01, -1.3329e-01, -7.1835e-02, -1.0000e+00, +8.7257e-02, -3.7195e-01, +2.1472e-01, +3.6750e-01, -7.7162e-02, +2.0888e-01, +1.8647e-01, +1.2120e-02, +5.3470e-02, +2.9139e-02, +3.9339e-02, -6.6937e-02, +1.9968e-01, -5.4314e-02, +9.9514e-02, +4.9073e-01, -6.6077e-02, -4.1037e-02, -1.1055e-01, +3.2873e-01, +1.2384e-01, -9.8665e-02, +2.0133e-02, +2.7479e-02, +3.8497e-02, +2.1958e-01, +3.8657e-02, +1.4826e-02, -5.3146e-02, -1.2038e-03
-7.0630e-02, -7.0558e-02, +4.4704e-02, +2.7904e-01, +1.8456e-02, +1.8416e-02, +2.7613e-02, +1.7618e-01, -1.7827e-02, -3.1814e-02, +2.0281e-01, +1.3002e-02, +4.7672e-02, +5.0274e-02, -1.0762e-01, +1.7136e-01, +9.6179e-03, +6.5549e-02, +1.2989e-01, +8.7257e-02, -1.0000e+00, +1.9455e-01, -1.1249e-01, -2.2692e-01, +1.3562e-01, +1.8239e-01, -1.9633e-01, -2.1504e-02, +3.9351e-02, +3.4612e-01, +1.3676e-01, +4.7573e-02, +1.6187e-01, +1.5344e-01, +1.5116e-01, -6.5547e-02, -4.6652e-02, +6.1501e-02, +7.9797e-02, -1.2479e-01, -1.4704e-01, -9.3638e-02, -2.3319e-01, -1.4867e-01, -2.5521e-01, -1.6603e-01, -2.9057e-01, +5.4003e-02, +5.0265e-04, +8.8414e-02
+2.4670e-01, -2.4934e-01, -1.5487e-01, +1.0692e-01, -1.0224e-01, +1.3073e-01, -1.8130e-01, -3.5062e-02, +6.4097e-02, -5.3752e-02, -1.9686e-01, -1.8325e-01, -4.5835e-02, +3.3440e-01, -3.5616e-01, +1.7676e-03, +4.1854e-02, -8.1305e-02, +1.5631e-01, -3.7195e-01, +1.9455e-01, -1.0000e+00, -5.9719e-02, +4.9473e-01, +2.8558e-02, +7.0078e-02, +3.1368e-01, +1.8573e-02, -3.3264e-02, -2.7359e-02, +9.2281e-02, -2.3407e-02, -7.3564e-02, -1.4369e-01, +1.8562e-01, +3.8462e-01, -5.1902e-02, +2.6368e-02, -9.3532e-02, +1.8027e-01, +2.6364e-01, -4.6615e-02, +2.2738e-01, +1.0228e-01, -5.7436e-02, +1.2343e-01, +2.8030e-02, +2.4595e-01, +6.5774e-02, -7.2650e-02
+4.0464e-02, +8.2306e-02, +7.5883e-02, +1.5485e-01, +2.4379e-01, +2.4829e-02, +1.1330e-01, +1.0655e-01, -5.2399e-02, +1.4266e-01, +1.8200e-01, +3.7089e-01, +2.3673e-01, +2.5921e-01, -9.5175e-02, -3.7929e-02, +1.4934e-01, +1.1894e-01, +1.9880e-01, +2.1472e-01, -1.1249e-01, -5.9719e-02, -1.0000e+00, -3.3794e-02, +2.0444e-02, +1.1113e-01, +1.2064e-01, +3.6893e-02, +1.1376e-01, +6.7124e-02, +1.2667e-01, -1.2643e-01, -2.6492e-02, -6.0138e-02, -1.2173e-01, -1.2476e-01, +8.5524e-03, +7.8810e-02, +6.3537e-02, -3.1334e-01, +1.2568e-01, -1.0829e-02, +3.0869e-03, -1.7155e-01, +3.3296e-01, -2.7133e-02, +8.9327e-02, -1.1212e-01, -7.2104e-04, +8.1482e-02
+2.1568e-02, +1.5137e-01, +1.3370e-01, -1.7012e-01, -1.9949e-01, -1.3631e-01, -1.7610e-02, +6.4378e-02, -1.8472e-02, -1.3606e-01, +1.2255e-01, +3.3135e-01, -1.8842e-01, -1.3102e-01, -8.2962e-02, -1.0182e-01, +7.3897e-02, +1.8398e-01, +5.3815e-02, +3.6750e-01, -2.2692e-01, +4.9473e-01, -3.3794e-02, -1.0000e+00, +5.6704e-02, -2.9732e-01, -3.8009e-01, -9.9762e-02, -4.8599e-02, -1.5975e-01, -7.5416e-02, -2.4709e-02, +6.1206e-02, -8.6705e-02, -2.1933e-01, -5.7698e-01, +1.0304e-02, +1.5578e-01, -4.1522e-02, -4.0930e-01, -6.9884e-02, +1.5096e-02, -2.0499e-01, -8.5992e-02, -1.9628e-01, -3.6482e-01, -2.1070e-01, +1.3265e-01, +8.9000e-02, -1.1471e-01
+5.0392e-02, +2.8214e-02, +2.0461e-01, -1.4034e-02, +1.3554e-01, -1.8958e-02, +8.0450e-02, -6.8526e-03, +3.5269e-03, +1.1165e-02, +9.3739e-02, -1.1857e-01, +5.7150e-02, +2.8683e-02, +1.0905e-01, +1.4716e-01, -1.0416e-01, -1.4458e-01, -1.3340e-01, -7.7162e-02, +1.3562e-01, +2.8558e-02, +2.0444e-02, +5.6704e-02, -1.0000e+00, +8.4137e-02, +6.6367e-02, +1.1854e-02, +1.8129e-03, -3.4038e-02, -2.0922e-02, +4.6624e-02, +9.6685e-02, -3.5762e-02, -4.1122e-02, +1.5573e-01, +1.2961e-02, -1.1110e-01, -7.1389e-02, -2.5803e-02, -7.2707e-02, +1.1795e-01, -1.2459e-02, -1.3649e-02, +9.6819e-02, +1.3461e-01, +2.8563e-02, -5.1011e-03, +6.7120e-03, -8.9132e-02
+6.3216e-02, +1.3340e-01, -1.0387e-01, -2.8803e-01, -3.1616e-01, -3.0227e-01, -2.5000e-04, -2.4270e-02, +8.5289e-02, +1.0252e-01, -3.4573e-01, +9.6954e-02, -3.3144e-01, -4.5432e-01, -1.7794e-02, -7.2282e-02, -1.5368e-01, -1.3249e-03, +3.0130e-01, +2.0888e-01, +1.8239e-01, +7.0078e-02, +1.1113e-01, -2.9732e-01, +8.4137e-02, -1.0000e+00, -3.6397e-01, -1.3798e-01, -4.3301e-01, -3.5094e-01, -7.8055e-02, +1.2238e-01, -1.7260e-01, -1.9684e-02, -2.3864e-01, -5.9477e-01, +3.7346e-02, -8.3535e-03, -2.5937e-01, -2.0413e-01, -4.8569e-02, -1.0908e-02, +5.8836e-02, +2.1372e-01, -2.3756e-01, -1.7122e-01, -3.1799e-01, -1.8397e-02, -6.0729e-02, +2.1156e-01
-1.7408e-02, +2.4820e-01, -2.9644e-02, -6.7335e-02, -1.1215e-01, -2.1942e-01, -2.7087e-02, -9.2846e-03, +6.4522e-02, -7.1060e-03, -1.4589e-01, +1.2554e-01, -1.0100e-01, -4.1602e-01, -1.5123e-01, +6.4575e-02, +7.3248e-02, +7.9010e-02, +1.1511e-01, +1.8647e-01, -1.9633e-01, +3.1368e-01, +1.2064e-01, -3.8009e-01, +6.6367e-02, -3.6397e-01, -1.0000e+00, -1.0496e-01, -2.8575e-01, -1.1945e-01, -1.1255e-01, +8.5115e-02, -2.6486e-01, -1.4292e-01, -9.3247e-02, -4.6603e-01, +3.6516e-02, -1.4552e-01, -9.6301e-02, -1.2321e-01, -1.5652e-01, +4.6268e-02, -5.4293e-02, +1.1747e-01, -2.1367e-01, -3.1299e-01, -2.5227e-01, -7.3857e-02, +7.7723e-02, +1.7461e-02
-4.4145e-02, -6.0193e-02, -1.8935e-01, -1.4105e-01, -9.4851e-02, -1.6199e-01, +5.6059e-02, -8.8409e-03, +5.7048e-02, +1.4430e-01, -1.6314e-02, -4.0540e-02, -4.1456e-02, -4.2737e-02, -4.8157e-02, -4.5041e-02, -5.5540e-02, -1.0720e-01, +4.4729e-04, +1.2120e-02, -2.1504e-02, +1.8573e-02, +3.6893e-02, -9.9762e-02, +1.1854e-02, -1.3798e-01, -1.0496e-01, -1.0000e+00, -1.3343e-01, -5.3990e-02, -4.6268e-02, +8.0136e-03, +9.5843e-02, -8.3159e-02, +4.5029e-03, -1.3545e-02, +6.6334e-02, -1.0429e-02, -9.7575e-02, -1.5187e-01, -1.3835e-03, +6.3980e-03, -4.2660e-02, +1.3566e-01, -1.1601e-01, +4.2972e-03, +7.1700e-03, +1.3725e-01, -3.0947e-02, -1.0309e-01
+6.1508e-02, +4.7000e-02, -1.3869e-01, -2.4213e-01, -3.1946e-01, -2.6273e-01, -1.1243e-01, -1.8512e-02, +4.3089e-02, +2.0624e-01, -3.0047e-01, -3.7459e-02, -1.7951e-01, -1.6193e-01, -9.0619e-02, -4.8803e-02, -8.4958e-02, -1.6090e-01, +1.5433e-01, +5.3470e-02, +3.9351e-02, -3.3264e-02, +1.1376e-01, -4.8599e-02, +1.8129e-03, -4.3301e-01, -2.8575e-01, -1.3343e-01, -1.0000e+00, -2.2561e-01, -1.4214e-01, +1.0993e-01, -7.0067e-02, +3.1566e-02, -7.0435e-02, -2.8909e-01, +1.8625e-02, -1.8708e-01, -1.4189e-01, -2.2869e-01, +4.7115e-03, +2.6291e-03, +3.2089e-02, +1.4648e-01, -1.8486e-01, -1.1578e-01, -2.2644e-01, +1.5471e-01, -5.3128e-02, +1.4670e-01
+1.1392e-01, +1.0646e-01, +5.8955e-02, -2.6691e-01, -2.9263e-01, -1.7644e-01, -1.4404e-01, -7.2821e-02, +4.4752e-02, +2.9142e-02, -1.5957e-01, +8.2431e-02, -1.2482e-01, -1.1781e-01, -5.1227e-02, -2.5840e-02, +4.2252e-02, -1.2378e-02, +9.2398e-02, +2.9139e-02, +3.4612e-01, -2.7359e-02, +6.7124e-02, -1.5975e-01, -3.4038e-02, -3.5094e-01, -1.1945e-01, -5.3990e-02, -2.2561e-01, -1.0000e+00, -1.2251e-01, -5.9854e-02, -8.5280e-02, -3.6224e-02, -7.1369e-02, -2.8883e-01, -5.8656e-02, -1.7411e-02, -1.2376e-01, -1.5457e-01, -8.2915e-04, +2.1600e-02, +1.1730e-01, +4.9901e-02, +5.3922e-02, -1.0905e-01, -1.5264e-01, +1.0245e-01, +4.8821e-02, +1.0011e-01
-3.8907e-02, -9.7413e-02, -4.0930e-02, -8.8685e-02, +1.0313e-03, -1.8886e-01, -1.2793e-01, +1.1522e-01, +4.8392e-02, -4.4628e-02, -2.1771e-01, +9.7053e-02, +1.1792e-01, -6.7990e-02, -1.3882e-01, +7.7485e-02, +1.7709e-01, -6.9545e-02, -2.5198e-01, +3.9339e-02, +1.3676e-01, +9.2281e-02, +1.2667e-01, -7.5416e-02, -2.0922e-02, -7.8055e-02, -1.1255e-01, -4.6268e-02, -1.4214e-01, -1.2251e-01, -1.0000e+00, -2.6805e-01, -1.6646e-01, -5.2138e-02, +1.8807e-01, +2.8643e-02, +8.6193e-02, -2.7049e-01, +1.8282e-01, -2.3742e-01, -3.2155e-01, -5.3792e-02, -1.9866e-02, +1.3281e-01, +1.8901e-01, -4.8289e-02, -1.2612e-01, +3.0446e-01, -5.5990e-02, +5.9336e-02
+2.6197e-01, -1.6759e-01, +2.7776e-01, +1.3971e-01, +1.2243e-01, +3.8201e-02, -8.9730e-02, +1.0289e-01, +2.6683e-02, -3.6405e-02, -3.9082e-02, -7.8543e-02, +1.3538e-01, -1.0865e-01, -1.0316e-01, +5.1166e-02, +1.1017e-01, +1.3969e-01, -1.5197e-01, -6.6937e-02, +4.7573e-02, -2.3407e-02, -1.2643e-01, -2.4709e-02, +4.6624e-02, +1.2238e-01, +8.5115e-02, +8.0136e-03, +1.0993e-01, -5.9854e-02, -2.6805e-01, -1.0000e+00, +2.8899e-01, -1.8453e-01, +9.8836e-02, +1.1437e-01, -3.3256e-02, +4.8817e-02, +5.7749e-02, -5.5268e-02, -8.7700e-02, -3.6591e-02, +2.1126e-01, +1.5112e-01, +2.9702e-01, -4.2653e-02, -2.4752e-01, +2.4725e-01, -1.7551e-01, +3.3955e-01
-1.7893e-01, +1.8611e-01, -1.4758e-01, +6.8665e-03, +6.0672e-02, -1.6698e-01, -2.5532e-02, -8.7682e-02, +3.7384e-03, -8.2332e-04, -3.1378e-01, +2.8712e-01, +7.5769e-02, -1.2802e-01, -1.2736e-01, +1.5236e-01, +5.0564e-01, -5.1923e-02, +1.7181e-01, +1.9968e-01, +1.6187e-01, -7.3564e-02, -2.6492e-02, +6.1206e-02, +9.6685e-02, -1.7260e-01, -2.6486e-01, +9.5843e-02, -7.0067e-02, -8.5280e-02, -1.6646e-01, +2.8899e-01, -1.0000e+00, -2.0646e-01, +1.7162e-01, -2.0472e-01, -5.2748e-02, -3.3306e-01, +3.9013e-02, +9.0998e-03, -2.7549e-01, -4.4437e-02, +6.3843e-02, -2.3015e-02, +1.4083e-02, -1.5058e-01, -6.6370e-02, -1.7161e-01, +3.6933e-01, -2.1561e-03
+5.7128e-02, +5.5671e-02, -4.6632e-02, +7.5573e-02, +1.2817e-01, +1.5259e-02, -9.6305e-03, -4.1490e-02, -6.5488e-02, -4.5199e-02, -9.3899e-02, -8.3016e-03, +2.9559e-02, -7.7264e-02, -2.1450e-01, -3.3700e-02, +2.1097e-01, -2.5025e-02, -6.1678e-02, -5.4314e-02, +1.5344e-01, -1.4369e-01, -6.0138e-02, -8.6705e-02, -3.5762e-02, -1.9684e-02, -1.4292e-01, -8.3159e-02, +3.1566e-02, -3.6224e-02, -5.2138e-02, -1.8453e-01, -2.0646e-01, -1.0000e+00, +2.9693e-02, +2.4456e-02, +5.9101e-02, -1.0634e-01, -2.5568e-02, -1.7776e-02, +5.6690e-02, +9.4431e-02, +3.2835e-02, +1.6907e-01, +3.8341e-02, -6.0460e-02, -7.0593e-03, +7.0914e-02, +1.7361e-01, -1.9496e-01
+2.4060e-02, +1.9494e-01, -5.9061e-02, -1.8250e-01, -3.4853e-02, +1.2370e-02, +1.6514e-01, -4.5588e-02, +1.2082e-02, +1.7609e-02, +7.0836e-02, +1.3423e-01, -2.3768e-01, -1.5739e-01, +1.1414e-01, -1.8607e-01, -2.0601e-01, +2.1036e-02, +1.2013e-01, +9.9514e-02, +1.5116e-01, +1.8562e-01, -1.2173e-01, -2.1933e-01, -4.1122e-02, -2.3864e-01, -9.3247e-02, +4.5029e-03, -7.0435e-02, -7.1369e-02, +1.8807e-01, +9.8836e-02, +1.7162e-01, +2.9693e-02, -1.0000e+00, -3.0350e-01, +6.1838e-02, +1.7338e-01, -5.6776e-02, -4.3101e-02, +2.3580e-01, -2.0104e-02, -4.8472e-02, +6.3862e-02, -1.2132e-01, -1.9081e-02, +1.1943e-01, -1.6085e-01, -1.1676e-01, -5.1733e-02
+1.1843e-02, +3.8901e-01, -8.8922e-03, -3.5956e-01, -3.0895e-01, -2.4559e-01, +5.2513e-02, -8.5715e-02, +7.0986e-02, -1.0072e-01, -1.3201e-01, +4.1523e-01, -3.1156e-01, -3.4232e-01, +1.4944e-02, -1.4071e-01, +8.1970e-03, +2.3308e-01, +4.7684e-01, +4.9073e-01, -6.5547e-02, +3.8462e-01, -1.2476e-01, -5.7698e-01, +1.5573e-01, -5.9477e-01, -4.6603e-01, -1.3545e-02, -2.8909e-01, -2.8883e-01, +2.8643e-02, +1.1437e-01, -2.0472e-01, +2.4456e-02, -3.0350e-01, -1.0000e+00, -3.8709e-02, +8.5946e-02, -1.0174e-01, -1.7589e-01, -3.9408e-02, +6.8189e-02, +1.1646e-01, +5.5022e-02, -2.3121e-01, -4.3954e-01, -1.1986e-01, -2.5033e-01, -8.8658e-02, +1.5827e-01
-7.0588e-02, +4.2519e-02, -4.5236e-02, +3.5319e-02, -1.4668e-02, +1.3183e-01, -3.8688e-03, -9.3319e-02, +1.2512e-01, +1.1927e-02, +1.3337e-01, -6.5162e-02, +3.0129e-02, -2.7844e-03, -1.9413e-02, +1.1417e-01, +5.9103e-02, +2.4690e-02, +6.9645e-02, -6.6077e-02, -4.6652e-02, -5.1902e-02, +8.5524e-03, +1.0304e-02, +1.2961e-02, +3.7346e-02, +3.6516e-02, +6.6334e-02, +1.8625e-02, -5.8656e-02, +8.6193e-02, -3.3256e-02, -5.2748e-02, +5.9101e-02, +6.1838e-02, -3.8709e-02, -1.0000e+00, +7.0168e-02, -5.9813e-02, +2.3638e-02, -6.6979e-03, -3.9337e-02, -1.1185e-01, -3.0535e-02, +2.3552e-02, -2.3475e-02, +7.3266e-02, -2.3760e-02, +8.4998e-02, -1.3072e-02
-1.1182e-01, -2.2750e-02, -3.9823e-02, -2.6521e-03, +1.0423e-01, -1.8513e-01, -7.2992e-03, +2.6785e-02, -9.8757e-03, +7.0682e-02, -2.9836e-01, -1.8763e-02, +1.7192e-01, -7.9846e-02, +2.9232e-02, +2.2506e-01, +1.4826e-01, -1.5074e-01, -5.5318e-02, -4.1037e-02, +6.1501e-02, +2.6368e-02, +7.8810e-02, +1.5578e-01, -1.1110e-01, -8.3535e-03, -1.4552e-01, -1.0429e-02, -1.8708e-01, -1.7411e-02, -2.7049e-01, +4.8817e-02, -3.3306e-01, -1.0634e-01, +1.7338e-01, +8.5946e-02, +7.0168e-02, -1.0000e+00, -4.5164e-02, -6.3827e-02, -2.4422e-01, +5.7269e-03, +3.8782e-02, +5.7338e-02, +1.7171e-01, +2.5910e-02, -1.2813e-01, +1.1748e-02, +6.8441e-02, +1.5274e-01
+2.3559e-02, +3.5337e-02, -7.0763e-02, -5.0279e-02, -9.3308e-02, +4.2175e-02, +8.0090e-04, -4.8533e-02, +4.5004e-02, +9.8114e-02, -4.6610e-02, -1.2289e-01, -1.0615e-01, -1.4598e-01, +2.0250e-02, +4.4204e-02, -2.1320e-01, +6.2584e-02, +1.3076e-01, -1.1055e-01, +7.9797e-02, -9.3532e-02, +6.3537e-02, -4.1522e-02, -7.1389e-02, -2.5937e-01, -9.6301e-02, -9.7575e-02, -1.4189e-01, -1.2376e-01, +1.8282e-01, +5.7749e-02, +3.9013e-02, -2.5568e-02, -5.6776e-02, -1.0174e-01, -5.9813e-02, -4.5164e-02, -1.0000e+00, +2.0241e-03, +1.4639e-01, +1.7971e-02, +3.3817e-02, +1.5943e-01, -8.9415e-02, -5.3272e-02, -1.0812e-01, -4.8007e-02, -5.9164e-02, +7.5559e-02
-1.6219e-02, -1.2495e-01, +1.3252e-01, -1.3076e-02, -6.3085e-02, -1.6584e-01, -6.8303e-02, +2.4597e-01, -1.2310e-01, +4.2823e-02, -7.2403e-02, +2.9608e-01, +1.1645e-01, +2.6667e-01, -1.2215e-01, -1.4470e-01, +2.6257e-01, -1.4065e-01, -2.1210e-01, +3.2873e-01, -1.2479e-01, +1.8027e-01, -3.1334e-01, -4.0930e-01, -2.5803e-02, -2.0413e-01, -1.2321e-01, -1.5187e-01, -2.2869e-01, -1.5457e-01, -2.3742e-01, -5.5268e-02, +9.0998e-03, -1.7776e-02, -4.3101e-02, -1.7589e-01, +2.3638e-02, -6.3827e-02, +2.0241e-03, -1.0000e+00, -1.7160e-01, -9.6149e-02, -4.1505e-01, -2.2655e-01, +4.7949e-02, -6.7882e-02, -3.1682e-01, +7.0185e-01, +3.1883e-01, -1.5235e-01
-1.0051e-02, -6.8411e-02, +2.7760e-01, -4.5383e-03, +1.1131e-01, -1.1841e-01, +1.9949e-02, +5.6066e-02, +8.0476e-02, +1.7862e-01, -1.0825e-01, +1.9186e-02, +1.1840e-01, -5.0264e-02, -1.7222e-02, +3.3355e-01, +3.7448e-01, -1.9525e-02, -1.4930e-01, +1.2384e-01, -1.4704e-01, +2.6364e-01, +1.2568e-01, -6.9884e-02, -7.2707e-02, -4.8569e-02, -1.5652e-01, -1.3835e-03, +4.7115e-03, -8.2915e-04, -3.2155e-01, -8.7700e-02, -2.7549e-01, +5.6690e-02, +2.3580e-01, -3.9408e-02, -6.6979e-03, -2.4422e-01, +1.4639e-01, -1.7160e-01, -1.0000e+00, +8.2154e-03, +2.1804e-02, -2.0545e-01, +1.2220e-01, -1.2435e-01, -3.3295e-01, +1.4268e-01, +2.9520e-01, +8.1859e-02
-5.4406e-02, -2.3173e-01, -5.1822e-02, +1.6215e-01, -3.1584e-02, +1.1360e-01, +6.2251e-02, +1.7581e-02, +5.3853e-03, +1.6046e-02, -3.0805e-04, +1.2127e-02, -1.7628e-02, +1.8921e-02, +9.0562e-03, -5.0661e-02, +7.3765e-02, +3.3256e-02, +8.1469e-02, -9.8665e-02, -9.3638e-02, -4.6615e-02, -1.0829e-02, +1.5096e-02, +1.1795e-01, -1.0908e-02, +4.6268e-02, +6.3980e-03, +2.6291e-03, +2.1600e-02, -5.3792e-02, -3.6591e-02, -4.4437e-02, +9.4431e-02, -2.0104e-02, +6.8189e-02, -3.9337e-02, +5.7269e-03, +1.7971e-02, -9.6149e-02, +8.2154e-03, -1.0000e+00, -4.0399e-01, -2.2893e-01, -7.3476e-02, +1.2117e-02, -1.6025e-01, +1.3747e-01, +1.7888e-01, +1.5822e-01
-2.2828e-01, -5.1760e-02, -4.8165e-02, +1.8355e-01, +8.6918e-02, +1.4776e-01, +7.7529e-03, +1.3837e-01, -4.8214e-02, -4.7776e-02, +2.0623e-01, +7.6350e-04, +7.9923e-02, +7.1312e-02, +5.9457e-03, -7.0639e-02, -1.1285e-01, -9.8398e-02, -2.1215e-01, +2.0133e-02, -2.3319e-01, +2.2738e-01, +3.0869e-03, -2.0499e-01, -1.2459e-02, +5.8836e-02, -5.4293e-02, -4.2660e-02, +3.2089e-02, +1.1730e-01, -1.9866e-02, +2.1126e-01, +6.3843e-02, +3.2835e-02, -4.8472e-02, +1.1646e-01, -1.1185e-01, +3.8782e-02, +3.3817e-02, -4.1505e-01, +2.1804e-02, -4.0399e-01, -1.0000e+00, -3.0437e-01, -8.9717e-02, +1.8819e-02, -1.3616e-02, +2.5418e-01, +1.8353e-01, -3.5175e-01
+5.9481e-02, -4.5922e-02, +2.8863e-01, +1.7385e-01, +1.1662e-01, +9.1900e-02, +9.1200e-02, +3.2451e-03, -2.0898e-02, -6.6588e-02, +1.9838e-01, +1.7323e-01, +9.6330e-02, +3.8823e-01, +2.6344e-02, +9.9583e-02, +2.7351e-01, +4.5416e-02, -1.1189e-01, +2.7479e-02, -1.4867e-01, +1.0228e-01, -1.7155e-01, -8.5992e-02, -1.3649e-02, +2.1372e-01, +1.1747e-01, +1.3566e-01, +1.4648e-01, +4.9901e-02, +1.3281e-01, +1.5112e-01, -2.3015e-02, +1.6907e-01, +6.3862e-02, +5.5022e-02, -3.0535e-02, +5.7338e-02, +1.5943e-01, -2.2655e-01, -2.0545e-01, -2.2893e-01, -3.0437e-01, -1.0000e+00, +1.1702e-01, -3.9271e-02, -1.2840e-01, +1.4179e-01, +3.6167e-01, -1.0200e-01
+2.1300e-02, +5.6328e-02, -1.8549e-01, -2.1287e-01, -3.1885e-01, -1.9211e-02, -1.3078e-02, -9.3135e-02, +2.5884e-02, +1.2688e-01, +1.5876e-03, -2.7187e-02, -4.1868e-01, -1.1053e-01, -1.3653e-01, -1.2469e-01, -1.0169e-01, -2.5891e-02, +2.1528e-01, +3.8497e-02, -2.5521e-01, -5.7436e-02, +3.3296e-01, -1.9628e-01, +9.6819e-02, -2.3756e-01, -2.1367e-01, -1.1601e-01, -1.8486e-01, +5.3922e-02, +1.8901e-01, +2.9702e-01, +1.4083e-02, +3.8341e-02, -1.2132e-01, -2.3121e-01, +2.3552e-02, +1.7171e-01, -8.9415e-02, +4.7949e-02, +1.2220e-01, -7.3475e-02, -8.9717e-02, +1.1702e-01, -1.0000e+00, -2.0044e-01, -5.5706e-02, +8.6052e-02, +5.8926e-02, -2.7612e-01
+5.6009e-02, +1.5983e-01, +7.8543e-02, -1.4270e-01, -1.9533e-01, -5.6248e-02, -9.8299e-02, -5.9470e-02, +8.7853e-02, +8.3617e-02, +1.3035e-02, +1.5475e-01, -1.7446e-01, -1.2949e-01, -2.1976e-01, +1.9349e-03, +1.1820e-01, +2.4270e-01, +2.4531e-01, +2.1958e-01, -1.6603e-01, +1.2343e-01, -2.7133e-02, -3.6482e-01, +1.3461e-01, -1.7122e-01, -3.1299e-01, +4.2972e-03, -1.1578e-01, -1.0905e-01, -4.8289e-02, -4.2653e-02, -1.5058e-01, -6.0460e-02, -1.9081e-02, -4.3954e-01, -2.3475e-02, +2.5910e-02, -5.3272e-02, -6.7882e-02, -1.2435e-01, +1.2117e-02, +1.8819e-02, -3.9271e-02, -2.0044e-01, -1.0000e+00, -2.2257e-01, -1.1817e-02, +7.0289e-02, -5.8466e-03
+2.3069e-01, -1.5291e-01, +4.3193e-01, +1.6223e-01, -1.0112e-01, -2.3703e-01, -1.1282e-01, +6.1289e-02, +6.4097e-02, +1.4408e-01, -1.9400e-01, -2.8978e-02, -5.9990e-02, -1.9205e-01, -2.1981e-01, +1.5353e-01, +2.5078e-01, +1.4823e-02, -1.6563e-02, +3.8657e-02, -2.9057e-01, +2.8030e-02, +8.9327e-02, -2.1070e-01, +2.8563e-02, -3.1799e-01, -2.5227e-01, +7.1700e-03, -2.2644e-01, -1.5264e-01, -1.2612e-01, -2.4752e-01, -6.6370e-02, -7.0593e-03, +1.1943e-01, -1.1986e-01, +7.3266e-02, -1.2813e-01, -1.0812e-01, -3.1682e-01, -3.3295e-01, -1.6025e-01, -1.3616e-02, -1.2840e-01, -5.5706e-02, -2.2257e-01, -1.0000e+00, +3.6611e-01, +1.6006e-01, +3.9988e-01
-1.6414e-01, +4.0220e-01, -1.1779e-01, -1.9006e-02, +1.6851e-01, +1.4646e-02, +2.5412e-01, -1.9673e-01, +1.0143e-01, -6.2219e-02, +1.4958e-01, +2.6326e-02, -8.1116e-03, -4.2944e-01, +3.2437e-01, +1.7622e-01, -3.4972e-01, +1.8347e-01, +3.9341e-01, +1.4826e-02, +5.4003e-02, +2.4595e-01, -1.1212e-01, +1.3265e-01, -5.1011e-03, -1.8397e-02, -7.3857e-02, +1.3725e-01, +1.5471e-01, +1.0245e-01, +3.0446e-01, +2.4725e-01, -1.7161e-01, +7.0914e-02, -1.6085e-01, -2.5033e-01, -2.3760e-02, +1.1748e-02, -4.8007e-02, +7.0185e-01, +1.4268e-01, +1.3747e-01, +2.5418e-01, +1.4179e-01, +8.6052e-02, -1.1817e-02, +3.6611e-01, -1.0000e+00, -3.0112e-01, +2.6208e-01
+3.4568e-02, +6.7280e-02, -1.5959e-01, -1.4567e-01, -9.9587e-02, -3.2890e-02, +1.0739e-02, +3.4607e-02, +8.1025e-02, +1.5987e-02, +4.4919e-02, -1.3400e-01, -1.0714e-01, -2.2077e-01, +1.1694e-01, -2.1401e-02, -4.2769e-01, +9.6342e-02, +1.2452e-01, -5.3146e-02, +5.0267e-04, +6.5774e-02, -7.2103e-04, +8.9000e-02, +6.7119e-03, -6.0729e-02, +7.7723e-02, -3.0947e-02, -5.3128e-02, +4.8821e-02, -5.5990e-02, -1.7551e-01, +3.6933e-01, +1.7361e-01, -1.1676e-01, -8.8658e-02, +8.4998e-02, +6.8441e-02, -5.9164e-02, +3.1883e-01, +2.9520e-01, +1.7888e-01, +1.8353e-01, +3.6167e-01, +5.8926e-02, +7.0289e-02, +1.6006e-01, -3.0112e-01, -1.0000e+00, +2.5338e-01
-7.9120e-02, +3.7895e-02, -2.1272e-01, -1.3428e-01, +7.8358e-02, +1.6296e-01, -3.8422e-02, -3.0848e-02, -1.2161e-01, +4.6644e-02, +2.4682e-01, +8.0076e-02, -1.1184e-01, +3.6811e-01, -1.6650e-01, -8.3088e-02, +1.1532e-01, -1.2609e-01, -2.6645e-01, -1.2038e-03, +8.8414e-02, -7.2650e-02, +8.1482e-02, -1.1471e-01, -8.9132e-02, +2.1156e-01, +1.7461e-02, -1.0309e-01, +1.4670e-01, +1.0011e-01, +5.9336e-02, +3.3955e-01, -2.1561e-03, -1.9496e-01, -5.1733e-02, +1.5827e-01, -1.3072e-02, +1.5274e-01, +7.5559e-02, -1.5235e-01, +8.1859e-02, +1.5822e-01, -3.5175e-01, -1.0200e-01, -2.7612e-01, -5.8466e-03, +3.9988e-01, +2.6208e-01, +2.5338e-01, -1.0000e+00
