-1.0000e+00, +5.0167e-02, -1.2301e-01, -9.2801e-02, -5.8466e-02, +1.5513e-02, -1.8453e-02, -7.1990e-02, -4.1412e-02, +2.0969e-02, +2.5994e-02, -5.9066e-02, +6.5298e-02, -9.6295e-02, -1.7706e-02, +3.8825e-02, +8.0269e-02, -1.3514e-01, -2.2185e-02, -3.6735e-03, +1.1211e-01, +5.2424e-03, +3.0082e-02, -8.4749e-02, -3.8167e-03, -1.5093e-01, +7.3510e-03, -1.3597e-01, -5.5296e-02, -2.9923e-02, -1.7609e-01, +5.8382e-02, +7.0127e-03, +3.1239e-02, +2.3153e-02, +8.3357e-02, +5.0700e-02, -5.9304e-03, -3.5420e-02, +4.1662e-02, +2.1333e-02, +4.2902e-02, +8.2005e-02, -2.2158e-02, -8.3990e-02, -1.5797e-02, -8.4585e-02, +2.5347e-01, +4.0169e-02, -5.8217e-02
+5.0167e-02, -1.0000e+00, -7.8092e-02, +4.7131e-02, -7.7744e-03, -2.7692e-02, -1.8691e-02, -3.5096e-03, +2.5642e-02, +5.7230e-02, +1.4517e-02, +4.7316e-02, -2.7325e-02, +1.1601e-02, -5.4252e-02, -2.3972e-02, -1.5525e-02, -8.0887e-03, +3.4023e-02, -1.8312e-02, -2.6292e-02, -1.8999e-02, -3.8738e-02, -2.1896e-02, +1.4434e-02, +1.7898e-02, -3.6769e-02, -3.5855e-03, +7.5452e-03, +1.4046e-03, +4.5801e-02, -1.3506e-02, -5.7169e-03, +1.8273e-02, -2.2385e-02, -2.8701e-02, -1.0012e-01, +3.8583e-02, +4.7363e-02, +2.0081e-02, -9.0173e-03, +6.9837e-03, +2.7599e-03, -6.8363e-02, +2.6143e-02, -9.1959e-02, -2.4589e-02, -3.5913e-02, +2.4174e-02, +2.2375e-02
-1.2301e-01, -7.8092e-02, -1.0000e+00, -2.7779e-02, +6.7239e-03, -5.3231e-03, -1.7058e-02, -7.1081e-02, -9.7397e-02, +6.1051e-02, +1.7505e-02, -5.9185e-02, +4.4280e-02, -9.1344e-02, -5.1012e-02, +1.5239e-02, +1.0460e-01, -7.2323e-02, +2.5263e-03, +1.7463e-02, -3.0620e-02, +2.5928e-03, -6.8210e-03, -1.1159e-01, -2.8536e-02, -6.3410e-02, -8.2605e-02, +8.4149e-04, -2.8442e-02, +6.2317e-02, +4.6876e-02, -7.2278e-02, +1.7664e-02, +3.9302e-02, +7.3687e-03, -5.5639e-02, +1.5791e-02, +8.3936e-03, +3.1435e-02, -1.3543e-02, -1.3643e-02, +9.2584e-02, +1.0156e-01, -1.1966e-02, -3.3159e-02, -2.4524e-02, -2.5642e-02, +2.9532e-02, -3.2217e-02, +5.5951e-03
-9.2801e-02, +4.7131e-02, -2.7779e-02, -1.0000e+00, -1.2372e-01, -3.7708e-02, +1.7249e-02, +3.1846e-02, +5.2982e-02, +5.8316e-02, -5.9417e-02, -2.1906e-01, -7.5527e-02, -2.7642e-01, +2.0183e-02, -1.2830e-02, +1.3996e-01, -6.9895e-02, -1.2622e-01, -1.9731e-02, -1.5352e-02, -4.2846e-02, +1.4462e-01, -5.4136e-02, -4.9868e-02, -1.9698e-01, -7.3602e-02, -1.5695e-01, -1.3131e-02, -8.8744e-02, -1.1875e-01, +6.7840e-02, +3.5642e-02, +8.0945e-02, -9.7376e-03, -9.2385e-02, +1.2185e-02, -5.0528e-02, -4.2473e-02, -3.7656e-03, -6.9519e-03, +7.3546e-02, +2.7246e-01, +4.2471e-02, -1.6108e-01, +3.3922e-02, -5.7574e-02, +8.1801e-02, +4.2830e-02, +8.9179e-02
-5.8466e-02, -7.7744e-03, +6.7239e-03, -1.2372e-01, -1.0000e+00, -3.2725e-03, -1.7085e-02, +2.6286e-02, -4.1964e-03, +6.2622e-03, -2.3252e-02, -1.0707e-01, -4.1361e-02, -1.9468e-01, -1.1445e-01, +3.7135e-02, +1.6874e-02, -2.1957e-02, -1.4559e-01, -2.6523e-02, +6.0979e-03, -9.3010e-02, +8.0181e-02, -6.6245e-02, +9.5051e-03, -1.8361e-02, -6.0555e-02, -1.2878e-01, -1.1911e-01, -1.4335e-01, +3.9214e-02, +3.6904e-02, +5.7123e-02, +4.8900e-02, -1.0351e-01, +6.5449e-02, +1.2177e-01, +2.8910e-02, -1.3223e-02, -5.5778e-02, -3.6846e-02, +1.8554e-02, +1.6415e-01, -2.6339e-02, -8.6036e-02, -9.4342e-03, -5.2442e-02, +1.8088e-01, -9.1910e-04, +6.7046e-02
+1.5513e-02, -2.7692e-02, -5.3231e-03, -3.7708e-02, -3.2725e-03, -1.0000e+00, -1.7055e-02, -1.6072e-03, +3.5565e-02, +6.6037e-02, -2.1221e-01, +4.8125e-02, -1.3600e-02, -2.3419e-01, -1.6013e-01, +7.8791e-02, +1.0357e-02, +1.7565e-02, -8.2760e-02, -2.4719e-03, +4.2879e-03, +7.8349e-02, +1.1007e-01, -5.7689e-02, -9.5984e-02, -6.7234e-02, -2.0980e-01, -3.3060e-02, -1.3764e-01, -1.4044e-02, -2.8777e-01, +7.7593e-02, +5.0073e-02, +8.6492e-03, -8.3065e-02, -3.9767e-02, -8.8906e-02, -8.8803e-03, -1.1562e-01, -9.3604e-02, -1.2740e-01, +6.5494e-02, +2.4913e-01, -4.4017e-02, -3.3092e-02, -5.7704e-02, -1.0379e-01, +2.2131e-02, -1.6017e-02, +8.6272e-02
-1.8453e-02, -1.8691e-02, -1.7058e-02, +1.7249e-02, -1.7085e-02, -1.7055e-02, -1.0000e+00, +4.7229e-02, -3.2544e-02, +9.1537e-03, -7.1131e-02, +3.3191e-02, +2.2472e-02, -1.5803e-01, -3.6836e-03, +6.0312e-02, +6.1754e-02, -1.8333e-02, -3.3413e-02, +5.3603e-02, +2.4080e-02, +4.3513e-02, +3.4101e-02, -1.3899e-01, +1.6086e-02, -2.1461e-02, -7.1234e-02, -4.7452e-02, -1.8882e-03, -4.2542e-02, -7.1368e-02, -1.2985e-03, +2.4903e-02, +7.9364e-03, -5.2423e-03, -8.3664e-02, -7.2114e-02, -4.0753e-02, -6.9464e-03, -5.3353e-02, -5.5592e-02, +2.2235e-02, +1.5790e-01, -7.5322e-03, -5.2800e-02, -5.6337e-03, -6.6911e-02, -1.6054e-02, +2.8808e-02, +2.6399e-02
-7.1990e-02, -3.5096e-03, -7.1081e-02, +3.1846e-02, +2.6286e-02, -1.6072e-03, +4.7229e-02, -1.0000e+00, +3.9052e-03, +3.9955e-02, -1.2507e-02, -3.5207e-03, +2.5310e-02, -3.5443e-02, -4.2042e-02, +1.6185e-02, +1.1135e-01, -9.4665e-02, +1.4447e-02, +8.8802e-03, -8.6772e-03, +4.9361e-02, +2.2309e-02, -3.0080e-02, +7.1914e-02, -6.7875e-02, +7.9355e-03, -2.3879e-02, -9.2506e-03, +2.5060e-02, -1.7272e-02, +5.7507e-03, -1.5084e-05, +3.5845e-02, +4.2457e-02, -1.0179e-01, +1.6338e-02, -2.3710e-02, +3.4140e-02, +4.8016e-02, +3.2620e-02, +3.5579e-02, +4.6497e-02, -1.5014e-03, -4.1566e-02, -8.9856e-03, -1.6409e-02, -5.2747e-03, +8.4854e-02, -7.1293e-02
-4.1412e-02, +2.5642e-02, -9.7397e-02, +5.2982e-02, -4.1964e-03, +3.5565e-02, -3.2544e-02, +3.9052e-03, -1.0000e+00, +1.9545e-02, +4.5727e-02, +5.1348e-02, +1.3767e-02, -1.4292e-02, -2.2915e-02, -5.7789e-02, -2.9166e-02, -3.8245e-02, -2.9831e-02, -5.3827e-02, +4.8482e-02, +3.3042e-02, +7.4268e-03, -6.0927e-02, -9.3535e-02, -3.4697e-02, +6.7289e-03, -4.6071e-02, +4.3517e-02, +5.0033e-02, +3.4440e-02, +3.3987e-03, -1.2153e-02, -1.8481e-02, +5.3353e-03, +7.3683e-02, -5.2468e-02, +2.3867e-03, +7.1900e-02, -1.6961e-03, +2.0826e-02, +5.2371e-02, +1.5173e-03, +8.0341e-03, -1.8623e-03, -1.1947e-02, +3.1631e-03, +9.4828e-02, +7.0477e-03, -6.5387e-03
+2.0969e-02, +5.7230e-02, +6.1051e-02, +5.8316e-02, +6.2622e-03, +6.6037e-02, +9.1537e-03, +3.9955e-02, +1.9545e-02, -1.0000e+00, -1.1324e-01, +5.1475e-02, +4.0488e-02, -1.3447e-01, +9.3532e-02, -3.4436e-02, +7.6475e-02, +3.2364e-01, -3.3499e-03, -2.2569e-03, +7.8606e-03, +4.3448e-03, +3.1279e-01, -1.5560e-01, +4.7663e-02, +4.3105e-02, -1.4943e-02, +7.3800e-02, +7.0168e-02, -2.4113e-03, -5.2534e-02, +8.3256e-02, -1.0485e-02, -1.1870e-01, +1.3055e-03, +1.6037e-01, -9.2167e-03, +5.8072e-02, +5.7409e-02, +3.9239e-02, +7.3380e-02, +1.3753e-02, -1.3997e-01, -3.8346e-02, +1.5715e-02, +8.5756e-03, +1.0187e-01, -1.7341e-02, -2.0116e-02, -5.2283e-02
+2.5994e-02, +1.4517e-02, +1.7505e-02, -5.9417e-02, -2.3252e-02, -2.1221e-01, -7.1131e-02, -1.2507e-02, +4.5727e-02, -1.1324e-01, -1.0000e+00, -1.3947e-02, -6.1379e-02, -1.3363e-01, -9.5889e-02, +2.7905e-02, +1.5425e-01, -1.2212e-01, -7.9224e-02, +6.0380e-02, -7.3239e-03, +9.6746e-02, +1.4294e-01, +1.0786e-01, -5.5166e-02, +8.8093e-03, -1.8063e-01, -1.0302e-01, -1.7578e-01, -1.0260e-02, -2.3019e-01, +3.8949e-02, +2.5578e-02, +8.5365e-02, -1.0264e-01, -2.5695e-03, -1.3088e-01, -5.5397e-02, -3.9287e-02, -6.5758e-02, -8.3614e-02, +1.3624e-01, +8.1670e-02, +1.5384e-02, -5.6358e-02, +1.2673e-01, -7.8792e-02, +1.6639e-01, +5.8571e-02, -4.9626e-02
-5.9066e-02, +4.7316e-02, -5.9185e-02, -2.1906e-01, -1.0707e-01, +4.8125e-02, +3.3191e-02, -3.5207e-03, +5.1348e-02, +5.1475e-02, -1.3947e-02, -1.0000e+00, -4.4322e-02, -6.3332e-02, +6.8526e-02, -3.6931e-03, +1.2775e-01, -3.8600e-02, -4.6860e-02, +3.6547e-02, -5.3717e-02, -3.2188e-02, +6.3207e-02, -8.9538e-02, -1.2261e-01, -6.9520e-02, +2.6736e-02, -7.5033e-02, +3.1923e-02, -5.6157e-02, +1.8751e-02, -2.6695e-02, +1.7659e-02, +1.5239e-02, -2.1062e-02, -1.2754e-01, -5.0753e-02, -6.6817e-03, -8.0996e-02, +4.7579e-02, +2.3685e-02, +3.8720e-02, +8.8501e-02, +1.2568e-02, -5.0019e-02, +4.5543e-02, -4.8263e-02, -6.4756e-02, -3.5727e-02, +6.9118e-02
+6.5298e-02, -2.7325e-02, +4.4280e-02, -7.5527e-02, -4.1361e-02, -1.3600e-02, +2.2472e-02, +2.5310e-02, +1.3767e-02, +4.0488e-02, -6.1379e-02, -4.4322e-02, -1.0000e+00, -4.8911e-02, -2.4246e-02, -1.4655e-03, +8.5571e-02, -6.4279e-02, +1.4589e-02, -2.9040e-02, -8.3663e-04, -7.4920e-03, +1.3449e-02, -4.6606e-02, -3.8246e-02, -1.0406e-02, -6.3484e-02, -1.2577e-01, -4.5769e-02, +4.3776e-02, -1.6798e-02, +5.5154e-02, +2.0129e-03, -3.1362e-02, +2.0788e-03, -7.6283e-02, -1.6241e-02, -9.3679e-02, +4.8838e-02, -4.0750e-05, -4.6578e-02, -1.2399e-03, +6.0687e-02, +1.7936e-02, -8.0190e-03, +3.1047e-02, -8.5468e-02, +4.7452e-03, +6.4347e-02, -2.5113e-02
-9.6295e-02, +1.1601e-02, -9.1344e-02, -2.7642e-01, -1.9468e-01, -2.3419e-01, -1.5803e-01, -3.5443e-02, -1.4292e-02, -1.3447e-01, -1.3363e-01, -6.3332e-02, -4.8911e-02, -1.0000e+00, -3.4969e-02, +4.2330e-02, -2.7691e-03, +1.8344e-01, -9.6612e-02, -1.9020e-02, -2.1338e-02, -6.3699e-02, +4.7802e-01, -2.7089e-01, -8.9440e-05, -3.7144e-01, -2.4135e-01, -1.4335e-01, -1.2387e-01, -2.2513e-01, -2.0196e-01, +4.0733e-01, -4.2871e-02, +4.2011e-03, -6.6949e-02, -8.1335e-02, -1.4190e-01, -8.5552e-02, -6.8854e-02, -1.8003e-01, -1.3704e-01, +1.3324e-01, +9.0674e-01, -7.1829e-02, -3.2145e-01, +1.3436e-02, -1.9297e-01, -1.1320e-02, +4.4180e-02, +4.3739e-01
-1.7706e-02, -5.4252e-02, -5.1012e-02, +2.0183e-02, -1.1445e-01, -1.6013e-01, -3.6836e-03, -4.2042e-02, -2.2915e-02, +9.3532e-02, -9.5889e-02, +6.8526e-02, -2.4246e-02, -3.4969e-02, -1.0000e+00, -1.2766e-02, -1.2296e-01, -3.8894e-02, -7.4080e-02, +3.8403e-02, +2.5796e-02, +3.7100e-02, +3.6263e-02, -1.0863e-02, -5.2198e-02, +6.3495e-02, -1.2782e-01, -7.2523e-02, -9.8256e-02, +4.5845e-02, -9.6317e-02, -3.1889e-02, +8.8111e-02, +3.9763e-02, -6.4022e-03, +1.6282e-01, +8.0360e-02, +5.2871e-02, -4.5977e-02, -4.7676e-02, -1.1991e-02, -9.3826e-03, +4.6672e-03, +8.3070e-03, -3.0632e-02, -2.4971e-02, -2.3176e-02, +2.5972e-01, +5.6898e-02, -3.2411e-02
+3.8825e-02, -2.3972e-02, +1.5239e-02, -1.2830e-02, +3.7135e-02, +7.8791e-02, +6.0312e-02, +1.6185e-02, -5.7790e-02, -3.4436e-02, +2.7905e-02, -3.6930e-03, -1.4655e-03, +4.2330e-02, -1.2766e-02, -1.0000e+00, -8.2683e-02, -4.3480e-03, -1.6653e-02, -1.5972e-02, +2.4014e-02, -1.3423e-02, -6.7905e-02, +2.4428e-02, +5.2406e-02, -3.1997e-02, +1.0420e-01, -1.7816e-02, -1.8427e-02, -6.8001e-03, +1.1731e-01, +7.9804e-02, -1.3544e-02, +2.9148e-02, +1.9360e-02, +7.7960e-02, -2.4338e-02, +4.5506e-02, +2.1874e-02, -5.6334e-02, +5.6181e-02, +4.7371e-02, -6.7849e-02, +4.7614e-03, -8.9964e-03, +1.3115e-02, +2.5935e-04, +4.8859e-02, +4.4071e-02, +6.1050e-03
+8.0269e-02, -1.5525e-02, +1.0460e-01, +1.3996e-01, +1.6874e-02, +1.0357e-02, +6.1754e-02, +1.1135e-01, -2.9166e-02, +7.6475e-02, +1.5425e-01, +1.2775e-01, +8.5571e-02, -2.7691e-03, -1.2296e-01, -8.2683e-02, -1.0000e+00, +6.2679e-01, +1.3468e-01, +9.9065e-03, +3.0191e-02, -1.9363e-03, -1.1129e-01, +1.6239e-01, +6.3105e-02, +1.8137e-01, +1.0989e-01, +2.2162e-01, +1.7579e-01, -3.3000e-02, +2.2479e-01, +2.2838e-01, -8.0197e-04, -2.2535e-01, -4.2268e-02, +5.3969e-01, -1.0372e-02, +5.9014e-02, +5.3476e-02, -1.0479e-01, +6.9775e-02, -6.1317e-02, -4.6472e-02, -4.5259e-02, +4.5077e-02, +4.3440e-02, +3.9490e-02, -2.7980e-02, -4.7303e-02, +3.7955e-01
-1.3514e-01, -8.0887e-03, -7.2323e-02, -6.9895e-02, -2.1957e-02, +1.7565e-02, -1.8333e-02, -9.4665e-02, -3.8245e-02, +3.2364e-01, -1.2212e-01, -3.8600e-02, -6.4279e-02, +1.8344e-01, -3.8894e-02, -4.3480e-03, +6.2679e-01, -1.0000e+00, -7.9316e-02, -2.0335e-02, +5.0393e-03, +4.5416e-02, +6.8309e-03, +1.2894e-01, -1.1009e-01, -4.3774e-02, -1.5333e-02, -1.6966e-01, -1.8704e-01, +3.9151e-02, -1.8220e-01, -3.8559e-02, -4.4945e-01, +1.9160e-01, +2.6707e-02, -7.3810e-02, +1.4516e-02, -4.2539e-02, -8.1509e-02, +8.6792e-02, -6.5164e-02, +2.0292e-04, +2.0211e-04, +6.3593e-02, -6.8137e-02, +1.3099e-02, -9.4561e-03, +4.1350e-01, +3.0076e-01, -4.3713e-01
-2.2185e-02, +3.4023e-02, +2.5263e-03, -1.2622e-01, -1.4559e-01, -8.2760e-02, -3.3413e-02, +1.4447e-02, -2.9831e-02, -3.3499e-03, -7.9224e-02, -4.6860e-02, +1.4589e-02, -9.6612e-02, -7.4080e-02, -1.6653e-02, +1.3468e-01, -7.9316e-02, -1.0000e+00, -2.7846e-02, -3.9674e-02, -7.0235e-03, +1.1620e-01, -8.4706e-02, -1.0898e-01, -6.9468e-02, -6.1074e-02, -3.1697e-02, +2.0645e-04, +4.4879e-02, -1.0295e-01, +1.9253e-03, +3.1786e-02, +6.9953e-02, -6.4125e-02, -9.2501e-02, -6.2650e-02, +6.8924e-02, -1.5685e-01, -4.4964e-02, -5.8097e-03, +5.3767e-02, +1.0182e-01, -5.6171e-02, -7.5258e-02, -3.1123e-02, -2.2986e-02, +1.3841e-02, +3.1032e-02, +2.1960e-02
-3.6735e-03, -1.8312e-02, +1.7463e-02, -1.9731e-02, -2.6523e-02, -2.4719e-03, +5.3603e-02, +8.8802e-03, -5.3827e-02, -2.2569e-03, +6.0380e-02, +3.6547e-02, -2.9040e-02, -1.9020e-02, +3.8403e-02, -1.5972e-02, +9.9065e-03, -2.0335e-02, -2.7846e-02, -1.0000e+00, +2.8469e-02, +3.8004e-04, -3.7415e-03, -6.2262e-02, +6.7704e-02, -1.1129e-02, +1.4135e-02, -4.0391e-02, +5.7393e-03, +3.7039e-02, +3.1417e-02, +3.8505e-02, -1.7275e-02, -3.4039e-02, +7.3430e-02, +2.9957e-02, +9.1536e-03, +4.8199e-02, +2.6235e-03, -3.6049e-02, +3.0536e-02, +1.6549e-02, +2.2770e-02, +3.1246e-02, +2.3752e-02, -2.4715e-02, -8.5956e-03, +3.0682e-02, -2.8587e-02, -7.5339e-02
+1.1211e-01, -2.6292e-02, -3.0620e-02, -1.5352e-02, +6.0979e-03, +4.2879e-03, +2.4080e-02, -8.6772e-03, +4.8482e-02, +7.8606e-03, -7.3239e-03, -5.3717e-02, -8.3663e-04, -2.1338e-02, +2.5796e-02, +2.4014e-02, +3.0191e-02, +5.0393e-03, -3.9673e-02, +2.8469e-02, -1.0000e+00, -1.3479e-02, +3.0569e-02, -3.1754e-02, -1.8141e-02, -3.8690e-02, -8.5311e-03, -1.2996e-02, -4.5174e-02, -8.8369e-02, -8.9380e-03, -1.1138e-02, -8.7920e-03, +1.3896e-02, -1.0338e-02, -1.6037e-02, +4.8772e-02, +2.2714e-03, -1.9003e-02, +2.7551e-02, -5.6412e-03, +1.6538e-02, +3.2179e-02, +8.3271e-03, -3.1544e-02, +5.4405e-03, +4.0621e-03, -1.0874e-02, -3.4123e-02, +2.3922e-02
+5.2424e-03, -1.8999e-02, +2.5928e-03, -4.2846e-02, -9.3010e-02, +7.8349e-02, +4.3513e-02, +4.9361e-02, +3.3042e-02, +4.3448e-03, +9.6745e-02, -3.2188e-02, -7.4920e-03, -6.3699e-02, +3.7100e-02, -1.3423e-02, -1.9363e-03, +4.5416e-02, -7.0235e-03, +3.8004e-04, -1.3479e-02, -1.0000e+00, -1.4374e-02, -6.8459e-02, +8.8485e-03, -7.3103e-03, +3.5230e-02, -5.8829e-02, -3.5481e-02, -5.9712e-03, +6.8335e-02, -3.4253e-03, -3.0851e-03, -1.1701e-02, -3.9876e-02, +6.6640e-02, +1.2017e-01, -3.2269e-02, -3.6973e-03, -3.1569e-02, +7.8156e-02, -1.1092e-01, +9.2884e-02, -1.5488e-02, -7.3055e-03, -1.6041e-02, -3.0086e-02, +3.6224e-02, -1.6523e-01, +1.0746e-01
+3.0082e-02, -3.8738e-02, -6.8210e-03, +1.4462e-01, +8.0181e-02, +1.1007e-01, +3.4101e-02, +2.2309e-02, +7.4268e-03, +3.1279e-01, +1.4294e-01, +6.3207e-02, +1.3449e-02, +4.7802e-01, +3.6262e-02, -6.7905e-02, -1.1129e-01, +6.8309e-03, +1.1620e-01, -3.7415e-03, +3.0569e-02, -1.4374e-02, -1.0000e+00, +9.8548e-02, +2.0041e-02, +9.1990e-02, +9.6273e-02, +7.6704e-02, +9.0476e-02, +8.8570e-02, +8.3802e-02, -2.4872e-01, +6.3326e-02, -6.5630e-02, +1.3418e-02, +2.7140e-02, +4.4788e-02, +3.8204e-02, +9.8693e-02, +9.6805e-02, -3.7001e-02, +5.7421e-02, -3.6789e-01, -5.0801e-02, +2.4995e-01, -4.8897e-02, +1.1777e-01, -1.1511e-01, -2.4074e-01, -5.2183e-02
-8.4749e-02, -2.1896e-02, -1.1159e-01, -5.4136e-02, -6.6245e-02, -5.7689e-02, -1.3899e-01, -3.0080e-02, -6.0927e-02, -1.5560e-01, +1.0786e-01, -8.9538e-02, -4.6606e-02, -2.7089e-01, -1.0863e-02, +2.4428e-02, +1.6239e-01, +1.2894e-01, -8.4706e-02, -6.2262e-02, -3.1754e-02, -6.8459e-02, +9.8548e-02, -1.0000e+00, -1.5008e-01, -2.0351e-01, -1.6734e-01, -1.4769e-01, +1.0142e-01, -7.5327e-02, -1.2621e-01, -4.8331e-03, +1.4818e-01, -6.0476e-02, -2.3174e-02, -3.9933e-02, -3.3411e-02, +6.1708e-02, -1.3927e-01, -8.7244e-03, -2.1088e-02, -1.2825e-02, +2.3977e-01, -1.7555e-02, -1.1553e-01, -1.9668e-01, -7.3580e-02, +2.1180e-02, -2.5274e-01, +1.6366e-01
-3.8167e-03, +1.4434e-02, -2.8536e-02, -4.9868e-02, +9.5051e-03, -9.5984e-02, +1.6086e-02, +7.1914e-02, -9.3535e-02, +4.7663e-02, -5.5166e-02, -1.2261e-01, -3.8246e-02, -8.9441e-05, -5.2198e-02, +5.2406e-02, +6.3105e-02, -1.1009e-01, -1.0898e-01, +6.7704e-02, -1.8141e-02, +8.8485e-03, +2.0041e-02, -1.5008e-01, -1.0000e+00, +4.4530e-02, -1.3795e-01, -4.0627e-02, +6.5033e-02, +2.0740e-02, -1.0701e-01, +4.9972e-02, -2.6272e-02, +3.1247e-02, -6.5138e-02, +1.9197e-02, -5.3706e-02, -5.7722e-02, -9.6548e-02, +1.6124e-02, -7.8397e-02, -5.0345e-02, +2.4648e-02, -2.1475e-02, -1.9873e-02, +2.1330e-02, -5.4974e-02, +1.0485e-01, +3.7842e-02, -6.0612e-03
-1.5093e-01, +1.7898e-02, -6.3410e-02, -1.9698e-01, -1.8361e-02, -6.7234e-02, -2.1461e-02, -6.7875e-02, -3.4697e-02, +4.3105e-02, +8.8093e-03, -6.9520e-02, -1.0406e-02, -3.7144e-01, +6.3495e-02, -3.1997e-02, +1.8137e-01, -4.3774e-02, -6.9468e-02, -1.1129e-02, -3.8690e-02, -7.3102e-03, +9.1990e-02, -2.0351e-01, +4.4530e-02, -1.0000e+00, -6.8687e-02, -1.2723e-01, -1.2397e-01, -1.5934e-01, -1.4451e-01, +8.3179e-02, +4.5181e-02, +1.5510e-01, +4.7637e-02, -1.2067e-01, -5.9662e-02, -1.0598e-01, -5.7849e-02, -4.4328e-02, -5.3098e-02, +8.0299e-02, +3.8079e-01, +5.5018e-02, -1.8572e-01, -1.4654e-02, -1.5470e-01, +6.1577e-02, -4.0179e-02, +1.0764e-01
+7.3510e-03, -3.6769e-02, -8.2605e-02, -7.3602e-02, -6.0555e-02, -2.0980e-01, -7.1234e-02, +7.9355e-03, +6.7289e-03, -1.4943e-02, -1.8063e-01, +2.6736e-02, -6.3484e-02, -2.4135e-01, -1.2782e-01, +1.0420e-01, +1.0989e-01, -1.5333e-02, -6.1074e-02, +1.4135e-02, -8.5311e-03, +3.5230e-02, +9.6273e-02, -1.6734e-01, -1.3795e-01, -6.8687e-02, -1.0000e+00, -1.1584e-01, -8.0243e-02, -1.0181e-02, -1.8135e-01, +5.5972e-02, +4.1868e-02, +1.5062e-02, -8.1570e-02, -1.2210e-01, -6.3120e-02, -4.4617e-02, -1.0848e-02, -2.8818e-02, -7.7566e-02, +3.0440e-02, +2.2864e-01, -1.8239e-02, -6.7724e-02, +8.4218e-03, -2.7356e-02, -2.9501e-02, +3.2647e-02, +8.4914e-02
-1.3597e-01, -3.5855e-03, +8.4149e-04, -1.5695e-01, -1.2878e-01, -3.3060e-02, -4.7452e-02, -2.3879e-02, -4.6071e-02, +7.3800e-02, -1.0302e-01, -7.5033e-02, -1.2577e-01, -1.4335e-01, -7.2523e-02, -1.7816e-02, +2.2162e-01, -1.6966e-01, -3.1697e-02, -4.0391e-02, -1.2996e-02, -5.8829e-02, +7.6704e-02, -1.4769e-01, -4.0627e-02, -1.2723e-01, -1.1584e-01, -1.0000e+00, -8.8527e-02, -6.2724e-02, -7.0243e-02, -2.6127e-02, +2.0537e-02, +6.0485e-02, -5.1982e-02, -7.0625e-02, +5.2490e-02, -1.2809e-01, -9.2743e-02, +3.8410e-02, -1.2829e-01, -1.7704e-02, +1.7786e-01, +1.1402e-02, -1.1006e-01, -1.9685e-04, -1.4569e-01, +1.3839e-01, +1.8001e-02, -5.5555e-02
-5.5296e-02, +7.5452e-03, -2.8442e-02, -1.3131e-02, -1.1911e-01, -1.3764e-01, -1.8882e-03, -9.2506e-03, +4.3517e-02, +7.0168e-02, -1.7578e-01, +3.1923e-02, -4.5769e-02, -1.2387e-01, -9.8256e-02, -1.8427e-02, +1.7579e-01, -1.8704e-01, +2.0645e-04, +5.7393e-03, -4.5174e-02, -3.5481e-02, +9.0476e-02, +1.0142e-01, +6.5033e-02, -1.2397e-01, -8.0243e-02, -8.8527e-02, -1.0000e+00, -5.2567e-02, -7.2369e-02, -5.7663e-03, -5.6134e-03, +1.2590e-01, -2.9137e-02, -5.4951e-02, -4.4237e-02, -8.9091e-02, -4.5692e-02, -3.4869e-02, +2.3500e-02, -7.1761e-03, +1.5172e-01, +2.7269e-02, -1.0985e-01, +4.6540e-02, -9.8266e-02, +1.5085e-01, +7.4992e-02, -2.5508e-02
-2.9923e-02, +1.4046e-03, +6.2318e-02, -8.8744e-02, -1.4335e-01, -1.4044e-02, -4.2542e-02, +2.5060e-02, +5.0033e-02, -2.4113e-03, -1.0260e-02, -5.6157e-02, +4.3776e-02, -2.2513e-01, +4.5845e-02, -6.8001e-03, -3.3000e-02, +3.9151e-02, +4.4879e-02, +3.7039e-02, -8.8369e-02, -5.9712e-03, +8.8570e-02, -7.5327e-02, +2.0740e-02, -1.5934e-01, -1.0181e-02, -6.2724e-02, -5.2567e-02, -1.0000e+00, -2.4344e-02, +5.1151e-02, +1.6187e-02, +4.7709e-02, -1.2473e-02, +1.8889e-02, -1.6661e-02, -6.3647e-02, +1.6809e-03, -1.1851e-02, -8.3687e-02, +2.3184e-03, +2.0372e-01, -1.2844e-02, -7.4459e-02, +2.8884e-02, -6.4853e-02, +6.5262e-02, +2.4510e-02, +1.1639e-01
-1.7609e-01, +4.5801e-02, +4.6876e-02, -1.1875e-01, +3.9214e-02, -2.8777e-01, -7.1368e-02, -1.7272e-02, +3.4440e-02, -5.2534e-02, -2.3019e-01, +1.8751e-02, -1.6798e-02, -2.0196e-01, -9.6317e-02, +1.1731e-01, +2.2479e-01, -1.8220e-01, -1.0295e-01, +3.1417e-02, -8.9380e-03, +6.8335e-02, +8.3802e-02, -1.2621e-01, -1.0701e-01, -1.4451e-01, -1.8135e-01, -7.0243e-02, -7.2369e-02, -2.4344e-02, -1.0000e+00, +3.5141e-03, +1.0450e-02, +4.8713e-02, +1.8510e-02, +6.1001e-02, -1.2142e-01, -7.9456e-02, -6.4323e-02, -4.1462e-02, -2.2937e-01, +8.5774e-02, +1.9345e-01, -3.7642e-02, +2.0478e-02, -4.5612e-02, -1.5465e-02, +2.8162e-01, -7.6937e-02, -3.2552e-02
+5.8382e-02, -1.3506e-02, -7.2278e-02, +6.7840e-02, +3.6904e-02, +7.7593e-02, -1.2985e-03, +5.7507e-03, +3.3987e-03, +8.3256e-02, +3.8949e-02, -2.6695e-02, +5.5154e-02, +4.0733e-01, -3.1888e-02, +7.9804e-02, +2.2838e-01, -3.8559e-02, +1.9253e-03, +3.8505e-02, -1.1138e-02, -3.4253e-03, -2.4872e-01, -4.8331e-03, +4.9972e-02, +8.3179e-02, +5.5971e-02, -2.6127e-02, -5.7663e-03, +5.1151e-02, +3.5141e-03, -1.0000e+00, +2.1776e-01, +8.2661e-02, +9.5935e-02, -4.8511e-02, +6.9014e-02, -6.1702e-02, +3.5315e-02, +1.9416e-01, +6.7336e-02, +1.9114e-01, -3.6179e-01, +1.8556e-02, +2.1042e-01, -1.4099e-02, -1.9635e-02, +1.0535e-02, -3.8346e-01, -2.8632e-01
+7.0127e-03, -5.7169e-03, +1.7664e-02, +3.5642e-02, +5.7123e-02, +5.0073e-02, +2.4903e-02, -1.5085e-05, -1.2153e-02, -1.0485e-02, +2.5578e-02, +1.7659e-02, +2.0129e-03, -4.2871e-02, +8.8111e-02, -1.3544e-02, -8.0197e-04, -4.4945e-01, +3.1786e-02, -1.7275e-02, -8.7920e-03, -3.0851e-03, +6.3326e-02, +1.4818e-01, -2.6272e-02, +4.5181e-02, +4.1868e-02, +2.0537e-02, -5.6134e-03, +1.6187e-02, +1.0450e-02, +2.1776e-01, -1.0000e+00, -1.2456e-01, +2.9707e-03, +3.9825e-01, +7.9231e-02, +3.8867e-02, +1.2348e-04, +2.1167e-01, +1.7563e-02, -1.1642e-02, +2.6914e-01, +1.0055e-02, +6.5934e-02, +9.3637e-02, +6.4795e-02, +5.7683e-02, -1.0099e-02, -2.7497e-02
+3.1239e-02, +1.8273e-02, +3.9302e-02, +8.0945e-02, +4.8900e-02, +8.6492e-03, +7.9364e-03, +3.5845e-02, -1.8481e-02, -1.1870e-01, +8.5365e-02, +1.5239e-02, -3.1362e-02, +4.2011e-03, +3.9763e-02, +2.9148e-02, -2.2535e-01, +1.9160e-01, +6.9953e-02, -3.4039e-02, +1.3896e-02, -1.1701e-02, -6.5630e-02, -6.0476e-02, +3.1247e-02, +1.5510e-01, +1.5062e-02, +6.0485e-02, +1.2590e-01, +4.7709e-02, +4.8713e-02, +8.2661e-02, -1.2456e-01, -1.0000e+00, -3.5918e-03, +1.9812e-01, -6.9825e-03, +1.5706e-02, +1.9091e-02, +8.6904e-02, -2.8024e-02, -3.5541e-02, -9.0455e-03, -1.8847e-02, +1.5981e-01, -1.7140e-03, +9.9424e-02, -8.3798e-02, -1.3246e-01, +9.4587e-02
+2.3153e-02, -2.2385e-02, +7.3687e-03, -9.7376e-03, -1.0351e-01, -8.3065e-02, -5.2423e-03, +4.2457e-02, +5.3353e-03, +1.3055e-03, -1.0264e-01, -2.1062e-02, +2.0788e-03, -6.6949e-02, -6.4022e-03, +1.9360e-02, -4.2268e-02, +2.6707e-02, -6.4125e-02, +7.3430e-02, -1.0338e-02, -3.9876e-02, +1.3418e-02, -2.3174e-02, -6.5138e-02, +4.7637e-02, -8.1570e-02, -5.1982e-02, -2.9137e-02, -1.2473e-02, +1.8510e-02, +9.5935e-02, +2.9707e-03, -3.5918e-03, -1.0000e+00, -3.7558e-03, -3.5722e-02, +1.1685e-02, -5.6649e-02, -6.7056e-02, -2.3340e-02, +2.3799e-02, +6.4147e-02, +5.4849e-03, +2.7915e-03, +2.1910e-03, -1.1768e-01, -4.9199e-03, +3.4661e-02, +3.5548e-02
+8.3357e-02, -2.8701e-02, -5.5639e-02, -9.2385e-02, +6.5449e-02, -3.9767e-02, -8.3664e-02, -1.0179e-01, +7.3683e-02, +1.6037e-01, -2.5695e-03, -1.2754e-01, -7.6283e-02, -8.1335e-02, +1.6282e-01, +7.7960e-02, +5.3969e-01, -7.3810e-02, -9.2501e-02, +2.9957e-02, -1.6037e-02, +6.6640e-02, +2.7140e-02, -3.9933e-02, +1.9197e-02, -1.2067e-01, -1.2210e-01, -7.0625e-02, -5.4951e-02, +1.8889e-02, +6.1001e-02, -4.8511e-02, +3.9825e-01, +1.9812e-01, -3.7558e-03, -1.0000e+00, +4.4098e-02, +9.1587e-04, -1.3595e-02, -7.4656e-02, -7.2967e-02, -1.2247e-01, +8.5208e-02, -2.0740e-02, -1.3072e-02, -8.2156e-02, -4.9869e-02, -6.2973e-01, +3.3855e-01, -9.3194e-02
+5.0700e-02, -1.0012e-01, +1.5791e-02, +1.2185e-02, +1.2177e-01, -8.8906e-02, -7.2114e-02, +1.6338e-02, -5.2468e-02, -9.2167e-03, -1.3088e-01, -5.0753e-02, -1.6241e-02, -1.4190e-01, +8.0360e-02, -2.4338e-02, -1.0372e-02, +1.4516e-02, -6.2650e-02, +9.1536e-03, +4.8772e-02, +1.2017e-01, +4.4788e-02, -3.3411e-02, -5.3706e-02, -5.9662e-02, -6.3120e-02, +5.2490e-02, -4.4237e-02, -1.6661e-02, -1.2142e-01, +6.9014e-02, +7.9231e-02, -6.9825e-03, -3.5722e-02, +4.4098e-02, -1.0000e+00, +1.1470e-01, +4.7109e-02, -9.1507e-02, -1.5106e-01, +8.9153e-02, +1.1184e-01, -1.4784e-02, -1.3581e-01, +3.5369e-02, +3.2687e-03, +1.3089e-01, +1.1388e-02, +1.4548e-01
-5.9304e-03, +3.8583e-02, +8.3936e-03, -5.0528e-02, +2.8910e-02, -8.8803e-03, -4.0753e-02, -2.3710e-02, +2.3867e-03, +5.8072e-02, -5.5397e-02, -6.6817e-03, -9.3679e-02, -8.5552e-02, +5.2871e-02, +4.5506e-02, +5.9014e-02, -4.2539e-02, +6.8924e-02, +4.8199e-02, +2.2714e-03, -3.2269e-02, +3.8204e-02, +6.1708e-02, -5.7722e-02, -1.0598e-01, -4.4617e-02, -1.2809e-01, -8.9091e-02, -6.3647e-02, -7.9456e-02, -6.1702e-02, +3.8867e-02, +1.5706e-02, +1.1685e-02, +9.1586e-04, +1.1470e-01, -1.0000e+00, -3.7807e-02, +5.3169e-02, -2.9741e-02, +5.8354e-02, +9.1009e-02, +1.0022e-03, -1.1571e-02, -1.8048e-03, -1.3721e-01, +8.9991e-02, -5.0627e-02, -1.2699e-02
-3.5420e-02, +4.7363e-02, +3.1435e-02, -4.2473e-02, -1.3223e-02, -1.1562e-01, -6.9464e-03, +3.4140e-02, +7.1900e-02, +5.7409e-02, -3.9287e-02, -8.0995e-02, +4.8838e-02, -6.8854e-02, -4.5977e-02, +2.1874e-02, +5.3476e-02, -8.1509e-02, -1.5685e-01, +2.6235e-03, -1.9003e-02, -3.6973e-03, +9.8693e-02, -1.3927e-01, -9.6548e-02, -5.7849e-02, -1.0848e-02, -9.2743e-02, -4.5692e-02, +1.6810e-03, -6.4323e-02, +3.5315e-02, +1.2348e-04, +1.9091e-02, -5.6649e-02, -1.3595e-02, +4.7109e-02, -3.7807e-02, -1.0000e+00, -4.8454e-02, -1.9231e-02, +2.4078e-03, +8.4347e-02, +8.9290e-03, -3.2929e-02, -5.5023e-02, -1.5476e-02, +7.3122e-02, +2.9392e-02, +1.2273e-02
+4.1662e-02, +2.0081e-02, -1.3543e-02, -3.7656e-03, -5.5778e-02, -9.3604e-02, -5.3353e-02, +4.8016e-02, -1.6961e-03, +3.9239e-02, -6.5758e-02, +4.7579e-02, -4.0749e-05, -1.8003e-01, -4.7676e-02, -5.6334e-02, -1.0479e-01, +8.6792e-02, -4.4964e-02, -3.6049e-02, +2.7551e-02, -3.1569e-02, +9.6805e-02, -8.7244e-03, +1.6124e-02, -4.4328e-02, -2.8818e-02, +3.8410e-02, -3.4869e-02, -1.1851e-02, -4.1462e-02, +1.9416e-01, +2.1167e-01, +8.6904e-02, -6.7056e-02, -7.4656e-02, -9.1507e-02, +5.3169e-02, -4.8454e-02, -1.0000e+00, -6.2188e-02, +3.3702e-02, +1.0281e-01, -5.5851e-02, -9.7703e-02, -3.5002e-02, -2.2199e-02, +4.8593e-02, +1.6230e-01, +1.1632e-01
+2.1333e-02, -9.0173e-03, -1.3643e-02, -6.9519e-03, -3.6846e-02, -1.2740e-01, -5.5592e-02, +3.2620e-02, +2.0826e-02, +7.3380e-02, -8.3614e-02, +2.3685e-02, -4.6578e-02, -1.3704e-01, -1.1991e-02, +5.6181e-02, +6.9775e-02, -6.5164e-02, -5.8097e-03, +3.0536e-02, -5.6412e-03, +7.8156e-02, -3.7001e-02, -2.1088e-02, -7.8397e-02, -5.3098e-02, -7.7566e-02, -1.2829e-01, +2.3500e-02, -8.3687e-02, -2.2937e-01, +6.7336e-02, +1.7563e-02, -2.8024e-02, -2.3340e-02, -7.2967e-02, -1.5106e-01, -2.9741e-02, -1.9231e-02, -6.2188e-02, -1.0000e+00, +5.2864e-02, +1.4944e-01, +6.4461e-03, -4.0581e-02, -6.1964e-02, +1.3207e-02, +1.6973e-02, +4.2258e-02, +4.5360e-02
+4.2902e-02, +6.9837e-03, +9.2584e-02, +7.3546e-02, +1.8554e-02, +6.5494e-02, +2.2235e-02, +3.5579e-02, +5.2371e-02, +1.3753e-02, +1.3624e-01, +3.8720e-02, -1.2399e-03, +1.3324e-01, -9.3826e-03, +4.7371e-02, -6.1317e-02, +2.0291e-04, +5.3767e-02, +1.6549e-02, +1.6538e-02, -1.1092e-01, +5.7421e-02, -1.2825e-02, -5.0345e-02, +8.0299e-02, +3.0440e-02, -1.7704e-02, -7.1761e-03, +2.3184e-03, +8.5774e-02, +1.9114e-01, -1.1642e-02, -3.5541e-02, +2.3799e-02, -1.2247e-01, +8.9153e-02, +5.8354e-02, +2.4078e-03, +3.3702e-02, +5.2864e-02, -1.0000e+00, -7.4372e-02, +2.6373e-02, +8.4784e-03, -1.6737e-02, -1.1991e-02, -1.0414e-01, +3.2322e-01, +6.1121e-03
+8.2005e-02, +2.7599e-03, +1.0156e-01, +2.7246e-01, +1.6415e-01, +2.4913e-01, +1.5790e-01, +4.6497e-02, +1.5173e-03, -1.3997e-01, +8.1670e-02, +8.8501e-02, +6.0687e-02, +9.0674e-01, +4.6672e-03, -6.7849e-02, -4.6472e-02, +2.0212e-04, +1.0182e-01, +2.2770e-02, +3.2179e-02, +9.2884e-02, -3.6789e-01, +2.3977e-01, +2.4648e-02, +3.8079e-01, +2.2864e-01, +1.7786e-01, +1.5172e-01, +2.0372e-01, +1.9345e-01, -3.6179e-01, +2.6914e-01, -9.0455e-03, +6.4147e-02, +8.5208e-02, +1.1184e-01, +9.1009e-02, +8.4347e-02, +1.0281e-01, +1.4944e-01, -7.4372e-02, -1.0000e+00, +4.3380e-02, +2.8422e-01, -2.1865e-02, +2.0490e-01, +7.0045e-02, +5.6983e-02, -4.4519e-01
-2.2158e-02, -6.8363e-02, -1.1966e-02, +4.2471e-02, -2.6339e-02, -4.4017e-02, -7.5322e-03, -1.5014e-03, +8.0341e-03, -3.8346e-02, +1.5384e-02, +1.2568e-02, +1.7936e-02, -7.1829e-02, +8.3070e-03, +4.7614e-03, -4.5259e-02, +6.3593e-02, -5.6171e-02, +3.1246e-02, +8.3271e-03, -1.5488e-02, -5.0801e-02, -1.7555e-02, -2.1475e-02, +5.5018e-02, -1.8239e-02, +1.1402e-02, +2.7269e-02, -1.2844e-02, -3.7642e-02, +1.8556e-02, +1.0055e-02, -1.8847e-02, +5.4849e-03, -2.0740e-02, -1.4784e-02, +1.0021e-03, +8.9290e-03, -5.5851e-02, +6.4461e-03, +2.6373e-02, +4.3380e-02, -1.0000e+00, +1.0845e-02, +3.7040e-03, -4.9203e-03, -4.8733e-02, +3.5229e-02, +2.5462e-02
-8.3990e-02, +2.6143e-02, -3.3159e-02, -1.6108e-01, -8.6036e-02, -3.3092e-02, -5.2800e-02, -4.1566e-02, -1.8623e-03, +1.5715e-02, -5.6358e-02, -5.0019e-02, -8.0190e-03, -3.2145e-01, -3.0632e-02, -8.9964e-03, +4.5077e-02, -6.8137e-02, -7.5258e-02, +2.3752e-02, -3.1544e-02, -7.3055e-03, +2.4995e-01, -1.1553e-01, -1.9873e-02, -1.8572e-01, -6.7724e-02, -1.1006e-01, -1.0985e-01, -7.4459e-02, +2.0478e-02, +2.1042e-01, +6.5934e-02, +1.5981e-01, +2.7915e-03, -1.3072e-02, -1.3581e-01, -1.1571e-02, -3.2929e-02, -9.7703e-02, -4.0581e-02, +8.4784e-03, +2.8422e-01, +1.0845e-02, -1.0000e+00, -2.2163e-02, -2.7752e-02, +2.2392e-01, +2.0276e-01, +1.5193e-01
-1.5797e-02, -9.1959e-02, -2.4524e-02, +3.3922e-02, -9.4342e-03, -5.7704e-02, -5.6337e-03, -8.9855e-03, -1.1947e-02, +8.5756e-03, +1.2673e-01, +4.5543e-02, +3.1047e-02, +1.3436e-02, -2.4971e-02, +1.3115e-02, +4.3440e-02, +1.3099e-02, -3.1123e-02, -2.4715e-02, +5.4405e-03, -1.6041e-02, -4.8897e-02, -1.9668e-01, +2.1330e-02, -1.4654e-02, +8.4218e-03, -1.9684e-04, +4.6540e-02, +2.8884e-02, -4.5612e-02, -1.4099e-02, +9.3637e-02, -1.7140e-03, +2.1910e-03, -8.2156e-02, +3.5369e-02, -1.8048e-03, -5.5023e-02, -3.5002e-02, -6.1964e-02, -1.6737e-02, -2.1865e-02, +3.7040e-03, -2.2163e-02, -1.0000e+00, +3.9460e-02, -2.3545e-02, +5.5997e-04, -8.5175e-03
-8.4585e-02, -2.4589e-02, -2.5642e-02, -5.7574e-02, -5.2442e-02, -1.0379e-01, -6.6911e-02, -1.6409e-02, +3.1631e-03, +1.0187e-01, -7.8792e-02, -4.8263e-02, -8.5468e-02, -1.9297e-01, -2.3176e-02, +2.5934e-04, +3.9490e-02, -9.4562e-03, -2.2986e-02, -8.5956e-03, +4.0621e-03, -3.0086e-02, +1.1777e-01, -7.3580e-02, -5.4974e-02, -1.5470e-01, -2.7356e-02, -1.4569e-01, -9.8266e-02, -6.4853e-02, -1.5465e-02, -1.9635e-02, +6.4795e-02, +9.9424e-02, -1.1768e-01, -4.9869e-02, +3.2687e-03, -1.3721e-01, -1.5476e-02, -2.2199e-02, +1.3207e-02, -1.1991e-02, +2.0490e-01, -4.9203e-03, -2.7752e-02, +3.9460e-02, -1.0000e+00, +5.4460e-02, -1.3804e-02, +4.7142e-02
+2.5347e-01, -3.5913e-02, +2.9532e-02, +8.1801e-02, +1.8088e-01, +2.2131e-02, -1.6054e-02, -5.2747e-03, +9.4828e-02, -1.7341e-02, +1.6639e-01, -6.4756e-02, +4.7452e-03, -1.1320e-02, +2.5972e-01, +4.8859e-02, -2.7980e-02, +4.1350e-01, +1.3841e-02, +3.0682e-02, -1.0874e-02, +3.6224e-02, -1.1511e-01, +2.1180e-02, +1.0485e-01, +6.1577e-02, -2.9501e-02, +1.3839e-01, +1.5085e-01, +6.5262e-02, +2.8162e-01, +1.0535e-02, +5.7683e-02, -8.3798e-02, -4.9199e-03, -6.2973e-01, +1.3089e-01, +8.9991e-02, +7.3122e-02, +4.8593e-02, +1.6973e-02, -1.0414e-01, +7.0045e-02, -4.8733e-02, +2.2392e-01, -2.3545e-02, +5.4460e-02, -1.0000e+00, -2.4350e-02, +2.1446e-01
+4.0169e-02, +2.4174e-02, -3.2217e-02, +4.2830e-02, -9.1911e-04, -1.6017e-02, +2.8808e-02, +8.4854e-02, +7.0477e-03, -2.0116e-02, +5.8571e-02, -3.5727e-02, +6.4347e-02, +4.4180e-02, +5.6898e-02, +4.4071e-02, -4.7303e-02, +3.0076e-01, +3.1032e-02, -2.8587e-02, -3.4123e-02, -1.6523e-01, -2.4074e-01, -2.5274e-01, +3.7842e-02, -4.0179e-02, +3.2647e-02, +1.8001e-02, +7.4992e-02, +2.4510e-02, -7.6937e-02, -3.8346e-01, -1.0099e-02, -1.3246e-01, +3.4661e-02, +3.3855e-01, +1.1388e-02, -5.0627e-02, +2.9392e-02, +1.6230e-01, +4.2258e-02, +3.2322e-01, +5.6983e-02, +3.5229e-02, +2.0276e-01, +5.5998e-04, -1.3804e-02, -2.4350e-02, -1.0000e+00, +2.7593e-01
-5.8217e-02, +2.2375e-02, +5.5951e-03, +8.9179e-02, +6.7046e-02, +8.6272e-02, +2.6399e-02, -7.1293e-02, -6.5387e-03, -5.2283e-02, -4.9626e-02, +6.9118e-02, -2.5113e-02, +4.3739e-01, -3.2411e-02, +6.1050e-03, +3.7955e-01, -4.3713e-01, +2.1960e-02, -7.5339e-02, +2.3922e-02, +1.0746e-01, -5.2183e-02, +1.6366e-01, -6.0612e-03, +1.0764e-01, +8.4914e-02, -5.5555e-02, -2.5508e-02, +1.1639e-01, -3.2552e-02, -2.8632e-01, -2.7497e-02, +9.4587e-02, +3.5548e-02, -9.3194e-02, +1.4548e-01, -1.2699e-02, +1.2273e-02, +1.1632e-01, +4.5360e-02, +6.1121e-03, -4.4519e-01, +2.5462e-02, +1.5193e-01, -8.5175e-03, +4.7142e-02, +2.1446e-01, +2.7593e-01, -1.0000e+00
