-1.0000e+00, -8.7258e-03, -5.5924e-02, +2.7584e-02, +1.7141e-01, -9.1178e-03, -1.0129e-02, +8.8444e-04, -5.1951e-02, +1.1899e-02, +8.2317e-02, -8.3287e-03, +2.0036e-02, +5.8901e-02, +1.2624e-01, -1.8181e-02, +3.9021e-03, +7.1900e-02, +8.5104e-02, +3.1083e-02, +9.1410e-02, -3.4071e-02, -1.9592e-03, -7.0250e-02, -1.1432e-01, +4.2826e-03, -5.0815e-03, -2.4105e-02, +1.1361e-01, -1.2563e-01, +1.2280e-02, -4.1261e-04, +4.4391e-02, +4.3151e-03, -1.4392e-02, -2.2884e-02, -1.7971e-02, -8.0799e-02, +6.5868e-02, +6.9121e-02, -9.1474e-02, +9.4470e-02, -3.9157e-02, +4.0398e-02, +6.6711e-02, -3.7878e-02, -5.2472e-02, -2.3806e-02, +7.3520e-02, +2.3056e-02
-8.7258e-03, -1.0000e+00, +8.8383e-02, -2.5821e-02, -4.4208e-02, +3.2840e-03, +1.3928e-02, +5.2755e-02, +6.9077e-03, +7.2773e-02, +1.4191e-02, -1.8432e-03, -8.1532e-03, -4.4222e-03, -5.4649e-02, -2.2668e-02, +4.1623e-02, -9.6749e-02, -6.1769e-02, +3.7759e-03, +3.7252e-02, +1.6263e-02, +1.1518e-01, -5.9312e-02, -8.9835e-02, +1.0442e-01, -9.1846e-03, -4.9776e-02, -5.3692e-02, -8.0490e-02, -4.8764e-02, -3.3895e-02, -8.0460e-02, +5.5301e-02, +1.7921e-02, +1.4019e-01, +1.1221e-01, -4.0362e-02, -8.1263e-02, -1.0211e-01, -2.6066e-02, +4.1764e-02, -1.8325e-02, +1.3363e-02, -5.9617e-02, -2.9153e-03, -6.6396e-02, -9.3201e-02, +4.5487e-02, +7.0164e-02
-5.5924e-02, +8.8383e-02, -1.0000e+00, +1.8270e-01, +6.3635e-02, -1.7024e-01, +3.4190e-02, -9.5742e-02, -1.8350e-02, +8.1368e-02, -4.6038e-02, -1.8724e-02, -5.2635e-02, -1.2520e-01, +6.5483e-02, -2.8484e-03, +1.8574e-02, -3.5729e-02, +2.0543e-02, -8.5187e-02, -7.6950e-02, +5.0897e-02, -1.2027e-02, -1.3709e-01, -9.7631e-02, -4.4621e-03, -1.8305e-01, -8.1874e-02, +7.5970e-03, -2.2845e-02, +6.7624e-02, -7.8102e-02, +1.7126e-01, -1.3351e-01, +4.7823e-02, +6.3855e-02, -1.6841e-02, -1.2707e-02, -3.2741e-02, +4.7694e-02, +3.2979e-02, +1.2799e-02, +3.2584e-02, +6.4283e-02, -2.7609e-02, -5.8489e-02, -7.3657e-02, -1.3976e-01, +2.7480e-02, -1.7370e-01
+2.7584e-02, -2.5821e-02, +1.8270e-01, -1.0000e+00, -1.3402e-01, -4.2999e-02, -1.6265e-01, -8.3118e-02, +6.1652e-02, +7.9986e-02, -9.1266e-02, +8.3444e-04, -3.0377e-02, -5.6969e-02, -4.0955e-02, -1.8429e-02, +8.8014e-03, -3.6372e-02, -6.8663e-02, +8.6351e-02, -3.9224e-02, -1.2893e-02, +5.7765e-02, -1.3361e-01, -4.1715e-02, -1.8091e-02, -1.3246e-02, -1.2326e-01, +3.0140e-02, -5.3913e-02, -6.1544e-02, +8.1740e-02, -6.8954e-02, +6.5322e-02, +5.4101e-02, +1.5418e-01, +2.0876e-01, -3.8336e-02, -9.1393e-02, -2.4015e-02, +3.7173e-02, +1.5617e-01, +3.4685e-02, +3.7217e-02, -1.8912e-01, -2.4070e-02, -1.2169e-01, +3.2807e-02, -2.9614e-02, +4.8409e-02
+1.7141e-01, -4.4208e-02, +6.3635e-02, -1.3402e-01, -1.0000e+00, -2.5080e-02, -1.0664e-01, -6.0517e-02, +6.2231e-02, +6.4585e-02, -2.2300e-02, +1.4930e-02, +3.5935e-03, -4.2873e-02, -8.2891e-02, -2.0163e-02, +3.7005e-02, -8.5745e-02, -1.6738e-01, +1.6761e-02, -6.7494e-02, +3.3423e-02, +4.8114e-02, -2.6912e-02, -1.1666e-02, +1.3832e-02, +3.3921e-02, -1.1801e-01, -1.7788e-02, -6.5628e-02, +4.7477e-02, +4.6129e-02, -4.7984e-03, -9.8149e-03, +1.0034e-01, +5.5803e-02, +1.0221e-01, +1.2305e-01, -2.9931e-02, -5.7880e-02, +9.6426e-03, -4.7731e-03, -1.9988e-02, -7.9758e-03, -1.1186e-01, -7.4837e-03, -3.5983e-02, +1.0007e-01, -5.6678e-02, +4.6559e-02
-9.1178e-03, +3.2840e-03, -1.7024e-01, -4.2999e-02, -2.5080e-02, -1.0000e+00, -3.7549e-02, -4.6509e-02, +1.7550e-04, +1.1306e-01, -1.0924e-01, +3.0658e-02, -1.6621e-02, -7.4527e-02, -1.5624e-01, -3.3387e-02, +1.2847e-02, -5.0370e-02, -1.0681e-01, -2.8247e-03, +6.2539e-02, -5.3169e-02, +2.6255e-03, -2.7042e-02, -1.8816e-02, +1.3751e-01, -1.3845e-01, -7.2186e-02, -9.3168e-02, -5.6624e-02, -6.0108e-02, -4.7989e-03, +7.3687e-02, -8.1791e-02, +5.9680e-02, -4.9645e-02, +3.7074e-02, +1.5642e-02, -1.2887e-02, -6.3220e-02, +4.4880e-02, +5.7629e-02, +4.8776e-02, -8.2002e-02, -3.2242e-02, +4.8386e-03, -1.9107e-01, -8.0963e-02, +6.1675e-02, -3.5775e-02
-1.0129e-02, +1.3928e-02, +3.4190e-02, -1.6265e-01, -1.0664e-01, -3.7549e-02, -1.0000e+00, -5.6809e-02, +3.6180e-02, +2.8020e-02, -6.3820e-02, -2.1812e-02, +4.8295e-02, -7.1213e-02, -8.5053e-02, -8.8789e-03, +4.4164e-02, -1.4205e-02, -1.0753e-01, +3.9230e-02, -1.8949e-02, -3.4299e-02, +7.1870e-02, -5.2026e-02, -6.2078e-02, -3.3990e-02, -1.6821e-02, -5.6126e-02, +1.7878e-02, -9.9487e-02, -5.0149e-02, +5.6220e-03, -2.6074e-02, +7.3275e-02, +5.7211e-02, +9.0202e-02, +1.0041e-01, +5.2097e-02, +9.0083e-03, -4.9210e-02, -3.1158e-02, +4.8538e-02, +2.1128e-02, -1.4021e-01, -1.5240e-01, +1.1148e-02, -2.9441e-02, +3.2948e-02, +2.1674e-01, -3.9298e-02
+8.8444e-04, +5.2755e-02, -9.5742e-02, -8.3118e-02, -6.0517e-02, -4.6509e-02, -5.6809e-02, -1.0000e+00, +2.6529e-02, +2.5507e-02, -1.3120e-01, -3.8046e-03, -8.6168e-02, -9.2004e-02, -1.4706e-04, +1.4043e-02, +1.1000e-01, -8.6481e-02, -4.4748e-02, -2.2159e-02, -3.8453e-02, +4.1319e-02, +1.2284e-01, -1.3213e-01, -1.0965e-02, -2.3028e-03, -5.6457e-02, -5.6353e-02, -3.4154e-02, -3.8436e-02, -3.5665e-02, +7.5328e-02, -2.8880e-02, -5.3377e-02, +3.7213e-02, +1.0955e-01, +9.4729e-02, +9.8757e-03, -2.8633e-02, +4.2449e-02, -5.9548e-02, -1.1224e-01, +3.5275e-03, -1.8996e-02, -8.9210e-02, +4.3377e-02, -4.0214e-02, -7.0407e-02, +3.3868e-02, +5.6303e-03
-5.1951e-02, +6.9077e-03, -1.8350e-02, +6.1652e-02, +6.2231e-02, +1.7550e-04, +3.6180e-02, +2.6529e-02, -1.0000e+00, +2.7631e-02, +9.5867e-02, +2.4277e-02, -3.3839e-02, +3.5839e-02, +4.9928e-02, -2.6666e-02, -5.9652e-02, +1.5532e-02, +4.9330e-02, -3.6700e-02, +2.6821e-02, -3.4740e-02, -7.9889e-02, +3.1555e-02, -8.4011e-02, +2.2196e-03, +6.5611e-02, +3.0694e-02, +7.1330e-02, -3.2197e-02, +5.9396e-02, +4.6480e-02, -1.3297e-02, +3.0043e-02, -4.9946e-02, +3.4051e-02, +3.3337e-02, +2.1418e-02, +5.2819e-02, +1.7202e-02, +5.0369e-02, +1.5592e-02, -1.2805e-02, -4.1039e-03, +2.3259e-03, -5.1522e-03, +7.3975e-02, -4.0766e-02, -7.5611e-04, -8.5348e-02
+1.1899e-02, +7.2773e-02, +8.1368e-02, +7.9986e-02, +6.4585e-02, +1.1306e-01, +2.8020e-02, +2.5507e-02, +2.7631e-02, -1.0000e+00, -1.0716e-01, +1.9107e-01, +5.5983e-02, +1.9512e-02, +7.0191e-02, -1.0024e-02, +7.5677e-02, +6.2535e-02, -2.3853e-02, -7.1203e-02, +3.4902e-03, -7.8154e-02, +9.2740e-02, -9.8513e-02, +3.0880e-02, +6.3574e-02, -4.7222e-02, +5.6190e-02, +1.0251e-01, +9.1494e-03, -4.5494e-02, -9.2619e-02, +4.3197e-02, -1.5641e-02, +6.4065e-02, +8.6758e-02, -1.4111e-03, +6.0543e-03, +1.4810e-01, +2.5966e-02, +9.4728e-02, +3.8025e-02, -2.4476e-02, -8.1851e-02, +1.6818e-02, +3.7374e-02, +1.1487e-01, -5.2382e-04, -2.6263e-02, -1.7809e-03
+8.2317e-02, +1.4191e-02, -4.6038e-02, -9.1266e-02, -2.2300e-02, -1.0924e-01, -6.3820e-02, -1.3120e-01, +9.5867e-02, -1.0716e-01, -1.0000e+00, -6.3583e-02, -1.2159e-01, -8.9933e-02, -1.2930e-01, -3.0506e-02, +7.9442e-02, -1.3992e-01, -1.4210e-01, -3.1885e-02, -1.6038e-02, +1.9753e-02, +2.0536e-01, +1.5185e-01, -3.7129e-02, -6.3519e-02, -9.4024e-02, -1.6617e-01, -5.5513e-02, -4.1653e-05, -1.5719e-01, +2.5433e-02, +1.2804e-02, -6.5239e-02, -3.5224e-02, +9.3559e-02, +1.9315e-01, -7.1663e-03, -6.0137e-02, +5.6766e-02, +1.4719e-02, +2.3632e-02, +6.2539e-02, -2.7105e-02, -6.5345e-02, -5.0573e-03, -1.0588e-01, -1.9401e-02, +7.7102e-02, -2.9841e-02
-8.3287e-03, -1.8432e-03, -1.8724e-02, +8.3443e-04, +1.4930e-02, +3.0658e-02, -2.1812e-02, -3.8046e-03, +2.4277e-02, +1.9107e-01, -6.3583e-02, -1.0000e+00, -1.1116e-01, -9.0707e-02, +8.4322e-02, +4.7009e-02, +1.4928e-01, -1.4295e-01, +3.1987e-02, +6.7675e-02, +2.9113e-02, +5.7543e-02, +1.6990e-01, +1.0887e-01, -7.9276e-02, +4.4863e-02, -3.9544e-02, +6.1664e-02, -5.6779e-02, +6.1472e-02, -1.7950e-01, -1.6858e-03, -2.2376e-01, -3.1014e-01, +1.3819e-02, +1.5290e-01, -2.0251e-01, -1.6831e-02, -9.9039e-02, +4.0678e-02, -1.0227e-03, +1.2892e-01, +8.1804e-03, -6.2449e-02, -4.4153e-03, +2.3370e-02, +5.7708e-02, +1.9302e-01, +6.6428e-02, -4.0480e-02
+2.0036e-02, -8.1532e-03, -5.2635e-02, -3.0377e-02, +3.5935e-03, -1.6621e-02, +4.8295e-02, -8.6168e-02, -3.3839e-02, +5.5983e-02, -1.2159e-01, -1.1116e-01, -1.0000e+00, -4.4639e-03, +5.7620e-02, +1.7546e-02, +1.8907e-01, -9.6877e-02, +5.4743e-02, -1.1506e-01, +4.6130e-03, +7.0906e-02, +1.9770e-01, -4.2831e-02, +1.0842e-02, -7.7626e-02, -6.2600e-02, -2.2246e-02, -5.7392e-02, -2.6639e-02, -1.1357e-01, +5.8007e-02, +4.3176e-02, -7.7883e-02, +2.7422e-02, +9.4783e-02, -2.1209e-02, +7.8644e-02, +1.7402e-02, +9.4386e-02, -4.1255e-02, +4.7603e-02, +3.2532e-02, -6.0801e-02, +3.9082e-02, -5.5406e-02, -1.7045e-02, -2.2864e-01, +1.7081e-01, -8.7395e-02
+5.8901e-02, -4.4222e-03, -1.2520e-01, -5.6969e-02, -4.2873e-02, -7.4527e-02, -7.1213e-02, -9.2004e-02, +3.5839e-02, +1.9512e-02, -8.9933e-02, -9.0707e-02, -4.4639e-03, -1.0000e+00, -6.3770e-02, -2.3450e-02, +6.8695e-02, -1.0524e-01, -2.0969e-01, -3.8565e-02, +4.8964e-02, -4.4132e-02, +4.2866e-02, -1.8501e-01, -1.2928e-02, +1.7513e-01, -1.9952e-01, -1.8534e-01, -3.5982e-02, -1.4105e-01, -9.6639e-02, +1.3212e-02, -9.1033e-02, -9.6668e-03, +3.3023e-02, +2.2227e-01, +1.1350e-01, -7.7912e-03, -4.4342e-02, -7.2229e-02, -4.3336e-03, +1.0549e-01, -5.1165e-02, +5.8694e-02, -5.5948e-02, -1.1191e-01, -1.4641e-01, -1.8733e-01, -9.5814e-02, -1.0788e-01
+1.2624e-01, -5.4649e-02, +6.5483e-02, -4.0955e-02, -8.2891e-02, -1.5624e-01, -8.5053e-02, -1.4705e-04, +4.9928e-02, +7.0191e-02, -1.2930e-01, +8.4322e-02, +5.7620e-02, -6.3770e-02, -1.0000e+00, -1.2074e-01, -1.2393e-01, +6.5415e-02, -1.4620e-01, +4.3797e-02, -8.4974e-02, -7.4744e-04, -1.5433e-01, -2.2098e-02, -6.7706e-02, +1.2173e-01, -1.2857e-01, -1.3709e-01, -9.9450e-02, +5.7069e-02, +2.0351e-02, -9.4688e-02, +3.4130e-03, +5.1151e-03, +2.1133e-03, -5.6166e-02, +2.1434e-01, -7.0038e-02, -6.4305e-02, -2.6727e-03, +6.0340e-03, +1.5933e-01, -2.3845e-02, -1.1159e-01, -4.4769e-02, -3.8371e-02, -1.1138e-01, +6.1001e-02, +1.6352e-01, +2.2540e-02
-1.8181e-02, -2.2668e-02, -2.8485e-03, -1.8429e-02, -2.0163e-02, -3.3387e-02, -8.8789e-03, +1.4043e-02, -2.6666e-02, -1.0024e-02, -3.0506e-02, +4.7009e-02, +1.7546e-02, -2.3450e-02, -1.2074e-01, -1.0000e+00, -3.6144e-02, -2.0850e-02, -1.8882e-03, -8.4185e-03, -1.2151e-01, -8.6537e-03, -5.5219e-02, -7.0550e-03, -1.4113e-02, -7.6659e-03, -3.3189e-02, -4.7544e-02, +1.0597e-02, -4.5951e-02, +2.0789e-02, +4.3614e-02, +2.0872e-02, -1.2678e-01, +4.8867e-02, -6.4156e-02, +1.3563e-01, -7.5467e-02, +3.7722e-02, +8.0608e-02, -1.3438e-02, +1.1916e-01, -4.7629e-02, -9.8423e-02, -2.8611e-02, -4.7385e-02, -7.4090e-02, +9.7861e-02, +1.7141e-01, +2.7899e-03
+3.9021e-03, +4.1623e-02, +1.8574e-02, +8.8014e-03, +3.7005e-02, +1.2847e-02, +4.4164e-02, +1.1000e-01, -5.9652e-02, +7.5677e-02, +7.9442e-02, +1.4928e-01, +1.8907e-01, +6.8695e-02, -1.2393e-01, -3.6144e-02, -1.0000e+00, +5.4429e-02, +6.0478e-02, +1.5037e-01, +8.1512e-02, +2.6226e-02, +8.0780e-02, +5.7906e-02, +9.2340e-02, +8.3563e-02, +1.2588e-01, -5.1891e-02, +1.2098e-01, +8.3551e-02, +1.3928e-01, -1.8723e-01, +5.4024e-02, -2.8490e-02, -3.0939e-02, +1.1321e-01, +7.2528e-03, -1.7498e-02, +7.7157e-02, +5.1986e-02, +2.1625e-02, -5.9405e-02, -1.0850e-02, -4.6072e-02, +1.6750e-01, +7.3981e-02, -6.5078e-02, +1.8804e-03, -7.1010e-02, +8.9804e-03
+7.1900e-02, -9.6749e-02, -3.5729e-02, -3.6372e-02, -8.5745e-02, -5.0370e-02, -1.4205e-02, -8.6481e-02, +1.5532e-02, +6.2535e-02, -1.3992e-01, -1.4295e-01, -9.6877e-02, -1.0524e-01, +6.5415e-02, -2.0850e-02, +5.4429e-02, -1.0000e+00, -9.2560e-02, +1.2533e-02, -2.0045e-02, +1.7416e-02, +2.6448e-01, +3.4100e-02, -8.6636e-02, -3.8703e-02, -2.7172e-02, +7.7077e-03, -8.5848e-02, -2.2203e-02, -5.4356e-02, +7.4782e-02, -8.2582e-02, -2.8170e-01, +1.0714e-01, +1.3992e-01, +1.6596e-01, -2.6693e-02, -6.9938e-02, -4.6161e-02, -2.1172e-02, -2.4132e-01, -2.4426e-02, +1.6678e-03, -9.0730e-02, -1.3150e-02, +2.0149e-03, -5.0826e-02, -6.5147e-02, -6.7169e-03
+8.5104e-02, -6.1769e-02, +2.0543e-02, -6.8663e-02, -1.6738e-01, -1.0681e-01, -1.0753e-01, -4.4748e-02, +4.9330e-02, -2.3853e-02, -1.4210e-01, +3.1987e-02, +5.4743e-02, -2.0969e-01, -1.4620e-01, -1.8882e-03, +6.0478e-02, -9.2560e-02, -1.0000e+00, -2.6509e-02, +8.3962e-03, +1.7141e-02, +7.4367e-02, -6.6824e-02, -8.7718e-03, +9.2987e-02, +4.0755e-03, -8.0113e-02, -5.3539e-03, -1.1945e-01, -3.7554e-02, +4.1152e-02, +2.3106e-02, -3.7527e-02, -1.5498e-02, +8.2326e-02, +1.4864e-01, +2.8311e-03, -1.0110e-01, -1.1208e-01, -7.3079e-03, -2.5093e-04, -6.6422e-02, -1.9441e-03, -6.6784e-02, -7.9614e-02, -1.2004e-01, -1.3320e-01, +1.7019e-02, -4.9049e-02
+3.1083e-02, +3.7759e-03, -8.5187e-02, +8.6351e-02, +1.6761e-02, -2.8247e-03, +3.9230e-02, -2.2159e-02, -3.6700e-02, -7.1203e-02, -3.1885e-02, +6.7675e-02, -1.1506e-01, -3.8565e-02, +4.3797e-02, -8.4185e-03, +1.5037e-01, +1.2533e-02, -2.6509e-02, -1.0000e+00, +3.3285e-01, -1.2240e-01, +1.2770e-02, -2.5249e-02, +4.4551e-02, -3.7218e-02, +5.4228e-02, -1.9183e-02, -1.3818e-01, -6.7558e-02, +5.5675e-02, +1.0710e-01, +1.0980e-01, -1.0126e-01, +2.0933e-03, +3.2128e-02, -4.4663e-03, +7.8225e-02, +6.6474e-03, -1.5904e-01, +2.4609e-02, -6.4445e-02, +1.0425e-02, +2.4964e-01, +1.1974e-01, +4.2757e-02, -5.0975e-02, -2.3885e-01, -1.6346e-01, -5.3693e-02
+9.1410e-02, +3.7252e-02, -7.6950e-02, -3.9224e-02, -6.7494e-02, +6.2539e-02, -1.8949e-02, -3.8453e-02, +2.6821e-02, +3.4902e-03, -1.6038e-02, +2.9113e-02, +4.6130e-03, +4.8964e-02, -8.4974e-02, -1.2151e-01, +8.1512e-02, -2.0045e-02, +8.3962e-03, +3.3285e-01, -1.0000e+00, +2.2720e-01, -1.2257e-01, +2.3090e-02, -1.6396e-02, -6.6233e-02, -4.8403e-02, -4.9741e-02, +1.6382e-02, -8.5515e-04, -1.5347e-01, -5.7417e-02, -1.4438e-01, +1.3876e-01, +7.6514e-02, -2.8189e-02, -1.1733e-03, -5.1622e-02, -4.8441e-02, +2.3879e-01, +1.0230e-02, -1.2730e-01, -4.5921e-03, -4.7373e-02, -1.1202e-01, -1.0290e-01, -1.0589e-01, +2.0197e-01, +3.0758e-02, +3.8088e-02
-3.4071e-02, +1.6263e-02, +5.0897e-02, -1.2893e-02, +3.3423e-02, -5.3169e-02, -3.4299e-02, +4.1319e-02, -3.4740e-02, -7.8154e-02, +1.9753e-02, +5.7543e-02, +7.0906e-02, -4.4132e-02, -7.4744e-04, -8.6537e-03, +2.6226e-02, +1.7416e-02, +1.7141e-02, -1.2240e-01, +2.2720e-01, -1.0000e+00, -9.9370e-03, -1.8195e-02, +5.5122e-02, +4.1205e-02, +2.7914e-02, -1.3672e-02, +3.2888e-02, -2.3075e-02, +2.9925e-02, +4.6277e-02, -9.9688e-03, +1.2423e-02, -6.4266e-03, -7.3128e-02, +6.5391e-02, -2.4901e-02, +5.1168e-02, -6.4434e-02, -1.4975e-02, -5.9725e-02, +1.0483e-02, -1.0433e-01, +1.3503e-02, +7.1110e-02, +6.0762e-04, +1.6828e-02, +3.4529e-02, -4.7812e-02
-1.9592e-03, +1.1518e-01, -1.2027e-02, +5.7765e-02, +4.8114e-02, +2.6255e-03, +7.1870e-02, +1.2284e-01, -7.9889e-02, +9.2740e-02, +2.0536e-01, +1.6990e-01, +1.9770e-01, +4.2866e-02, -1.5433e-01, -5.5219e-02, +8.0780e-02, +2.6448e-01, +7.4367e-02, +1.2770e-02, -1.2257e-01, -9.9370e-03, -1.0000e+00, -5.7555e-02, +3.6152e-02, +5.0245e-02, +2.0751e-02, +4.4969e-02, +1.1947e-01, -8.0974e-03, +1.0132e-01, -2.5928e-02, -7.9396e-02, -4.6502e-02, -8.6319e-02, -9.2789e-02, +6.0762e-02, +1.9898e-02, +6.4180e-02, +3.0054e-02, -1.8631e-02, -4.3301e-02, -1.9506e-02, -7.6271e-02, +9.5250e-02, +4.9006e-03, -3.2014e-02, -9.0821e-02, -5.0940e-02, +8.3897e-03
-7.0250e-02, -5.9312e-02, -1.3709e-01, -1.3361e-01, -2.6912e-02, -2.7042e-02, -5.2026e-02, -1.3213e-01, +3.1555e-02, -9.8513e-02, +1.5185e-01, +1.0887e-01, -4.2831e-02, -1.8501e-01, -2.2098e-02, -7.0550e-03, +5.7906e-02, +3.4100e-02, -6.6824e-02, -2.5249e-02, +2.3090e-02, -1.8195e-02, -5.7555e-02, -1.0000e+00, -1.3894e-01, +1.9298e-01, -1.9029e-01, -3.1367e-02, +1.3109e-01, -8.0835e-02, +6.7771e-02, +3.9766e-02, +1.6180e-02, +2.6146e-02, +1.2932e-01, +1.2684e-01, +6.8870e-02, -6.0291e-02, +5.2940e-02, +4.9967e-03, +7.6545e-02, +6.5768e-02, -2.4689e-02, -1.4880e-02, -5.0979e-02, -5.1779e-02, -1.3945e-01, -2.9236e-01, +4.9899e-02, -6.6556e-02
-1.1432e-01, -8.9835e-02, -9.7631e-02, -4.1715e-02, -1.1666e-02, -1.8816e-02, -6.2078e-02, -1.0965e-02, -8.4011e-02, +3.0880e-02, -3.7129e-02, -7.9276e-02, +1.0842e-02, -1.2928e-02, -6.7706e-02, -1.4113e-02, +9.2340e-02, -8.6636e-02, -8.7718e-03, +4.4551e-02, -1.6396e-02, +5.5122e-02, +3.6152e-02, -1.3894e-01, -1.0000e+00, +9.0991e-02, -1.5921e-01, -5.4930e-02, -5.0024e-02, -2.0242e-02, -3.1495e-02, -2.4559e-02, -2.0376e-02, +6.8338e-02, +3.3651e-02, +1.2907e-01, -7.0969e-02, -6.9030e-02, -2.2657e-02, +1.0645e-01, -3.6362e-02, +1.4519e-01, +5.9083e-02, +5.7777e-02, -1.0137e-01, -1.3420e-02, -1.1113e-01, -8.7560e-02, +5.2501e-02, -1.0085e-01
+4.2826e-03, +1.0442e-01, -4.4621e-03, -1.8091e-02, +1.3832e-02, +1.3751e-01, -3.3990e-02, -2.3028e-03, +2.2196e-03, +6.3574e-02, -6.3519e-02, +4.4863e-02, -7.7626e-02, +1.7513e-01, +1.2173e-01, -7.6659e-03, +8.3563e-02, -3.8703e-02, +9.2987e-02, -3.7218e-02, -6.6233e-02, +4.1205e-02, +5.0245e-02, +1.9298e-01, +9.0991e-02, -1.0000e+00, +6.7005e-02, -2.2890e-02, +2.0891e-02, +7.1304e-02, -6.1041e-03, -8.8471e-04, -5.8543e-02, -6.6417e-03, +8.8660e-03, +1.0550e-01, +2.4033e-01, +6.2651e-02, +2.6560e-02, -2.2208e-02, +6.9731e-02, +8.3288e-02, +5.2689e-02, +1.7502e-01, +1.8817e-01, +4.8162e-02, +1.3189e-01, +1.7753e-01, -2.4229e-02, +4.0743e-02
-5.0815e-03, -9.1846e-03, -1.8305e-01, -1.3246e-02, +3.3921e-02, -1.3845e-01, -1.6821e-02, -5.6457e-02, +6.5611e-02, -4.7222e-02, -9.4024e-02, -3.9544e-02, -6.2600e-02, -1.9952e-01, -1.2857e-01, -3.3189e-02, +1.2588e-01, -2.7172e-02, +4.0755e-03, +5.4228e-02, -4.8403e-02, +2.7914e-02, +2.0751e-02, -1.9029e-01, -1.5921e-01, +6.7005e-02, -1.0000e+00, -1.6191e-01, -1.9647e-01, -1.0087e-01, -1.1892e-01, -1.0955e-02, -9.0694e-03, -1.8916e-02, +1.6215e-02, +1.2289e-01, +9.1176e-03, -7.8253e-02, +2.2779e-02, -8.4505e-03, +2.2157e-02, +1.7215e-01, +5.3742e-02, +2.4988e-02, -3.8593e-02, -4.4663e-02, -1.8791e-01, -1.6181e-01, +7.5356e-02, -6.8317e-02
-2.4105e-02, -4.9776e-02, -8.1874e-02, -1.2326e-01, -1.1801e-01, -7.2186e-02, -5.6126e-02, -5.6353e-02, +3.0694e-02, +5.6190e-02, -1.6617e-01, +6.1664e-02, -2.2246e-02, -1.8534e-01, -1.3709e-01, -4.7544e-02, -5.1891e-02, +7.7077e-03, -8.0113e-02, -1.9183e-02, -4.9741e-02, -1.3672e-02, +4.4969e-02, -3.1367e-02, -5.4930e-02, -2.2890e-02, -1.6191e-01, -1.0000e+00, -3.5114e-02, +3.9979e-02, -7.8000e-02, +2.9418e-02, +1.7164e-02, +9.4543e-02, +1.2927e-02, +9.8286e-02, +1.7567e-01, -2.3623e-02, -4.8878e-02, -1.1405e-02, +4.5208e-02, +1.2747e-01, +8.0726e-02, -5.5993e-02, -1.4508e-01, -9.8102e-02, -1.9408e-01, -2.2462e-02, +1.4575e-01, -6.1209e-02
+1.1361e-01, -5.3692e-02, +7.5970e-03, +3.0140e-02, -1.7788e-02, -9.3168e-02, +1.7878e-02, -3.4154e-02, +7.1330e-02, +1.0251e-01, -5.5513e-02, -5.6779e-02, -5.7392e-02, -3.5982e-02, -9.9450e-02, +1.0597e-02, +1.2098e-01, -8.5848e-02, -5.3539e-03, -1.3818e-01, +1.6382e-02, +3.2888e-02, +1.1947e-01, +1.3109e-01, -5.0024e-02, +2.0891e-02, -1.9647e-01, -3.5114e-02, -1.0000e+00, +2.1422e-04, -1.7340e-01, +4.1895e-02, +4.3582e-02, -3.8401e-02, -8.0287e-02, -1.7760e-02, -1.1120e-02, -3.0261e-02, -6.8331e-02, +3.7074e-02, +1.4665e-02, +6.6780e-02, +2.0019e-03, +1.4513e-01, -4.4053e-02, +1.4538e-02, -9.2799e-02, -5.4050e-02, -6.6022e-02, +5.1520e-02
-1.2563e-01, -8.0490e-02, -2.2845e-02, -5.3913e-02, -6.5628e-02, -5.6624e-02, -9.9487e-02, -3.8436e-02, -3.2197e-02, +9.1494e-03, -4.1652e-05, +6.1472e-02, -2.6639e-02, -1.4105e-01, +5.7069e-02, -4.5951e-02, +8.3551e-02, -2.2203e-02, -1.1945e-01, -6.7558e-02, -8.5515e-04, -2.3075e-02, -8.0974e-03, -8.0835e-02, -2.0242e-02, +7.1304e-02, -1.0087e-01, +3.9979e-02, +2.1421e-04, -1.0000e+00, +2.5065e-03, +3.5592e-02, +2.7059e-02, +9.7859e-02, -1.6284e-02, +1.1054e-01, +1.5316e-01, +6.8603e-03, -2.3734e-02, +3.5496e-02, -1.5902e-02, -8.0699e-02, -5.8251e-02, -8.1237e-02, -3.5655e-02, -5.4338e-02, -8.4735e-02, -2.3275e-01, +1.1304e-01, -4.2766e-02
+1.2280e-02, -4.8764e-02, +6.7624e-02, -6.1544e-02, +4.7477e-02, -6.0108e-02, -5.0149e-02, -3.5665e-02, +5.9396e-02, -4.5494e-02, -1.5719e-01, -1.7950e-01, -1.1357e-01, -9.6639e-02, +2.0351e-02, +2.0789e-02, +1.3928e-01, -5.4356e-02, -3.7554e-02, +5.5675e-02, -1.5347e-01, +2.9925e-02, +1.0132e-01, +6.7771e-02, -3.1495e-02, -6.1041e-03, -1.1892e-01, -7.8000e-02, -1.7340e-01, +2.5065e-03, -1.0000e+00, -2.3970e-02, -1.8145e-01, +7.7989e-03, +1.8990e-02, +8.1995e-02, -7.1740e-02, +2.4453e-02, -4.6764e-02, +1.1226e-01, -1.4320e-01, +7.0685e-02, +5.4893e-02, +1.0943e-01, -1.2055e-01, -1.9769e-02, -1.2078e-01, +1.6694e-01, -1.4211e-01, -1.0544e-02
-4.1261e-04, -3.3895e-02, -7.8102e-02, +8.1740e-02, +4.6129e-02, -4.7989e-03, +5.6220e-03, +7.5328e-02, +4.6480e-02, -9.2619e-02, +2.5433e-02, -1.6857e-03, +5.8007e-02, +1.3212e-02, -9.4688e-02, +4.3614e-02, -1.8723e-01, +7.4782e-02, +4.1152e-02, +1.0710e-01, -5.7417e-02, +4.6277e-02, -2.5928e-02, +3.9766e-02, -2.4559e-02, -8.8469e-04, -1.0955e-02, +2.9418e-02, +4.1895e-02, +3.5592e-02, -2.3970e-02, -1.0000e+00, -1.1966e-01, +3.3975e-02, -8.9995e-02, +6.0556e-02, -1.6907e-01, -5.0411e-02, +1.6654e-02, +8.7837e-02, -1.8544e-02, +1.5759e-01, -4.9215e-02, -8.8634e-02, -5.8222e-02, +9.7513e-02, -2.0594e-02, +1.7187e-01, +8.0340e-02, -5.2300e-03
+4.4391e-02, -8.0460e-02, +1.7126e-01, -6.8954e-02, -4.7984e-03, +7.3687e-02, -2.6074e-02, -2.8880e-02, -1.3297e-02, +4.3197e-02, +1.2804e-02, -2.2376e-01, +4.3176e-02, -9.1033e-02, +3.4130e-03, +2.0872e-02, +5.4024e-02, -8.2582e-02, +2.3106e-02, +1.0980e-01, -1.4438e-01, -9.9688e-03, -7.9396e-02, +1.6180e-02, -2.0376e-02, -5.8543e-02, -9.0694e-03, +1.7164e-02, +4.3582e-02, +2.7059e-02, -1.8145e-01, -1.1966e-01, -1.0000e+00, +7.8211e-02, +7.1559e-02, +1.5886e-01, -3.4938e-02, -5.3068e-02, -5.3981e-02, +1.7272e-01, -3.9100e-02, +1.0822e-01, -2.7523e-02, +1.4858e-02, +2.6675e-02, -3.6323e-02, -3.3587e-02, +2.5236e-01, -7.1103e-02, -1.7621e-02
+4.3151e-03, +5.5301e-02, -1.3351e-01, +6.5322e-02, -9.8149e-03, -8.1791e-02, +7.3275e-02, -5.3377e-02, +3.0043e-02, -1.5641e-02, -6.5239e-02, -3.1014e-01, -7.7883e-02, -9.6668e-03, +5.1151e-03, -1.2678e-01, -2.8490e-02, -2.8170e-01, -3.7527e-02, -1.0126e-01, +1.3876e-01, +1.2423e-02, -4.6502e-02, +2.6146e-02, +6.8338e-02, -6.6417e-03, -1.8916e-02, +9.4543e-02, -3.8401e-02, +9.7859e-02, +7.7989e-03, +3.3975e-02, +7.8211e-02, -1.0000e+00, +1.0219e-02, +1.0168e-01, -1.2404e-02, +1.3738e-01, -3.3563e-02, -5.1890e-02, -4.0423e-02, +5.4887e-02, +5.2892e-03, -6.0875e-02, -7.3856e-03, -8.1700e-02, +6.9815e-02, +4.3594e-02, +1.0710e-01, +2.5845e-02
-1.4392e-02, +1.7921e-02, +4.7823e-02, +5.4101e-02, +1.0034e-01, +5.9680e-02, +5.7211e-02, +3.7213e-02, -4.9946e-02, +6.4065e-02, -3.5224e-02, +1.3819e-02, +2.7422e-02, +3.3023e-02, +2.1133e-03, +4.8867e-02, -3.0939e-02, +1.0714e-01, -1.5498e-02, +2.0933e-03, +7.6514e-02, -6.4266e-03, -8.6319e-02, +1.2932e-01, +3.3651e-02, +8.8660e-03, +1.6215e-02, +1.2927e-02, -8.0287e-02, -1.6284e-02, +1.8990e-02, -8.9995e-02, +7.1559e-02, +1.0219e-02, -1.0000e+00, +2.0125e-02, -1.2140e-01, +6.9826e-02, +1.2525e-02, +2.6566e-02, +6.3353e-02, -7.8106e-03, +1.9087e-03, -9.1244e-02, -1.5668e-03, +1.9119e-02, +4.7088e-02, -4.2469e-02, +1.3350e-01, +2.5798e-02
-2.2884e-02, +1.4019e-01, +6.3855e-02, +1.5418e-01, +5.5803e-02, -4.9645e-02, +9.0202e-02, +1.0955e-01, +3.4051e-02, +8.6758e-02, +9.3559e-02, +1.5290e-01, +9.4783e-02, +2.2227e-01, -5.6166e-02, -6.4156e-02, +1.1321e-01, +1.3992e-01, +8.2326e-02, +3.2128e-02, -2.8189e-02, -7.3128e-02, -9.2789e-02, +1.2684e-01, +1.2907e-01, +1.0550e-01, +1.2289e-01, +9.8286e-02, -1.7760e-02, +1.1054e-01, +8.1995e-02, +6.0556e-02, +1.5886e-01, +1.0168e-01, +2.0125e-02, -1.0000e+00, -1.0790e-01, -1.4703e-02, +6.5928e-02, +6.5890e-02, -7.3356e-02, -4.2584e-02, -1.7070e-02, -9.5420e-02, +2.6021e-01, +1.2163e-03, +1.5571e-01, +2.4530e-01, +5.6622e-02, +9.0665e-02
-1.7971e-02, +1.1221e-01, -1.6841e-02, +2.0876e-01, +1.0221e-01, +3.7074e-02, +1.0041e-01, +9.4729e-02, +3.3337e-02, -1.4111e-03, +1.9315e-01, -2.0251e-01, -2.1209e-02, +1.1350e-01, +2.1434e-01, +1.3563e-01, +7.2528e-03, +1.6596e-01, +1.4864e-01, -4.4663e-03, -1.1733e-03, +6.5391e-02, +6.0762e-02, +6.8870e-02, -7.0969e-02, +2.4033e-01, +9.1176e-03, +1.7567e-01, -1.1120e-02, +1.5316e-01, -7.1740e-02, -1.6907e-01, -3.4938e-02, -1.2404e-02, -1.2140e-01, -1.0790e-01, -1.0000e+00, +1.0274e-01, +4.7545e-02, +1.6365e-01, +2.0872e-03, -4.1628e-02, +1.7263e-02, +4.2248e-02, +4.8778e-02, -1.0319e-02, +8.7442e-03, +1.4337e-01, -1.4873e-01, +1.3820e-02
-8.0799e-02, -4.0362e-02, -1.2707e-02, -3.8336e-02, +1.2305e-01, +1.5642e-02, +5.2097e-02, +9.8757e-03, +2.1418e-02, +6.0543e-03, -7.1663e-03, -1.6831e-02, +7.8644e-02, -7.7912e-03, -7.0038e-02, -7.5467e-02, -1.7498e-02, -2.6693e-02, +2.8311e-03, +7.8225e-02, -5.1622e-02, -2.4901e-02, +1.9898e-02, -6.0291e-02, -6.9030e-02, +6.2651e-02, -7.8253e-02, -2.3623e-02, -3.0261e-02, +6.8603e-03, +2.4453e-02, -5.0411e-02, -5.3068e-02, +1.3738e-01, +6.9826e-02, -1.4703e-02, +1.0274e-01, -1.0000e+00, -9.5367e-02, -5.9849e-02, -4.9906e-02, +7.4329e-02, -4.9989e-02, -4.7541e-04, -8.3557e-02, -4.4659e-02, -8.1608e-02, +8.8302e-02, +4.0018e-02, -1.9492e-02
+6.5868e-02, -8.1263e-02, -3.2741e-02, -9.1393e-02, -2.9931e-02, -1.2887e-02, +9.0083e-03, -2.8633e-02, +5.2819e-02, +1.4810e-01, -6.0137e-02, -9.9039e-02, +1.7402e-02, -4.4342e-02, -6.4305e-02, +3.7722e-02, +7.7157e-02, -6.9938e-02, -1.0110e-01, +6.6474e-03, -4.8441e-02, +5.1168e-02, +6.4180e-02, +5.2940e-02, -2.2657e-02, +2.6560e-02, +2.2779e-02, -4.8878e-02, -6.8331e-02, -2.3734e-02, -4.6764e-02, +1.6654e-02, -5.3981e-02, -3.3563e-02, +1.2525e-02, +6.5928e-02, +4.7545e-02, -9.5367e-02, -1.0000e+00, -1.9231e-02, +2.4747e-02, +4.3673e-02, -4.2899e-02, +3.0158e-02, -1.3441e-01, -4.9487e-02, -1.1284e-01, +7.9850e-02, +2.9265e-02, +1.0458e-02
+6.9121e-02, -1.0211e-01, +4.7694e-02, -2.4015e-02, -5.7880e-02, -6.3220e-02, -4.9210e-02, +4.2449e-02, +1.7202e-02, +2.5966e-02, +5.6766e-02, +4.0678e-02, +9.4386e-02, -7.2229e-02, -2.6728e-03, +8.0608e-02, +5.1986e-02, -4.6161e-02, -1.1208e-01, -1.5904e-01, +2.3879e-01, -6.4434e-02, +3.0054e-02, +4.9967e-03, +1.0645e-01, -2.2208e-02, -8.4505e-03, -1.1405e-02, +3.7074e-02, +3.5496e-02, +1.1226e-01, +8.7837e-02, +1.7272e-01, -5.1890e-02, +2.6566e-02, +6.5890e-02, +1.6365e-01, -5.9849e-02, -1.9231e-02, -1.0000e+00, +8.0106e-02, +3.2578e-02, -8.3482e-02, +1.1189e-01, +8.7191e-03, +4.2244e-02, +4.2331e-02, -1.0990e-01, -7.0919e-02, -1.3938e-02
-9.1474e-02, -2.6066e-02, +3.2979e-02, +3.7173e-02, +9.6426e-03, +4.4880e-02, -3.1158e-02, -5.9548e-02, +5.0369e-02, +9.4728e-02, +1.4719e-02, -1.0227e-03, -4.1255e-02, -4.3336e-03, +6.0340e-03, -1.3438e-02, +2.1625e-02, -2.1172e-02, -7.3079e-03, +2.4609e-02, +1.0230e-02, -1.4975e-02, -1.8631e-02, +7.6545e-02, -3.6362e-02, +6.9731e-02, +2.2157e-02, +4.5208e-02, +1.4665e-02, -1.5902e-02, -1.4320e-01, -1.8544e-02, -3.9100e-02, -4.0423e-02, +6.3353e-02, -7.3356e-02, +2.0872e-03, -4.9906e-02, +2.4747e-02, +8.0106e-02, -1.0000e+00, -8.0507e-02, +3.5315e-02, +1.7036e-02, -3.6939e-03, -1.3504e-02, -1.7231e-02, -4.4898e-03, -5.0676e-02, +2.1792e-02
+9.4470e-02, +4.1764e-02, +1.2799e-02, +1.5617e-01, -4.7731e-03, +5.7629e-02, +4.8538e-02, -1.1224e-01, +1.5592e-02, +3.8025e-02, +2.3632e-02, +1.2892e-01, +4.7603e-02, +1.0549e-01, +1.5933e-01, +1.1916e-01, -5.9405e-02, -2.4132e-01, -2.5093e-04, -6.4445e-02, -1.2730e-01, -5.9725e-02, -4.3301e-02, +6.5768e-02, +1.4519e-01, +8.3288e-02, +1.7215e-01, +1.2747e-01, +6.6780e-02, -8.0698e-02, +7.0685e-02, +1.5759e-01, +1.0822e-01, +5.4887e-02, -7.8106e-03, -4.2584e-02, -4.1628e-02, +7.4329e-02, +4.3673e-02, +3.2578e-02, -8.0508e-02, -1.0000e+00, -1.8954e-02, -2.6540e-01, +5.9876e-02, +8.3730e-02, +1.3628e-01, -2.1813e-01, -2.2523e-03, +9.4424e-02
-3.9157e-02, -1.8325e-02, +3.2584e-02, +3.4685e-02, -1.9988e-02, +4.8776e-02, +2.1128e-02, +3.5275e-03, -1.2805e-02, -2.4476e-02, +6.2539e-02, +8.1804e-03, +3.2532e-02, -5.1165e-02, -2.3845e-02, -4.7629e-02, -1.0850e-02, -2.4426e-02, -6.6422e-02, +1.0425e-02, -4.5921e-03, +1.0483e-02, -1.9506e-02, -2.4689e-02, +5.9083e-02, +5.2689e-02, +5.3742e-02, +8.0726e-02, +2.0019e-03, -5.8251e-02, +5.4893e-02, -4.9215e-02, -2.7523e-02, +5.2892e-03, +1.9087e-03, -1.7070e-02, +1.7263e-02, -4.9989e-02, -4.2899e-02, -8.3482e-02, +3.5315e-02, -1.8954e-02, -1.0000e+00, -3.9483e-02, +1.7584e-02, -2.2052e-02, +1.8715e-02, -4.1149e-03, -3.7317e-02, +4.5462e-02
+4.0398e-02, +1.3363e-02, +6.4283e-02, +3.7217e-02, -7.9758e-03, -8.2002e-02, -1.4021e-01, -1.8996e-02, -4.1039e-03, -8.1851e-02, -2.7105e-02, -6.2449e-02, -6.0801e-02, +5.8694e-02, -1.1159e-01, -9.8423e-02, -4.6072e-02, +1.6678e-03, -1.9441e-03, +2.4964e-01, -4.7373e-02, -1.0433e-01, -7.6271e-02, -1.4880e-02, +5.7777e-02, +1.7502e-01, +2.4988e-02, -5.5993e-02, +1.4513e-01, -8.1237e-02, +1.0943e-01, -8.8634e-02, +1.4858e-02, -6.0875e-02, -9.1244e-02, -9.5420e-02, +4.2248e-02, -4.7541e-04, +3.0158e-02, +1.1189e-01, +1.7036e-02, -2.6540e-01, -3.9483e-02, -1.0000e+00, -3.8623e-02, -1.7464e-02, +8.9918e-02, +3.3921e-02, +6.7640e-01, +8.4002e-02
+6.6711e-02, -5.9618e-02, -2.7609e-02, -1.8912e-01, -1.1186e-01, -3.2242e-02, -1.5240e-01, -8.9210e-02, +2.3259e-03, +1.6818e-02, -6.5345e-02, -4.4153e-03, +3.9082e-02, -5.5948e-02, -4.4769e-02, -2.8611e-02, +1.6750e-01, -9.0730e-02, -6.6784e-02, +1.1974e-01, -1.1202e-01, +1.3503e-02, +9.5250e-02, -5.0979e-02, -1.0137e-01, +1.8817e-01, -3.8593e-02, -1.4508e-01, -4.4053e-02, -3.5655e-02, -1.2055e-01, -5.8222e-02, +2.6675e-02, -7.3856e-03, -1.5668e-03, +2.6021e-01, +4.8778e-02, -8.3557e-02, -1.3441e-01, +8.7191e-03, -3.6939e-03, +5.9876e-02, +1.7584e-02, -3.8623e-02, -1.0000e+00, -8.5055e-02, -1.3714e-01, +3.0069e-01, +6.4276e-02, +5.6857e-02
-3.7878e-02, -2.9153e-03, -5.8489e-02, -2.4070e-02, -7.4837e-03, +4.8386e-03, +1.1148e-02, +4.3377e-02, -5.1522e-03, +3.7374e-02, -5.0573e-03, +2.3370e-02, -5.5406e-02, -1.1191e-01, -3.8371e-02, -4.7385e-02, +7.3981e-02, -1.3150e-02, -7.9614e-02, +4.2757e-02, -1.0290e-01, +7.1110e-02, +4.9006e-03, -5.1779e-02, -1.3420e-02, +4.8162e-02, -4.4663e-02, -9.8102e-02, +1.4538e-02, -5.4338e-02, -1.9769e-02, +9.7513e-02, -3.6324e-02, -8.1700e-02, +1.9119e-02, +1.2163e-03, -1.0319e-02, -4.4659e-02, -4.9487e-02, +4.2244e-02, -1.3504e-02, +8.3730e-02, -2.2052e-02, -1.7464e-02, -8.5055e-02, -1.0000e+00, -1.3335e-01, +2.5633e-02, +5.3349e-02, +5.2418e-02
-5.2472e-02, -6.6396e-02, -7.3657e-02, -1.2169e-01, -3.5983e-02, -1.9107e-01, -2.9441e-02, -4.0214e-02, +7.3975e-02, +1.1487e-01, -1.0588e-01, +5.7708e-02, -1.7045e-02, -1.4641e-01, -1.1138e-01, -7.4090e-02, -6.5078e-02, +2.0149e-03, -1.2004e-01, -5.0975e-02, -1.0589e-01, +6.0761e-04, -3.2014e-02, -1.3945e-01, -1.1113e-01, +1.3189e-01, -1.8791e-01, -1.9408e-01, -9.2799e-02, -8.4735e-02, -1.2078e-01, -2.0594e-02, -3.3587e-02, +6.9815e-02, +4.7088e-02, +1.5571e-01, +8.7442e-03, -8.1608e-02, -1.1284e-01, +4.2331e-02, -1.7231e-02, +1.3628e-01, +1.8715e-02, +8.9918e-02, -1.3714e-01, -1.3335e-01, -1.0000e+00, -2.9052e-02, -8.6996e-02, -1.9501e-02
-2.3806e-02, -9.3201e-02, -1.3976e-01, +3.2807e-02, +1.0007e-01, -8.0963e-02, +3.2948e-02, -7.0407e-02, -4.0766e-02, -5.2382e-04, -1.9401e-02, +1.9302e-01, -2.2864e-01, -1.8733e-01, +6.1001e-02, +9.7861e-02, +1.8804e-03, -5.0826e-02, -1.3320e-01, -2.3885e-01, +2.0197e-01, +1.6828e-02, -9.0821e-02, -2.9236e-01, -8.7560e-02, +1.7753e-01, -1.6181e-01, -2.2462e-02, -5.4050e-02, -2.3275e-01, +1.6694e-01, +1.7187e-01, +2.5236e-01, +4.3594e-02, -4.2469e-02, +2.4530e-01, +1.4337e-01, +8.8302e-02, +7.9850e-02, -1.0990e-01, -4.4899e-03, -2.1813e-01, -4.1149e-03, +3.3921e-02, +3.0069e-01, +2.5633e-02, -2.9052e-02, -1.0000e+00, +6.4557e-02, -1.4442e-01
+7.3520e-02, +4.5487e-02, +2.7480e-02, -2.9614e-02, -5.6678e-02, +6.1675e-02, +2.1674e-01, +3.3868e-02, -7.5610e-04, -2.6263e-02, +7.7102e-02, +6.6428e-02, +1.7081e-01, -9.5814e-02, +1.6352e-01, +1.7141e-01, -7.1010e-02, -6.5147e-02, +1.7019e-02, -1.6346e-01, +3.0758e-02, +3.4529e-02, -5.0940e-02, +4.9899e-02, +5.2501e-02, -2.4229e-02, +7.5356e-02, +1.4575e-01, -6.6022e-02, +1.1304e-01, -1.4211e-01, +8.0340e-02, -7.1103e-02, +1.0710e-01, +1.3350e-01, +5.6622e-02, -1.4873e-01, +4.0018e-02, +2.9265e-02, -7.0919e-02, -5.0676e-02, -2.2523e-03, -3.7317e-02, +6.7640e-01, +6.4276e-02, +5.3349e-02, -8.6996e-02, +6.4557e-02, -1.0000e+00, -1.0054e-02
+2.3056e-02, +7.0164e-02, -1.7370e-01, +4.8409e-02, +4.6559e-02, -3.5776e-02, -3.9298e-02, +5.6303e-03, -8.5348e-02, -1.7809e-03, -2.9841e-02, -4.0480e-02, -8.7395e-02, -1.0788e-01, +2.2540e-02, +2.7899e-03, +8.9804e-03, -6.7169e-03, -4.9049e-02, -5.3693e-02, +3.8088e-02, -4.7812e-02, +8.3897e-03, -6.6556e-02, -1.0085e-01, +4.0743e-02, -6.8317e-02, -6.1209e-02, +5.1520e-02, -4.2766e-02, -1.0544e-02, -5.2300e-03, -1.7621e-02, +2.5845e-02, +2.5798e-02, +9.0665e-02, +1.3820e-02, -1.9492e-02, +1.0458e-02, -1.3938e-02, +2.1792e-02, +9.4424e-02, +4.5462e-02, +8.4002e-02, +5.6857e-02, +5.2418e-02, -1.9501e-02, -1.4442e-01, -1.0054e-02, -1.0000e+00
