-1.0000e+00, -2.8254e-02, +7.6985e-03, -1.0094e-01, +9.8484e-03, +4.3928e-02, -1.1074e-01, +2.4650e-02, -1.1665e-01, -4.1673e-02, +5.9376e-03, -5.9340e-02, +8.6020e-02, -1.1372e-01, +2.0991e-02, +4.6331e-03, -4.7477e-02, -1.9791e-02, -2.5302e-02, -1.0628e-02, +1.6319e-02, -1.3534e-02, +1.1820e-02, +1.0498e-02, +8.4241e-02, -2.3573e-02, +7.8930e-03, +2.5357e-02, +1.5208e-03, -4.1370e-02, +7.3567e-03, +6.4282e-02, +4.8795e-03, +5.5291e-02, +1.1043e-02, -3.2264e-02, +3.8704e-02, -2.0466e-02, +2.5048e-02, +2.0787e-02, +6.5270e-02, +1.7379e-02, +5.1597e-02, +7.8382e-02, -4.2158e-03, -1.0944e-02, +3.6549e-02, +1.0642e-01, +6.9207e-02, -2.5714e-02
-2.8254e-02, -1.0000e+00, -3.4503e-02, -8.6372e-02, -1.7616e-02, +1.3194e-01, +1.0009e-01, +4.2290e-03, +1.9748e-02, +5.6105e-02, +6.1068e-03, +3.0799e-02, +4.6825e-02, +1.0170e-01, +1.1308e-01, +2.5327e-02, +8.9820e-02, +2.6295e-03, +2.1068e-02, -7.5027e-03, +9.9040e-04, -9.7659e-02, +8.7757e-03, +2.0845e-02, +1.3685e-02, -4.7582e-02, +5.8578e-02, +1.4420e-02, +6.6910e-02, +2.5818e-02, +9.1540e-02, -2.2405e-02, -3.2958e-02, +4.2169e-02, +1.4056e-02, -4.0446e-03, -4.5171e-02, +6.2443e-03, -5.2125e-02, -8.1142e-02, +8.8090e-02, +2.2045e-02, -5.4559e-03, -2.3588e-02, -3.0915e-02, +2.4142e-03, -2.0017e-02, -1.7414e-01, +2.7750e-02, +4.3581e-03
+7.6985e-03, -3.4503e-02, -1.0000e+00, +1.5877e-01, -2.0609e-02, -1.4989e-01, +2.5242e-02, +2.1256e-01, +6.0898e-02, +5.2388e-02, -1.1051e-01, +2.2473e-02, +6.1240e-03, -7.7699e-02, -3.7864e-02, -8.8973e-03, +7.1697e-02, -4.9985e-02, -1.2872e-02, -6.2265e-02, +9.7856e-02, -9.4389e-02, +1.9435e-02, -7.0935e-02, -6.6780e-02, +7.6373e-03, -7.1755e-02, -7.7610e-03, -6.2064e-02, -4.0276e-02, +4.1484e-03, -4.6755e-02, -7.7590e-02, -8.2841e-02, +1.6530e-02, -8.2284e-02, +3.7522e-03, -8.9785e-02, +2.5826e-02, -2.8904e-02, -4.2101e-02, -9.2848e-04, -6.1529e-02, -2.0236e-02, +2.7253e-02, -1.1975e-02, +5.8850e-02, -7.3165e-02, -8.5015e-02, -9.2587e-02
-1.0094e-01, -8.6372e-02, +1.5877e-01, -1.0000e+00, -2.2975e-02, -6.9785e-03, -2.2015e-02, +2.8965e-02, +4.4990e-02, +1.6282e-02, -7.3850e-03, +1.9455e-02, -3.0185e-02, +6.0351e-02, -1.2235e-02, +1.1299e-03, +2.5006e-02, -2.1143e-02, -4.1475e-02, -7.1309e-02, +4.5550e-02, -2.5432e-02, -4.6881e-02, -9.9159e-02, -1.6118e-01, -9.5622e-02, +3.9892e-02, +3.8802e-02, -7.3850e-02, -1.2538e-01, +2.3492e-02, -3.9819e-02, -9.4417e-02, -7.4099e-02, -8.1342e-03, -6.2706e-02, +1.1096e-01, -6.6972e-02, -6.9225e-02, -1.1717e-02, -2.3519e-02, +1.8781e-02, +4.8506e-02, -1.3679e-01, +5.8132e-02, +3.6252e-02, -1.7617e-02, -4.9195e-02, +3.5774e-02, +7.8698e-02
+9.8484e-03, -1.7616e-02, -2.0609e-02, -2.2975e-02, -1.0000e+00, -4.5902e-02, -1.9787e-02, +4.5598e-02, -2.8977e-02, +3.7130e-02, -4.9965e-02, -3.5931e-02, -3.9836e-02, -7.0626e-02, -2.2558e-02, +1.1837e-02, +1.2891e-02, -2.3909e-02, +4.5814e-02, -1.7533e-03, +4.5761e-02, -2.9749e-03, -2.2621e-02, -2.9481e-02, +2.6486e-02, +2.6887e-03, -4.5961e-02, +1.1223e-02, -4.8604e-02, -3.1840e-02, +5.8068e-02, +1.9968e-02, +9.3541e-02, -2.7135e-02, +5.1352e-02, -1.5480e-02, +3.2600e-02, +3.9829e-02, +2.8065e-02, -5.1417e-02, -7.5411e-02, +3.7987e-02, -2.3931e-02, +1.3192e-01, -2.8747e-02, -3.2362e-02, -2.9685e-03, +1.2823e-01, +1.3999e-02, +1.3668e-02
+4.3928e-02, +1.3194e-01, -1.4989e-01, -6.9785e-03, -4.5902e-02, -1.0000e+00, +6.5457e-02, +4.5772e-02, -3.4798e-02, +2.3941e-02, -2.3172e-02, +2.1824e-02, +2.7040e-02, +1.2328e-02, -1.0723e-01, -8.6913e-02, -8.2356e-03, -4.9635e-02, -5.0269e-02, +2.2838e-02, -1.2758e-02, -3.5499e-02, -1.3987e-02, -3.0748e-02, -1.9568e-03, -8.5307e-02, -2.6686e-02, -5.4983e-02, -5.4201e-02, -8.8946e-02, -6.6604e-02, -6.1926e-02, -5.1751e-02, -6.1719e-02, +1.8048e-03, +1.7317e-02, +1.1217e-01, -5.8246e-02, +7.5345e-02, +1.8124e-02, +1.0006e-02, +6.4709e-02, -1.2388e-02, -3.9229e-02, +1.9255e-02, -1.0002e-02, -1.9483e-01, +5.3058e-02, +1.8441e-02, +1.0476e-02
-1.1074e-01, +1.0009e-01, +2.5242e-02, -2.2015e-02, -1.9787e-02, +6.5457e-02, -1.0000e+00, +6.5918e-02, -2.6919e-02, -7.5576e-02, -3.1523e-02, +1.1318e-01, -1.2430e-02, -2.0811e-02, -3.4617e-02, +4.2105e-02, -7.8308e-02, -1.8016e-02, +7.8958e-02, +3.8709e-02, +5.5405e-03, -3.5368e-02, -1.3190e-02, +1.3835e-02, -9.2956e-02, -3.5382e-02, -1.8021e-02, -8.4784e-02, -2.3050e-02, +3.9058e-02, -7.7057e-03, -4.2758e-02, +1.6034e-02, +8.7080e-02, +2.1572e-03, +1.7626e-02, +1.7287e-02, +2.1204e-02, +1.2091e-02, +4.9756e-02, -1.3531e-02, +3.1773e-02, -1.5994e-02, +3.9384e-02, -3.9659e-02, +5.5165e-02, +2.6089e-02, +2.8942e-02, -3.0910e-02, -1.2727e-01
+2.4650e-02, +4.2290e-03, +2.1256e-01, +2.8965e-02, +4.5598e-02, +4.5772e-02, +6.5918e-02, -1.0000e+00, -1.1194e-03, +4.3671e-02, -6.8432e-03, -1.0126e-01, +4.8544e-02, +4.0663e-01, -5.3944e-02, -1.1978e-01, -1.3018e-02, +9.4603e-02, -4.7357e-03, -2.1258e-02, -6.3428e-02, -6.4808e-04, -5.7124e-02, +8.4330e-02, +1.1585e-01, -6.0074e-02, -1.6136e-02, -3.2839e-02, +1.0348e-01, +2.9803e-02, -2.9201e-02, -8.0252e-02, -5.2000e-03, -6.7118e-03, -6.0018e-02, +3.0968e-01, +1.9473e-02, +5.6660e-02, +1.1134e-02, +3.4772e-02, +1.1673e-02, -4.4604e-02, +2.5749e-02, -1.2928e-01, +2.0114e-01, +4.7999e-02, -6.6699e-02, -8.9294e-03, -3.7764e-03, +3.1496e-01
-1.1665e-01, +1.9748e-02, +6.0898e-02, +4.4990e-02, -2.8977e-02, -3.4798e-02, -2.6919e-02, -1.1193e-03, -1.0000e+00, -5.3532e-02, +7.9323e-02, +4.8180e-02, -2.3716e-02, +4.6075e-02, -2.6509e-03, -5.5011e-02, +1.7317e-02, -1.0699e-02, -1.8708e-02, -3.5442e-02, -1.9754e-02, +6.3365e-02, -1.0223e-02, +3.4763e-02, -6.0088e-02, -1.3244e-03, +4.0260e-02, +6.5839e-02, +3.8811e-02, -1.7842e-02, +1.4703e-02, -5.2631e-02, +4.8092e-02, -1.0616e-01, +5.7840e-02, -1.6859e-03, -1.0119e-01, -1.1527e-02, +3.2502e-02, +3.5037e-02, +2.0747e-02, -2.3117e-02, -4.3450e-02, +4.2739e-02, +1.1968e-02, -6.6502e-02, +3.2573e-02, +9.9866e-02, -3.2843e-02, -3.8277e-02
-4.1673e-02, +5.6105e-02, +5.2388e-02, +1.6282e-02, +3.7130e-02, +2.3941e-02, -7.5576e-02, +4.3671e-02, -5.3532e-02, -1.0000e+00, -4.2770e-02, -5.3628e-02, -3.4513e-02, +1.8883e-02, -1.5758e-02, +2.3776e-02, -1.9664e-03, +4.3578e-02, -8.7440e-03, +1.3365e-02, +4.0480e-02, -3.7362e-02, +8.9824e-03, -1.6511e-02, -4.9696e-02, -9.6242e-03, -3.4790e-02, -1.3704e-03, +2.1665e-02, -2.7062e-02, -2.2144e-02, +4.7077e-02, -2.8359e-02, +2.8555e-02, -4.0364e-02, +1.1700e-01, +2.3642e-02, -3.4346e-02, +1.5578e-02, +8.5997e-02, +1.2659e-02, +1.4965e-01, -9.3603e-03, -2.7119e-02, -1.1553e-01, -1.1745e-02, -1.1960e-02, +5.4908e-02, +4.5018e-02, -1.7045e-02
+5.9376e-03, +6.1068e-03, -1.1051e-01, -7.3850e-03, -4.9965e-02, -2.3172e-02, -3.1523e-02, -6.8432e-03, +7.9323e-02, -4.2770e-02, -1.0000e+00, -1.0299e-01, -1.0060e-01, +8.1200e-02, -9.4431e-02, -1.0482e-01, -3.1258e-02, -7.9879e-02, +2.7035e-02, +2.4761e-02, -3.4859e-02, -1.3433e-02, +8.5774e-03, +1.4863e-01, +8.8449e-03, -7.1432e-02, -4.0944e-03, +4.2702e-03, +1.8609e-03, +2.6042e-02, +6.3128e-03, -3.6271e-02, -9.4142e-03, +6.2824e-02, -8.3226e-02, -4.4496e-02, +4.4711e-02, +2.4454e-02, +4.1125e-02, +3.4860e-02, -1.0307e-01, +2.6247e-02, -9.1330e-02, -7.2216e-02, -3.6733e-02, +5.8586e-02, -1.3307e-01, -4.6135e-02, -6.2737e-03, +6.0448e-02
-5.9340e-02, +3.0799e-02, +2.2473e-02, +1.9455e-02, -3.5931e-02, +2.1824e-02, +1.1318e-01, -1.0126e-01, +4.8180e-02, -5.3628e-02, -1.0299e-01, -1.0000e+00, +5.9925e-02, +2.6588e-01, -3.3802e-03, -1.4983e-01, -5.9108e-02, -8.8496e-03, +8.3029e-02, +8.6658e-03, +4.0959e-02, +2.5656e-02, -6.5947e-02, -1.1836e-03, -4.8697e-02, -8.4714e-02, +5.4282e-02, +2.1282e-02, +1.2388e-04, +9.5738e-03, -1.3036e-02, -4.0683e-02, -9.4115e-03, +6.3848e-02, +2.0703e-02, +6.4245e-02, -1.4818e-02, +8.3877e-02, -2.1916e-02, -1.0494e-02, +3.8539e-02, -4.9344e-02, -1.2560e-01, -4.4467e-02, +8.0931e-02, +5.0787e-02, +4.6990e-02, -1.3265e-01, -1.1500e-02, +5.0941e-02
+8.6020e-02, +4.6825e-02, +6.1240e-03, -3.0185e-02, -3.9836e-02, +2.7040e-02, -1.2430e-02, +4.8544e-02, -2.3716e-02, -3.4513e-02, -1.0060e-01, +5.9925e-02, -1.0000e+00, +7.1276e-02, -8.7866e-02, +3.1490e-02, -4.0624e-02, -2.3707e-02, -3.4639e-03, +1.9341e-02, +1.0616e-02, +5.2329e-03, -4.9302e-02, +1.6912e-02, +1.4127e-02, +1.6916e-02, -1.3709e-02, +5.8739e-02, +2.1586e-02, +4.4123e-02, -4.0762e-02, +2.6886e-03, +3.0967e-03, +3.6177e-02, +2.4608e-02, -1.5227e-02, -2.8542e-02, +2.5919e-02, -9.1813e-03, -6.8411e-02, -6.0206e-02, +3.1405e-02, -1.4454e-02, -7.5914e-02, -6.1103e-02, -2.2943e-02, -1.0828e-01, -9.4674e-02, -2.6396e-02, -7.3576e-03
-1.1372e-01, +1.0170e-01, -7.7699e-02, +6.0351e-02, -7.0626e-02, +1.2328e-02, -2.0811e-02, +4.0663e-01, +4.6075e-02, +1.8883e-02, +8.1200e-02, +2.6588e-01, +7.1276e-02, -1.0000e+00, +1.4763e-02, +1.5572e-01, +4.2732e-02, -5.8156e-02, +5.4082e-03, -3.2477e-03, +9.1775e-02, -4.9814e-02, +1.7150e-01, -2.5333e-02, -5.8015e-02, +5.6443e-03, -5.7272e-02, +3.9012e-02, -7.7143e-02, +3.1227e-02, +1.4291e-02, +8.1651e-02, +4.4836e-02, -3.5939e-02, +6.4030e-02, -2.0138e-01, +1.8653e-02, +2.4692e-02, -2.7734e-02, -6.4416e-02, -4.3874e-04, +5.0813e-02, +4.1325e-02, +1.7944e-01, +5.1813e-02, -5.2681e-02, +1.7121e-01, +7.1146e-02, -3.0072e-02, -2.5198e-01
+2.0991e-02, +1.1308e-01, -3.7864e-02, -1.2235e-02, -2.2558e-02, -1.0723e-01, -3.4617e-02, -5.3944e-02, -2.6509e-03, -1.5758e-02, -9.4431e-02, -3.3802e-03, -8.7866e-02, +1.4763e-02, -1.0000e+00, +5.5218e-03, +4.0281e-02, -6.5528e-03, +2.6324e-02, +2.8868e-02, -4.0469e-02, +4.6354e-03, +3.5607e-04, -2.0533e-02, -1.3000e-02, -3.7309e-02, -1.4419e-01, +1.7316e-03, -5.3978e-02, +2.7580e-02, -7.2219e-02, +4.9409e-02, +5.8006e-02, -2.1238e-02, -2.9896e-03, -3.1130e-02, +1.3464e-01, -1.4601e-02, +6.2436e-02, +2.0924e-02, -3.5385e-02, +6.6064e-02, -2.3296e-02, -5.0451e-02, +1.9885e-02, +9.4130e-03, -1.0763e-01, +7.5371e-02, -3.6627e-02, +9.8024e-02
+4.6331e-03, +2.5327e-02, -8.8973e-03, +1.1299e-03, +1.1837e-02, -8.6913e-02, +4.2105e-02, -1.1978e-01, -5.5011e-02, +2.3776e-02, -1.0482e-01, -1.4983e-01, +3.1490e-02, +1.5572e-01, +5.5218e-03, -1.0000e+00, -9.1728e-02, -3.2421e-02, -4.0340e-02, -7.2569e-02, -9.2484e-02, -2.7844e-02, -7.1137e-02, -6.0611e-02, -3.0982e-04, +3.2537e-02, +2.5951e-02, -9.4596e-02, +2.5543e-02, +2.6797e-02, -7.8437e-02, -4.1537e-02, +8.0279e-04, +8.2099e-02, -5.9275e-02, +1.4243e-01, +3.6830e-02, -4.3175e-02, +3.5263e-02, +1.1422e-01, -8.1763e-03, +3.0813e-03, -1.5931e-02, -2.0433e-02, +3.7313e-02, -2.3140e-02, -8.3175e-02, +2.7739e-02, -4.0437e-02, +8.7244e-02
-4.7477e-02, +8.9820e-02, +7.1697e-02, +2.5006e-02, +1.2891e-02, -8.2356e-03, -7.8308e-02, -1.3018e-02, +1.7317e-02, -1.9665e-03, -3.1258e-02, -5.9108e-02, -4.0624e-02, +4.2732e-02, +4.0281e-02, -9.1728e-02, -1.0000e+00, +1.7624e-03, -4.3896e-02, -3.8044e-02, -2.2933e-02, +2.5138e-02, -1.9770e-02, -1.7569e-02, +4.2212e-02, -7.6287e-03, +1.5990e-02, -3.1936e-02, +1.0545e-02, +1.1150e-02, -2.2755e-02, -3.4970e-02, -3.8847e-02, -2.9469e-03, -2.6696e-02, -1.0350e-02, -2.1575e-02, -8.2576e-03, +9.9099e-02, -4.1304e-02, +3.0091e-02, -2.3779e-04, -4.4173e-02, +8.2868e-03, -3.2097e-02, -2.1872e-02, -2.2052e-02, +5.2422e-02, +4.7120e-02, +4.8685e-02
-1.9791e-02, +2.6295e-03, -4.9985e-02, -2.1143e-02, -2.3909e-02, -4.9635e-02, -1.8016e-02, +9.4603e-02, -1.0699e-02, +4.3578e-02, -7.9879e-02, -8.8496e-03, -2.3707e-02, -5.8156e-02, -6.5528e-03, -3.2421e-02, +1.7624e-03, -1.0000e+00, -2.3033e-02, -3.0456e-02, -1.2874e-02, -7.2190e-02, +1.2133e-01, +5.0160e-02, +1.5975e-02, -7.2456e-02, -3.3540e-02, -3.4117e-02, +2.5075e-02, -8.9264e-03, +8.8124e-03, -5.0707e-02, +1.4977e-02, +3.7711e-02, +4.6167e-02, -3.9043e-02, +3.6126e-02, -3.5266e-02, +3.4597e-02, -2.3976e-02, +8.0577e-03, +2.3429e-02, -4.9160e-02, -3.1518e-02, +1.0457e-02, +6.4287e-02, -4.4592e-02, +5.6067e-02, -1.7513e-02, -3.8824e-02
-2.5302e-02, +2.1068e-02, -1.2873e-02, -4.1475e-02, +4.5814e-02, -5.0269e-02, +7.8958e-02, -4.7357e-03, -1.8708e-02, -8.7440e-03, +2.7035e-02, +8.3029e-02, -3.4639e-03, +5.4082e-03, +2.6324e-02, -4.0340e-02, -4.3896e-02, -2.3033e-02, -1.0000e+00, -1.3052e-02, +2.1054e-02, -1.9286e-03, +1.9159e-03, -4.6211e-02, +4.4746e-02, -2.7971e-02, +1.8410e-02, +1.8655e-02, -1.1150e-02, -1.4867e-02, -6.4499e-02, -6.8831e-02, -6.1323e-02, -3.8337e-02, +7.1166e-02, -7.1109e-03, +6.9673e-02, -3.4925e-02, -6.4268e-02, +7.9101e-02, -4.3146e-02, +3.0750e-02, -2.5239e-03, -3.6093e-02, -6.5112e-03, -6.6778e-03, -1.4796e-01, -2.0423e-02, +6.9070e-02, +2.1423e-02
-1.0628e-02, -7.5027e-03, -6.2265e-02, -7.1309e-02, -1.7533e-03, +2.2838e-02, +3.8709e-02, -2.1258e-02, -3.5442e-02, +1.3365e-02, +2.4761e-02, +8.6658e-03, +1.9341e-02, -3.2477e-03, +2.8868e-02, -7.2569e-02, -3.8044e-02, -3.0456e-02, -1.3052e-02, -1.0000e+00, -6.5957e-02, -3.1177e-02, +1.2073e-02, -2.6259e-02, +4.5212e-02, +2.4227e-02, -2.1006e-02, +1.5559e-02, +1.6616e-02, -2.1076e-02, +3.5889e-02, +2.9968e-02, -8.4920e-02, -2.2069e-02, -1.9874e-02, -2.8218e-02, +7.0130e-02, +2.0486e-02, -1.9635e-02, +1.8629e-02, +1.1366e-02, +3.1372e-02, -4.2925e-02, -2.6927e-02, +7.6440e-02, +1.5166e-02, -7.2712e-02, +1.3921e-02, +6.0620e-04, -3.4316e-02
+1.6319e-02, +9.9040e-04, +9.7856e-02, +4.5550e-02, +4.5761e-02, -1.2758e-02, +5.5405e-03, -6.3428e-02, -1.9754e-02, +4.0480e-02, -3.4859e-02, +4.0959e-02, +1.0616e-02, +9.1775e-02, -4.0469e-02, -9.2484e-02, -2.2933e-02, -1.2874e-02, +2.1054e-02, -6.5957e-02, -1.0000e+00, -7.9045e-03, -1.5698e-02, +4.8833e-02, -5.8696e-02, +5.6567e-02, -2.3117e-02, +1.5065e-02, -1.4601e-03, +8.5540e-02, -2.1981e-02, +4.1519e-02, -2.0594e-02, -1.1155e-02, +1.6172e-02, +8.2108e-02, -3.0173e-03, -3.2044e-03, +4.6181e-02, +7.7868e-02, -3.8214e-02, -4.8663e-02, +4.0438e-02, -3.6926e-02, -8.3228e-03, +2.1832e-02, -4.8940e-02, +4.8095e-02, +1.1958e-02, -3.5169e-02
-1.3534e-02, -9.7659e-02, -9.4389e-02, -2.5432e-02, -2.9749e-03, -3.5498e-02, -3.5368e-02, -6.4806e-04, +6.3365e-02, -3.7362e-02, -1.3433e-02, +2.5656e-02, +5.2329e-03, -4.9814e-02, +4.6354e-03, -2.7844e-02, +2.5138e-02, -7.2190e-02, -1.9286e-03, -3.1177e-02, -7.9045e-03, -1.0000e+00, +1.9348e-02, -3.4289e-02, -1.1538e-01, -9.5493e-02, -3.8485e-02, -6.9508e-02, -5.1243e-02, +3.1590e-03, -1.5620e-02, -4.8609e-02, -1.5761e-01, +3.1203e-02, +1.3103e-01, +2.4957e-02, +9.6263e-02, +3.1326e-02, +7.1539e-03, -1.6558e-02, -5.3969e-02, +1.5387e-02, +5.2674e-02, +2.6135e-03, +4.2943e-02, +1.5567e-02, -3.7309e-02, -6.0459e-02, -2.6517e-02, +2.2703e-02
+1.1820e-02, +8.7757e-03, +1.9435e-02, -4.6881e-02, -2.2621e-02, -1.3987e-02, -1.3190e-02, -5.7124e-02, -1.0223e-02, +8.9824e-03, +8.5774e-03, -6.5947e-02, -4.9302e-02, +1.7150e-01, +3.5607e-04, -7.1137e-02, -1.9770e-02, +1.2133e-01, +1.9159e-03, +1.2073e-02, -1.5698e-02, +1.9348e-02, -1.0000e+00, -2.7486e-02, -1.6450e-02, -7.1083e-02, +2.2975e-02, -3.7931e-02, +6.4689e-02, +3.9705e-02, -3.2408e-02, -5.6444e-02, -6.9317e-02, +1.7241e-02, -8.2833e-02, +4.3603e-02, +4.2730e-03, -5.3239e-02, +4.5050e-02, +7.6977e-02, -1.5043e-02, -6.5919e-04, -6.5140e-02, -3.4706e-02, -8.3754e-02, -1.7242e-02, -1.6999e-01, -2.5425e-02, -3.9003e-02, +6.4492e-02
+1.0498e-02, +2.0845e-02, -7.0935e-02, -9.9159e-02, -2.9481e-02, -3.0748e-02, +1.3835e-02, +8.4330e-02, +3.4763e-02, -1.6511e-02, +1.4863e-01, -1.1836e-03, +1.6912e-02, -2.5333e-02, -2.0533e-02, -6.0611e-02, -1.7569e-02, +5.0160e-02, -4.6211e-02, -2.6259e-02, +4.8833e-02, -3.4289e-02, -2.7486e-02, -1.0000e+00, -3.9943e-02, -7.8203e-02, -9.7550e-02, -3.5029e-02, -6.2069e-02, -1.7988e-02, -7.5589e-02, -2.7702e-03, -1.0033e-01, -6.4607e-02, +7.0566e-02, -1.2640e-02, +9.3849e-02, -9.1306e-02, +2.6028e-02, +2.0029e-02, +7.9436e-02, +1.4738e-02, +2.0778e-02, +1.3845e-02, -1.1919e-02, -6.9023e-02, -3.1112e-02, -2.3340e-02, +5.1621e-02, +6.8850e-03
+8.4241e-02, +1.3685e-02, -6.6780e-02, -1.6118e-01, +2.6486e-02, -1.9568e-03, -9.2956e-02, +1.1585e-01, -6.0088e-02, -4.9696e-02, +8.8449e-03, -4.8697e-02, +1.4127e-02, -5.8015e-02, -1.3000e-02, -3.0982e-04, +4.2212e-02, +1.5975e-02, +4.4746e-02, +4.5212e-02, -5.8696e-02, -1.1538e-01, -1.6450e-02, -3.9943e-02, -1.0000e+00, +3.1706e-02, -6.3447e-03, +4.6140e-03, -2.7084e-02, -1.6991e-03, +2.4537e-02, -3.3111e-02, -3.0721e-02, +1.0808e-02, +7.9719e-02, +1.3888e-02, +8.9549e-02, +2.1684e-02, +3.3693e-02, -2.4240e-03, +5.0494e-02, -1.6939e-02, +2.1026e-02, -5.2388e-02, -7.1699e-02, -2.0232e-02, -2.6780e-02, -1.9606e-01, -5.9852e-02, -6.1713e-02
-2.3573e-02, -4.7582e-02, +7.6373e-03, -9.5622e-02, +2.6887e-03, -8.5307e-02, -3.5382e-02, -6.0074e-02, -1.3244e-03, -9.6242e-03, -7.1432e-02, -8.4714e-02, +1.6916e-02, +5.6443e-03, -3.7309e-02, +3.2537e-02, -7.6287e-03, -7.2456e-02, -2.7971e-02, +2.4227e-02, +5.6567e-02, -9.5493e-02, -7.1083e-02, -7.8203e-02, +3.1706e-02, -1.0000e+00, -5.2491e-02, -3.0801e-02, -4.7259e-02, -1.1851e-01, -8.8963e-02, -5.5075e-02, -1.0133e-01, +8.3598e-03, +9.7331e-03, -1.9668e-02, +2.4094e-03, -1.7474e-02, +4.8071e-02, +8.3912e-02, +3.2283e-02, -2.4995e-02, -5.0592e-02, -1.2369e-01, +8.6189e-02, +3.1771e-02, -8.8750e-02, -1.7063e-02, +3.3560e-02, +8.1170e-02
+7.8930e-03, +5.8578e-02, -7.1755e-02, +3.9892e-02, -4.5961e-02, -2.6686e-02, -1.8021e-02, -1.6136e-02, +4.0260e-02, -3.4790e-02, -4.0944e-03, +5.4282e-02, -1.3709e-02, -5.7272e-02, -1.4419e-01, +2.5951e-02, +1.5990e-02, -3.3540e-02, +1.8410e-02, -2.1006e-02, -2.3117e-02, -3.8485e-02, +2.2975e-02, -9.7550e-02, -6.3447e-03, -5.2491e-02, -1.0000e+00, -4.9003e-02, -1.0128e-01, +1.2162e-02, -6.4614e-02, +5.9894e-03, -2.0512e-02, +6.7617e-03, -1.1155e-02, +3.9075e-02, +8.8172e-02, -2.9691e-02, +4.7395e-02, +1.3023e-01, -8.2626e-02, +5.8140e-02, -5.0353e-02, -2.2680e-02, +6.5249e-03, +2.1500e-03, +3.2973e-02, +9.9859e-02, +5.8864e-02, -2.9964e-02
+2.5357e-02, +1.4420e-02, -7.7610e-03, +3.8802e-02, +1.1223e-02, -5.4983e-02, -8.4784e-02, -3.2839e-02, +6.5839e-02, -1.3704e-03, +4.2702e-03, +2.1282e-02, +5.8739e-02, +3.9012e-02, +1.7316e-03, -9.4596e-02, -3.1936e-02, -3.4117e-02, +1.8655e-02, +1.5559e-02, +1.5065e-02, -6.9508e-02, -3.7931e-02, -3.5029e-02, +4.6140e-03, -3.0801e-02, -4.9003e-02, -1.0000e+00, -6.2985e-02, +8.5151e-03, -6.3115e-02, -1.7162e-02, -1.5390e-02, +7.5535e-03, -1.4961e-02, +7.5589e-02, -5.9491e-02, +1.2090e-02, +1.1955e-02, +4.8664e-02, +3.5277e-02, +9.3246e-03, +1.5774e-02, -1.1045e-02, -4.9949e-03, +1.5169e-02, -2.1682e-02, +9.1694e-02, +1.5138e-02, -2.4607e-02
+1.5208e-03, +6.6910e-02, -6.2064e-02, -7.3850e-02, -4.8604e-02, -5.4201e-02, -2.3050e-02, +1.0348e-01, +3.8811e-02, +2.1665e-02, +1.8609e-03, +1.2388e-04, +2.1586e-02, -7.7143e-02, -5.3978e-02, +2.5543e-02, +1.0545e-02, +2.5075e-02, -1.1150e-02, +1.6616e-02, -1.4601e-03, -5.1243e-02, +6.4689e-02, -6.2069e-02, -2.7084e-02, -4.7259e-02, -1.0128e-01, -6.2985e-02, -1.0000e+00, -7.9213e-02, -3.7438e-02, +2.3469e-02, -5.8201e-02, +3.9063e-03, +8.1853e-03, -1.2502e-01, +5.7858e-02, -4.3472e-02, +5.8330e-02, +6.4061e-03, -2.1866e-03, +3.2178e-03, -1.3367e-02, -1.4895e-02, +5.7741e-02, +6.9355e-02, -7.2167e-02, +2.3285e-02, +5.0827e-02, +1.5876e-02
-4.1370e-02, +2.5818e-02, -4.0276e-02, -1.2538e-01, -3.1840e-02, -8.8946e-02, +3.9058e-02, +2.9803e-02, -1.7842e-02, -2.7062e-02, +2.6042e-02, +9.5738e-03, +4.4123e-02, +3.1227e-02, +2.7580e-02, +2.6797e-02, +1.1150e-02, -8.9264e-03, -1.4867e-02, -2.1076e-02, +8.5540e-02, +3.1590e-03, +3.9705e-02, -1.7988e-02, -1.6991e-03, -1.1851e-01, +1.2162e-02, +8.5151e-03, -7.9213e-02, -1.0000e+00, +4.8609e-02, -1.1057e-01, -1.0921e-01, -6.1627e-02, +6.0812e-02, -1.9650e-02, +7.1653e-02, +4.3419e-02, -1.7629e-02, -2.6825e-05, +2.7658e-02, -5.8574e-03, -4.3867e-03, -2.5290e-02, -8.1449e-02, +9.7046e-02, -8.7584e-02, -2.8207e-02, -9.0290e-03, +1.1414e-01
+7.3567e-03, +9.1540e-02, +4.1484e-03, +2.3492e-02, +5.8068e-02, -6.6604e-02, -7.7057e-03, -2.9201e-02, +1.4703e-02, -2.2144e-02, +6.3128e-03, -1.3036e-02, -4.0762e-02, +1.4291e-02, -7.2219e-02, -7.8437e-02, -2.2755e-02, +8.8124e-03, -6.4500e-02, +3.5889e-02, -2.1981e-02, -1.5620e-02, -3.2408e-02, -7.5589e-02, +2.4537e-02, -8.8963e-02, -6.4613e-02, -6.3115e-02, -3.7438e-02, +4.8609e-02, -1.0000e+00, -1.0988e-02, +2.3283e-03, -3.0044e-02, +3.1906e-02, +2.0482e-02, +1.4771e-01, -1.5246e-02, +5.9542e-02, +6.2791e-02, -9.5684e-02, +6.0580e-02, -3.7795e-03, -2.8557e-02, -4.8986e-02, -4.5484e-02, -9.2376e-02, +5.7033e-02, +7.5863e-02, +4.3977e-02
+6.4282e-02, -2.2405e-02, -4.6755e-02, -3.9819e-02, +1.9968e-02, -6.1926e-02, -4.2757e-02, -8.0252e-02, -5.2631e-02, +4.7077e-02, -3.6271e-02, -4.0683e-02, +2.6886e-03, +8.1651e-02, +4.9409e-02, -4.1537e-02, -3.4970e-02, -5.0707e-02, -6.8831e-02, +2.9968e-02, +4.1519e-02, -4.8609e-02, -5.6444e-02, -2.7702e-03, -3.3111e-02, -5.5075e-02, +5.9894e-03, -1.7162e-02, +2.3469e-02, -1.1057e-01, -1.0988e-02, -1.0000e+00, -9.0579e-02, -2.6319e-02, -3.9954e-02, +4.6045e-02, +4.4253e-02, -7.3009e-02, +4.7415e-02, +8.4527e-02, +1.8853e-02, -3.2358e-02, -1.9700e-02, -1.1142e-01, -1.0484e-02, +7.0922e-04, -1.4730e-01, -1.6569e-01, -1.8942e-02, +1.4521e-01
+4.8795e-03, -3.2958e-02, -7.7590e-02, -9.4417e-02, +9.3541e-02, -5.1751e-02, +1.6034e-02, -5.2000e-03, +4.8092e-02, -2.8359e-02, -9.4142e-03, -9.4115e-03, +3.0967e-03, +4.4836e-02, +5.8006e-02, +8.0278e-04, -3.8847e-02, +1.4977e-02, -6.1323e-02, -8.4920e-02, -2.0594e-02, -1.5761e-01, -6.9317e-02, -1.0033e-01, -3.0721e-02, -1.0133e-01, -2.0512e-02, -1.5390e-02, -5.8201e-02, -1.0921e-01, +2.3283e-03, -9.0579e-02, -1.0000e+00, +3.0315e-02, +1.6876e-02, -5.5084e-02, +1.1877e-01, -6.4469e-02, +4.0504e-02, -1.4929e-01, +3.2494e-02, +2.2317e-02, -5.0082e-03, -2.8547e-02, +7.3217e-03, +3.2798e-02, -6.3281e-02, -1.0557e-01, -3.8495e-03, +5.2492e-02
+5.5291e-02, +4.2169e-02, -8.2841e-02, -7.4099e-02, -2.7135e-02, -6.1719e-02, +8.7080e-02, -6.7118e-03, -1.0616e-01, +2.8555e-02, +6.2824e-02, +6.3848e-02, +3.6177e-02, -3.5939e-02, -2.1238e-02, +8.2099e-02, -2.9469e-03, +3.7711e-02, -3.8337e-02, -2.2069e-02, -1.1155e-02, +3.1203e-02, +1.7241e-02, -6.4607e-02, +1.0808e-02, +8.3598e-03, +6.7617e-03, +7.5535e-03, +3.9063e-03, -6.1627e-02, -3.0044e-02, -2.6319e-02, +3.0315e-02, -1.0000e+00, +4.6528e-02, -1.1799e-02, +4.0115e-02, +1.3145e-02, -1.7642e-03, +6.5219e-03, -3.3892e-02, +2.9599e-02, -1.1382e-02, -4.4549e-02, -3.1119e-02, -3.0613e-02, -1.9699e-02, -5.3321e-03, +2.0769e-02, +2.0094e-02
+1.1043e-02, +1.4056e-02, +1.6530e-02, -8.1342e-03, +5.1352e-02, +1.8048e-03, +2.1572e-03, -6.0018e-02, +5.7840e-02, -4.0364e-02, -8.3226e-02, +2.0703e-02, +2.4608e-02, +6.4030e-02, -2.9896e-03, -5.9275e-02, -2.6696e-02, +4.6167e-02, +7.1166e-02, -1.9874e-02, +1.6172e-02, +1.3103e-01, -8.2833e-02, +7.0566e-02, +7.9719e-02, +9.7331e-03, -1.1155e-02, -1.4961e-02, +8.1853e-03, +6.0812e-02, +3.1906e-02, -3.9954e-02, +1.6876e-02, +4.6528e-02, -1.0000e+00, +2.5678e-02, -4.1808e-02, +6.2843e-03, -6.9423e-02, +6.4583e-03, -7.8673e-02, +1.7048e-04, -2.0027e-02, -7.6649e-03, -3.4463e-02, -4.4188e-02, +2.7081e-02, -3.0942e-02, -6.4611e-02, +7.6639e-02
-3.2264e-02, -4.0446e-03, -8.2284e-02, -6.2706e-02, -1.5480e-02, +1.7317e-02, +1.7626e-02, +3.0968e-01, -1.6859e-03, +1.1700e-01, -4.4496e-02, +6.4245e-02, -1.5227e-02, -2.0138e-01, -3.1130e-02, +1.4243e-01, -1.0350e-02, -3.9043e-02, -7.1108e-03, -2.8218e-02, +8.2108e-02, +2.4957e-02, +4.3603e-02, -1.2640e-02, +1.3888e-02, -1.9668e-02, +3.9075e-02, +7.5589e-02, -1.2502e-01, -1.9650e-02, +2.0482e-02, +4.6044e-02, -5.5084e-02, -1.1799e-02, +2.5678e-02, -1.0000e+00, +5.7594e-03, +1.3702e-02, -4.0093e-02, -1.1974e-01, +1.6437e-02, +2.9856e-02, -8.9838e-03, -1.5972e-02, +1.9157e-01, +6.6381e-03, +9.7922e-03, +2.9421e-02, -2.7328e-02, +1.9741e-01
+3.8704e-02, -4.5171e-02, +3.7522e-03, +1.1096e-01, +3.2600e-02, +1.1217e-01, +1.7287e-02, +1.9473e-02, -1.0119e-01, +2.3642e-02, +4.4711e-02, -1.4818e-02, -2.8542e-02, +1.8653e-02, +1.3464e-01, +3.6830e-02, -2.1575e-02, +3.6126e-02, +6.9673e-02, +7.0130e-02, -3.0173e-03, +9.6263e-02, +4.2730e-03, +9.3849e-02, +8.9549e-02, +2.4094e-03, +8.8172e-02, -5.9491e-02, +5.7858e-02, +7.1653e-02, +1.4771e-01, +4.4253e-02, +1.1877e-01, +4.0115e-02, -4.1808e-02, +5.7594e-03, -1.0000e+00, +9.8874e-02, -9.8329e-02, +1.6878e-02, +2.5695e-02, -3.9448e-02, -1.6610e-02, +7.6062e-02, -4.7768e-03, -4.5218e-02, +3.4438e-02, +3.6434e-02, -5.7223e-02, -1.1896e-01
-2.0466e-02, +6.2443e-03, -8.9785e-02, -6.6972e-02, +3.9829e-02, -5.8246e-02, +2.1204e-02, +5.6660e-02, -1.1528e-02, -3.4346e-02, +2.4454e-02, +8.3877e-02, +2.5919e-02, +2.4692e-02, -1.4601e-02, -4.3175e-02, -8.2576e-03, -3.5266e-02, -3.4925e-02, +2.0486e-02, -3.2044e-03, +3.1326e-02, -5.3239e-02, -9.1306e-02, +2.1684e-02, -1.7474e-02, -2.9691e-02, +1.2090e-02, -4.3472e-02, +4.3419e-02, -1.5246e-02, -7.3009e-02, -6.4469e-02, +1.3145e-02, +6.2843e-03, +1.3702e-02, +9.8874e-02, -1.0000e+00, +1.3245e-02, +6.1038e-02, +2.4206e-02, +5.2839e-03, +1.7649e-02, -2.6489e-03, -7.5454e-03, +2.9507e-02, -9.2725e-04, +2.5890e-02, +1.7966e-03, -2.8924e-02
+2.5048e-02, -5.2125e-02, +2.5826e-02, -6.9225e-02, +2.8065e-02, +7.5345e-02, +1.2091e-02, +1.1134e-02, +3.2502e-02, +1.5578e-02, +4.1125e-02, -2.1916e-02, -9.1813e-03, -2.7734e-02, +6.2436e-02, +3.5263e-02, +9.9099e-02, +3.4597e-02, -6.4268e-02, -1.9635e-02, +4.6181e-02, +7.1539e-03, +4.5050e-02, +2.6028e-02, +3.3693e-02, +4.8071e-02, +4.7395e-02, +1.1955e-02, +5.8330e-02, -1.7629e-02, +5.9542e-02, +4.7415e-02, +4.0504e-02, -1.7642e-03, -6.9423e-02, -4.0093e-02, -9.8329e-02, +1.3245e-02, -1.0000e+00, -7.2517e-02, +1.0989e-01, -3.8358e-02, -1.8440e-02, +3.4166e-02, +1.1090e-01, +3.2106e-02, -4.6628e-03, +1.9358e-02, -1.0654e-02, -1.6942e-02
+2.0787e-02, -8.1142e-02, -2.8904e-02, -1.1717e-02, -5.1417e-02, +1.8124e-02, +4.9756e-02, +3.4772e-02, +3.5037e-02, +8.5997e-02, +3.4860e-02, -1.0494e-02, -6.8411e-02, -6.4416e-02, +2.0924e-02, +1.1422e-01, -4.1304e-02, -2.3976e-02, +7.9101e-02, +1.8629e-02, +7.7868e-02, -1.6558e-02, +7.6977e-02, +2.0029e-02, -2.4239e-03, +8.3912e-02, +1.3023e-01, +4.8664e-02, +6.4061e-03, -2.6822e-05, +6.2791e-02, +8.4527e-02, -1.4929e-01, +6.5219e-03, +6.4583e-03, -1.1974e-01, +1.6878e-02, +6.1038e-02, -7.2517e-02, -1.0000e+00, +1.6628e-02, +5.2359e-02, +9.0167e-03, +8.9263e-02, +8.6275e-02, +7.8311e-02, +5.7175e-02, +3.9228e-02, -1.2988e-02, -9.9542e-02
+6.5270e-02, +8.8090e-02, -4.2101e-02, -2.3519e-02, -7.5411e-02, +1.0006e-02, -1.3531e-02, +1.1673e-02, +2.0747e-02, +1.2659e-02, -1.0307e-01, +3.8539e-02, -6.0206e-02, -4.3874e-04, -3.5385e-02, -8.1763e-03, +3.0091e-02, +8.0577e-03, -4.3146e-02, +1.1366e-02, -3.8214e-02, -5.3969e-02, -1.5043e-02, +7.9436e-02, +5.0494e-02, +3.2283e-02, -8.2626e-02, +3.5277e-02, -2.1866e-03, +2.7658e-02, -9.5684e-02, +1.8853e-02, +3.2494e-02, -3.3892e-02, -7.8673e-02, +1.6437e-02, +2.5695e-02, +2.4206e-02, +1.0989e-01, +1.6628e-02, -1.0000e+00, +1.1313e-01, -3.2614e-02, +1.3613e-02, -1.3773e-02, +4.0051e-02, -5.3493e-02, +1.7515e-01, +1.9677e-02, +6.4055e-03
+1.7379e-02, +2.2045e-02, -9.2848e-04, +1.8781e-02, +3.7987e-02, +6.4709e-02, +3.1773e-02, -4.4604e-02, -2.3117e-02, +1.4965e-01, +2.6247e-02, -4.9344e-02, +3.1405e-02, +5.0813e-02, +6.6064e-02, +3.0813e-03, -2.3778e-04, +2.3429e-02, +3.0750e-02, +3.1372e-02, -4.8663e-02, +1.5387e-02, -6.5920e-04, +1.4738e-02, -1.6939e-02, -2.4995e-02, +5.8140e-02, +9.3246e-03, +3.2178e-03, -5.8574e-03, +6.0580e-02, -3.2358e-02, +2.2317e-02, +2.9599e-02, +1.7047e-04, +2.9856e-02, -3.9448e-02, +5.2839e-03, -3.8358e-02, +5.2359e-02, +1.1313e-01, -1.0000e+00, -5.8244e-02, +1.6143e-02, +1.0583e-01, -7.8463e-02, +6.0635e-03, +4.9945e-02, -8.9795e-03, -1.1210e-01
+5.1597e-02, -5.4559e-03, -6.1529e-02, +4.8506e-02, -2.3931e-02, -1.2388e-02, -1.5994e-02, +2.5749e-02, -4.3450e-02, -9.3603e-03, -9.1330e-02, -1.2560e-01, -1.4454e-02, +4.1325e-02, -2.3296e-02, -1.5931e-02, -4.4173e-02, -4.9160e-02, -2.5239e-03, -4.2925e-02, +4.0438e-02, +5.2674e-02, -6.5140e-02, +2.0778e-02, +2.1026e-02, -5.0592e-02, -5.0353e-02, +1.5774e-02, -1.3367e-02, -4.3867e-03, -3.7795e-03, -1.9700e-02, -5.0082e-03, -1.1382e-02, -2.0027e-02, -8.9838e-03, -1.6610e-02, +1.7649e-02, -1.8440e-02, +9.0167e-03, -3.2614e-02, -5.8244e-02, -1.0000e+00, -5.0627e-02, +6.4212e-03, +3.8183e-02, -1.5790e-02, +2.7299e-02, -4.2975e-02, +5.2953e-03
+7.8382e-02, -2.3588e-02, -2.0236e-02, -1.3679e-01, +1.3192e-01, -3.9229e-02, +3.9384e-02, -1.2928e-01, +4.2739e-02, -2.7119e-02, -7.2216e-02, -4.4467e-02, -7.5914e-02, +1.7944e-01, -5.0451e-02, -2.0433e-02, +8.2868e-03, -3.1518e-02, -3.6093e-02, -2.6927e-02, -3.6926e-02, +2.6135e-03, -3.4706e-02, +1.3845e-02, -5.2388e-02, -1.2369e-01, -2.2680e-02, -1.1045e-02, -1.4895e-02, -2.5290e-02, -2.8557e-02, -1.1142e-01, -2.8547e-02, -4.4549e-02, -7.6649e-03, -1.5972e-02, +7.6062e-02, -2.6489e-03, +3.4166e-02, +8.9263e-02, +1.3613e-02, +1.6143e-02, -5.0627e-02, -1.0000e+00, -5.7363e-02, -3.5467e-02, -1.2336e-01, -1.7085e-01, -3.7717e-02, +1.7406e-01
-4.2158e-03, -3.0915e-02, +2.7253e-02, +5.8132e-02, -2.8747e-02, +1.9255e-02, -3.9659e-02, +2.0114e-01, +1.1968e-02, -1.1553e-01, -3.6733e-02, +8.0931e-02, -6.1103e-02, +5.1813e-02, +1.9885e-02, +3.7313e-02, -3.2097e-02, +1.0457e-02, -6.5112e-03, +7.6440e-02, -8.3228e-03, +4.2943e-02, -8.3754e-02, -1.1919e-02, -7.1699e-02, +8.6189e-02, +6.5249e-03, -4.9949e-03, +5.7741e-02, -8.1449e-02, -4.8986e-02, -1.0484e-02, +7.3217e-03, -3.1119e-02, -3.4463e-02, +1.9157e-01, -4.7768e-03, -7.5454e-03, +1.1090e-01, +8.6275e-02, -1.3773e-02, +1.0583e-01, +6.4213e-03, -5.7363e-02, -1.0000e+00, -2.7061e-02, -2.6511e-02, +1.7022e-02, +8.3222e-02, +2.4675e-01
-1.0944e-02, +2.4142e-03, -1.1975e-02, +3.6252e-02, -3.2362e-02, -1.0002e-02, +5.5165e-02, +4.7999e-02, -6.6502e-02, -1.1745e-02, +5.8586e-02, +5.0787e-02, -2.2943e-02, -5.2681e-02, +9.4130e-03, -2.3140e-02, -2.1872e-02, +6.4287e-02, -6.6778e-03, +1.5166e-02, +2.1832e-02, +1.5567e-02, -1.7242e-02, -6.9023e-02, -2.0232e-02, +3.1771e-02, +2.1500e-03, +1.5169e-02, +6.9355e-02, +9.7046e-02, -4.5484e-02, +7.0923e-04, +3.2798e-02, -3.0613e-02, -4.4188e-02, +6.6381e-03, -4.5218e-02, +2.9507e-02, +3.2106e-02, +7.8311e-02, +4.0051e-02, -7.8463e-02, +3.8183e-02, -3.5467e-02, -2.7061e-02, -1.0000e+00, +4.0593e-02, +3.6714e-02, -2.8555e-02, -6.5629e-02
+3.6549e-02, -2.0017e-02, +5.8850e-02, -1.7617e-02, -2.9685e-03, -1.9483e-01, +2.6089e-02, -6.6699e-02, +3.2573e-02, -1.1960e-02, -1.3307e-01, +4.6990e-02, -1.0828e-01, +1.7121e-01, -1.0763e-01, -8.3175e-02, -2.2052e-02, -4.4592e-02, -1.4796e-01, -7.2712e-02, -4.8940e-02, -3.7309e-02, -1.6999e-01, -3.1112e-02, -2.6780e-02, -8.8750e-02, +3.2973e-02, -2.1682e-02, -7.2167e-02, -8.7584e-02, -9.2376e-02, -1.4730e-01, -6.3281e-02, -1.9699e-02, +2.7081e-02, +9.7923e-03, +3.4438e-02, -9.2725e-04, -4.6628e-03, +5.7175e-02, -5.3493e-02, +6.0635e-03, -1.5790e-02, -1.2336e-01, -2.6511e-02, +4.0593e-02, -1.0000e+00, -5.3745e-02, +3.7224e-02, +1.3496e-01
+1.0642e-01, -1.7414e-01, -7.3165e-02, -4.9195e-02, +1.2823e-01, +5.3058e-02, +2.8942e-02, -8.9294e-03, +9.9866e-02, +5.4908e-02, -4.6135e-02, -1.3265e-01, -9.4674e-02, +7.1146e-02, +7.5371e-02, +2.7739e-02, +5.2422e-02, +5.6067e-02, -2.0423e-02, +1.3921e-02, +4.8095e-02, -6.0459e-02, -2.5425e-02, -2.3340e-02, -1.9606e-01, -1.7063e-02, +9.9859e-02, +9.1694e-02, +2.3285e-02, -2.8207e-02, +5.7033e-02, -1.6569e-01, -1.0557e-01, -5.3321e-03, -3.0942e-02, +2.9421e-02, +3.6434e-02, +2.5890e-02, +1.9358e-02, +3.9228e-02, +1.7515e-01, +4.9945e-02, +2.7299e-02, -1.7085e-01, +1.7022e-02, +3.6714e-02, -5.3745e-02, -1.0000e+00, -8.4035e-02, +1.2291e-01
+6.9207e-02, +2.7750e-02, -8.5015e-02, +3.5774e-02, +1.3999e-02, +1.8441e-02, -3.0910e-02, -3.7764e-03, -3.2843e-02, +4.5018e-02, -6.2738e-03, -1.1500e-02, -2.6396e-02, -3.0072e-02, -3.6627e-02, -4.0437e-02, +4.7120e-02, -1.7513e-02, +6.9070e-02, +6.0620e-04, +1.1958e-02, -2.6517e-02, -3.9003e-02, +5.1621e-02, -5.9852e-02, +3.3560e-02, +5.8864e-02, +1.5138e-02, +5.0828e-02, -9.0290e-03, +7.5863e-02, -1.8942e-02, -3.8495e-03, +2.0769e-02, -6.4611e-02, -2.7328e-02, -5.7223e-02, +1.7966e-03, -1.0654e-02, -1.2988e-02, +1.9677e-02, -8.9795e-03, -4.2975e-02, -3.7717e-02, +8.3222e-02, -2.8555e-02, +3.7224e-02, -8.4035e-02, -1.0000e+00, -1.8387e-02
-2.5714e-02, +4.3581e-03, -9.2587e-02, +7.8698e-02, +1.3668e-02, +1.0476e-02, -1.2727e-01, +3.1496e-01, -3.8277e-02, -1.7045e-02, +6.0448e-02, +5.0941e-02, -7.3577e-03, -2.5198e-01, +9.8024e-02, +8.7244e-02, +4.8685e-02, -3.8824e-02, +2.1423e-02, -3.4316e-02, -3.5169e-02, +2.2703e-02, +6.4492e-02, +6.8850e-03, -6.1713e-02, +8.1170e-02, -2.9964e-02, -2.4607e-02, +1.5876e-02, +1.1414e-01, +4.3977e-02, +1.4521e-01, +5.2492e-02, +2.0094e-02, +7.6639e-02, +1.9741e-01, -1.1896e-01, -2.8924e-02, -1.6942e-02, -9.9542e-02, +6.4055e-03, -1.1210e-01, +5.2953e-03, +1.7406e-01, +2.4675e-01, -6.5629e-02, +1.3496e-01, +1.2291e-01, -1.8387e-02, -1.0000e+00
