-1.0000e+00, +2.6865e-02, -2.5162e-01, +7.4956e-02, +1.4455e-02, -1.1745e-01, +7.7615e-02, +7.1806e-02, -2.2376e-01, +4.6070e-02, -3.9265e-02, +8.5189e-02, -5.1996e-02, -2.2766e-02, -1.2245e-01, -2.1002e-01, -9.8206e-03, +1.6516e-02, -4.0356e-02, -3.0881e-02, -3.3787e-02, -1.4256e-01, -4.3682e-02, +1.7054e-01, +1.4011e-01, -5.6107e-02, +7.6201e-02, +2.0439e-02, +8.3988e-02, -7.6167e-02, +3.3688e-02, +6.4371e-02, -9.0558e-02, +8.6968e-02, -1.1067e-01, -6.1206e-02, +3.0167e-01, -2.1512e-02, -8.9670e-03, -1.9879e-02, +2.9974e-02, +1.0981e-01, -2.3512e-01, -2.0619e-02, -8.8187e-02, -1.6150e-01, -8.2390e-02, +3.2723e-01, -3.7188e-02, -1.6355e-01
+2.6865e-02, -1.0000e+00, +1.2127e-01, +1.5868e-02, +1.2440e-02, +4.7984e-02, +3.6557e-03, +5.7507e-02, -1.1440e-01, +9.5752e-02, +1.1598e-01, +1.0902e-02, +2.9910e-02, +6.5487e-02, -1.1121e-02, +5.7168e-02, +2.1655e-02, -2.8293e-02, +9.0296e-03, -7.5908e-02, +3.5096e-03, +9.2074e-02, -4.2876e-02, +2.4191e-01, -5.0559e-02, -9.1356e-02, +5.5678e-02, -3.7540e-02, +2.3436e-02, +5.2349e-02, -2.3744e-02, +8.4466e-02, -7.4550e-02, -3.9484e-02, -5.5493e-02, -5.5556e-02, +1.5338e-01, -7.3142e-02, -7.4781e-02, -4.7881e-03, -4.4216e-02, +5.5051e-02, -9.0869e-02, +2.4587e-02, +6.2271e-02, -9.5606e-02, +5.7411e-02, -1.4431e-03, -8.6564e-02, +2.0471e-03
-2.5162e-01, +1.2127e-01, -1.0000e+00, +2.5379e-02, -2.5820e-01, -1.9293e-01, +4.2040e-03, +2.2564e-02, -3.3927e-01, +2.1528e-01, -1.1892e-01, -1.3504e-01, -5.4275e-02, -7.8337e-02, -1.0007e-01, -1.6358e-01, +5.7417e-02, -6.6954e-02, -5.7399e-02, -1.4320e-01, -4.8094e-02, -4.5025e-01, +1.3572e-01, -7.1252e-02, -5.8513e-02, +2.1206e-01, -1.8218e-01, -9.9115e-02, -1.0859e-01, -4.9247e-02, -5.5402e-02, -2.4581e-01, -6.3640e-02, -2.2741e-02, +6.2157e-02, +1.5653e-01, -1.0932e-01, +8.1345e-02, +7.9579e-03, +1.4758e-01, +1.0595e-03, +2.2189e-01, -1.0890e-01, -1.4656e-01, -1.7838e-01, -9.0878e-02, -2.7803e-01, +5.2672e-01, +9.2081e-02, +9.4124e-02
+7.4956e-02, +1.5868e-02, +2.5379e-02, -1.0000e+00, -2.7105e-03, -1.2964e-01, -9.1828e-02, -2.5324e-02, -2.8969e-02, +1.8207e-01, -4.1189e-03, +4.3949e-04, -7.2745e-02, +2.4063e-01, +1.2269e-01, +2.1543e-01, +3.3644e-02, -5.1226e-02, -1.8436e-02, +1.1431e-01, +4.2172e-02, +2.1706e-02, +2.4288e-01, -1.9386e-01, +1.4746e-01, -1.0956e-01, -1.6843e-01, -9.7153e-02, -1.1141e-01, +4.5018e-02, +1.0089e-01, +9.5737e-02, -9.3369e-02, +2.4949e-02, +1.6765e-01, -4.9806e-02, -1.1906e-01, -3.4766e-02, -3.4766e-02, -1.1999e-01, +2.4012e-02, -1.1820e-01, +5.7604e-02, +1.5730e-01, +1.4240e-01, -3.1165e-02, -1.1203e-02, -1.7435e-01, -7.9160e-02, -3.5165e-03
+1.4455e-02, +1.2440e-02, -2.5820e-01, -2.7105e-03, -1.0000e+00, +2.7596e-02, -2.3873e-02, +4.0943e-03, -1.3533e-01, +5.8650e-02, +7.7944e-04, +1.3037e-02, -7.0081e-03, -7.6563e-02, -1.5311e-01, -1.3104e-01, +8.9454e-02, -1.2362e-01, -7.1234e-02, -4.8982e-02, +5.9321e-02, -2.1407e-01, +3.7513e-02, -2.1453e-02, +2.7032e-02, +9.2937e-02, +4.4787e-02, -7.8036e-02, -3.5497e-02, -1.1070e-01, -6.9850e-02, -8.6704e-02, -5.8921e-02, -9.6541e-03, -4.3314e-02, +8.7675e-02, -4.3845e-02, +5.3551e-02, +3.1706e-02, +1.4866e-01, -1.0233e-01, +1.5097e-01, -6.3210e-02, +1.4537e-02, -2.0975e-01, -3.0214e-02, -5.3521e-02, +3.2044e-01, -1.2295e-02, -4.0353e-02
-1.1745e-01, +4.7984e-02, -1.9293e-01, -1.2964e-01, +2.7596e-02, -1.0000e+00, -3.9269e-02, +2.8560e-02, +1.7304e-01, +8.6199e-02, -2.2514e-01, +2.3995e-03, -1.5030e-01, -8.6667e-02, -1.0457e-01, +1.7329e-01, +5.6290e-02, -1.7792e-01, -2.3475e-01, -1.4389e-01, +3.1367e-02, -2.0856e-02, +9.8189e-02, +9.6688e-02, +1.1858e-01, -6.7463e-02, -2.0886e-01, -2.2818e-01, -9.8660e-02, -1.3198e-01, -1.1611e-01, +1.4998e-01, +8.8894e-02, +7.5651e-02, +4.8587e-03, +6.7116e-02, +3.6611e-01, -1.1919e-01, +6.6570e-03, +3.0256e-02, -1.1913e-02, +5.6774e-02, -1.3174e-01, -6.5090e-02, -5.3475e-02, -1.9540e-01, -3.1585e-01, -1.2751e-01, -9.0325e-02, +1.0856e-01
+7.7615e-02, +3.6557e-03, +4.2040e-03, -9.1828e-02, -2.3873e-02, -3.9269e-02, -1.0000e+00, -3.1101e-02, +6.0998e-02, +1.2244e-02, -2.1121e-02, +2.9730e-02, +9.4452e-04, +8.4167e-02, +7.8445e-03, +1.2182e-01, +1.1444e-01, -5.2551e-03, -9.5044e-02, -5.4089e-02, +2.8614e-02, +1.1245e-01, +8.6745e-02, -8.8346e-02, -3.7091e-02, +6.3601e-02, -4.5058e-02, -3.3400e-03, -3.7308e-02, -2.5358e-02, +8.7006e-03, +2.7168e-02, +1.7834e-02, +1.6013e-02, +2.0657e-02, -1.4042e-02, -8.5807e-02, +5.5591e-03, -1.5357e-02, +2.0341e-02, -4.6604e-02, -5.0357e-02, +3.5895e-02, +8.1123e-02, -5.7768e-03, -1.5514e-01, -9.9202e-03, -9.9930e-02, +2.8477e-03, -5.8379e-02
+7.1806e-02, +5.7507e-02, +2.2564e-02, -2.5324e-02, +4.0942e-03, +2.8560e-02, -3.1101e-02, -1.0000e+00, +8.6495e-02, +2.8209e-02, -9.8556e-02, +3.3377e-02, -2.9302e-02, -3.6409e-02, -3.6119e-02, +1.4693e-01, +8.2046e-02, -1.4741e-02, -7.1619e-02, -3.3434e-02, -3.6819e-02, -9.7307e-05, +1.2977e-01, -5.1463e-02, -2.9888e-02, -6.5972e-02, -4.7586e-02, -1.2364e-01, -4.7584e-02, -3.6428e-02, -4.2196e-02, -8.2227e-02, +8.4202e-02, -2.3317e-02, -3.4434e-02, -1.5229e-02, -9.4153e-02, -2.8711e-02, +4.4235e-02, +1.2113e-01, -9.4641e-02, +5.2311e-04, +1.6975e-02, -3.3092e-03, -1.2047e-01, -5.4056e-02, -4.5716e-04, -9.9343e-02, -8.2363e-02, +7.4181e-02
-2.2376e-01, -1.1440e-01, -3.3927e-01, -2.8969e-02, -1.3533e-01, +1.7304e-01, +6.0998e-02, +8.6495e-02, -1.0000e+00, +2.1461e-01, +3.1684e-01, -7.3964e-02, +1.3051e-01, +4.1127e-01, -1.2445e-01, -3.9635e-01, +4.2853e-02, +9.0566e-02, +2.0696e-01, -6.2747e-02, -2.8644e-02, -2.3750e-01, +1.7414e-01, +1.9122e-01, -2.0984e-01, +8.5048e-02, +2.0205e-01, +1.7630e-01, +8.8816e-02, +2.2187e-01, +2.8168e-02, +7.0632e-02, -6.8571e-01, +1.8969e-02, +6.9517e-02, +2.8904e-02, +1.5085e-02, -2.5949e-02, -5.2612e-02, -1.5109e-02, +1.0367e-01, +2.1388e-01, -5.6189e-02, -5.1138e-02, +1.6591e-01, +4.3487e-02, +1.2084e-01, +7.7372e-01, -1.8564e-01, -2.8106e-01
+4.6070e-02, +9.5752e-02, +2.1528e-01, +1.8207e-01, +5.8650e-02, +8.6199e-02, +1.2244e-02, +2.8209e-02, +2.1461e-01, -1.0000e+00, -9.0691e-02, +5.0525e-02, +6.3327e-02, -1.8915e-03, +1.3039e-01, -5.7448e-01, +7.9240e-02, +6.1480e-02, -1.8657e-02, -3.8609e-02, -2.0726e-02, -4.5710e-02, +1.2294e-01, -1.1774e-01, +7.4405e-02, +6.0263e-02, -8.1113e-02, +1.2281e-01, +8.6559e-02, +1.8271e-03, -4.6165e-02, +3.4581e-02, +1.5312e-01, -1.8045e-02, +3.2726e-03, +1.7838e-02, +2.8611e-02, +3.4054e-02, +4.3594e-02, +2.8086e-02, +7.4573e-02, -1.5802e-01, +1.0934e-02, -5.1692e-02, +3.8546e-02, +5.3008e-02, +1.1105e-01, +1.4598e-02, +1.0861e-01, +2.7848e-02
-3.9265e-02, +1.1598e-01, -1.1892e-01, -4.1189e-03, +7.7944e-04, -2.2514e-01, -2.1121e-02, -9.8556e-02, +3.1684e-01, -9.0691e-02, -1.0000e+00, -9.8651e-02, -1.2598e-01, -3.7371e-01, -5.9290e-02, +1.1128e-01, +9.3118e-03, -6.5156e-02, -2.5071e-01, -1.0409e-01, -2.8000e-02, -2.4944e-02, +1.8226e-01, +5.2506e-02, +9.8407e-02, -1.3165e-01, -2.1724e-01, -1.7542e-01, -1.3240e-01, -2.2621e-01, -1.8442e-01, -1.0368e-01, +2.8150e-01, +8.5259e-03, +3.0887e-03, +8.3422e-02, +1.9464e-01, -1.0949e-01, -6.7141e-02, +2.6442e-01, -5.8735e-02, +1.3010e-01, -5.0974e-02, +2.3504e-02, -3.4520e-01, +1.0248e-03, -2.8827e-01, -1.0741e-01, -9.4087e-02, +2.4080e-01
+8.5189e-02, +1.0902e-02, -1.3504e-01, +4.3949e-04, +1.3037e-02, +2.3995e-03, +2.9730e-02, +3.3377e-02, -7.3964e-02, +5.0525e-02, -9.8651e-02, -1.0000e+00, +5.2798e-02, +2.3380e-02, +1.8433e-02, +7.4087e-02, +9.0116e-02, -1.0274e-02, -9.0876e-02, -1.3225e-02, -8.4448e-02, -3.8659e-02, +1.2804e-01, -7.4801e-02, -2.0314e-01, -3.4003e-02, -9.0796e-02, +9.6663e-03, -1.0353e-01, +5.5084e-02, -1.8512e-02, +3.8382e-02, -2.3443e-02, -1.8633e-04, +1.6912e-02, +5.2773e-02, -5.6907e-02, -2.6281e-02, -2.4493e-02, +4.3378e-02, -3.4812e-02, -1.9206e-04, +2.5287e-02, +4.3992e-02, -4.3996e-02, -3.9639e-03, +4.7858e-02, +3.4318e-02, -2.4965e-02, +3.4336e-02
-5.1996e-02, +2.9910e-02, -5.4275e-02, -7.2745e-02, -7.0081e-03, -1.5030e-01, +9.4452e-04, -2.9302e-02, +1.3051e-01, +6.3327e-02, -1.2598e-01, +5.2798e-02, -1.0000e+00, -1.4195e-01, -3.2469e-02, +1.5771e-01, +1.2749e-01, -1.0308e-01, -1.5976e-01, -1.2953e-01, -2.2292e-02, +2.6667e-02, +7.5468e-02, +5.0336e-02, +6.5363e-02, -1.2723e-01, -1.7125e-01, -1.3065e-01, -6.5277e-02, -6.2844e-02, +3.8358e-02, +2.9216e-02, +1.3288e-01, +6.8489e-02, -4.5255e-02, +1.3529e-02, +1.7310e-01, -1.1932e-02, -3.1641e-02, +1.0592e-01, -7.8208e-02, +1.2729e-01, -1.1124e-01, -8.0924e-02, -2.4162e-01, -2.4179e-01, -1.9225e-01, -8.9438e-02, -1.1733e-01, +1.2856e-01
-2.2766e-02, +6.5487e-02, -7.8337e-02, +2.4063e-01, -7.6563e-02, -8.6667e-02, +8.4167e-02, -3.6409e-02, +4.1127e-01, -1.8915e-03, -3.7371e-01, +2.3380e-02, -1.4195e-01, -1.0000e+00, -1.6859e-02, +4.0873e-02, -2.7332e-02, -1.4760e-01, -2.4553e-01, -1.8141e-01, +4.5514e-02, -1.8154e-01, -4.7542e-02, +6.1207e-02, -4.7923e-02, -1.8043e-01, -6.1784e-02, -2.1235e-01, -2.3763e-02, -3.5199e-01, -9.5725e-02, -4.3870e-01, +5.3889e-01, +2.0850e-02, -1.0704e-01, +2.9936e-02, +1.5756e-01, -3.1959e-02, +6.4075e-02, +6.4290e-01, -1.2908e-01, +5.6034e-01, +6.0528e-03, +9.0541e-02, -6.2267e-01, +1.4215e-01, -3.7625e-01, +6.2323e-03, +2.5419e-03, +4.6078e-01
-1.2245e-01, -1.1121e-02, -1.0007e-01, +1.2269e-01, -1.5311e-01, -1.0457e-01, +7.8445e-03, -3.6119e-02, -1.2445e-01, +1.3039e-01, -5.9290e-02, +1.8433e-02, -3.2469e-02, -1.6859e-02, -1.0000e+00, -1.1368e-01, -1.0169e-01, -4.7875e-02, -4.5767e-02, -8.7687e-02, -3.7062e-02, -1.0921e-01, -1.3898e-01, +1.8483e-01, -1.2928e-02, +1.4460e-02, +2.9454e-02, +2.4194e-02, +4.9079e-02, +1.5312e-02, -1.2730e-01, +6.7496e-02, -1.3340e-01, +1.4334e-02, -3.3978e-02, +1.4543e-01, +1.1356e-01, -5.4633e-03, -8.4374e-03, +3.3951e-02, +1.9305e-02, +5.3709e-02, -9.7315e-02, -1.1214e-01, -2.5093e-02, +2.1867e-03, -6.8524e-02, +2.6059e-01, +3.1850e-04, -5.5565e-03
-2.1002e-01, +5.7168e-02, -1.6358e-01, +2.1543e-01, -1.3104e-01, +1.7329e-01, +1.2182e-01, +1.4693e-01, -3.9635e-01, -5.7448e-01, +1.1128e-01, +7.4087e-02, +1.5771e-01, +4.0873e-02, -1.1368e-01, -1.0000e+00, -1.4925e-02, +8.3964e-02, +1.6545e-01, -1.1031e-01, -2.9763e-02, -3.3954e-01, -4.9566e-02, +3.2106e-02, -7.6550e-02, +1.0881e-01, +1.1200e-01, +2.2120e-01, +2.1220e-01, +9.9946e-02, +3.0282e-02, -5.2773e-02, -2.3490e-01, +5.7534e-03, -1.8144e-02, +9.8554e-02, +5.4281e-02, +3.3001e-02, +3.6232e-02, +7.4901e-02, +1.0746e-01, +1.3718e-01, -9.7268e-02, -1.1842e-01, +8.2379e-02, +1.2048e-01, +6.9959e-02, +6.4701e-01, +1.7093e-01, -8.9060e-02
-9.8206e-03, +2.1655e-02, +5.7417e-02, +3.3644e-02, +8.9454e-02, +5.6290e-02, +1.1444e-01, +8.2046e-02, +4.2853e-02, +7.9240e-02, +9.3118e-03, +9.0116e-02, +1.2749e-01, -2.7332e-02, -1.0169e-01, -1.4925e-02, -1.0000e+00, +1.0089e-02, +1.8159e-01, +1.1492e-02, -3.1750e-02, -4.9713e-02, +1.5378e-01, +1.5802e-01, +3.2017e-02, +4.1121e-02, +2.0470e-01, +7.7578e-02, +1.2407e-01, +3.7934e-02, +8.5816e-02, +4.6660e-03, -3.4812e-03, +7.0723e-03, -4.6543e-02, +7.6569e-02, -2.0878e-02, -1.6555e-02, +4.5098e-02, -1.5430e-01, +2.2557e-02, -1.6134e-01, -4.7517e-02, -6.4319e-02, +2.5226e-01, +8.1205e-02, +2.2934e-02, -5.2560e-02, +1.5485e-01, +9.6140e-03
+1.6516e-02, -2.8293e-02, -6.6954e-02, -5.1226e-02, -1.2362e-01, -1.7792e-01, -5.2551e-03, -1.4741e-02, +9.0566e-02, +6.1480e-02, -6.5156e-02, -1.0274e-02, -1.0308e-01, -1.4760e-01, -4.7875e-02, +8.3964e-02, +1.0089e-02, -1.0000e+00, -3.9185e-02, -9.5042e-02, -4.1971e-02, -5.0559e-02, +7.1412e-02, +1.5426e-01, +2.4817e-03, -1.0345e-01, -7.7008e-02, -2.0063e-01, -3.4768e-02, -7.1287e-02, -9.0051e-03, +7.1190e-02, +9.1233e-03, -5.1689e-03, -1.5728e-02, +2.5827e-02, +1.6329e-01, -5.1533e-02, +4.2722e-02, +7.8877e-02, +1.0298e-02, +9.4598e-02, -5.0436e-03, +1.9143e-05, -1.2643e-01, +2.3089e-02, -1.2899e-01, -4.9993e-02, -1.1079e-01, +8.0299e-02
-4.0356e-02, +9.0296e-03, -5.7399e-02, -1.8436e-02, -7.1234e-02, -2.3475e-01, -9.5044e-02, -7.1619e-02, +2.0696e-01, -1.8657e-02, -2.5071e-01, -9.0876e-02, -1.5976e-01, -2.4553e-01, -4.5767e-02, +1.6545e-01, +1.8159e-01, -3.9185e-02, -1.0000e+00, -8.6159e-02, -3.7953e-03, +4.3255e-02, +1.4427e-01, +3.3813e-02, +2.3301e-02, -1.0005e-01, -6.6234e-02, -1.2710e-01, -3.5059e-02, -1.9257e-01, -1.1793e-01, -4.1592e-02, +2.4598e-01, +1.2508e-01, -1.4049e-02, -5.6619e-02, +1.9005e-01, -1.1112e-01, -9.1676e-02, +1.8159e-01, -1.2343e-02, +1.8469e-01, -9.5520e-02, +6.6676e-02, -2.1747e-01, -2.2818e-01, -1.7391e-01, -1.2367e-01, -1.3021e-01, +1.9878e-01
-3.0881e-02, -7.5908e-02, -1.4320e-01, +1.1431e-01, -4.8982e-02, -1.4389e-01, -5.4089e-02, -3.3434e-02, -6.2747e-02, -3.8609e-02, -1.0409e-01, -1.3225e-02, -1.2953e-01, -1.8141e-01, -8.7687e-02, -1.1031e-01, +1.1492e-02, -9.5042e-02, -8.6159e-02, -1.0000e+00, -5.5803e-02, -8.0686e-02, +2.5283e-02, +1.5639e-01, -2.2323e-01, -3.5103e-02, +4.5089e-02, -1.7525e-01, +5.8853e-03, -6.0951e-02, -2.5922e-02, +3.2708e-02, -2.1804e-02, +6.2513e-02, -1.2241e-01, +1.4791e-01, +2.7462e-01, -6.3166e-02, -2.5167e-02, +3.1349e-01, -6.6110e-02, +1.4019e-01, -1.4661e-01, -2.0635e-03, -1.1330e-01, -6.9723e-03, -1.0734e-01, +1.7932e-01, +1.9771e-02, +1.0521e-01
-3.3787e-02, +3.5096e-03, -4.8094e-02, +4.2172e-02, +5.9321e-02, +3.1367e-02, +2.8614e-02, -3.6819e-02, -2.8644e-02, -2.0726e-02, -2.8000e-02, -8.4448e-02, -2.2292e-02, +4.5514e-02, -3.7062e-02, -2.9763e-02, -3.1750e-02, -4.1971e-02, -3.7953e-03, -5.5803e-02, -1.0000e+00, -2.4057e-02, -2.4490e-02, +1.0577e-02, +4.4774e-02, -1.6037e-03, -1.9957e-02, -3.8815e-02, +2.3752e-02, +4.5809e-02, -1.7487e-02, +1.7857e-02, -3.6146e-02, +4.8056e-02, +1.4305e-02, -2.5810e-02, +3.1517e-02, -3.1697e-03, -1.4543e-02, -5.1941e-02, -3.2251e-02, -2.9245e-02, -2.5066e-02, -7.3913e-02, +6.5783e-02, -2.8903e-03, +7.5239e-02, +1.5494e-02, +3.8632e-02, +3.9809e-02
-1.4256e-01, +9.2074e-02, -4.5025e-01, +2.1706e-02, -2.1407e-01, -2.0856e-02, +1.1245e-01, -9.7306e-05, -2.3750e-01, -4.5710e-02, -2.4944e-02, -3.8659e-02, +2.6667e-02, -1.8154e-01, -1.0921e-01, -3.3954e-01, -4.9713e-02, -5.0559e-02, +4.3255e-02, -8.0686e-02, -2.4057e-02, -1.0000e+00, -3.6820e-02, -1.5157e-03, -1.6201e-02, +5.3381e-02, -3.5959e-02, -1.4785e-02, +2.9687e-02, +9.5853e-03, -3.8671e-02, -2.3471e-01, -7.0177e-02, +1.4825e-02, +5.3160e-02, +2.1548e-01, +1.8275e-02, -4.7863e-02, -2.2643e-02, +1.0942e-01, +1.2465e-02, +2.4557e-01, -1.5569e-01, -5.0143e-02, -1.0122e-01, +1.2613e-01, -1.7992e-01, +4.9529e-01, +1.7247e-01, +8.1953e-02
-4.3682e-02, -4.2876e-02, +1.3572e-01, +2.4288e-01, +3.7513e-02, +9.8189e-02, +8.6745e-02, +1.2977e-01, +1.7414e-01, +1.2294e-01, +1.8226e-01, +1.2804e-01, +7.5468e-02, -4.7542e-02, -1.3898e-01, -4.9566e-02, +1.5378e-01, +7.1412e-02, +1.4427e-01, +2.5283e-02, -2.4490e-02, -3.6820e-02, -1.0000e+00, +1.8377e-02, -1.5332e-02, +7.1827e-02, +1.7736e-01, +1.2876e-01, +2.2592e-01, +9.1712e-02, +9.2721e-02, +6.2636e-02, +9.5452e-02, +1.5055e-02, -6.1115e-02, +6.7895e-02, -1.2657e-02, +2.3433e-02, +6.0200e-02, -2.6176e-01, -2.6690e-03, -1.2495e-01, -2.0185e-01, -1.2045e-01, +2.6045e-01, +5.9080e-02, +4.7677e-02, -9.1700e-02, +5.1631e-01, -4.2311e-02
+1.7054e-01, +2.4191e-01, -7.1252e-02, -1.9386e-01, -2.1453e-02, +9.6688e-02, -8.8346e-02, -5.1463e-02, +1.9122e-01, -1.1774e-01, +5.2506e-02, -7.4801e-02, +5.0336e-02, +6.1207e-02, +1.8483e-01, +3.2106e-02, +1.5802e-01, +1.5426e-01, +3.3813e-02, +1.5639e-01, +1.0577e-02, -1.5157e-03, +1.8377e-02, -1.0000e+00, +7.8399e-02, +1.3364e-01, -1.3285e-01, +6.7433e-02, -3.9774e-02, +5.2831e-02, +3.6711e-02, -1.4330e-01, +1.4545e-01, -1.3297e-03, +2.0113e-02, +7.1171e-02, -3.8531e-01, +1.3664e-01, +3.4766e-02, -4.4181e-02, +6.2932e-02, -1.0805e-01, +1.4158e-01, +1.3852e-01, -4.0823e-02, +7.4260e-02, -1.1761e-03, -1.3607e-01, +2.2475e-01, +2.6574e-02
+1.4011e-01, -5.0559e-02, -5.8513e-02, +1.4746e-01, +2.7032e-02, +1.1858e-01, -3.7091e-02, -2.9888e-02, -2.0984e-01, +7.4405e-02, +9.8407e-02, -2.0314e-01, +6.5363e-02, -4.7923e-02, -1.2928e-02, -7.6550e-02, +3.2017e-02, +2.4817e-03, +2.3301e-02, -2.2323e-01, +4.4774e-02, -1.6201e-02, -1.5332e-02, +7.8399e-02, -1.0000e+00, +7.3893e-02, +1.6769e-01, -2.9993e-02, +7.8068e-02, +1.3143e-01, -1.7591e-02, -1.0726e-01, -1.1291e-01, -3.2030e-02, -1.2106e-01, +4.7732e-02, -1.6815e-01, -3.4834e-02, +2.8920e-02, +2.0621e-01, +1.0875e-01, +7.6927e-02, +1.0463e-01, -1.2914e-01, +1.4005e-02, +4.0097e-02, -2.9430e-02, +2.4781e-01, +5.2360e-02, +1.3084e-01
-5.6107e-02, -9.1356e-02, +2.1206e-01, -1.0956e-01, +9.2937e-02, -6.7463e-02, +6.3601e-02, -6.5972e-02, +8.5048e-02, +6.0263e-02, -1.3165e-01, -3.4003e-02, -1.2723e-01, -1.8043e-01, +1.4460e-02, +1.0881e-01, +4.1121e-02, -1.0345e-01, -1.0005e-01, -3.5103e-02, -1.6037e-03, +5.3381e-02, +7.1827e-02, +1.3364e-01, +7.3893e-02, -1.0000e+00, +1.1977e-02, -5.0932e-02, +4.9839e-02, -1.2199e-01, +4.4007e-02, +3.2744e-02, -5.8655e-03, +6.0558e-02, -2.0441e-02, -1.4638e-01, +2.5004e-01, -6.5860e-02, +5.3476e-03, +1.5029e-01, -5.0217e-02, +9.8376e-02, -9.5580e-02, +3.6955e-02, -1.0397e-01, +7.0655e-02, +1.0339e-02, -1.0624e-01, -2.4358e-01, +1.4781e-01
+7.6201e-02, +5.5678e-02, -1.8218e-01, -1.6843e-01, +4.4787e-02, -2.0886e-01, -4.5058e-02, -4.7586e-02, +2.0205e-01, -8.1113e-02, -2.1724e-01, -9.0796e-02, -1.7125e-01, -6.1784e-02, +2.9454e-02, +1.1200e-01, +2.0470e-01, -7.7008e-02, -6.6234e-02, +4.5089e-02, -1.9957e-02, -3.5959e-02, +1.7736e-01, -1.3285e-01, +1.6769e-01, +1.1977e-02, -1.0000e+00, -1.9431e-01, -3.0639e-01, -1.8755e-01, -1.3951e-01, -2.7798e-02, +1.4210e-01, -1.3600e-02, +5.2467e-02, +7.4895e-02, +1.0301e-02, -1.5077e-02, -5.0594e-02, +6.6959e-02, -2.2932e-02, +1.7635e-02, -2.4304e-02, -2.3569e-02, -1.9066e-01, -4.4187e-02, -2.3414e-01, -1.1477e-01, -4.0863e-02, +1.6517e-01
+2.0439e-02, -3.7540e-02, -9.9115e-02, -9.7153e-02, -7.8036e-02, -2.2818e-01, -3.3400e-03, -1.2364e-01, +1.7630e-01, +1.2281e-01, -1.7542e-01, +9.6663e-03, -1.3065e-01, -2.1235e-01, +2.4194e-02, +2.2120e-01, +7.7578e-02, -2.0063e-01, -1.2710e-01, -1.7525e-01, -3.8815e-02, -1.4785e-02, +1.2876e-01, +6.7433e-02, -2.9993e-02, -5.0932e-02, -1.9431e-01, -1.0000e+00, -7.2549e-02, -8.7484e-02, -9.8710e-02, -3.0484e-02, +1.8256e-01, -6.7327e-02, -2.9140e-02, -2.7899e-02, +1.5377e-01, +5.9139e-02, -5.3572e-02, +1.7981e-01, -1.0841e-01, +9.4330e-02, -5.8568e-02, -3.3346e-02, -1.6030e-01, -1.5142e-01, -1.8624e-01, -1.4614e-01, -4.3265e-02, +1.4106e-01
+8.3988e-02, +2.3436e-02, -1.0859e-01, -1.1141e-01, -3.5497e-02, -9.8660e-02, -3.7308e-02, -4.7584e-02, +8.8816e-02, +8.6559e-02, -1.3240e-01, -1.0353e-01, -6.5277e-02, -2.3763e-02, +4.9079e-02, +2.1220e-01, +1.2407e-01, -3.4768e-02, -3.5059e-02, +5.8853e-03, +2.3752e-02, +2.9687e-02, +2.2592e-01, -3.9774e-02, +7.8068e-02, +4.9839e-02, -3.0639e-01, -7.2549e-02, -1.0000e+00, -6.5310e-02, -1.3886e-01, -1.8258e-02, +3.9991e-02, -4.1224e-03, -2.8281e-02, -2.3391e-02, -1.2626e-01, +5.6862e-03, -6.1994e-03, +1.1712e-01, +4.8698e-02, +3.5900e-02, +4.2540e-02, +1.3575e-01, -1.5295e-01, -1.5871e-02, -2.1430e-01, -8.7725e-02, -1.5429e-01, +1.0462e-01
-7.6167e-02, +5.2349e-02, -4.9247e-02, +4.5018e-02, -1.1070e-01, -1.3198e-01, -2.5358e-02, -3.6428e-02, +2.2187e-01, +1.8271e-03, -2.2621e-01, +5.5084e-02, -6.2844e-02, -3.5199e-01, +1.5312e-02, +9.9946e-02, +3.7934e-02, -7.1287e-02, -1.9257e-01, -6.0951e-02, +4.5809e-02, +9.5853e-03, +9.1712e-02, +5.2831e-02, +1.3143e-01, -1.2199e-01, -1.8755e-01, -8.7484e-02, -6.5310e-02, -1.0000e+00, -1.0227e-01, -3.3206e-02, +2.4609e-01, -3.5679e-02, -7.7198e-03, -3.0108e-02, +1.9675e-01, -4.8750e-02, -5.5381e-02, +2.0343e-01, -1.0651e-01, +2.0269e-01, -8.9042e-02, -2.6001e-04, -2.8891e-01, -8.1365e-02, -2.3955e-01, -6.1274e-02, -1.2610e-01, +1.1383e-01
+3.3688e-02, -2.3744e-02, -5.5402e-02, +1.0089e-01, -6.9850e-02, -1.1611e-01, +8.7006e-03, -4.2196e-02, +2.8168e-02, -4.6165e-02, -1.8442e-01, -1.8512e-02, +3.8358e-02, -9.5725e-02, -1.2730e-01, +3.0282e-02, +8.5816e-02, -9.0051e-03, -1.1793e-01, -2.5922e-02, -1.7487e-02, -3.8671e-02, +9.2721e-02, +3.6711e-02, -1.7591e-02, +4.4007e-02, -1.3951e-01, -9.8710e-02, -1.3886e-01, -1.0227e-01, -1.0000e+00, -1.9981e-03, -1.6978e-02, -5.8249e-02, +3.0891e-02, +7.2763e-02, +1.5225e-01, -5.2119e-02, -6.2558e-02, +1.4498e-01, -1.2453e-01, +1.0175e-01, +1.9654e-03, +2.1424e-02, -1.6854e-01, -7.0666e-02, -1.3733e-01, +9.8393e-02, -7.5432e-02, +4.1228e-02
+6.4370e-02, +8.4466e-02, -2.4581e-01, +9.5737e-02, -8.6704e-02, +1.4998e-01, +2.7168e-02, -8.2227e-02, +7.0632e-02, +3.4581e-02, -1.0368e-01, +3.8382e-02, +2.9216e-02, -4.3870e-01, +6.7496e-02, -5.2773e-02, +4.6660e-03, +7.1190e-02, -4.1592e-02, +3.2708e-02, +1.7857e-02, -2.3471e-01, +6.2636e-02, -1.4330e-01, -1.0726e-01, +3.2744e-02, -2.7798e-02, -3.0484e-02, -1.8258e-02, -3.3206e-02, -1.9981e-03, -1.0000e+00, +2.8864e-01, -4.7459e-02, -6.3156e-03, +8.8142e-02, -4.1435e-01, +1.6475e-01, +8.0987e-02, +3.3130e-01, +3.0297e-02, +2.7507e-01, +2.2883e-01, +2.5237e-03, -3.3134e-01, +2.1523e-01, -1.5417e-01, +1.8386e-01, +1.0026e-01, +4.5839e-01
-9.0558e-02, -7.4550e-02, -6.3640e-02, -9.3369e-02, -5.8921e-02, +8.8894e-02, +1.7834e-02, +8.4202e-02, -6.8571e-01, +1.5312e-01, +2.8150e-01, -2.3443e-02, +1.3288e-01, +5.3889e-01, -1.3340e-01, -2.3490e-01, -3.4812e-03, +9.1233e-03, +2.4598e-01, -2.1804e-02, -3.6146e-02, -7.0177e-02, +9.5452e-02, +1.4545e-01, -1.1291e-01, -5.8655e-03, +1.4210e-01, +1.8256e-01, +3.9991e-02, +2.4609e-01, -1.6978e-02, +2.8864e-01, -1.0000e+00, +3.0826e-02, +5.2761e-02, -6.2931e-02, +5.6377e-02, -7.1085e-02, -3.4077e-02, -9.4856e-02, +1.1386e-02, -7.5306e-02, -5.0501e-02, +3.1674e-02, +2.3270e-01, +2.5520e-01, +1.9451e-01, +4.9231e-01, -2.1605e-01, -4.9361e-01
+8.6968e-02, -3.9484e-02, -2.2741e-02, +2.4949e-02, -9.6541e-03, +7.5651e-02, +1.6013e-02, -2.3317e-02, +1.8969e-02, -1.8045e-02, +8.5259e-03, -1.8632e-04, +6.8489e-02, +2.0850e-02, +1.4334e-02, +5.7534e-03, +7.0723e-03, -5.1689e-03, +1.2508e-01, +6.2513e-02, +4.8056e-02, +1.4825e-02, +1.5055e-02, -1.3297e-03, -3.2030e-02, +6.0558e-02, -1.3600e-02, -6.7327e-02, -4.1224e-03, -3.5679e-02, -5.8249e-02, -4.7459e-02, +3.0826e-02, -1.0000e+00, -1.0113e-02, -5.3613e-02, -6.2966e-02, -2.8656e-02, +2.1693e-02, -1.6109e-02, -1.6453e-02, -5.2010e-03, +6.4690e-03, +5.2288e-02, -1.0734e-02, -5.6631e-02, -2.3326e-02, -1.5079e-02, +2.7399e-02, -2.7684e-03
-1.1067e-01, -5.5493e-02, +6.2157e-02, +1.6765e-01, -4.3314e-02, +4.8587e-03, +2.0657e-02, -3.4434e-02, +6.9517e-02, +3.2726e-03, +3.0887e-03, +1.6912e-02, -4.5255e-02, -1.0704e-01, -3.3978e-02, -1.8144e-02, -4.6543e-02, -1.5728e-02, -1.4049e-02, -1.2241e-01, +1.4305e-02, +5.3160e-02, -6.1116e-02, +2.0113e-02, -1.2106e-01, -2.0441e-02, +5.2467e-02, -2.9140e-02, -2.8281e-02, -7.7198e-03, +3.0891e-02, -6.3156e-03, +5.2761e-02, -1.0113e-02, -1.0000e+00, -2.6187e-02, +4.5356e-02, +1.2458e-02, +8.9917e-02, +9.5320e-02, +1.2239e-02, +9.7677e-02, -3.4000e-02, +6.7089e-02, -5.8184e-02, -5.5472e-02, +8.1536e-03, -9.6631e-03, +5.8761e-02, +7.2626e-02
-6.1206e-02, -5.5556e-02, +1.5653e-01, -4.9806e-02, +8.7675e-02, +6.7116e-02, -1.4042e-02, -1.5229e-02, +2.8904e-02, +1.7838e-02, +8.3422e-02, +5.2773e-02, +1.3529e-02, +2.9936e-02, +1.4543e-01, +9.8554e-02, +7.6569e-02, +2.5827e-02, -5.6619e-02, +1.4791e-01, -2.5810e-02, +2.1548e-01, +6.7895e-02, +7.1171e-02, +4.7732e-02, -1.4638e-01, +7.4895e-02, -2.7899e-02, -2.3391e-02, -3.0108e-02, +7.2763e-02, +8.8142e-02, -6.2930e-02, -5.3613e-02, -2.6187e-02, -1.0000e+00, +1.0389e-01, +3.1902e-02, -7.7410e-03, -4.9605e-02, -3.0587e-02, -7.0159e-02, -3.5195e-02, +8.3212e-02, +8.4063e-02, -3.5710e-02, +1.0635e-01, -1.7825e-01, -2.4970e-01, +2.8343e-02
+3.0167e-01, +1.5338e-01, -1.0932e-01, -1.1906e-01, -4.3845e-02, +3.6611e-01, -8.5807e-02, -9.4153e-02, +1.5085e-02, +2.8611e-02, +1.9464e-01, -5.6907e-02, +1.7310e-01, +1.5756e-01, +1.1356e-01, +5.4281e-02, -2.0878e-02, +1.6329e-01, +1.9005e-01, +2.7462e-01, +3.1517e-02, +1.8275e-02, -1.2657e-02, -3.8531e-01, -1.6815e-01, +2.5004e-01, +1.0301e-02, +1.5377e-01, -1.2626e-01, +1.9675e-01, +1.5225e-01, -4.1435e-01, +5.6377e-02, -6.2966e-02, +4.5356e-02, +1.0389e-01, -1.0000e+00, +2.8796e-01, +1.3303e-01, -1.1256e-02, +1.6485e-01, -1.5863e-01, +3.8444e-01, +4.6714e-02, +2.7314e-02, +2.2920e-01, +5.5288e-02, -2.2583e-02, +2.9871e-01, +4.5278e-02
-2.1512e-02, -7.3142e-02, +8.1345e-02, -3.4766e-02, +5.3551e-02, -1.1919e-01, +5.5591e-03, -2.8711e-02, -2.5949e-02, +3.4054e-02, -1.0949e-01, -2.6281e-02, -1.1932e-02, -3.1959e-02, -5.4633e-03, +3.3001e-02, -1.6555e-02, -5.1533e-02, -1.1112e-01, -6.3166e-02, -3.1697e-03, -4.7863e-02, +2.3433e-02, +1.3664e-01, -3.4834e-02, -6.5860e-02, -1.5077e-02, +5.9139e-02, +5.6862e-03, -4.8750e-02, -5.2119e-02, +1.6475e-01, -7.1085e-02, -2.8656e-02, +1.2458e-02, +3.1902e-02, +2.8796e-01, -1.0000e+00, -8.6564e-02, +2.3674e-02, -6.8930e-02, +1.1153e-01, -1.1801e-01, +5.8139e-02, -4.4383e-02, -5.7740e-02, -8.3196e-03, +1.4951e-02, -7.0832e-02, -6.5520e-02
-8.9670e-03, -7.4781e-02, +7.9579e-03, -3.4766e-02, +3.1706e-02, +6.6570e-03, -1.5357e-02, +4.4235e-02, -5.2612e-02, +4.3594e-02, -6.7141e-02, -2.4493e-02, -3.1641e-02, +6.4075e-02, -8.4374e-03, +3.6232e-02, +4.5098e-02, +4.2722e-02, -9.1676e-02, -2.5167e-02, -1.4543e-02, -2.2643e-02, +6.0200e-02, +3.4766e-02, +2.8920e-02, +5.3476e-03, -5.0594e-02, -5.3572e-02, -6.1994e-03, -5.5381e-02, -6.2558e-02, +8.0987e-02, -3.4077e-02, +2.1693e-02, +8.9917e-02, -7.7410e-03, +1.3303e-01, -8.6564e-02, -1.0000e+00, -2.9369e-02, -6.6259e-02, -1.0041e-02, -3.7425e-02, -4.0224e-02, +1.0351e-02, -1.7661e-01, -1.1226e-01, +6.2823e-03, -1.0917e-01, -1.6072e-02
-1.9879e-02, -4.7881e-03, +1.4758e-01, -1.1999e-01, +1.4866e-01, +3.0256e-02, +2.0341e-02, +1.2113e-01, -1.5109e-02, +2.8086e-02, +2.6442e-01, +4.3378e-02, +1.0592e-01, +6.4290e-01, +3.3951e-02, +7.4901e-02, -1.5430e-01, +7.8877e-02, +1.8159e-01, +3.1349e-01, -5.1941e-02, +1.0942e-01, -2.6176e-01, -4.4181e-02, +2.0621e-01, +1.5029e-01, +6.6959e-02, +1.7981e-01, +1.1712e-01, +2.0343e-01, +1.4498e-01, +3.3130e-01, -9.4856e-02, -1.6109e-02, +9.5320e-02, -4.9605e-02, -1.1256e-02, +2.3674e-02, -2.9369e-02, -1.0000e+00, +9.2904e-02, -5.2538e-01, -1.6875e-01, -1.0722e-01, +5.8222e-01, -2.1324e-01, +2.9172e-01, -2.8821e-01, +1.9003e-01, -2.6273e-01
+2.9974e-02, -4.4216e-02, +1.0595e-03, +2.4012e-02, -1.0233e-01, -1.1913e-02, -4.6604e-02, -9.4641e-02, +1.0367e-01, +7.4573e-02, -5.8735e-02, -3.4812e-02, -7.8208e-02, -1.2908e-01, +1.9305e-02, +1.0746e-01, +2.2557e-02, +1.0299e-02, -1.2343e-02, -6.6110e-02, -3.2251e-02, +1.2465e-02, -2.6690e-03, +6.2932e-02, +1.0875e-01, -5.0217e-02, -2.2932e-02, -1.0841e-01, +4.8698e-02, -1.0651e-01, -1.2453e-01, +3.0297e-02, +1.1386e-02, -1.6453e-02, +1.2239e-02, -3.0587e-02, +1.6485e-01, -6.8930e-02, -6.6259e-02, +9.2904e-02, -1.0000e+00, +2.0405e-02, -1.0150e-02, +8.5014e-03, -1.3040e-01, -4.6207e-02, -5.5657e-02, -5.0913e-02, -5.7495e-02, +4.1032e-02
+1.0981e-01, +5.5051e-02, +2.2189e-01, -1.1820e-01, +1.5097e-01, +5.6774e-02, -5.0357e-02, +5.2311e-04, +2.1388e-01, -1.5802e-01, +1.3010e-01, -1.9205e-04, +1.2729e-01, +5.6034e-01, +5.3709e-02, +1.3718e-01, -1.6134e-01, +9.4598e-02, +1.8469e-01, +1.4019e-01, -2.9245e-02, +2.4557e-01, -1.2495e-01, -1.0805e-01, +7.6927e-02, +9.8376e-02, +1.7635e-02, +9.4329e-02, +3.5900e-02, +2.0269e-01, +1.0175e-01, +2.7507e-01, -7.5306e-02, -5.2010e-03, +9.7677e-02, -7.0159e-02, -1.5863e-01, +1.1153e-01, -1.0041e-02, -5.2538e-01, +2.0405e-02, -1.0000e+00, +1.6293e-02, -1.6077e-01, +5.2456e-01, +6.6256e-02, +2.8736e-01, -4.4963e-01, +4.1890e-02, -1.6289e-01
-2.3512e-01, -9.0869e-02, -1.0890e-01, +5.7604e-02, -6.3210e-02, -1.3174e-01, +3.5895e-02, +1.6975e-02, -5.6189e-02, +1.0934e-02, -5.0974e-02, +2.5287e-02, -1.1124e-01, +6.0528e-03, -9.7316e-02, -9.7268e-02, -4.7517e-02, -5.0436e-03, -9.5520e-02, -1.4661e-01, -2.5066e-02, -1.5569e-01, -2.0185e-01, +1.4158e-01, +1.0463e-01, -9.5580e-02, -2.4304e-02, -5.8568e-02, +4.2540e-02, -8.9042e-02, +1.9654e-03, +2.2883e-01, -5.0501e-02, +6.4690e-03, -3.4000e-02, -3.5195e-02, +3.8444e-01, -1.1801e-01, -3.7425e-02, -1.6875e-01, -1.0150e-02, +1.6293e-02, -1.0000e+00, -1.2380e-01, +9.3774e-02, -2.7651e-01, -9.7498e-02, +1.2773e-01, +1.4581e-01, -3.3856e-02
-2.0619e-02, +2.4587e-02, -1.4656e-01, +1.5730e-01, +1.4537e-02, -6.5090e-02, +8.1123e-02, -3.3092e-03, -5.1138e-02, -5.1692e-02, +2.3504e-02, +4.3992e-02, -8.0924e-02, +9.0541e-02, -1.1214e-01, -1.1842e-01, -6.4319e-02, +1.9142e-05, +6.6676e-02, -2.0635e-03, -7.3913e-02, -5.0143e-02, -1.2045e-01, +1.3852e-01, -1.2914e-01, +3.6955e-02, -2.3569e-02, -3.3346e-02, +1.3575e-01, -2.5998e-04, +2.1424e-02, +2.5237e-03, +3.1674e-02, +5.2288e-02, +6.7089e-02, +8.3212e-02, +4.6714e-02, +5.8139e-02, -4.0224e-02, -1.0722e-01, +8.5014e-03, -1.6077e-01, -1.2380e-01, -1.0000e+00, +8.9450e-02, -1.1995e-01, -5.2247e-02, +1.0185e-01, +7.5196e-02, +4.4004e-02
-8.8187e-02, +6.2271e-02, -1.7838e-01, +1.4240e-01, -2.0975e-01, -5.3475e-02, -5.7768e-03, -1.2047e-01, +1.6591e-01, +3.8546e-02, -3.4520e-01, -4.3996e-02, -2.4162e-01, -6.2267e-01, -2.5093e-02, +8.2379e-02, +2.5226e-01, -1.2643e-01, -2.1747e-01, -1.1330e-01, +6.5783e-02, -1.0122e-01, +2.6045e-01, -4.0823e-02, +1.4005e-02, -1.0397e-01, -1.9066e-01, -1.6030e-01, -1.5295e-01, -2.8891e-01, -1.6854e-01, -3.3134e-01, +2.3270e-01, -1.0734e-02, -5.8184e-02, +8.4063e-02, +2.7314e-02, -4.4383e-02, +1.0351e-02, +5.8222e-01, -1.3040e-01, +5.2456e-01, +9.3774e-02, +8.9450e-02, -1.0000e+00, -1.1252e-02, -2.8654e-01, +1.4582e-01, -1.8615e-01, +1.4283e-01
-1.6150e-01, -9.5606e-02, -9.0878e-02, -3.1165e-02, -3.0214e-02, -1.9540e-01, -1.5514e-01, -5.4056e-02, +4.3487e-02, +5.3008e-02, +1.0248e-03, -3.9640e-03, -2.4179e-01, +1.4215e-01, +2.1867e-03, +1.2048e-01, +8.1205e-02, +2.3089e-02, -2.2818e-01, -6.9723e-03, -2.8903e-03, +1.2613e-01, +5.9080e-02, +7.4260e-02, +4.0097e-02, +7.0655e-02, -4.4187e-02, -1.5142e-01, -1.5871e-02, -8.1365e-02, -7.0666e-02, +2.1523e-01, +2.5520e-01, -5.6631e-02, -5.5472e-02, -3.5710e-02, +2.2920e-01, -5.7740e-02, -1.7661e-01, -2.1324e-01, -4.6207e-02, +6.6256e-02, -2.7651e-01, -1.1995e-01, -1.1252e-02, -1.0000e+00, -1.5717e-01, -1.0358e-01, +3.2410e-02, -2.9516e-02
-8.2390e-02, +5.7411e-02, -2.7803e-01, -1.1203e-02, -5.3521e-02, -3.1585e-01, -9.9202e-03, -4.5715e-04, +1.2084e-01, +1.1105e-01, -2.8827e-01, +4.7858e-02, -1.9225e-01, -3.7625e-01, -6.8524e-02, +6.9959e-02, +2.2934e-02, -1.2899e-01, -1.7391e-01, -1.0734e-01, +7.5239e-02, -1.7992e-01, +4.7677e-02, -1.1761e-03, -2.9430e-02, +1.0339e-02, -2.3414e-01, -1.8624e-01, -2.1430e-01, -2.3955e-01, -1.3733e-01, -1.5417e-01, +1.9451e-01, -2.3326e-02, +8.1536e-03, +1.0635e-01, +5.5288e-02, -8.3196e-03, -1.1226e-01, +2.9172e-01, -5.5657e-02, +2.8736e-01, -9.7498e-02, -5.2247e-02, -2.8654e-01, -1.5717e-01, -1.0000e+00, +1.1272e-01, -4.4071e-02, +2.2538e-01
+3.2723e-01, -1.4431e-03, +5.2672e-01, -1.7435e-01, +3.2044e-01, -1.2751e-01, -9.9930e-02, -9.9343e-02, +7.7372e-01, +1.4598e-02, -1.0741e-01, +3.4318e-02, -8.9438e-02, +6.2323e-03, +2.6059e-01, +6.4701e-01, -5.2560e-02, -4.9993e-02, -1.2367e-01, +1.7932e-01, +1.5494e-02, +4.9529e-01, -9.1700e-02, -1.3607e-01, +2.4781e-01, -1.0624e-01, -1.1477e-01, -1.4614e-01, -8.7725e-02, -6.1274e-02, +9.8393e-02, +1.8386e-01, +4.9231e-01, -1.5079e-02, -9.6631e-03, -1.7825e-01, -2.2583e-02, +1.4951e-02, +6.2823e-03, -2.8821e-01, -5.0913e-02, -4.4963e-01, +1.2773e-01, +1.0185e-01, +1.4582e-01, -1.0358e-01, +1.1272e-01, -1.0000e+00, +1.6503e-02, +1.6929e-01
-3.7188e-02, -8.6564e-02, +9.2081e-02, -7.9160e-02, -1.2295e-02, -9.0325e-02, +2.8477e-03, -8.2363e-02, -1.8564e-01, +1.0861e-01, -9.4088e-02, -2.4965e-02, -1.1733e-01, +2.5419e-03, +3.1850e-04, +1.7093e-01, +1.5485e-01, -1.1079e-01, -1.3021e-01, +1.9771e-02, +3.8632e-02, +1.7247e-01, +5.1631e-01, +2.2475e-01, +5.2360e-02, -2.4358e-01, -4.0863e-02, -4.3265e-02, -1.5429e-01, -1.2610e-01, -7.5432e-02, +1.0026e-01, -2.1605e-01, +2.7399e-02, +5.8761e-02, -2.4970e-01, +2.9871e-01, -7.0832e-02, -1.0917e-01, +1.9003e-01, -5.7495e-02, +4.1890e-02, +1.4581e-01, +7.5196e-02, -1.8615e-01, +3.2410e-02, -4.4071e-02, +1.6503e-02, -1.0000e+00, -3.3934e-02
-1.6355e-01, +2.0471e-03, +9.4124e-02, -3.5165e-03, -4.0353e-02, +1.0856e-01, -5.8379e-02, +7.4181e-02, -2.8106e-01, +2.7848e-02, +2.4080e-01, +3.4336e-02, +1.2856e-01, +4.6078e-01, -5.5565e-03, -8.9060e-02, +9.6140e-03, +8.0299e-02, +1.9878e-01, +1.0521e-01, +3.9809e-02, +8.1953e-02, -4.2311e-02, +2.6574e-02, +1.3084e-01, +1.4781e-01, +1.6517e-01, +1.4106e-01, +1.0462e-01, +1.1383e-01, +4.1228e-02, +4.5839e-01, -4.9361e-01, -2.7684e-03, +7.2626e-02, +2.8343e-02, +4.5278e-02, -6.5520e-02, -1.6072e-02, -2.6273e-01, +4.1032e-02, -1.6289e-01, -3.3856e-02, +4.4004e-02, +1.4283e-01, -2.9516e-02, +2.2538e-01, +1.6929e-01, -3.3934e-02, -1.0000e+00
