-1.0000e+00, -5.6229e-02, +1.3124e-02, -1.3346e-01, -2.2225e-03, +5.1570e-02, +3.9192e-03, -1.1042e-01, -4.9175e-02, +4.1268e-02, -6.3582e-03, -1.0926e-01, -7.0110e-02, +5.1625e-03, -4.1560e-02, -1.7366e-01, -1.5566e-03, +6.8880e-02, -8.1593e-03, +3.0260e-02, -9.2119e-02, -5.6311e-02, -1.0535e-01, +6.7505e-02, -4.7178e-02, +2.8367e-02, +2.4651e-02, -7.0113e-02, -6.3932e-02, -1.1737e-02, -1.2051e-01, -7.1180e-02, -7.9734e-02, -7.0389e-03, +5.3577e-03, +1.2885e-01, +9.7899e-02, -9.4907e-03, +3.2936e-02, -5.5349e-03, -5.7866e-02, +2.9988e-02, +2.4647e-02, +5.7535e-02, -1.9146e-01, -2.4008e-02, -6.4519e-02, +4.1085e-01, -9.8389e-02, -5.2010e-02
-5.6229e-02, -1.0000e+00, -5.5941e-02, -8.2845e-02, -5.2039e-02, -1.7154e-02, -2.5665e-02, +6.8847e-03, +7.9798e-02, +1.7603e-01, +6.2834e-02, -6.8225e-02, +8.7200e-02, +3.2024e-02, -5.2252e-02, -1.1988e-01, -2.0502e-03, -2.8153e-02, +4.6870e-02, +9.7941e-02, -3.8111e-02, +4.4360e-02, -3.0036e-02, -7.7551e-02, -1.6772e-01, +2.5020e-02, -1.5353e-02, -3.6175e-02, -2.0262e-02, +1.3690e-02, -7.5717e-02, -8.2312e-03, +8.9115e-02, +2.3277e-02, -4.6799e-02, +1.7953e-02, -9.8999e-02, -3.1435e-02, -5.5061e-02, +1.4931e-02, +4.2192e-02, +2.1430e-01, -4.5899e-02, -1.6386e-02, -4.6108e-02, -3.2951e-02, -5.9046e-02, +7.6526e-02, +2.8720e-02, +1.4923e-02
+1.3124e-02, -5.5941e-02, -1.0000e+00, +6.3201e-02, -1.0294e-02, -1.2854e-01, +7.4562e-02, +3.5239e-02, -1.6137e-02, +2.1907e-01, -9.0030e-02, -8.2616e-02, +4.8187e-02, -6.5697e-03, -2.7162e-02, +3.0840e-02, -5.7962e-02, +5.2540e-02, -3.0010e-02, -7.1251e-02, +3.5446e-03, -8.7696e-02, -4.8752e-02, -4.1703e-02, -8.7818e-02, +1.8862e-02, +3.1806e-02, -5.1348e-02, -4.5994e-02, -3.1818e-02, +2.0694e-03, -4.6938e-02, +5.2019e-02, -3.6554e-02, +1.9556e-02, +5.8242e-02, -1.0132e-01, -4.1505e-02, -3.3216e-02, +6.8919e-02, -6.1816e-02, -5.7742e-02, -5.2033e-02, -4.5910e-02, -5.1623e-02, -9.1456e-02, -1.4786e-01, +5.6265e-02, +7.7693e-02, +1.4711e-02
-1.3346e-01, -8.2845e-02, +6.3201e-02, -1.0000e+00, +4.6815e-03, -6.3701e-02, -4.5357e-02, -1.2233e-01, -6.3740e-02, +1.4424e-01, -6.5184e-02, -9.6459e-02, +1.3718e-02, +3.2734e-02, -3.6046e-02, +4.9247e-02, -8.0502e-02, +1.2361e-01, -1.7965e-02, -5.7825e-02, +2.4367e-02, -4.1658e-02, -4.9326e-02, -8.0921e-02, -5.1290e-02, -9.8607e-02, +1.7160e-02, -1.0139e-01, -1.0509e-02, -2.8011e-02, -4.9448e-02, -3.1129e-02, -3.7458e-03, -5.0626e-02, -2.4849e-02, +3.7417e-02, +4.7874e-02, -7.8902e-02, -6.7157e-02, +1.4004e-02, +1.1019e-02, -8.0584e-02, -7.9196e-02, +5.7405e-02, -7.1079e-02, +1.2801e-02, -6.7396e-02, +3.4553e-02, +1.3852e-03, +1.7233e-02
-2.2225e-03, -5.2039e-02, -1.0294e-02, +4.6815e-03, -1.0000e+00, -4.1907e-02, +9.4279e-03, +7.9382e-02, +5.4420e-02, +3.5358e-02, -3.1633e-02, -1.0552e-01, +3.0730e-02, -3.1309e-02, -9.2894e-02, +2.7361e-03, -1.8197e-02, +2.3909e-02, -5.7990e-02, -8.8214e-02, +2.7704e-02, +1.6073e-02, +2.7485e-03, -8.9762e-02, -5.5732e-02, -3.8450e-02, -2.2056e-02, -6.7850e-02, -7.3282e-02, -5.4499e-02, -5.5017e-03, +5.4071e-02, -1.3430e-02, +1.2224e-01, -5.6162e-02, -2.3423e-02, +4.8155e-02, +7.9147e-03, +5.9112e-03, +2.2685e-02, +6.4215e-02, -2.9529e-02, -8.4138e-02, -2.6233e-02, -5.3498e-02, +5.0121e-03, -3.2118e-02, +1.7743e-01, +5.6777e-03, +1.2415e-02
+5.1570e-02, -1.7154e-02, -1.2854e-01, -6.3701e-02, -4.1907e-02, -1.0000e+00, +4.1620e-02, +5.0329e-02, +5.7094e-02, +6.1814e-02, -6.1748e-02, -7.0178e-02, +1.1096e-01, +1.0312e-01, -7.5761e-02, +1.1268e-01, +8.4297e-04, +3.7794e-02, +1.1515e-02, -7.0168e-02, +9.2769e-02, -5.0359e-02, -9.1237e-03, -8.4944e-02, +6.3504e-03, -9.5107e-02, -2.1578e-02, +4.0719e-02, -6.2854e-03, -1.1874e-01, -8.0197e-02, +5.2392e-02, -5.7849e-02, -6.5577e-02, -4.0699e-02, +1.1596e-01, +1.8594e-02, -5.6455e-02, -8.9647e-02, +3.1655e-03, -4.5267e-03, -1.4116e-01, +2.3274e-03, +4.8755e-02, -6.8462e-02, +2.4424e-02, -1.7480e-01, -3.7679e-03, +1.3702e-02, +2.8352e-02
+3.9192e-03, -2.5665e-02, +7.4562e-02, -4.5357e-02, +9.4279e-03, +4.1620e-02, -1.0000e+00, +8.8578e-02, -9.7919e-02, +7.0703e-02, +6.8892e-02, -9.2890e-02, +8.9361e-02, -1.0503e-02, -3.0557e-02, +9.4444e-02, +4.2413e-02, +4.1831e-02, +3.3286e-02, +1.0431e-02, -5.2413e-02, -3.2873e-02, -8.2264e-03, +2.7857e-02, -7.9492e-03, -1.0977e-02, -4.4630e-03, +3.7704e-02, -1.1234e-02, +6.1093e-03, +4.2069e-02, +1.8702e-02, -4.3831e-03, +2.7218e-02, +8.4474e-03, -7.7040e-02, +6.4777e-02, +2.2350e-02, +2.3330e-02, -2.3658e-02, +6.4079e-02, -5.1102e-02, -2.0427e-02, +4.3222e-02, +9.0330e-03, -3.8995e-02, +2.4601e-02, -9.2431e-02, +1.3480e-02, +1.3413e-02
-1.1042e-01, +6.8847e-03, +3.5239e-02, -1.2233e-01, +7.9382e-02, +5.0329e-02, +8.8578e-02, -1.0000e+00, -3.2272e-02, -2.4483e-03, +2.8549e-03, -7.4086e-02, -9.9104e-03, +4.6412e-02, +8.5464e-02, -1.0133e-01, +1.2321e-02, +3.5612e-02, +3.9500e-02, -6.0356e-03, -1.6404e-02, +4.8988e-04, +2.9130e-02, +3.8393e-02, -3.4687e-03, +8.2370e-02, +2.2409e-02, -2.2651e-02, +4.1779e-02, -1.0947e-02, -1.5970e-02, -7.6193e-02, -2.9225e-02, -5.4394e-02, +6.2411e-02, -1.2457e-01, -8.1536e-02, -3.2100e-02, -2.7709e-02, +2.8261e-02, -1.9249e-02, -1.0359e-01, -1.1115e-02, +3.2608e-02, -2.8139e-02, +3.5192e-02, -8.7575e-02, +5.2237e-02, +9.9696e-02, -1.7500e-02
-4.9175e-02, +7.9798e-02, -1.6137e-02, -6.3740e-02, +5.4420e-02, +5.7094e-02, -9.7919e-02, -3.2272e-02, -1.0000e+00, +6.3479e-02, +8.1359e-02, -8.1177e-02, -2.8237e-02, +1.7872e-02, +3.2168e-02, -3.1779e-02, -1.3818e-03, +5.1421e-02, +2.6060e-02, -1.4047e-01, +4.9916e-03, -5.2833e-02, +3.1085e-03, +7.7383e-02, -6.8182e-02, +3.1594e-02, +1.2167e-01, -9.3051e-02, +1.0836e-01, +1.0102e-01, -1.6621e-02, +4.2156e-03, +1.0205e-02, -5.0264e-02, +7.6822e-03, -1.1841e-02, +4.9333e-03, +7.6494e-03, -3.0617e-02, +1.4412e-02, +4.8698e-02, -1.3421e-01, -1.0540e-02, +1.2573e-02, -3.6744e-03, -1.2452e-02, +1.4179e-02, +7.5412e-03, -1.9967e-02, +1.0661e-01
+4.1268e-02, +1.7603e-01, +2.1907e-01, +1.4424e-01, +3.5358e-02, +6.1814e-02, +7.0703e-02, -2.4483e-03, +6.3479e-02, -1.0000e+00, -1.4121e-01, +3.7136e-01, +7.5572e-03, -1.1752e-01, +1.8065e-01, +7.0297e-02, +2.0008e-01, +6.8543e-03, -1.4309e-02, +5.0251e-02, +6.8761e-02, -4.5514e-02, +4.2271e-01, -9.2565e-02, +5.2052e-02, +9.3031e-02, -1.1915e-01, +4.2550e-02, +5.8935e-02, +6.2806e-02, -1.1240e-01, +5.1765e-04, +4.8873e-02, -8.6979e-02, -2.6966e-02, -6.3597e-03, +3.2863e-02, +1.2258e-01, +1.0670e-01, +6.3828e-04, +5.9592e-03, +1.9979e-02, -3.2382e-03, -2.7656e-02, +1.0084e-01, +5.0683e-02, +2.0426e-01, +1.4098e-02, -5.9264e-02, +7.2995e-02
-6.3582e-03, +6.2834e-02, -9.0030e-02, -6.5184e-02, -3.1633e-02, -6.1748e-02, +6.8892e-02, +2.8549e-03, +8.1359e-02, -1.4121e-01, -1.0000e+00, -6.9820e-03, +1.4021e-02, +6.3776e-02, -4.7824e-02, +7.7135e-02, +6.6926e-02, +8.8321e-02, -4.2753e-02, -1.2099e-01, +1.0753e-01, -6.1500e-02, +1.7802e-01, +1.5222e-02, -3.2773e-02, -1.2244e-01, -5.0070e-02, -6.1850e-02, -4.1532e-02, -5.1487e-02, -5.2932e-02, -2.5932e-02, +3.6115e-02, -8.5878e-02, -4.7833e-02, +1.3547e-01, +3.9562e-02, -1.0642e-01, +5.0299e-02, +4.8393e-03, -3.3278e-02, -1.7543e-01, +2.0894e-03, -2.5314e-02, -1.2226e-01, +9.7609e-02, -6.5527e-02, +8.0289e-02, +7.5993e-02, +9.8474e-04
-1.0926e-01, -6.8225e-02, -8.2616e-02, -9.6459e-02, -1.0552e-01, -7.0178e-02, -9.2890e-02, -7.4086e-02, -8.1177e-02, +3.7136e-01, -6.9820e-03, -1.0000e+00, -7.2700e-03, +1.4719e-01, -1.2937e-01, -2.9124e-02, -5.1635e-02, +1.6997e-01, -7.0462e-02, -5.9123e-02, -3.1418e-02, -1.2711e-02, -1.7293e-01, -1.5699e-02, -1.1030e-01, +5.4488e-03, -4.8085e-02, -1.0474e-01, -6.7878e-02, -9.3350e-02, -5.6441e-03, +4.9826e-02, -7.2338e-02, +1.1041e-01, +1.1052e-02, -2.0301e-02, -4.8431e-02, -1.9138e-02, -8.6223e-02, +4.8214e-02, +1.8382e-02, -1.2967e-01, -8.6457e-04, -1.5713e-02, -3.9329e-02, +2.9326e-02, -8.1495e-02, +9.9524e-02, -3.9459e-02, -4.2260e-02
-7.0110e-02, +8.7200e-02, +4.8187e-02, +1.3718e-02, +3.0730e-02, +1.1096e-01, +8.9361e-02, -9.9104e-03, -2.8237e-02, +7.5572e-03, +1.4021e-02, -7.2700e-03, -1.0000e+00, +7.6719e-02, -1.3812e-02, -1.6595e-02, -1.7787e-02, +2.5567e-02, -7.4469e-03, +1.1462e-01, -1.9390e-02, +3.3503e-02, -1.9602e-02, +4.6325e-02, +6.9392e-02, -1.0768e-02, +6.9892e-02, +1.0763e-01, +3.2732e-02, +8.1171e-02, +7.5482e-02, -8.5466e-02, +2.0318e-02, +1.2294e-02, +3.1146e-02, -5.5753e-02, +5.2127e-03, +3.1317e-02, +2.2620e-02, +2.4850e-02, +2.0634e-02, +1.7303e-02, -8.3497e-03, +2.0992e-02, -7.7603e-02, +7.0451e-04, +1.2051e-01, -1.0990e-01, +6.2484e-02, -2.7593e-02
+5.1625e-03, +3.2024e-02, -6.5697e-03, +3.2734e-02, -3.1309e-02, +1.0312e-01, -1.0503e-02, +4.6412e-02, +1.7872e-02, -1.1752e-01, +6.3776e-02, +1.4719e-01, +7.6719e-02, -1.0000e+00, -1.2660e-02, -1.5447e-01, +2.0432e-02, +7.1569e-02, +3.9480e-02, +3.5308e-02, +6.5428e-03, +4.9153e-02, +8.0601e-02, -5.2119e-02, -6.6305e-03, +4.2061e-02, +1.2531e-02, +3.5099e-02, +3.4641e-02, +7.0074e-02, +2.2248e-02, +1.9475e-01, +1.7124e-02, +3.7449e-02, -9.3456e-03, +6.4492e-02, +5.4663e-02, -1.7869e-02, +2.6584e-02, -6.5528e-02, +6.1205e-02, -1.2592e-02, +1.2545e-01, +1.4411e-03, +1.8854e-01, -2.6793e-02, +5.5526e-02, -2.3233e-02, +1.0690e-01, -1.5299e-01
-4.1560e-02, -5.2252e-02, -2.7162e-02, -3.6046e-02, -9.2894e-02, -7.5761e-02, -3.0557e-02, +8.5464e-02, +3.2168e-02, +1.8065e-01, -4.7824e-02, -1.2937e-01, -1.3812e-02, -1.2660e-02, -1.0000e+00, -3.2575e-02, -7.6476e-02, +8.6591e-02, -7.2756e-02, -9.1096e-02, -2.9407e-02, +2.6299e-02, -1.1626e-01, -1.7503e-02, -3.0329e-02, -4.1445e-02, -4.3623e-02, -9.3332e-02, -8.7273e-02, +5.7957e-03, -6.5779e-02, -3.4084e-02, +3.9814e-02, +9.9201e-03, +9.5857e-03, +1.5951e-02, +1.3408e-01, -2.6692e-02, -2.0165e-02, +1.7166e-02, -4.0602e-02, +1.5008e-02, +2.0161e-05, -4.5275e-02, -7.8452e-02, -4.0768e-02, -4.3262e-02, +1.8207e-01, -2.8789e-02, +6.4691e-03
-1.7366e-01, -1.1988e-01, +3.0840e-02, +4.9247e-02, +2.7361e-03, +1.1268e-01, +9.4444e-02, -1.0133e-01, -3.1779e-02, +7.0297e-02, +7.7135e-02, -2.9124e-02, -1.6595e-02, -1.5447e-01, -3.2575e-02, -1.0000e+00, -1.4075e-01, -1.8469e-01, +6.4573e-02, +6.2567e-02, -3.6978e-02, +7.0892e-02, -2.0239e-01, +1.3125e-01, +3.2502e-02, +1.1325e-01, +8.7901e-02, -2.3119e-02, +6.7888e-02, +1.1931e-01, -2.5354e-02, +1.2409e-01, +8.1054e-02, -2.1817e-02, +5.3332e-02, +1.2275e-01, -4.5926e-02, -2.3158e-04, +7.2687e-02, +4.4339e-02, -3.7955e-02, +1.3867e-01, +7.2377e-02, -5.5397e-02, +1.9278e-02, -1.1393e-01, -2.2701e-02, +3.7593e-01, +1.0059e-01, -2.6683e-02
-1.5566e-03, -2.0502e-03, -5.7962e-02, -8.0502e-02, -1.8197e-02, +8.4297e-04, +4.2413e-02, +1.2321e-02, -1.3818e-03, +2.0008e-01, +6.6926e-02, -5.1635e-02, -1.7787e-02, +2.0432e-02, -7.6476e-02, -1.4075e-01, -1.0000e+00, +8.8122e-02, +4.5405e-02, -3.9328e-02, -5.8785e-03, -1.7406e-02, -1.3381e-01, +8.3657e-02, +2.7120e-02, -5.6295e-05, +1.0081e-01, +1.1516e-02, +6.6420e-03, -7.5615e-02, +7.3151e-02, -4.1071e-02, +1.8120e-02, -8.8001e-05, +4.5161e-02, +6.8274e-02, +6.9631e-03, -3.2820e-02, -1.1911e-02, -2.8924e-02, +6.6607e-03, -5.2141e-02, -2.1605e-02, -4.2749e-03, +6.9494e-03, -2.1616e-03, -1.4887e-02, +8.9860e-02, -9.5425e-02, +1.1191e-02
+6.8880e-02, -2.8153e-02, +5.2540e-02, +1.2361e-01, +2.3909e-02, +3.7794e-02, +4.1831e-02, +3.5612e-02, +5.1421e-02, +6.8543e-03, +8.8321e-02, +1.6997e-01, +2.5567e-02, +7.1569e-02, +8.6591e-02, -1.8469e-01, +8.8122e-02, -1.0000e+00, +1.0270e-01, +9.0355e-02, +1.2748e-01, +7.7736e-02, -9.6195e-02, +1.8020e-01, -7.9576e-03, -3.3055e-02, +9.5997e-02, +7.3025e-02, -4.7721e-03, +1.4246e-01, +6.1920e-02, +2.8460e-01, +2.1202e-02, +3.3418e-02, -1.2262e-03, +2.3025e-02, -3.6344e-02, -2.1350e-03, +6.0161e-02, -1.3536e-02, -5.7978e-02, +1.1637e-01, +1.6721e-01, +3.7390e-02, +2.0239e-02, +3.0319e-02, -2.2437e-03, +3.9137e-02, +3.1714e-01, +3.9375e-03
-8.1593e-03, +4.6870e-02, -3.0010e-02, -1.7965e-02, -5.7990e-02, +1.1515e-02, +3.3286e-02, +3.9500e-02, +2.6060e-02, -1.4309e-02, -4.2753e-02, -7.0462e-02, -7.4469e-03, +3.9480e-02, -7.2756e-02, +6.4573e-02, +4.5405e-02, +1.0270e-01, -1.0000e+00, -5.4813e-02, +2.8621e-02, +5.4506e-02, -8.9641e-04, -8.9911e-02, -1.8926e-02, +1.0698e-02, +2.4536e-02, +1.1720e-02, +7.5183e-02, -4.2023e-02, +9.2215e-03, -3.4201e-02, -6.6898e-02, -1.1060e-02, -1.4404e-02, -8.1208e-02, +4.8388e-02, -5.5726e-02, -4.8842e-02, -2.0728e-02, +2.1521e-02, -2.3576e-02, -1.2590e-01, -5.1199e-02, -7.0753e-02, -3.0871e-02, -4.0735e-02, +5.5471e-02, -1.0217e-02, -2.5027e-03
+3.0260e-02, +9.7941e-02, -7.1251e-02, -5.7825e-02, -8.8214e-02, -7.0168e-02, +1.0431e-02, -6.0356e-03, -1.4047e-01, +5.0251e-02, -1.2099e-01, -5.9123e-02, +1.1462e-01, +3.5308e-02, -9.1096e-02, +6.2567e-02, -3.9328e-02, +9.0355e-02, -5.4813e-02, -1.0000e+00, +6.7118e-02, -1.9465e-01, +4.7129e-02, -1.9776e-02, +2.8133e-02, -4.7308e-02, -4.9812e-02, -1.1786e-01, -7.4983e-02, -7.9190e-02, +7.1508e-02, -9.5703e-02, -6.9702e-02, -1.2578e-01, -7.2274e-02, +1.9232e-01, +1.2851e-01, -1.5434e-01, -2.0523e-02, -4.2096e-02, -8.0726e-02, -1.2128e-01, +3.0752e-02, +5.0400e-02, -9.6343e-03, +3.4747e-02, -5.9944e-03, +1.6737e-01, +1.4883e-02, -1.1755e-01
-9.2119e-02, -3.8111e-02, +3.5446e-03, +2.4367e-02, +2.7704e-02, +9.2769e-02, -5.2413e-02, -1.6404e-02, +4.9916e-03, +6.8761e-02, +1.0753e-01, -3.1418e-02, -1.9390e-02, +6.5428e-03, -2.9407e-02, -3.6978e-02, -5.8785e-03, +1.2748e-01, +2.8621e-02, +6.7118e-02, -1.0000e+00, -1.8150e-02, -1.4413e-01, +3.5869e-02, -4.9444e-02, +8.1885e-02, -1.3788e-03, -3.2453e-03, +1.0628e-02, -4.6054e-05, +1.8764e-02, -1.1013e-02, -6.0487e-02, -2.4057e-02, +3.6416e-02, -3.4516e-02, +4.9161e-02, -1.3107e-02, -4.6066e-02, +2.3602e-02, +3.2996e-03, +2.1561e-01, -2.1312e-02, -5.3486e-02, -7.2055e-03, -9.1378e-02, -8.7656e-03, +4.2630e-02, -1.3902e-02, -1.5161e-02
-5.6311e-02, +4.4360e-02, -8.7696e-02, -4.1658e-02, +1.6073e-02, -5.0359e-02, -3.2873e-02, +4.8988e-04, -5.2833e-02, -4.5514e-02, -6.1500e-02, -1.2711e-02, +3.3503e-02, +4.9153e-02, +2.6299e-02, +7.0892e-02, -1.7406e-02, +7.7736e-02, +5.4506e-02, -1.9465e-01, -1.8150e-02, -1.0000e+00, +3.8656e-02, -2.8816e-02, -4.4030e-03, -3.1875e-02, -2.1147e-02, -7.4427e-02, -1.6335e-02, -4.0893e-02, -4.1629e-02, -1.4681e-01, -8.3355e-02, +1.7662e-02, -4.0139e-02, +2.9067e-02, +9.0550e-02, -1.6597e-02, +4.7909e-03, -4.0353e-02, +2.3283e-02, -1.1146e-01, -1.8061e-02, -3.5901e-02, -3.8774e-02, +6.8847e-02, -3.2161e-02, +6.2200e-02, +1.8513e-02, -3.1302e-02
-1.0535e-01, -3.0036e-02, -4.8752e-02, -4.9326e-02, +2.7485e-03, -9.1237e-03, -8.2264e-03, +2.9130e-02, +3.1085e-03, +4.2271e-01, +1.7802e-01, -1.7293e-01, -1.9602e-02, +8.0601e-02, -1.1626e-01, -2.0239e-01, -1.3381e-01, -9.6195e-02, -8.9640e-04, +4.7129e-02, -1.4413e-01, +3.8656e-02, -1.0000e+00, +6.0827e-02, +3.2757e-04, +3.9192e-02, +1.1613e-01, -3.3867e-02, +1.6434e-02, -3.2154e-03, -5.4411e-02, -2.0921e-02, -1.4845e-01, +3.0696e-02, +5.4443e-02, -5.8195e-03, -5.0602e-02, -6.4843e-03, +2.7124e-02, +2.6528e-02, +2.9498e-03, +6.5633e-02, -3.9694e-02, +4.5067e-03, -6.9332e-02, -4.5270e-02, -4.8903e-02, +2.0899e-01, +4.4110e-02, -1.4766e-02
+6.7505e-02, -7.7551e-02, -4.1703e-02, -8.0921e-02, -8.9762e-02, -8.4944e-02, +2.7857e-02, +3.8393e-02, +7.7383e-02, -9.2565e-02, +1.5222e-02, -1.5699e-02, +4.6325e-02, -5.2119e-02, -1.7503e-02, +1.3125e-01, +8.3657e-02, +1.8020e-01, -8.9911e-02, -1.9776e-02, +3.5869e-02, -2.8816e-02, +6.0827e-02, -1.0000e+00, -2.8052e-02, -2.1326e-02, -8.4214e-02, -1.5488e-02, +6.1673e-02, -3.0431e-02, -1.1949e-01, -1.2300e-02, +2.4441e-03, +8.3898e-03, -9.1774e-02, -2.4759e-02, +6.9174e-02, +1.6688e-02, -1.0847e-01, +2.2401e-02, +5.7427e-02, +1.7254e-02, -3.9500e-02, -1.3176e-02, +1.9405e-02, -4.4484e-02, -3.9976e-02, -7.1485e-02, +2.4947e-02, +5.4203e-02
-4.7178e-02, -1.6772e-01, -8.7818e-02, -5.1290e-02, -5.5732e-02, +6.3504e-03, -7.9492e-03, -3.4687e-03, -6.8182e-02, +5.2052e-02, -3.2773e-02, -1.1030e-01, +6.9392e-02, -6.6304e-03, -3.0329e-02, +3.2502e-02, +2.7120e-02, -7.9576e-03, -1.8926e-02, +2.8133e-02, -4.9444e-02, -4.4030e-03, +3.2758e-04, -2.8052e-02, -1.0000e+00, -1.7676e-02, -2.5540e-02, -8.7149e-02, -7.5653e-02, -8.0041e-03, -8.5730e-02, +1.0963e-02, +7.4553e-02, +4.4086e-03, -7.9910e-02, -1.1181e-01, +2.8386e-02, -8.9914e-02, -4.7813e-02, +5.3374e-02, -8.4252e-03, -6.0967e-02, +3.3619e-02, -4.3567e-02, -1.0998e-01, -3.1319e-02, -6.1747e-02, +1.0701e-01, +1.1991e-02, +9.8496e-02
+2.8367e-02, +2.5020e-02, +1.8862e-02, -9.8607e-02, -3.8450e-02, -9.5107e-02, -1.0977e-02, +8.2370e-02, +3.1594e-02, +9.3031e-02, -1.2244e-01, +5.4488e-03, -1.0768e-02, +4.2061e-02, -4.1445e-02, +1.1325e-01, -5.6308e-05, -3.3055e-02, +1.0698e-02, -4.7308e-02, +8.1885e-02, -3.1875e-02, +3.9192e-02, -2.1326e-02, -1.7676e-02, -1.0000e+00, -3.6642e-02, +2.9001e-03, -3.7398e-02, -3.0920e-02, +2.2951e-02, +6.1664e-02, +3.8933e-02, +2.3362e-02, -2.1319e-03, -2.1577e-02, +3.9970e-02, +4.6710e-02, +5.5764e-03, -1.2577e-03, -4.7830e-02, -1.3652e-01, -9.7133e-03, +1.5472e-02, -1.3259e-01, +1.8644e-02, -6.2497e-02, -8.6249e-02, +7.3106e-02, +5.6374e-02
+2.4651e-02, -1.5353e-02, +3.1806e-02, +1.7160e-02, -2.2056e-02, -2.1578e-02, -4.4630e-03, +2.2409e-02, +1.2167e-01, -1.1915e-01, -5.0070e-02, -4.8085e-02, +6.9892e-02, +1.2531e-02, -4.3623e-02, +8.7901e-02, +1.0081e-01, +9.5997e-02, +2.4536e-02, -4.9812e-02, -1.3788e-03, -2.1147e-02, +1.1613e-01, -8.4214e-02, -2.5540e-02, -3.6642e-02, -1.0000e+00, -5.1673e-03, -9.5599e-02, -1.2110e-01, -3.7688e-02, +1.8737e-02, +8.1209e-02, -4.6898e-02, -6.7833e-02, -9.1674e-02, +1.8690e-02, -2.9846e-03, -6.2095e-02, +1.9959e-02, +7.2079e-03, -9.4046e-02, -3.0049e-02, +4.9373e-02, -7.0012e-02, -2.4346e-02, -6.1829e-02, -3.4616e-02, -3.4991e-02, +5.6790e-02
-7.0113e-02, -3.6175e-02, -5.1348e-02, -1.0139e-01, -6.7850e-02, +4.0719e-02, +3.7704e-02, -2.2651e-02, -9.3051e-02, +4.2550e-02, -6.1850e-02, -1.0474e-01, +1.0763e-01, +3.5099e-02, -9.3332e-02, -2.3119e-02, +1.1516e-02, +7.3025e-02, +1.1720e-02, -1.1786e-01, -3.2453e-03, -7.4427e-02, -3.3867e-02, -1.5488e-02, -8.7149e-02, +2.9001e-03, -5.1673e-03, -1.0000e+00, -3.2519e-04, +4.5971e-02, -7.9331e-02, -5.2687e-02, -1.9285e-02, -6.0732e-03, -1.1024e-02, +7.7032e-02, +3.6212e-02, -7.1955e-02, -8.7657e-02, -5.1138e-03, -3.3050e-02, -6.9009e-02, -6.9586e-02, -3.8723e-02, -6.4850e-02, -7.4156e-02, -7.4984e-02, +1.6197e-01, +5.3509e-02, -7.1385e-02
-6.3932e-02, -2.0262e-02, -4.5994e-02, -1.0509e-02, -7.3282e-02, -6.2854e-03, -1.1234e-02, +4.1779e-02, +1.0836e-01, +5.8935e-02, -4.1532e-02, -6.7878e-02, +3.2732e-02, +3.4641e-02, -8.7273e-02, +6.7888e-02, +6.6420e-03, -4.7721e-03, +7.5183e-02, -7.4983e-02, +1.0628e-02, -1.6335e-02, +1.6434e-02, +6.1673e-02, -7.5653e-02, -3.7398e-02, -9.5599e-02, -3.2520e-04, -1.0000e+00, -3.5306e-02, -1.1944e-01, -4.8863e-02, +7.0283e-02, +6.0135e-02, +1.2728e-02, -4.1391e-02, +1.1031e-02, -8.9046e-02, +6.4880e-02, -5.2608e-02, +1.2253e-02, -6.8157e-02, +3.7417e-02, +1.1746e-02, -7.3935e-02, +4.2869e-02, -1.3262e-02, +1.3124e-01, -2.2853e-02, -1.1779e-02
-1.1737e-02, +1.3690e-02, -3.1818e-02, -2.8011e-02, -5.4499e-02, -1.1874e-01, +6.1093e-03, -1.0947e-02, +1.0102e-01, +6.2806e-02, -5.1487e-02, -9.3350e-02, +8.1171e-02, +7.0074e-02, +5.7957e-03, +1.1931e-01, -7.5615e-02, +1.4246e-01, -4.2023e-02, -7.9190e-02, -4.6060e-05, -4.0893e-02, -3.2154e-03, -3.0431e-02, -8.0041e-03, -3.0920e-02, -1.2110e-01, +4.5971e-02, -3.5306e-02, -1.0000e+00, -5.4141e-03, +2.0628e-02, -7.2943e-02, -2.9925e-02, -4.2080e-02, -3.9832e-02, -3.1505e-02, -1.1178e-02, -4.1943e-02, -3.0066e-03, +2.1578e-02, -1.4313e-01, -5.4663e-02, +4.0817e-02, -1.0953e-01, -1.1523e-02, -9.4959e-02, +9.4298e-03, +2.2516e-02, -2.4527e-02
-1.2051e-01, -7.5717e-02, +2.0694e-03, -4.9448e-02, -5.5017e-03, -8.0197e-02, +4.2069e-02, -1.5970e-02, -1.6621e-02, -1.1240e-01, -5.2932e-02, -5.6441e-03, +7.5482e-02, +2.2248e-02, -6.5779e-02, -2.5354e-02, +7.3151e-02, +6.1920e-02, +9.2215e-03, +7.1508e-02, +1.8764e-02, -4.1629e-02, -5.4411e-02, -1.1949e-01, -8.5730e-02, +2.2951e-02, -3.7688e-02, -7.9331e-02, -1.1944e-01, -5.4141e-03, -1.0000e+00, +5.0577e-03, -3.2863e-03, -9.6620e-03, +5.5699e-02, +1.1364e-01, -4.9888e-03, -1.1173e-01, -5.6555e-02, -1.7749e-02, -9.2668e-02, +6.6564e-02, +5.9730e-02, +5.4069e-02, -1.3502e-01, -3.5446e-02, -4.8883e-02, +2.6917e-01, -3.7470e-02, -4.3872e-02
-7.1180e-02, -8.2312e-03, -4.6938e-02, -3.1129e-02, +5.4071e-02, +5.2392e-02, +1.8702e-02, -7.6193e-02, +4.2156e-03, +5.1765e-04, -2.5932e-02, +4.9826e-02, -8.5466e-02, +1.9475e-01, -3.4084e-02, +1.2409e-01, -4.1071e-02, +2.8460e-01, -3.4201e-02, -9.5703e-02, -1.1013e-02, -1.4681e-01, -2.0921e-02, -1.2300e-02, +1.0963e-02, +6.1664e-02, +1.8737e-02, -5.2687e-02, -4.8863e-02, +2.0628e-02, +5.0577e-03, -1.0000e+00, +1.4455e-02, +9.9623e-02, +8.0502e-02, +3.9514e-02, +5.1912e-02, -3.9118e-02, +1.2032e-02, -5.5536e-02, -4.5852e-02, +9.3812e-02, -9.3908e-02, +5.8596e-02, -1.3319e-02, -2.9373e-04, -4.3761e-03, +1.4299e-01, +2.6990e-01, +2.4555e-02
-7.9734e-02, +8.9115e-02, +5.2019e-02, -3.7458e-03, -1.3430e-02, -5.7849e-02, -4.3831e-03, -2.9225e-02, +1.0205e-02, +4.8873e-02, +3.6115e-02, -7.2338e-02, +2.0318e-02, +1.7124e-02, +3.9814e-02, +8.1054e-02, +1.8120e-02, +2.1202e-02, -6.6898e-02, -6.9702e-02, -6.0487e-02, -8.3355e-02, -1.4845e-01, +2.4441e-03, +7.4553e-02, +3.8933e-02, +8.1209e-02, -1.9285e-02, +7.0283e-02, -7.2943e-02, -3.2863e-03, +1.4455e-02, -1.0000e+00, -9.6902e-02, -1.0292e-02, -7.9986e-03, -9.8824e-03, +1.5414e-02, +6.5859e-02, +5.5727e-02, -5.6104e-02, -9.0795e-03, -1.0942e-01, +4.2211e-02, -6.8547e-02, -1.5440e-02, -3.7783e-02, +1.7121e-01, +1.4810e-01, -2.7819e-02
-7.0389e-03, +2.3277e-02, -3.6554e-02, -5.0626e-02, +1.2224e-01, -6.5577e-02, +2.7218e-02, -5.4394e-02, -5.0264e-02, -8.6979e-02, -8.5878e-02, +1.1041e-01, +1.2294e-02, +3.7449e-02, +9.9201e-03, -2.1817e-02, -8.8007e-05, +3.3418e-02, -1.1060e-02, -1.2578e-01, -2.4057e-02, +1.7662e-02, +3.0696e-02, +8.3898e-03, +4.4086e-03, +2.3362e-02, -4.6898e-02, -6.0732e-03, +6.0135e-02, -2.9925e-02, -9.6620e-03, +9.9623e-02, -9.6902e-02, -1.0000e+00, -1.9828e-02, -9.4973e-03, -6.8594e-02, +2.2564e-02, -5.2824e-02, -1.5183e-02, -9.0407e-03, -2.2361e-01, +2.3474e-02, +5.7303e-02, -8.7222e-02, +5.9392e-02, -2.6474e-02, -4.1616e-02, -1.0887e-02, +1.8603e-02
+5.3577e-03, -4.6799e-02, +1.9556e-02, -2.4849e-02, -5.6162e-02, -4.0699e-02, +8.4474e-03, +6.2411e-02, +7.6821e-03, -2.6966e-02, -4.7833e-02, +1.1052e-02, +3.1146e-02, -9.3456e-03, +9.5857e-03, +5.3332e-02, +4.5161e-02, -1.2262e-03, -1.4404e-02, -7.2274e-02, +3.6416e-02, -4.0139e-02, +5.4443e-02, -9.1774e-02, -7.9910e-02, -2.1319e-03, -6.7833e-02, -1.1024e-02, +1.2728e-02, -4.2080e-02, +5.5699e-02, +8.0502e-02, -1.0292e-02, -1.9828e-02, -1.0000e+00, -4.1516e-02, +1.7003e-02, +9.3618e-02, -4.4026e-02, -1.0577e-02, +1.4340e-01, -4.8074e-02, -3.2994e-03, -1.9618e-02, -3.0273e-02, -5.2793e-02, +1.3363e-02, -6.9063e-02, +7.1611e-02, -5.0260e-03
+1.2885e-01, +1.7953e-02, +5.8242e-02, +3.7417e-02, -2.3423e-02, +1.1596e-01, -7.7040e-02, -1.2457e-01, -1.1841e-02, -6.3597e-03, +1.3547e-01, -2.0301e-02, -5.5753e-02, +6.4492e-02, +1.5951e-02, +1.2275e-01, +6.8274e-02, +2.3025e-02, -8.1208e-02, +1.9232e-01, -3.4516e-02, +2.9067e-02, -5.8195e-03, -2.4759e-02, -1.1181e-01, -2.1577e-02, -9.1674e-02, +7.7032e-02, -4.1391e-02, -3.9832e-02, +1.1364e-01, +3.9514e-02, -7.9986e-03, -9.4973e-03, -4.1516e-02, -1.0000e+00, +1.5700e-01, -8.6323e-03, -4.3342e-02, +3.3485e-02, +9.6377e-02, -2.3251e-01, -1.7286e-02, -2.6252e-01, +2.6577e-02, -1.3817e-01, -6.1267e-02, -2.6495e-01, -7.8151e-02, +3.5046e-02
+9.7899e-02, -9.8999e-02, -1.0132e-01, +4.7874e-02, +4.8155e-02, +1.8594e-02, +6.4777e-02, -8.1536e-02, +4.9333e-03, +3.2863e-02, +3.9562e-02, -4.8431e-02, +5.2127e-03, +5.4663e-02, +1.3408e-01, -4.5926e-02, +6.9631e-03, -3.6344e-02, +4.8388e-02, +1.2851e-01, +4.9161e-02, +9.0550e-02, -5.0602e-02, +6.9174e-02, +2.8386e-02, +3.9970e-02, +1.8690e-02, +3.6212e-02, +1.1031e-02, -3.1505e-02, -4.9888e-03, +5.1912e-02, -9.8824e-03, -6.8594e-02, +1.7003e-02, +1.5700e-01, -1.0000e+00, +8.5943e-02, +3.8629e-02, +4.6772e-02, -4.3784e-02, +1.1461e-01, -1.0864e-01, +1.0684e-01, -1.1643e-02, +1.0031e-02, +7.2164e-02, +4.5206e-02, +6.7159e-02, -1.0072e-02
-9.4907e-03, -3.1435e-02, -4.1505e-02, -7.8902e-02, +7.9147e-03, -5.6455e-02, +2.2350e-02, -3.2100e-02, +7.6494e-03, +1.2258e-01, -1.0642e-01, -1.9138e-02, +3.1317e-02, -1.7869e-02, -2.6692e-02, -2.3157e-04, -3.2820e-02, -2.1350e-03, -5.5726e-02, -1.5434e-01, -1.3107e-02, -1.6597e-02, -6.4843e-03, +1.6688e-02, -8.9914e-02, +4.6710e-02, -2.9846e-03, -7.1955e-02, -8.9046e-02, -1.1178e-02, -1.1173e-01, -3.9118e-02, +1.5414e-02, +2.2564e-02, +9.3618e-02, -8.6323e-03, +8.5943e-02, -1.0000e+00, -6.7907e-02, -9.8281e-03, -5.2654e-02, -1.0098e-01, +7.6203e-02, -1.4811e-02, -1.8532e-02, +3.1700e-02, -1.5089e-01, +1.5913e-01, +9.8275e-03, -4.5740e-02
+3.2936e-02, -5.5061e-02, -3.3216e-02, -6.7157e-02, +5.9112e-03, -8.9647e-02, +2.3330e-02, -2.7709e-02, -3.0617e-02, +1.0670e-01, +5.0299e-02, -8.6223e-02, +2.2620e-02, +2.6584e-02, -2.0165e-02, +7.2687e-02, -1.1911e-02, +6.0160e-02, -4.8842e-02, -2.0523e-02, -4.6066e-02, +4.7909e-03, +2.7124e-02, -1.0847e-01, -4.7813e-02, +5.5764e-03, -6.2095e-02, -8.7657e-02, +6.4880e-02, -4.1943e-02, -5.6555e-02, +1.2032e-02, +6.5859e-02, -5.2824e-02, -4.4026e-02, -4.3342e-02, +3.8629e-02, -6.7907e-02, -1.0000e+00, -6.0616e-03, +7.4202e-02, -1.1894e-01, -4.4646e-02, +2.7283e-02, -3.2019e-02, -1.1165e-03, -1.1013e-01, -8.6627e-02, -1.5863e-02, +7.8819e-02
-5.5350e-03, +1.4931e-02, +6.8919e-02, +1.4004e-02, +2.2685e-02, +3.1655e-03, -2.3658e-02, +2.8261e-02, +1.4412e-02, +6.3828e-04, +4.8393e-03, +4.8214e-02, +2.4850e-02, -6.5528e-02, +1.7166e-02, +4.4339e-02, -2.8924e-02, -1.3536e-02, -2.0728e-02, -4.2096e-02, +2.3602e-02, -4.0353e-02, +2.6528e-02, +2.2401e-02, +5.3374e-02, -1.2577e-03, +1.9959e-02, -5.1138e-03, -5.2608e-02, -3.0066e-03, -1.7749e-02, -5.5536e-02, +5.5727e-02, -1.5183e-02, -1.0577e-02, +3.3485e-02, +4.6772e-02, -9.8281e-03, -6.0616e-03, -1.0000e+00, +5.2184e-03, +8.6927e-04, -6.6038e-02, +5.0477e-02, -3.5819e-02, +4.5750e-02, +1.3671e-02, -2.2443e-02, +5.0932e-02, -5.7063e-02
-5.7866e-02, +4.2192e-02, -6.1816e-02, +1.1019e-02, +6.4215e-02, -4.5267e-03, +6.4079e-02, -1.9249e-02, +4.8698e-02, +5.9592e-03, -3.3278e-02, +1.8382e-02, +2.0634e-02, +6.1205e-02, -4.0602e-02, -3.7955e-02, +6.6607e-03, -5.7978e-02, +2.1521e-02, -8.0726e-02, +3.2996e-03, +2.3283e-02, +2.9498e-03, +5.7427e-02, -8.4252e-03, -4.7830e-02, +7.2079e-03, -3.3050e-02, +1.2253e-02, +2.1578e-02, -9.2668e-02, -4.5852e-02, -5.6104e-02, -9.0407e-03, +1.4340e-01, +9.6377e-02, -4.3784e-02, -5.2654e-02, +7.4202e-02, +5.2183e-03, -1.0000e+00, -2.5236e-02, -1.8513e-02, -2.7653e-02, -4.6436e-02, +4.6793e-02, -3.1753e-02, +1.1068e-01, +6.3892e-02, +1.3813e-02
+2.9988e-02, +2.1430e-01, -5.7742e-02, -8.0584e-02, -2.9529e-02, -1.4116e-01, -5.1102e-02, -1.0359e-01, -1.3421e-01, +1.9979e-02, -1.7543e-01, -1.2967e-01, +1.7303e-02, -1.2592e-02, +1.5008e-02, +1.3867e-01, -5.2141e-02, +1.1637e-01, -2.3576e-02, -1.2128e-01, +2.1561e-01, -1.1146e-01, +6.5633e-02, +1.7254e-02, -6.0967e-02, -1.3652e-01, -9.4046e-02, -6.9009e-02, -6.8157e-02, -1.4313e-01, +6.6564e-02, +9.3812e-02, -9.0795e-03, -2.2361e-01, -4.8074e-02, -2.3251e-01, +1.1461e-01, -1.0098e-01, -1.1894e-01, +8.6927e-04, -2.5236e-02, -1.0000e+00, +9.5747e-02, +1.2957e-01, -8.2946e-02, +1.7174e-01, -8.0396e-02, -2.0463e-02, -1.1018e-02, -1.0088e-02
+2.4647e-02, -4.5899e-02, -5.2033e-02, -7.9196e-02, -8.4138e-02, +2.3275e-03, -2.0427e-02, -1.1115e-02, -1.0540e-02, -3.2382e-03, +2.0894e-03, -8.6457e-04, -8.3497e-03, +1.2545e-01, +2.0146e-05, +7.2377e-02, -2.1605e-02, +1.6721e-01, -1.2590e-01, +3.0752e-02, -2.1312e-02, -1.8061e-02, -3.9694e-02, -3.9500e-02, +3.3619e-02, -9.7133e-03, -3.0049e-02, -6.9586e-02, +3.7417e-02, -5.4663e-02, +5.9730e-02, -9.3908e-02, -1.0942e-01, +2.3474e-02, -3.2994e-03, -1.7286e-02, -1.0864e-01, +7.6203e-02, -4.4646e-02, -6.6038e-02, -1.8513e-02, +9.5747e-02, -1.0000e+00, -3.9002e-02, -2.7636e-02, -9.9165e-02, -1.0806e-02, +9.7785e-03, -1.8969e-02, +8.1310e-03
+5.7535e-02, -1.6386e-02, -4.5910e-02, +5.7405e-02, -2.6233e-02, +4.8755e-02, +4.3222e-02, +3.2608e-02, +1.2573e-02, -2.7656e-02, -2.5314e-02, -1.5713e-02, +2.0992e-02, +1.4411e-03, -4.5275e-02, -5.5397e-02, -4.2749e-03, +3.7390e-02, -5.1199e-02, +5.0400e-02, -5.3486e-02, -3.5901e-02, +4.5067e-03, -1.3176e-02, -4.3567e-02, +1.5472e-02, +4.9373e-02, -3.8723e-02, +1.1746e-02, +4.0817e-02, +5.4069e-02, +5.8596e-02, +4.2211e-02, +5.7303e-02, -1.9618e-02, -2.6252e-01, +1.0684e-01, -1.4811e-02, +2.7283e-02, +5.0477e-02, -2.7653e-02, +1.2957e-01, -3.9002e-02, -1.0000e+00, +1.1991e-02, -1.3142e-01, -4.5530e-02, +5.7769e-03, -3.2322e-02, -7.6778e-02
-1.9146e-01, -4.6108e-02, -5.1623e-02, -7.1079e-02, -5.3498e-02, -6.8462e-02, +9.0330e-03, -2.8139e-02, -3.6744e-03, +1.0084e-01, -1.2226e-01, -3.9329e-02, -7.7603e-02, +1.8854e-01, -7.8452e-02, +1.9278e-02, +6.9494e-03, +2.0239e-02, -7.0753e-02, -9.6343e-03, -7.2055e-03, -3.8774e-02, -6.9332e-02, +1.9405e-02, -1.0998e-01, -1.3259e-01, -7.0012e-02, -6.4850e-02, -7.3935e-02, -1.0953e-01, -1.3502e-01, -1.3319e-02, -6.8547e-02, -8.7222e-02, -3.0273e-02, +2.6577e-02, -1.1643e-02, -1.8532e-02, -3.2019e-02, -3.5819e-02, -4.6436e-02, -8.2946e-02, -2.7636e-02, +1.1991e-02, -1.0000e+00, -3.0818e-02, -9.1155e-02, +1.6551e-01, +6.1708e-02, -1.8204e-02
-2.4008e-02, -3.2951e-02, -9.1456e-02, +1.2801e-02, +5.0121e-03, +2.4424e-02, -3.8995e-02, +3.5192e-02, -1.2452e-02, +5.0683e-02, +9.7609e-02, +2.9327e-02, +7.0451e-04, -2.6793e-02, -4.0768e-02, -1.1393e-01, -2.1616e-03, +3.0319e-02, -3.0871e-02, +3.4747e-02, -9.1378e-02, +6.8847e-02, -4.5270e-02, -4.4484e-02, -3.1319e-02, +1.8644e-02, -2.4346e-02, -7.4156e-02, +4.2869e-02, -1.1523e-02, -3.5446e-02, -2.9373e-04, -1.5440e-02, +5.9392e-02, -5.2793e-02, -1.3817e-01, +1.0031e-02, +3.1700e-02, -1.1165e-03, +4.5750e-02, +4.6793e-02, +1.7174e-01, -9.9165e-02, -1.3142e-01, -3.0818e-02, -1.0000e+00, -2.8056e-02, +2.5666e-02, +2.4752e-02, +9.3401e-04
-6.4519e-02, -5.9046e-02, -1.4786e-01, -6.7396e-02, -3.2118e-02, -1.7480e-01, +2.4601e-02, -8.7575e-02, +1.4179e-02, +2.0426e-01, -6.5527e-02, -8.1495e-02, +1.2051e-01, +5.5526e-02, -4.3262e-02, -2.2701e-02, -1.4887e-02, -2.2437e-03, -4.0735e-02, -5.9944e-03, -8.7656e-03, -3.2161e-02, -4.8903e-02, -3.9976e-02, -6.1747e-02, -6.2497e-02, -6.1829e-02, -7.4984e-02, -1.3262e-02, -9.4959e-02, -4.8883e-02, -4.3761e-03, -3.7783e-02, -2.6474e-02, +1.3363e-02, -6.1267e-02, +7.2164e-02, -1.5089e-01, -1.1013e-01, +1.3671e-02, -3.1753e-02, -8.0396e-02, -1.0806e-02, -4.5530e-02, -9.1155e-02, -2.8056e-02, -1.0000e+00, +1.0432e-01, +9.2470e-02, +9.7039e-03
+4.1085e-01, +7.6526e-02, +5.6265e-02, +3.4553e-02, +1.7743e-01, -3.7679e-03, -9.2431e-02, +5.2237e-02, +7.5412e-03, +1.4098e-02, +8.0289e-02, +9.9524e-02, -1.0990e-01, -2.3233e-02, +1.8207e-01, +3.7593e-01, +8.9860e-02, +3.9137e-02, +5.5472e-02, +1.6737e-01, +4.2630e-02, +6.2200e-02, +2.0899e-01, -7.1485e-02, +1.0701e-01, -8.6249e-02, -3.4616e-02, +1.6197e-01, +1.3124e-01, +9.4298e-03, +2.6917e-01, +1.4299e-01, +1.7121e-01, -4.1616e-02, -6.9063e-02, -2.6495e-01, +4.5206e-02, +1.5913e-01, -8.6627e-02, -2.2443e-02, +1.1068e-01, -2.0463e-02, +9.7785e-03, +5.7769e-03, +1.6551e-01, +2.5666e-02, +1.0432e-01, -1.0000e+00, +1.9316e-01, +1.2433e-01
-9.8389e-02, +2.8720e-02, +7.7693e-02, +1.3852e-03, +5.6777e-03, +1.3702e-02, +1.3480e-02, +9.9696e-02, -1.9967e-02, -5.9264e-02, +7.5993e-02, -3.9459e-02, +6.2484e-02, +1.0690e-01, -2.8789e-02, +1.0059e-01, -9.5425e-02, +3.1714e-01, -1.0217e-02, +1.4883e-02, -1.3902e-02, +1.8513e-02, +4.4110e-02, +2.4947e-02, +1.1991e-02, +7.3106e-02, -3.4991e-02, +5.3509e-02, -2.2853e-02, +2.2516e-02, -3.7470e-02, +2.6990e-01, +1.4810e-01, -1.0887e-02, +7.1611e-02, -7.8151e-02, +6.7159e-02, +9.8275e-03, -1.5863e-02, +5.0932e-02, +6.3892e-02, -1.1018e-02, -1.8969e-02, -3.2322e-02, +6.1708e-02, +2.4752e-02, +9.2470e-02, +1.9316e-01, -1.0000e+00, +1.1186e-01
-5.2010e-02, +1.4923e-02, +1.4711e-02, +1.7233e-02, +1.2415e-02, +2.8352e-02, +1.3413e-02, -1.7500e-02, +1.0661e-01, +7.2995e-02, +9.8474e-04, -4.2260e-02, -2.7593e-02, -1.5299e-01, +6.4691e-03, -2.6683e-02, +1.1191e-02, +3.9375e-03, -2.5027e-03, -1.1755e-01, -1.5161e-02, -3.1302e-02, -1.4766e-02, +5.4203e-02, +9.8496e-02, +5.6374e-02, +5.6790e-02, -7.1385e-02, -1.1779e-02, -2.4527e-02, -4.3872e-02, +2.4555e-02, -2.7819e-02, +1.8603e-02, -5.0260e-03, +3.5046e-02, -1.0072e-02, -4.5740e-02, +7.8819e-02, -5.7063e-02, +1.3813e-02, -1.0088e-02, +8.1310e-03, -7.6778e-02, -1.8204e-02, +9.3401e-04, +9.7039e-03, +1.2433e-01, +1.1186e-01, -1.0000e+00
