-1.0000e+00, +1.6542e-02, +6.2615e-02, -7.4659e-02, +8.6444e-03, -1.5312e-03, -3.6424e-02, +3.3615e-02, -7.5635e-02, +1.9627e-02, +4.9762e-03, -1.7092e-03, +1.9967e-02, +3.4635e-02, +1.2126e-02, -9.5990e-02, -2.8368e-02, +8.4795e-02, +6.1441e-02, +5.4372e-02, +5.8459e-03, +2.8010e-02, +4.1040e-03, -1.5119e-02, -1.0400e-01, -8.3140e-02, +7.6560e-03, +1.1291e-01, +1.0552e-02, -1.3369e-02, +2.9970e-02, -3.6887e-03, +1.4915e-02, -4.3911e-02, +3.2482e-02, +1.6625e-02, -2.6079e-02, +1.4976e-01, +1.8899e-02, +3.8220e-02, +1.9245e-02, +2.1480e-01, -7.1582e-02, +9.5630e-02, -6.6895e-03, -3.4720e-02, +6.0685e-02, +5.9695e-02, +6.9933e-02, +2.4307e-03
+1.6542e-02, -1.0000e+00, +3.8936e-02, -1.3880e-02, +7.5030e-02, -4.2231e-02, +2.6562e-02, -2.0028e-03, +4.7583e-02, +3.1049e-02, -2.7314e-02, -2.0506e-02, -1.2436e-02, +1.7406e-02, -1.6964e-03, -8.5541e-02, +2.0064e-02, -7.0679e-02, +1.8215e-02, -3.6934e-02, -2.3242e-02, -5.9693e-02, +3.0224e-02, +1.3398e-02, -6.6089e-02, -6.2722e-02, +6.3995e-02, -7.1832e-02, -4.3879e-02, +3.3662e-02, -1.4122e-02, -3.2138e-02, -4.6626e-02, +9.5759e-02, +2.4752e-02, -8.2191e-02, +4.3858e-02, +3.8357e-02, +6.9667e-03, -3.3401e-02, -8.2758e-02, -3.6291e-02, +8.0259e-02, +9.2492e-04, +1.5950e-02, +4.5133e-02, +3.0410e-02, +5.8522e-02, +2.5809e-03, -3.1376e-02
+6.2615e-02, +3.8936e-02, -1.0000e+00, +4.3718e-02, +9.6585e-03, -8.0831e-02, -4.7228e-02, -4.1183e-02, +2.0959e-02, +4.4268e-02, -1.0171e-02, -1.4196e-01, -2.3575e-02, -7.4208e-02, +5.8996e-02, -1.4419e-01, +3.6908e-02, +3.5938e-02, +2.9856e-03, -1.0829e-01, -1.5841e-01, -5.9793e-02, +2.3661e-02, -6.9695e-02, -1.2311e-01, -2.6153e-02, -7.8648e-02, -9.6383e-02, -7.3565e-02, -2.6206e-02, -3.7169e-02, +6.7025e-02, +9.9338e-02, -1.1096e-01, -6.1406e-02, +2.0434e-03, -4.0729e-02, +8.3659e-02, +6.4926e-03, -9.2882e-03, -1.1096e-02, -4.2436e-02, +4.5298e-02, -1.4279e-01, -7.5189e-02, +9.6597e-03, -3.7526e-02, +7.3603e-02, +1.9121e-04, +1.6120e-02
-7.4659e-02, -1.3880e-02, +4.3718e-02, -1.0000e+00, -3.7779e-02, -7.6405e-02, -7.3232e-02, -4.2477e-03, -2.4224e-02, +6.2660e-02, -1.0248e-01, -4.1026e-02, -1.4589e-02, +6.3844e-02, +6.4370e-02, +2.9903e-02, +9.8239e-02, +5.3162e-02, +2.7993e-02, -3.3224e-03, +9.4552e-02, +5.3469e-02, +6.5769e-02, -1.3115e-01, -5.4945e-02, -1.5066e-01, +3.4546e-02, +2.0270e-02, -6.0624e-02, -4.3430e-02, -3.6297e-02, +3.6333e-02, -1.9287e-02, -1.0936e-03, -1.0822e-02, +2.8447e-02, -5.6579e-02, -3.6155e-02, -1.1989e-01, -7.7092e-03, +2.3716e-02, +9.3294e-02, -1.8058e-02, -4.4901e-03, -4.4777e-02, -1.2210e-01, +3.2824e-02, +1.3037e-01, +1.3150e-02, +3.3259e-02
+8.6444e-03, +7.5030e-02, +9.6585e-03, -3.7779e-02, -1.0000e+00, -3.1992e-03, -4.0720e-02, +7.7608e-03, -3.7263e-02, +3.7034e-02, -5.1772e-02, -1.2550e-01, -2.0031e-02, +2.6148e-03, +1.9544e-02, -9.3651e-03, +5.8840e-02, +6.1021e-02, -4.1146e-02, +2.5087e-02, +4.4060e-02, -5.4880e-02, +9.0704e-02, -1.2473e-01, +1.4537e-02, -1.3334e-02, -3.9054e-02, -3.8964e-02, -8.0871e-02, -7.1833e-02, +3.5478e-02, -3.8079e-02, +3.0091e-02, -2.2589e-02, -9.5567e-03, +6.2124e-02, +3.4897e-02, +7.1405e-02, -2.9686e-03, +5.5514e-03, -5.0833e-02, +6.7374e-02, -6.1476e-03, -1.9075e-02, -4.3100e-02, -8.2904e-02, -4.9886e-02, +1.0233e-01, +6.2517e-03, +6.0476e-02
-1.5312e-03, -4.2231e-02, -8.0831e-02, -7.6405e-02, -3.1992e-03, -1.0000e+00, -3.8812e-02, -5.5831e-02, -1.1241e-02, +5.9972e-02, -1.8445e-01, -4.9222e-02, -2.5902e-02, -1.0098e-02, -1.5893e-01, -2.1205e-02, +5.5843e-02, -1.4432e-01, -1.6147e-01, -7.8949e-02, -8.0320e-03, +6.6974e-03, +1.9775e-02, +2.3173e-02, -3.8459e-02, -1.0044e-01, -2.5730e-02, -1.0317e-01, -7.1008e-02, +1.3044e-02, -1.0840e-01, -1.0637e-02, -2.6498e-02, +4.6368e-02, -6.8136e-02, +1.9219e-02, +1.4160e-01, -3.5419e-02, -1.9598e-02, -7.3521e-02, -1.1142e-01, +9.3094e-03, +3.9407e-02, +2.6532e-02, +2.5976e-02, +2.6406e-02, -1.5401e-01, +6.5620e-02, -5.9895e-02, +1.3167e-01
-3.6424e-02, +2.6562e-02, -4.7228e-02, -7.3232e-02, -4.0720e-02, -3.8812e-02, -1.0000e+00, +1.1131e-01, +1.2961e-02, +3.7522e-02, -3.7650e-02, -2.3424e-02, -4.2143e-02, +4.3600e-02, +2.4931e-02, -2.5507e-02, +1.1818e-01, +1.9097e-02, -1.0201e-02, -5.4954e-02, +6.8153e-02, -4.5423e-02, +1.0642e-01, -8.1776e-03, -2.8314e-02, -7.3098e-04, -1.2898e-02, +1.0827e-02, -4.4165e-02, -6.3200e-03, -6.5531e-02, -8.3722e-02, -1.1046e-01, -5.9829e-03, +6.8291e-03, +1.2374e-02, -2.9181e-02, +3.4160e-02, -3.8966e-02, -3.3728e-02, -8.1956e-02, -4.7736e-02, +3.8574e-02, +3.4862e-02, -2.8742e-02, -3.0546e-03, -1.0197e-02, +1.4203e-01, +1.0196e-01, -3.3393e-02
+3.3615e-02, -2.0028e-03, -4.1183e-02, -4.2477e-03, +7.7608e-03, -5.5831e-02, +1.1131e-01, -1.0000e+00, +1.6652e-02, +4.9259e-02, -9.9026e-02, -8.5700e-03, -9.1152e-03, -4.9262e-02, -8.1710e-02, +1.2460e-01, +4.9513e-03, -1.2386e-01, +2.0863e-02, -5.7383e-02, +7.6436e-02, -3.0348e-02, +7.7479e-02, +2.2013e-02, +1.5517e-02, +5.4375e-02, -7.9850e-02, -7.3717e-02, +4.5544e-03, +9.3251e-03, -8.3749e-03, -3.9628e-03, -4.3912e-02, +1.6140e-01, -2.5219e-02, +2.0126e-02, -2.9259e-02, -6.5997e-02, -9.7952e-02, +3.5127e-02, -5.5658e-02, +1.6669e-02, +3.3800e-02, +6.9052e-02, -5.4997e-02, +2.1087e-01, +4.2405e-02, +1.1079e-01, +3.5495e-02, -1.5678e-02
-7.5635e-02, +4.7583e-02, +2.0959e-02, -2.4224e-02, -3.7263e-02, -1.1241e-02, +1.2961e-02, +1.6652e-02, -1.0000e+00, +3.1981e-02, +3.2523e-02, -4.6609e-02, +5.6804e-02, -3.4192e-02, +3.4155e-02, -2.6018e-02, -2.4841e-02, +5.7466e-02, +4.2966e-02, +3.5160e-02, -9.7061e-02, +6.1789e-02, -4.9511e-02, +8.4493e-02, +1.4234e-02, +2.0678e-02, +3.0831e-02, -1.0315e-02, +3.4719e-02, +4.7810e-02, +7.2890e-03, +3.9260e-02, -3.0662e-02, +4.5172e-02, +1.3035e-02, -2.7520e-02, -1.4379e-02, -5.0198e-02, +1.5493e-02, -9.9723e-02, -4.1755e-03, +1.2828e-01, +8.4992e-03, +8.4475e-02, +2.0794e-02, +1.2546e-02, +2.5024e-02, +3.9707e-02, -4.3821e-03, +1.0050e-02
+1.9627e-02, +3.1049e-02, +4.4268e-02, +6.2660e-02, +3.7034e-02, +5.9972e-02, +3.7522e-02, +4.9259e-02, +3.1981e-02, -1.0000e+00, -5.2860e-02, +9.4697e-02, +4.7119e-02, -1.8809e-03, +1.2498e-01, -3.4907e-02, +9.4815e-02, +4.0714e-02, +2.2307e-02, -3.0499e-02, -8.8075e-03, -5.4149e-03, +1.3956e-01, -7.6911e-02, +1.5267e-02, +6.5532e-02, -1.7695e-02, +1.0263e-01, +7.1779e-02, +1.2099e-02, -2.7576e-02, -4.4640e-04, +1.4786e-01, -2.4234e-02, +5.2910e-03, +1.9259e-01, +1.0704e-02, +4.5645e-02, +4.4074e-02, +8.6027e-03, +8.9502e-02, -4.7606e-02, +3.2196e-02, +3.2438e-02, +5.4522e-02, +5.1909e-02, +1.1370e-01, -3.3382e-01, -2.6500e-02, +2.4102e-02
+4.9762e-03, -2.7314e-02, -1.0171e-02, -1.0248e-01, -5.1772e-02, -1.8445e-01, -3.7650e-02, -9.9026e-02, +3.2523e-02, -5.2860e-02, -1.0000e+00, -1.2866e-01, -3.2781e-02, -6.7675e-03, -1.0060e-01, -6.8655e-03, +7.0606e-02, -1.5107e-01, -1.5411e-01, -6.5253e-02, -3.5430e-02, +1.9400e-02, +1.6012e-01, +1.2239e-01, -9.1071e-03, -9.9167e-02, -1.1850e-01, -1.1192e-01, -1.2781e-01, -9.6098e-03, -9.7071e-02, +9.2174e-03, -7.4961e-02, +3.6503e-02, -3.9039e-02, +4.3420e-03, +1.1450e-01, -3.2584e-02, -1.3193e-01, -6.7016e-02, +2.0111e-02, +1.2366e-01, -9.2742e-04, +1.3639e-01, -7.1800e-02, +8.4261e-02, -1.3378e-01, +2.1071e-01, -5.6928e-02, +7.0068e-02
-1.7092e-03, -2.0506e-02, -1.4196e-01, -4.1026e-02, -1.2550e-01, -4.9222e-02, -2.3424e-02, -8.5700e-03, -4.6609e-02, +9.4697e-02, -1.2866e-01, -1.0000e+00, -1.8736e-01, -2.7485e-02, +8.0975e-02, +3.3339e-02, +3.7968e-01, -9.7053e-02, -1.5154e-01, +6.5555e-03, +6.6343e-02, -3.6218e-02, +2.6605e-01, -5.7659e-02, -8.7023e-02, -1.2349e-01, -1.2876e-01, -5.8243e-02, -1.2537e-01, -8.1393e-02, -8.7751e-02, -4.8225e-03, -6.6554e-02, -1.6134e-01, -3.6359e-03, -4.0320e-02, +4.6202e-02, -2.4838e-02, -1.2171e-01, -8.1718e-02, -1.1358e-01, -6.5058e-02, +2.6259e-02, -3.6686e-02, -1.9495e-01, -3.4371e-02, -9.8040e-02, +3.4322e-01, +5.0824e-02, +5.7487e-03
+1.9967e-02, -1.2436e-02, -2.3575e-02, -1.4589e-02, -2.0031e-02, -2.5902e-02, -4.2143e-02, -9.1152e-03, +5.6804e-02, +4.7119e-02, -3.2781e-02, -1.8736e-01, -1.0000e+00, +5.3230e-02, -2.1934e-02, +1.7884e-02, +1.0949e-01, -5.1221e-02, -4.7061e-02, +2.9271e-02, +1.5425e-02, -1.0577e-01, +1.2346e-01, +4.4134e-02, +2.7794e-02, -5.5480e-02, -2.2060e-02, +1.9449e-02, -5.4695e-02, -4.6264e-02, -5.3939e-02, -8.5594e-02, -1.3795e-02, +3.6011e-02, -1.4028e-02, -4.8722e-02, +1.0261e-01, +9.6502e-02, -1.5265e-02, -4.2366e-02, -5.8375e-02, +1.2915e-03, +1.3821e-01, -5.8647e-02, -9.7414e-02, -5.5465e-02, +8.7887e-03, +1.3481e-01, +2.8815e-02, -6.9372e-02
+3.4635e-02, +1.7406e-02, -7.4208e-02, +6.3844e-02, +2.6148e-03, -1.0098e-02, +4.3600e-02, -4.9262e-02, -3.4192e-02, -1.8809e-03, -6.7675e-03, -2.7485e-02, +5.3230e-02, -1.0000e+00, -1.1430e-02, +3.7541e-02, +5.2487e-02, -1.0492e-02, -2.8829e-02, -2.1135e-02, -2.0052e-02, +5.2835e-02, +4.0513e-02, -7.3457e-02, -2.5417e-02, -2.1813e-02, -7.5676e-02, -1.3710e-01, +6.0365e-03, -1.5820e-02, -9.2753e-02, -4.8209e-02, -3.5970e-02, +6.3435e-02, -4.7607e-02, +1.8208e-02, +2.3635e-02, -2.9545e-02, -4.4806e-02, -2.5439e-02, -2.0288e-02, -1.1581e-01, +1.3489e-02, +5.9432e-03, +3.1644e-02, -8.2469e-03, -7.7308e-02, +7.1479e-02, +3.5178e-02, -2.7040e-02
+1.2126e-02, -1.6964e-03, +5.8996e-02, +6.4370e-02, +1.9544e-02, -1.5893e-01, +2.4931e-02, -8.1710e-02, +3.4155e-02, +1.2498e-01, -1.0060e-01, +8.0975e-02, -2.1934e-02, -1.1430e-02, -1.0000e+00, -6.1627e-02, -2.4068e-01, -5.9608e-02, -7.9467e-02, -1.3320e-01, -7.6287e-02, -6.6380e-02, -1.2932e-01, +7.7136e-02, +1.2140e-02, +2.7577e-02, -1.7777e-02, -4.5711e-03, -3.3492e-02, +2.5524e-02, -1.5040e-02, +5.7890e-02, -9.4862e-03, +1.5385e-01, +3.1455e-02, -6.3133e-02, +2.6513e-01, +3.9907e-02, +1.5112e-02, -2.6927e-02, -6.1511e-02, +6.2744e-02, +3.3343e-02, -5.0844e-02, +7.6503e-03, +7.6676e-02, -5.6928e-02, -3.1309e-02, -6.4524e-02, -4.2295e-03
-9.5990e-02, -8.5541e-02, -1.4419e-01, +2.9903e-02, -9.3651e-03, -2.1205e-02, -2.5507e-02, +1.2460e-01, -2.6018e-02, -3.4907e-02, -6.8655e-03, +3.3339e-02, +1.7884e-02, +3.7541e-02, -6.1627e-02, -1.0000e+00, -1.5216e-01, +1.4039e-01, +4.5217e-04, -1.2413e-01, -1.6976e-01, -7.6420e-02, -1.6881e-01, -4.9323e-02, +6.2753e-02, -1.3485e-02, -7.2544e-02, +1.0248e-02, +5.5081e-02, +5.3322e-02, -2.1745e-02, -8.1662e-02, +2.4329e-01, -1.6543e-01, +5.6526e-02, -1.2792e-01, +1.4789e-01, +1.6585e-01, +2.1705e-02, -1.5064e-02, -9.3202e-02, +1.7935e-01, +9.8628e-02, -8.9766e-02, +3.6155e-02, -5.7068e-02, +6.0567e-02, +7.3268e-02, -1.8172e-01, +1.9962e-02
-2.8368e-02, +2.0064e-02, +3.6908e-02, +9.8239e-02, +5.8840e-02, +5.5843e-02, +1.1818e-01, +4.9513e-03, -2.4841e-02, +9.4815e-02, +7.0606e-02, +3.7968e-01, +1.0949e-01, +5.2487e-02, -2.4068e-01, -1.5216e-01, -1.0000e+00, +2.1666e-02, +8.6463e-02, -1.4072e-02, -1.1859e-01, -4.4135e-02, +1.5188e-01, +9.2310e-02, +5.3408e-02, +4.0624e-02, +6.8935e-02, +4.1555e-02, +9.7752e-02, -5.5779e-03, +9.7940e-02, -3.8375e-02, +6.2245e-02, -5.5201e-02, -3.6176e-02, -2.0610e-01, +1.1783e-02, +1.4627e-02, +9.3381e-02, -1.3463e-02, +2.8469e-02, -3.0318e-02, +8.5929e-03, -9.6655e-02, +1.6134e-01, +7.0584e-02, +5.7698e-03, -2.1631e-01, -4.8658e-02, +1.0668e-01
+8.4795e-02, -7.0679e-02, +3.5938e-02, +5.3162e-02, +6.1021e-02, -1.4432e-01, +1.9097e-02, -1.2386e-01, +5.7466e-02, +4.0714e-02, -1.5107e-01, -9.7053e-02, -5.1221e-02, -1.0492e-02, -5.9608e-02, +1.4039e-01, +2.1666e-02, -1.0000e+00, -1.0026e-01, +1.5869e-02, +9.6468e-03, -1.3534e-02, +7.4092e-02, +1.0562e-01, -1.5861e-02, -9.7356e-02, -1.1209e-02, -1.1493e-01, -5.3031e-02, -3.4910e-02, -9.8575e-03, +4.4374e-03, -1.0445e-01, +2.5313e-02, -4.9980e-03, -9.2771e-03, +4.4219e-02, -9.7719e-02, +4.5051e-02, +1.8601e-02, -6.4455e-02, -1.1185e-01, -2.4064e-02, +1.4118e-02, -2.3886e-02, +8.9241e-02, -1.0318e-01, +4.8891e-02, +2.9702e-02, +8.8751e-02
+6.1441e-02, +1.8215e-02, +2.9856e-03, +2.7993e-02, -4.1146e-02, -1.6147e-01, -1.0201e-02, +2.0863e-02, +4.2966e-02, +2.2307e-02, -1.5411e-01, -1.5154e-01, -4.7061e-02, -2.8829e-02, -7.9467e-02, +4.5218e-04, +8.6463e-02, -1.0026e-01, -1.0000e+00, -1.4908e-01, +5.0655e-02, -1.0516e-01, +7.1286e-02, +2.2892e-02, -5.5581e-02, -5.6946e-02, -8.2645e-02, -9.8171e-02, -1.7135e-02, -1.2155e-02, -1.1647e-02, +3.8471e-03, -6.4715e-02, +6.2824e-03, -1.9203e-02, -8.7082e-02, +1.6972e-01, -5.4606e-02, -1.2389e-01, -1.1516e-01, -1.1246e-01, +2.9122e-02, +7.3633e-02, +5.1392e-02, -5.4519e-02, -5.7627e-02, -1.6041e-01, +9.6743e-02, -4.3488e-02, +5.3042e-02
+5.4372e-02, -3.6934e-02, -1.0829e-01, -3.3224e-03, +2.5087e-02, -7.8949e-02, -5.4954e-02, -5.7383e-02, +3.5160e-02, -3.0499e-02, -6.5253e-02, +6.5555e-03, +2.9271e-02, -2.1135e-02, -1.3320e-01, -1.2413e-01, -1.4072e-02, +1.5869e-02, -1.4908e-01, -1.0000e+00, -1.7155e-01, -2.7602e-01, -2.7478e-02, -2.3825e-02, -4.0621e-02, -9.7249e-03, -1.2232e-01, -1.4152e-01, -9.2218e-02, -1.8466e-02, -8.1878e-02, +1.6771e-02, +5.3958e-02, +5.6620e-02, +1.0064e-01, +2.8281e-02, +2.7752e-01, -2.7158e-03, -6.6095e-02, -3.8033e-02, -6.1068e-02, +5.0785e-02, -3.9177e-03, -9.8689e-02, +4.7223e-02, +8.8822e-02, -2.1663e-02, -4.4663e-02, -1.0660e-01, -4.9928e-02
+5.8459e-03, -2.3242e-02, -1.5841e-01, +9.4552e-02, +4.4060e-02, -8.0320e-03, +6.8153e-02, +7.6436e-02, -9.7061e-02, -8.8075e-03, -3.5430e-02, +6.6343e-02, +1.5425e-02, -2.0052e-02, -7.6287e-02, -1.6976e-01, -1.1859e-01, +9.6468e-03, +5.0655e-02, -1.7155e-01, -1.0000e+00, +8.0383e-02, -4.5636e-02, +7.8283e-02, -8.5447e-02, +2.6263e-02, -1.7980e-02, +8.3238e-03, +4.0877e-02, +4.2612e-02, +6.6650e-02, +1.3986e-02, -5.8414e-03, -4.5648e-02, -3.9746e-02, -6.4364e-02, +2.5613e-01, +1.3063e-02, +9.2407e-03, -9.6445e-02, -6.8582e-02, +1.4528e-01, -7.0492e-02, -2.0197e-02, -4.6464e-02, -2.4534e-02, -2.1502e-03, -3.5947e-02, -7.4428e-02, -8.5984e-03
+2.8010e-02, -5.9693e-02, -5.9793e-02, +5.3469e-02, -5.4880e-02, +6.6974e-03, -4.5423e-02, -3.0348e-02, +6.1789e-02, -5.4149e-03, +1.9400e-02, -3.6218e-02, -1.0577e-01, +5.2835e-02, -6.6380e-02, -7.6420e-02, -4.4135e-02, -1.3534e-02, -1.0516e-01, -2.7602e-01, +8.0383e-02, -1.0000e+00, -4.8312e-02, -8.9727e-02, -1.7828e-02, -1.4277e-02, +4.0999e-02, -3.7014e-02, +9.2597e-03, -2.3785e-02, -1.9998e-02, -1.1283e-01, +3.6530e-02, -1.3224e-01, +8.2915e-02, -9.2666e-02, +2.2074e-01, -4.6805e-02, -9.5743e-03, -4.2464e-02, -8.9958e-02, -1.0768e-01, +5.3263e-02, -6.5701e-02, -3.2353e-02, -1.3041e-02, +9.7116e-02, -9.8096e-02, -6.8345e-02, +3.0729e-03
+4.1040e-03, +3.0224e-02, +2.3661e-02, +6.5769e-02, +9.0704e-02, +1.9775e-02, +1.0642e-01, +7.7479e-02, -4.9511e-02, +1.3956e-01, +1.6012e-01, +2.6605e-01, +1.2346e-01, +4.0513e-02, -1.2932e-01, -1.6881e-01, +1.5188e-01, +7.4092e-02, +7.1286e-02, -2.7478e-02, -4.5636e-02, -4.8312e-02, -1.0000e+00, -1.6105e-02, +2.1279e-02, +1.1376e-02, +1.6511e-02, +7.9583e-02, +1.3649e-01, +2.7527e-02, +1.1740e-01, -1.9583e-03, +1.5496e-01, -1.4474e-02, -2.0826e-02, -6.7983e-03, +9.7847e-02, +1.6963e-02, +7.4061e-02, -2.0547e-02, -3.1260e-04, -2.6543e-02, -4.6016e-02, -2.3513e-02, +1.1161e-01, -6.5248e-03, -2.3998e-03, -6.0476e-01, +1.3023e-02, +6.8134e-02
-1.5119e-02, +1.3398e-02, -6.9695e-02, -1.3115e-01, -1.2473e-01, +2.3173e-02, -8.1776e-03, +2.2013e-02, +8.4493e-02, -7.6911e-02, +1.2239e-01, -5.7659e-02, +4.4134e-02, -7.3457e-02, +7.7136e-02, -4.9323e-02, +9.2310e-02, +1.0562e-01, +2.2892e-02, -2.3825e-02, +7.8283e-02, -8.9727e-02, -1.6105e-02, -1.0000e+00, +6.3866e-03, -1.3041e-01, -4.1719e-02, +1.2440e-02, +1.0761e-01, -4.9876e-02, -8.6166e-02, +6.2697e-03, +6.1542e-02, -8.2874e-02, -3.1260e-02, -4.3614e-02, -4.2315e-02, -9.0910e-03, -1.7101e-02, -5.0722e-02, -3.5685e-02, -2.4005e-02, +7.9398e-02, -4.0775e-03, -4.9949e-02, -6.8095e-02, +6.3893e-03, -3.6638e-02, +5.3081e-02, +1.1931e-01
-1.0400e-01, -6.6089e-02, -1.2311e-01, -5.4945e-02, +1.4537e-02, -3.8459e-02, -2.8314e-02, +1.5517e-02, +1.4234e-02, +1.5267e-02, -9.1071e-03, -8.7023e-02, +2.7794e-02, -2.5417e-02, +1.2140e-02, +6.2753e-02, +5.3408e-02, -1.5861e-02, -5.5581e-02, -4.0621e-02, -8.5447e-02, -1.7828e-02, +2.1279e-02, +6.3866e-03, -1.0000e+00, +3.7536e-02, -1.8278e-02, -4.5004e-02, -1.0960e-02, +4.2333e-02, -6.0764e-02, +4.3334e-02, -2.4619e-02, +2.1166e-02, -6.2586e-02, -2.9248e-02, +2.3426e-02, -5.2779e-02, -4.5915e-02, -2.3077e-02, -2.4173e-02, +7.9926e-02, -3.1183e-02, +1.0102e-02, -9.1860e-02, -5.2643e-02, -1.9746e-04, +6.3692e-02, +2.6796e-02, +2.2088e-02
-8.3140e-02, -6.2722e-02, -2.6153e-02, -1.5066e-01, -1.3334e-02, -1.0044e-01, -7.3098e-04, +5.4375e-02, +2.0678e-02, +6.5532e-02, -9.9167e-02, -1.2349e-01, -5.5480e-02, -2.1813e-02, +2.7577e-02, -1.3485e-02, +4.0624e-02, -9.7356e-02, -5.6946e-02, -9.7249e-03, +2.6263e-02, -1.4277e-02, +1.1376e-02, -1.3041e-01, +3.7536e-02, -1.0000e+00, -3.2943e-02, -7.2441e-02, -4.2317e-02, -4.4445e-02, -1.1732e-01, +2.4681e-02, -4.8275e-02, -9.1160e-02, +5.5920e-03, +3.2820e-02, +4.2564e-02, +8.4332e-02, +2.2939e-02, +3.8041e-02, -1.4205e-01, +6.5330e-02, +4.0442e-02, +4.7008e-02, +5.1327e-02, -8.5981e-02, -1.4502e-01, +7.5572e-02, +9.1592e-03, +4.0828e-02
+7.6560e-03, +6.3995e-02, -7.8648e-02, +3.4546e-02, -3.9054e-02, -2.5730e-02, -1.2898e-02, -7.9850e-02, +3.0831e-02, -1.7695e-02, -1.1850e-01, -1.2876e-01, -2.2060e-02, -7.5676e-02, -1.7777e-02, -7.2544e-02, +6.8935e-02, -1.1209e-02, -8.2645e-02, -1.2232e-01, -1.7980e-02, +4.0999e-02, +1.6511e-02, -4.1719e-02, -1.8278e-02, -3.2943e-02, -1.0000e+00, -1.0707e-01, -1.4024e-01, -3.4384e-02, -1.1178e-01, -2.6960e-02, -9.5605e-03, -8.0614e-02, -4.2077e-02, -4.9569e-02, +5.1742e-03, +9.2536e-03, -6.9521e-02, -7.0433e-02, +6.1864e-03, +4.5782e-02, +9.1290e-03, -2.4520e-02, -1.1452e-01, -2.6551e-02, -1.5575e-01, +4.7157e-02, -5.7016e-02, +9.6848e-02
+1.1291e-01, -7.1832e-02, -9.6383e-02, +2.0270e-02, -3.8964e-02, -1.0317e-01, +1.0827e-02, -7.3717e-02, -1.0315e-02, +1.0263e-01, -1.1192e-01, -5.8243e-02, +1.9449e-02, -1.3710e-01, -4.5711e-03, +1.0248e-02, +4.1555e-02, -1.1493e-01, -9.8171e-02, -1.4152e-01, +8.3238e-03, -3.7014e-02, +7.9583e-02, +1.2440e-02, -4.5004e-02, -7.2441e-02, -1.0707e-01, -1.0000e+00, -5.2666e-02, +8.7946e-02, -8.7763e-02, +9.1960e-04, -6.0872e-02, +1.2279e-02, -1.1541e-01, -6.4729e-03, +8.3933e-02, -4.9948e-02, -1.5173e-02, -4.7725e-02, -1.1618e-03, -1.0987e-01, +1.2797e-02, +1.8563e-03, -3.8983e-02, +3.5204e-02, -1.2203e-01, +1.4634e-01, -2.4249e-02, -5.6708e-03
+1.0552e-02, -4.3879e-02, -7.3565e-02, -6.0624e-02, -8.0871e-02, -7.1008e-02, -4.4165e-02, +4.5544e-03, +3.4719e-02, +7.1779e-02, -1.2781e-01, -1.2537e-01, -5.4695e-02, +6.0365e-03, -3.3492e-02, +5.5081e-02, +9.7752e-02, -5.3031e-02, -1.7135e-02, -9.2218e-02, +4.0877e-02, +9.2597e-03, +1.3649e-01, +1.0761e-01, -1.0960e-02, -4.2317e-02, -1.4024e-01, -5.2666e-02, -1.0000e+00, -8.9225e-02, -4.0377e-03, +2.4610e-02, -2.2763e-03, -2.2825e-02, -3.4389e-02, +2.5393e-02, -2.4759e-02, -1.9203e-02, -1.6557e-02, -3.1421e-02, +1.3682e-01, -6.6374e-02, -2.4182e-02, -1.1151e-01, -1.1545e-02, -8.7188e-03, -5.1575e-02, +1.6127e-01, +2.5262e-02, -3.6014e-03
-1.3369e-02, +3.3662e-02, -2.6206e-02, -4.3430e-02, -7.1833e-02, +1.3044e-02, -6.3200e-03, +9.3251e-03, +4.7810e-02, +1.2099e-02, -9.6098e-03, -8.1393e-02, -4.6264e-02, -1.5820e-02, +2.5524e-02, +5.3322e-02, -5.5779e-03, -3.4910e-02, -1.2155e-02, -1.8466e-02, +4.2612e-02, -2.3785e-02, +2.7527e-02, -4.9876e-02, +4.2333e-02, -4.4445e-02, -3.4384e-02, +8.7946e-02, -8.9226e-02, -1.0000e+00, -3.2133e-02, -1.9013e-02, +6.8526e-02, -9.1104e-02, +9.0546e-03, +4.5497e-02, -5.1804e-02, +8.3027e-02, -4.1784e-02, +3.8532e-03, +4.4379e-02, -1.2460e-01, +1.8945e-02, -1.3935e-01, -4.3564e-02, +3.4457e-02, -2.8404e-02, -2.1541e-02, +2.2483e-02, +4.3385e-02
+2.9970e-02, -1.4122e-02, -3.7169e-02, -3.6297e-02, +3.5478e-02, -1.0840e-01, -6.5531e-02, -8.3749e-03, +7.2890e-03, -2.7576e-02, -9.7071e-02, -8.7751e-02, -5.3939e-02, -9.2753e-02, -1.5040e-02, -2.1745e-02, +9.7940e-02, -9.8575e-03, -1.1647e-02, -8.1878e-02, +6.6650e-02, -1.9998e-02, +1.1740e-01, -8.6166e-02, -6.0764e-02, -1.1732e-01, -1.1178e-01, -8.7763e-02, -4.0376e-03, -3.2133e-02, -1.0000e+00, +2.1708e-02, -7.4640e-02, -7.8031e-02, +3.4273e-02, +1.5978e-02, +1.1925e-01, -3.0774e-02, -8.2551e-02, -5.3541e-03, -1.4010e-01, +5.1060e-02, +4.2594e-02, +5.6541e-02, -4.2208e-02, -3.0906e-02, -4.9008e-02, +1.4804e-01, -1.8514e-02, -1.0526e-03
-3.6887e-03, -3.2138e-02, +6.7025e-02, +3.6333e-02, -3.8079e-02, -1.0637e-02, -8.3722e-02, -3.9629e-03, +3.9259e-02, -4.4640e-04, +9.2174e-03, -4.8225e-03, -8.5594e-02, -4.8209e-02, +5.7890e-02, -8.1662e-02, -3.8375e-02, +4.4374e-03, +3.8471e-03, +1.6771e-02, +1.3986e-02, -1.1283e-01, -1.9583e-03, +6.2697e-03, +4.3334e-02, +2.4681e-02, -2.6960e-02, +9.1959e-04, +2.4610e-02, -1.9013e-02, +2.1708e-02, -1.0000e+00, +3.4092e-02, -1.2643e-01, -4.9566e-02, +7.7877e-02, +5.1027e-02, -1.6396e-02, -6.5863e-02, +5.2570e-02, +5.8932e-03, -1.4942e-01, -2.4313e-02, -1.4260e-02, -9.7436e-03, -7.5271e-02, +3.8620e-02, -5.0441e-02, +6.3484e-02, +4.4865e-02
+1.4915e-02, -4.6626e-02, +9.9338e-02, -1.9287e-02, +3.0091e-02, -2.6498e-02, -1.1046e-01, -4.3912e-02, -3.0662e-02, +1.4786e-01, -7.4961e-02, -6.6554e-02, -1.3795e-02, -3.5970e-02, -9.4862e-03, +2.4329e-01, +6.2245e-02, -1.0445e-01, -6.4715e-02, +5.3958e-02, -5.8414e-03, +3.6530e-02, +1.5496e-01, +6.1542e-02, -2.4619e-02, -4.8275e-02, -9.5605e-03, -6.0872e-02, -2.2763e-03, +6.8526e-02, -7.4640e-02, +3.4092e-02, -1.0000e+00, +2.3649e-01, -4.6040e-02, +3.2020e-02, +2.0382e-01, -5.7314e-02, -7.2580e-02, -5.6916e-02, +1.2861e-03, +2.3288e-01, +3.3017e-02, +4.8089e-01, +6.1330e-02, +8.9641e-02, -1.0076e-01, +2.7308e-01, +9.3421e-03, -1.5049e-01
-4.3911e-02, +9.5759e-02, -1.1096e-01, -1.0936e-03, -2.2589e-02, +4.6368e-02, -5.9829e-03, +1.6140e-01, +4.5172e-02, -2.4234e-02, +3.6503e-02, -1.6134e-01, +3.6011e-02, +6.3435e-02, +1.5385e-01, -1.6543e-01, -5.5201e-02, +2.5313e-02, +6.2824e-03, +5.6620e-02, -4.5648e-02, -1.3224e-01, -1.4474e-02, -8.2874e-02, +2.1166e-02, -9.1160e-02, -8.0614e-02, +1.2279e-02, -2.2825e-02, -9.1104e-02, -7.8031e-02, -1.2643e-01, +2.3649e-01, -1.0000e+00, +7.3431e-03, -1.1097e-01, -6.0548e-02, -7.9242e-03, -2.1092e-02, -4.3263e-02, +3.1052e-03, -3.3016e-01, -6.7835e-02, -6.3037e-02, -1.2300e-01, -6.3682e-02, +5.3832e-02, -1.1744e-01, +1.6402e-01, +6.3756e-02
+3.2482e-02, +2.4752e-02, -6.1406e-02, -1.0822e-02, -9.5567e-03, -6.8136e-02, +6.8291e-03, -2.5219e-02, +1.3035e-02, +5.2910e-03, -3.9039e-02, -3.6359e-03, -1.4028e-02, -4.7607e-02, +3.1455e-02, +5.6526e-02, -3.6176e-02, -4.9980e-03, -1.9203e-02, +1.0064e-01, -3.9746e-02, +8.2915e-02, -2.0826e-02, -3.1260e-02, -6.2586e-02, +5.5920e-03, -4.2077e-02, -1.1541e-01, -3.4389e-02, +9.0546e-03, +3.4273e-02, -4.9566e-02, -4.6040e-02, +7.3431e-03, -1.0000e+00, +4.5056e-02, -1.5439e-02, -5.1570e-02, -3.8232e-02, +1.7594e-02, +4.9701e-02, -1.3284e-01, +1.4417e-02, +2.5153e-02, +5.3822e-02, -7.1998e-02, -3.6413e-02, -1.2888e-02, +6.8914e-02, -1.1816e-02
+1.6625e-02, -8.2191e-02, +2.0434e-03, +2.8447e-02, +6.2124e-02, +1.9219e-02, +1.2374e-02, +2.0126e-02, -2.7520e-02, +1.9259e-01, +4.3420e-03, -4.0320e-02, -4.8722e-02, +1.8208e-02, -6.3133e-02, -1.2792e-01, -2.0610e-01, -9.2771e-03, -8.7082e-02, +2.8281e-02, -6.4364e-02, -9.2666e-02, -6.7983e-03, -4.3614e-02, -2.9248e-02, +3.2820e-02, -4.9569e-02, -6.4729e-03, +2.5393e-02, +4.5497e-02, +1.5978e-02, +7.7877e-02, +3.2020e-02, -1.1097e-01, +4.5056e-02, -1.0000e+00, +1.3393e-01, -5.5791e-03, +3.4767e-02, -1.4503e-01, -9.1534e-02, +6.0704e-02, +1.9465e-01, -1.5108e-02, -1.4391e-03, -3.1632e-02, -7.2655e-03, +4.2909e-02, -4.9047e-02, -3.8864e-02
-2.6079e-02, +4.3858e-02, -4.0729e-02, -5.6579e-02, +3.4897e-02, +1.4160e-01, -2.9181e-02, -2.9259e-02, -1.4379e-02, +1.0704e-02, +1.1450e-01, +4.6202e-02, +1.0261e-01, +2.3635e-02, +2.6513e-01, +1.4789e-01, +1.1783e-02, +4.4219e-02, +1.6972e-01, +2.7752e-01, +2.5613e-01, +2.2074e-01, +9.7847e-02, -4.2315e-02, +2.3426e-02, +4.2564e-02, +5.1742e-03, +8.3933e-02, -2.4758e-02, -5.1804e-02, +1.1925e-01, +5.1027e-02, +2.0382e-01, -6.0548e-02, -1.5439e-02, +1.3393e-01, -1.0000e+00, +2.2091e-02, +2.2492e-02, +8.9201e-02, +1.7562e-01, -1.7145e-01, -9.8530e-02, -1.4241e-01, -7.0324e-02, +7.2937e-04, +1.6203e-01, -1.6049e-02, +1.9156e-01, +7.5045e-02
+1.4976e-01, +3.8357e-02, +8.3659e-02, -3.6155e-02, +7.1405e-02, -3.5419e-02, +3.4160e-02, -6.5997e-02, -5.0198e-02, +4.5645e-02, -3.2584e-02, -2.4838e-02, +9.6502e-02, -2.9545e-02, +3.9907e-02, +1.6585e-01, +1.4627e-02, -9.7719e-02, -5.4606e-02, -2.7158e-03, +1.3063e-02, -4.6805e-02, +1.6963e-02, -9.0910e-03, -5.2779e-02, +8.4332e-02, +9.2536e-03, -4.9948e-02, -1.9203e-02, +8.3027e-02, -3.0774e-02, -1.6396e-02, -5.7314e-02, -7.9241e-03, -5.1570e-02, -5.5791e-03, +2.2091e-02, -1.0000e+00, -6.8653e-02, -8.0656e-02, -3.9795e-02, -2.0128e-01, -2.3692e-02, +2.9405e-03, +2.1301e-02, +6.3260e-02, -9.0683e-02, +2.3781e-02, +3.8804e-02, +5.8400e-02
+1.8899e-02, +6.9667e-03, +6.4926e-03, -1.1989e-01, -2.9686e-03, -1.9598e-02, -3.8966e-02, -9.7952e-02, +1.5493e-02, +4.4074e-02, -1.3193e-01, -1.2171e-01, -1.5265e-02, -4.4806e-02, +1.5112e-02, +2.1705e-02, +9.3381e-02, +4.5051e-02, -1.2389e-01, -6.6094e-02, +9.2407e-03, -9.5743e-03, +7.4061e-02, -1.7101e-02, -4.5915e-02, +2.2939e-02, -6.9521e-02, -1.5173e-02, -1.6557e-02, -4.1784e-02, -8.2551e-02, -6.5863e-02, -7.2580e-02, -2.1092e-02, -3.8232e-02, +3.4767e-02, +2.2492e-02, -6.8653e-02, -1.0000e+00, -1.2242e-01, +4.8109e-02, -1.4794e-02, +4.7673e-02, +5.2606e-02, -1.0198e-01, +3.1740e-02, -1.2162e-01, +1.2853e-01, +5.4608e-02, +5.9682e-02
+3.8220e-02, -3.3401e-02, -9.2882e-03, -7.7092e-03, +5.5514e-03, -7.3521e-02, -3.3728e-02, +3.5127e-02, -9.9723e-02, +8.6027e-03, -6.7016e-02, -8.1718e-02, -4.2366e-02, -2.5439e-02, -2.6927e-02, -1.5064e-02, -1.3463e-02, +1.8601e-02, -1.1516e-01, -3.8033e-02, -9.6445e-02, -4.2464e-02, -2.0547e-02, -5.0722e-02, -2.3077e-02, +3.8041e-02, -7.0433e-02, -4.7725e-02, -3.1421e-02, +3.8532e-03, -5.3541e-03, +5.2570e-02, -5.6916e-02, -4.3263e-02, +1.7594e-02, -1.4503e-01, +8.9201e-02, -8.0656e-02, -1.2242e-01, -1.0000e+00, -4.3222e-04, +1.4321e-02, +3.7654e-01, -4.5001e-02, -9.0090e-02, -6.3982e-02, -9.2192e-02, -2.9114e-02, +9.4002e-03, +2.6333e-01
+1.9245e-02, -8.2758e-02, -1.1096e-02, +2.3716e-02, -5.0833e-02, -1.1142e-01, -8.1956e-02, -5.5658e-02, -4.1755e-03, +8.9502e-02, +2.0111e-02, -1.1358e-01, -5.8375e-02, -2.0288e-02, -6.1511e-02, -9.3202e-02, +2.8469e-02, -6.4455e-02, -1.1246e-01, -6.1068e-02, -6.8582e-02, -8.9958e-02, -3.1259e-04, -3.5685e-02, -2.4173e-02, -1.4205e-01, +6.1864e-03, -1.1618e-03, +1.3682e-01, +4.4379e-02, -1.4010e-01, +5.8932e-03, +1.2861e-03, +3.1052e-03, +4.9701e-02, -9.1534e-02, +1.7562e-01, -3.9795e-02, +4.8109e-02, -4.3222e-04, -1.0000e+00, +4.3373e-03, +1.0076e-02, +6.3374e-02, +1.2318e-02, +7.7824e-02, -4.6567e-02, +7.0780e-02, -4.0106e-03, +7.2496e-02
+2.1480e-01, -3.6291e-02, -4.2436e-02, +9.3294e-02, +6.7374e-02, +9.3094e-03, -4.7736e-02, +1.6669e-02, +1.2828e-01, -4.7606e-02, +1.2366e-01, -6.5058e-02, +1.2915e-03, -1.1581e-01, +6.2744e-02, +1.7935e-01, -3.0318e-02, -1.1185e-01, +2.9122e-02, +5.0785e-02, +1.4528e-01, -1.0768e-01, -2.6543e-02, -2.4005e-02, +7.9926e-02, +6.5330e-02, +4.5782e-02, -1.0987e-01, -6.6374e-02, -1.2460e-01, +5.1060e-02, -1.4942e-01, +2.3288e-01, -3.3016e-01, -1.3284e-01, +6.0704e-02, -1.7145e-01, -2.0128e-01, -1.4794e-02, +1.4321e-02, +4.3373e-03, -1.0000e+00, -2.1343e-02, -2.9204e-01, -7.0857e-02, -1.4001e-02, -6.9883e-02, -1.7347e-01, +3.0980e-01, +6.7012e-02
-7.1582e-02, +8.0259e-02, +4.5298e-02, -1.8058e-02, -6.1476e-03, +3.9407e-02, +3.8574e-02, +3.3800e-02, +8.4992e-03, +3.2196e-02, -9.2743e-04, +2.6259e-02, +1.3821e-01, +1.3489e-02, +3.3343e-02, +9.8628e-02, +8.5929e-03, -2.4064e-02, +7.3633e-02, -3.9177e-03, -7.0492e-02, +5.3263e-02, -4.6016e-02, +7.9398e-02, -3.1183e-02, +4.0442e-02, +9.1290e-03, +1.2797e-02, -2.4182e-02, +1.8945e-02, +4.2594e-02, -2.4313e-02, +3.3017e-02, -6.7835e-02, +1.4417e-02, +1.9465e-01, -9.8530e-02, -2.3692e-02, +4.7673e-02, +3.7654e-01, +1.0076e-02, -2.1343e-02, -1.0000e+00, +6.7561e-03, -7.8057e-02, -4.3640e-03, +4.8145e-02, -6.4536e-02, -1.1375e-01, +1.1604e-01
+9.5630e-02, +9.2492e-04, -1.4279e-01, -4.4901e-03, -1.9075e-02, +2.6532e-02, +3.4862e-02, +6.9052e-02, +8.4475e-02, +3.2438e-02, +1.3639e-01, -3.6686e-02, -5.8647e-02, +5.9432e-03, -5.0844e-02, -8.9766e-02, -9.6655e-02, +1.4118e-02, +5.1392e-02, -9.8689e-02, -2.0197e-02, -6.5701e-02, -2.3513e-02, -4.0775e-03, +1.0102e-02, +4.7008e-02, -2.4520e-02, +1.8563e-03, -1.1151e-01, -1.3935e-01, +5.6541e-02, -1.4260e-02, +4.8089e-01, -6.3037e-02, +2.5153e-02, -1.5108e-02, -1.4241e-01, +2.9405e-03, +5.2606e-02, -4.5001e-02, +6.3374e-02, -2.9204e-01, +6.7561e-03, -1.0000e+00, -9.4802e-02, -2.8410e-01, -2.6852e-02, -1.5147e-01, -7.6883e-02, +7.9867e-02
-6.6895e-03, +1.5950e-02, -7.5189e-02, -4.4777e-02, -4.3100e-02, +2.5976e-02, -2.8742e-02, -5.4997e-02, +2.0794e-02, +5.4522e-02, -7.1800e-02, -1.9495e-01, -9.7414e-02, +3.1644e-02, +7.6503e-03, +3.6155e-02, +1.6134e-01, -2.3886e-02, -5.4519e-02, +4.7223e-02, -4.6464e-02, -3.2353e-02, +1.1161e-01, -4.9949e-02, -9.1860e-02, +5.1327e-02, -1.1452e-01, -3.8983e-02, -1.1545e-02, -4.3564e-02, -4.2208e-02, -9.7436e-03, +6.1330e-02, -1.2300e-01, +5.3822e-02, -1.4391e-03, -7.0324e-02, +2.1301e-02, -1.0198e-01, -9.0090e-02, +1.2318e-02, -7.0857e-02, -7.8057e-02, -9.4802e-02, -1.0000e+00, -6.3498e-02, -1.5895e-02, +2.0106e-01, -1.6509e-02, +2.1304e-01
-3.4720e-02, +4.5133e-02, +9.6597e-03, -1.2210e-01, -8.2904e-02, +2.6406e-02, -3.0546e-03, +2.1087e-01, +1.2546e-02, +5.1909e-02, +8.4261e-02, -3.4371e-02, -5.5465e-02, -8.2469e-03, +7.6676e-02, -5.7068e-02, +7.0584e-02, +8.9241e-02, -5.7627e-02, +8.8822e-02, -2.4534e-02, -1.3041e-02, -6.5247e-03, -6.8095e-02, -5.2642e-02, -8.5981e-02, -2.6551e-02, +3.5204e-02, -8.7188e-03, +3.4457e-02, -3.0906e-02, -7.5271e-02, +8.9641e-02, -6.3682e-02, -7.1998e-02, -3.1632e-02, +7.2938e-04, +6.3260e-02, +3.1740e-02, -6.3982e-02, +7.7824e-02, -1.4001e-02, -4.3640e-03, -2.8410e-01, -6.3498e-02, -1.0000e+00, -2.7205e-03, -1.7217e-02, -1.8886e-02, +6.1894e-02
+6.0685e-02, +3.0410e-02, -3.7526e-02, +3.2824e-02, -4.9886e-02, -1.5401e-01, -1.0197e-02, +4.2405e-02, +2.5024e-02, +1.1370e-01, -1.3378e-01, -9.8040e-02, +8.7887e-03, -7.7308e-02, -5.6928e-02, +6.0567e-02, +5.7698e-03, -1.0318e-01, -1.6041e-01, -2.1663e-02, -2.1502e-03, +9.7116e-02, -2.3998e-03, +6.3893e-03, -1.9746e-04, -1.4502e-01, -1.5575e-01, -1.2203e-01, -5.1575e-02, -2.8404e-02, -4.9008e-02, +3.8620e-02, -1.0076e-01, +5.3832e-02, -3.6413e-02, -7.2655e-03, +1.6203e-01, -9.0683e-02, -1.2162e-01, -9.2192e-02, -4.6567e-02, -6.9883e-02, +4.8145e-02, -2.6852e-02, -1.5895e-02, -2.7205e-03, -1.0000e+00, +8.4091e-02, -5.6198e-02, +6.2519e-02
+5.9695e-02, +5.8522e-02, +7.3603e-02, +1.3037e-01, +1.0233e-01, +6.5620e-02, +1.4203e-01, +1.1079e-01, +3.9707e-02, -3.3382e-01, +2.1071e-01, +3.4322e-01, +1.3481e-01, +7.1479e-02, -3.1309e-02, +7.3268e-02, -2.1631e-01, +4.8891e-02, +9.6743e-02, -4.4663e-02, -3.5947e-02, -9.8096e-02, -6.0476e-01, -3.6638e-02, +6.3692e-02, +7.5572e-02, +4.7157e-02, +1.4634e-01, +1.6127e-01, -2.1541e-02, +1.4804e-01, -5.0441e-02, +2.7308e-01, -1.1744e-01, -1.2888e-02, +4.2909e-02, -1.6049e-02, +2.3781e-02, +1.2853e-01, -2.9114e-02, +7.0780e-02, -1.7347e-01, -6.4536e-02, -1.5147e-01, +2.0106e-01, -1.7217e-02, +8.4091e-02, -1.0000e+00, +6.6144e-03, +2.1947e-01
+6.9933e-02, +2.5809e-03, +1.9120e-04, +1.3150e-02, +6.2517e-03, -5.9895e-02, +1.0196e-01, +3.5495e-02, -4.3821e-03, -2.6500e-02, -5.6928e-02, +5.0824e-02, +2.8815e-02, +3.5178e-02, -6.4524e-02, -1.8172e-01, -4.8658e-02, +2.9702e-02, -4.3488e-02, -1.0660e-01, -7.4428e-02, -6.8345e-02, +1.3023e-02, +5.3081e-02, +2.6796e-02, +9.1592e-03, -5.7016e-02, -2.4249e-02, +2.5262e-02, +2.2483e-02, -1.8514e-02, +6.3484e-02, +9.3421e-03, +1.6402e-01, +6.8914e-02, -4.9047e-02, +1.9156e-01, +3.8804e-02, +5.4608e-02, +9.4002e-03, -4.0106e-03, +3.0980e-01, -1.1375e-01, -7.6883e-02, -1.6509e-02, -1.8886e-02, -5.6198e-02, +6.6144e-03, -1.0000e+00, -3.4157e-02
+2.4307e-03, -3.1376e-02, +1.6120e-02, +3.3259e-02, +6.0476e-02, +1.3167e-01, -3.3393e-02, -1.5678e-02, +1.0050e-02, +2.4102e-02, +7.0068e-02, +5.7487e-03, -6.9372e-02, -2.7040e-02, -4.2294e-03, +1.9962e-02, +1.0668e-01, +8.8751e-02, +5.3042e-02, -4.9928e-02, -8.5984e-03, +3.0729e-03, +6.8134e-02, +1.1931e-01, +2.2088e-02, +4.0828e-02, +9.6848e-02, -5.6708e-03, -3.6014e-03, +4.3385e-02, -1.0526e-03, +4.4865e-02, -1.5049e-01, +6.3756e-02, -1.1816e-02, -3.8864e-02, +7.5045e-02, +5.8400e-02, +5.9682e-02, +2.6333e-01, +7.2496e-02, +6.7012e-02, +1.1604e-01, +7.9867e-02, +2.1304e-01, +6.1894e-02, +6.2519e-02, +2.1947e-01, -3.4157e-02, -1.0000e+00
