-1.0000e+00, +2.2508e-02, +5.1449e-02, -9.5161e-02, +3.4359e-02, +7.3360e-03, +8.0539e-02, -3.7446e-02, -1.0685e-01, -1.5633e-02, +1.6900e-02, +3.3688e-03, -2.8419e-02, +2.5001e-02, -1.9832e-02, -2.9055e-02, +8.9386e-03, +8.2629e-02, +2.2683e-03, -8.3243e-03, -5.2393e-02, +9.7921e-02, -9.9125e-02, -1.3255e-02, -9.4105e-02, -2.5467e-02, -5.7821e-02, -8.8530e-02, -3.8303e-02, -1.6352e-02, -8.1760e-02, +5.3470e-02, -5.0418e-02, +1.9093e-02, +7.5777e-02, +1.1959e-03, +2.7870e-02, -1.0649e-02, +4.1003e-02, -3.2114e-02, +3.4317e-02, +1.2339e-02, +1.8177e-02, -1.8761e-02, -6.5345e-02, -2.9201e-02, +8.5475e-02, +3.0090e-01, +4.4677e-02, +6.5811e-02
+2.2508e-02, -1.0000e+00, -1.0023e-01, -5.6609e-02, -8.6661e-03, -4.7412e-02, +8.5555e-02, +8.9701e-02, +7.2125e-02, +9.6327e-02, +2.7846e-02, -1.0500e-01, +1.1164e-01, +5.2992e-02, -4.0930e-02, +3.6360e-03, -9.7310e-02, -2.3970e-02, -1.1116e-02, -2.0349e-02, -4.1588e-02, +9.7039e-03, +8.2928e-03, +3.2897e-02, -6.0633e-02, +5.9731e-02, +3.0889e-02, +1.7288e-02, -4.4170e-02, +2.0234e-02, +8.1106e-02, +6.4404e-02, -2.5363e-02, -1.8224e-02, -4.1529e-02, -3.3188e-02, +5.8485e-02, -1.0646e-01, +1.4575e-02, -6.5670e-03, +1.8918e-02, +6.4651e-03, -6.9503e-03, -4.1958e-02, +7.4833e-02, -3.7773e-02, -6.0589e-02, -8.1338e-03, -5.4233e-03, +6.2661e-02
+5.1449e-02, -1.0023e-01, -1.0000e+00, -5.7572e-02, +3.4808e-02, -1.0096e-01, -7.4283e-03, -7.4734e-02, +4.0197e-02, +1.9652e-01, -6.4777e-02, +6.0634e-02, -4.8971e-02, +5.2328e-02, -3.4215e-02, -6.6895e-02, -5.6227e-02, +1.2627e-02, +1.4869e-02, -4.4951e-02, -2.5587e-02, -8.7603e-02, +6.1634e-02, +4.5089e-02, -4.3567e-02, +6.9556e-03, +4.2274e-02, -2.8113e-02, +3.5856e-02, -1.2276e-02, +6.9542e-02, -1.0246e-02, -2.3159e-02, +1.3514e-02, -5.6685e-02, -1.3773e-02, -2.2077e-02, -3.1379e-04, +1.5894e-02, -8.6189e-02, -4.9692e-02, +2.2078e-02, -6.0863e-02, -8.2535e-03, -5.3346e-03, +1.9957e-02, -1.0945e-01, -3.0809e-02, +1.2910e-02, +2.8421e-02
-9.5161e-02, -5.6609e-02, -5.7572e-02, -1.0000e+00, -2.2302e-02, -6.9775e-02, +6.1779e-02, +3.0601e-03, +8.1499e-02, +1.6675e-01, -6.4180e-02, -4.8805e-02, -8.7749e-02, -1.1540e-02, -6.7471e-03, -3.4806e-02, +1.5581e-02, -2.5017e-02, +1.3647e-02, -7.1366e-02, -2.7666e-02, -4.7159e-02, +6.0310e-02, +1.1766e-02, -6.8856e-02, -9.5103e-02, -5.2497e-02, -9.7318e-02, -1.0751e-01, -7.6778e-03, -5.8582e-02, +1.1473e-01, +1.7959e-02, +3.7083e-02, +2.2303e-02, -5.7178e-02, -2.9806e-02, +1.1828e-03, -6.2245e-02, -8.5474e-02, -6.0634e-02, -1.6565e-02, -7.8142e-02, +5.6289e-02, +1.9771e-02, -3.7890e-02, +1.8155e-02, +4.9379e-02, +2.2389e-02, -2.3076e-02
+3.4359e-02, -8.6661e-03, +3.4808e-02, -2.2302e-02, -1.0000e+00, +2.6936e-02, -6.9954e-02, -8.7548e-02, +4.3330e-02, +3.6441e-02, -1.6730e-02, -7.1129e-02, -2.4646e-02, +1.8605e-03, -5.1047e-02, +1.4307e-02, -9.0868e-02, +8.1334e-03, -8.4761e-02, -5.1491e-02, +3.1273e-03, -4.2871e-02, +1.9461e-01, -2.6141e-02, -2.1155e-02, -1.8365e-02, -4.8911e-02, -5.7646e-02, -6.6864e-02, -1.1514e-01, +2.4338e-02, -2.4334e-03, +2.8193e-02, +3.0786e-02, -4.4544e-02, -3.0585e-02, -8.3890e-03, +3.8357e-02, -5.2597e-02, +2.5262e-02, +9.3277e-02, +3.4769e-02, +4.8792e-02, +2.8501e-02, +2.9242e-02, -1.3757e-01, -3.5004e-03, +6.9518e-02, +6.9366e-04, +4.9114e-03
+7.3360e-03, -4.7412e-02, -1.0096e-01, -6.9775e-02, +2.6936e-02, -1.0000e+00, +1.1262e-02, -3.5451e-03, +1.2211e-02, +4.0989e-02, -8.1329e-02, +2.7102e-02, -3.8224e-02, -6.0537e-02, -9.4139e-02, -4.5264e-02, +2.3431e-02, -6.5711e-02, -8.9389e-02, -9.4489e-03, -4.1401e-02, +3.9895e-02, +9.7945e-02, +5.2112e-03, -1.2287e-03, -2.7422e-02, -9.2357e-02, -4.6235e-02, -1.2012e-01, +7.6968e-03, -1.0275e-01, +1.5630e-01, +3.8119e-02, +2.5033e-02, +5.3793e-03, -1.2934e-02, +4.2316e-02, -3.2787e-02, -7.1032e-02, -4.3921e-03, -4.8327e-02, -1.9852e-02, -4.8467e-02, -1.1002e-02, +2.0696e-02, +6.0679e-03, -3.3647e-02, +3.9749e-02, -7.0074e-02, +2.9588e-02
+8.0539e-02, +8.5555e-02, -7.4283e-03, +6.1779e-02, -6.9954e-02, +1.1262e-02, -1.0000e+00, -5.7176e-02, +3.8705e-02, +1.4998e-01, +6.7081e-02, -2.7998e-02, +9.4744e-02, +2.5654e-02, -3.8306e-02, +4.5100e-02, -3.5621e-02, -2.4869e-02, -2.4545e-02, +5.8134e-03, +1.5766e-02, +4.2821e-02, +1.5646e-01, +7.0894e-02, +9.2347e-02, +5.7937e-02, +5.9726e-02, -4.7739e-03, +4.3955e-02, -5.2939e-02, +7.1214e-02, +2.5214e-02, +7.9233e-02, -2.0560e-02, -9.7781e-03, -6.4519e-02, +1.3576e-02, -2.6482e-02, -6.5843e-02, +1.2164e-02, -5.0667e-02, -3.0154e-02, +4.2439e-02, +3.5584e-02, +2.0396e-02, -1.9213e-02, +1.2560e-02, -1.8466e-01, -9.2006e-02, -3.4656e-02
-3.7446e-02, +8.9701e-02, -7.4734e-02, +3.0601e-03, -8.7548e-02, -3.5451e-03, -5.7176e-02, -1.0000e+00, +8.9861e-03, +6.9940e-02, -1.2233e-01, -6.7916e-02, -9.6977e-02, -8.1586e-03, -9.7853e-02, +6.4365e-03, +3.1186e-02, -1.1663e-01, -7.1247e-02, -1.0249e-01, +1.6280e-02, -6.4773e-02, +3.2454e-01, +1.1442e-02, +2.6179e-02, -5.7305e-02, +1.5975e-02, -6.4259e-02, +7.2325e-02, -4.8412e-02, -8.6436e-02, -7.0966e-02, -8.5881e-03, +2.5244e-03, -2.3934e-02, -4.6198e-02, +3.8329e-02, -8.8615e-02, -3.3273e-02, +7.6557e-02, -6.7593e-02, +2.1314e-02, +1.7816e-02, +4.2569e-02, -2.5038e-02, +1.1154e-01, +3.7029e-02, +3.0567e-02, -5.9972e-02, +2.2903e-02
-1.0685e-01, +7.2125e-02, +4.0197e-02, +8.1499e-02, +4.3330e-02, +1.2211e-02, +3.8705e-02, +8.9861e-03, -1.0000e+00, +8.1722e-03, +1.2353e-02, +5.5793e-02, +7.9551e-02, +4.4965e-02, +1.3909e-02, -1.5916e-02, -1.0044e-01, +6.3479e-02, +1.1574e-01, +2.4267e-02, -3.8532e-02, -1.1940e-01, -1.8490e-01, +3.9924e-02, -5.6230e-02, +7.0067e-03, +4.5625e-02, +7.4023e-02, +1.2376e-01, +8.8579e-02, +7.0463e-02, -7.8633e-02, -6.6479e-02, +5.7336e-02, +7.0561e-02, +1.0180e-01, +5.4089e-02, -4.4222e-02, +7.2364e-02, +2.3441e-02, +1.3704e-02, -4.4421e-02, +1.7234e-02, -4.1314e-02, -2.9942e-02, +3.7202e-02, -1.6110e-02, -3.1727e-03, -1.7114e-02, -4.1776e-02
-1.5633e-02, +9.6327e-02, +1.9652e-01, +1.6675e-01, +3.6441e-02, +4.0989e-02, +1.4998e-01, +6.9940e-02, +8.1722e-03, -1.0000e+00, -3.9324e-02, +1.0706e-02, +4.2578e-02, -1.2953e-01, +1.2744e-01, +5.9527e-02, +2.2528e-01, +1.8379e-02, +4.3647e-02, +2.4303e-02, +4.0889e-02, -1.6658e-01, +1.2792e-01, -1.4253e-01, +8.6084e-03, +1.9026e-01, -7.3172e-02, +8.9082e-02, -2.1877e-02, +9.8922e-04, -2.2504e-01, -1.3972e-01, -1.2038e-03, -8.6965e-02, +5.5040e-02, +2.2618e-01, +5.5393e-02, -2.0670e-02, +2.1176e-02, +4.3357e-02, +9.1287e-02, -1.2162e-02, +4.5034e-03, -7.0576e-02, +7.0718e-02, +7.5432e-02, +4.7167e-02, +2.3218e-01, +1.7233e-01, -4.8394e-02
+1.6900e-02, +2.7846e-02, -6.4777e-02, -6.4180e-02, -1.6730e-02, -8.1329e-02, +6.7081e-02, -1.2233e-01, +1.2353e-02, -3.9324e-02, -1.0000e+00, -1.8432e-01, -1.1695e-01, -2.7503e-02, -7.4391e-02, -5.6545e-02, +6.2853e-02, -8.6117e-02, -1.2622e-01, -4.1999e-02, -3.9030e-02, -6.2068e-02, +2.5180e-01, +8.5283e-02, -1.7018e-02, -8.3400e-02, -1.5275e-01, -7.4680e-02, -6.9362e-02, -5.7660e-02, -1.0812e-01, +1.2078e-01, +2.4670e-02, +5.1994e-02, -1.9586e-02, +1.2456e-02, -2.4244e-03, -9.8894e-02, -3.1523e-03, +2.7698e-02, -1.2934e-01, +2.6778e-03, +1.8909e-02, -5.7580e-02, -2.4631e-02, -3.5242e-02, -7.0658e-02, +8.0563e-02, -1.7008e-02, +5.7313e-02
+3.3688e-03, -1.0500e-01, +6.0634e-02, -4.8805e-02, -7.1129e-02, +2.7102e-02, -2.7998e-02, -6.7916e-02, +5.5793e-02, +1.0706e-02, -1.8432e-01, -1.0000e+00, -2.4232e-02, -7.4446e-02, -5.1989e-02, +6.9993e-03, +6.0359e-02, -6.5590e-02, -8.8266e-02, -2.1762e-03, -2.1631e-02, +3.2402e-03, +3.2696e-01, +1.4111e-02, -1.5648e-02, +1.7424e-02, +4.7489e-02, -4.8538e-02, -3.0209e-02, -2.8806e-03, -1.1607e-01, +1.0720e-01, +9.3285e-02, -1.2506e-03, -1.5637e-02, +8.8325e-03, -4.1097e-02, -1.2055e-02, +2.2499e-02, -2.7841e-04, -4.1187e-02, +6.8174e-02, +3.7904e-02, -1.1320e-02, +2.3331e-01, -4.4679e-02, -4.1333e-02, -2.4849e-02, -2.8055e-02, -3.8310e-02
-2.8419e-02, +1.1164e-01, -4.8971e-02, -8.7749e-02, -2.4646e-02, -3.8224e-02, +9.4744e-02, -9.6977e-02, +7.9551e-02, +4.2578e-02, -1.1695e-01, -2.4232e-02, -1.0000e+00, -5.1031e-03, +9.5707e-04, -9.3816e-02, +6.6852e-02, -1.3095e-02, -4.1584e-02, -1.1235e-02, -1.9508e-02, +5.9718e-02, +1.8090e-01, +1.5007e-02, -8.6631e-03, -4.0673e-02, -5.3068e-02, +3.0993e-02, +1.8264e-02, +2.5737e-02, -2.8959e-02, +4.0957e-02, +5.6330e-02, +6.2895e-02, +2.9971e-03, -3.8698e-02, -2.9224e-02, -5.5816e-02, -4.0498e-03, -2.5271e-02, +5.3096e-02, -6.3377e-02, +6.1904e-02, -5.5903e-02, -7.8283e-02, +1.1924e-02, -3.2062e-02, -3.2771e-02, +6.1965e-03, +5.8389e-02
+2.5001e-02, +5.2992e-02, +5.2328e-02, -1.1540e-02, +1.8605e-03, -6.0537e-02, +2.5654e-02, -8.1586e-03, +4.4965e-02, -1.2953e-01, -2.7503e-02, -7.4446e-02, -5.1031e-03, -1.0000e+00, +5.6598e-02, -4.1280e-02, +5.3296e-02, -2.1368e-02, -3.3349e-02, -6.2590e-03, +3.5041e-02, -9.6008e-03, +2.2939e-01, -4.8074e-02, -2.8493e-02, +2.9517e-02, +3.6495e-02, +5.1541e-02, -1.4665e-03, -2.7715e-02, -1.3546e-01, +2.1037e-02, +7.8737e-02, +3.8504e-02, +5.3459e-02, -1.9150e-02, +7.3560e-02, -4.4541e-02, +1.4375e-03, +2.9063e-02, +5.7848e-04, -6.6747e-04, -5.3115e-02, +5.4809e-02, +4.5748e-02, +2.4331e-02, -9.1077e-03, -4.1351e-02, -6.9415e-02, -4.9321e-02
-1.9832e-02, -4.0930e-02, -3.4215e-02, -6.7471e-03, -5.1047e-02, -9.4139e-02, -3.8306e-02, -9.7853e-02, +1.3909e-02, +1.2744e-01, -7.4391e-02, -5.1989e-02, +9.5706e-04, +5.6598e-02, -1.0000e+00, -4.4288e-02, -4.4411e-02, -3.1366e-02, -9.8109e-02, -1.1975e-02, -3.9453e-02, -6.3395e-02, -3.8337e-02, -7.7333e-02, -6.6838e-02, -2.9610e-02, -1.5847e-01, -4.4768e-02, -6.6934e-02, -6.8538e-02, -9.8916e-02, +8.1621e-02, -2.2869e-02, +4.3015e-02, -2.9300e-02, -4.5586e-02, +3.4129e-02, +3.6926e-02, -6.2645e-02, -1.8816e-02, -6.4198e-02, +1.3290e-01, -1.8505e-02, -2.6666e-02, -4.6454e-02, -5.5899e-02, +3.3220e-02, +2.6583e-01, +2.9571e-02, +8.3040e-02
-2.9055e-02, +3.6360e-03, -6.6895e-02, -3.4806e-02, +1.4307e-02, -4.5264e-02, +4.5100e-02, +6.4365e-03, -1.5916e-02, +5.9527e-02, -5.6545e-02, +6.9994e-03, -9.3816e-02, -4.1280e-02, -4.4288e-02, -1.0000e+00, +3.7244e-02, -3.1823e-02, -1.9795e-02, +9.1203e-02, -6.8215e-02, +4.7891e-03, -6.4896e-02, +3.2330e-02, +1.7844e-02, -8.1197e-02, -1.3192e-02, +3.9333e-02, +5.1619e-02, -7.4810e-03, +4.1914e-02, +1.2387e-01, -7.4262e-02, +4.9056e-02, -8.0689e-02, +1.0464e-02, +1.6714e-02, -3.5266e-02, +6.8096e-02, -1.0010e-02, -8.6881e-02, -3.3511e-02, -1.2021e-01, -9.2550e-02, -1.7389e-01, +2.3940e-02, -5.4779e-02, -5.9679e-02, +1.8797e-01, +3.2693e-02
+8.9386e-03, -9.7310e-02, -5.6227e-02, +1.5581e-02, -9.0868e-02, +2.3431e-02, -3.5621e-02, +3.1186e-02, -1.0044e-01, +2.2528e-01, +6.2853e-02, +6.0359e-02, +6.6852e-02, +5.3296e-02, -4.4411e-02, +3.7244e-02, -1.0000e+00, +7.4565e-03, +2.9549e-02, -1.0131e-01, -5.0088e-02, -5.8162e-03, -5.0002e-02, +6.8388e-02, +4.5127e-02, -2.4702e-02, +8.8949e-02, -4.9134e-03, +5.4817e-02, -3.8783e-02, +1.5488e-01, -2.0052e-02, -2.5408e-02, -4.2615e-02, -3.1108e-02, -6.2696e-02, +7.8406e-03, +1.0051e-01, +1.6258e-02, -1.9286e-02, +7.9067e-03, +8.9120e-03, +2.0842e-02, -3.3301e-02, -3.1793e-03, +2.2593e-02, -7.3125e-03, -5.1413e-02, -6.0098e-02, +1.2108e-02
+8.2629e-02, -2.3970e-02, +1.2627e-02, -2.5017e-02, +8.1334e-03, -6.5711e-02, -2.4869e-02, -1.1663e-01, +6.3479e-02, +1.8379e-02, -8.6117e-02, -6.5590e-02, -1.3095e-02, -2.1368e-02, -3.1366e-02, -3.1823e-02, +7.4566e-03, -1.0000e+00, -5.4573e-02, -1.7543e-02, -9.4321e-03, -5.8686e-02, +1.8318e-01, +1.4688e-02, +5.9812e-03, -8.1620e-02, +2.7434e-02, -3.3186e-02, -3.1163e-02, +1.6715e-02, -8.0843e-02, +4.6327e-02, -5.6482e-03, +2.6851e-02, +3.3258e-02, -1.1157e-02, +5.4741e-02, -5.9882e-02, -1.4796e-02, +4.2266e-02, +3.2083e-03, +3.7212e-02, -4.0781e-02, +1.2847e-02, -2.6254e-02, +1.4351e-01, +2.4595e-02, -7.5447e-02, -7.2949e-02, +6.5155e-02
+2.2683e-03, -1.1116e-02, +1.4869e-02, +1.3647e-02, -8.4761e-02, -8.9389e-02, -2.4545e-02, -7.1247e-02, +1.1574e-01, +4.3647e-02, -1.2622e-01, -8.8266e-02, -4.1584e-02, -3.3349e-02, -9.8109e-02, -1.9795e-02, +2.9549e-02, -5.4573e-02, -1.0000e+00, -3.4172e-02, +2.8100e-03, +2.9453e-02, +2.7312e-01, -1.7365e-02, -1.7269e-02, -3.6870e-02, -3.2195e-02, -5.6067e-03, -8.5481e-03, -5.3816e-02, -1.0628e-01, +2.0383e-02, -6.3770e-04, +9.2652e-03, -3.0965e-03, -4.5209e-02, +2.5189e-02, -4.3097e-02, -6.7486e-02, +3.1623e-02, -1.4847e-01, -4.2773e-02, -1.5993e-02, +1.4415e-02, +6.2440e-02, -5.4686e-02, +7.0809e-04, +4.1904e-02, -8.6582e-02, +7.4611e-02
-8.3243e-03, -2.0349e-02, -4.4951e-02, -7.1366e-02, -5.1491e-02, -9.4489e-03, +5.8134e-03, -1.0249e-01, +2.4267e-02, +2.4303e-02, -4.1999e-02, -2.1762e-03, -1.1235e-02, -6.2590e-03, -1.1975e-02, +9.1203e-02, -1.0131e-01, -1.7543e-02, -3.4172e-02, -1.0000e+00, +3.1569e-02, -3.9510e-02, +1.7189e-01, -7.6457e-03, +4.5674e-02, -1.5677e-02, +1.3556e-02, -2.9280e-02, +9.2054e-03, -4.9312e-02, -2.3748e-02, -8.7230e-02, +2.1438e-04, +5.3772e-03, -3.7820e-02, +2.4655e-01, +1.7607e-02, -6.7325e-03, -6.9105e-03, -1.2947e-02, -7.6578e-03, -1.7102e-02, +6.6597e-03, -1.5624e-02, -8.0253e-02, -3.1367e-02, -4.8705e-02, -5.4666e-02, +1.8489e-01, -8.1430e-03
-5.2393e-02, -4.1588e-02, -2.5587e-02, -2.7666e-02, +3.1273e-03, -4.1401e-02, +1.5766e-02, +1.6280e-02, -3.8532e-02, +4.0889e-02, -3.9030e-02, -2.1631e-02, -1.9508e-02, +3.5041e-02, -3.9453e-02, -6.8215e-02, -5.0088e-02, -9.4321e-03, +2.8100e-03, +3.1569e-02, -1.0000e+00, -3.9932e-02, -6.4064e-02, +1.3955e-02, -1.5696e-02, +2.2124e-02, -2.7488e-02, +1.2763e-02, +2.6180e-03, -8.8246e-03, -1.1882e-02, +5.4696e-02, -1.5541e-02, -4.4273e-02, -4.1680e-02, -2.1405e-02, +2.7513e-02, -2.6671e-02, +4.6295e-02, -7.2269e-02, +2.6264e-02, +2.5826e-02, -1.3477e-01, -8.7982e-02, -3.0608e-02, -2.7076e-02, +1.4085e-02, +6.4121e-02, +8.2363e-02, +2.4825e-02
+9.7921e-02, +9.7039e-03, -8.7603e-02, -4.7159e-02, -4.2871e-02, +3.9895e-02, +4.2821e-02, -6.4773e-02, -1.1940e-01, -1.6658e-01, -6.2068e-02, +3.2402e-03, +5.9718e-02, -9.6008e-03, -6.3395e-02, +4.7891e-03, -5.8162e-03, -5.8686e-02, +2.9453e-02, -3.9510e-02, -3.9932e-02, -1.0000e+00, +8.2334e-02, -6.1779e-02, +7.7795e-02, +2.3428e-02, -1.4737e-03, +3.3828e-02, +8.4392e-02, -1.9879e-02, -5.0032e-03, -3.1121e-02, -8.4080e-02, -3.8534e-02, -4.8894e-02, +6.2882e-02, +7.2518e-02, -7.5674e-02, -6.2255e-02, -1.7806e-02, +1.1643e-02, +2.2422e-02, +3.3757e-02, +5.2010e-02, -1.2667e-01, -2.7816e-02, -2.7324e-02, +9.2704e-02, +2.7794e-02, +3.4786e-02
-9.9125e-02, +8.2928e-03, +6.1634e-02, +6.0310e-02, +1.9461e-01, +9.7945e-02, +1.5646e-01, +3.2454e-01, -1.8490e-01, +1.2792e-01, +2.5180e-01, +3.2696e-01, +1.8090e-01, +2.2939e-01, -3.8337e-02, -6.4896e-02, -5.0002e-02, +1.8318e-01, +2.7312e-01, +1.7189e-01, -6.4064e-02, +8.2334e-02, -1.0000e+00, -5.9590e-02, -9.1007e-02, -3.1994e-04, +2.6573e-03, +8.3355e-02, +2.5464e-02, +2.6614e-02, +2.4788e-01, -8.1296e-02, -5.4738e-02, +2.4454e-02, -9.6652e-04, +1.2797e-01, +4.9185e-02, +1.0851e-01, +1.2061e-01, -1.0715e-01, +4.0296e-02, +5.8955e-02, -1.1000e-01, -9.0433e-02, -1.9626e-01, +5.2975e-02, +9.6327e-02, -1.4581e-02, +1.3229e-01, -3.7284e-02
-1.3255e-02, +3.2897e-02, +4.5089e-02, +1.1766e-02, -2.6141e-02, +5.2112e-03, +7.0894e-02, +1.1442e-02, +3.9924e-02, -1.4253e-01, +8.5283e-02, +1.4111e-02, +1.5007e-02, -4.8074e-02, -7.7333e-02, +3.2330e-02, +6.8388e-02, +1.4688e-02, -1.7365e-02, -7.6457e-03, +1.3955e-02, -6.1779e-02, -5.9590e-02, -1.0000e+00, -5.7448e-02, -3.9854e-02, -7.8131e-02, -2.3168e-02, -1.1155e-02, -4.1060e-02, -1.3807e-01, -1.5951e-02, +1.9587e-02, +1.9701e-02, -3.5058e-02, +1.0894e-01, +5.2780e-02, -1.4245e-02, -3.0528e-02, +9.0061e-03, +7.2343e-03, +4.8365e-02, +1.3469e-02, -1.7052e-02, -9.1886e-03, -5.4422e-02, +8.1696e-02, +1.4995e-01, +8.4020e-04, +8.4492e-02
-9.4105e-02, -6.0633e-02, -4.3567e-02, -6.8856e-02, -2.1155e-02, -1.2287e-03, +9.2347e-02, +2.6179e-02, -5.6230e-02, +8.6084e-03, -1.7018e-02, -1.5648e-02, -8.6631e-03, -2.8493e-02, -6.6838e-02, +1.7844e-02, +4.5127e-02, +5.9812e-03, -1.7269e-02, +4.5674e-02, -1.5696e-02, +7.7795e-02, -9.1007e-02, -5.7448e-02, -1.0000e+00, +8.2526e-02, -1.1997e-01, -2.4240e-02, -7.1711e-02, -2.8344e-02, -5.0893e-02, +4.7901e-02, +5.3149e-02, +4.8333e-03, +5.3640e-02, +2.1662e-03, +3.0941e-03, -4.1159e-02, -2.8832e-02, +2.5329e-02, -7.3138e-02, +4.0421e-02, +2.0216e-02, -3.8275e-02, +9.8904e-04, -5.2523e-02, +4.5166e-02, +2.5337e-01, +5.8891e-02, +1.1646e-01
-2.5467e-02, +5.9731e-02, +6.9556e-03, -9.5103e-02, -1.8365e-02, -2.7422e-02, +5.7937e-02, -5.7305e-02, +7.0067e-03, +1.9026e-01, -8.3400e-02, +1.7424e-02, -4.0674e-02, +2.9517e-02, -2.9610e-02, -8.1197e-02, -2.4702e-02, -8.1620e-02, -3.6870e-02, -1.5677e-02, +2.2124e-02, +2.3428e-02, -3.1993e-04, -3.9854e-02, +8.2526e-02, -1.0000e+00, -8.6427e-03, -3.3630e-02, -2.9789e-02, -3.7849e-02, -3.0774e-03, +3.3457e-02, +6.8440e-05, +9.3203e-02, -6.2569e-03, -4.9631e-02, -1.1537e-02, +1.3863e-03, -2.5195e-02, +1.5732e-02, +2.1002e-02, -4.2119e-02, +1.9272e-02, -3.8263e-02, -4.6664e-02, -5.0005e-02, -5.2253e-02, -4.3114e-02, -4.8355e-02, +8.3365e-02
-5.7821e-02, +3.0889e-02, +4.2274e-02, -5.2497e-02, -4.8911e-02, -9.2357e-02, +5.9726e-02, +1.5975e-02, +4.5625e-02, -7.3172e-02, -1.5275e-01, +4.7489e-02, -5.3068e-02, +3.6495e-02, -1.5847e-01, -1.3192e-02, +8.8949e-02, +2.7434e-02, -3.2195e-02, +1.3556e-02, -2.7488e-02, -1.4737e-03, +2.6573e-03, -7.8131e-02, -1.1997e-01, -8.6427e-03, -1.0000e+00, +2.7877e-02, -1.2713e-01, -7.5638e-02, -1.1818e-01, +1.0030e-01, +2.8832e-02, +2.3370e-02, -1.8090e-02, +2.8556e-02, -2.3343e-02, -1.5033e-02, -7.9499e-02, -1.4173e-03, -9.5358e-02, +4.9336e-02, -7.4058e-03, +2.7405e-02, -4.5508e-03, -6.0272e-02, +3.2852e-02, +1.5682e-01, -7.6387e-03, +4.8672e-02
-8.8530e-02, +1.7288e-02, -2.8113e-02, -9.7318e-02, -5.7646e-02, -4.6235e-02, -4.7739e-03, -6.4259e-02, +7.4023e-02, +8.9082e-02, -7.4680e-02, -4.8538e-02, +3.0993e-02, +5.1541e-02, -4.4768e-02, +3.9333e-02, -4.9134e-03, -3.3186e-02, -5.6067e-03, -2.9280e-02, +1.2763e-02, +3.3828e-02, +8.3355e-02, -2.3168e-02, -2.4240e-02, -3.3630e-02, +2.7877e-02, -1.0000e+00, -4.8908e-02, -4.0348e-02, -2.7561e-02, +5.0320e-02, -1.5739e-02, -2.5660e-02, -3.7750e-03, -3.4906e-02, +9.6347e-02, -4.0545e-02, +4.8691e-02, -1.4196e-02, -6.0936e-02, +3.0171e-02, -3.0327e-02, +1.9555e-02, +7.3976e-02, -3.2293e-02, -9.8616e-02, +3.3387e-02, -5.9458e-02, +3.1456e-02
-3.8303e-02, -4.4170e-02, +3.5856e-02, -1.0751e-01, -6.6864e-02, -1.2012e-01, +4.3955e-02, +7.2325e-02, +1.2376e-01, -2.1877e-02, -6.9362e-02, -3.0209e-02, +1.8264e-02, -1.4665e-03, -6.6934e-02, +5.1619e-02, +5.4817e-02, -3.1163e-02, -8.5481e-03, +9.2054e-03, +2.6180e-03, +8.4392e-02, +2.5464e-02, -1.1155e-02, -7.1711e-02, -2.9789e-02, -1.2713e-01, -4.8908e-02, -1.0000e+00, -6.0523e-02, -1.0370e-01, +1.1164e-01, +2.6733e-02, +1.0962e-02, -1.8387e-02, -3.0535e-02, +5.2976e-02, +2.4858e-02, -1.2030e-02, -3.4269e-02, +2.9744e-02, +1.7750e-02, +3.1296e-04, -1.6632e-02, +1.2158e-01, -4.0007e-02, +2.1700e-02, +7.9797e-02, +2.2055e-02, +6.1219e-02
-1.6352e-02, +2.0234e-02, -1.2276e-02, -7.6778e-03, -1.1514e-01, +7.6968e-03, -5.2939e-02, -4.8412e-02, +8.8579e-02, +9.8923e-04, -5.7660e-02, -2.8806e-03, +2.5737e-02, -2.7715e-02, -6.8538e-02, -7.4809e-03, -3.8783e-02, +1.6715e-02, -5.3816e-02, -4.9312e-02, -8.8246e-03, -1.9879e-02, +2.6614e-02, -4.1060e-02, -2.8344e-02, -3.7849e-02, -7.5638e-02, -4.0348e-02, -6.0523e-02, -1.0000e+00, -4.0168e-02, +5.1720e-02, -5.8839e-02, -8.6912e-03, -9.0855e-02, +2.3219e-02, -1.4037e-02, +7.5560e-04, -7.8772e-03, -1.5604e-02, -4.7689e-02, +3.8027e-03, +1.0347e-02, -6.2245e-02, +7.8041e-02, -4.9546e-02, +5.6759e-02, +2.8054e-02, +3.1454e-02, +2.1932e-02
-8.1760e-02, +8.1106e-02, +6.9542e-02, -5.8582e-02, +2.4338e-02, -1.0275e-01, +7.1214e-02, -8.6436e-02, +7.0463e-02, -2.2504e-01, -1.0812e-01, -1.1607e-01, -2.8959e-02, -1.3546e-01, -9.8916e-02, +4.1914e-02, +1.5488e-01, -8.0843e-02, -1.0628e-01, -2.3748e-02, -1.1882e-02, -5.0032e-03, +2.4788e-01, -1.3807e-01, -5.0893e-02, -3.0774e-03, -1.1818e-01, -2.7561e-02, -1.0370e-01, -4.0168e-02, -1.0000e+00, +6.5997e-02, +5.5846e-02, -1.2558e-02, +7.6728e-02, +8.8587e-03, +8.5364e-02, -3.0953e-02, -6.9548e-02, +4.3027e-03, -3.7814e-02, +3.6469e-02, -3.7213e-02, +5.8722e-02, +3.1908e-02, +3.6025e-02, +4.4631e-02, +2.3555e-01, +2.1623e-02, +7.9128e-02
+5.3470e-02, +6.4404e-02, -1.0246e-02, +1.1473e-01, -2.4334e-03, +1.5630e-01, +2.5214e-02, -7.0966e-02, -7.8633e-02, -1.3972e-01, +1.2078e-01, +1.0720e-01, +4.0957e-02, +2.1037e-02, +8.1621e-02, +1.2387e-01, -2.0052e-02, +4.6327e-02, +2.0383e-02, -8.7230e-02, +5.4696e-02, -3.1121e-02, -8.1296e-02, -1.5951e-02, +4.7901e-02, +3.3457e-02, +1.0030e-01, +5.0320e-02, +1.1164e-01, +5.1720e-02, +6.5997e-02, -1.0000e+00, -4.3565e-02, +1.8753e-03, -4.6288e-02, +9.5705e-02, +8.3120e-02, +4.0563e-03, +1.3072e-01, -6.6496e-03, +9.5170e-02, -8.9735e-02, +3.8100e-02, -2.4743e-03, -3.4579e-02, +9.2524e-02, +1.2017e-01, -1.8412e-01, -4.7970e-02, -9.8401e-02
-5.0418e-02, -2.5363e-02, -2.3159e-02, +1.7959e-02, +2.8193e-02, +3.8119e-02, +7.9233e-02, -8.5881e-03, -6.6479e-02, -1.2038e-03, +2.4670e-02, +9.3285e-02, +5.6330e-02, +7.8737e-02, -2.2869e-02, -7.4262e-02, -2.5408e-02, -5.6482e-03, -6.3770e-04, +2.1437e-04, -1.5541e-02, -8.4080e-02, -5.4738e-02, +1.9587e-02, +5.3149e-02, +6.8435e-05, +2.8832e-02, -1.5739e-02, +2.6733e-02, -5.8840e-02, +5.5846e-02, -4.3565e-02, -1.0000e+00, +2.5955e-02, -2.9789e-02, +4.4281e-02, +2.4882e-02, +1.2236e-02, -2.8914e-03, +6.9619e-02, -7.1299e-02, -3.0919e-02, +1.0356e-02, -3.2465e-02, -1.0720e-01, -8.6279e-03, -3.3384e-03, -7.3473e-03, -8.6141e-02, -5.8465e-02
+1.9093e-02, -1.8224e-02, +1.3514e-02, +3.7083e-02, +3.0786e-02, +2.5033e-02, -2.0560e-02, +2.5244e-03, +5.7336e-02, -8.6965e-02, +5.1994e-02, -1.2506e-03, +6.2895e-02, +3.8504e-02, +4.3015e-02, +4.9056e-02, -4.2615e-02, +2.6851e-02, +9.2653e-03, +5.3772e-03, -4.4273e-02, -3.8534e-02, +2.4454e-02, +1.9701e-02, +4.8333e-03, +9.3203e-02, +2.3370e-02, -2.5660e-02, +1.0962e-02, -8.6912e-03, -1.2558e-02, +1.8753e-03, +2.5955e-02, -1.0000e+00, +2.4396e-02, -1.6713e-02, +2.8555e-02, +3.1099e-02, -7.4209e-02, +4.4090e-02, +3.1582e-02, -9.6919e-03, -3.3897e-02, -1.0782e-02, +3.5350e-02, +3.1480e-02, -2.7934e-02, +6.4160e-02, -2.0289e-02, +2.4624e-02
+7.5777e-02, -4.1529e-02, -5.6685e-02, +2.2303e-02, -4.4544e-02, +5.3793e-03, -9.7781e-03, -2.3934e-02, +7.0561e-02, +5.5040e-02, -1.9586e-02, -1.5637e-02, +2.9971e-03, +5.3459e-02, -2.9300e-02, -8.0689e-02, -3.1108e-02, +3.3258e-02, -3.0965e-03, -3.7820e-02, -4.1680e-02, -4.8894e-02, -9.6652e-04, -3.5058e-02, +5.3640e-02, -6.2569e-03, -1.8090e-02, -3.7750e-03, -1.8387e-02, -9.0855e-02, +7.6728e-02, -4.6288e-02, -2.9789e-02, +2.4396e-02, -1.0000e+00, +8.2627e-02, -7.9142e-02, +4.5659e-02, +4.4313e-02, -1.3398e-02, +1.8282e-02, +6.6056e-03, -3.7774e-02, -4.7457e-02, +2.6094e-02, +3.0632e-02, -3.8832e-02, -4.0195e-02, +2.6086e-02, +3.2944e-02
+1.1959e-03, -3.3188e-02, -1.3773e-02, -5.7179e-02, -3.0585e-02, -1.2934e-02, -6.4519e-02, -4.6198e-02, +1.0180e-01, +2.2618e-01, +1.2456e-02, +8.8325e-03, -3.8698e-02, -1.9150e-02, -4.5586e-02, +1.0464e-02, -6.2696e-02, -1.1157e-02, -4.5209e-02, +2.4655e-01, -2.1405e-02, +6.2882e-02, +1.2797e-01, +1.0894e-01, +2.1662e-03, -4.9631e-02, +2.8556e-02, -3.4906e-02, -3.0535e-02, +2.3219e-02, +8.8587e-03, +9.5705e-02, +4.4281e-02, -1.6713e-02, +8.2627e-02, -1.0000e+00, -3.5911e-02, -2.9754e-02, -2.7930e-02, -1.5378e-02, +1.0432e-02, +4.8991e-02, +2.5130e-03, +8.4398e-02, +2.5454e-01, -7.2496e-03, -3.3227e-02, +3.2240e-02, +1.1251e-01, +2.5432e-03
+2.7870e-02, +5.8485e-02, -2.2077e-02, -2.9806e-02, -8.3890e-03, +4.2316e-02, +1.3576e-02, +3.8329e-02, +5.4089e-02, +5.5393e-02, -2.4244e-03, -4.1097e-02, -2.9224e-02, +7.3560e-02, +3.4129e-02, +1.6714e-02, +7.8406e-03, +5.4741e-02, +2.5189e-02, +1.7607e-02, +2.7513e-02, +7.2518e-02, +4.9185e-02, +5.2780e-02, +3.0942e-03, -1.1537e-02, -2.3343e-02, +9.6347e-02, +5.2976e-02, -1.4037e-02, +8.5364e-02, +8.3120e-02, +2.4882e-02, +2.8555e-02, -7.9142e-02, -3.5911e-02, -1.0000e+00, -8.8607e-03, +2.3175e-02, -1.5439e-02, +2.7682e-03, +1.4258e-02, +8.6575e-02, +1.0277e-01, -4.8900e-02, +5.2135e-02, +5.0162e-02, -1.6298e-02, -2.2195e-02, +7.6983e-03
-1.0649e-02, -1.0646e-01, -3.1379e-04, +1.1828e-03, +3.8357e-02, -3.2787e-02, -2.6482e-02, -8.8615e-02, -4.4222e-02, -2.0669e-02, -9.8893e-02, -1.2055e-02, -5.5816e-02, -4.4541e-02, +3.6926e-02, -3.5266e-02, +1.0051e-01, -5.9882e-02, -4.3097e-02, -6.7325e-03, -2.6671e-02, -7.5674e-02, +1.0851e-01, -1.4245e-02, -4.1159e-02, +1.3863e-03, -1.5033e-02, -4.0545e-02, +2.4858e-02, +7.5559e-04, -3.0953e-02, +4.0563e-03, +1.2236e-02, +3.1099e-02, +4.5659e-02, -2.9754e-02, -8.8608e-03, -1.0000e+00, -6.7056e-02, -1.1469e-03, -8.4204e-02, -7.7956e-03, -2.3277e-02, -4.8857e-02, +8.4285e-03, -4.3622e-02, -1.0449e-01, +7.4242e-02, +8.3717e-03, +1.6794e-02
+4.1003e-02, +1.4575e-02, +1.5894e-02, -6.2245e-02, -5.2597e-02, -7.1032e-02, -6.5843e-02, -3.3273e-02, +7.2364e-02, +2.1176e-02, -3.1523e-03, +2.2499e-02, -4.0498e-03, +1.4375e-03, -6.2645e-02, +6.8096e-02, +1.6258e-02, -1.4796e-02, -6.7486e-02, -6.9105e-03, +4.6295e-02, -6.2255e-02, +1.2061e-01, -3.0528e-02, -2.8832e-02, -2.5195e-02, -7.9499e-02, +4.8691e-02, -1.2030e-02, -7.8772e-03, -6.9548e-02, +1.3072e-01, -2.8914e-03, -7.4209e-02, +4.4313e-02, -2.7930e-02, +2.3175e-02, -6.7056e-02, -1.0000e+00, +7.7859e-03, -9.3254e-04, -2.1368e-03, +3.4312e-02, +3.8575e-02, +1.5963e-02, -2.9993e-02, -6.3704e-02, +2.5172e-02, -4.9752e-02, +5.4966e-02
-3.2114e-02, -6.5670e-03, -8.6189e-02, -8.5474e-02, +2.5262e-02, -4.3921e-03, +1.2164e-02, +7.6557e-02, +2.3441e-02, +4.3357e-02, +2.7698e-02, -2.7841e-04, -2.5271e-02, +2.9063e-02, -1.8816e-02, -1.0010e-02, -1.9286e-02, +4.2266e-02, +3.1623e-02, -1.2947e-02, -7.2269e-02, -1.7806e-02, -1.0715e-01, +9.0061e-03, +2.5329e-02, +1.5732e-02, -1.4173e-03, -1.4196e-02, -3.4269e-02, -1.5604e-02, +4.3027e-03, -6.6496e-03, +6.9619e-02, +4.4090e-02, -1.3398e-02, -1.5378e-02, -1.5439e-02, -1.1469e-03, +7.7859e-03, -1.0000e+00, +7.4862e-03, +8.8573e-02, -5.3785e-02, -1.6030e-02, -1.7014e-02, +1.9097e-02, +8.6189e-04, +8.1598e-03, +6.5985e-02, +9.5346e-02
+3.4317e-02, +1.8918e-02, -4.9692e-02, -6.0634e-02, +9.3277e-02, -4.8327e-02, -5.0667e-02, -6.7593e-02, +1.3704e-02, +9.1287e-02, -1.2934e-01, -4.1187e-02, +5.3096e-02, +5.7848e-04, -6.4198e-02, -8.6881e-02, +7.9067e-03, +3.2083e-03, -1.4847e-01, -7.6578e-03, +2.6264e-02, +1.1643e-02, +4.0296e-02, +7.2343e-03, -7.3138e-02, +2.1002e-02, -9.5358e-02, -6.0936e-02, +2.9744e-02, -4.7689e-02, -3.7814e-02, +9.5170e-02, -7.1299e-02, +3.1582e-02, +1.8282e-02, +1.0432e-02, +2.7683e-03, -8.4204e-02, -9.3253e-04, +7.4862e-03, -1.0000e+00, +4.0115e-02, -7.5052e-02, -2.0367e-02, +1.7858e-02, +1.7545e-02, -4.5777e-03, +2.3289e-02, -2.9387e-02, -2.6810e-03
+1.2339e-02, +6.4651e-03, +2.2078e-02, -1.6565e-02, +3.4769e-02, -1.9852e-02, -3.0154e-02, +2.1314e-02, -4.4421e-02, -1.2162e-02, +2.6778e-03, +6.8174e-02, -6.3377e-02, -6.6746e-04, +1.3290e-01, -3.3511e-02, +8.9120e-03, +3.7212e-02, -4.2773e-02, -1.7102e-02, +2.5826e-02, +2.2422e-02, +5.8955e-02, +4.8365e-02, +4.0421e-02, -4.2119e-02, +4.9336e-02, +3.0171e-02, +1.7750e-02, +3.8027e-03, +3.6469e-02, -8.9735e-02, -3.0919e-02, -9.6919e-03, +6.6056e-03, +4.8991e-02, +1.4258e-02, -7.7956e-03, -2.1368e-03, +8.8573e-02, +4.0115e-02, -1.0000e+00, -2.5223e-02, -3.9071e-02, -6.1985e-02, +2.3724e-02, -3.3378e-02, -1.0619e-01, -7.0260e-02, -3.3312e-02
+1.8177e-02, -6.9503e-03, -6.0863e-02, -7.8142e-02, +4.8792e-02, -4.8467e-02, +4.2440e-02, +1.7816e-02, +1.7234e-02, +4.5034e-03, +1.8909e-02, +3.7904e-02, +6.1904e-02, -5.3115e-02, -1.8505e-02, -1.2021e-01, +2.0842e-02, -4.0781e-02, -1.5993e-02, +6.6597e-03, -1.3477e-01, +3.3757e-02, -1.1000e-01, +1.3469e-02, +2.0216e-02, +1.9272e-02, -7.4058e-03, -3.0327e-02, +3.1295e-04, +1.0347e-02, -3.7213e-02, +3.8100e-02, +1.0356e-02, -3.3897e-02, -3.7774e-02, +2.5130e-03, +8.6575e-02, -2.3277e-02, +3.4312e-02, -5.3785e-02, -7.5052e-02, -2.5223e-02, -1.0000e+00, -3.3712e-02, -8.7439e-03, +4.0824e-02, -1.5852e-02, -3.4952e-02, +1.0981e-01, -2.5798e-02
-1.8761e-02, -4.1958e-02, -8.2535e-03, +5.6289e-02, +2.8501e-02, -1.1002e-02, +3.5584e-02, +4.2569e-02, -4.1314e-02, -7.0576e-02, -5.7580e-02, -1.1320e-02, -5.5903e-02, +5.4809e-02, -2.6666e-02, -9.2550e-02, -3.3301e-02, +1.2847e-02, +1.4415e-02, -1.5624e-02, -8.7982e-02, +5.2010e-02, -9.0433e-02, -1.7052e-02, -3.8275e-02, -3.8263e-02, +2.7405e-02, +1.9555e-02, -1.6632e-02, -6.2245e-02, +5.8722e-02, -2.4743e-03, -3.2465e-02, -1.0782e-02, -4.7457e-02, +8.4398e-02, +1.0277e-01, -4.8857e-02, +3.8575e-02, -1.6030e-02, -2.0367e-02, -3.9071e-02, -3.3712e-02, -1.0000e+00, -7.3062e-02, +1.9387e-02, -2.8953e-02, +3.0678e-02, +6.4801e-02, +4.4290e-03
-6.5345e-02, +7.4833e-02, -5.3346e-03, +1.9771e-02, +2.9242e-02, +2.0696e-02, +2.0396e-02, -2.5038e-02, -2.9942e-02, +7.0718e-02, -2.4631e-02, +2.3331e-01, -7.8283e-02, +4.5748e-02, -4.6454e-02, -1.7389e-01, -3.1793e-03, -2.6254e-02, +6.2440e-02, -8.0253e-02, -3.0608e-02, -1.2667e-01, -1.9626e-01, -9.1887e-03, +9.8904e-04, -4.6664e-02, -4.5508e-03, +7.3976e-02, +1.2158e-01, +7.8041e-02, +3.1908e-02, -3.4579e-02, -1.0720e-01, +3.5350e-02, +2.6094e-02, +2.5454e-01, -4.8900e-02, +8.4285e-03, +1.5963e-02, -1.7014e-02, +1.7858e-02, -6.1985e-02, -8.7439e-03, -7.3062e-02, -1.0000e+00, +4.5050e-02, +3.9804e-03, +9.4119e-03, -4.0464e-02, +3.1381e-02
-2.9201e-02, -3.7773e-02, +1.9957e-02, -3.7890e-02, -1.3757e-01, +6.0679e-03, -1.9213e-02, +1.1154e-01, +3.7202e-02, +7.5432e-02, -3.5242e-02, -4.4679e-02, +1.1924e-02, +2.4331e-02, -5.5899e-02, +2.3940e-02, +2.2593e-02, +1.4351e-01, -5.4686e-02, -3.1367e-02, -2.7076e-02, -2.7816e-02, +5.2975e-02, -5.4422e-02, -5.2523e-02, -5.0005e-02, -6.0272e-02, -3.2293e-02, -4.0007e-02, -4.9546e-02, +3.6025e-02, +9.2524e-02, -8.6279e-03, +3.1480e-02, +3.0632e-02, -7.2496e-03, +5.2135e-02, -4.3622e-02, -2.9993e-02, +1.9097e-02, +1.7545e-02, +2.3724e-02, +4.0824e-02, +1.9387e-02, +4.5050e-02, -1.0000e+00, -3.5544e-02, +3.9215e-02, -5.4244e-02, -2.5316e-02
+8.5475e-02, -6.0589e-02, -1.0945e-01, +1.8155e-02, -3.5004e-03, -3.3647e-02, +1.2560e-02, +3.7029e-02, -1.6110e-02, +4.7167e-02, -7.0658e-02, -4.1333e-02, -3.2062e-02, -9.1078e-03, +3.3220e-02, -5.4779e-02, -7.3125e-03, +2.4595e-02, +7.0809e-04, -4.8705e-02, +1.4085e-02, -2.7324e-02, +9.6327e-02, +8.1696e-02, +4.5166e-02, -5.2253e-02, +3.2852e-02, -9.8616e-02, +2.1700e-02, +5.6759e-02, +4.4631e-02, +1.2017e-01, -3.3384e-03, -2.7934e-02, -3.8832e-02, -3.3227e-02, +5.0162e-02, -1.0449e-01, -6.3704e-02, +8.6189e-04, -4.5777e-03, -3.3378e-02, -1.5852e-02, -2.8953e-02, +3.9804e-03, -3.5544e-02, -1.0000e+00, -2.6724e-02, -6.8624e-02, +2.8164e-02
+3.0090e-01, -8.1338e-03, -3.0809e-02, +4.9379e-02, +6.9518e-02, +3.9749e-02, -1.8466e-01, +3.0567e-02, -3.1727e-03, +2.3218e-01, +8.0563e-02, -2.4849e-02, -3.2771e-02, -4.1351e-02, +2.6583e-01, -5.9679e-02, -5.1413e-02, -7.5447e-02, +4.1904e-02, -5.4666e-02, +6.4121e-02, +9.2704e-02, -1.4581e-02, +1.4995e-01, +2.5337e-01, -4.3114e-02, +1.5682e-01, +3.3387e-02, +7.9797e-02, +2.8054e-02, +2.3555e-01, -1.8412e-01, -7.3473e-03, +6.4160e-02, -4.0195e-02, +3.2240e-02, -1.6298e-02, +7.4242e-02, +2.5172e-02, +8.1598e-03, +2.3289e-02, -1.0619e-01, -3.4952e-02, +3.0678e-02, +9.4119e-03, +3.9215e-02, -2.6724e-02, -1.0000e+00, -3.1446e-02, -2.5563e-02
+4.4677e-02, -5.4233e-03, +1.2910e-02, +2.2389e-02, +6.9367e-04, -7.0074e-02, -9.2006e-02, -5.9972e-02, -1.7114e-02, +1.7233e-01, -1.7008e-02, -2.8055e-02, +6.1965e-03, -6.9415e-02, +2.9571e-02, +1.8797e-01, -6.0098e-02, -7.2949e-02, -8.6582e-02, +1.8489e-01, +8.2363e-02, +2.7794e-02, +1.3229e-01, +8.4021e-04, +5.8891e-02, -4.8355e-02, -7.6387e-03, -5.9458e-02, +2.2055e-02, +3.1454e-02, +2.1623e-02, -4.7970e-02, -8.6141e-02, -2.0289e-02, +2.6086e-02, +1.1251e-01, -2.2195e-02, +8.3717e-03, -4.9752e-02, +6.5985e-02, -2.9387e-02, -7.0260e-02, +1.0981e-01, +6.4801e-02, -4.0464e-02, -5.4244e-02, -6.8624e-02, -3.1446e-02, -1.0000e+00, -5.1660e-02
+6.5811e-02, +6.2661e-02, +2.8421e-02, -2.3076e-02, +4.9114e-03, +2.9588e-02, -3.4656e-02, +2.2903e-02, -4.1776e-02, -4.8394e-02, +5.7313e-02, -3.8310e-02, +5.8389e-02, -4.9321e-02, +8.3040e-02, +3.2693e-02, +1.2108e-02, +6.5155e-02, +7.4611e-02, -8.1430e-03, +2.4825e-02, +3.4786e-02, -3.7284e-02, +8.4492e-02, +1.1646e-01, +8.3365e-02, +4.8672e-02, +3.1456e-02, +6.1219e-02, +2.1932e-02, +7.9128e-02, -9.8401e-02, -5.8465e-02, +2.4624e-02, +3.2944e-02, +2.5432e-03, +7.6983e-03, +1.6794e-02, +5.4966e-02, +9.5346e-02, -2.6810e-03, -3.3312e-02, -2.5798e-02, +4.4290e-03, +3.1381e-02, -2.5316e-02, +2.8164e-02, -2.5563e-02, -5.1660e-02, -1.0000e+00
