-1.0000e+00, -5.7833e-02, -1.8139e-02, -7.5126e-02, -5.8373e-02, -6.6382e-03, -2.5517e-02, -1.0505e-01, -1.0899e-02, +2.5931e-02, +2.7776e-02, -1.1380e-01, -2.2211e-02, -3.5911e-02, -3.5584e-02, -4.0698e-02, +1.1132e-01, +4.0889e-02, -1.9714e-02, -8.3166e-02, +3.7720e-02, -4.6738e-02, +5.0770e-02, -2.8328e-03, +3.6340e-02, -2.0068e-01, +4.2864e-02, -1.0741e-01, +3.6725e-02, -6.5206e-02, -5.3096e-02, +7.7917e-02, +4.6851e-02, -3.7225e-02, -4.7092e-03, -9.3260e-03, -5.5471e-02, +3.9515e-02, +4.2094e-02, +1.6884e-02, +9.9998e-02, +6.4039e-02, -5.7981e-02, -2.5256e-02, +1.5705e-02, +6.7526e-02, -8.4214e-02, -3.6997e-03, +2.2761e-03, -2.4705e-03
-5.7833e-02, -1.0000e+00, -2.2805e-02, -7.3244e-02, +6.2700e-02, +6.7609e-02, -1.4486e-02, +3.1666e-02, -7.7851e-02, +4.2598e-02, -1.9103e-02, -3.1978e-02, +5.3275e-03, +5.6061e-02, +3.3084e-02, -9.9841e-02, +5.4746e-02, +7.0982e-02, -1.5929e-02, -7.2333e-02, -4.1110e-02, -4.4794e-02, +5.7527e-02, +4.3941e-02, +2.0567e-02, -2.0297e-02, +1.7629e-02, -2.5544e-02, -1.0245e-01, -6.8916e-02, -4.6577e-02, -6.0910e-02, +5.1806e-02, -3.2359e-02, -2.1616e-02, -2.6687e-02, +1.6651e-01, -6.8617e-02, +4.8009e-02, +1.2039e-01, -1.5895e-02, -4.3766e-03, +5.9031e-02, -4.4978e-02, +4.9699e-02, -2.6143e-02, -2.1284e-02, -4.2787e-02, -2.7284e-02, -3.2425e-02
-1.8139e-02, -2.2805e-02, -1.0000e+00, -8.1741e-02, -1.1728e-01, -3.9586e-02, +7.6853e-02, -3.5234e-02, -2.1662e-02, +1.3116e-01, -6.5234e-02, -4.0329e-02, -6.3145e-02, -9.6931e-02, +7.0371e-03, -1.5994e-02, +6.9134e-02, +5.4680e-02, +1.1754e-03, +5.1111e-02, -8.2875e-02, +1.4835e-01, +5.8365e-02, -1.2067e-01, -9.6885e-02, -8.0285e-02, -6.1615e-02, +4.0467e-02, +2.8463e-02, +3.8963e-02, +4.7468e-02, +7.3257e-02, -1.1630e-01, +5.5834e-02, -2.8800e-02, -4.6759e-02, -3.1323e-01, +3.6744e-02, +2.6199e-02, -1.9296e-02, +5.1887e-02, -1.1641e-01, -4.9644e-03, +2.7634e-02, -7.7214e-02, +1.0068e-01, -7.7088e-02, -8.0137e-02, +2.6959e-02, -7.6021e-03
-7.5126e-02, -7.3244e-02, -8.1741e-02, -1.0000e+00, -5.7806e-03, -7.2700e-02, -3.1703e-02, +5.9744e-02, -4.4688e-02, +3.0392e-03, -1.1358e-01, -9.8682e-02, -4.0399e-02, +1.0720e-02, -1.2787e-02, -3.1923e-02, +1.9807e-01, +1.5909e-02, -1.3253e-01, -6.6464e-02, -3.3751e-02, -1.1058e-01, +2.0494e-01, -1.2316e-01, -8.3551e-02, -1.5966e-02, -2.9187e-02, -2.9909e-02, -1.6368e-02, -9.1131e-02, -4.6094e-02, +1.0278e-01, +4.4128e-02, -3.5104e-02, -8.0806e-02, -1.1217e-01, +3.0887e-02, -5.3554e-03, +5.9787e-02, -1.1293e-02, +6.9075e-02, -6.3892e-03, +2.1779e-02, +6.3076e-04, -2.8969e-02, +1.3112e-02, -9.5885e-02, -4.3352e-02, +4.7375e-02, +8.2802e-02
-5.8373e-02, +6.2700e-02, -1.1728e-01, -5.7806e-03, -1.0000e+00, -8.7374e-02, +1.5685e-01, +1.3829e-02, +1.5497e-01, -4.9318e-02, +1.0911e-02, +1.9665e-02, -1.0910e-01, -1.6838e-01, -2.7599e-02, -1.1292e-01, +5.0615e-02, -5.9183e-02, -1.4696e-01, +2.8050e-01, +2.2895e-02, -1.4334e-01, +3.9647e-02, -7.8024e-02, +5.5108e-02, -1.5202e-01, -2.0524e-01, -8.7335e-02, -1.2236e-01, +3.6335e-02, -3.9775e-03, +7.4233e-02, +1.0617e-02, -5.0474e-02, -7.8097e-02, -7.8320e-02, -4.6779e-01, +9.9938e-03, -8.0491e-02, -4.2909e-02, +1.1049e-01, -1.0970e-01, -2.0088e-02, +7.3405e-02, -1.0980e-01, +8.6158e-02, +8.2514e-03, +1.8417e-01, +7.1382e-03, -5.1290e-03
-6.6382e-03, +6.7609e-02, -3.9586e-02, -7.2700e-02, -8.7374e-02, -1.0000e+00, +7.9590e-02, +2.5847e-02, +7.8116e-02, +7.1990e-02, -5.5849e-02, +8.3369e-02, -9.1131e-02, -1.4349e-02, -1.4173e-01, +7.6610e-02, +3.9571e-02, -1.0552e-01, -2.6966e-02, +6.2825e-02, +9.8061e-02, -1.8904e-02, -1.4387e-02, +7.0845e-02, +8.8580e-02, -1.1406e-01, -1.7466e-01, -5.5048e-02, -8.8673e-03, +8.9671e-03, -9.1484e-02, +8.9884e-02, +1.3509e-01, -3.8645e-02, +1.2128e-01, -1.6755e-02, -1.3432e-01, -7.2658e-02, +5.0598e-02, -1.0570e-01, +5.2778e-03, +2.8511e-02, +1.5854e-02, -1.1714e-02, +4.1253e-02, +6.6681e-02, -6.6622e-02, +6.9813e-02, +2.4169e-03, -3.9665e-02
-2.5517e-02, -1.4486e-02, +7.6853e-02, -3.1703e-02, +1.5685e-01, +7.9590e-02, -1.0000e+00, -4.1030e-02, -5.8976e-02, +6.4525e-02, +2.6505e-02, -1.3586e-01, +8.6746e-03, +5.2070e-02, +4.3830e-02, +2.6630e-02, +1.2037e-01, -1.0879e-01, -8.3336e-03, -1.2443e-01, -6.7741e-02, -4.2025e-02, +9.8565e-02, +5.1974e-02, -3.6309e-02, +3.7805e-02, +1.4839e-01, -2.7715e-02, -5.1252e-02, -6.1297e-02, -1.3513e-01, -5.5284e-02, +3.7629e-02, -1.0217e-02, -6.2474e-03, -7.9157e-02, +2.6329e-01, +3.7522e-02, -8.6089e-02, +8.3115e-02, -1.4306e-01, +7.2494e-02, -4.5243e-02, -1.1155e-02, +7.2222e-02, -9.9818e-02, +1.9592e-02, -3.7834e-03, +8.1132e-02, -4.1441e-02
-1.0505e-01, +3.1666e-02, -3.5234e-02, +5.9744e-02, +1.3829e-02, +2.5847e-02, -4.1030e-02, -1.0000e+00, -5.3372e-02, -8.5411e-03, -2.5490e-03, -6.7342e-02, -4.3524e-03, -1.1386e-02, -2.5257e-02, -1.1935e-01, +4.4899e-02, -7.8010e-02, -6.3846e-03, -1.2317e-02, -1.9523e-02, -2.5989e-02, +7.9024e-02, +5.5559e-02, +7.3464e-03, -8.6254e-02, +1.9506e-02, -4.0627e-02, -8.1831e-02, -5.7461e-02, -8.7423e-02, -2.4103e-02, -4.6823e-02, -2.8554e-02, +5.0681e-02, -8.8301e-03, +1.3780e-02, +3.5911e-02, +2.1317e-03, +1.5213e-01, -4.2622e-02, +1.5857e-03, +2.4377e-02, +2.9687e-02, +1.0569e-02, +2.5550e-02, -3.2128e-02, +3.6230e-02, +2.5397e-02, -5.8592e-02
-1.0899e-02, -7.7851e-02, -2.1662e-02, -4.4688e-02, +1.5497e-01, +7.8116e-02, -5.8976e-02, -5.3372e-02, -1.0000e+00, +5.3703e-02, +3.7705e-02, -1.7588e-02, +3.6563e-02, +8.0852e-02, +1.9720e-02, +3.0032e-02, -1.1513e-02, +5.3410e-02, +7.1562e-02, -6.9983e-02, -4.0010e-03, +2.7688e-02, +2.4175e-03, +3.9301e-02, +1.1536e-02, +5.1850e-02, +6.7240e-02, +3.9370e-02, -8.0279e-03, -6.1350e-02, +1.4388e-02, -1.4847e-02, -2.8238e-02, -3.9381e-02, -5.2740e-03, -2.4183e-02, +3.0490e-01, +9.1423e-02, +6.7633e-02, +5.9359e-02, +1.7838e-02, +1.7575e-02, +1.0409e-02, +1.1112e-02, +1.4360e-01, -7.2574e-02, +6.2443e-02, -1.6876e-01, +8.4046e-03, -7.3403e-03
+2.5931e-02, +4.2598e-02, +1.3116e-01, +3.0392e-03, -4.9318e-02, +7.1990e-02, +6.4525e-02, -8.5411e-03, +5.3703e-02, -1.0000e+00, -1.9395e-02, +1.8508e-01, +8.9056e-02, +5.5830e-02, -9.6350e-02, -3.4012e-02, +9.9370e-02, -8.9887e-02, -7.4266e-05, +4.0773e-02, +9.5128e-02, -1.0725e-02, +7.1160e-02, +1.1625e-01, +9.1447e-02, +2.5734e-02, +2.1112e-02, -6.9989e-03, -1.2057e-02, +1.2340e-01, -1.6683e-02, -1.9977e-01, -8.2089e-02, +1.4605e-01, +1.1452e-01, -3.8491e-02, -8.0229e-02, +1.6626e-02, +5.6904e-02, +2.2588e-01, +7.3987e-02, +9.7424e-02, -8.0725e-02, -5.7231e-02, -8.0104e-02, +4.9186e-02, +1.0770e-01, +2.4577e-01, +1.1433e-01, +5.3976e-01
+2.7776e-02, -1.9103e-02, -6.5234e-02, -1.1358e-01, +1.0911e-02, -5.5849e-02, +2.6505e-02, -2.5491e-03, +3.7705e-02, -1.9395e-02, -1.0000e+00, -1.2900e-01, -7.4748e-02, -3.7358e-02, +2.8523e-02, -2.9392e-02, +1.1734e-01, -4.9145e-02, -3.8541e-02, -6.8810e-02, -1.1427e-03, -3.4506e-02, +1.1405e-01, +2.1408e-02, -4.2702e-02, -1.4519e-02, -8.7756e-02, -1.2489e-01, -1.0004e-01, -8.0271e-02, -6.7831e-02, +1.5760e-01, +1.4793e-02, -7.9538e-02, +2.2326e-02, +2.6796e-02, -2.7452e-02, -8.5344e-03, -2.9678e-02, -6.0307e-02, -3.5287e-02, +5.8560e-02, +1.4241e-02, +4.3804e-02, -7.4214e-02, -2.8374e-03, -5.0605e-02, -7.2204e-02, +7.2897e-03, +1.0468e-01
-1.1380e-01, -3.1978e-02, -4.0329e-02, -9.8682e-02, +1.9665e-02, +8.3369e-02, -1.3586e-01, -6.7342e-02, -1.7588e-02, +1.8508e-01, -1.2900e-01, -1.0000e+00, -4.1608e-02, +8.0157e-03, +3.2726e-02, -4.2449e-02, +9.5525e-02, +8.6366e-02, -8.8498e-02, -1.6577e-01, -5.1800e-02, -4.9308e-02, +7.6808e-02, -8.6407e-02, -8.3252e-02, -4.0874e-02, +5.2344e-02, -4.9164e-02, -7.4171e-02, -1.5007e-01, -7.5729e-02, +1.1300e-01, -2.7505e-03, -8.8553e-02, +3.0140e-02, -2.9945e-02, +1.3924e-01, -7.8197e-03, -6.7533e-03, +5.2653e-02, -1.0261e-01, +4.7524e-02, -3.5130e-03, +3.1288e-02, +2.6378e-02, -1.9517e-02, -6.9189e-02, -1.9142e-01, -4.7185e-02, -4.9800e-02
-2.2211e-02, +5.3275e-03, -6.3145e-02, -4.0398e-02, -1.0910e-01, -9.1131e-02, +8.6746e-03, -4.3524e-03, +3.6563e-02, +8.9056e-02, -7.4748e-02, -4.1608e-02, -1.0000e+00, -2.0705e-02, -2.2442e-03, -6.0534e-02, +1.5933e-02, -7.1871e-02, -3.3152e-02, +4.1407e-02, +4.4778e-02, -9.8866e-02, +7.2573e-02, -2.6688e-02, -4.9225e-02, -1.3408e-01, -1.4998e-01, -1.6929e-01, -1.4571e-01, -5.5917e-02, -2.3342e-02, +1.6691e-02, +8.2733e-02, -5.2327e-02, -3.6452e-02, -4.6634e-02, -1.5115e-01, -9.4756e-03, -4.9654e-02, +4.6541e-02, +4.6543e-02, -3.1476e-02, +2.2145e-02, +5.7050e-02, +2.5940e-02, +8.9852e-02, -1.9002e-02, +1.1646e-01, -3.3757e-02, -5.4935e-02
-3.5911e-02, +5.6061e-02, -9.6931e-02, +1.0720e-02, -1.6838e-01, -1.4349e-02, +5.2070e-02, -1.1386e-02, +8.0852e-02, +5.5830e-02, -3.7358e-02, +8.0157e-03, -2.0705e-02, -1.0000e+00, -4.0518e-02, -4.3198e-02, +1.3159e-01, -3.7193e-02, -1.1470e-01, +1.7397e-02, -3.6760e-02, +7.8563e-02, +1.0619e-01, -1.9516e-02, -7.1754e-02, -9.0761e-02, -3.2762e-02, +2.4745e-02, +3.6013e-02, +6.1186e-02, -5.1696e-02, +9.8281e-02, -7.2868e-02, +7.5100e-02, -2.8152e-03, -9.0621e-02, -3.1061e-01, -1.1017e-01, -6.5844e-02, +4.2150e-02, -3.3129e-02, +1.5490e-02, +4.6215e-03, +7.2351e-02, -1.9343e-01, -2.0232e-02, +1.3588e-02, +1.1517e-01, -4.9637e-02, -1.6233e-01
-3.5584e-02, +3.3084e-02, +7.0371e-03, -1.2787e-02, -2.7599e-02, -1.4173e-01, +4.3830e-02, -2.5257e-02, +1.9720e-02, -9.6350e-02, +2.8523e-02, +3.2726e-02, -2.2442e-03, -4.0518e-02, -1.0000e+00, -5.2984e-02, -5.6348e-02, -2.9573e-02, -4.1507e-02, +2.4480e-03, +8.0899e-02, -1.1362e-01, -8.7622e-02, +1.2168e-02, +1.9084e-02, +3.8435e-03, -1.3061e-01, +1.6451e-02, +7.1538e-02, +6.5280e-02, -9.8765e-03, +4.5536e-02, +5.9245e-02, -2.2959e-03, -1.2035e-02, +1.0583e-01, -5.8845e-02, +4.4556e-02, -1.1815e-02, +9.8750e-02, +4.1586e-02, -3.9144e-02, -8.1989e-02, +1.9975e-02, -4.7667e-02, +5.9778e-02, +3.8841e-02, +1.0464e-01, +7.5037e-02, +7.5991e-02
-4.0698e-02, -9.9841e-02, -1.5994e-02, -3.1923e-02, -1.1292e-01, +7.6610e-02, +2.6630e-02, -1.1935e-01, +3.0032e-02, -3.4012e-02, -2.9392e-02, -4.2449e-02, -6.0534e-02, -4.3198e-02, -5.2984e-02, -1.0000e+00, +3.5393e-02, +9.4090e-02, -7.1673e-02, -4.1400e-02, -1.0669e-01, -1.7597e-01, -8.6031e-02, -3.6487e-02, -9.7754e-03, -8.9787e-02, -3.1800e-02, -1.6673e-02, -7.4081e-02, -8.6162e-02, +5.2088e-02, +1.2003e-01, -1.7276e-02, -4.4185e-02, -9.3468e-02, +5.2992e-02, -4.4095e-02, +6.4245e-03, +1.3111e-02, +8.4066e-03, +9.2163e-02, -3.1205e-02, +1.2873e-02, -1.0884e-01, -3.8655e-02, +4.4554e-02, +5.3325e-02, -9.5290e-02, +2.4801e-02, +1.0995e-01
+1.1132e-01, +5.4746e-02, +6.9134e-02, +1.9807e-01, +5.0615e-02, +3.9571e-02, +1.2037e-01, +4.4899e-02, -1.1513e-02, +9.9370e-02, +1.1734e-01, +9.5525e-02, +1.5933e-02, +1.3159e-01, -5.6348e-02, +3.5393e-02, -1.0000e+00, +9.6836e-02, +1.4728e-01, -4.4115e-02, -7.8328e-02, -2.3732e-03, +1.2796e-01, +9.2024e-02, +8.7643e-02, +1.7382e-02, +1.4354e-01, +6.3806e-02, +1.3202e-01, +2.0724e-02, +2.3543e-01, -4.9852e-02, +6.7483e-03, -6.9238e-03, +2.7913e-02, +3.9423e-01, +1.2306e-01, +1.6082e-02, +4.8669e-02, +5.3112e-03, +4.8214e-02, -1.1644e-01, -5.7999e-02, -4.4429e-02, +2.3742e-01, +1.2915e-01, +7.7915e-02, -2.8018e-01, +3.2929e-02, +1.1583e-02
+4.0889e-02, +7.0982e-02, +5.4680e-02, +1.5909e-02, -5.9183e-02, -1.0552e-01, -1.0879e-01, -7.8010e-02, +5.3410e-02, -8.9887e-02, -4.9145e-02, +8.6366e-02, -7.1871e-02, -3.7193e-02, -2.9573e-02, +9.4090e-02, +9.6836e-02, -1.0000e+00, -4.7339e-02, -1.6005e-02, +1.8830e-02, -2.7585e-02, +1.0878e-01, +1.3846e-01, -2.0569e-02, -5.4492e-02, -4.9883e-02, -7.4220e-02, -6.5989e-02, -3.3202e-02, -2.1496e-01, -1.4479e-02, -9.7093e-03, -2.5632e-02, +1.0168e-01, -1.4956e-01, -3.2521e-02, -1.9937e-02, -6.3573e-02, +8.4049e-02, -6.2755e-02, -4.0693e-02, -4.3628e-03, +7.2812e-02, -5.6811e-02, +6.8911e-02, +3.4651e-02, +1.8237e-01, +2.2054e-02, +2.0878e-02
-1.9714e-02, -1.5929e-02, +1.1754e-03, -1.3253e-01, -1.4696e-01, -2.6966e-02, -8.3336e-03, -6.3846e-03, +7.1562e-02, -7.4271e-05, -3.8541e-02, -8.8498e-02, -3.3152e-02, -1.1470e-01, -4.1507e-02, -7.1673e-02, +1.4728e-01, -4.7338e-02, -1.0000e+00, -1.7279e-03, -3.4804e-02, -1.5647e-01, +1.3858e-01, -3.5165e-02, -4.3809e-02, -2.4295e-02, +7.1094e-02, -3.6628e-02, -1.1870e-01, -8.9525e-02, -1.9813e-01, +9.1288e-02, -2.2155e-02, +2.5196e-03, +1.4798e-02, -6.8895e-02, -6.1179e-02, +1.3069e-02, -1.5050e-01, +6.9368e-02, -7.5792e-02, -4.4036e-02, -3.3623e-03, -4.5184e-02, -1.1072e-01, -1.6700e-02, +2.3953e-03, +4.0820e-02, -5.9503e-02, -1.3891e-02
-8.3166e-02, -7.2333e-02, +5.1111e-02, -6.6464e-02, +2.8050e-01, +6.2825e-02, -1.2443e-01, -1.2317e-02, -6.9983e-02, +4.0773e-02, -6.8810e-02, -1.6577e-01, +4.1407e-02, +1.7397e-02, +2.4480e-03, -4.1400e-02, -4.4115e-02, -1.6005e-02, -1.7279e-03, -1.0000e+00, -9.8493e-02, +6.8652e-02, -2.9134e-02, +4.6172e-02, -5.8180e-03, +5.4132e-02, +2.1082e-01, -4.0169e-02, -5.7960e-04, -1.4093e-01, +2.6850e-02, +8.8845e-02, +4.8915e-02, +2.5134e-02, +5.6632e-02, +7.0038e-02, +3.9413e-01, -7.5333e-02, +1.2964e-01, +1.2833e-01, -5.9148e-02, +1.0064e-01, -2.5246e-03, -2.2807e-03, +4.3534e-02, +4.9155e-02, +9.7943e-03, -2.2658e-01, +3.4273e-02, +2.1472e-02
+3.7720e-02, -4.1110e-02, -8.2875e-02, -3.3751e-02, +2.2895e-02, +9.8061e-02, -6.7741e-02, -1.9523e-02, -4.0010e-03, +9.5128e-02, -1.1427e-03, -5.1800e-02, +4.4778e-02, -3.6760e-02, +8.0899e-02, -1.0669e-01, -7.8328e-02, +1.8830e-02, -3.4804e-02, -9.8493e-02, -1.0000e+00, -1.7982e-02, -6.9369e-02, -3.8656e-02, -2.8174e-02, +8.0008e-02, +1.1477e-01, +5.9809e-03, +2.2357e-02, -1.0557e-01, +1.0780e-01, +9.3468e-03, -3.5313e-02, -1.5758e-01, -1.0125e-02, +1.1343e-01, +9.1891e-02, +1.5372e-02, +1.8285e-03, -5.7005e-04, +4.0701e-02, +1.5992e-02, -3.9660e-02, -1.7244e-01, +3.8802e-02, -4.8489e-02, -4.4099e-02, -2.3929e-01, -6.9705e-02, +7.5799e-02
-4.6738e-02, -4.4794e-02, +1.4835e-01, -1.1058e-01, -1.4334e-01, -1.8904e-02, -4.2025e-02, -2.5989e-02, +2.7688e-02, -1.0725e-02, -3.4506e-02, -4.9308e-02, -9.8866e-02, +7.8563e-02, -1.1362e-01, -1.7597e-01, -2.3732e-03, -2.7585e-02, -1.5647e-01, +6.8652e-02, -1.7982e-02, -1.0000e+00, +2.2099e-02, +4.5744e-02, +7.2972e-02, -8.0099e-02, -5.3757e-03, -8.3011e-02, -7.7326e-02, -1.0744e-01, -9.0868e-02, +1.3692e-01, +1.3255e-01, -2.3875e-02, -5.6718e-02, -1.0909e-02, +4.6086e-02, +9.8027e-03, -1.9228e-02, +1.7166e-02, -1.6084e-02, -1.2412e-01, -1.2784e-02, -5.9483e-02, -1.0689e-01, +7.0382e-02, -3.3434e-02, -1.9288e-03, +1.7882e-02, +1.1685e-01
+5.0770e-02, +5.7527e-02, +5.8365e-02, +2.0494e-01, +3.9647e-02, -1.4387e-02, +9.8565e-02, +7.9024e-02, +2.4175e-03, +7.1160e-02, +1.1405e-01, +7.6808e-02, +7.2573e-02, +1.0619e-01, -8.7622e-02, -8.6031e-02, +1.2796e-01, +1.0878e-01, +1.3858e-01, -2.9134e-02, -6.9369e-02, +2.2099e-02, -1.0000e+00, +3.5181e-03, +1.6280e-01, +6.2423e-02, -4.1922e-02, +1.0939e-01, +1.6749e-01, +4.6742e-02, +1.0985e-01, -4.7980e-02, -1.3652e-02, -1.6290e-01, -4.3653e-02, +1.2303e-01, +1.2794e-01, +2.7888e-02, +2.1902e-02, +2.2766e-02, -4.3682e-02, -5.9322e-02, +1.5523e-02, -1.2217e-01, +1.1812e-01, +7.9546e-02, +4.3508e-02, -2.4677e-01, +2.8170e-03, +1.3244e-02
-2.8328e-03, +4.3941e-02, -1.2067e-01, -1.2316e-01, -7.8024e-02, +7.0845e-02, +5.1974e-02, +5.5559e-02, +3.9301e-02, +1.1625e-01, +2.1408e-02, -8.6407e-02, -2.6688e-02, -1.9516e-02, +1.2168e-02, -3.6487e-02, +9.2024e-02, +1.3846e-01, -3.5165e-02, +4.6172e-02, -3.8656e-02, +4.5744e-02, +3.5181e-03, -1.0000e+00, -1.6290e-01, +3.2436e-02, -5.5837e-02, +5.0454e-02, +7.1687e-02, -3.8889e-02, +6.5234e-02, +2.3426e-01, -1.3151e-01, -7.5385e-02, -2.4507e-01, -2.8467e-02, -1.6070e-01, +3.4791e-02, -3.3002e-02, -7.8340e-02, +5.5410e-03, -4.8283e-02, +6.5752e-02, +3.1727e-02, -6.8214e-02, -4.7029e-03, -1.0372e-01, -2.4753e-01, +7.5899e-03, -2.6433e-02
+3.6340e-02, +2.0567e-02, -9.6885e-02, -8.3551e-02, +5.5108e-02, +8.8580e-02, -3.6309e-02, +7.3464e-03, +1.1536e-02, +9.1447e-02, -4.2702e-02, -8.3252e-02, -4.9225e-02, -7.1754e-02, +1.9084e-02, -9.7754e-03, +8.7643e-02, -2.0569e-02, -4.3809e-02, -5.8180e-03, -2.8174e-02, +7.2972e-02, +1.6280e-01, -1.6290e-01, -1.0000e+00, +2.3413e-02, +1.2692e-02, +1.5194e-01, +1.3019e-01, +4.2584e-02, -5.6223e-02, +1.2371e-01, -1.0563e-01, +3.0379e-02, -1.4828e-01, -8.7307e-02, -1.0192e-01, -5.7278e-02, +8.9950e-03, -5.4452e-02, -4.1379e-02, +1.3180e-02, -6.5172e-02, -2.9159e-02, -3.2178e-02, -2.6043e-02, -1.0841e-01, -1.7331e-01, +1.3019e-02, +7.9225e-03
-2.0068e-01, -2.0297e-02, -8.0285e-02, -1.5966e-02, -1.5202e-01, -1.1406e-01, +3.7805e-02, -8.6254e-02, +5.1850e-02, +2.5734e-02, -1.4519e-02, -4.0874e-02, -1.3408e-01, -9.0761e-02, +3.8435e-03, -8.9787e-02, +1.7382e-02, -5.4492e-02, -2.4295e-02, +5.4132e-02, +8.0008e-02, -8.0099e-02, +6.2423e-02, +3.2436e-02, +2.3413e-02, -1.0000e+00, -1.2733e-01, -3.2187e-02, -1.3732e-02, +9.9763e-03, +5.3013e-03, +1.1150e-01, +3.1659e-02, -3.5447e-02, +1.2291e-02, +1.1662e-02, -2.1208e-01, -9.5374e-02, -2.8306e-03, +4.2698e-02, -3.7071e-03, -4.1268e-03, -6.5176e-02, +4.8893e-02, -6.4825e-02, +9.9822e-02, -1.3418e-01, +1.0180e-01, -6.7847e-02, -2.7206e-02
+4.2864e-02, +1.7629e-02, -6.1615e-02, -2.9187e-02, -2.0524e-01, -1.7466e-01, +1.4839e-01, +1.9506e-02, +6.7240e-02, +2.1112e-02, -8.7756e-02, +5.2344e-02, -1.4998e-01, -3.2762e-02, -1.3061e-01, -3.1800e-02, +1.4354e-01, -4.9883e-02, +7.1094e-02, +2.1082e-01, +1.1477e-01, -5.3757e-03, -4.1922e-02, -5.5837e-02, +1.2692e-02, -1.2733e-01, -1.0000e+00, +3.9448e-02, -1.1615e-01, -1.0760e-02, -6.7444e-02, +1.0713e-01, -7.2882e-02, +5.8312e-03, +4.7343e-02, -8.0647e-02, -2.7876e-01, -3.9370e-02, +5.9950e-02, -1.7829e-01, +1.1901e-02, +2.1572e-02, -1.8153e-02, +3.1841e-02, -8.7124e-02, +1.3719e-02, -4.5202e-02, +9.3618e-02, +5.3548e-02, +3.7684e-02
-1.0741e-01, -2.5544e-02, +4.0467e-02, -2.9909e-02, -8.7335e-02, -5.5048e-02, -2.7715e-02, -4.0627e-02, +3.9370e-02, -6.9989e-03, -1.2489e-01, -4.9164e-02, -1.6929e-01, +2.4745e-02, +1.6451e-02, -1.6673e-02, +6.3806e-02, -7.4220e-02, -3.6628e-02, -4.0169e-02, +5.9809e-03, -8.3011e-02, +1.0939e-01, +5.0454e-02, +1.5194e-01, -3.2187e-02, +3.9448e-02, -1.0000e+00, -1.8616e-01, -1.4361e-01, -2.2840e-02, +8.1416e-03, +2.0611e-01, -7.8025e-02, -5.6267e-02, -5.6032e-02, -6.3028e-02, +2.5095e-02, -8.8880e-02, +5.3816e-02, -3.3972e-03, -5.4405e-02, +6.1577e-02, -8.6526e-02, -8.3686e-03, +5.8806e-02, -8.9962e-02, +9.4722e-02, -7.9025e-02, -4.2348e-02
+3.6725e-02, -1.0245e-01, +2.8463e-02, -1.6368e-02, -1.2236e-01, -8.8673e-03, -5.1252e-02, -8.1831e-02, -8.0279e-03, -1.2057e-02, -1.0004e-01, -7.4171e-02, -1.4571e-01, +3.6013e-02, +7.1538e-02, -7.4081e-02, +1.3202e-01, -6.5989e-02, -1.1870e-01, -5.7960e-04, +2.2357e-02, -7.7326e-02, +1.6749e-01, +7.1687e-02, +1.3019e-01, -1.3732e-02, -1.1615e-01, -1.8616e-01, -1.0000e+00, -1.8103e-01, +3.1478e-02, +5.2975e-02, +6.3798e-02, +2.1408e-02, -1.4087e-02, -1.4169e-01, +2.9570e-02, -1.3484e-03, -9.6898e-03, +4.4348e-02, +8.0457e-02, +2.8633e-02, +2.1611e-02, +3.4676e-02, -3.4340e-02, +3.1318e-02, +1.2150e-03, +8.3942e-02, -7.5341e-02, +1.2847e-02
-6.5206e-02, -6.8916e-02, +3.8963e-02, -9.1131e-02, +3.6335e-02, +8.9671e-03, -6.1297e-02, -5.7461e-02, -6.1350e-02, +1.2340e-01, -8.0271e-02, -1.5006e-01, -5.5917e-02, +6.1186e-02, +6.5280e-02, -8.6162e-02, +2.0724e-02, -3.3202e-02, -8.9525e-02, -1.4093e-01, -1.0557e-01, -1.0744e-01, +4.6742e-02, -3.8889e-02, +4.2584e-02, +9.9763e-03, -1.0760e-02, -1.4361e-01, -1.8103e-01, -1.0000e+00, +1.0210e-02, +7.3066e-02, +3.7599e-02, -1.3208e-01, +6.9760e-02, -8.7826e-02, +1.9035e-01, +8.4903e-02, +1.4852e-01, +1.1218e-01, +6.4389e-02, +3.6479e-02, +8.1704e-02, -6.5523e-02, +3.5458e-02, +6.2313e-02, -4.2808e-02, -2.1183e-01, -8.6266e-02, +6.1758e-02
-5.3096e-02, -4.6577e-02, +4.7468e-02, -4.6094e-02, -3.9775e-03, -9.1484e-02, -1.3513e-01, -8.7423e-02, +1.4388e-02, -1.6683e-02, -6.7831e-02, -7.5729e-02, -2.3342e-02, -5.1696e-02, -9.8765e-03, +5.2088e-02, +2.3543e-01, -2.1496e-01, -1.9813e-01, +2.6850e-02, +1.0780e-01, -9.0868e-02, +1.0985e-01, +6.5234e-02, -5.6223e-02, +5.3013e-03, -6.7444e-02, -2.2840e-02, +3.1478e-02, +1.0210e-02, -1.0000e+00, +1.0798e-01, -3.2978e-02, -5.7909e-02, +2.1961e-01, -2.1840e-01, +6.8145e-02, +3.0307e-03, -3.1417e-02, +1.8017e-02, -2.6816e-01, +7.1769e-02, -5.5772e-03, +1.1480e-02, +1.3577e-02, -9.3867e-02, -3.7022e-02, +8.5601e-02, +5.9382e-02, +3.0512e-02
+7.7917e-02, -6.0910e-02, +7.3257e-02, +1.0278e-01, +7.4233e-02, +8.9884e-02, -5.5284e-02, -2.4103e-02, -1.4847e-02, -1.9977e-01, +1.5760e-01, +1.1300e-01, +1.6691e-02, +9.8281e-02, +4.5536e-02, +1.2003e-01, -4.9852e-02, -1.4479e-02, +9.1288e-02, +8.8845e-02, +9.3468e-03, +1.3692e-01, -4.7980e-02, +2.3426e-01, +1.2371e-01, +1.1150e-01, +1.0713e-01, +8.1416e-03, +5.2975e-02, +7.3066e-02, +1.0798e-01, -1.0000e+00, +3.3165e-02, -4.0848e-02, +1.2287e-01, +7.1093e-02, +2.5752e-02, +7.9002e-02, +1.2169e-01, +2.8945e-01, +5.6091e-02, -1.4043e-01, -7.2627e-03, +1.6607e-01, +7.0106e-02, +6.8002e-03, +1.8646e-01, +3.7400e-01, -1.9999e-02, +6.6574e-02
+4.6851e-02, +5.1806e-02, -1.1630e-01, +4.4128e-02, +1.0617e-02, +1.3509e-01, +3.7629e-02, -4.6823e-02, -2.8238e-02, -8.2089e-02, +1.4793e-02, -2.7505e-03, +8.2733e-02, -7.2868e-02, +5.9245e-02, -1.7276e-02, +6.7483e-03, -9.7093e-03, -2.2155e-02, +4.8915e-02, -3.5313e-02, +1.3255e-01, -1.3652e-02, -1.3151e-01, -1.0563e-01, +3.1659e-02, -7.2882e-02, +2.0611e-01, +6.3798e-02, +3.7599e-02, -3.2978e-02, +3.3165e-02, -1.0000e+00, +2.8900e-02, +3.5628e-02, +1.1345e-02, -3.2953e-02, +1.0338e-02, +5.0753e-02, -4.0325e-02, -5.3487e-02, +8.3695e-02, +4.2447e-02, +1.5049e-01, -5.7077e-02, +3.3895e-02, +2.9941e-02, -9.4872e-02, +1.1293e-01, +1.0124e-01
-3.7225e-02, -3.2359e-02, +5.5834e-02, -3.5104e-02, -5.0474e-02, -3.8645e-02, -1.0217e-02, -2.8554e-02, -3.9381e-02, +1.4605e-01, -7.9538e-02, -8.8553e-02, -5.2327e-02, +7.5100e-02, -2.2959e-03, -4.4185e-02, -6.9238e-03, -2.5632e-02, +2.5196e-03, +2.5134e-02, -1.5758e-01, -2.3875e-02, -1.6290e-01, -7.5385e-02, +3.0379e-02, -3.5447e-02, +5.8312e-03, -7.8025e-02, +2.1408e-02, -1.3208e-01, -5.7909e-02, -4.0848e-02, +2.8900e-02, -1.0000e+00, +3.1404e-02, +2.9153e-02, +1.6622e-01, -2.8773e-02, +2.4551e-04, +3.1723e-02, +9.4177e-03, -1.2383e-01, -5.5979e-02, -2.6895e-02, +3.1506e-01, -3.3779e-02, -3.3358e-02, -1.6624e-01, +1.1461e-02, -5.7968e-02
-4.7092e-03, -2.1616e-02, -2.8800e-02, -8.0806e-02, -7.8097e-02, +1.2128e-01, -6.2474e-03, +5.0681e-02, -5.2740e-03, +1.1452e-01, +2.2326e-02, +3.0140e-02, -3.6452e-02, -2.8152e-03, -1.2035e-02, -9.3468e-02, +2.7913e-02, +1.0168e-01, +1.4798e-02, +5.6632e-02, -1.0125e-02, -5.6718e-02, -4.3653e-02, -2.4507e-01, -1.4828e-01, +1.2291e-02, +4.7343e-02, -5.6267e-02, -1.4087e-02, +6.9760e-02, +2.1961e-01, +1.2287e-01, +3.5628e-02, +3.1404e-02, -1.0000e+00, -9.7464e-03, -1.2583e-01, -2.8362e-03, -9.2256e-02, -1.5900e-02, +1.0524e-01, -1.4931e-01, -6.3920e-03, -3.1543e-03, -3.2341e-02, +2.3669e-02, -6.9160e-02, -6.2232e-02, -6.3101e-02, -8.2094e-02
-9.3260e-03, -2.6687e-02, -4.6759e-02, -1.1217e-01, -7.8320e-02, -1.6755e-02, -7.9157e-02, -8.8301e-03, -2.4183e-02, -3.8491e-02, +2.6796e-02, -2.9945e-02, -4.6634e-02, -9.0621e-02, +1.0583e-01, +5.2992e-02, +3.9424e-01, -1.4956e-01, -6.8895e-02, +7.0038e-02, +1.1343e-01, -1.0909e-02, +1.2303e-01, -2.8467e-02, -8.7307e-02, +1.1662e-02, -8.0647e-02, -5.6032e-02, -1.4169e-01, -8.7826e-02, -2.1840e-01, +7.1093e-02, +1.1345e-02, +2.9153e-02, -9.7464e-03, -1.0000e+00, -5.8250e-03, -4.8576e-03, +2.3525e-02, +1.3144e-01, -5.2517e-02, +4.6670e-02, +6.8814e-02, +5.1178e-02, -7.6999e-02, -8.0633e-02, +6.1892e-03, +1.2424e-01, +3.2998e-02, -1.1049e-01
-5.5471e-02, +1.6651e-01, -3.1323e-01, +3.0887e-02, -4.6779e-01, -1.3432e-01, +2.6329e-01, +1.3780e-02, +3.0490e-01, -8.0229e-02, -2.7452e-02, +1.3924e-01, -1.5115e-01, -3.1061e-01, -5.8845e-02, -4.4095e-02, +1.2306e-01, -3.2521e-02, -6.1179e-02, +3.9413e-01, +9.1891e-02, +4.6086e-02, +1.2794e-01, -1.6070e-01, -1.0192e-01, -2.1208e-01, -2.7876e-01, -6.3028e-02, +2.9570e-02, +1.9035e-01, +6.8145e-02, +2.5752e-02, -3.2953e-02, +1.6622e-01, -1.2583e-01, -5.8250e-03, -1.0000e+00, -1.1207e-01, -1.8181e-01, -1.2442e-01, +7.8253e-02, -1.8038e-01, -5.9455e-02, +1.2668e-02, -3.2978e-01, +1.8994e-01, -4.4456e-02, +4.4191e-01, -1.2658e-02, -1.8132e-01
+3.9515e-02, -6.8617e-02, +3.6744e-02, -5.3554e-03, +9.9938e-03, -7.2658e-02, +3.7522e-02, +3.5911e-02, +9.1423e-02, +1.6626e-02, -8.5344e-03, -7.8197e-03, -9.4756e-03, -1.1017e-01, +4.4556e-02, +6.4245e-03, +1.6082e-02, -1.9937e-02, +1.3069e-02, -7.5333e-02, +1.5372e-02, +9.8026e-03, +2.7888e-02, +3.4791e-02, -5.7278e-02, -9.5374e-02, -3.9370e-02, +2.5095e-02, -1.3484e-03, +8.4903e-02, +3.0307e-03, +7.9002e-02, +1.0338e-02, -2.8773e-02, -2.8362e-03, -4.8576e-03, -1.1207e-01, -1.0000e+00, +6.3024e-02, -4.2247e-02, -8.3491e-03, +2.7199e-02, +1.5887e-02, +1.7762e-02, -9.1723e-02, +5.5158e-02, -3.3677e-02, +2.4880e-02, -4.0570e-02, +2.7308e-03
+4.2094e-02, +4.8009e-02, +2.6199e-02, +5.9787e-02, -8.0491e-02, +5.0598e-02, -8.6089e-02, +2.1317e-03, +6.7633e-02, +5.6904e-02, -2.9678e-02, -6.7534e-03, -4.9654e-02, -6.5844e-02, -1.1815e-02, +1.3111e-02, +4.8669e-02, -6.3573e-02, -1.5050e-01, +1.2964e-01, +1.8285e-03, -1.9228e-02, +2.1902e-02, -3.3002e-02, +8.9950e-03, -2.8306e-03, +5.9950e-02, -8.8880e-02, -9.6898e-03, +1.4852e-01, -3.1417e-02, +1.2169e-01, +5.0753e-02, +2.4551e-04, -9.2256e-02, +2.3525e-02, -1.8181e-01, +6.3024e-02, -1.0000e+00, -3.8497e-04, -4.7316e-02, +5.1787e-04, -3.2769e-02, +3.7714e-02, -7.2665e-02, -8.8865e-02, -1.7348e-02, +1.2506e-01, +2.9074e-03, -1.1998e-01
+1.6884e-02, +1.2039e-01, -1.9296e-02, -1.1293e-02, -4.2909e-02, -1.0570e-01, +8.3115e-02, +1.5213e-01, +5.9359e-02, +2.2588e-01, -6.0307e-02, +5.2653e-02, +4.6541e-02, +4.2150e-02, +9.8750e-02, +8.4066e-03, +5.3112e-03, +8.4049e-02, +6.9368e-02, +1.2833e-01, -5.7005e-04, +1.7166e-02, +2.2766e-02, -7.8340e-02, -5.4452e-02, +4.2698e-02, -1.7829e-01, +5.3816e-02, +4.4348e-02, +1.1218e-01, +1.8017e-02, +2.8945e-01, -4.0325e-02, +3.1723e-02, -1.5900e-02, +1.3144e-01, -1.2442e-01, -4.2247e-02, -3.8498e-04, -1.0000e+00, +1.4680e-02, +1.4791e-01, -1.5584e-02, -1.6848e-01, +1.1915e-01, -7.6123e-02, -1.2064e-01, -1.9362e-01, +5.0825e-02, +1.4824e-01
+9.9998e-02, -1.5895e-02, +5.1887e-02, +6.9075e-02, +1.1049e-01, +5.2778e-03, -1.4306e-01, -4.2622e-02, +1.7838e-02, +7.3987e-02, -3.5287e-02, -1.0261e-01, +4.6543e-02, -3.3129e-02, +4.1586e-02, +9.2163e-02, +4.8214e-02, -6.2755e-02, -7.5792e-02, -5.9148e-02, +4.0701e-02, -1.6084e-02, -4.3682e-02, +5.5410e-03, -4.1379e-02, -3.7071e-03, +1.1901e-02, -3.3972e-03, +8.0457e-02, +6.4389e-02, -2.6816e-01, +5.6091e-02, -5.3487e-02, +9.4177e-03, +1.0524e-01, -5.2517e-02, +7.8253e-02, -8.3491e-03, -4.7316e-02, +1.4680e-02, -1.0000e+00, +7.9105e-03, +3.8461e-02, -4.9590e-02, -1.0535e-01, -1.0621e-01, +4.0996e-02, -3.8105e-02, +6.2007e-02, -2.8832e-02
+6.4039e-02, -4.3766e-03, -1.1641e-01, -6.3892e-03, -1.0970e-01, +2.8511e-02, +7.2494e-02, +1.5857e-03, +1.7575e-02, +9.7424e-02, +5.8560e-02, +4.7524e-02, -3.1476e-02, +1.5490e-02, -3.9144e-02, -3.1205e-02, -1.1644e-01, -4.0693e-02, -4.4036e-02, +1.0064e-01, +1.5992e-02, -1.2412e-01, -5.9322e-02, -4.8283e-02, +1.3180e-02, -4.1268e-03, +2.1572e-02, -5.4405e-02, +2.8633e-02, +3.6479e-02, +7.1769e-02, -1.4043e-01, +8.3695e-02, -1.2383e-01, -1.4931e-01, +4.6670e-02, -1.8038e-01, +2.7199e-02, +5.1787e-04, +1.4791e-01, +7.9105e-03, -1.0000e+00, +1.5313e-03, +2.2000e-02, +2.3551e-02, +1.0062e-01, +6.9520e-02, +1.2323e-01, -1.9898e-02, -1.6536e-01
-5.7981e-02, +5.9031e-02, -4.9644e-03, +2.1779e-02, -2.0088e-02, +1.5854e-02, -4.5243e-02, +2.4377e-02, +1.0409e-02, -8.0725e-02, +1.4241e-02, -3.5130e-03, +2.2145e-02, +4.6216e-03, -8.1989e-02, +1.2873e-02, -5.7999e-02, -4.3628e-03, -3.3623e-03, -2.5246e-03, -3.9660e-02, -1.2784e-02, +1.5523e-02, +6.5752e-02, -6.5172e-02, -6.5176e-02, -1.8153e-02, +6.1577e-02, +2.1611e-02, +8.1704e-02, -5.5772e-03, -7.2627e-03, +4.2447e-02, -5.5979e-02, -6.3920e-03, +6.8814e-02, -5.9455e-02, +1.5887e-02, -3.2769e-02, -1.5584e-02, +3.8461e-02, +1.5313e-03, -1.0000e+00, +2.9612e-02, +1.4818e-01, +5.1029e-03, +1.7276e-02, +1.1456e-01, -1.0595e-02, -6.2809e-02
-2.5256e-02, -4.4978e-02, +2.7634e-02, +6.3076e-04, +7.3405e-02, -1.1714e-02, -1.1155e-02, +2.9687e-02, +1.1112e-02, -5.7231e-02, +4.3804e-02, +3.1288e-02, +5.7051e-02, +7.2351e-02, +1.9975e-02, -1.0884e-01, -4.4429e-02, +7.2812e-02, -4.5184e-02, -2.2807e-03, -1.7244e-01, -5.9483e-02, -1.2217e-01, +3.1727e-02, -2.9159e-02, +4.8893e-02, +3.1841e-02, -8.6526e-02, +3.4676e-02, -6.5523e-02, +1.1480e-02, +1.6607e-01, +1.5049e-01, -2.6895e-02, -3.1543e-03, +5.1178e-02, +1.2668e-02, +1.7762e-02, +3.7714e-02, -1.6848e-01, -4.9590e-02, +2.2000e-02, +2.9612e-02, -1.0000e+00, -5.8415e-02, -5.8953e-02, -3.1492e-02, -1.8570e-01, +6.2980e-02, +1.7230e-01
+1.5705e-02, +4.9699e-02, -7.7214e-02, -2.8969e-02, -1.0980e-01, +4.1253e-02, +7.2222e-02, +1.0569e-02, +1.4360e-01, -8.0104e-02, -7.4213e-02, +2.6378e-02, +2.5940e-02, -1.9343e-01, -4.7667e-02, -3.8655e-02, +2.3742e-01, -5.6811e-02, -1.1072e-01, +4.3534e-02, +3.8802e-02, -1.0689e-01, +1.1812e-01, -6.8214e-02, -3.2178e-02, -6.4825e-02, -8.7124e-02, -8.3686e-03, -3.4340e-02, +3.5458e-02, +1.3577e-02, +7.0106e-02, -5.7077e-02, +3.1506e-01, -3.2341e-02, -7.6999e-02, -3.2978e-01, -9.1723e-02, -7.2665e-02, +1.1915e-01, -1.0535e-01, +2.3551e-02, +1.4818e-01, -5.8415e-02, -1.0000e+00, +2.5260e-02, -7.0812e-02, +1.6489e-01, +5.1643e-02, +5.0853e-02
+6.7526e-02, -2.6143e-02, +1.0068e-01, +1.3112e-02, +8.6158e-02, +6.6681e-02, -9.9818e-02, +2.5550e-02, -7.2574e-02, +4.9186e-02, -2.8374e-03, -1.9517e-02, +8.9852e-02, -2.0232e-02, +5.9778e-02, +4.4554e-02, +1.2915e-01, +6.8911e-02, -1.6700e-02, +4.9155e-02, -4.8489e-02, +7.0382e-02, +7.9546e-02, -4.7029e-03, -2.6043e-02, +9.9822e-02, +1.3719e-02, +5.8806e-02, +3.1318e-02, +6.2313e-02, -9.3867e-02, +6.8002e-03, +3.3895e-02, -3.3779e-02, +2.3669e-02, -8.0633e-02, +1.8994e-01, +5.5158e-02, -8.8865e-02, -7.6123e-02, -1.0621e-01, +1.0062e-01, +5.1029e-03, -5.8953e-02, +2.5260e-02, -1.0000e+00, +7.8967e-02, -5.1002e-02, +6.2490e-03, +1.0588e-03
-8.4214e-02, -2.1284e-02, -7.7088e-02, -9.5885e-02, +8.2514e-03, -6.6622e-02, +1.9592e-02, -3.2128e-02, +6.2443e-02, +1.0770e-01, -5.0605e-02, -6.9189e-02, -1.9002e-02, +1.3588e-02, +3.8841e-02, +5.3325e-02, +7.7915e-02, +3.4651e-02, +2.3953e-03, +9.7943e-03, -4.4099e-02, -3.3434e-02, +4.3508e-02, -1.0372e-01, -1.0841e-01, -1.3418e-01, -4.5202e-02, -8.9962e-02, +1.2150e-03, -4.2808e-02, -3.7022e-02, +1.8646e-01, +2.9941e-02, -3.3358e-02, -6.9160e-02, +6.1892e-03, -4.4456e-02, -3.3677e-02, -1.7348e-02, -1.2064e-01, +4.0996e-02, +6.9520e-02, +1.7276e-02, -3.1492e-02, -7.0812e-02, +7.8967e-02, -1.0000e+00, -7.4614e-02, -2.2651e-02, +1.1255e-02
-3.6997e-03, -4.2787e-02, -8.0137e-02, -4.3352e-02, +1.8417e-01, +6.9813e-02, -3.7834e-03, +3.6230e-02, -1.6876e-01, +2.4577e-01, -7.2204e-02, -1.9142e-01, +1.1646e-01, +1.1517e-01, +1.0464e-01, -9.5290e-02, -2.8018e-01, +1.8237e-01, +4.0820e-02, -2.2658e-01, -2.3929e-01, -1.9288e-03, -2.4677e-01, -2.4753e-01, -1.7331e-01, +1.0180e-01, +9.3618e-02, +9.4722e-02, +8.3942e-02, -2.1183e-01, +8.5601e-02, +3.7400e-01, -9.4872e-02, -1.6624e-01, -6.2232e-02, +1.2424e-01, +4.4191e-01, +2.4880e-02, +1.2506e-01, -1.9362e-01, -3.8105e-02, +1.2323e-01, +1.1456e-01, -1.8570e-01, +1.6489e-01, -5.1002e-02, -7.4614e-02, -1.0000e+00, +5.5386e-02, +2.6650e-01
+2.2761e-03, -2.7284e-02, +2.6959e-02, +4.7375e-02, +7.1382e-03, +2.4169e-03, +8.1132e-02, +2.5397e-02, +8.4046e-03, +1.1433e-01, +7.2897e-03, -4.7185e-02, -3.3757e-02, -4.9637e-02, +7.5037e-02, +2.4801e-02, +3.2929e-02, +2.2055e-02, -5.9503e-02, +3.4273e-02, -6.9705e-02, +1.7882e-02, +2.8170e-03, +7.5899e-03, +1.3019e-02, -6.7847e-02, +5.3548e-02, -7.9025e-02, -7.5341e-02, -8.6266e-02, +5.9382e-02, -1.9999e-02, +1.1293e-01, +1.1461e-02, -6.3101e-02, +3.2998e-02, -1.2658e-02, -4.0570e-02, +2.9074e-03, +5.0825e-02, +6.2007e-02, -1.9898e-02, -1.0595e-02, +6.2980e-02, +5.1643e-02, +6.2490e-03, -2.2651e-02, +5.5386e-02, -1.0000e+00, -1.8033e-01
-2.4705e-03, -3.2425e-02, -7.6021e-03, +8.2802e-02, -5.1290e-03, -3.9665e-02, -4.1441e-02, -5.8592e-02, -7.3403e-03, +5.3976e-01, +1.0468e-01, -4.9800e-02, -5.4935e-02, -1.6233e-01, +7.5991e-02, +1.0995e-01, +1.1583e-02, +2.0878e-02, -1.3891e-02, +2.1472e-02, +7.5799e-02, +1.1685e-01, +1.3244e-02, -2.6433e-02, +7.9225e-03, -2.7206e-02, +3.7684e-02, -4.2348e-02, +1.2847e-02, +6.1758e-02, +3.0512e-02, +6.6574e-02, +1.0124e-01, -5.7968e-02, -8.2094e-02, -1.1049e-01, -1.8132e-01, +2.7308e-03, -1.1998e-01, +1.4824e-01, -2.8832e-02, -1.6536e-01, -6.2809e-02, +1.7230e-01, +5.0853e-02, +1.0588e-03, +1.1255e-02, +2.6650e-01, -1.8033e-01, -1.0000e+00
