-1.0000e+00, -1.4577e-02, -1.0699e-01, +2.7438e-02, -1.0855e-02, +7.6157e-02, -2.3302e-02, -2.1597e-02, -1.4378e-02, +1.8777e-02, +8.8445e-05, -2.8066e-02, +2.8243e-02, -1.4727e-01, -7.4582e-02, +3.8805e-02, +9.9033e-03, -3.9170e-02, +3.3990e-02, +2.2573e-03, +1.0195e-01, +1.3907e-01, +2.3378e-02, +6.0070e-02, -2.2664e-02, -3.6251e-02, +2.6181e-03, -2.3807e-02, +4.3681e-02, +5.7174e-03, +5.7992e-02, -3.7282e-02, +4.3875e-02, +3.9163e-02, -3.9532e-03, -1.8427e-01, +9.1976e-02, -8.3791e-02, +5.4039e-02, +8.0160e-03, +5.0104e-02, -3.3388e-02, +3.2069e-02, +1.5843e-01, -1.9312e-01, +1.6851e-03, +9.5009e-02, +2.1709e-01, -6.9665e-02, -8.6665e-02
-1.4577e-02, -1.0000e+00, +6.3559e-02, -1.7196e-01, -5.0352e-02, -1.1188e-01, -7.7919e-02, -1.6107e-02, -1.6191e-02, +4.0992e-02, -4.9493e-03, -1.3230e-01, -1.2483e-01, -1.3764e-01, -1.1644e-01, +1.7323e-01, -1.0754e-02, -9.7848e-02, -1.2616e-01, +5.4809e-02, +3.9819e-02, -4.4480e-02, +1.7574e-02, +5.8167e-02, +8.2744e-02, +2.9508e-03, -4.6803e-02, -8.7628e-02, -1.2059e-01, -3.6391e-02, -1.6027e-02, +2.7653e-03, +1.8709e-01, -6.4820e-02, +6.9494e-03, -1.0496e-01, +3.3028e-01, +2.6560e-02, -4.4453e-02, +1.4665e-01, +5.5578e-03, -5.5734e-02, +5.3152e-02, -3.4788e-02, -1.3142e-01, -1.1263e-01, +7.1362e-03, +7.8625e-03, +8.8117e-02, +5.5131e-02
-1.0699e-01, +6.3559e-02, -1.0000e+00, +1.9958e-02, -3.8115e-02, +1.0488e-01, -1.8823e-02, -6.2099e-02, -2.3798e-02, +1.2351e-01, +1.6104e-02, -2.6776e-02, +1.4024e-02, +8.0658e-02, -9.5777e-02, -1.2101e-01, -1.2264e-01, -2.6672e-02, +6.4124e-03, +5.8448e-02, -1.1029e-01, +2.1918e-03, +4.6419e-03, +1.1100e-01, +6.7933e-02, -3.5580e-02, +9.8308e-02, -3.0876e-02, -4.4265e-02, -1.9629e-02, +1.2293e-01, -1.7576e-03, -1.4301e-02, +5.3696e-02, +1.1575e-01, -6.2905e-02, -1.2798e-02, +7.6343e-02, +1.9266e-02, -4.5909e-02, +4.1007e-03, +2.6431e-01, -7.8961e-04, -5.4388e-02, -1.5257e-01, -3.1180e-02, -8.6406e-03, +2.5890e-01, -1.0272e-01, -5.4852e-02
+2.7438e-02, -1.7196e-01, +1.9958e-02, -1.0000e+00, -7.2127e-02, -1.5565e-01, -5.6654e-02, -1.3705e-01, -7.5320e-02, +6.8012e-02, -7.5610e-02, -2.1924e-02, -1.6408e-02, +6.6984e-03, -1.1488e-01, +5.6253e-02, +1.5463e-02, -7.1822e-02, -5.1446e-02, +6.9116e-02, -6.5749e-02, -1.0055e-01, +3.2729e-02, -3.5019e-02, -4.4655e-02, -6.0789e-02, +6.2120e-03, -1.3201e-01, -1.2880e-01, -4.0028e-02, -8.4500e-02, -1.8164e-02, -5.5193e-02, -1.0843e-02, +8.0929e-02, -1.2127e-01, +2.5648e-01, -7.7030e-02, -9.3383e-02, +2.3031e-02, -9.6304e-02, +1.3674e-01, +2.8859e-02, -1.1252e-01, -1.0922e-01, -5.5795e-02, -1.5442e-01, +3.3776e-03, +7.1760e-02, -5.2364e-03
-1.0855e-02, -5.0352e-02, -3.8115e-02, -7.2127e-02, -1.0000e+00, -6.5621e-02, -6.8675e-02, +1.1995e-01, +4.4788e-03, +4.3003e-02, -5.6174e-02, +6.2924e-02, +4.4805e-02, -1.6879e-02, -1.1378e-01, +1.0020e-02, +8.0109e-02, +1.1397e-02, -9.2743e-02, -7.8819e-02, -3.6213e-03, -9.1913e-02, +5.8862e-02, -5.5973e-02, -7.6420e-02, +5.6476e-02, -2.7993e-02, +3.0208e-02, -1.3933e-01, -1.0675e-01, -6.6491e-02, -4.6777e-02, +2.2668e-02, +1.8413e-02, +1.7800e-02, -1.2972e-01, -2.7595e-02, +2.8703e-02, +3.3001e-02, +2.0366e-02, +5.3298e-02, +4.3624e-02, +5.9867e-03, +9.7325e-02, -5.3106e-02, +2.4266e-02, -7.0319e-02, +1.5814e-01, -2.6526e-02, +3.1152e-02
+7.6157e-02, -1.1188e-01, +1.0488e-01, -1.5565e-01, -6.5621e-02, -1.0000e+00, -1.7129e-03, +3.6419e-02, -3.4444e-02, +4.7492e-02, -2.7894e-01, +5.5951e-02, -1.7868e-02, -1.1391e-01, -1.4687e-01, +1.7886e-01, +1.0433e-01, -1.4005e-01, -1.7941e-01, -7.6759e-02, +5.8211e-02, -9.1551e-02, +8.0837e-02, -3.2088e-02, -3.0316e-03, -9.4084e-02, -1.5462e-01, -1.5733e-01, -1.5765e-01, -3.9391e-02, -1.2469e-01, +5.1149e-04, -6.5998e-03, -1.1080e-02, +7.7916e-02, -1.6215e-01, +3.4271e-01, -1.1938e-01, -6.2776e-02, -2.1625e-02, -1.2525e-01, -2.1939e-01, +1.1641e-01, -2.2607e-02, -7.6393e-02, -1.0768e-01, -2.2795e-01, -6.7866e-02, +2.2887e-02, +6.2193e-03
-2.3302e-02, -7.7919e-02, -1.8823e-02, -5.6654e-02, -6.8675e-02, -1.7128e-03, -1.0000e+00, -7.6144e-02, +1.4741e-02, +8.4912e-02, -4.1957e-02, -7.2608e-02, -5.8670e-02, +1.8803e-02, +2.4827e-02, +1.6235e-01, +2.4613e-01, -6.5636e-02, -4.2341e-02, -2.5462e-01, +2.3146e-01, -1.0754e-01, +1.5005e-01, -4.8194e-03, -3.9893e-02, -1.2350e-03, -7.8344e-02, -6.4761e-03, -9.7892e-02, +4.0262e-02, -4.8506e-02, -6.8679e-03, -1.8669e-02, -1.5126e-01, +8.4543e-03, -1.9341e-01, +2.8877e-02, -4.6070e-02, +1.8734e-02, +8.2274e-02, +2.4403e-02, +1.0813e-01, -9.6911e-03, -4.6369e-02, -1.0945e-01, +1.5434e-02, +8.2294e-02, +1.7964e-02, +1.9062e-02, -3.7074e-03
-2.1597e-02, -1.6107e-02, -6.2099e-02, -1.3705e-01, +1.1995e-01, +3.6419e-02, -7.6144e-02, -1.0000e+00, +2.0480e-02, +6.4486e-02, +1.9846e-02, -5.1217e-02, -1.3212e-02, +7.3661e-03, +7.4247e-02, +4.6565e-02, +1.0171e-01, -2.7018e-02, +2.3231e-02, -1.3186e-01, +2.8755e-02, -1.0911e-01, +9.3114e-02, +3.9360e-02, +4.7058e-03, +5.5523e-02, +1.1170e-01, -1.4878e-01, -5.4598e-03, -3.3173e-03, -1.7500e-02, +4.2572e-02, +1.8936e-02, +6.3151e-02, +1.4001e-01, -9.6030e-02, -3.4288e-02, -4.1698e-02, -2.4478e-02, +2.9033e-02, +6.8973e-03, +5.7045e-02, -3.0423e-02, -1.0075e-01, -1.6288e-02, +1.4996e-01, +1.2175e-01, -2.4925e-02, +7.1956e-02, -2.2246e-02
-1.4378e-02, -1.6191e-02, -2.3798e-02, -7.5320e-02, +4.4788e-03, -3.4444e-02, +1.4741e-02, +2.0480e-02, -1.0000e+00, +1.2575e-02, +2.2147e-02, +7.4594e-03, -5.0001e-03, -4.5570e-02, -7.2624e-02, -6.4726e-02, -2.1343e-02, -8.9986e-03, +1.1216e-02, +3.6062e-02, -1.0715e-01, +1.1849e-02, -1.8370e-02, +6.1314e-02, +3.8483e-03, -4.7125e-02, +2.0086e-02, -4.9492e-02, -3.6400e-02, -2.3351e-02, -2.1849e-02, -2.2810e-02, -8.6725e-02, -7.2668e-02, +6.7631e-02, +6.4612e-02, +1.0363e-01, -2.1194e-02, +3.2678e-02, -1.8669e-02, -3.1383e-02, +8.7094e-03, +1.3538e-02, +6.9247e-03, -4.0086e-02, +5.9513e-03, -1.1931e-02, +5.9326e-02, -1.5257e-02, -1.2710e-02
+1.8777e-02, +4.0992e-02, +1.2351e-01, +6.8012e-02, +4.3003e-02, +4.7492e-02, +8.4912e-02, +6.4486e-02, +1.2575e-02, -1.0000e+00, -9.5232e-02, +4.9460e-02, +4.8827e-02, -1.2135e-01, +9.6748e-02, -1.8800e-02, +7.1713e-02, +3.7642e-02, +8.4014e-03, -1.2491e-01, +5.6047e-03, +1.6339e-02, +1.1009e-01, -1.3911e-01, +2.1223e-02, +7.9880e-02, -2.4878e-02, +4.5611e-02, +6.1605e-02, +2.5160e-02, -3.3453e-02, -1.0753e-02, +8.6309e-03, -1.0521e-02, +1.0768e-02, -4.0662e-03, -1.1234e-02, +2.9565e-02, +4.4794e-02, +1.2178e-02, +7.1744e-02, +5.1214e-02, +3.9559e-03, -4.3235e-02, +5.2568e-02, +4.4418e-02, +1.6819e-01, -2.5938e-02, -3.4507e-03, +1.1108e-02
+8.8443e-05, -4.9493e-03, +1.6104e-02, -7.5610e-02, -5.6174e-02, -2.7894e-01, -4.1957e-02, +1.9846e-02, +2.2147e-02, -9.5232e-02, -1.0000e+00, -2.2233e-02, -1.0711e-01, -2.3860e-01, -1.5465e-02, +1.5612e-01, +1.2754e-01, -1.3363e-01, -1.2573e-01, -1.6126e-01, +1.1614e-01, +1.7435e-02, +1.9356e-01, +6.8781e-02, -2.2852e-02, -8.1908e-02, -1.3685e-01, -1.3067e-01, -1.3858e-01, -2.3106e-05, -3.2375e-02, +1.0825e-02, -2.1388e-02, +3.5148e-02, -1.6734e-02, -1.0461e-01, +1.9800e-01, -1.1801e-01, -1.0063e-01, -7.7783e-02, -4.1310e-02, -2.9617e-01, +8.9966e-02, +1.5396e-01, -1.6503e-01, -5.4851e-02, -1.7015e-01, +1.1754e-01, -5.0457e-02, -4.0818e-02
-2.8066e-02, -1.3230e-01, -2.6776e-02, -2.1924e-02, +6.2924e-02, +5.5951e-02, -7.2608e-02, -5.1217e-02, +7.4594e-03, +4.9460e-02, -2.2233e-02, -1.0000e+00, +7.8675e-03, +3.0627e-02, +3.7100e-02, +3.5239e-02, +6.4643e-02, -1.7128e-02, -2.9301e-02, -7.2712e-02, +3.4190e-02, +8.9130e-02, +5.6530e-02, -2.3347e-02, -4.8758e-02, -1.7260e-03, -1.4080e-03, -4.6034e-02, +2.4784e-02, -2.7459e-02, +3.1902e-02, +1.6053e-02, +1.8547e-02, +4.2217e-02, -1.0069e-02, -6.1450e-02, -2.9815e-02, -2.8325e-02, +1.0503e-03, -6.0107e-02, +3.3886e-02, +5.9484e-02, -1.7916e-02, -4.4209e-02, -3.4743e-02, -2.1150e-02, +3.1419e-02, +1.7460e-02, +5.7141e-02, +2.0012e-03
+2.8243e-02, -1.2483e-01, +1.4024e-02, -1.6408e-02, +4.4805e-02, -1.7868e-02, -5.8670e-02, -1.3212e-02, -5.0001e-03, +4.8827e-02, -1.0711e-01, +7.8675e-03, -1.0000e+00, -9.6520e-02, +3.5111e-02, +8.1318e-02, +9.8949e-02, -5.4904e-02, +3.8831e-02, -2.7419e-02, +8.3284e-02, +6.7682e-03, +1.0661e-01, +2.2784e-02, +3.4324e-02, -9.4940e-02, +1.7832e-02, -1.1373e-02, -4.6759e-02, -9.1629e-03, +1.0482e-01, -4.7093e-02, -2.5130e-02, -4.3321e-02, -1.1276e-02, +2.5102e-02, +1.4742e-01, +8.7249e-02, -6.2798e-02, +2.1548e-02, +8.1619e-02, -6.3545e-02, +3.1557e-02, -3.7720e-02, -5.0547e-02, +5.0497e-02, +3.7817e-02, -3.8709e-02, -7.9810e-02, -5.3325e-02
-1.4727e-01, -1.3764e-01, +8.0658e-02, +6.6984e-03, -1.6879e-02, -1.1391e-01, +1.8803e-02, +7.3661e-03, -4.5570e-02, -1.2135e-01, -2.3860e-01, +3.0627e-02, -9.6520e-02, -1.0000e+00, -9.9114e-03, +1.6117e-01, +3.1466e-01, -1.2474e-02, -5.6514e-02, -2.7915e-01, +9.4517e-02, +1.5637e-01, +1.4580e-02, -6.1822e-03, -2.6518e-02, +1.2147e-01, -8.2090e-02, -2.0409e-01, -1.0198e-01, +2.5055e-02, -1.2901e-01, -3.9482e-02, -5.6160e-02, -2.0174e-02, +3.4052e-02, +2.7519e-01, +1.0668e-01, -1.2626e-01, -1.0599e-02, +2.8528e-02, +4.7824e-03, -4.6677e-01, +5.3748e-02, +3.6254e-01, -3.5027e-01, +2.0717e-02, -1.8786e-01, +5.3300e-01, -2.0232e-02, -4.2079e-02
-7.4582e-02, -1.1644e-01, -9.5777e-02, -1.1488e-01, -1.1378e-01, -1.4687e-01, +2.4827e-02, +7.4247e-02, -7.2624e-02, +9.6748e-02, -1.5465e-02, +3.7100e-02, +3.5111e-02, -9.9114e-03, -1.0000e+00, -3.8725e-02, -1.4588e-01, -6.0563e-02, -5.6994e-02, +1.5217e-01, -1.3015e-01, -7.6380e-03, -1.6357e-01, +1.2421e-02, -3.8506e-02, +5.2938e-03, -2.3865e-02, -7.5729e-02, -8.6551e-02, -3.8874e-02, -6.9338e-02, -9.0212e-02, -3.0044e-02, -1.9665e-01, +3.5361e-03, -1.2146e-01, +3.5745e-01, -9.3845e-03, -6.3544e-02, -2.7898e-02, -5.0126e-02, +1.1796e-01, -5.6555e-02, +3.7840e-02, -2.0323e-01, -8.8473e-02, -1.5510e-01, +2.5143e-01, -5.5687e-03, +3.6510e-03
+3.8805e-02, +1.7323e-01, -1.2101e-01, +5.6253e-02, +1.0020e-02, +1.7886e-01, +1.6235e-01, +4.6565e-02, -6.4726e-02, -1.8800e-02, +1.5612e-01, +3.5239e-02, +8.1318e-02, +1.6117e-01, -3.8725e-02, -1.0000e+00, -1.4997e-01, +2.5491e-02, +2.4039e-02, +1.4507e-01, -5.6494e-02, +1.0694e-01, -9.5890e-02, +5.7952e-02, -1.6609e-02, -8.6655e-02, +6.9137e-02, +6.7927e-02, +4.4662e-02, +2.5987e-02, +2.4142e-02, -1.7802e-02, -1.2802e-01, +2.3794e-02, -7.6907e-02, +2.8249e-01, -1.7974e-01, +6.0160e-02, +5.9410e-02, -1.7552e-02, +6.7244e-02, +2.8131e-01, -6.5370e-02, +3.3703e-02, +1.5146e-01, +6.6996e-02, -1.4854e-01, +1.9752e-01, +3.8930e-02, -5.4311e-03
+9.9033e-03, -1.0754e-02, -1.2264e-01, +1.5463e-02, +8.0109e-02, +1.0433e-01, +2.4613e-01, +1.0171e-01, -2.1343e-02, +7.1713e-02, +1.2754e-01, +6.4643e-02, +9.8949e-02, +3.1466e-01, -1.4588e-01, -1.4997e-01, -1.0000e+00, -8.9892e-03, +4.4497e-02, +6.3330e-01, -3.7204e-01, +8.7021e-02, +1.6297e-01, +1.8576e-01, +2.5461e-02, -1.5822e-02, +6.6696e-02, +6.7164e-02, +8.0799e-02, -7.1119e-03, +8.3763e-02, -2.1220e-02, +2.2838e-02, +2.1361e-03, -2.7700e-02, +6.8959e-03, +5.8436e-02, -2.2996e-02, +5.4150e-02, -1.5971e-02, -2.2239e-02, -1.0979e-01, -1.6225e-02, +5.8447e-02, +2.1067e-01, +5.4922e-02, +1.5493e-02, -5.7356e-02, -6.9955e-02, +1.6180e-02
-3.9170e-02, -9.7848e-02, -2.6672e-02, -7.1822e-02, +1.1397e-02, -1.4005e-01, -6.5636e-02, -2.7018e-02, -8.9986e-03, +3.7642e-02, -1.3363e-01, -1.7128e-02, -5.4904e-02, -1.2474e-02, -6.0563e-02, +2.5491e-02, -8.9892e-03, -1.0000e+00, -1.0226e-01, -2.4613e-02, -1.9116e-02, +3.5035e-02, +6.2982e-02, +5.4038e-03, +7.0611e-02, -1.3581e-01, -6.1268e-03, -1.0681e-01, -7.9402e-02, -6.5437e-02, -2.6879e-02, +1.3945e-02, -3.1708e-02, -3.4646e-02, +6.0819e-02, +3.4281e-03, +2.4992e-01, -6.3606e-02, -2.3917e-02, -1.7498e-02, -5.5726e-02, +2.3594e-02, -3.7623e-03, -3.1426e-02, -1.2719e-01, -2.7517e-02, -1.1744e-01, +2.4210e-02, +8.7070e-02, -9.8889e-03
+3.3990e-02, -1.2616e-01, +6.4124e-03, -5.1446e-02, -9.2743e-02, -1.7941e-01, -4.2341e-02, +2.3231e-02, +1.1216e-02, +8.4014e-03, -1.2573e-01, -2.9301e-02, +3.8831e-02, -5.6514e-02, -5.6994e-02, +2.4039e-02, +4.4497e-02, -1.0226e-01, -1.0000e+00, -4.2833e-02, +6.5098e-02, +3.4045e-03, +1.8055e-02, +1.7491e-02, +4.9067e-02, -4.9199e-03, -1.0369e-01, -7.4757e-02, -1.0153e-01, -6.9623e-02, -7.0696e-02, +4.4079e-02, +4.5186e-02, -1.4881e-02, +3.5719e-02, +4.4045e-02, +1.6166e-01, -2.3294e-02, -6.4126e-02, -5.9847e-02, +3.6327e-02, -2.5865e-02, +2.6844e-02, -9.3780e-02, -1.0047e-01, -1.0641e-01, -1.4276e-01, +3.4949e-02, -6.3392e-03, -2.4054e-02
+2.2573e-03, +5.4809e-02, +5.8448e-02, +6.9116e-02, -7.8819e-02, -7.6759e-02, -2.5462e-01, -1.3186e-01, +3.6062e-02, -1.2491e-01, -1.6126e-01, -7.2712e-02, -2.7419e-02, -2.7915e-01, +1.5217e-01, +1.4507e-01, +6.3330e-01, -2.4613e-02, -4.2833e-02, -1.0000e+00, +4.3101e-01, -2.5533e-02, +4.7400e-01, -9.6263e-02, -3.2936e-02, +3.5591e-02, -7.5483e-02, -4.0590e-02, -1.0676e-01, +2.4085e-02, -1.2662e-01, +2.0993e-02, -5.6332e-02, -3.9566e-02, +6.1169e-02, +1.4906e-01, -1.5704e-01, +4.8255e-02, -3.5969e-02, -3.5432e-02, +1.6474e-02, +8.2719e-02, +1.4133e-02, +4.2090e-02, -3.0293e-01, -6.7198e-03, -1.3559e-02, +2.3176e-01, +1.5993e-01, -1.9453e-02
+1.0195e-01, +3.9819e-02, -1.1029e-01, -6.5749e-02, -3.6213e-03, +5.8211e-02, +2.3146e-01, +2.8755e-02, -1.0715e-01, +5.6047e-03, +1.1614e-01, +3.4190e-02, +8.3284e-02, +9.4517e-02, -1.3015e-01, -5.6494e-02, -3.7204e-01, -1.9116e-02, +6.5098e-02, +4.3101e-01, -1.0000e+00, +1.1558e-01, -2.5030e-01, +7.1931e-02, +8.7735e-02, +1.0295e-01, +1.4924e-01, -6.2400e-02, -3.2841e-02, -1.8236e-02, +3.5636e-02, +1.2262e-02, -1.0566e-01, +4.2058e-02, +8.0836e-02, +8.6588e-03, +1.2012e-01, -6.8627e-02, -5.0943e-02, -1.8661e-02, -9.6911e-02, +3.2559e-03, -3.3190e-03, +5.9051e-02, +3.5797e-02, +2.3510e-02, -1.0647e-01, +8.0710e-02, -1.2202e-03, +1.5408e-02
+1.3907e-01, -4.4480e-02, +2.1918e-03, -1.0055e-01, -9.1913e-02, -9.1551e-02, -1.0754e-01, -1.0911e-01, +1.1849e-02, +1.6339e-02, +1.7435e-02, +8.9130e-02, +6.7682e-03, +1.5637e-01, -7.6380e-03, +1.0694e-01, +8.7021e-02, +3.5035e-02, +3.4045e-03, -2.5533e-02, +1.1558e-01, -1.0000e+00, +1.9282e-02, -2.6361e-02, -1.8461e-02, +2.3738e-02, -3.5663e-02, -2.1510e-03, -7.4949e-02, -9.2246e-03, -1.2600e-02, -2.3235e-02, +5.2946e-02, -8.1340e-02, +6.8142e-02, -1.8596e-01, -3.9291e-02, +2.2287e-02, -7.5428e-02, +7.8356e-02, -4.7600e-02, +2.1383e-02, -1.5703e-02, +4.0536e-03, +1.5045e-01, +8.6023e-02, +7.1380e-02, -2.6226e-01, -2.4705e-02, +7.6283e-03
+2.3378e-02, +1.7574e-02, +4.6419e-03, +3.2729e-02, +5.8862e-02, +8.0837e-02, +1.5005e-01, +9.3114e-02, -1.8370e-02, +1.1009e-01, +1.9356e-01, +5.6530e-02, +1.0661e-01, +1.4580e-02, -1.6357e-01, -9.5890e-02, +1.6297e-01, +6.2982e-02, +1.8055e-02, +4.7400e-01, -2.5030e-01, +1.9282e-02, -1.0000e+00, -2.1861e-02, +2.6107e-02, -2.0932e-02, +2.3183e-02, +2.9371e-02, +8.1700e-02, +1.5783e-02, +6.0869e-02, -2.1031e-02, +1.4007e-02, -4.3982e-03, -2.2387e-02, -4.1110e-02, +4.0506e-02, -2.1874e-02, +4.2330e-02, -9.8028e-04, +1.2879e-03, -4.4309e-02, -3.0652e-02, -3.1662e-02, +1.7786e-01, -1.4232e-02, -7.1140e-02, -9.1341e-02, -6.3219e-02, +1.3438e-02
+6.0070e-02, +5.8167e-02, +1.1100e-01, -3.5019e-02, -5.5973e-02, -3.2088e-02, -4.8195e-03, +3.9360e-02, +6.1314e-02, -1.3911e-01, +6.8781e-02, -2.3347e-02, +2.2784e-02, -6.1822e-03, +1.2421e-02, +5.7952e-02, +1.8576e-01, +5.4038e-03, +1.7491e-02, -9.6263e-02, +7.1931e-02, -2.6361e-02, -2.1861e-02, -1.0000e+00, +5.2607e-02, -1.1005e-02, -4.7496e-02, +4.9274e-02, +9.3850e-02, -1.1998e-02, -5.0784e-02, +8.3305e-03, -3.3664e-02, +4.8155e-02, -9.7686e-03, -3.6432e-02, +9.0579e-03, -1.2845e-02, -1.0122e-01, +3.3054e-02, +1.4902e-02, +7.6669e-02, +7.1068e-02, -1.8191e-03, -4.8978e-03, -4.4726e-02, -1.6889e-01, -1.9887e-02, -3.8044e-03, +6.6638e-03
-2.2664e-02, +8.2744e-02, +6.7933e-02, -4.4655e-02, -7.6420e-02, -3.0316e-03, -3.9893e-02, +4.7058e-03, +3.8483e-03, +2.1223e-02, -2.2852e-02, -4.8757e-02, +3.4324e-02, -2.6518e-02, -3.8506e-02, -1.6609e-02, +2.5461e-02, +7.0611e-02, +4.9067e-02, -3.2936e-02, +8.7735e-02, -1.8461e-02, +2.6107e-02, +5.2607e-02, -1.0000e+00, -3.8113e-03, +4.2464e-03, -2.2738e-02, -4.8269e-02, +5.4358e-02, -3.4167e-02, -3.7599e-02, -6.3331e-02, -6.9638e-03, +5.5256e-02, -1.4319e-01, +1.4258e-02, -1.0850e-01, +1.2581e-03, -2.7919e-02, -4.3328e-02, -3.1055e-02, -3.3370e-02, +2.6011e-02, -4.5990e-02, +1.7487e-03, -5.6559e-02, +3.5252e-02, -8.5439e-02, -2.6189e-02
-3.6251e-02, +2.9508e-03, -3.5580e-02, -6.0789e-02, +5.6476e-02, -9.4084e-02, -1.2350e-03, +5.5523e-02, -4.7125e-02, +7.9880e-02, -8.1908e-02, -1.7260e-03, -9.4940e-02, +1.2147e-01, +5.2938e-03, -8.6655e-02, -1.5822e-02, -1.3581e-01, -4.9199e-03, +3.5591e-02, +1.0295e-01, +2.3738e-02, -2.0932e-02, -1.1005e-02, -3.8113e-03, -1.0000e+00, +3.1412e-02, +7.8304e-02, +1.0170e-01, +1.7839e-02, +1.2666e-02, +1.2196e-02, -8.9113e-02, -1.0690e-02, +8.5766e-02, -4.3155e-02, +4.3205e-02, +1.1289e-01, +3.0777e-02, -6.2356e-02, -8.7929e-02, -1.8617e-03, +2.3170e-03, -7.7890e-02, +8.9003e-02, +2.1053e-02, +1.3265e-02, -4.7586e-02, +1.3735e-02, +1.9567e-02
+2.6181e-03, -4.6803e-02, +9.8308e-02, +6.2120e-03, -2.7993e-02, -1.5462e-01, -7.8344e-02, +1.1170e-01, +2.0086e-02, -2.4878e-02, -1.3685e-01, -1.4080e-03, +1.7832e-02, -8.2090e-02, -2.3865e-02, +6.9137e-02, +6.6696e-02, -6.1268e-03, -1.0369e-01, -7.5483e-02, +1.4924e-01, -3.5663e-02, +2.3183e-02, -4.7496e-02, +4.2464e-03, +3.1412e-02, -1.0000e+00, -1.4130e-02, -1.6103e-01, -5.9133e-02, -7.1890e-02, +7.2049e-03, +7.0121e-02, +3.1434e-02, +1.1994e-02, -1.6534e-02, +3.3309e-02, -9.9545e-02, -1.0035e-01, -1.5937e-02, -2.3017e-02, -1.1063e-01, +5.5064e-02, +3.5465e-03, +2.7862e-02, -8.1780e-02, -1.5452e-01, -2.9970e-02, -7.1055e-02, +2.3129e-02
-2.3807e-02, -8.7628e-02, -3.0876e-02, -1.3201e-01, +3.0208e-02, -1.5733e-01, -6.4761e-03, -1.4878e-01, -4.9492e-02, +4.5611e-02, -1.3067e-01, -4.6034e-02, -1.1373e-02, -2.0409e-01, -7.5729e-02, +6.7927e-02, +6.7164e-02, -1.0681e-01, -7.4757e-02, -4.0590e-02, -6.2400e-02, -2.1510e-03, +2.9371e-02, +4.9274e-02, -2.2738e-02, +7.8304e-02, -1.4130e-02, -1.0000e+00, -1.0185e-01, -3.2840e-03, -4.4184e-03, +4.6817e-02, -2.2146e-02, -4.7913e-02, +7.3783e-02, +1.3486e-02, +2.9996e-01, -8.5379e-02, -1.3914e-01, +4.3410e-02, -7.7735e-02, -1.2701e-01, +4.7419e-02, +3.3681e-02, -2.5801e-01, -6.5213e-03, -1.0612e-01, +1.1032e-01, -1.1282e-02, -1.1677e-01
+4.3681e-02, -1.2059e-01, -4.4265e-02, -1.2880e-01, -1.3933e-01, -1.5765e-01, -9.7892e-02, -5.4598e-03, -3.6400e-02, +6.1605e-02, -1.3858e-01, +2.4784e-02, -4.6759e-02, -1.0198e-01, -8.6551e-02, +4.4662e-02, +8.0799e-02, -7.9402e-02, -1.0153e-01, -1.0676e-01, -3.2841e-02, -7.4949e-02, +8.1700e-02, +9.3850e-02, -4.8269e-02, +1.0170e-01, -1.6103e-01, -1.0185e-01, -1.0000e+00, -1.5296e-02, -1.1313e-01, +6.0865e-02, +7.5158e-02, -4.3798e-02, +7.3414e-02, -8.9396e-02, +1.3381e-01, -1.1579e-01, -1.1925e-01, -4.2611e-02, +2.5112e-04, +1.1163e-02, +5.6267e-02, +3.8342e-02, -9.2910e-02, -7.7287e-03, -2.0630e-01, +1.2846e-01, -2.7691e-02, +5.5318e-02
+5.7174e-03, -3.6391e-02, -1.9629e-02, -4.0028e-02, -1.0675e-01, -3.9391e-02, +4.0262e-02, -3.3173e-03, -2.3351e-02, +2.5160e-02, -2.3106e-05, -2.7459e-02, -9.1629e-03, +2.5055e-02, -3.8874e-02, +2.5987e-02, -7.1119e-03, -6.5437e-02, -6.9623e-02, +2.4085e-02, -1.8236e-02, -9.2246e-03, +1.5783e-02, -1.1998e-02, +5.4358e-02, +1.7839e-02, -5.9132e-02, -3.2840e-03, -1.5296e-02, -1.0000e+00, +4.8649e-02, +3.6713e-02, +3.0075e-02, -4.7262e-02, +5.1635e-02, -2.2134e-02, +8.7436e-02, +3.4267e-02, -5.4714e-02, +7.2738e-03, +8.1951e-02, +8.8796e-02, +3.9250e-02, -6.5935e-02, -4.2480e-02, -7.4974e-03, -7.1118e-02, -1.5555e-02, -4.0725e-03, -4.8813e-02
+5.7992e-02, -1.6027e-02, +1.2293e-01, -8.4500e-02, -6.6491e-02, -1.2469e-01, -4.8506e-02, -1.7500e-02, -2.1849e-02, -3.3453e-02, -3.2375e-02, +3.1902e-02, +1.0482e-01, -1.2901e-01, -6.9338e-02, +2.4142e-02, +8.3763e-02, -2.6879e-02, -7.0696e-02, -1.2662e-01, +3.5636e-02, -1.2600e-02, +6.0869e-02, -5.0784e-02, -3.4167e-02, +1.2666e-02, -7.1890e-02, -4.4184e-03, -1.1313e-01, +4.8649e-02, -1.0000e+00, +2.2586e-02, -2.7397e-03, -3.7674e-02, +4.1075e-02, +1.7070e-02, +9.7972e-03, -1.8943e-01, +1.3050e-02, -2.7495e-02, -1.6850e-01, -2.0680e-02, +1.5430e-02, +5.1266e-02, -9.3372e-02, -6.7137e-03, -1.4354e-01, +1.7725e-01, +1.8309e-02, +3.5917e-03
-3.7282e-02, +2.7653e-03, -1.7576e-03, -1.8164e-02, -4.6777e-02, +5.1149e-04, -6.8679e-03, +4.2572e-02, -2.2810e-02, -1.0753e-02, +1.0825e-02, +1.6053e-02, -4.7093e-02, -3.9482e-02, -9.0212e-02, -1.7802e-02, -2.1220e-02, +1.3945e-02, +4.4079e-02, +2.0993e-02, +1.2262e-02, -2.3235e-02, -2.1031e-02, +8.3305e-03, -3.7599e-02, +1.2196e-02, +7.2049e-03, +4.6817e-02, +6.0865e-02, +3.6713e-02, +2.2586e-02, -1.0000e+00, +9.3083e-03, -3.3049e-02, -1.6860e-03, +2.5187e-02, +1.2740e-01, -7.5174e-03, +1.0602e-02, +3.2469e-03, +2.1804e-02, -2.6948e-02, +8.2287e-03, +5.5479e-02, -4.1183e-02, -2.6128e-03, +1.3456e-02, +3.6247e-02, -2.6762e-02, -9.5607e-03
+4.3875e-02, +1.8709e-01, -1.4301e-02, -5.5193e-02, +2.2668e-02, -6.5998e-03, -1.8669e-02, +1.8936e-02, -8.6725e-02, +8.6309e-03, -2.1388e-02, +1.8547e-02, -2.5130e-02, -5.6160e-02, -3.0044e-02, -1.2802e-01, +2.2838e-02, -3.1708e-02, +4.5186e-02, -5.6332e-02, -1.0566e-01, +5.2946e-02, +1.4007e-02, -3.3664e-02, -6.3331e-02, -8.9113e-02, +7.0121e-02, -2.2146e-02, +7.5158e-02, +3.0075e-02, -2.7397e-03, +9.3083e-03, -1.0000e+00, -6.0342e-02, +2.2795e-02, +9.5270e-02, +2.0944e-02, +4.6013e-02, +3.2445e-02, -1.9196e-02, -1.1632e-01, +2.8494e-02, -7.6036e-02, +6.6485e-02, -6.9001e-02, +2.3463e-02, -4.8141e-02, +1.8489e-01, -6.4108e-03, +1.8279e-02
+3.9163e-02, -6.4820e-02, +5.3696e-02, -1.0842e-02, +1.8413e-02, -1.1080e-02, -1.5126e-01, +6.3151e-02, -7.2668e-02, -1.0521e-02, +3.5148e-02, +4.2217e-02, -4.3321e-02, -2.0174e-02, -1.9665e-01, +2.3794e-02, +2.1361e-03, -3.4646e-02, -1.4881e-02, -3.9566e-02, +4.2058e-02, -8.1340e-02, -4.3982e-03, +4.8155e-02, -6.9638e-03, -1.0690e-02, +3.1434e-02, -4.7913e-02, -4.3798e-02, -4.7262e-02, -3.7674e-02, -3.3049e-02, -6.0342e-02, -1.0000e+00, -3.0724e-02, +1.0851e-02, +1.4473e-01, -1.4433e-03, -2.1193e-02, +2.9403e-02, -3.2153e-02, +3.1602e-02, -5.0789e-02, -8.9626e-02, -7.8770e-03, -4.1370e-02, -4.1718e-02, -2.6975e-02, -2.5164e-02, +6.7302e-03
-3.9532e-03, +6.9494e-03, +1.1575e-01, +8.0929e-02, +1.7800e-02, +7.7916e-02, +8.4543e-03, +1.4001e-01, +6.7631e-02, +1.0768e-02, -1.6734e-02, -1.0069e-02, -1.1276e-02, +3.4052e-02, +3.5361e-03, -7.6907e-02, -2.7700e-02, +6.0819e-02, +3.5719e-02, +6.1169e-02, +8.0836e-02, +6.8142e-02, -2.2387e-02, -9.7686e-03, +5.5256e-02, +8.5766e-02, +1.1994e-02, +7.3783e-02, +7.3414e-02, +5.1635e-02, +4.1075e-02, -1.6860e-03, +2.2795e-02, -3.0724e-02, -1.0000e+00, -8.8366e-03, -7.1204e-02, +3.8522e-02, +5.8479e-02, -2.5918e-02, +8.1649e-02, +1.2854e-03, -4.5168e-02, +1.2430e-01, +1.0255e-02, -7.2510e-02, +3.6126e-02, +4.9245e-03, -7.0635e-02, +2.7189e-02
-1.8427e-01, -1.0496e-01, -6.2905e-02, -1.2127e-01, -1.2972e-01, -1.6215e-01, -1.9341e-01, -9.6030e-02, +6.4612e-02, -4.0662e-03, -1.0461e-01, -6.1450e-02, +2.5102e-02, +2.7519e-01, -1.2146e-01, +2.8249e-01, +6.8959e-03, +3.4281e-03, +4.4045e-02, +1.4906e-01, +8.6588e-03, -1.8596e-01, -4.1110e-02, -3.6432e-02, -1.4319e-01, -4.3155e-02, -1.6534e-02, +1.3486e-02, -8.9396e-02, -2.2134e-02, +1.7070e-02, +2.5187e-02, +9.5270e-02, +1.0851e-02, -8.8366e-03, -1.0000e+00, +1.7628e-01, -1.0590e-01, -1.2629e-02, -2.7630e-02, -5.5485e-02, +9.6140e-02, +8.6005e-02, -5.5253e-02, +1.2347e-02, -5.6683e-02, +1.5327e-01, -1.7866e-01, -1.2875e-02, +1.5979e-02
+9.1976e-02, +3.3028e-01, -1.2798e-02, +2.5648e-01, -2.7595e-02, +3.4271e-01, +2.8878e-02, -3.4288e-02, +1.0363e-01, -1.1234e-02, +1.9800e-01, -2.9815e-02, +1.4742e-01, +1.0668e-01, +3.5745e-01, -1.7974e-01, +5.8436e-02, +2.4992e-01, +1.6166e-01, -1.5704e-01, +1.2012e-01, -3.9291e-02, +4.0506e-02, +9.0579e-03, +1.4258e-02, +4.3205e-02, +3.3309e-02, +2.9996e-01, +1.3381e-01, +8.7436e-02, +9.7972e-03, +1.2740e-01, +2.0944e-02, +1.4473e-01, -7.1204e-02, +1.7628e-01, -1.0000e+00, +3.3702e-02, +1.7976e-01, -1.5418e-02, +1.1879e-01, -5.4984e-02, -9.5387e-02, +1.7414e-01, +4.3734e-01, +1.8560e-01, +1.4661e-01, -2.2778e-02, -6.7970e-02, +7.0175e-02
-8.3791e-02, +2.6560e-02, +7.6343e-02, -7.7030e-02, +2.8703e-02, -1.1938e-01, -4.6070e-02, -4.1698e-02, -2.1194e-02, +2.9565e-02, -1.1801e-01, -2.8325e-02, +8.7249e-02, -1.2626e-01, -9.3845e-03, +6.0160e-02, -2.2996e-02, -6.3606e-02, -2.3294e-02, +4.8255e-02, -6.8627e-02, +2.2287e-02, -2.1874e-02, -1.2845e-02, -1.0850e-01, +1.1289e-01, -9.9545e-02, -8.5379e-02, -1.1579e-01, +3.4267e-02, -1.8943e-01, -7.5174e-03, +4.6013e-02, -1.4433e-03, +3.8522e-02, -1.0590e-01, +3.3702e-02, -1.0000e+00, -1.6130e-02, -6.3107e-02, -1.0335e-01, -1.5921e-01, +6.9251e-02, +5.3534e-02, -1.2808e-02, +7.9922e-02, -1.4093e-01, +8.7872e-02, +3.1946e-02, -1.8444e-02
+5.4039e-02, -4.4453e-02, +1.9266e-02, -9.3383e-02, +3.3001e-02, -6.2776e-02, +1.8734e-02, -2.4478e-02, +3.2678e-02, +4.4794e-02, -1.0063e-01, +1.0503e-03, -6.2798e-02, -1.0599e-02, -6.3544e-02, +5.9410e-02, +5.4150e-02, -2.3917e-02, -6.4126e-02, -3.5969e-02, -5.0943e-02, -7.5428e-02, +4.2330e-02, -1.0122e-01, +1.2581e-03, +3.0777e-02, -1.0035e-01, -1.3914e-01, -1.1925e-01, -5.4714e-02, +1.3050e-02, +1.0602e-02, +3.2445e-02, -2.1193e-02, +5.8479e-02, -1.2629e-02, +1.7976e-01, -1.6130e-02, -1.0000e+00, -2.2067e-02, -6.0275e-03, +5.5377e-02, +5.5224e-02, -4.0076e-02, -1.0879e-01, +3.4000e-02, -2.6366e-01, +5.8915e-02, -1.2230e-02, -4.8978e-02
+8.0160e-03, +1.4665e-01, -4.5909e-02, +2.3031e-02, +2.0366e-02, -2.1625e-02, +8.2274e-02, +2.9033e-02, -1.8669e-02, +1.2178e-02, -7.7783e-02, -6.0107e-02, +2.1548e-02, +2.8528e-02, -2.7898e-02, -1.7552e-02, -1.5971e-02, -1.7498e-02, -5.9847e-02, -3.5432e-02, -1.8661e-02, +7.8356e-02, -9.8028e-04, +3.3054e-02, -2.7919e-02, -6.2356e-02, -1.5937e-02, +4.3410e-02, -4.2611e-02, +7.2738e-03, -2.7495e-02, +3.2469e-03, -1.9196e-02, +2.9403e-02, -2.5918e-02, -2.7630e-02, -1.5418e-02, -6.3107e-02, -2.2067e-02, -1.0000e+00, -1.6139e-03, +2.2128e-02, +3.1963e-02, -3.5313e-02, +2.8126e-02, -5.5285e-02, -1.2648e-01, +5.5314e-02, -6.8464e-02, +2.8770e-02
+5.0104e-02, +5.5578e-03, +4.1007e-03, -9.6304e-02, +5.3298e-02, -1.2525e-01, +2.4403e-02, +6.8973e-03, -3.1383e-02, +7.1744e-02, -4.1310e-02, +3.3886e-02, +8.1619e-02, +4.7824e-03, -5.0126e-02, +6.7244e-02, -2.2239e-02, -5.5726e-02, +3.6327e-02, +1.6474e-02, -9.6911e-02, -4.7600e-02, +1.2879e-03, +1.4902e-02, -4.3328e-02, -8.7929e-02, -2.3017e-02, -7.7735e-02, +2.5112e-04, +8.1951e-02, -1.6850e-01, +2.1804e-02, -1.1632e-01, -3.2153e-02, +8.1649e-02, -5.5485e-02, +1.1879e-01, -1.0335e-01, -6.0275e-03, -1.6139e-03, -1.0000e+00, -9.1299e-02, +6.4388e-02, -6.5142e-02, -1.4684e-02, -9.5275e-02, -2.9829e-02, -6.8713e-02, -2.9108e-02, +3.1060e-02
-3.3388e-02, -5.5734e-02, +2.6431e-01, +1.3674e-01, +4.3624e-02, -2.1939e-01, +1.0813e-01, +5.7045e-02, +8.7094e-03, +5.1214e-02, -2.9617e-01, +5.9484e-02, -6.3545e-02, -4.6677e-01, +1.1796e-01, +2.8131e-01, -1.0979e-01, +2.3594e-02, -2.5865e-02, +8.2719e-02, +3.2559e-03, +2.1383e-02, -4.4309e-02, +7.6669e-02, -3.1055e-02, -1.8617e-03, -1.1063e-01, -1.2701e-01, +1.1163e-02, +8.8796e-02, -2.0680e-02, -2.6948e-02, +2.8494e-02, +3.1602e-02, +1.2854e-03, +9.6140e-02, -5.4984e-02, -1.5921e-01, +5.5377e-02, +2.2128e-02, -9.1299e-02, -1.0000e+00, +1.0839e-01, +3.8145e-01, +1.4317e-01, +1.2975e-01, +7.5371e-02, -8.8867e-02, -1.0009e-01, -3.9997e-02
+3.2069e-02, +5.3152e-02, -7.8961e-04, +2.8859e-02, +5.9867e-03, +1.1641e-01, -9.6911e-03, -3.0423e-02, +1.3538e-02, +3.9559e-03, +8.9966e-02, -1.7916e-02, +3.1557e-02, +5.3748e-02, -5.6555e-02, -6.5370e-02, -1.6225e-02, -3.7623e-03, +2.6844e-02, +1.4133e-02, -3.3190e-03, -1.5703e-02, -3.0652e-02, +7.1068e-02, -3.3370e-02, +2.3170e-03, +5.5064e-02, +4.7419e-02, +5.6267e-02, +3.9250e-02, +1.5430e-02, +8.2287e-03, -7.6036e-02, -5.0789e-02, -4.5168e-02, +8.6005e-02, -9.5387e-02, +6.9251e-02, +5.5224e-02, +3.1963e-02, +6.4388e-02, +1.0839e-01, -1.0000e+00, -1.3247e-03, -6.5912e-02, -1.4732e-02, +2.0290e-02, +2.6092e-02, -2.4546e-02, -1.0200e-02
+1.5843e-01, -3.4788e-02, -5.4388e-02, -1.1252e-01, +9.7325e-02, -2.2607e-02, -4.6369e-02, -1.0075e-01, +6.9247e-03, -4.3235e-02, +1.5396e-01, -4.4209e-02, -3.7720e-02, +3.6254e-01, +3.7840e-02, +3.3703e-02, +5.8447e-02, -3.1426e-02, -9.3780e-02, +4.2090e-02, +5.9051e-02, +4.0536e-03, -3.1662e-02, -1.8191e-03, +2.6011e-02, -7.7890e-02, +3.5465e-03, +3.3681e-02, +3.8342e-02, -6.5935e-02, +5.1266e-02, +5.5479e-02, +6.6485e-02, -8.9626e-02, +1.2430e-01, -5.5253e-02, +1.7414e-01, +5.3534e-02, -4.0076e-02, -3.5313e-02, -6.5142e-02, +3.8145e-01, -1.3247e-03, -1.0000e+00, +8.1794e-02, -6.2889e-02, +1.0492e-01, -4.1028e-01, -1.9159e-02, +3.0334e-02
-1.9312e-01, -1.3142e-01, -1.5257e-01, -1.0922e-01, -5.3106e-02, -7.6393e-02, -1.0945e-01, -1.6288e-02, -4.0086e-02, +5.2568e-02, -1.6503e-01, -3.4743e-02, -5.0547e-02, -3.5027e-01, -2.0323e-01, +1.5146e-01, +2.1067e-01, -1.2719e-01, -1.0047e-01, -3.0293e-01, +3.5797e-02, +1.5045e-01, +1.7786e-01, -4.8978e-03, -4.5990e-02, +8.9003e-02, +2.7862e-02, -2.5801e-01, -9.2910e-02, -4.2480e-02, -9.3372e-02, -4.1183e-02, -6.9001e-02, -7.8770e-03, +1.0255e-02, +1.2347e-02, +4.3734e-01, -1.2808e-02, -1.0879e-01, +2.8126e-02, -1.4684e-02, +1.4317e-01, -6.5912e-02, +8.1794e-02, -1.0000e+00, -1.5959e-01, -2.5664e-01, +5.5870e-01, +1.4736e-02, -3.7589e-02
+1.6851e-03, -1.1263e-01, -3.1180e-02, -5.5795e-02, +2.4266e-02, -1.0768e-01, +1.5434e-02, +1.4996e-01, +5.9513e-03, +4.4418e-02, -5.4851e-02, -2.1150e-02, +5.0497e-02, +2.0717e-02, -8.8473e-02, +6.6996e-02, +5.4922e-02, -2.7517e-02, -1.0641e-01, -6.7198e-03, +2.3510e-02, +8.6023e-02, -1.4232e-02, -4.4726e-02, +1.7487e-03, +2.1053e-02, -8.1780e-02, -6.5213e-03, -7.7287e-03, -7.4974e-03, -6.7137e-03, -2.6128e-03, +2.3463e-02, -4.1370e-02, -7.2510e-02, -5.6683e-02, +1.8560e-01, +7.9922e-02, +3.4000e-02, -5.5285e-02, -9.5275e-02, +1.2975e-01, -1.4732e-02, -6.2889e-02, -1.5959e-01, -1.0000e+00, -9.6023e-02, +9.4324e-03, +2.9093e-02, -2.6177e-02
+9.5009e-02, +7.1363e-03, -8.6406e-03, -1.5442e-01, -7.0319e-02, -2.2795e-01, +8.2294e-02, +1.2175e-01, -1.1931e-02, +1.6819e-01, -1.7015e-01, +3.1419e-02, +3.7817e-02, -1.8786e-01, -1.5510e-01, -1.4854e-01, +1.5493e-02, -1.1744e-01, -1.4276e-01, -1.3559e-02, -1.0647e-01, +7.1380e-02, -7.1140e-02, -1.6889e-01, -5.6559e-02, +1.3265e-02, -1.5452e-01, -1.0612e-01, -2.0630e-01, -7.1118e-02, -1.4354e-01, +1.3456e-02, -4.8141e-02, -4.1718e-02, +3.6126e-02, +1.5327e-01, +1.4661e-01, -1.4093e-01, -2.6366e-01, -1.2648e-01, -2.9829e-02, +7.5371e-02, +2.0290e-02, +1.0492e-01, -2.5664e-01, -9.6023e-02, -1.0000e+00, +4.4993e-01, -6.7341e-02, -3.2028e-02
+2.1709e-01, +7.8625e-03, +2.5890e-01, +3.3776e-03, +1.5814e-01, -6.7866e-02, +1.7964e-02, -2.4925e-02, +5.9326e-02, -2.5938e-02, +1.1754e-01, +1.7460e-02, -3.8709e-02, +5.3300e-01, +2.5143e-01, +1.9752e-01, -5.7356e-02, +2.4210e-02, +3.4949e-02, +2.3176e-01, +8.0710e-02, -2.6226e-01, -9.1341e-02, -1.9887e-02, +3.5252e-02, -4.7586e-02, -2.9970e-02, +1.1032e-01, +1.2846e-01, -1.5555e-02, +1.7725e-01, +3.6247e-02, +1.8489e-01, -2.6975e-02, +4.9245e-03, -1.7866e-01, -2.2778e-02, +8.7872e-02, +5.8915e-02, +5.5314e-02, -6.8713e-02, -8.8867e-02, +2.6092e-02, -4.1028e-01, +5.5870e-01, +9.4325e-03, +4.4993e-01, -1.0000e+00, +2.7013e-03, +4.8690e-02
-6.9665e-02, +8.8117e-02, -1.0272e-01, +7.1760e-02, -2.6526e-02, +2.2887e-02, +1.9062e-02, +7.1956e-02, -1.5257e-02, -3.4507e-03, -5.0457e-02, +5.7141e-02, -7.9810e-02, -2.0232e-02, -5.5687e-03, +3.8930e-02, -6.9955e-02, +8.7070e-02, -6.3392e-03, +1.5993e-01, -1.2202e-03, -2.4705e-02, -6.3219e-02, -3.8044e-03, -8.5439e-02, +1.3735e-02, -7.1055e-02, -1.1282e-02, -2.7691e-02, -4.0725e-03, +1.8309e-02, -2.6762e-02, -6.4108e-03, -2.5164e-02, -7.0635e-02, -1.2875e-02, -6.7970e-02, +3.1946e-02, -1.2230e-02, -6.8464e-02, -2.9108e-02, -1.0009e-01, -2.4546e-02, -1.9159e-02, +1.4736e-02, +2.9093e-02, -6.7341e-02, +2.7013e-03, -1.0000e+00, -1.6844e-02
-8.6665e-02, +5.5131e-02, -5.4852e-02, -5.2364e-03, +3.1152e-02, +6.2193e-03, -3.7074e-03, -2.2246e-02, -1.2710e-02, +1.1108e-02, -4.0818e-02, +2.0012e-03, -5.3325e-02, -4.2079e-02, +3.6510e-03, -5.4311e-03, +1.6180e-02, -9.8889e-03, -2.4054e-02, -1.9453e-02, +1.5408e-02, +7.6283e-03, +1.3438e-02, +6.6638e-03, -2.6189e-02, +1.9567e-02, +2.3129e-02, -1.1677e-01, +5.5318e-02, -4.8813e-02, +3.5917e-03, -9.5606e-03, +1.8279e-02, +6.7302e-03, +2.7189e-02, +1.5979e-02, +7.0175e-02, -1.8444e-02, -4.8978e-02, +2.8770e-02, +3.1060e-02, -3.9997e-02, -1.0200e-02, +3.0334e-02, -3.7589e-02, -2.6177e-02, -3.2028e-02, +4.8690e-02, -1.6844e-02, -1.0000e+00
