-1.0000e+00, +5.2908e-02, -1.2429e-01, -6.1286e-02, -2.9182e-03, -1.2369e-01, +4.3529e-02, +6.1010e-02, -1.8127e-01, +2.7499e-02, -8.1905e-02, -6.2745e-02, +7.5748e-02, -1.1164e-01, -1.1772e-01, +1.0955e-01, -1.2897e-03, -1.0487e-01, -6.1385e-03, +2.9931e-02, +2.1560e-04, +1.0946e-02, +5.2839e-02, -8.7429e-03, -9.5163e-02, -4.7157e-02, -3.7337e-02, -1.0707e-01, -1.6120e-01, -1.5620e-01, -5.5490e-02, +8.3625e-02, -2.8368e-02, -6.3200e-02, -6.9992e-02, -3.8891e-02, +4.9001e-02, -1.0919e-01, -4.1882e-02, +1.8251e-01, -3.5253e-02, -1.0055e-01, +3.8090e-02, +6.5433e-02, -1.8317e-01, -8.6252e-02, -1.3385e-01, +3.0904e-01, -1.5817e-02, +2.1229e-02
+5.2908e-02, -1.0000e+00, +1.3568e-01, +1.0059e-01, +2.1647e-02, +8.2189e-02, +2.3219e-01, +1.7635e-01, -5.5830e-03, +7.1454e-02, +6.9914e-02, +7.3057e-03, +4.4717e-02, +1.4284e-01, +4.7551e-02, +9.4003e-02, +7.4451e-02, +5.0167e-02, +4.1204e-02, +3.7172e-02, -7.7040e-03, -4.8547e-02, -6.4330e-02, +9.1159e-02, +5.3313e-02, +9.2168e-02, +9.4047e-02, +6.9904e-02, +5.3898e-02, +9.4301e-02, +2.5015e-02, +2.1080e-02, +1.1198e-02, -1.3607e-02, +2.2953e-02, +4.9433e-02, -1.8230e-02, +4.7503e-03, -1.5908e-02, -4.7151e-02, +6.9872e-02, +9.7395e-03, +7.7403e-02, +8.2192e-02, +1.5071e-01, -4.3744e-02, +2.1445e-02, -1.7557e-01, +6.7054e-02, -3.9311e-02
-1.2429e-01, +1.3568e-01, -1.0000e+00, -1.6263e-02, -5.2223e-02, -2.2260e-01, +5.4018e-02, +1.3716e-02, -5.1522e-02, +9.1578e-02, -1.8989e-01, +6.7098e-03, +6.6273e-02, -1.2443e-03, -1.2018e-01, +5.8695e-02, +3.0062e-02, -1.4026e-01, -4.4693e-02, -1.0220e-01, +1.3535e-03, -2.2550e-02, +7.4180e-03, -1.0155e-01, +5.1311e-02, -4.3628e-03, -1.0617e-01, -1.4569e-01, -1.3523e-01, -1.9968e-02, -1.0544e-01, +2.7244e-02, -2.7011e-03, -5.3578e-02, +4.5991e-02, -2.3786e-02, -1.4675e-01, -8.1978e-02, -5.0061e-02, +2.3495e-02, -2.8452e-02, -7.6337e-02, -2.5656e-02, -1.0111e-01, -6.3904e-02, -8.9599e-02, -1.0684e-01, +3.1337e-01, -1.8402e-01, +5.6825e-02
-6.1286e-02, +1.0059e-01, -1.6263e-02, -1.0000e+00, -8.9271e-02, -1.1397e-01, -5.9475e-02, -7.0075e-03, +2.8850e-04, +6.4098e-02, -1.2552e-01, -7.4261e-02, -6.0060e-02, +7.4208e-02, -1.5695e-01, -6.5156e-02, +7.4415e-02, -1.0403e-01, -5.2664e-02, -9.0195e-02, -4.2992e-03, -1.7741e-02, +4.5413e-02, -7.7567e-02, -7.4158e-03, -1.6021e-01, -3.5314e-02, -4.9950e-02, -2.4721e-02, +5.7885e-02, -1.5225e-01, -3.8103e-03, -4.1398e-02, -9.7679e-02, +3.4621e-03, -2.7839e-02, +8.0599e-02, -1.6333e-01, -7.8694e-02, +2.6094e-02, -1.0205e-01, -4.5456e-02, -8.9798e-02, -1.0757e-01, -6.3170e-02, -7.8649e-03, -7.3121e-03, +1.7378e-01, +2.9901e-02, -4.0499e-02
-2.9182e-03, +2.1647e-02, -5.2223e-02, -8.9271e-02, -1.0000e+00, -7.2310e-02, +1.1141e-02, -3.0286e-02, +8.8591e-03, +4.5437e-02, -5.3819e-02, +1.0389e-02, -5.3352e-02, -3.8674e-03, -1.3871e-01, +2.6714e-02, +2.3031e-02, -1.1280e-01, -1.4454e-01, -3.4601e-02, +3.6768e-02, +2.6434e-02, +3.2216e-02, -3.6024e-02, -3.4584e-03, +4.9382e-02, -4.2169e-02, -1.2934e-01, -7.0746e-02, -1.0162e-01, -5.5855e-03, +2.9337e-02, -1.0047e-03, -1.0146e-01, +4.1008e-02, -1.3446e-02, -6.6608e-02, -1.3729e-02, -4.4740e-02, +4.8110e-02, +3.1245e-03, -3.7256e-02, -1.8011e-02, -5.1272e-02, -1.2852e-01, -6.8130e-02, -1.4799e-01, +2.3578e-01, -1.4521e-02, -2.4017e-02
-1.2369e-01, +8.2189e-02, -2.2260e-01, -1.1397e-01, -7.2310e-02, -1.0000e+00, +8.4111e-02, +4.2792e-02, +4.1335e-02, +7.7395e-02, -7.6669e-02, -7.0226e-02, +3.2098e-02, +7.6285e-03, -2.2627e-01, +1.9835e-02, +5.5237e-02, -7.9926e-02, -1.6467e-01, -1.0358e-01, +5.3644e-02, -4.7052e-02, +4.7229e-02, -8.5765e-02, +1.8492e-03, -1.9474e-05, -9.2566e-02, -3.1417e-02, -1.2482e-01, -7.0480e-02, -1.7780e-01, +5.8731e-02, +1.0641e-02, -7.4953e-02, +6.9789e-02, -2.5596e-02, +2.5117e-02, -5.5632e-02, -3.0851e-02, +4.4815e-02, +2.0277e-02, -5.9978e-02, -5.4081e-03, -5.7731e-02, -5.7828e-02, -5.3062e-02, -2.3440e-01, +2.1193e-01, -4.1028e-02, +3.3801e-02
+4.3529e-02, +2.3219e-01, +5.4018e-02, -5.9475e-02, +1.1141e-02, +8.4111e-02, -1.0000e+00, -1.8237e-01, -5.9646e-02, +1.9357e-02, -3.5178e-02, +1.0192e-02, +1.2354e-02, +3.4493e-02, +2.0437e-02, -1.4656e-02, +1.5088e-01, +2.2869e-02, -7.5516e-03, +7.6499e-02, +4.3292e-02, +6.1601e-04, -2.2380e-02, +8.3485e-02, +3.7930e-02, -8.3257e-02, +3.2943e-02, -1.9844e-02, +6.2405e-02, +8.4981e-02, +8.6350e-02, -5.2604e-02, -4.0164e-02, +8.4684e-02, -7.3595e-03, -4.4349e-03, +8.1842e-02, +4.1651e-03, +6.0627e-02, -1.1571e-01, -4.9024e-02, +9.8792e-02, +6.1058e-02, +4.3551e-02, +5.2092e-02, +6.9872e-02, +9.1746e-02, -1.9859e-01, +1.5112e-02, -7.1807e-02
+6.1010e-02, +1.7635e-01, +1.3716e-02, -7.0075e-03, -3.0286e-02, +4.2792e-02, -1.8237e-01, -1.0000e+00, -1.3189e-02, +5.2302e-02, +9.4673e-03, +5.9626e-02, +5.2551e-02, +5.6216e-02, +9.0514e-02, -8.2747e-02, +6.5311e-02, +1.9301e-02, +6.8487e-02, +1.4258e-02, -2.1102e-02, +4.2050e-03, -1.5910e-02, +1.8089e-02, +1.7850e-02, -1.3608e-02, +4.8864e-04, -2.6834e-02, +1.3341e-03, +2.9328e-02, +7.9298e-02, -4.9517e-02, -1.2533e-04, +2.9001e-02, -1.3018e-02, -3.3942e-02, +6.3839e-03, -1.7543e-02, -2.5876e-02, -5.2970e-03, -5.3977e-02, +6.2368e-02, +5.4950e-02, +8.8259e-02, +4.1771e-02, +6.7251e-02, +2.7215e-02, -1.0478e-01, +1.7648e-02, +1.4287e-02
-1.8127e-01, -5.5830e-03, -5.1522e-02, +2.8850e-04, +8.8590e-03, +4.1335e-02, -5.9646e-02, -1.3189e-02, -1.0000e+00, +1.1591e-02, +4.9167e-02, -2.0659e-02, -2.3652e-02, -1.6025e-01, -5.2143e-02, +9.2078e-02, -1.1926e-01, -5.0918e-04, +6.3702e-02, -1.1033e-01, -2.5042e-02, -2.2259e-02, +5.1009e-02, +2.9639e-02, -1.1340e-01, +1.3517e-01, +1.0645e-01, -1.7974e-02, +1.2512e-01, -8.8411e-02, +1.3176e-01, -1.2534e-02, +1.3446e-02, +1.6816e-02, +3.2315e-02, -1.0780e-01, +1.8571e-01, +6.1918e-03, +4.4623e-03, +7.7860e-02, +1.6852e-02, +4.7490e-02, +6.1618e-02, -4.7656e-02, -1.2975e-01, -6.4912e-02, -9.5802e-02, +2.2478e-01, -1.3018e-01, +3.7631e-02
+2.7499e-02, +7.1454e-02, +9.1578e-02, +6.4098e-02, +4.5437e-02, +7.7395e-02, +1.9357e-02, +5.2302e-02, +1.1591e-02, -1.0000e+00, -9.2622e-02, +4.2845e-02, +3.3406e-02, -1.0045e-02, +7.2296e-02, -1.7577e-02, +7.1798e-02, +5.4619e-02, +1.1298e-02, -6.5109e-03, -6.7754e-03, -8.5396e-03, +1.0457e-01, -1.2884e-01, +2.0417e-02, +4.8787e-02, -4.0137e-02, +9.6748e-02, +6.2577e-02, -1.0206e-03, -2.8493e-02, -6.5334e-03, +2.0758e-02, +4.4771e-02, +8.2595e-03, -2.6504e-02, -4.4413e-03, +4.9475e-02, +4.2151e-02, +3.9100e-02, +8.6533e-02, -3.0337e-02, -1.9128e-03, -3.7323e-02, +6.0485e-02, +4.4967e-02, +9.0315e-02, -3.4187e-01, -2.9724e-02, +2.7130e-02
-8.1905e-02, +6.9914e-02, -1.8989e-01, -1.2552e-01, -5.3819e-02, -7.6669e-02, -3.5178e-02, +9.4673e-03, +4.9167e-02, -9.2622e-02, -1.0000e+00, -1.2262e-01, -6.8442e-02, +1.4533e-02, -1.8789e-01, -1.5357e-03, +1.1766e-01, -1.3779e-01, -2.0342e-01, -8.1574e-02, +1.3036e-02, -3.2521e-02, +5.4763e-02, +5.5468e-02, -2.8212e-02, -1.7596e-01, -1.1544e-01, -7.1635e-02, -1.2586e-01, -1.7580e-02, -1.6892e-01, +2.9022e-02, +1.2530e-02, -6.6938e-02, -1.9673e-02, -6.2750e-02, -3.5852e-02, -7.5085e-02, -1.4123e-01, +1.3439e-01, -1.5212e-01, -5.8769e-02, +1.5749e-02, -7.5838e-02, -1.4771e-01, -4.0229e-02, -1.9756e-01, +2.6059e-01, -1.1104e-01, +3.6220e-02
-6.2745e-02, +7.3057e-03, +6.7098e-03, -7.4261e-02, +1.0389e-02, -7.0226e-02, +1.0192e-02, +5.9626e-02, -2.0659e-02, +4.2845e-02, -1.2262e-01, -1.0000e+00, +7.9149e-02, -4.9317e-02, -6.1495e-02, +1.7414e-02, +7.6299e-02, -5.7918e-02, -7.1203e-02, -5.2409e-02, -2.0060e-02, +1.7410e-02, +2.8731e-02, -7.5332e-02, -1.4172e-01, -4.6803e-02, +8.4916e-03, -3.3331e-02, +1.8953e-02, -2.7456e-02, -4.5590e-02, +9.0048e-03, -4.4590e-02, +4.7770e-03, -1.1790e-02, -1.2250e-01, -4.9836e-02, -2.4385e-02, -1.7736e-02, -2.3041e-02, -4.6835e-02, +5.2226e-02, -5.3712e-03, -6.7451e-02, -7.8014e-02, -1.0666e-01, -5.7540e-02, +1.7262e-01, +8.2245e-03, -2.9788e-02
+7.5748e-02, +4.4717e-02, +6.6273e-02, -6.0060e-02, -5.3352e-02, +3.2098e-02, +1.2354e-02, +5.2551e-02, -2.3652e-02, +3.3406e-02, -6.8442e-02, +7.9149e-02, -1.0000e+00, +8.1881e-02, -8.1414e-02, -3.1292e-02, +1.0565e-01, -1.3056e-02, -1.2351e-02, +1.0577e-01, +5.0970e-02, +5.5130e-03, -1.9308e-02, +7.1339e-02, +1.4601e-01, -4.8794e-02, -7.6522e-03, +4.8741e-02, -2.3522e-03, -2.6530e-02, +2.3961e-03, +1.0553e-03, +2.7017e-02, -3.6086e-04, +5.3001e-02, +3.0342e-03, -5.0148e-02, +1.3655e-01, -1.4552e-02, -1.8990e-02, +1.8444e-02, +5.0453e-02, +8.6910e-02, +1.2593e-02, -1.0469e-01, +1.4483e-02, -5.5408e-03, -1.5203e-02, +1.9456e-02, -2.6673e-02
-1.1164e-01, +1.4284e-01, -1.2443e-03, +7.4208e-02, -3.8674e-03, +7.6285e-03, +3.4493e-02, +5.6216e-02, -1.6025e-01, -1.0045e-02, +1.4533e-02, -4.9317e-02, +8.1881e-02, -1.0000e+00, +1.2546e-02, -1.1479e-02, +9.6332e-02, -4.4497e-02, -1.0909e-02, -5.6797e-02, +3.1665e-02, -3.2252e-02, +2.5213e-02, -8.0909e-02, -1.3034e-01, +9.0345e-02, -3.6517e-02, -8.4596e-02, +1.1976e-01, -7.7171e-02, -3.7358e-02, -5.9702e-02, -2.7839e-03, -4.8825e-02, -1.8308e-02, -1.0884e-01, +1.5022e-01, -1.4382e-02, -3.2608e-02, +1.0035e-01, -6.0808e-02, +1.2581e-01, -3.3956e-02, -3.2828e-02, -4.9548e-02, -5.7414e-02, -2.7269e-03, +9.7770e-02, -8.6764e-02, -6.3427e-02
-1.1772e-01, +4.7551e-02, -1.2018e-01, -1.5695e-01, -1.3871e-01, -2.2627e-01, +2.0437e-02, +9.0514e-02, -5.2143e-02, +7.2296e-02, -1.8789e-01, -6.1495e-02, -8.1414e-02, +1.2546e-02, -1.0000e+00, -1.3167e-02, -1.2773e-01, -1.1916e-01, -2.1978e-01, -1.5626e-01, +3.3521e-02, -1.2935e-02, +4.3040e-02, -4.5569e-02, -9.7758e-02, +3.3145e-02, -1.4820e-01, -7.9382e-02, -1.5247e-01, -6.7131e-02, -2.1189e-01, +5.0242e-02, +2.0849e-02, -1.3264e-01, -2.5581e-03, -5.5054e-02, +8.3041e-02, -6.7828e-02, -1.1571e-01, +7.7103e-02, -7.9843e-02, -9.4300e-02, -1.0950e-01, -1.5555e-01, -1.9814e-01, -9.8976e-02, -2.4330e-01, +4.4907e-01, -4.4103e-02, -3.7696e-02
+1.0955e-01, +9.4003e-02, +5.8695e-02, -6.5156e-02, +2.6714e-02, +1.9835e-02, -1.4656e-02, -8.2747e-02, +9.2078e-02, -1.7577e-02, -1.5357e-03, +1.7414e-02, -3.1292e-02, -1.1479e-02, -1.3167e-02, -1.0000e+00, -1.8050e-02, -1.9597e-03, -7.6895e-02, +3.3557e-02, -6.5992e-02, +1.9202e-02, -5.4920e-02, +6.5928e-03, +6.9976e-02, -3.2180e-02, -3.4813e-02, +4.7667e-02, +2.5859e-03, +1.2453e-02, +4.2816e-03, +1.2874e-02, +3.5979e-02, -1.0669e-01, -3.1231e-02, +6.2854e-02, +6.4674e-02, +2.7500e-02, -6.0572e-03, +2.8134e-02, -4.6905e-02, +3.9103e-02, -6.2549e-02, -9.3120e-02, +1.2661e-02, +5.0055e-02, +2.2215e-02, -3.8969e-02, +5.5818e-03, +7.5838e-02
-1.2897e-03, +7.4451e-02, +3.0062e-02, +7.4415e-02, +2.3031e-02, +5.5237e-02, +1.5088e-01, +6.5311e-02, -1.1926e-01, +7.1798e-02, +1.1766e-01, +7.6299e-02, +1.0565e-01, +9.6332e-02, -1.2773e-01, -1.8050e-02, -1.0000e+00, +5.5255e-02, +8.9745e-02, -8.5798e-02, -6.3207e-02, -9.9821e-03, +2.4652e-02, +6.0602e-03, +2.5310e-02, +8.8116e-03, +5.9386e-02, +4.3860e-02, +8.5356e-02, +6.1518e-03, +9.1390e-02, -2.9894e-02, -1.7518e-02, +1.1422e-01, -1.2732e-02, +4.4016e-02, +1.0272e-02, +5.5500e-02, +4.2087e-02, -4.1387e-02, +2.4492e-02, +8.5313e-02, -1.0224e-01, -5.1502e-02, +1.0092e-01, +4.3746e-02, -5.1894e-04, +1.5938e-01, -1.9059e-02, +1.6394e-02
-1.0487e-01, +5.0167e-02, -1.4026e-01, -1.0403e-01, -1.1280e-01, -7.9926e-02, +2.2869e-02, +1.9301e-02, -5.0918e-04, +5.4619e-02, -1.3779e-01, -5.7918e-02, -1.3056e-02, -4.4497e-02, -1.1916e-01, -1.9597e-03, +5.5255e-02, -1.0000e+00, -6.2521e-02, -1.3379e-01, +1.2091e-02, +3.4958e-02, +4.3897e-02, -3.6427e-02, -6.6300e-02, -2.7550e-02, -4.0849e-02, -1.8080e-01, -1.5495e-01, -7.7774e-02, -8.4820e-02, -2.7671e-03, -6.4397e-04, -6.8107e-02, +9.1231e-02, -3.1751e-02, +2.8946e-02, -1.4305e-01, -4.2211e-02, +7.6038e-02, -3.1994e-02, -3.5632e-02, -6.9830e-02, -6.5826e-02, -5.9606e-02, -2.1063e-02, -1.7915e-01, +2.2718e-01, -3.3845e-02, +9.0109e-03
-6.1385e-03, +4.1204e-02, -4.4693e-02, -5.2664e-02, -1.4454e-01, -1.6467e-01, -7.5516e-03, +6.8487e-02, +6.3702e-02, +1.1298e-02, -2.0342e-01, -7.1203e-02, -1.2351e-02, -1.0909e-02, -2.1978e-01, -7.6895e-02, +8.9745e-02, -6.2521e-02, -1.0000e+00, -7.4896e-02, +6.0019e-03, -1.7367e-02, +5.8158e-03, -1.1632e-02, +1.1006e-02, -7.0400e-02, -5.2601e-02, +1.5418e-02, -1.0986e-01, -6.9486e-02, -1.6261e-01, -1.8429e-02, +4.8977e-02, -8.7162e-02, +5.1031e-02, +4.2314e-02, +1.7156e-01, -7.7977e-02, -1.2262e-01, +4.2719e-02, -4.9701e-02, -6.6993e-02, -3.4810e-02, -4.7715e-02, -4.2277e-02, -7.9821e-02, -1.8484e-01, +1.3059e-01, -7.6874e-02, -3.1045e-02
+2.9931e-02, +3.7172e-02, -1.0220e-01, -9.0195e-02, -3.4601e-02, -1.0358e-01, +7.6499e-02, +1.4258e-02, -1.1033e-01, -6.5109e-03, -8.1575e-02, -5.2409e-02, +1.0577e-01, -5.6797e-02, -1.5626e-01, +3.3557e-02, -8.5798e-02, -1.3379e-01, -7.4896e-02, -1.0000e+00, -1.0451e-02, -5.2469e-02, -2.2245e-02, -3.8547e-02, -1.1692e-01, +8.9599e-02, -1.0179e-01, -7.1677e-02, -9.1470e-02, -1.8389e-01, -1.1958e-01, -2.7281e-04, -8.5643e-02, -7.4161e-02, +3.6743e-02, -2.1683e-01, +8.7999e-02, -1.3864e-01, -3.8195e-02, +4.5749e-02, -8.5211e-02, -3.1991e-02, -1.7276e-02, +5.6650e-02, -3.4353e-02, -4.6565e-02, -2.4965e-01, +2.6563e-01, -7.7969e-02, -4.0549e-02
+2.1560e-04, -7.7040e-03, +1.3535e-03, -4.2992e-03, +3.6768e-02, +5.3644e-02, +4.3292e-02, -2.1102e-02, -2.5042e-02, -6.7754e-03, +1.3036e-02, -2.0060e-02, +5.0970e-02, +3.1665e-02, +3.3521e-02, -6.5992e-02, -6.3207e-02, +1.2091e-02, +6.0019e-03, -1.0451e-02, -1.0000e+00, +3.4613e-02, +3.1969e-03, +2.8318e-02, -4.7646e-02, +4.8825e-02, +4.3765e-02, -1.1079e-02, +3.2831e-02, +3.9324e-02, +2.1897e-02, -6.3630e-03, -6.6348e-03, +3.0034e-02, -9.4203e-04, +9.3566e-03, +5.1716e-03, -3.3740e-02, +2.9841e-02, -3.4876e-02, +6.0762e-02, -6.1663e-02, -8.7286e-02, -9.1647e-02, -6.6080e-02, +1.4697e-02, -5.2304e-03, -7.6532e-03, +1.6613e-02, -1.3413e-02
+1.0946e-02, -4.8547e-02, -2.2550e-02, -1.7741e-02, +2.6434e-02, -4.7052e-02, +6.1601e-04, +4.2050e-03, -2.2259e-02, -8.5396e-03, -3.2521e-02, +1.7410e-02, +5.5130e-03, -3.2252e-02, -1.2935e-02, +1.9202e-02, -9.9821e-03, +3.4958e-02, -1.7367e-02, -5.2469e-02, +3.4613e-02, -1.0000e+00, -1.5909e-02, -3.3243e-02, +4.9295e-04, +1.7449e-02, -4.2643e-03, +1.1617e-03, +2.7257e-02, +2.6567e-02, -6.0722e-03, -9.9976e-03, -1.5100e-02, +4.8615e-03, -1.5340e-02, +9.7999e-03, -1.1458e-02, -6.5073e-02, -1.8309e-02, +6.2205e-02, -3.8737e-03, -1.5092e-02, +1.5738e-02, -3.5171e-02, +1.1158e-02, +7.8265e-03, -1.7176e-02, +2.7722e-02, -8.5601e-02, -2.0685e-02
+5.2839e-02, -6.4330e-02, +7.4180e-03, +4.5413e-02, +3.2216e-02, +4.7229e-02, -2.2380e-02, -1.5910e-02, +5.1009e-02, +1.0457e-01, +5.4763e-02, +2.8731e-02, -1.9308e-02, +2.5213e-02, +4.3040e-02, -5.4920e-02, +2.4652e-02, +4.3897e-02, +5.8158e-03, -2.2245e-02, +3.1969e-03, -1.5909e-02, -1.0000e+00, +3.3624e-02, +6.2818e-02, +4.4245e-02, -2.7357e-02, +6.7559e-03, +4.3654e-02, -1.1489e-02, +4.4529e-02, -4.4465e-02, -2.3349e-02, -4.5297e-02, +5.7521e-02, -2.0277e-02, -2.7445e-02, +2.1349e-02, -4.2042e-02, -7.2646e-02, -2.1000e-03, +4.1130e-02, -5.7608e-02, -3.5489e-02, +2.8086e-02, -1.0036e-02, +2.4133e-02, -6.0883e-02, +3.8287e-03, +4.5194e-03
-8.7429e-03, +9.1159e-02, -1.0155e-01, -7.7567e-02, -3.6024e-02, -8.5765e-02, +8.3485e-02, +1.8089e-02, +2.9639e-02, -1.2884e-01, +5.5468e-02, -7.5332e-02, +7.1339e-02, -8.0909e-02, -4.5569e-02, +6.5928e-03, +6.0602e-03, -3.6428e-02, -1.1632e-02, -3.8547e-02, +2.8318e-02, -3.3243e-02, +3.3624e-02, -1.0000e+00, -1.0955e-03, -5.3047e-02, -4.4991e-02, -7.1441e-02, +3.6160e-02, +5.5398e-02, -8.2748e-02, +3.7096e-03, +1.6979e-02, +8.1073e-03, -3.1425e-02, -9.0863e-02, +2.3116e-02, -3.3803e-02, -5.4875e-02, +7.2643e-02, +8.2982e-02, +2.8947e-02, -1.3984e-02, +2.3894e-02, -5.7979e-02, +1.3425e-03, -6.1979e-02, +6.9020e-02, -1.7731e-02, -2.5160e-02
-9.5163e-02, +5.3313e-02, +5.1311e-02, -7.4158e-03, -3.4583e-03, +1.8492e-03, +3.7930e-02, +1.7850e-02, -1.1340e-01, +2.0417e-02, -2.8212e-02, -1.4172e-01, +1.4601e-01, -1.3034e-01, -9.7758e-02, +6.9976e-02, +2.5310e-02, -6.6300e-02, +1.1006e-02, -1.1692e-01, -4.7646e-02, +4.9295e-04, +6.2818e-02, -1.0955e-03, -1.0000e+00, +3.2083e-02, -2.7569e-02, -7.7311e-02, -1.2854e-03, -1.3304e-01, -3.6488e-02, +6.3195e-02, +8.7842e-03, -6.9918e-02, -6.6696e-02, -6.3897e-02, +4.3487e-02, -1.7707e-01, -7.2380e-02, +1.7820e-01, -7.7576e-02, -1.2039e-01, -1.1430e-02, -1.1955e-02, -8.8189e-02, -1.2373e-01, -1.2809e-01, +3.1051e-01, +6.3631e-02, -2.2722e-02
-4.7157e-02, +9.2168e-02, -4.3627e-03, -1.6021e-01, +4.9382e-02, -1.9477e-05, -8.3257e-02, -1.3608e-02, +1.3517e-01, +4.8787e-02, -1.7596e-01, -4.6803e-02, -4.8794e-02, +9.0345e-02, +3.3145e-02, -3.2180e-02, +8.8116e-03, -2.7550e-02, -7.0400e-02, +8.9599e-02, +4.8825e-02, +1.7449e-02, +4.4245e-02, -5.3047e-02, +3.2083e-02, -1.0000e+00, -1.6198e-02, +5.5287e-02, -3.8187e-02, +6.3828e-02, -1.0605e-02, -1.6734e-02, +8.9342e-03, -4.6609e-02, -3.3657e-02, -1.0602e-02, -5.2064e-02, +7.2506e-02, -5.5846e-02, +5.3673e-02, -1.5127e-01, +5.8844e-02, +1.8220e-02, +1.0809e-03, -1.6076e-02, +2.1580e-02, +9.6537e-02, +3.7795e-02, +5.0588e-03, +2.9181e-02
-3.7337e-02, +9.4047e-02, -1.0617e-01, -3.5314e-02, -4.2169e-02, -9.2566e-02, +3.2943e-02, +4.8863e-04, +1.0645e-01, -4.0137e-02, -1.1544e-01, +8.4916e-03, -7.6522e-03, -3.6517e-02, -1.4820e-01, -3.4813e-02, +5.9386e-02, -4.0849e-02, -5.2601e-02, -1.0179e-01, +4.3765e-02, -4.2643e-03, -2.7357e-02, -4.4991e-02, -2.7569e-02, -1.6198e-02, -1.0000e+00, -7.5731e-02, -1.6267e-01, -7.7244e-02, -1.4000e-01, +4.9059e-02, +3.4556e-02, -8.6343e-02, -4.9500e-03, -1.1809e-01, -2.4495e-02, -5.8743e-02, -1.0372e-01, +8.6525e-02, -6.1000e-02, +1.9112e-02, -7.0540e-03, -8.7516e-02, -7.6968e-02, -1.0353e-01, -2.5047e-01, +1.8832e-01, -8.5934e-02, +9.9666e-02
-1.0707e-01, +6.9904e-02, -1.4569e-01, -4.9950e-02, -1.2934e-01, -3.1417e-02, -1.9844e-02, -2.6834e-02, -1.7974e-02, +9.6748e-02, -7.1635e-02, -3.3331e-02, +4.8741e-02, -8.4596e-02, -7.9382e-02, +4.7667e-02, +4.3860e-02, -1.8080e-01, +1.5418e-02, -7.1677e-02, -1.1079e-02, +1.1617e-03, +6.7559e-03, -7.1441e-02, -7.7311e-02, +5.5287e-02, -7.5731e-02, -1.0000e+00, +2.3406e-03, -8.9411e-03, -2.1541e-02, -3.1384e-02, -6.4686e-02, -1.2939e-02, +7.2582e-03, -1.0549e-01, -1.9857e-02, -8.8946e-02, -9.6698e-02, +5.6410e-02, -7.8425e-02, +1.3225e-02, -1.1872e-01, -6.1087e-02, -7.8897e-02, -4.5073e-02, -1.3675e-01, +1.8730e-01, -9.4926e-02, -1.3536e-01
-1.6120e-01, +5.3898e-02, -1.3523e-01, -2.4721e-02, -7.0746e-02, -1.2482e-01, +6.2405e-02, +1.3341e-03, +1.2512e-01, +6.2577e-02, -1.2586e-01, +1.8953e-02, -2.3522e-03, +1.1976e-01, -1.5247e-01, +2.5859e-03, +8.5356e-02, -1.5495e-01, -1.0986e-01, -9.1470e-02, +3.2831e-02, +2.7257e-02, +4.3654e-02, +3.6160e-02, -1.2855e-03, -3.8187e-02, -1.6267e-01, +2.3406e-03, -1.0000e+00, -1.1685e-01, -1.7781e-01, +3.8715e-02, +6.2065e-04, -7.1006e-02, -4.0411e-02, +6.5268e-03, -1.0975e-02, -9.0119e-02, -4.3576e-02, +6.3478e-02, +4.7373e-03, -1.1057e-01, -6.1890e-02, -4.0112e-02, -1.0705e-01, -2.6930e-02, -1.9239e-01, +2.1881e-01, -3.4344e-02, +4.4525e-02
-1.5620e-01, +9.4301e-02, -1.9968e-02, +5.7885e-02, -1.0162e-01, -7.0480e-02, +8.4981e-02, +2.9328e-02, -8.8411e-02, -1.0206e-03, -1.7580e-02, -2.7456e-02, -2.6530e-02, -7.7171e-02, -6.7131e-02, +1.2453e-02, +6.1518e-03, -7.7774e-02, -6.9486e-02, -1.8389e-01, +3.9324e-02, +2.6567e-02, -1.1489e-02, +5.5398e-02, -1.3304e-01, +6.3828e-02, -7.7244e-02, -8.9411e-03, -1.1685e-01, -1.0000e+00, -3.9214e-02, +5.9866e-02, +1.3615e-02, -4.1967e-02, +4.1937e-02, -6.6061e-02, -5.9373e-02, -2.3692e-02, -3.2363e-03, +1.6368e-01, -3.7839e-02, -9.0776e-02, +2.5987e-02, +3.6714e-02, -1.9345e-01, +3.1589e-03, -2.3499e-01, +2.9071e-01, -2.0192e-02, -6.8358e-02
-5.5490e-02, +2.5015e-02, -1.0544e-01, -1.5225e-01, -5.5855e-03, -1.7780e-01, +8.6350e-02, +7.9298e-02, +1.3176e-01, -2.8493e-02, -1.6892e-01, -4.5590e-02, +2.3961e-03, -3.7358e-02, -2.1189e-01, +4.2816e-03, +9.1390e-02, -8.4820e-02, -1.6261e-01, -1.1958e-01, +2.1897e-02, -6.0722e-03, +4.4529e-02, -8.2748e-02, -3.6488e-02, -1.0605e-02, -1.4000e-01, -2.1541e-02, -1.7781e-01, -3.9214e-02, -1.0000e+00, +4.1921e-02, +2.1359e-02, -4.3183e-02, +5.7802e-02, -1.4006e-01, +6.9478e-02, -1.4630e-01, -5.8333e-02, +5.1936e-02, -1.4773e-01, -4.6230e-02, -4.4679e-02, -6.5495e-02, -1.1683e-01, -6.1751e-02, -1.9194e-01, +2.5701e-01, -5.4136e-02, +5.8069e-03
+8.3625e-02, +2.1080e-02, +2.7244e-02, -3.8103e-03, +2.9337e-02, +5.8731e-02, -5.2604e-02, -4.9517e-02, -1.2534e-02, -6.5334e-03, +2.9022e-02, +9.0048e-03, +1.0553e-03, -5.9702e-02, +5.0242e-02, +1.2874e-02, -2.9894e-02, -2.7671e-03, -1.8429e-02, -2.7281e-04, -6.3630e-03, -9.9976e-03, -4.4465e-02, +3.7096e-03, +6.3195e-02, -1.6734e-02, +4.9059e-02, -3.1384e-02, +3.8715e-02, +5.9866e-02, +4.1921e-02, -1.0000e+00, +1.4353e-02, +3.2328e-02, -3.5592e-02, +1.8504e-02, +1.0692e-01, +3.8457e-04, +6.1506e-03, -1.9916e-02, -3.5352e-02, +5.3234e-02, -1.6952e-02, -4.3468e-03, +1.4077e-02, +7.9440e-02, +6.0104e-02, -1.0785e-01, -4.5082e-02, +3.5238e-02
-2.8368e-02, +1.1198e-02, -2.7011e-03, -4.1398e-02, -1.0048e-03, +1.0641e-02, -4.0164e-02, -1.2532e-04, +1.3446e-02, +2.0758e-02, +1.2530e-02, -4.4590e-02, +2.7017e-02, -2.7839e-03, +2.0849e-02, +3.5979e-02, -1.7518e-02, -6.4396e-04, +4.8977e-02, -8.5643e-02, -6.6348e-03, -1.5100e-02, -2.3349e-02, +1.6979e-02, +8.7842e-03, +8.9342e-03, +3.4556e-02, -6.4686e-02, +6.2063e-04, +1.3615e-02, +2.1359e-02, +1.4353e-02, -1.0000e+00, -1.6141e-02, -3.4435e-02, -3.7472e-02, -3.1947e-02, -1.9782e-02, +3.3151e-02, +8.6436e-03, -5.5798e-02, +4.9784e-02, -4.0498e-02, -1.4556e-02, -7.3209e-02, +1.5704e-02, -3.6477e-03, +2.2118e-02, +5.8928e-02, -6.4244e-03
-6.3200e-02, -1.3607e-02, -5.3578e-02, -9.7679e-02, -1.0146e-01, -7.4953e-02, +8.4684e-02, +2.9001e-02, +1.6816e-02, +4.4771e-02, -6.6938e-02, +4.7770e-03, -3.6086e-04, -4.8825e-02, -1.3264e-01, -1.0669e-01, +1.1422e-01, -6.8107e-02, -8.7162e-02, -7.4161e-02, +3.0034e-02, +4.8615e-03, -4.5297e-02, +8.1073e-03, -6.9918e-02, -4.6609e-02, -8.6343e-02, -1.2939e-02, -7.1006e-02, -4.1967e-02, -4.3183e-02, +3.2328e-02, -1.6141e-02, -1.0000e+00, -7.4697e-03, -3.0874e-02, -1.0137e-01, -4.1399e-02, -1.1548e-01, +5.5748e-02, +3.7073e-03, -6.9863e-02, -2.3351e-02, -5.5712e-02, -7.0850e-02, -6.1897e-02, -9.0216e-02, +1.8961e-01, +7.5079e-03, -3.9587e-03
-6.9992e-02, +2.2953e-02, +4.5991e-02, +3.4621e-03, +4.1008e-02, +6.9789e-02, -7.3595e-03, -1.3018e-02, +3.2315e-02, +8.2595e-03, -1.9673e-02, -1.1790e-02, +5.3001e-02, -1.8308e-02, -2.5581e-03, -3.1231e-02, -1.2732e-02, +9.1231e-02, +5.1031e-02, +3.6743e-02, -9.4203e-04, -1.5340e-02, +5.7521e-02, -3.1425e-02, -6.6696e-02, -3.3657e-02, -4.9500e-03, +7.2582e-03, -4.0411e-02, +4.1937e-02, +5.7802e-02, -3.5592e-02, -3.4435e-02, -7.4697e-03, -1.0000e+00, +4.8909e-02, -3.7644e-02, -1.0760e-02, -3.8867e-02, +4.3838e-02, -3.7017e-02, -1.1939e-02, -2.1307e-02, +7.0443e-03, -4.1140e-02, -2.0800e-02, +8.8855e-02, +2.4203e-02, +2.2817e-02, -5.6240e-02
-3.8891e-02, +4.9433e-02, -2.3786e-02, -2.7839e-02, -1.3446e-02, -2.5596e-02, -4.4349e-03, -3.3942e-02, -1.0780e-01, -2.6504e-02, -6.2750e-02, -1.2250e-01, +3.0342e-03, -1.0884e-01, -5.5054e-02, +6.2854e-02, +4.4016e-02, -3.1751e-02, +4.2314e-02, -2.1683e-01, +9.3566e-03, +9.7999e-03, -2.0277e-02, -9.0863e-02, -6.3897e-02, -1.0602e-02, -1.1809e-01, -1.0549e-01, +6.5268e-03, -6.6061e-02, -1.4006e-01, +1.8504e-02, -3.7472e-02, -3.0874e-02, +4.8909e-02, -1.0000e+00, -3.6629e-02, +4.7683e-02, -4.6707e-02, +4.0984e-02, -6.6842e-02, +2.4405e-01, +2.0172e-02, +4.4302e-02, -1.4675e-01, -7.3794e-02, -1.7930e-01, +1.7663e-01, +3.5544e-02, +2.6056e-02
+4.9001e-02, -1.8230e-02, -1.4675e-01, +8.0599e-02, -6.6608e-02, +2.5117e-02, +8.1842e-02, +6.3839e-03, +1.8571e-01, -4.4413e-03, -3.5852e-02, -4.9836e-02, -5.0148e-02, +1.5022e-01, +8.3041e-02, +6.4674e-02, +1.0272e-02, +2.8946e-02, +1.7156e-01, +8.7999e-02, +5.1716e-03, -1.1458e-02, -2.7445e-02, +2.3116e-02, +4.3487e-02, -5.2064e-02, -2.4495e-02, -1.9857e-02, -1.0975e-02, -5.9373e-02, +6.9478e-02, +1.0692e-01, -3.1947e-02, -1.0137e-01, -3.7644e-02, -3.6629e-02, -1.0000e+00, +3.4219e-02, +9.5727e-03, +3.4613e-02, +1.5430e-01, +4.7954e-02, +2.9631e-01, +1.5108e-01, -7.2598e-02, -2.0900e-02, -2.5852e-02, +2.3570e-01, +8.2283e-02, +1.4720e-02
-1.0919e-01, +4.7503e-03, -8.1978e-02, -1.6333e-01, -1.3729e-02, -5.5632e-02, +4.1651e-03, -1.7543e-02, +6.1918e-03, +4.9475e-02, -7.5085e-02, -2.4385e-02, +1.3655e-01, -1.4382e-02, -6.7828e-02, +2.7500e-02, +5.5500e-02, -1.4305e-01, -7.7977e-02, -1.3864e-01, -3.3740e-02, -6.5073e-02, +2.1349e-02, -3.3803e-02, -1.7707e-01, +7.2506e-02, -5.8743e-02, -8.8946e-02, -9.0119e-02, -2.3692e-02, -1.4630e-01, +3.8458e-04, -1.9782e-02, -4.1399e-02, -1.0760e-02, +4.7683e-02, +3.4219e-02, -1.0000e+00, -1.4201e-01, +1.6949e-02, -8.2328e-02, -5.7666e-02, -8.8875e-02, -1.7975e-01, -5.4119e-02, -7.0129e-02, -1.7873e-01, +2.2128e-01, -9.2115e-02, -5.0221e-02
-4.1882e-02, -1.5908e-02, -5.0061e-02, -7.8694e-02, -4.4740e-02, -3.0851e-02, +6.0627e-02, -2.5876e-02, +4.4623e-03, +4.2151e-02, -1.4123e-01, -1.7736e-02, -1.4552e-02, -3.2608e-02, -1.1571e-01, -6.0572e-03, +4.2087e-02, -4.2211e-02, -1.2262e-01, -3.8195e-02, +2.9841e-02, -1.8309e-02, -4.2042e-02, -5.4875e-02, -7.2380e-02, -5.5846e-02, -1.0372e-01, -9.6698e-02, -4.3576e-02, -3.2363e-03, -5.8333e-02, +6.1506e-03, +3.3151e-02, -1.1548e-01, -3.8867e-02, -4.6707e-02, +9.5727e-03, -1.4201e-01, -1.0000e+00, +5.2659e-02, -3.6376e-02, -1.1098e-02, -3.3291e-02, -1.4839e-02, -1.0206e-02, -1.1716e-01, -1.6587e-01, +1.9107e-01, -8.0501e-02, +3.1900e-02
+1.8251e-01, -4.7151e-02, +2.3495e-02, +2.6094e-02, +4.8110e-02, +4.4815e-02, -1.1571e-01, -5.2970e-03, +7.7860e-02, +3.9100e-02, +1.3439e-01, -2.3041e-02, -1.8990e-02, +1.0035e-01, +7.7103e-02, +2.8134e-02, -4.1387e-02, +7.6038e-02, +4.2719e-02, +4.5749e-02, -3.4876e-02, +6.2205e-02, -7.2646e-02, +7.2643e-02, +1.7820e-01, +5.3673e-02, +8.6525e-02, +5.6410e-02, +6.3478e-02, +1.6368e-01, +5.1936e-02, -1.9916e-02, +8.6436e-03, +5.5748e-02, +4.3838e-02, +4.0984e-02, +3.4613e-02, +1.6949e-02, +5.2659e-02, -1.0000e+00, +5.3262e-02, +5.9771e-02, +8.5848e-03, +3.6804e-02, +1.3492e-01, +5.2230e-03, +1.0521e-01, -2.0796e-01, +1.9297e-01, +1.5029e-02
-3.5253e-02, +6.9872e-02, -2.8452e-02, -1.0205e-01, +3.1245e-03, +2.0277e-02, -4.9024e-02, -5.3977e-02, +1.6852e-02, +8.6533e-02, -1.5212e-01, -4.6835e-02, +1.8444e-02, -6.0808e-02, -7.9843e-02, -4.6905e-02, +2.4492e-02, -3.1994e-02, -4.9701e-02, -8.5211e-02, +6.0762e-02, -3.8737e-03, -2.1000e-03, +8.2982e-02, -7.7576e-02, -1.5127e-01, -6.1000e-02, -7.8425e-02, +4.7373e-03, -3.7839e-02, -1.4773e-01, -3.5352e-02, -5.5798e-02, +3.7073e-03, -3.7017e-02, -6.6842e-02, +1.5430e-01, -8.2328e-02, -3.6376e-02, +5.3262e-02, -1.0000e+00, +2.7699e-02, -7.9514e-02, -9.8220e-02, -7.7006e-02, +1.4920e-02, -1.0119e-01, +1.5385e-01, -9.6150e-02, +6.9035e-03
-1.0055e-01, +9.7395e-03, -7.6337e-02, -4.5456e-02, -3.7256e-02, -5.9978e-02, +9.8792e-02, +6.2368e-02, +4.7490e-02, -3.0337e-02, -5.8769e-02, +5.2226e-02, +5.0453e-02, +1.2581e-01, -9.4300e-02, +3.9103e-02, +8.5313e-02, -3.5632e-02, -6.6993e-02, -3.1991e-02, -6.1663e-02, -1.5092e-02, +4.1130e-02, +2.8947e-02, -1.2039e-01, +5.8844e-02, +1.9112e-02, +1.3225e-02, -1.1057e-01, -9.0776e-02, -4.6230e-02, +5.3234e-02, +4.9784e-02, -6.9863e-02, -1.1939e-02, +2.4405e-01, +4.7954e-02, -5.7666e-02, -1.1098e-02, +5.9771e-02, +2.7699e-02, -1.0000e+00, -9.8311e-02, -5.3947e-02, +4.5769e-02, -3.6916e-02, +5.2290e-03, +1.7645e-01, -3.2192e-02, +5.0127e-02
+3.8090e-02, +7.7403e-02, -2.5656e-02, -8.9798e-02, -1.8011e-02, -5.4081e-03, +6.1059e-02, +5.4950e-02, +6.1618e-02, -1.9128e-03, +1.5749e-02, -5.3712e-03, +8.6910e-02, -3.3956e-02, -1.0950e-01, -6.2549e-02, -1.0224e-01, -6.9830e-02, -3.4810e-02, -1.7276e-02, -8.7286e-02, +1.5738e-02, -5.7608e-02, -1.3984e-02, -1.1430e-02, +1.8220e-02, -7.0540e-03, -1.1872e-01, -6.1890e-02, +2.5987e-02, -4.4679e-02, -1.6952e-02, -4.0498e-02, -2.3351e-02, -2.1307e-02, +2.0172e-02, +2.9631e-01, -8.8875e-02, -3.3291e-02, +8.5848e-03, -7.9514e-02, -9.8311e-02, -1.0000e+00, -2.0339e-01, +2.2165e-02, -5.3849e-02, -5.5000e-02, +1.4418e-02, +9.9871e-02, -5.2091e-02
+6.5433e-02, +8.2192e-02, -1.0111e-01, -1.0757e-01, -5.1272e-02, -5.7731e-02, +4.3551e-02, +8.8259e-02, -4.7656e-02, -3.7323e-02, -7.5838e-02, -6.7451e-02, +1.2593e-02, -3.2828e-02, -1.5555e-01, -9.3120e-02, -5.1502e-02, -6.5826e-02, -4.7715e-02, +5.6650e-02, -9.1647e-02, -3.5171e-02, -3.5489e-02, +2.3894e-02, -1.1955e-02, +1.0809e-03, -8.7516e-02, -6.1087e-02, -4.0112e-02, +3.6714e-02, -6.5495e-02, -4.3468e-03, -1.4556e-02, -5.5712e-02, +7.0443e-03, +4.4302e-02, +1.5108e-01, -1.7975e-01, -1.4839e-02, +3.6804e-02, -9.8220e-02, -5.3947e-02, -2.0339e-01, -1.0000e+00, -9.1649e-02, -9.2669e-02, -1.0307e-01, +1.4519e-01, -6.7755e-02, -3.9169e-02
-1.8317e-01, +1.5071e-01, -6.3904e-02, -6.3170e-02, -1.2852e-01, -5.7828e-02, +5.2092e-02, +4.1771e-02, -1.2975e-01, +6.0485e-02, -1.4771e-01, -7.8014e-02, -1.0469e-01, -4.9548e-02, -1.9814e-01, +1.2661e-02, +1.0092e-01, -5.9607e-02, -4.2277e-02, -3.4353e-02, -6.6080e-02, +1.1158e-02, +2.8086e-02, -5.7979e-02, -8.8189e-02, -1.6076e-02, -7.6968e-02, -7.8897e-02, -1.0705e-01, -1.9345e-01, -1.1683e-01, +1.4077e-02, -7.3209e-02, -7.0850e-02, -4.1140e-02, -1.4675e-01, -7.2598e-02, -5.4119e-02, -1.0206e-02, +1.3492e-01, -7.7006e-02, +4.5769e-02, +2.2165e-02, -9.1649e-02, -1.0000e+00, -4.6882e-02, -1.6573e-01, +3.3404e-01, -1.0083e-01, -8.5223e-02
-8.6252e-02, -4.3744e-02, -8.9599e-02, -7.8649e-03, -6.8130e-02, -5.3062e-02, +6.9872e-02, +6.7251e-02, -6.4912e-02, +4.4967e-02, -4.0229e-02, -1.0666e-01, +1.4483e-02, -5.7414e-02, -9.8976e-02, +5.0055e-02, +4.3746e-02, -2.1063e-02, -7.9821e-02, -4.6565e-02, +1.4697e-02, +7.8265e-03, -1.0036e-02, +1.3425e-03, -1.2373e-01, +2.1580e-02, -1.0353e-01, -4.5073e-02, -2.6930e-02, +3.1589e-03, -6.1751e-02, +7.9440e-02, +1.5704e-02, -6.1897e-02, -2.0800e-02, -7.3794e-02, -2.0900e-02, -7.0129e-02, -1.1716e-01, +5.2230e-03, +1.4920e-02, -3.6916e-02, -5.3849e-02, -9.2669e-02, -4.6882e-02, -1.0000e+00, -1.3575e-01, +2.1733e-01, -5.3868e-03, +1.5020e-03
-1.3385e-01, +2.1445e-02, -1.0684e-01, -7.3121e-03, -1.4799e-01, -2.3440e-01, +9.1746e-02, +2.7215e-02, -9.5802e-02, +9.0315e-02, -1.9756e-01, -5.7540e-02, -5.5408e-03, -2.7269e-03, -2.4330e-01, +2.2215e-02, -5.1894e-04, -1.7915e-01, -1.8484e-01, -2.4965e-01, -5.2304e-03, -1.7176e-02, +2.4133e-02, -6.1979e-02, -1.2809e-01, +9.6537e-02, -2.5047e-01, -1.3675e-01, -1.9239e-01, -2.3499e-01, -1.9194e-01, +6.0104e-02, -3.6477e-03, -9.0216e-02, +8.8855e-02, -1.7930e-01, -2.5852e-02, -1.7873e-01, -1.6587e-01, +1.0521e-01, -1.0119e-01, +5.2290e-03, -5.5000e-02, -1.0307e-01, -1.6573e-01, -1.3575e-01, -1.0000e+00, +4.5512e-01, -1.2587e-01, -2.1327e-02
+3.0904e-01, -1.7557e-01, +3.1337e-01, +1.7378e-01, +2.3578e-01, +2.1193e-01, -1.9859e-01, -1.0478e-01, +2.2478e-01, -3.4187e-01, +2.6059e-01, +1.7262e-01, -1.5203e-02, +9.7770e-02, +4.4907e-01, -3.8969e-02, +1.5938e-01, +2.2718e-01, +1.3059e-01, +2.6563e-01, -7.6532e-03, +2.7722e-02, -6.0883e-02, +6.9020e-02, +3.1051e-01, +3.7795e-02, +1.8832e-01, +1.8730e-01, +2.1881e-01, +2.9071e-01, +2.5701e-01, -1.0785e-01, +2.2118e-02, +1.8961e-01, +2.4203e-02, +1.7663e-01, +2.3570e-01, +2.2128e-01, +1.9107e-01, -2.0796e-01, +1.5385e-01, +1.7645e-01, +1.4418e-02, +1.4519e-01, +3.3404e-01, +2.1733e-01, +4.5512e-01, -1.0000e+00, +1.6977e-01, +2.6962e-02
-1.5817e-02, +6.7054e-02, -1.8402e-01, +2.9901e-02, -1.4521e-02, -4.1028e-02, +1.5112e-02, +1.7648e-02, -1.3018e-01, -2.9724e-02, -1.1104e-01, +8.2245e-03, +1.9456e-02, -8.6764e-02, -4.4103e-02, +5.5818e-03, -1.9059e-02, -3.3845e-02, -7.6874e-02, -7.7969e-02, +1.6613e-02, -8.5601e-02, +3.8287e-03, -1.7731e-02, +6.3631e-02, +5.0588e-03, -8.5934e-02, -9.4926e-02, -3.4344e-02, -2.0192e-02, -5.4136e-02, -4.5082e-02, +5.8928e-02, +7.5079e-03, +2.2817e-02, +3.5544e-02, +8.2283e-02, -9.2115e-02, -8.0501e-02, +1.9297e-01, -9.6150e-02, -3.2192e-02, +9.9871e-02, -6.7755e-02, -1.0083e-01, -5.3869e-03, -1.2587e-01, +1.6977e-01, -1.0000e+00, +7.0818e-02
+2.1229e-02, -3.9311e-02, +5.6825e-02, -4.0499e-02, -2.4017e-02, +3.3801e-02, -7.1807e-02, +1.4287e-02, +3.7631e-02, +2.7130e-02, +3.6220e-02, -2.9788e-02, -2.6673e-02, -6.3427e-02, -3.7696e-02, +7.5838e-02, +1.6394e-02, +9.0109e-03, -3.1045e-02, -4.0549e-02, -1.3413e-02, -2.0685e-02, +4.5194e-03, -2.5160e-02, -2.2722e-02, +2.9180e-02, +9.9666e-02, -1.3536e-01, +4.4525e-02, -6.8358e-02, +5.8069e-03, +3.5238e-02, -6.4244e-03, -3.9587e-03, -5.6240e-02, +2.6056e-02, +1.4720e-02, -5.0221e-02, +3.1900e-02, +1.5029e-02, +6.9035e-03, +5.0127e-02, -5.2091e-02, -3.9169e-02, -8.5223e-02, +1.5020e-03, -2.1327e-02, +2.6962e-02, +7.0818e-02, -1.0000e+00
