-1.0000e+00, -1.0579e-03, -3.2240e-02, +1.8599e-02, -1.9571e-02, +8.0567e-02, +3.5132e-03, +1.5618e-02, -8.0073e-02, +1.9268e-02, -2.0054e-02, -9.2733e-02, +9.0715e-02, +1.2104e-01, +4.9136e-03, +6.6693e-02, -2.4378e-02, -9.6409e-03, +9.0891e-02, -4.1362e-02, +3.9717e-02, +5.6531e-03, +3.4530e-03, -1.5682e-02, -8.1775e-02, +2.7670e-02, +1.0326e-02, +6.4346e-02, +3.3147e-03, +4.7796e-02, -5.4639e-02, -3.9862e-02, +7.7713e-02, -6.3140e-03, +5.2714e-02, +7.3975e-02, -6.9766e-02, -8.0093e-02, -7.9232e-03, -9.5248e-02, +1.4800e-02, +6.6853e-03, +3.3125e-02, -4.6139e-03, +4.7030e-04, +1.9362e-02, -2.6769e-02, +2.5385e-01, -1.2715e-02, -5.7126e-02
-1.0579e-03, -1.0000e+00, +1.6178e-02, -6.1353e-02, -1.3816e-01, +4.2254e-02, -6.0627e-02, +4.7294e-02, +5.2775e-02, +8.1523e-02, -3.5135e-02, -1.2291e-02, +3.6923e-04, -9.3879e-02, -4.0199e-02, -3.6311e-02, +7.6120e-02, -2.0792e-02, -1.5079e-02, +4.1142e-02, -7.7415e-02, +1.5852e-02, +4.3348e-02, +4.2366e-02, -3.6842e-02, +4.5994e-02, -6.1894e-02, -1.0764e-01, -3.9556e-03, -2.9995e-02, -1.3644e-01, -2.9485e-02, -4.7947e-02, -4.2746e-02, +2.0216e-02, +3.7037e-03, -3.5733e-02, +3.8039e-03, -1.1014e-02, +4.8163e-02, -1.2623e-01, -1.1768e-02, -9.4955e-02, +1.1357e-02, -3.0160e-02, -3.7368e-02, -6.8464e-02, +1.3216e-01, +1.9896e-02, +5.2494e-02
-3.2240e-02, +1.6178e-02, -1.0000e+00, +1.3239e-01, -1.1691e-01, -1.3994e-01, +1.2140e-01, -2.4737e-02, -1.4801e-01, +5.8340e-02, -2.0142e-01, -2.8931e-03, +3.0924e-02, -4.2708e-02, +7.1207e-02, +3.7153e-02, +2.9415e-02, +1.7674e-01, -6.0324e-03, +5.6599e-02, -1.5696e-01, -3.5564e-02, +5.9854e-03, -1.4697e-01, -1.2364e-01, -1.4385e-01, -1.5871e-01, -9.2485e-02, -7.6536e-02, -8.2885e-02, +8.6881e-02, -3.9469e-02, +5.0500e-02, -5.0413e-02, -1.0272e-01, +1.1365e-01, -1.1075e-01, +2.5160e-02, +3.4259e-02, +2.4998e-02, +5.7409e-02, +1.5664e-02, +4.1389e-02, -6.1369e-02, -2.4727e-01, -1.1234e-01, -1.0645e-01, -1.0233e-01, +5.5230e-02, +4.2755e-02
+1.8599e-02, -6.1353e-02, +1.3239e-01, -1.0000e+00, -1.1196e-01, -2.3989e-01, +1.1267e-01, -2.6061e-02, +1.0391e-01, +7.7387e-02, -2.4312e-01, -1.0082e-01, +2.6314e-02, -1.0528e-01, -1.4263e-01, +7.3481e-02, +8.5097e-02, -8.8139e-03, -1.6517e-01, -1.2540e-01, -3.1982e-03, -3.2793e-02, +8.8191e-02, -1.5632e-01, -3.2789e-02, -1.5684e-01, -1.5496e-01, -1.4878e-01, -6.7395e-02, -1.0464e-01, -2.6416e-01, -6.5442e-02, -2.7296e-03, -4.2557e-02, -1.4958e-02, +5.8019e-02, +2.5604e-01, -1.3244e-01, -1.1109e-01, -5.2372e-02, -1.2302e-01, +3.1107e-02, -3.4814e-02, -1.1257e-02, -2.0930e-01, -1.3213e-01, -2.5031e-01, +1.2034e-01, +1.1271e-02, +8.0371e-02
-1.9571e-02, -1.3816e-01, -1.1691e-01, -1.1196e-01, -1.0000e+00, -7.3588e-02, +1.0504e-03, +5.5041e-02, +3.9471e-02, +5.2817e-02, -1.2224e-01, -2.8373e-02, -4.2644e-02, -1.3738e-01, -1.2043e-01, +9.7695e-02, +9.6456e-02, -1.0259e-02, -1.5395e-01, -8.2489e-03, -2.0801e-01, +2.0001e-02, +8.3619e-02, -1.1242e-01, +1.8912e-02, -6.0142e-02, -1.7968e-01, -1.7453e-01, -1.7384e-01, -1.0695e-01, -1.3249e-01, -4.6353e-02, -4.6320e-02, +1.7079e-02, -2.9389e-02, +1.6721e-03, -4.4069e-02, +2.5246e-02, -4.4359e-02, -8.2821e-03, -2.9754e-02, +1.4816e-03, +2.9088e-02, -7.9881e-02, -2.6229e-01, -1.0307e-01, -1.9380e-01, +2.3478e-01, -4.5981e-03, +3.6986e-03
+8.0567e-02, +4.2254e-02, -1.3994e-01, -2.3989e-01, -7.3588e-02, -1.0000e+00, +3.3341e-02, +1.9855e-01, +4.3079e-02, +1.3842e-02, -3.4771e-01, -3.3155e-02, -5.3573e-02, -2.6184e-01, -2.2610e-01, -2.3018e-02, -4.7255e-02, +4.9192e-02, -2.1884e-01, -1.7616e-01, -7.3150e-02, -7.5437e-02, +8.6293e-02, -2.4669e-01, -8.9608e-02, -1.4480e-01, -4.6449e-01, -2.5995e-01, -6.3329e-02, -1.4248e-01, -1.6334e-01, +2.0676e-02, -8.5618e-02, -4.6284e-02, -6.5582e-02, +2.3723e-02, +3.9591e-01, -1.8511e-01, -9.6285e-02, -9.3258e-02, -4.7789e-02, -2.2377e-02, -3.6922e-03, -8.7368e-02, -2.2577e-01, -1.9423e-02, -3.7485e-01, -1.5370e-01, +2.5984e-02, +4.3297e-02
+3.5132e-03, -6.0627e-02, +1.2140e-01, +1.1267e-01, +1.0504e-03, +3.3341e-02, -1.0000e+00, +2.8120e-01, +6.1185e-02, +5.3652e-02, +5.4043e-02, +1.3546e-01, -1.2153e-01, +7.1822e-02, +1.2186e-01, -1.1862e-02, +1.4691e-01, +2.2872e-01, -5.5332e-03, -1.3271e-01, +1.6455e-01, -2.9646e-02, +1.0352e-01, -4.6524e-02, +1.3038e-01, +4.8139e-02, +4.2514e-03, +5.4150e-02, +1.3616e-02, +1.6720e-01, -1.0717e-01, +6.4884e-02, -7.0134e-03, +9.4576e-02, +1.1234e-01, +7.1821e-02, +2.8656e-02, -6.2918e-02, +4.9105e-02, +6.3749e-03, +3.3458e-02, -3.0480e-02, +9.4805e-02, +1.1989e-02, +1.0807e-01, +1.3526e-01, +1.2033e-01, +6.9542e-02, +3.6059e-02, +9.6361e-04
+1.5618e-02, +4.7294e-02, -2.4737e-02, -2.6061e-02, +5.5041e-02, +1.9855e-01, +2.8120e-01, -1.0000e+00, +3.4758e-03, +6.7029e-02, +1.9134e-01, +2.8844e-01, -2.7067e-02, +1.0950e-01, +6.4200e-02, +8.6714e-02, +7.3699e-02, +2.3663e-01, +1.4691e-01, +6.3422e-02, +7.3000e-03, +6.9340e-02, +1.6657e-01, +1.4646e-01, +2.0726e-02, +7.0105e-02, +2.5766e-01, -2.4931e-02, -1.2269e-01, -1.5215e-02, +5.2110e-02, +5.5094e-03, +3.4640e-02, -1.3533e-01, +1.1922e-02, -4.0487e-02, -1.5128e-01, +2.5236e-02, +2.0228e-02, +2.6788e-02, -4.9270e-02, +4.9371e-02, -1.4663e-02, +3.0262e-02, +1.7995e-02, -1.2426e-01, +2.7896e-03, +6.1060e-02, -1.8652e-02, +5.0917e-03
-8.0073e-02, +5.2775e-02, -1.4801e-01, +1.0391e-01, +3.9471e-02, +4.3079e-02, +6.1185e-02, +3.4758e-03, -1.0000e+00, -1.9781e-04, +4.6312e-02, +2.0281e-02, +3.4566e-02, +1.6427e-01, +1.1222e-01, -6.5447e-02, -1.2585e-01, +1.1944e-01, +1.1753e-01, +1.9158e-02, -8.1976e-02, -1.0466e-01, -1.7265e-01, +8.1279e-03, -2.1252e-02, +1.3727e-01, +7.0506e-02, +5.3587e-02, +7.5437e-02, +7.7930e-02, +1.5327e-01, -1.2535e-01, +2.8147e-02, +4.5367e-02, -3.2581e-03, -4.5807e-02, -7.7680e-02, -9.5487e-04, +6.6815e-03, +1.4142e-02, +2.1180e-01, -5.7902e-02, +6.0806e-02, -8.9206e-02, +5.1402e-02, -2.2048e-02, +4.2837e-02, -6.1098e-02, -9.8892e-02, +4.4741e-02
+1.9268e-02, +8.1523e-02, +5.8340e-02, +7.7387e-02, +5.2817e-02, +1.3842e-02, +5.3652e-02, +6.7029e-02, -1.9781e-04, -1.0000e+00, -8.8855e-02, +6.7574e-02, +2.8993e-02, +1.3384e-02, +9.8949e-02, +2.9552e-02, +1.0199e-01, +5.1382e-02, +8.5357e-03, +3.2268e-03, -1.1068e-02, +5.4418e-03, +1.1075e-01, -1.3766e-01, +4.2225e-02, +9.3332e-02, -4.5856e-02, +8.2207e-02, +7.4845e-02, +1.7869e-02, -3.6349e-02, -3.8724e-02, +2.6504e-02, -1.1099e-02, -1.7301e-03, -7.4191e-03, +6.4558e-03, +6.9694e-02, +1.4083e-02, +5.7301e-02, +7.7748e-02, +2.0484e-02, +7.3077e-03, -7.4476e-03, +5.0083e-02, +2.9378e-02, +1.2265e-01, +3.7723e-03, -3.4311e-04, +1.6447e-02
-2.0054e-02, -3.5135e-02, -2.0142e-01, -2.4312e-01, -1.2224e-01, -3.4771e-01, +5.4043e-02, +1.9134e-01, +4.6312e-02, -8.8855e-02, -1.0000e+00, -1.0584e-01, -1.1409e-01, -2.0616e-01, -2.3534e-01, +4.0167e-02, -3.4230e-02, +4.1401e-02, -2.7327e-01, -6.3924e-02, -1.3413e-01, +6.3616e-02, +1.9057e-01, -1.4307e-01, -4.0853e-02, -2.0653e-01, -4.3854e-01, -2.9280e-01, -1.1962e-01, -1.3270e-01, -2.6098e-01, -4.6783e-04, +2.6400e-02, -7.7338e-02, -1.0992e-01, -3.7313e-02, +2.0656e-01, -1.7720e-01, -1.9883e-01, -1.0495e-01, -1.0128e-01, -2.6063e-02, -1.3666e-02, -4.5174e-02, -3.1766e-01, -5.0970e-02, -3.5881e-01, +1.1893e-01, +2.3522e-02, +7.0189e-02
-9.2733e-02, -1.2291e-02, -2.8931e-03, -1.0082e-01, -2.8373e-02, -3.3155e-02, +1.3546e-01, +2.8844e-01, +2.0281e-02, +6.7574e-02, -1.0584e-01, -1.0000e+00, +6.7909e-02, -5.5059e-02, -5.6835e-02, -7.1286e-03, +1.4785e-01, +1.7191e-01, -1.1333e-01, +1.2154e-02, +1.2086e-02, -4.8918e-02, +1.0200e-01, -9.5753e-02, -1.4611e-01, +3.1605e-02, -1.1749e-01, +4.1969e-02, -7.0123e-02, +1.0043e-02, -1.1987e-01, +6.8221e-02, +1.1329e-01, +8.6939e-02, +3.5974e-02, +6.1340e-02, -2.1400e-02, -5.4609e-02, -1.1495e-01, -7.5800e-02, +2.1414e-02, +1.9671e-02, +2.0542e-02, -6.0679e-02, -2.3057e-02, +2.0111e-02, -5.1242e-02, +1.3171e-01, -2.1910e-03, -1.9881e-02
+9.0715e-02, +3.6924e-04, +3.0924e-02, +2.6314e-02, -4.2644e-02, -5.3573e-02, -1.2153e-01, -2.7067e-02, +3.4566e-02, +2.8993e-02, -1.1409e-01, +6.7909e-02, -1.0000e+00, -5.2463e-02, +2.5393e-02, +3.3900e-02, +6.2424e-02, +9.3260e-02, -6.4652e-02, +2.0355e-02, -5.6288e-02, -1.8646e-02, +8.5626e-02, +1.5640e-02, +4.4013e-02, -3.1479e-02, -1.0837e-01, -1.0610e-01, -4.2218e-02, -4.1490e-02, -3.1459e-02, +4.4274e-02, -1.7568e-01, +1.6528e-02, -4.9840e-02, -6.4025e-02, +9.1429e-02, -4.2836e-02, -2.8768e-02, -5.6247e-02, -4.1565e-02, -9.7414e-03, -8.8959e-02, -4.4927e-03, -2.0592e-01, +1.5516e-02, -7.1979e-02, -5.1870e-02, +1.4892e-02, -1.0225e-03
+1.2104e-01, -9.3879e-02, -4.2708e-02, -1.0528e-01, -1.3738e-01, -2.6184e-01, +7.1822e-02, +1.0950e-01, +1.6427e-01, +1.3384e-02, -2.0616e-01, -5.5059e-02, -5.2463e-02, -1.0000e+00, -5.2146e-02, -1.1297e-02, +8.1389e-02, +6.7379e-05, -2.2036e-01, -5.5825e-02, -1.0377e-01, -3.0747e-02, +3.2759e-02, -1.5314e-01, -6.6850e-02, -7.5305e-02, -2.5405e-01, -2.4301e-01, -3.5401e-02, -2.6306e-01, -2.0185e-01, -1.7822e-02, -1.3888e-01, -1.2735e-01, -6.5235e-02, +1.4671e-02, +2.2375e-01, -3.5700e-02, -1.2665e-01, -1.0645e-01, -5.8304e-02, +3.2770e-02, +1.4517e-01, -5.5186e-02, -1.5647e-01, -1.0077e-01, -1.4377e-01, -5.3812e-02, +5.3396e-02, -1.6107e-02
+4.9136e-03, -4.0199e-02, +7.1207e-02, -1.4263e-01, -1.2043e-01, -2.2610e-01, +1.2186e-01, +6.4200e-02, +1.1222e-01, +9.8949e-02, -2.3534e-01, -5.6835e-02, +2.5393e-02, -5.2146e-02, -1.0000e+00, +2.6568e-02, -1.5553e-01, -2.8690e-02, -1.4887e-01, -5.4942e-02, -7.4191e-02, +1.2598e-01, -1.6454e-01, -8.1911e-02, -2.6411e-02, -2.4796e-02, -2.3362e-01, -2.0968e-01, -9.8688e-02, -3.0185e-02, -1.8256e-01, -5.7141e-02, +1.9438e-02, -8.9160e-02, +1.6332e-02, -2.1026e-02, +2.2422e-01, -1.4817e-01, -1.1695e-01, -5.0576e-02, -1.4311e-01, +4.7681e-02, -7.9319e-02, -8.9214e-02, -1.4929e-01, +2.1829e-02, -1.6096e-01, +3.8461e-01, +9.9970e-02, +8.0283e-02
+6.6693e-02, -3.6311e-02, +3.7153e-02, +7.3481e-02, +9.7695e-02, -2.3018e-02, -1.1862e-02, +8.6714e-02, -6.5447e-02, +2.9552e-02, +4.0167e-02, -7.1286e-03, +3.3900e-02, -1.1297e-02, +2.6568e-02, -1.0000e+00, +4.5584e-04, +7.9746e-03, +3.9246e-02, +2.2430e-01, -1.6346e-01, -2.2085e-02, -1.7201e-01, -2.2016e-02, +4.4684e-02, +2.4297e-02, -4.1872e-02, +3.6844e-02, +4.1261e-02, +3.0740e-02, -2.6041e-03, +2.9121e-02, +6.1781e-02, +2.1488e-01, -1.6504e-03, -4.1812e-02, -7.1757e-02, +3.1861e-02, +1.6160e-02, +1.7368e-01, -3.5778e-02, +9.1887e-02, +9.3957e-02, +4.1313e-02, +1.0902e-01, -5.7759e-02, +1.0359e-02, -3.6563e-02, +6.7184e-02, -9.8981e-02
-2.4378e-02, +7.6120e-02, +2.9415e-02, +8.5097e-02, +9.6456e-02, -4.7255e-02, +1.4691e-01, +7.3699e-02, -1.2585e-01, +1.0199e-01, -3.4230e-02, +1.4785e-01, +6.2424e-02, +8.1389e-02, -1.5553e-01, +4.5584e-04, -1.0000e+00, +1.6856e-02, +6.3667e-02, +2.4306e-02, -4.0717e-02, +6.0334e-03, +9.0925e-02, +1.0695e-01, +1.3420e-02, +1.6294e-02, +2.3672e-02, +3.7426e-02, +7.6821e-02, +2.0028e-02, +1.4362e-01, -1.1617e-01, -3.2661e-03, +2.5030e-03, -5.1057e-02, -1.2108e-02, -2.1171e-02, +5.3353e-03, +4.4184e-02, +4.3092e-02, +4.3574e-02, -6.5661e-03, -1.1970e-02, -8.4438e-03, +6.7520e-02, +3.4273e-02, +6.8288e-02, +4.2820e-03, -2.8713e-02, +8.4219e-02
-9.6409e-03, -2.0792e-02, +1.7674e-01, -8.8139e-03, -1.0259e-02, +4.9192e-02, +2.2872e-01, +2.3663e-01, +1.1944e-01, +5.1382e-02, +4.1402e-02, +1.7191e-01, +9.3260e-02, +6.7378e-05, -2.8690e-02, +7.9746e-03, +1.6856e-02, -1.0000e+00, -7.5093e-03, +3.2188e-02, -1.2933e-01, -8.5799e-04, +9.1623e-02, +1.7781e-01, +5.3158e-02, -3.6359e-02, +1.2896e-01, +3.0471e-02, +8.0430e-02, +4.2318e-03, +9.4846e-02, +2.4649e-02, -1.5760e-01, -1.0189e-03, -1.2610e-03, +1.8591e-02, +1.5907e-01, -4.9485e-02, +2.6659e-02, -4.1115e-02, -3.2859e-02, -2.0759e-02, -3.4212e-02, +3.8774e-02, +2.3525e-01, +9.7341e-02, +5.7516e-02, +7.1241e-02, +1.0921e-02, -2.9338e-02
+9.0891e-02, -1.5079e-02, -6.0325e-03, -1.6517e-01, -1.5395e-01, -2.1884e-01, -5.5331e-03, +1.4691e-01, +1.1753e-01, +8.5357e-03, -2.7327e-01, -1.1333e-01, -6.4652e-02, -2.2036e-01, -1.4887e-01, +3.9246e-02, +6.3667e-02, -7.5094e-03, -1.0000e+00, -1.6340e-01, +9.8560e-02, -7.3275e-02, +9.0178e-02, -1.6389e-01, +2.3448e-02, -1.6176e-01, -1.9584e-01, -2.0901e-01, -8.3066e-02, -1.5345e-01, -7.5888e-02, -3.8503e-04, +1.0630e-02, -5.4736e-02, -2.6134e-02, -4.7347e-02, +3.2647e-01, -1.3389e-01, -1.5341e-01, -4.8764e-02, -6.6237e-02, -5.7790e-02, -5.5360e-02, -1.3623e-02, -1.9453e-01, -1.2648e-01, -2.4540e-01, +4.2066e-02, -5.2099e-02, -2.9093e-02
-4.1362e-02, +4.1142e-02, +5.6599e-02, -1.2540e-01, -8.2489e-03, -1.7616e-01, -1.3271e-01, +6.3422e-02, +1.9158e-02, +3.2268e-03, -6.3924e-02, +1.2154e-02, +2.0355e-02, -5.5825e-02, -5.4942e-02, +2.2430e-01, +2.4306e-02, +3.2188e-02, -1.6340e-01, -1.0000e+00, +5.4330e-01, +5.2744e-02, +1.0978e-01, -1.5535e-01, -3.5875e-02, -1.2217e-01, -9.4298e-02, -1.3394e-01, -3.1037e-02, -3.8970e-02, -2.2222e-02, -1.1904e-01, -1.5755e-01, -5.8497e-02, -1.8917e-02, -3.4066e-02, +2.1378e-01, -2.0023e-01, +4.0185e-04, -3.0239e-02, +5.9275e-02, +9.3610e-02, +3.2537e-01, +7.8412e-02, -8.4297e-02, +4.5099e-02, -1.6230e-01, +2.1758e-02, +5.0287e-02, -2.1124e-03
+3.9717e-02, -7.7415e-02, -1.5696e-01, -3.1982e-03, -2.0801e-01, -7.3150e-02, +1.6455e-01, +7.3000e-03, -8.1976e-02, -1.1068e-02, -1.3413e-01, +1.2086e-02, -5.6288e-02, -1.0377e-01, -7.4192e-02, -1.6346e-01, -4.0717e-02, -1.2933e-01, +9.8560e-02, +5.4330e-01, -1.0000e+00, +1.2413e-01, -2.2174e-02, -2.8540e-02, -2.7036e-02, +6.9252e-02, -1.9203e-01, -8.7181e-02, -1.3904e-01, -2.3078e-02, -6.7755e-02, +2.8456e-02, +1.8831e-02, +1.2259e-02, -6.9253e-03, -7.3697e-02, +6.7589e-02, -7.7330e-02, -7.3902e-02, +2.8706e-02, -1.1977e-01, +2.6578e-02, +6.6732e-02, -3.3457e-01, -1.0467e-02, +1.4321e-02, -3.7126e-02, -1.6146e-02, +5.7915e-02, +5.0876e-02
+5.6531e-03, +1.5852e-02, -3.5564e-02, -3.2793e-02, +2.0001e-02, -7.5437e-02, -2.9646e-02, +6.9340e-02, -1.0466e-01, +5.4418e-03, +6.3616e-02, -4.8918e-02, -1.8646e-02, -3.0747e-02, +1.2598e-01, -2.2085e-02, +6.0334e-03, -8.5798e-04, -7.3275e-02, +5.2744e-02, +1.2413e-01, -1.0000e+00, +1.7803e-02, -5.9685e-02, -8.3463e-02, +2.5017e-02, +7.6704e-02, +5.1662e-02, -1.2887e-01, -4.9240e-02, -1.4205e-02, -3.6421e-02, +2.4442e-02, -3.4685e-02, +2.3159e-02, -6.9754e-02, +1.8557e-01, +2.1431e-01, -2.8232e-03, +5.8900e-02, +6.7141e-02, -3.0091e-03, +4.6390e-02, +4.2045e-02, -8.4759e-02, -1.0132e-02, +1.0110e-01, +3.1221e-02, -4.8631e-02, -1.1531e-01
+3.4530e-03, +4.3348e-02, +5.9854e-03, +8.8191e-02, +8.3619e-02, +8.6293e-02, +1.0352e-01, +1.6657e-01, -1.7265e-01, +1.1075e-01, +1.9057e-01, +1.0200e-01, +8.5626e-02, +3.2759e-02, -1.6454e-01, -1.7201e-01, +9.0925e-02, +9.1623e-02, +9.0178e-02, +1.0978e-01, -2.2174e-02, +1.7803e-02, -1.0000e+00, -3.4661e-02, -2.9772e-03, +4.9260e-02, +3.7858e-02, +3.2150e-02, +2.3727e-01, +7.1456e-02, +1.1922e-01, -1.0704e-01, +1.2380e-02, -4.1550e-02, -5.5295e-02, -2.9237e-02, +8.1680e-02, +7.5332e-02, +9.8776e-02, -2.0095e-02, +2.4976e-02, +4.3793e-03, -1.8358e-02, -8.9148e-02, +5.8816e-02, -4.0895e-02, +1.9936e-02, -2.6792e-02, -1.2892e-02, +2.7307e-02
-1.5682e-02, +4.2366e-02, -1.4697e-01, -1.5632e-01, -1.1242e-01, -2.4669e-01, -4.6524e-02, +1.4646e-01, +8.1279e-03, -1.3766e-01, -1.4307e-01, -9.5753e-02, +1.5640e-02, -1.5314e-01, -8.1911e-02, -2.2016e-02, +1.0695e-01, +1.7781e-01, -1.6389e-01, -1.5535e-01, -2.8540e-02, -5.9685e-02, -3.4661e-02, -1.0000e+00, -6.0774e-02, -1.6791e-01, -2.8667e-01, -1.6422e-01, -4.4900e-02, -1.0237e-01, -1.9341e-01, -3.6899e-02, +2.4949e-03, -4.8661e-02, +7.7191e-03, +4.7581e-02, +2.3890e-01, -1.3717e-01, -2.7249e-02, -4.2216e-04, -1.5647e-02, +1.0865e-01, +2.6037e-02, -6.1406e-02, -2.7631e-01, -1.5839e-01, -1.3999e-01, +3.1120e-02, -3.0235e-02, +6.2066e-02
-8.1775e-02, -3.6842e-02, -1.2364e-01, -3.2789e-02, +1.8912e-02, -8.9608e-02, +1.3038e-01, +2.0726e-02, -2.1252e-02, +4.2225e-02, -4.0853e-02, -1.4611e-01, +4.4013e-02, -6.6850e-02, -2.6411e-02, +4.4684e-02, +1.3420e-02, +5.3159e-02, +2.3448e-02, -3.5875e-02, -2.7036e-02, -8.3463e-02, -2.9772e-03, -6.0774e-02, -1.0000e+00, +8.1263e-02, -5.5628e-02, -1.3809e-01, -6.0806e-02, -6.7712e-03, +4.2133e-02, -3.7416e-02, +2.8813e-02, +2.2312e-02, -1.8352e-02, +1.1140e-01, -3.7836e-02, -6.1370e-02, -6.8940e-02, -5.8266e-02, +1.0855e-03, -2.6204e-02, +8.1092e-02, -4.7188e-02, -6.6918e-02, -1.3538e-02, -3.0215e-02, +4.4084e-02, -3.8838e-02, -1.1260e-03
+2.7670e-02, +4.5994e-02, -1.4385e-01, -1.5684e-01, -6.0142e-02, -1.4480e-01, +4.8139e-02, +7.0105e-02, +1.3727e-01, +9.3332e-02, -2.0653e-01, +3.1605e-02, -3.1479e-02, -7.5305e-02, -2.4796e-02, +2.4297e-02, +1.6294e-02, -3.6359e-02, -1.6176e-01, -1.2217e-01, +6.9252e-02, +2.5017e-02, +4.9260e-02, -1.6791e-01, +8.1263e-02, -1.0000e+00, -1.0595e-01, +1.3722e-02, +2.7795e-02, -5.8320e-02, -5.1449e-02, +1.4295e-02, -2.0239e-02, -2.2600e-02, -3.8659e-02, -3.2773e-02, +6.3125e-02, -8.6011e-02, +2.3552e-02, +1.1965e-01, -6.7673e-02, +1.7873e-02, +2.4799e-02, +5.6337e-02, -2.2071e-01, -6.6962e-02, -1.0545e-01, -2.2704e-02, -1.3128e-02, -2.9830e-02
+1.0326e-02, -6.1894e-02, -1.5871e-01, -1.5496e-01, -1.7968e-01, -4.6449e-01, +4.2514e-03, +2.5766e-01, +7.0506e-02, -4.5856e-02, -4.3854e-01, -1.1749e-01, -1.0837e-01, -2.5405e-01, -2.3362e-01, -4.1872e-02, +2.3672e-02, +1.2896e-01, -1.9584e-01, -9.4298e-02, -1.9203e-01, +7.6704e-02, +3.7858e-02, -2.8667e-01, -5.5628e-02, -1.0595e-01, -1.0000e+00, -3.0053e-01, -2.3917e-01, -2.3493e-01, -2.8097e-01, +2.4649e-02, -1.2920e-02, -4.9329e-02, -8.3011e-02, -2.9832e-02, +2.0452e-01, -1.6236e-01, -1.3609e-01, -9.2507e-02, -1.6349e-01, +6.2216e-02, -1.8072e-02, -1.0403e-01, -4.0556e-01, -7.3229e-02, -3.7065e-01, +4.2635e-02, +3.0985e-02, +6.6193e-03
+6.4346e-02, -1.0764e-01, -9.2485e-02, -1.4878e-01, -1.7453e-01, -2.5995e-01, +5.4150e-02, -2.4931e-02, +5.3587e-02, +8.2207e-02, -2.9280e-01, +4.1969e-02, -1.0610e-01, -2.4301e-01, -2.0968e-01, +3.6844e-02, +3.7426e-02, +3.0471e-02, -2.0901e-01, -1.3394e-01, -8.7181e-02, +5.1662e-02, +3.2150e-02, -1.6422e-01, -1.3809e-01, +1.3722e-02, -3.0053e-01, -1.0000e+00, -1.5506e-01, -9.3762e-02, -2.2139e-01, -7.2400e-02, -2.0723e-01, -9.4238e-02, -6.7732e-02, -1.7720e-02, +1.9441e-01, -1.7758e-01, -1.4337e-01, -2.5205e-02, -4.4446e-02, +1.4137e-02, -4.0493e-02, -4.6315e-02, -2.2943e-01, -1.4203e-01, -3.0240e-01, +2.1563e-01, +6.9773e-02, -1.8073e-02
+3.3147e-03, -3.9556e-03, -7.6536e-02, -6.7395e-02, -1.7384e-01, -6.3329e-02, +1.3616e-02, -1.2269e-01, +7.5437e-02, +7.4845e-02, -1.1962e-01, -7.0123e-02, -4.2218e-02, -3.5401e-02, -9.8688e-02, +4.1261e-02, +7.6821e-02, +8.0430e-02, -8.3066e-02, -3.1037e-02, -1.3904e-01, -1.2887e-01, +2.3727e-01, -4.4900e-02, -6.0806e-02, +2.7795e-02, -2.3917e-01, -1.5506e-01, -1.0000e+00, -8.0554e-02, -1.8063e-01, +1.7571e-02, +8.6638e-02, -8.0023e-02, +3.8598e-03, -1.5086e-02, +8.8374e-02, -8.3438e-02, -7.0548e-02, -2.6444e-03, +1.6619e-02, -2.2093e-04, +6.9890e-02, -2.4089e-02, -1.7058e-01, +6.9931e-02, -1.1019e-01, +1.2726e-01, +4.7998e-02, -1.4466e-02
+4.7796e-02, -2.9995e-02, -8.2885e-02, -1.0464e-01, -1.0695e-01, -1.4248e-01, +1.6720e-01, -1.5215e-02, +7.7930e-02, +1.7869e-02, -1.3270e-01, +1.0043e-02, -4.1490e-02, -2.6306e-01, -3.0185e-02, +3.0740e-02, +2.0028e-02, +4.2318e-03, -1.5345e-01, -3.8970e-02, -2.3078e-02, -4.9240e-02, +7.1456e-02, -1.0237e-01, -6.7712e-03, -5.8320e-02, -2.3493e-01, -9.3762e-02, -8.0554e-02, -1.0000e+00, -1.9965e-01, -4.3258e-02, -6.7974e-02, -7.3752e-02, +3.9109e-04, +2.4637e-02, +1.9237e-01, -3.1230e-02, -1.0399e-01, -6.6798e-02, -5.0074e-02, +1.8167e-02, -5.8112e-02, -2.7606e-03, -2.5930e-01, -7.8865e-02, -1.8421e-01, +2.0776e-02, -1.1791e-02, +2.5377e-02
-5.4639e-02, -1.3644e-01, +8.6881e-02, -2.6416e-01, -1.3249e-01, -1.6334e-01, -1.0717e-01, +5.2110e-02, +1.5327e-01, -3.6349e-02, -2.6098e-01, -1.1987e-01, -3.1459e-02, -2.0185e-01, -1.8256e-01, -2.6041e-03, +1.4362e-01, +9.4846e-02, -7.5888e-02, -2.2222e-02, -6.7756e-02, -1.4205e-02, +1.1922e-01, -1.9341e-01, +4.2133e-02, -5.1449e-02, -2.8097e-01, -2.2139e-01, -1.8063e-01, -1.9965e-01, -1.0000e+00, +2.2221e-02, -2.9724e-02, -1.4295e-01, +1.5291e-01, -6.1604e-02, +2.4707e-01, -1.0903e-01, -1.3729e-01, +2.3392e-02, -2.0577e-01, +1.6873e-02, +5.9007e-02, -5.0260e-02, -1.5304e-01, -1.0879e-01, -1.7032e-01, +3.4915e-01, -1.7176e-01, +2.8212e-02
-3.9862e-02, -2.9485e-02, -3.9469e-02, -6.5442e-02, -4.6353e-02, +2.0676e-02, +6.4884e-02, +5.5094e-03, -1.2535e-01, -3.8724e-02, -4.6782e-04, +6.8221e-02, +4.4274e-02, -1.7822e-02, -5.7141e-02, +2.9121e-02, -1.1617e-01, +2.4649e-02, -3.8502e-04, -1.1904e-01, +2.8456e-02, -3.6421e-02, -1.0704e-01, -3.6899e-02, -3.7416e-02, +1.4295e-02, +2.4649e-02, -7.2400e-02, +1.7571e-02, -4.3258e-02, +2.2221e-02, -1.0000e+00, -5.5568e-02, -1.1224e-02, -3.7088e-02, +9.8480e-02, +3.5969e-02, -8.1215e-03, -8.7319e-03, +3.0828e-04, +7.0885e-02, +2.4004e-02, +4.6331e-02, +5.3843e-03, -4.5994e-02, +9.1820e-03, -6.6660e-02, +1.3642e-01, -3.0611e-02, +3.1609e-02
+7.7713e-02, -4.7947e-02, +5.0500e-02, -2.7296e-03, -4.6320e-02, -8.5618e-02, -7.0134e-03, +3.4640e-02, +2.8147e-02, +2.6504e-02, +2.6400e-02, +1.1329e-01, -1.7568e-01, -1.3888e-01, +1.9438e-02, +6.1781e-02, -3.2661e-03, -1.5760e-01, +1.0630e-02, -1.5755e-01, +1.8831e-02, +2.4442e-02, +1.2380e-02, +2.4949e-03, +2.8813e-02, -2.0239e-02, -1.2920e-02, -2.0723e-01, +8.6638e-02, -6.7974e-02, -2.9724e-02, -5.5568e-02, -1.0000e+00, +5.5085e-02, -2.5537e-02, +9.9720e-02, +1.0477e-01, -1.2797e-01, -1.2837e-01, +2.1066e-01, +5.0015e-02, +9.7437e-02, +6.7770e-02, +7.7447e-02, -1.4025e-01, -6.8180e-02, -1.5138e-01, +1.5249e-01, -1.4035e-02, -7.5525e-02
-6.3140e-03, -4.2746e-02, -5.0413e-02, -4.2557e-02, +1.7079e-02, -4.6284e-02, +9.4576e-02, -1.3533e-01, +4.5367e-02, -1.1099e-02, -7.7338e-02, +8.6939e-02, +1.6528e-02, -1.2735e-01, -8.9160e-02, +2.1488e-01, +2.5030e-03, -1.0189e-03, -5.4736e-02, -5.8497e-02, +1.2259e-02, -3.4685e-02, -4.1550e-02, -4.8661e-02, +2.2312e-02, -2.2600e-02, -4.9329e-02, -9.4238e-02, -8.0023e-02, -7.3752e-02, -1.4295e-01, -1.1224e-02, +5.5085e-02, -1.0000e+00, -2.9705e-02, +2.1720e-03, +9.1662e-02, -5.9630e-02, +3.9271e-02, +6.0417e-02, -9.3576e-02, +1.7924e-02, +4.4993e-02, +4.2805e-02, -5.4937e-03, -6.8081e-02, -1.0207e-01, +1.1716e-01, -2.3353e-02, +9.0991e-02
+5.2714e-02, +2.0216e-02, -1.0272e-01, -1.4958e-02, -2.9389e-02, -6.5582e-02, +1.1234e-01, +1.1922e-02, -3.2581e-03, -1.7301e-03, -1.0992e-01, +3.5974e-02, -4.9840e-02, -6.5235e-02, +1.6332e-02, -1.6503e-03, -5.1057e-02, -1.2610e-03, -2.6134e-02, -1.8917e-02, -6.9253e-03, +2.3159e-02, -5.5295e-02, +7.7191e-03, -1.8352e-02, -3.8659e-02, -8.3011e-02, -6.7732e-02, +3.8598e-03, +3.9109e-04, +1.5291e-01, -3.7088e-02, -2.5537e-02, -2.9705e-02, -1.0000e+00, +2.1351e-02, -2.3537e-02, -1.6401e-02, +4.0672e-02, -1.0103e-01, +1.0005e-01, -1.6636e-02, -4.1873e-02, -1.8954e-02, -2.6606e-02, +3.5559e-02, -1.3466e-01, -1.2505e-01, -4.0573e-02, +2.4534e-02
+7.3975e-02, +3.7037e-03, +1.1365e-01, +5.8019e-02, +1.6721e-03, +2.3723e-02, +7.1821e-02, -4.0487e-02, -4.5807e-02, -7.4191e-03, -3.7313e-02, +6.1340e-02, -6.4025e-02, +1.4671e-02, -2.1026e-02, -4.1812e-02, -1.2108e-02, +1.8591e-02, -4.7347e-02, -3.4066e-02, -7.3697e-02, -6.9754e-02, -2.9237e-02, +4.7581e-02, +1.1140e-01, -3.2773e-02, -2.9832e-02, -1.7720e-02, -1.5086e-02, +2.4637e-02, -6.1604e-02, +9.8480e-02, +9.9720e-02, +2.1720e-03, +2.1351e-02, -1.0000e+00, +2.0860e-02, -2.2164e-02, -1.7222e-02, -1.2878e-02, -5.8013e-02, -1.0738e-03, +2.3229e-02, -6.1181e-02, +3.7975e-02, +1.1230e-03, -9.1101e-02, -1.9997e-01, -2.4446e-03, +7.0068e-02
-6.9766e-02, -3.5733e-02, -1.1075e-01, +2.5604e-01, -4.4070e-02, +3.9591e-01, +2.8656e-02, -1.5128e-01, -7.7680e-02, +6.4558e-03, +2.0656e-01, -2.1400e-02, +9.1429e-02, +2.2375e-01, +2.2422e-01, -7.1757e-02, -2.1171e-02, +1.5907e-01, +3.2647e-01, +2.1378e-01, +6.7589e-02, +1.8557e-01, +8.1680e-02, +2.3890e-01, -3.7836e-02, +6.3125e-02, +2.0452e-01, +1.9441e-01, +8.8374e-02, +1.9237e-01, +2.4707e-01, +3.5969e-02, +1.0477e-01, +9.1662e-02, -2.3537e-02, +2.0860e-02, -1.0000e+00, +3.9452e-01, +9.7144e-02, +1.5098e-01, +1.6148e-01, +7.1939e-02, +4.9030e-02, +1.7669e-01, +5.1340e-02, -5.3793e-03, +1.3358e-01, +1.9184e-02, +8.9103e-02, -1.5310e-01
-8.0093e-02, +3.8039e-03, +2.5160e-02, -1.3244e-01, +2.5246e-02, -1.8511e-01, -6.2918e-02, +2.5236e-02, -9.5487e-04, +6.9694e-02, -1.7720e-01, -5.4609e-02, -4.2836e-02, -3.5700e-02, -1.4817e-01, +3.1861e-02, +5.3353e-03, -4.9485e-02, -1.3389e-01, -2.0023e-01, -7.7330e-02, +2.1431e-01, +7.5332e-02, -1.3717e-01, -6.1370e-02, -8.6011e-02, -1.6236e-01, -1.7758e-01, -8.3438e-02, -3.1230e-02, -1.0903e-01, -8.1215e-03, -1.2797e-01, -5.9630e-02, -1.6401e-02, -2.2164e-02, +3.9452e-01, -1.0000e+00, -1.3119e-01, -1.3091e-01, -6.9609e-02, -1.1466e-02, -2.6542e-03, -1.0636e-01, -3.5168e-03, -6.8021e-03, -1.6920e-01, +1.5329e-01, -1.4504e-02, +9.5455e-02
-7.9232e-03, -1.1014e-02, +3.4259e-02, -1.1109e-01, -4.4359e-02, -9.6285e-02, +4.9105e-02, +2.0228e-02, +6.6815e-03, +1.4083e-02, -1.9883e-01, -1.1495e-01, -2.8768e-02, -1.2665e-01, -1.1695e-01, +1.6160e-02, +4.4184e-02, +2.6659e-02, -1.5341e-01, +4.0184e-04, -7.3902e-02, -2.8232e-03, +9.8776e-02, -2.7249e-02, -6.8940e-02, +2.3552e-02, -1.3609e-01, -1.4337e-01, -7.0548e-02, -1.0399e-01, -1.3729e-01, -8.7319e-03, -1.2837e-01, +3.9271e-02, +4.0672e-02, -1.7222e-02, +9.7144e-02, -1.3119e-01, -1.0000e+00, -2.7393e-02, -4.5032e-02, -2.2574e-02, -8.6568e-03, -4.0061e-02, -1.6477e-01, +2.0200e-02, -1.7030e-01, +1.4601e-01, -3.5355e-02, -5.9619e-03
-9.5248e-02, +4.8163e-02, +2.4998e-02, -5.2372e-02, -8.2821e-03, -9.3258e-02, +6.3749e-03, +2.6788e-02, +1.4142e-02, +5.7301e-02, -1.0495e-01, -7.5800e-02, -5.6247e-02, -1.0645e-01, -5.0576e-02, +1.7368e-01, +4.3092e-02, -4.1115e-02, -4.8764e-02, -3.0239e-02, +2.8706e-02, +5.8900e-02, -2.0095e-02, -4.2217e-04, -5.8266e-02, +1.1965e-01, -9.2507e-02, -2.5205e-02, -2.6444e-03, -6.6798e-02, +2.3392e-02, +3.0827e-04, +2.1066e-01, +6.0417e-02, -1.0103e-01, -1.2878e-02, +1.5098e-01, -1.3091e-01, -2.7393e-02, -1.0000e+00, +5.6820e-03, +4.7128e-02, +3.8987e-02, +2.6216e-02, -9.4772e-02, +1.9218e-03, +4.8249e-03, +7.2355e-02, -1.1109e-02, +1.1548e-01
+1.4800e-02, -1.2623e-01, +5.7409e-02, -1.2302e-01, -2.9754e-02, -4.7789e-02, +3.3458e-02, -4.9270e-02, +2.1180e-01, +7.7748e-02, -1.0128e-01, +2.1414e-02, -4.1565e-02, -5.8304e-02, -1.4311e-01, -3.5778e-02, +4.3574e-02, -3.2859e-02, -6.6237e-02, +5.9275e-02, -1.1977e-01, +6.7141e-02, +2.4976e-02, -1.5647e-02, +1.0855e-03, -6.7673e-02, -1.6349e-01, -4.4446e-02, +1.6619e-02, -5.0074e-02, -2.0577e-01, +7.0885e-02, +5.0015e-02, -9.3576e-02, +1.0005e-01, -5.8013e-02, +1.6148e-01, -6.9609e-02, -4.5032e-02, +5.6820e-03, -1.0000e+00, +5.4262e-02, -9.8538e-02, -4.4549e-02, -1.0345e-01, -7.8208e-03, -9.3108e-02, +8.7198e-02, +6.8809e-02, +4.7799e-02
+6.6853e-03, -1.1768e-02, +1.5664e-02, +3.1107e-02, +1.4816e-03, -2.2377e-02, -3.0480e-02, +4.9371e-02, -5.7902e-02, +2.0484e-02, -2.6063e-02, +1.9671e-02, -9.7414e-03, +3.2770e-02, +4.7681e-02, +9.1887e-02, -6.5662e-03, -2.0759e-02, -5.7790e-02, +9.3610e-02, +2.6578e-02, -3.0091e-03, +4.3793e-03, +1.0865e-01, -2.6204e-02, +1.7873e-02, +6.2216e-02, +1.4137e-02, -2.2093e-04, +1.8167e-02, +1.6873e-02, +2.4004e-02, +9.7437e-02, +1.7924e-02, -1.6636e-02, -1.0738e-03, +7.1939e-02, -1.1466e-02, -2.2574e-02, +4.7128e-02, +5.4262e-02, -1.0000e+00, +3.8176e-02, +1.9339e-02, -7.8760e-03, -1.4541e-02, -3.4566e-02, -8.6126e-02, +5.0935e-03, +1.2386e-02
+3.3125e-02, -9.4955e-02, +4.1389e-02, -3.4814e-02, +2.9088e-02, -3.6921e-03, +9.4805e-02, -1.4663e-02, +6.0806e-02, +7.3077e-03, -1.3666e-02, +2.0542e-02, -8.8959e-02, +1.4517e-01, -7.9319e-02, +9.3957e-02, -1.1970e-02, -3.4212e-02, -5.5360e-02, +3.2537e-01, +6.6732e-02, +4.6390e-02, -1.8358e-02, +2.6037e-02, +8.1092e-02, +2.4799e-02, -1.8072e-02, -4.0493e-02, +6.9890e-02, -5.8111e-02, +5.9007e-02, +4.6331e-02, +6.7770e-02, +4.4993e-02, -4.1873e-02, +2.3229e-02, +4.9030e-02, -2.6542e-03, -8.6568e-03, +3.8987e-02, -9.8538e-02, +3.8176e-02, -1.0000e+00, -6.7018e-02, -3.5364e-02, +3.5297e-02, +1.3923e-02, -2.3809e-02, +1.1127e-02, +8.2470e-02
-4.6139e-03, +1.1357e-02, -6.1369e-02, -1.1257e-02, -7.9881e-02, -8.7368e-02, +1.1989e-02, +3.0262e-02, -8.9206e-02, -7.4476e-03, -4.5174e-02, -6.0679e-02, -4.4927e-03, -5.5186e-02, -8.9214e-02, +4.1313e-02, -8.4438e-03, +3.8774e-02, -1.3623e-02, +7.8412e-02, -3.3457e-01, +4.2045e-02, -8.9148e-02, -6.1406e-02, -4.7188e-02, +5.6337e-02, -1.0403e-01, -4.6315e-02, -2.4089e-02, -2.7606e-03, -5.0260e-02, +5.3843e-03, +7.7447e-02, +4.2805e-02, -1.8954e-02, -6.1181e-02, +1.7669e-01, -1.0636e-01, -4.0061e-02, +2.6216e-02, -4.4549e-02, +1.9339e-02, -6.7018e-02, -1.0000e+00, +2.6367e-02, +9.1777e-02, -4.6020e-02, -3.0623e-02, +5.2050e-03, +6.3366e-02
+4.7030e-04, -3.0160e-02, -2.4727e-01, -2.0930e-01, -2.6229e-01, -2.2577e-01, +1.0807e-01, +1.7995e-02, +5.1402e-02, +5.0083e-02, -3.1766e-01, -2.3057e-02, -2.0592e-01, -1.5647e-01, -1.4929e-01, +1.0902e-01, +6.7520e-02, +2.3525e-01, -1.9453e-01, -8.4297e-02, -1.0467e-02, -8.4759e-02, +5.8816e-02, -2.7631e-01, -6.6918e-02, -2.2071e-01, -4.0556e-01, -2.2943e-01, -1.7058e-01, -2.5930e-01, -1.5304e-01, -4.5994e-02, -1.4025e-01, -5.4937e-03, -2.6606e-02, +3.7975e-02, +5.1340e-02, -3.5168e-03, -1.6477e-01, -9.4772e-02, -1.0345e-01, -7.8760e-03, -3.5364e-02, +2.6367e-02, -1.0000e+00, -1.3536e-01, -2.4045e-01, +5.5780e-02, +1.6577e-02, -1.1068e-01
+1.9362e-02, -3.7368e-02, -1.1234e-01, -1.3213e-01, -1.0307e-01, -1.9423e-02, +1.3526e-01, -1.2426e-01, -2.2048e-02, +2.9378e-02, -5.0970e-02, +2.0111e-02, +1.5516e-02, -1.0077e-01, +2.1829e-02, -5.7759e-02, +3.4273e-02, +9.7341e-02, -1.2648e-01, +4.5099e-02, +1.4321e-02, -1.0132e-02, -4.0895e-02, -1.5839e-01, -1.3538e-02, -6.6962e-02, -7.3229e-02, -1.4203e-01, +6.9931e-02, -7.8865e-02, -1.0879e-01, +9.1821e-03, -6.8180e-02, -6.8081e-02, +3.5559e-02, +1.1230e-03, -5.3793e-03, -6.8021e-03, +2.0200e-02, +1.9218e-03, -7.8208e-03, -1.4541e-02, +3.5297e-02, +9.1777e-02, -1.3536e-01, -1.0000e+00, -1.1404e-01, +7.1187e-02, +5.0863e-02, -1.9071e-02
-2.6769e-02, -6.8464e-02, -1.0645e-01, -2.5031e-01, -1.9380e-01, -3.7485e-01, +1.2033e-01, +2.7896e-03, +4.2837e-02, +1.2265e-01, -3.5881e-01, -5.1242e-02, -7.1979e-02, -1.4377e-01, -1.6096e-01, +1.0359e-02, +6.8288e-02, +5.7516e-02, -2.4540e-01, -1.6230e-01, -3.7126e-02, +1.0110e-01, +1.9936e-02, -1.3999e-01, -3.0215e-02, -1.0545e-01, -3.7065e-01, -3.0240e-01, -1.1019e-01, -1.8421e-01, -1.7032e-01, -6.6660e-02, -1.5138e-01, -1.0207e-01, -1.3466e-01, -9.1101e-02, +1.3358e-01, -1.6920e-01, -1.7030e-01, +4.8249e-03, -9.3108e-02, -3.4566e-02, +1.3923e-02, -4.6020e-02, -2.4045e-01, -1.1404e-01, -1.0000e+00, +1.6680e-01, -9.7151e-03, +2.5016e-02
+2.5385e-01, +1.3216e-01, -1.0233e-01, +1.2034e-01, +2.3478e-01, -1.5370e-01, +6.9542e-02, +6.1060e-02, -6.1098e-02, +3.7723e-03, +1.1893e-01, +1.3171e-01, -5.1870e-02, -5.3812e-02, +3.8461e-01, -3.6563e-02, +4.2820e-03, +7.1241e-02, +4.2066e-02, +2.1758e-02, -1.6146e-02, +3.1221e-02, -2.6792e-02, +3.1120e-02, +4.4084e-02, -2.2704e-02, +4.2635e-02, +2.1563e-01, +1.2726e-01, +2.0776e-02, +3.4915e-01, +1.3642e-01, +1.5249e-01, +1.1716e-01, -1.2505e-01, -1.9997e-01, +1.9184e-02, +1.5329e-01, +1.4601e-01, +7.2355e-02, +8.7198e-02, -8.6126e-02, -2.3809e-02, -3.0623e-02, +5.5780e-02, +7.1187e-02, +1.6680e-01, -1.0000e+00, -2.9738e-02, +1.5831e-01
-1.2715e-02, +1.9896e-02, +5.5230e-02, +1.1271e-02, -4.5982e-03, +2.5984e-02, +3.6059e-02, -1.8652e-02, -9.8892e-02, -3.4311e-04, +2.3522e-02, -2.1910e-03, +1.4892e-02, +5.3396e-02, +9.9970e-02, +6.7184e-02, -2.8713e-02, +1.0921e-02, -5.2099e-02, +5.0287e-02, +5.7915e-02, -4.8631e-02, -1.2892e-02, -3.0235e-02, -3.8838e-02, -1.3128e-02, +3.0985e-02, +6.9773e-02, +4.7998e-02, -1.1791e-02, -1.7176e-01, -3.0611e-02, -1.4035e-02, -2.3353e-02, -4.0573e-02, -2.4446e-03, +8.9103e-02, -1.4504e-02, -3.5355e-02, -1.1109e-02, +6.8809e-02, +5.0935e-03, +1.1127e-02, +5.2050e-03, +1.6577e-02, +5.0863e-02, -9.7151e-03, -2.9738e-02, -1.0000e+00, +2.1628e-03
-5.7126e-02, +5.2494e-02, +4.2755e-02, +8.0371e-02, +3.6986e-03, +4.3297e-02, +9.6360e-04, +5.0917e-03, +4.4741e-02, +1.6447e-02, +7.0190e-02, -1.9881e-02, -1.0225e-03, -1.6107e-02, +8.0283e-02, -9.8981e-02, +8.4219e-02, -2.9338e-02, -2.9093e-02, -2.1124e-03, +5.0876e-02, -1.1531e-01, +2.7307e-02, +6.2066e-02, -1.1260e-03, -2.9830e-02, +6.6193e-03, -1.8073e-02, -1.4466e-02, +2.5377e-02, +2.8212e-02, +3.1609e-02, -7.5525e-02, +9.0991e-02, +2.4534e-02, +7.0068e-02, -1.5310e-01, +9.5455e-02, -5.9619e-03, +1.1548e-01, +4.7799e-02, +1.2386e-02, +8.2470e-02, +6.3366e-02, -1.1068e-01, -1.9071e-02, +2.5016e-02, +1.5831e-01, +2.1628e-03, -1.0000e+00
