-1.0000e+00, -7.3554e-02, +2.6060e-03, -3.0122e-02, -1.3397e-01, +1.7293e-01, -2.8161e-02, +2.3389e-02, -6.5240e-02, -4.1095e-03, +1.1767e-01, +7.7448e-03, +5.4337e-02, +8.0435e-02, -7.4105e-02, -3.6630e-02, -8.5210e-02, -1.6411e-01, -2.3436e-02, -3.5068e-02, -3.9667e-02, +3.7716e-02, -4.7408e-02, -3.3758e-02, +5.3748e-02, +1.0362e-01, +1.6755e-01, -4.5094e-02, +4.8870e-02, -8.1242e-02, -3.9406e-02, -3.2233e-03, -9.2301e-02, +6.6221e-02, -1.1039e-02, +3.3464e-01, +7.2987e-02, +9.6476e-03, +7.4372e-02, -6.5125e-03, +1.2946e-01, -1.9934e-02, -6.3013e-03, +1.4452e-01, -4.2865e-02, +8.2233e-02, -3.8320e-02, +2.8416e-01, +2.3362e-01, +1.4713e-02
-7.3554e-02, -1.0000e+00, +2.9369e-02, -1.1222e-01, -6.1788e-02, +7.8312e-03, +1.0510e-01, -3.0516e-02, -1.2682e-02, -8.9107e-02, +1.2184e-01, -8.5332e-02, +1.1329e-02, -1.5635e-02, +6.4775e-02, -8.0874e-02, -3.7772e-02, +1.5240e-01, +4.7360e-03, +6.6532e-02, -7.3008e-03, +9.2959e-03, -4.7430e-02, +1.0393e-01, -6.2856e-02, -3.2561e-02, +1.4211e-01, +3.1520e-02, -5.6814e-02, -2.7642e-02, +1.0506e-01, -8.1573e-02, +1.0612e-01, -7.9291e-02, +6.2444e-02, +2.0100e-01, +7.4043e-02, +1.7397e-02, +5.7664e-03, -7.5313e-02, +1.0419e-02, -4.3368e-03, -5.7732e-02, -7.9812e-03, +4.5488e-02, +2.3607e-01, +9.5725e-02, -9.0242e-02, +9.2332e-02, -3.5540e-02
+2.6059e-03, +2.9369e-02, -1.0000e+00, -4.0141e-02, +5.1614e-02, -1.3715e-01, -1.2492e-03, -4.0953e-02, -1.5633e-02, +5.3948e-02, -1.0654e-01, -7.4064e-02, -3.0473e-02, -8.4991e-02, -5.8986e-02, +3.1961e-03, +1.1267e-01, +5.1071e-02, +3.3463e-02, +3.4616e-02, -1.4158e-01, +1.8623e-02, +8.2609e-02, -6.6326e-02, +4.2553e-03, +1.7724e-02, -1.2795e-01, -7.4574e-02, -2.9691e-02, +8.6058e-03, -3.8927e-02, -5.7285e-02, -6.8790e-02, +4.0275e-02, -3.9661e-02, -8.0072e-02, -2.6246e-02, -3.7156e-02, -7.2503e-02, +6.0159e-02, -2.2837e-02, +6.8411e-02, +1.8136e-02, -5.4908e-02, +1.5020e-02, -9.0511e-02, -8.4995e-02, -2.0800e-02, -6.5886e-02, +6.6246e-02
-3.0122e-02, -1.1222e-01, -4.0141e-02, -1.0000e+00, -2.5791e-02, -5.8692e-02, -4.9749e-02, -1.1435e-02, +1.0125e-02, +4.0624e-02, -1.1745e-01, +3.7820e-02, -7.1397e-02, -9.0114e-03, -3.7474e-02, -3.6191e-02, +1.1003e-01, +5.7716e-02, -3.2945e-02, +7.8876e-02, -9.4195e-02, -3.3626e-02, +3.0330e-02, -1.0819e-01, +4.0807e-02, -5.5367e-02, -5.1479e-02, -4.9762e-02, -8.0710e-02, -3.1057e-02, -5.2127e-02, -3.3386e-02, +4.2016e-02, -6.8878e-02, +2.5929e-02, +3.8231e-02, +1.7955e-01, -4.9028e-02, -3.7942e-02, -2.9622e-02, +8.8836e-03, +2.6783e-04, +5.9663e-02, -4.0119e-03, +8.2452e-02, -4.5958e-02, -1.5817e-02, -2.3348e-02, -5.5434e-03, +4.5968e-02
-1.3397e-01, -6.1788e-02, +5.1614e-02, -2.5791e-02, -1.0000e+00, +1.1848e-01, -4.7616e-02, -3.2344e-02, -1.0697e-02, +4.5771e-03, +8.9087e-02, -1.2177e-01, +2.6074e-02, +1.9957e-02, -7.3110e-02, -2.6902e-02, +1.7134e-02, -1.4652e-02, -4.3193e-02, +3.1571e-02, +2.0521e-03, +2.0260e-02, -6.2367e-02, -4.9896e-02, +6.8345e-02, +7.6251e-02, +2.8607e-02, -9.4438e-03, -1.0418e-01, -1.4680e-01, +1.4266e-01, +2.2438e-02, -1.0061e-01, -5.5296e-03, -4.6509e-02, +1.6240e-01, +1.0978e-01, +7.5240e-02, -3.0681e-02, -6.8682e-02, +1.4803e-01, +1.0533e-02, +1.6468e-02, +1.3824e-02, +2.5472e-02, +1.2135e-02, +3.0352e-02, +1.0816e-01, +1.2295e-01, -3.2383e-03
+1.7293e-01, +7.8312e-03, -1.3715e-01, -5.8692e-02, +1.1848e-01, -1.0000e+00, -6.4877e-02, -5.5724e-02, +1.5809e-02, +4.6256e-02, -1.7613e-01, -3.4096e-02, -6.3773e-02, -1.3429e-01, -1.3336e-01, +5.6226e-02, +1.4912e-01, +8.3411e-02, -4.6112e-02, +6.4734e-02, +4.1434e-02, +1.1545e-02, +1.3875e-01, +4.1604e-02, -3.6079e-02, -7.1209e-02, -1.6534e-01, +5.8690e-02, -6.7883e-02, +4.0018e-02, -4.9333e-02, -2.0914e-03, +9.6805e-02, -5.3056e-02, +9.2983e-03, -3.0735e-01, +3.7700e-03, +5.6058e-02, -3.5091e-02, +5.0741e-02, -2.7433e-02, +8.3719e-02, +3.5017e-02, -7.5642e-02, +1.0975e-02, -3.8033e-02, -9.5423e-02, -2.0875e-01, -2.0621e-01, +1.2385e-01
-2.8161e-02, +1.0510e-01, -1.2492e-03, -4.9749e-02, -4.7616e-02, -6.4877e-02, -1.0000e+00, -5.5468e-02, -5.0231e-03, +4.3892e-02, -2.7465e-02, -7.9757e-02, +1.2649e-01, -8.8407e-02, -5.8161e-02, -7.7030e-02, -4.7925e-02, +5.8179e-02, +7.1818e-02, +9.6112e-02, +7.0466e-02, +8.5941e-02, +1.4283e-01, -8.9315e-02, +2.3905e-02, -1.2344e-01, -4.6612e-02, +4.9083e-02, -1.5693e-02, -5.1017e-02, +4.2078e-02, +6.2533e-02, -3.1804e-02, +3.2990e-02, +1.6698e-02, -5.6512e-02, -2.9757e-03, +1.1105e-01, +2.8091e-02, -3.1423e-02, +8.2883e-02, -9.2621e-03, -1.5018e-02, -5.2594e-02, +1.2987e-02, -9.5858e-02, -2.1719e-02, -9.0852e-02, +4.1931e-02, +5.9246e-02
+2.3389e-02, -3.0516e-02, -4.0953e-02, -1.1435e-02, -3.2344e-02, -5.5724e-02, -5.5468e-02, -1.0000e+00, +1.5744e-02, +4.1549e-03, -2.3943e-02, -7.0432e-02, -1.7197e-02, -1.0437e-01, -1.8450e-04, -1.0938e-02, +8.7797e-03, +7.6543e-02, +1.5932e-01, +6.0590e-02, +1.1450e-02, +8.8992e-02, +1.4555e-01, -3.2358e-02, -4.9061e-02, -1.1970e-01, -6.0899e-02, -5.3647e-02, -2.0511e-02, +5.5251e-02, +1.1219e-01, -1.9362e-02, +1.7963e-02, +2.5844e-02, -7.1789e-03, -6.0769e-02, -5.5302e-03, +1.0411e-02, +2.9664e-04, +1.9208e-02, +4.2523e-02, +5.1937e-02, -5.8837e-02, +4.5782e-02, -2.9269e-02, -4.8138e-02, -4.0237e-02, -1.6541e-01, +1.5942e-01, +4.6242e-03
-6.5240e-02, -1.2682e-02, -1.5633e-02, +1.0125e-02, -1.0697e-02, +1.5809e-02, -5.0231e-03, +1.5744e-02, -1.0000e+00, +2.8815e-02, -7.4473e-03, -6.0747e-02, +2.1625e-02, +5.9268e-02, -2.0867e-02, -1.6708e-02, +4.4124e-02, -4.9653e-02, -3.3972e-02, -2.7652e-02, -6.3751e-02, -6.4351e-03, -1.8687e-02, +4.2116e-02, -4.5185e-02, +1.2786e-02, +2.3366e-02, -3.0146e-02, +2.3679e-02, -1.8755e-03, -8.0219e-02, -3.6187e-02, -1.4896e-02, +3.6351e-02, -1.2932e-02, +1.4410e-01, -3.0911e-02, -5.0776e-02, +3.1676e-03, -1.4557e-02, -1.7839e-02, +3.0934e-02, -3.4512e-02, -9.8959e-03, +4.0245e-02, +1.0500e-02, -5.8358e-02, +1.1313e-01, +8.6790e-03, +1.8464e-03
-4.1095e-03, -8.9107e-02, +5.3948e-02, +4.0624e-02, +4.5771e-03, +4.6256e-02, +4.3892e-02, +4.1549e-03, +2.8815e-02, -1.0000e+00, +1.4937e-01, -1.1759e-01, +9.2206e-02, -3.4082e-02, +9.5916e-02, +3.9760e-02, +5.8850e-02, +3.8989e-02, +1.2477e-02, +8.6314e-02, +3.6123e-02, -3.2785e-02, -1.5202e-01, +1.0858e-01, -5.8062e-02, +1.7410e-01, +1.2897e-02, +9.4243e-02, +2.1819e-02, +5.3711e-03, +9.2193e-02, +1.1297e-01, -4.0328e-02, -9.2415e-02, +1.7451e-02, -1.1714e-02, +4.9995e-02, +3.3465e-02, +4.7675e-03, +7.2331e-02, +2.3913e-02, -4.1045e-02, +4.9460e-02, -4.8036e-02, +1.0413e-01, +5.5642e-03, +5.8980e-02, -1.8628e-01, +1.0255e-01, -9.7498e-03
+1.1767e-01, +1.2184e-01, -1.0654e-01, -1.1745e-01, +8.9087e-02, -1.7613e-01, -2.7465e-02, -2.3943e-02, -7.4473e-03, +1.4937e-01, -1.0000e+00, +3.4200e-02, -7.2718e-02, +3.0619e-02, -1.9552e-01, +1.4281e-01, -9.9003e-03, -5.5542e-02, -4.4984e-02, +3.2297e-02, -3.3632e-02, -1.2415e-02, +1.5148e-01, -2.6041e-02, +9.2775e-02, -1.2351e-01, -1.6554e-01, -1.5802e-01, -1.5447e-02, -1.9919e-02, -2.0119e-01, -7.0513e-02, +8.1626e-02, +1.8455e-02, -3.7081e-02, -1.0522e-01, -2.2659e-02, -1.2311e-01, -5.9259e-02, +9.8709e-02, -1.8409e-01, +3.5956e-02, +2.7839e-03, -7.3024e-02, -5.0245e-02, -5.3872e-02, -2.0023e-01, +1.8184e-01, -1.9733e-01, +1.1608e-01
+7.7448e-03, -8.5332e-02, -7.4064e-02, +3.7820e-02, -1.2177e-01, -3.4096e-02, -7.9757e-02, -7.0432e-02, -6.0747e-02, -1.1759e-01, +3.4200e-02, -1.0000e+00, +1.4022e-02, -2.0203e-01, +5.0318e-02, -2.3604e-02, +5.0879e-02, +6.5603e-02, +7.1305e-02, +1.3633e-01, +3.5218e-02, -6.3940e-02, +1.5786e-01, -2.0535e-02, -6.5460e-02, -4.3925e-02, -6.0356e-02, +4.9001e-02, -7.4303e-02, +4.4662e-02, +1.7684e-02, +7.2044e-02, +7.5960e-02, -1.6911e-02, +4.3110e-02, -1.5155e-01, +3.1024e-02, +5.4741e-02, -6.5405e-02, +6.2687e-03, +1.2275e-04, -1.8705e-02, -2.2442e-02, -5.2214e-02, +8.8854e-02, -4.5611e-02, +6.9973e-02, -3.3707e-01, +7.0476e-03, +5.9146e-02
+5.4337e-02, +1.1329e-02, -3.0473e-02, -7.1397e-02, +2.6074e-02, -6.3773e-02, +1.2649e-01, -1.7197e-02, +2.1625e-02, +9.2206e-02, -7.2718e-02, +1.4022e-02, -1.0000e+00, -5.3445e-02, -4.4299e-02, -3.0927e-02, -4.4431e-03, +8.7246e-02, -1.5849e-02, +3.2853e-02, -1.4203e-01, +2.9731e-02, +7.0798e-03, +1.8464e-02, -7.4915e-02, -1.4148e-02, -1.0886e-02, -1.8818e-02, -1.0881e-02, +4.6166e-02, -2.3628e-02, -4.2503e-03, -4.6557e-03, -2.4170e-02, -7.5179e-02, +6.0373e-02, +8.7116e-02, -2.3797e-02, +7.0271e-02, -5.2144e-02, -3.3967e-02, +2.0215e-02, +1.3907e-02, -5.1545e-02, +4.5942e-02, -2.9780e-02, -2.8951e-02, -6.6669e-02, +1.1394e-01, +1.0896e-01
+8.0435e-02, -1.5635e-02, -8.4991e-02, -9.0114e-03, +1.9957e-02, -1.3429e-01, -8.8407e-02, -1.0437e-01, +5.9268e-02, -3.4082e-02, +3.0619e-02, -2.0203e-01, -5.3445e-02, -1.0000e+00, -3.5032e-02, +2.0621e-02, +4.2913e-02, +2.1464e-01, +1.0025e-01, +5.5776e-02, -5.4574e-02, +9.7527e-02, +5.5929e-01, -5.9063e-02, -1.7353e-01, -2.1928e-01, -1.3033e-01, -1.2524e-02, -2.7945e-02, +1.3623e-02, +1.1737e-01, +4.2809e-02, -1.9673e-01, +1.1025e-02, -3.1133e-03, -1.1562e-01, +4.0632e-03, -6.4526e-02, -2.2002e-02, -6.0600e-02, -7.8557e-03, -4.8448e-02, -7.3226e-02, +1.8372e-03, -1.7961e-01, -2.3230e-02, +2.7474e-02, -3.9854e-01, +1.8535e-01, +2.6153e-02
-7.4105e-02, +6.4775e-02, -5.8986e-02, -3.7474e-02, -7.3110e-02, -1.3336e-01, -5.8161e-02, -1.8452e-04, -2.0867e-02, +9.5916e-02, -1.9552e-01, +5.0318e-02, -4.4299e-02, -3.5033e-02, -1.0000e+00, +5.6082e-02, -9.8326e-03, -9.0903e-02, -9.7485e-02, +4.2167e-02, -6.1416e-02, +5.2010e-02, +8.5596e-02, -1.0634e-01, +7.8340e-02, -6.6778e-03, -5.8140e-02, -6.3243e-02, -6.7285e-02, -3.2837e-02, -1.9031e-01, -3.6767e-02, -4.5666e-02, +2.3965e-02, -3.5255e-02, +1.2775e-01, +4.0455e-02, +3.1769e-02, +4.5015e-04, +1.2969e-02, -3.1057e-02, -8.4011e-03, +3.5124e-02, -1.9513e-02, -5.7552e-02, -2.7504e-02, -8.2574e-02, +2.9571e-01, +4.9871e-03, +1.2259e-01
-3.6630e-02, -8.0874e-02, +3.1961e-03, -3.6191e-02, -2.6902e-02, +5.6226e-02, -7.7030e-02, -1.0938e-02, -1.6708e-02, +3.9760e-02, +1.4281e-01, -2.3604e-02, -3.0927e-02, +2.0621e-02, +5.6082e-02, -1.0000e+00, -1.1016e-03, -7.2050e-02, -5.3309e-02, -7.3368e-02, +6.4778e-02, +4.9299e-02, -2.2023e-02, -2.5346e-02, -5.7900e-03, +4.4414e-02, +1.4397e-01, +1.0215e-01, +4.4000e-02, -8.1740e-03, +1.2100e-01, -4.9367e-02, -3.4291e-02, -3.6792e-02, -4.2177e-03, +1.1341e-01, +3.4639e-02, +8.1217e-02, +2.5240e-02, -4.2300e-02, +8.4610e-02, -4.3259e-02, -1.7918e-02, +5.9964e-02, +3.2954e-02, +6.8382e-02, +8.9614e-02, +1.1988e-02, +1.2026e-01, +3.7202e-03
-8.5210e-02, -3.7772e-02, +1.1267e-01, +1.1003e-01, +1.7134e-02, +1.4912e-01, -4.7925e-02, +8.7797e-03, +4.4124e-02, +5.8850e-02, -9.9003e-03, +5.0879e-02, -4.4431e-03, +4.2913e-02, -9.8326e-03, -1.1016e-03, -1.0000e+00, +8.6674e-04, -3.6653e-02, -5.7033e-02, -3.2725e-02, -3.4053e-03, +1.3184e-01, -8.5216e-02, +1.6802e-02, -1.7180e-01, +1.1617e-01, -8.5471e-02, +5.9457e-02, -2.3594e-02, +2.8369e-02, +5.3526e-03, +3.0072e-02, +1.8709e-02, -1.9792e-02, +9.9457e-02, -2.2684e-02, -6.3693e-02, +5.2696e-02, -3.2513e-02, +4.0792e-02, -3.0402e-02, -3.9943e-02, +1.1015e-02, -1.5778e-01, +2.8522e-02, -6.4381e-02, +1.4156e-01, +4.8257e-02, -9.0103e-02
-1.6411e-01, +1.5240e-01, +5.1071e-02, +5.7716e-02, -1.4652e-02, +8.3411e-02, +5.8179e-02, +7.6543e-02, -4.9653e-02, +3.8989e-02, -5.5542e-02, +6.5603e-02, +8.7246e-02, +2.1464e-01, -9.0903e-02, -7.2050e-02, +8.6676e-04, -1.0000e+00, -1.0605e-01, +9.7247e-02, +2.2314e-01, +1.0354e-01, -3.9722e-02, +8.0353e-03, +1.4807e-01, +3.6623e-01, -1.3397e-02, +1.5148e-01, +7.8976e-02, -5.5970e-02, +1.1520e-02, -3.4597e-02, +3.1235e-02, +1.4709e-02, -2.8722e-02, -3.5795e-02, -3.4802e-02, +1.3343e-02, -8.6122e-02, -1.5111e-02, +6.0543e-02, -1.1560e-02, +6.2687e-02, +7.2304e-02, +2.5143e-01, +2.2080e-02, +5.3482e-02, +1.6877e-01, -3.7595e-02, +9.0671e-03
-2.3436e-02, +4.7360e-03, +3.3463e-02, -3.2945e-02, -4.3193e-02, -4.6112e-02, +7.1818e-02, +1.5932e-01, -3.3972e-02, +1.2477e-02, -4.4984e-02, +7.1305e-02, -1.5849e-02, +1.0025e-01, -9.7485e-02, -5.3309e-02, -3.6653e-02, -1.0605e-01, -1.0000e+00, +5.3001e-02, +2.5925e-02, -5.0508e-02, +8.8820e-02, -8.8391e-02, +7.5629e-02, -1.5645e-01, -1.5516e-02, -5.4783e-02, -4.4690e-02, -7.2137e-02, -9.3911e-02, -2.9962e-02, +1.1208e-01, -1.9976e-02, -1.7066e-02, +1.9314e-01, -9.4116e-02, -9.6687e-02, -3.3301e-02, -9.5534e-02, +4.6174e-02, +2.1622e-02, +3.5084e-03, +7.8479e-02, -1.5913e-03, +9.4818e-02, +3.6714e-03, +2.6199e-01, -5.4414e-02, -7.8734e-02
-3.5068e-02, +6.6532e-02, +3.4616e-02, +7.8876e-02, +3.1571e-02, +6.4734e-02, +9.6112e-02, +6.0590e-02, -2.7652e-02, +8.6314e-02, +3.2297e-02, +1.3633e-01, +3.2852e-02, +5.5776e-02, +4.2167e-02, -7.3368e-02, -5.7033e-02, +9.7247e-02, +5.3001e-02, -1.0000e+00, -2.0371e-02, -7.5955e-02, +5.4156e-02, -4.8315e-02, -7.6247e-02, -1.6970e-01, +5.1741e-02, -1.4546e-02, -3.3984e-03, +5.6961e-02, -6.4437e-02, -6.3239e-02, +1.0841e-01, +1.1238e-02, -1.4278e-02, +5.8731e-02, -1.6386e-01, -8.3614e-02, +1.5907e-02, +4.2933e-02, +6.9338e-03, -9.5696e-02, -4.5985e-02, +1.1460e-02, -1.4059e-01, +7.5200e-02, +1.0140e-02, +1.6645e-01, -1.7990e-01, +1.6449e-02
-3.9667e-02, -7.3008e-03, -1.4158e-01, -9.4195e-02, +2.0521e-03, +4.1434e-02, +7.0466e-02, +1.1450e-02, -6.3751e-02, +3.6123e-02, -3.3632e-02, +3.5218e-02, -1.4203e-01, -5.4574e-02, -6.1416e-02, +6.4778e-02, -3.2725e-02, +2.2314e-01, +2.5925e-02, -2.0371e-02, -1.0000e+00, -3.8082e-02, +5.8143e-02, -6.2500e-03, -3.6086e-02, -8.8606e-02, -3.6207e-02, -1.4351e-01, -7.8352e-02, -4.1046e-02, -9.5501e-02, -8.4249e-02, +1.4832e-01, +4.3103e-02, -7.2199e-02, +3.2086e-01, +2.2996e-01, -1.5413e-01, +5.6370e-02, +2.8007e-02, -2.7452e-02, -7.2589e-03, -7.1019e-03, +1.5954e-02, -1.7077e-01, -7.3969e-02, -3.9127e-02, +8.7496e-02, +3.2611e-01, -3.3680e-02
+3.7716e-02, +9.2959e-03, +1.8623e-02, -3.3626e-02, +2.0260e-02, +1.1545e-02, +8.5941e-02, +8.8992e-02, -6.4351e-03, -3.2785e-02, -1.2415e-02, -6.3940e-02, +2.9731e-02, +9.7527e-02, +5.2010e-02, +4.9299e-02, -3.4053e-03, +1.0354e-01, -5.0508e-02, -7.5955e-02, -3.8082e-02, -1.0000e+00, -6.3255e-02, +3.0131e-02, +1.4156e-02, -1.0524e-01, +3.8005e-02, -7.8320e-02, +1.9273e-02, +2.8368e-02, -1.7860e-01, -7.6335e-02, +4.0051e-03, +3.7555e-04, -3.8651e-03, +1.3495e-01, +1.1364e-02, -8.9024e-02, +3.4826e-02, +4.0549e-02, -1.1017e-01, -1.6702e-02, +7.2742e-02, +9.6244e-03, +8.8169e-02, +6.4521e-03, -1.0152e-02, +1.1953e-01, -2.7396e-02, -1.0037e-02
-4.7408e-02, -4.7430e-02, +8.2609e-02, +3.0330e-02, -6.2367e-02, +1.3875e-01, +1.4283e-01, +1.4555e-01, -1.8687e-02, -1.5202e-01, +1.5148e-01, +1.5786e-01, +7.0798e-03, +5.5929e-01, +8.5596e-02, -2.2023e-02, +1.3184e-01, -3.9722e-02, +8.8820e-02, +5.4156e-02, +5.8143e-02, -6.3255e-02, -1.0000e+00, +2.5026e-01, +6.0326e-02, +6.1530e-01, +1.1807e-01, +1.4955e-01, +1.4129e-01, -2.8680e-02, +8.6465e-02, -5.4284e-02, +8.7357e-02, -3.4451e-02, +1.4954e-02, +1.0827e-01, +1.9126e-01, +1.0814e-01, +6.8104e-02, +9.0747e-02, -4.5459e-03, +1.5305e-01, +1.2352e-01, +4.6310e-03, +5.1232e-01, +1.0156e-01, +5.8508e-02, +2.8223e-02, +5.1479e-02, -4.9846e-02
-3.3758e-02, +1.0393e-01, -6.6326e-02, -1.0819e-01, -4.9896e-02, +4.1604e-02, -8.9315e-02, -3.2358e-02, +4.2116e-02, +1.0858e-01, -2.6041e-02, -2.0535e-02, +1.8464e-02, -5.9063e-02, -1.0634e-01, -2.5346e-02, -8.5216e-02, +8.0353e-03, -8.8391e-02, -4.8315e-02, -6.2499e-03, +3.0131e-02, +2.5026e-01, -1.0000e+00, +6.1582e-02, -2.6064e-01, -2.2014e-02, -6.9173e-02, +1.3063e-03, -3.3149e-03, -2.0384e-01, +3.3846e-02, +6.3383e-02, +1.1060e-01, -1.0605e-02, +4.8318e-02, -2.4243e-02, -1.7973e-02, -3.3994e-03, +1.5176e-02, +1.2446e-01, -3.6779e-02, -6.5991e-02, -1.2872e-02, -1.1821e-01, -1.5888e-01, -1.7346e-01, +2.0170e-01, -2.7641e-02, +2.6097e-02
+5.3748e-02, -6.2856e-02, +4.2553e-03, +4.0807e-02, +6.8345e-02, -3.6079e-02, +2.3905e-02, -4.9061e-02, -4.5185e-02, -5.8062e-02, +9.2775e-02, -6.5460e-02, -7.4915e-02, -1.7353e-01, +7.8340e-02, -5.7900e-03, +1.6802e-02, +1.4807e-01, +7.5629e-02, -7.6247e-02, -3.6086e-02, +1.4156e-02, +6.0326e-02, +6.1582e-02, -1.0000e+00, +2.6995e-03, -6.5280e-03, +9.8767e-02, +4.5318e-02, +3.1210e-02, +5.7820e-02, +1.0078e-02, +1.2966e-01, -5.0909e-02, -2.2799e-02, -1.1812e-01, -1.3130e-01, -4.7957e-02, -2.2061e-02, -1.5407e-02, +2.3476e-02, -1.0142e-02, +6.1276e-02, +5.2923e-02, -3.0681e-02, +7.6855e-02, +1.1693e-02, -2.4152e-01, -5.1605e-02, -3.5066e-02
+1.0362e-01, -3.2561e-02, +1.7724e-02, -5.5367e-02, +7.6251e-02, -7.1209e-02, -1.2344e-01, -1.1970e-01, +1.2786e-02, +1.7410e-01, -1.2351e-01, -4.3925e-02, -1.4148e-02, -2.1928e-01, -6.6778e-03, +4.4414e-02, -1.7180e-01, +3.6623e-01, -1.5645e-01, -1.6970e-01, -8.8606e-02, -1.0524e-01, +6.1530e-01, -2.6064e-01, +2.6995e-03, -1.0000e+00, -6.2451e-02, -2.2158e-01, -1.0073e-01, -6.6485e-03, -2.0740e-01, +3.4621e-02, +1.0485e-01, +1.3789e-02, +3.3457e-02, +8.7306e-02, -1.4235e-01, -7.7185e-02, +1.0885e-02, +5.3568e-03, -3.7941e-02, -1.1361e-01, -1.7817e-01, -6.4424e-02, -2.8942e-01, -1.1038e-01, -4.6879e-02, +1.7078e-01, -1.1353e-01, -1.5460e-03
+1.6755e-01, +1.4211e-01, -1.2795e-01, -5.1479e-02, +2.8607e-02, -1.6534e-01, -4.6612e-02, -6.0899e-02, +2.3366e-02, +1.2897e-02, -1.6554e-01, -6.0356e-02, -1.0886e-02, -1.3033e-01, -5.8140e-02, +1.4397e-01, +1.1617e-01, -1.3397e-02, -1.5516e-02, +5.1741e-02, -3.6207e-02, +3.8005e-02, +1.1807e-01, -2.2014e-02, -6.5280e-03, -6.2451e-02, -1.0000e+00, -3.6445e-02, -1.3527e-01, -1.0541e-01, +2.0421e-03, +2.4274e-02, +6.0417e-02, +6.4853e-02, -5.3113e-02, -2.4976e-01, +4.3438e-02, -7.6973e-02, -6.7392e-02, +7.8400e-02, -4.8601e-02, +9.8596e-02, +1.0610e-02, -1.0369e-01, +7.2211e-02, -1.3876e-01, -8.3248e-02, -1.5945e-01, -1.1266e-01, +7.3402e-03
-4.5094e-02, +3.1520e-02, -7.4574e-02, -4.9762e-02, -9.4438e-03, +5.8690e-02, +4.9083e-02, -5.3647e-02, -3.0146e-02, +9.4243e-02, -1.5802e-01, +4.9001e-02, -1.8818e-02, -1.2524e-02, -6.3243e-02, +1.0215e-01, -8.5471e-02, +1.5148e-01, -5.4783e-02, -1.4546e-02, -1.4351e-01, -7.8320e-02, +1.4955e-01, -6.9173e-02, +9.8767e-02, -2.2158e-01, -3.6445e-02, -1.0000e+00, -3.1138e-02, +1.1695e-01, -1.3470e-01, +6.9731e-02, -1.0430e-01, +9.3988e-02, -9.3520e-02, +1.3154e-01, -1.8116e-02, -1.1965e-01, -4.6793e-04, +3.0875e-02, -6.9079e-02, -3.5374e-02, -5.6982e-02, -3.0581e-02, -1.8206e-01, -7.7575e-02, -1.3518e-01, +2.6506e-01, +7.7797e-02, -5.7749e-02
+4.8870e-02, -5.6814e-02, -2.9691e-02, -8.0710e-02, -1.0418e-01, -6.7883e-02, -1.5693e-02, -2.0511e-02, +2.3679e-02, +2.1819e-02, -1.5447e-02, -7.4303e-02, -1.0881e-02, -2.7945e-02, -6.7285e-02, +4.4000e-02, +5.9457e-02, +7.8976e-02, -4.4690e-02, -3.3984e-03, -7.8352e-02, +1.9273e-02, +1.4129e-01, +1.3063e-03, +4.5318e-02, -1.0073e-01, -1.3527e-01, -3.1138e-02, -1.0000e+00, -9.9417e-02, +7.1586e-02, -2.0388e-02, +5.0715e-02, +4.5942e-02, -4.0992e-02, -6.9799e-02, +5.9377e-02, -2.1145e-02, -2.2063e-02, -3.9438e-03, +1.0907e-01, +4.0981e-02, +3.5510e-02, +6.5753e-03, -1.2700e-01, +5.9831e-02, -5.9888e-03, -7.8981e-04, -1.7997e-01, +3.4683e-02
-8.1242e-02, -2.7642e-02, +8.6058e-03, -3.1057e-02, -1.4680e-01, +4.0018e-02, -5.1017e-02, +5.5251e-02, -1.8755e-03, +5.3711e-03, -1.9919e-02, +4.4662e-02, +4.6166e-02, +1.3623e-02, -3.2837e-02, -8.1740e-03, -2.3594e-02, -5.5970e-02, -7.2137e-02, +5.6961e-02, -4.1046e-02, +2.8368e-02, -2.8680e-02, -3.3149e-03, +3.1210e-02, -6.6485e-03, -1.0541e-01, +1.1695e-01, -9.9417e-02, -1.0000e+00, +2.5921e-02, -3.3387e-02, -1.8564e-02, +8.1765e-02, -4.8121e-02, +1.1301e-01, +8.8645e-02, -1.3106e-02, +3.6791e-02, +8.3512e-03, +5.7482e-02, -5.3636e-02, -5.7900e-02, +5.0104e-02, +9.5466e-02, +7.7866e-02, -4.2980e-02, +6.4542e-02, +3.0097e-02, +1.0350e-02
-3.9406e-02, +1.0506e-01, -3.8927e-02, -5.2127e-02, +1.4266e-01, -4.9333e-02, +4.2078e-02, +1.1219e-01, -8.0219e-02, +9.2193e-02, -2.0119e-01, +1.7684e-02, -2.3628e-02, +1.1737e-01, -1.9031e-01, +1.2100e-01, +2.8369e-02, +1.1520e-02, -9.3911e-02, -6.4437e-02, -9.5501e-02, -1.7860e-01, +8.6465e-02, -2.0384e-01, +5.7820e-02, -2.0740e-01, +2.0421e-03, -1.3470e-01, +7.1586e-02, +2.5921e-02, -1.0000e+00, -4.2009e-03, +4.3117e-02, +7.1916e-02, +1.4799e-01, +2.4333e-01, -2.4435e-02, -2.0674e-01, +6.9455e-02, +8.1538e-02, -2.3633e-01, -1.1628e-01, -4.4758e-02, -1.3602e-01, -8.3804e-02, -7.0359e-02, -7.4043e-02, +4.3554e-01, -8.9695e-02, +1.6933e-01
-3.2233e-03, -8.1573e-02, -5.7285e-02, -3.3386e-02, +2.2438e-02, -2.0914e-03, +6.2533e-02, -1.9362e-02, -3.6187e-02, +1.1297e-01, -7.0513e-02, +7.2044e-02, -4.2503e-03, +4.2809e-02, -3.6767e-02, -4.9367e-02, +5.3526e-03, -3.4597e-02, -2.9961e-02, -6.3239e-02, -8.4249e-02, -7.6335e-02, -5.4284e-02, +3.3846e-02, +1.0078e-02, +3.4621e-02, +2.4274e-02, +6.9731e-02, -2.0388e-02, -3.3387e-02, -4.2009e-03, -1.0000e+00, +1.3982e-02, +1.5817e-02, -1.8033e-02, +1.3079e-01, -4.2861e-02, -9.5970e-02, +9.7835e-03, -5.4909e-02, -1.4574e-02, +9.1493e-03, +9.2009e-03, -2.9513e-02, +1.5756e-02, +7.8051e-02, -5.9352e-02, +1.3989e-01, -3.9305e-02, +2.0984e-02
-9.2301e-02, +1.0612e-01, -6.8790e-02, +4.2016e-02, -1.0061e-01, +9.6805e-02, -3.1804e-02, +1.7963e-02, -1.4896e-02, -4.0328e-02, +8.1626e-02, +7.5960e-02, -4.6557e-03, -1.9673e-01, -4.5666e-02, -3.4291e-02, +3.0072e-02, +3.1235e-02, +1.1208e-01, +1.0841e-01, +1.4832e-01, +4.0051e-03, +8.7357e-02, +6.3383e-02, +1.2966e-01, +1.0485e-01, +6.0417e-02, -1.0430e-01, +5.0715e-02, -1.8564e-02, +4.3117e-02, +1.3982e-02, -1.0000e+00, +5.9985e-02, -4.0045e-02, +7.4068e-02, +2.0488e-02, +6.2860e-03, +3.9965e-02, -6.4182e-02, -2.4978e-02, -1.0529e-01, +1.9629e-02, -7.0762e-02, -2.4839e-01, -6.7854e-02, -5.5495e-02, +1.7906e-01, +2.0394e-01, -1.4543e-02
+6.6221e-02, -7.9291e-02, +4.0275e-02, -6.8878e-02, -5.5297e-03, -5.3056e-02, +3.2990e-02, +2.5844e-02, +3.6351e-02, -9.2415e-02, +1.8455e-02, -1.6911e-02, -2.4170e-02, +1.1025e-02, +2.3965e-02, -3.6792e-02, +1.8709e-02, +1.4709e-02, -1.9976e-02, +1.1238e-02, +4.3103e-02, +3.7554e-04, -3.4451e-02, +1.1060e-01, -5.0909e-02, +1.3789e-02, +6.4853e-02, +9.3988e-02, +4.5942e-02, +8.1765e-02, +7.1916e-02, +1.5817e-02, +5.9985e-02, -1.0000e+00, -8.3690e-04, -5.2701e-02, +1.7010e-02, +3.6101e-02, -3.7987e-02, -5.8026e-03, -6.3459e-03, +1.7235e-03, +1.4475e-03, +3.8284e-02, +4.1311e-02, +5.5659e-02, +5.4597e-02, -1.0562e-01, +1.8053e-02, +1.2439e-03
-1.1039e-02, +6.2444e-02, -3.9661e-02, +2.5929e-02, -4.6509e-02, +9.2983e-03, +1.6698e-02, -7.1789e-03, -1.2932e-02, +1.7451e-02, -3.7081e-02, +4.3110e-02, -7.5179e-02, -3.1133e-03, -3.5255e-02, -4.2177e-03, -1.9792e-02, -2.8722e-02, -1.7066e-02, -1.4278e-02, -7.2199e-02, -3.8651e-03, +1.4954e-02, -1.0605e-02, -2.2799e-02, +3.3457e-02, -5.3113e-02, -9.3520e-02, -4.0992e-02, -4.8121e-02, +1.4799e-01, -1.8033e-02, -4.0045e-02, -8.3689e-04, -1.0000e+00, -3.6870e-02, -6.5923e-02, +1.0105e-02, +5.0717e-02, +1.0551e-02, +4.3415e-02, +1.0985e-02, +5.4523e-03, -4.7963e-03, -2.2962e-02, -1.8244e-02, -2.3082e-02, +2.1524e-02, +5.5789e-02, -1.1610e-02
+3.3464e-01, +2.0100e-01, -8.0072e-02, +3.8231e-02, +1.6240e-01, -3.0735e-01, -5.6512e-02, -6.0769e-02, +1.4410e-01, -1.1714e-02, -1.0522e-01, -1.5155e-01, +6.0373e-02, -1.1562e-01, +1.2775e-01, +1.1341e-01, +9.9457e-02, -3.5795e-02, +1.9314e-01, +5.8731e-02, +3.2086e-01, +1.3495e-01, +1.0827e-01, +4.8318e-02, -1.1812e-01, +8.7306e-02, -2.4976e-01, +1.3154e-01, -6.9799e-02, +1.1301e-01, +2.4333e-01, +1.3079e-01, +7.4068e-02, -5.2701e-02, -3.6870e-02, -1.0000e+00, -1.3110e-01, +1.1317e-01, -2.1521e-01, +6.7042e-02, +4.6068e-02, +2.1941e-01, +4.4239e-02, -1.2116e-01, +7.6058e-02, -1.5900e-01, -6.9037e-02, -6.1972e-01, -5.6466e-01, +8.5462e-02
+7.2987e-02, +7.4043e-02, -2.6246e-02, +1.7955e-01, +1.0978e-01, +3.7700e-03, -2.9757e-03, -5.5302e-03, -3.0911e-02, +4.9995e-02, -2.2659e-02, +3.1024e-02, +8.7116e-02, +4.0632e-03, +4.0455e-02, +3.4639e-02, -2.2684e-02, -3.4802e-02, -9.4116e-02, -1.6386e-01, +2.2996e-01, +1.1364e-02, +1.9126e-01, -2.4243e-02, -1.3130e-01, -1.4235e-01, +4.3438e-02, -1.8116e-02, +5.9377e-02, +8.8645e-02, -2.4435e-02, -4.2861e-02, +2.0488e-02, +1.7010e-02, -6.5923e-02, -1.3110e-01, -1.0000e+00, -6.7678e-02, -6.0233e-03, -8.7571e-02, +1.5503e-02, -8.2907e-02, +2.2887e-02, +2.1691e-02, -2.5148e-01, +9.5523e-02, -7.6749e-02, +1.8714e-01, -2.6730e-01, -7.2051e-02
+9.6476e-03, +1.7397e-02, -3.7156e-02, -4.9028e-02, +7.5240e-02, +5.6058e-02, +1.1105e-01, +1.0411e-02, -5.0776e-02, +3.3465e-02, -1.2311e-01, +5.4741e-02, -2.3797e-02, -6.4526e-02, +3.1769e-02, +8.1217e-02, -6.3693e-02, +1.3343e-02, -9.6687e-02, -8.3614e-02, -1.5413e-01, -8.9024e-02, +1.0814e-01, -1.7973e-02, -4.7957e-02, -7.7185e-02, -7.6973e-02, -1.1965e-01, -2.1145e-02, -1.3106e-02, -2.0674e-01, -9.5970e-02, +6.2859e-03, +3.6101e-02, +1.0105e-02, +1.1317e-01, -6.7678e-02, -1.0000e+00, +1.7607e-02, +4.3793e-02, -1.6384e-01, -7.6711e-02, -4.7118e-02, -7.5144e-02, -7.6135e-02, +4.2406e-02, -1.1095e-01, +1.5721e-01, -8.5201e-02, +2.2801e-02
+7.4372e-02, +5.7664e-03, -7.2503e-02, -3.7942e-02, -3.0681e-02, -3.5091e-02, +2.8091e-02, +2.9664e-04, +3.1676e-03, +4.7675e-03, -5.9259e-02, -6.5405e-02, +7.0271e-02, -2.2002e-02, +4.5015e-04, +2.5240e-02, +5.2696e-02, -8.6123e-02, -3.3301e-02, +1.5907e-02, +5.6370e-02, +3.4826e-02, +6.8104e-02, -3.3994e-03, -2.2061e-02, +1.0885e-02, -6.7392e-02, -4.6793e-04, -2.2063e-02, +3.6791e-02, +6.9455e-02, +9.7835e-03, +3.9965e-02, -3.7987e-02, +5.0717e-02, -2.1521e-01, -6.0233e-03, +1.7607e-02, -1.0000e+00, -2.2688e-02, +6.3089e-02, +8.5772e-02, +1.2608e-02, +6.1833e-03, +6.1965e-02, -6.0314e-02, -1.4755e-01, -7.9979e-02, -1.9078e-01, +8.4433e-02
-6.5125e-03, -7.5313e-02, +6.0159e-02, -2.9622e-02, -6.8682e-02, +5.0741e-02, -3.1423e-02, +1.9208e-02, -1.4557e-02, +7.2331e-02, +9.8709e-02, +6.2687e-03, -5.2144e-02, -6.0600e-02, +1.2969e-02, -4.2300e-02, -3.2513e-02, -1.5111e-02, -9.5534e-02, +4.2933e-02, +2.8007e-02, +4.0549e-02, +9.0747e-02, +1.5176e-02, -1.5407e-02, +5.3568e-03, +7.8400e-02, +3.0875e-02, -3.9438e-03, +8.3512e-03, +8.1538e-02, -5.4909e-02, -6.4182e-02, -5.8026e-03, +1.0551e-02, +6.7042e-02, -8.7571e-02, +4.3793e-02, -2.2688e-02, -1.0000e+00, +4.5852e-03, +4.4183e-02, +2.4364e-02, +4.4994e-02, -6.5944e-02, +1.0169e-01, +6.3584e-02, +4.2917e-02, -2.9485e-02, -3.8160e-02
+1.2946e-01, +1.0419e-02, -2.2837e-02, +8.8836e-03, +1.4803e-01, -2.7433e-02, +8.2883e-02, +4.2523e-02, -1.7839e-02, +2.3913e-02, -1.8409e-01, +1.2275e-04, -3.3967e-02, -7.8557e-03, -3.1057e-02, +8.4610e-02, +4.0792e-02, +6.0543e-02, +4.6174e-02, +6.9338e-03, -2.7452e-02, -1.1017e-01, -4.5459e-03, +1.2446e-01, +2.3476e-02, -3.7941e-02, -4.8601e-02, -6.9079e-02, +1.0907e-01, +5.7482e-02, -2.3633e-01, -1.4574e-02, -2.4978e-02, -6.3459e-03, +4.3415e-02, +4.6068e-02, +1.5503e-02, -1.6384e-01, +6.3089e-02, +4.5852e-03, -1.0000e+00, -1.0659e-01, -4.7983e-03, -8.8851e-02, -4.4398e-02, +3.5646e-02, -4.1946e-02, +1.0010e-01, +3.2954e-02, +1.0557e-01
-1.9934e-02, -4.3368e-03, +6.8411e-02, +2.6783e-04, +1.0533e-02, +8.3719e-02, -9.2621e-03, +5.1937e-02, +3.0934e-02, -4.1045e-02, +3.5956e-02, -1.8705e-02, +2.0215e-02, -4.8448e-02, -8.4011e-03, -4.3258e-02, -3.0402e-02, -1.1560e-02, +2.1622e-02, -9.5696e-02, -7.2589e-03, -1.6702e-02, +1.5305e-01, -3.6779e-02, -1.0142e-02, -1.1361e-01, +9.8596e-02, -3.5374e-02, +4.0981e-02, -5.3636e-02, -1.1628e-01, +9.1493e-03, -1.0529e-01, +1.7235e-03, +1.0985e-02, +2.1941e-01, -8.2907e-02, -7.6711e-02, +8.5772e-02, +4.4183e-02, -1.0659e-01, -1.0000e+00, -3.2274e-02, -6.1211e-02, -1.3800e-01, +1.7952e-02, +7.1762e-03, +1.9700e-01, +9.7145e-02, -6.1127e-02
-6.3013e-03, -5.7732e-02, +1.8136e-02, +5.9663e-02, +1.6468e-02, +3.5017e-02, -1.5018e-02, -5.8837e-02, -3.4512e-02, +4.9460e-02, +2.7839e-03, -2.2442e-02, +1.3907e-02, -7.3226e-02, +3.5124e-02, -1.7918e-02, -3.9943e-02, +6.2687e-02, +3.5084e-03, -4.5985e-02, -7.1019e-03, +7.2742e-02, +1.2352e-01, -6.5991e-02, +6.1276e-02, -1.7817e-01, +1.0610e-02, -5.6982e-02, +3.5510e-02, -5.7900e-02, -4.4758e-02, +9.2009e-03, +1.9629e-02, +1.4475e-03, +5.4523e-03, +4.4239e-02, +2.2887e-02, -4.7118e-02, +1.2608e-02, +2.4364e-02, -4.7983e-03, -3.2274e-02, -1.0000e+00, -3.3103e-02, -5.3310e-02, -4.1719e-03, -3.4828e-02, +2.2535e-02, -8.2153e-03, -2.5789e-02
+1.4452e-01, -7.9812e-03, -5.4908e-02, -4.0119e-03, +1.3824e-02, -7.5642e-02, -5.2594e-02, +4.5782e-02, -9.8959e-03, -4.8036e-02, -7.3024e-02, -5.2214e-02, -5.1545e-02, +1.8372e-03, -1.9513e-02, +5.9964e-02, +1.1015e-02, +7.2304e-02, +7.8479e-02, +1.1460e-02, +1.5954e-02, +9.6244e-03, +4.6310e-03, -1.2872e-02, +5.2923e-02, -6.4424e-02, -1.0369e-01, -3.0581e-02, +6.5753e-03, +5.0104e-02, -1.3602e-01, -2.9513e-02, -7.0762e-02, +3.8284e-02, -4.7963e-03, -1.2116e-01, +2.1691e-02, -7.5144e-02, +6.1833e-03, +4.4994e-02, -8.8851e-02, -6.1211e-02, -3.3103e-02, -1.0000e+00, +5.7237e-02, -7.3607e-02, -1.4095e-02, -5.7316e-02, -1.4175e-01, +5.5658e-02
-4.2865e-02, +4.5488e-02, +1.5020e-02, +8.2452e-02, +2.5472e-02, +1.0975e-02, +1.2987e-02, -2.9269e-02, +4.0245e-02, +1.0413e-01, -5.0245e-02, +8.8854e-02, +4.5942e-02, -1.7961e-01, -5.7552e-02, +3.2954e-02, -1.5778e-01, +2.5143e-01, -1.5913e-03, -1.4059e-01, -1.7077e-01, +8.8169e-02, +5.1232e-01, -1.1821e-01, -3.0681e-02, -2.8942e-01, +7.2211e-02, -1.8206e-01, -1.2700e-01, +9.5466e-02, -8.3804e-02, +1.5756e-02, -2.4839e-01, +4.1311e-02, -2.2962e-02, +7.6058e-02, -2.5148e-01, -7.6135e-02, +6.1965e-02, -6.5944e-02, -4.4398e-02, -1.3800e-01, -5.3310e-02, +5.7237e-02, -1.0000e+00, -2.4651e-03, -9.3783e-02, +2.6266e-01, +1.0358e-02, -1.7237e-02
+8.2233e-02, +2.3607e-01, -9.0511e-02, -4.5958e-02, +1.2135e-02, -3.8033e-02, -9.5858e-02, -4.8138e-02, +1.0500e-02, +5.5642e-03, -5.3872e-02, -4.5611e-02, -2.9780e-02, -2.3230e-02, -2.7504e-02, +6.8382e-02, +2.8522e-02, +2.2080e-02, +9.4818e-02, +7.5200e-02, -7.3969e-02, +6.4521e-03, +1.0156e-01, -1.5888e-01, +7.6855e-02, -1.1038e-01, -1.3876e-01, -7.7575e-02, +5.9832e-02, +7.7866e-02, -7.0359e-02, +7.8051e-02, -6.7854e-02, +5.5659e-02, -1.8244e-02, -1.5900e-01, +9.5523e-02, +4.2406e-02, -6.0314e-02, +1.0169e-01, +3.5646e-02, +1.7952e-02, -4.1719e-03, -7.3607e-02, -2.4651e-03, -1.0000e+00, -9.4464e-02, -5.8235e-02, +8.1010e-02, +3.1618e-02
-3.8320e-02, +9.5725e-02, -8.4995e-02, -1.5817e-02, +3.0352e-02, -9.5423e-02, -2.1719e-02, -4.0237e-02, -5.8358e-02, +5.8980e-02, -2.0023e-01, +6.9973e-02, -2.8951e-02, +2.7474e-02, -8.2574e-02, +8.9614e-02, -6.4381e-02, +5.3482e-02, +3.6714e-03, +1.0140e-02, -3.9127e-02, -1.0152e-02, +5.8508e-02, -1.7346e-01, +1.1693e-02, -4.6879e-02, -8.3248e-02, -1.3518e-01, -5.9888e-03, -4.2980e-02, -7.4043e-02, -5.9352e-02, -5.5495e-02, +5.4597e-02, -2.3082e-02, -6.9037e-02, -7.6749e-02, -1.1095e-01, -1.4755e-01, +6.3584e-02, -4.1946e-02, +7.1762e-03, -3.4828e-02, -1.4095e-02, -9.3783e-02, -9.4464e-02, -1.0000e+00, +1.9053e-01, -1.8737e-01, +6.4205e-02
+2.8416e-01, -9.0242e-02, -2.0800e-02, -2.3348e-02, +1.0816e-01, -2.0875e-01, -9.0852e-02, -1.6541e-01, +1.1313e-01, -1.8628e-01, +1.8184e-01, -3.3707e-01, -6.6669e-02, -3.9854e-01, +2.9571e-01, +1.1988e-02, +1.4156e-01, +1.6877e-01, +2.6199e-01, +1.6645e-01, +8.7496e-02, +1.1953e-01, +2.8223e-02, +2.0170e-01, -2.4152e-01, +1.7078e-01, -1.5945e-01, +2.6506e-01, -7.8982e-04, +6.4542e-02, +4.3554e-01, +1.3989e-01, +1.7906e-01, -1.0562e-01, +2.1524e-02, -6.1972e-01, +1.8714e-01, +1.5721e-01, -7.9979e-02, +4.2917e-02, +1.0010e-01, +1.9700e-01, +2.2535e-02, -5.7316e-02, +2.6266e-01, -5.8235e-02, +1.9053e-01, -1.0000e+00, -4.2181e-02, +4.6211e-02
+2.3362e-01, +9.2332e-02, -6.5886e-02, -5.5434e-03, +1.2295e-01, -2.0621e-01, +4.1931e-02, +1.5942e-01, +8.6789e-03, +1.0255e-01, -1.9733e-01, +7.0476e-03, +1.1394e-01, +1.8535e-01, +4.9871e-03, +1.2026e-01, +4.8257e-02, -3.7595e-02, -5.4414e-02, -1.7990e-01, +3.2611e-01, -2.7396e-02, +5.1479e-02, -2.7641e-02, -5.1605e-02, -1.1353e-01, -1.1266e-01, +7.7797e-02, -1.7997e-01, +3.0097e-02, -8.9695e-02, -3.9305e-02, +2.0394e-01, +1.8053e-02, +5.5789e-02, -5.6466e-01, -2.6730e-01, -8.5201e-02, -1.9078e-01, -2.9485e-02, +3.2954e-02, +9.7145e-02, -8.2153e-03, -1.4175e-01, +1.0358e-02, +8.1010e-02, -1.8737e-01, -4.2181e-02, -1.0000e+00, +1.4288e-01
+1.4713e-02, -3.5540e-02, +6.6246e-02, +4.5968e-02, -3.2383e-03, +1.2385e-01, +5.9246e-02, +4.6242e-03, +1.8464e-03, -9.7498e-03, +1.1608e-01, +5.9146e-02, +1.0896e-01, +2.6153e-02, +1.2259e-01, +3.7202e-03, -9.0103e-02, +9.0671e-03, -7.8734e-02, +1.6449e-02, -3.3680e-02, -1.0037e-02, -4.9846e-02, +2.6097e-02, -3.5066e-02, -1.5460e-03, +7.3402e-03, -5.7749e-02, +3.4683e-02, +1.0350e-02, +1.6933e-01, +2.0984e-02, -1.4543e-02, +1.2439e-03, -1.1609e-02, +8.5462e-02, -7.2051e-02, +2.2801e-02, +8.4433e-02, -3.8160e-02, +1.0557e-01, -6.1127e-02, -2.5789e-02, +5.5658e-02, -1.7237e-02, +3.1618e-02, +6.4205e-02, +4.6211e-02, +1.4288e-01, -1.0000e+00
