-1.0000e+00, +3.0077e-02, -9.8438e-02, -2.0847e-02, +2.3105e-02, -1.9436e-02, -7.9951e-02, +1.3473e-02, -8.6235e-03, +3.0948e-02, -4.7076e-02, -9.2814e-02, +4.5413e-02, -8.6611e-02, +6.2072e-02, +4.1593e-02, +6.8852e-02, +6.0783e-02, -5.8550e-02, +3.7112e-02, -1.3509e-03, -4.4789e-02, +7.3356e-02, +5.9731e-02, -7.0230e-02, -7.8691e-02, -1.6621e-02, -6.4481e-02, -3.6705e-02, -5.3118e-03, -5.1607e-02, +4.2191e-02, -4.2974e-02, +4.5997e-02, +1.1266e-02, +9.2515e-02, -3.4208e-02, -7.4418e-02, +4.7765e-02, -3.8972e-02, -2.9121e-03, -5.1019e-02, +5.0043e-02, +7.2071e-03, -7.1717e-02, -1.5613e-02, -1.2389e-01, +1.4524e-01, -5.2574e-02, +2.0497e-02
+3.0077e-02, -1.0000e+00, +2.5746e-02, -5.5586e-02, -1.4251e-02, +2.5121e-02, +2.4669e-02, +8.2907e-03, -6.0320e-02, +8.4165e-02, -3.0881e-02, +1.7597e-02, -2.4098e-02, +1.5561e-01, +4.6706e-02, -8.3383e-02, +5.3342e-02, -3.8728e-02, +4.0678e-02, +4.0687e-02, -8.3098e-03, +9.7963e-03, +4.4659e-02, +8.1620e-02, -3.5993e-02, -5.3892e-02, +4.0670e-02, -6.4515e-03, -6.6796e-02, -4.1262e-02, -5.7907e-02, +1.3179e-02, -1.5952e-02, -4.3291e-02, +4.4567e-02, -3.9348e-02, +7.8021e-02, -3.2263e-02, -3.8358e-02, -1.2859e-02, -1.7164e-02, +6.5258e-02, +6.9984e-02, +2.3760e-02, +3.9591e-02, +5.6792e-02, +1.0097e-01, +3.2401e-02, +4.6174e-02, -4.1778e-02
-9.8438e-02, +2.5746e-02, -1.0000e+00, +1.0681e-02, -6.3770e-02, -1.4036e-01, -8.0374e-02, -8.1033e-03, +1.6905e-02, +5.6829e-02, -8.0772e-02, -2.9378e-02, -1.0663e-01, -7.2019e-02, -1.0615e-02, +7.1574e-02, +4.4996e-02, -2.0635e-02, +3.7771e-02, -3.9527e-02, -1.5978e-02, -4.5063e-02, +3.9448e-02, +2.4226e-02, -7.1745e-02, -3.2940e-02, +3.6534e-02, -5.5565e-02, -8.4582e-02, -2.4174e-02, -9.6829e-02, -4.1067e-02, -1.1427e-01, -4.2742e-02, -5.7281e-03, +2.4158e-02, -1.3182e-01, -5.2472e-03, +1.4493e-02, -6.0356e-02, +5.8489e-02, +1.8912e-02, +4.3607e-02, -1.2685e-02, -8.2914e-02, -2.1784e-02, +2.0119e-02, +1.1080e-01, -2.5389e-02, +5.6558e-02
-2.0847e-02, -5.5586e-02, +1.0681e-02, -1.0000e+00, -4.9550e-02, -7.7827e-02, +1.1763e-01, +4.2450e-02, +1.3358e-01, +2.7362e-02, -1.3741e-01, -1.3776e-01, -2.4490e-02, -7.5078e-02, -2.8722e-02, -3.6198e-03, +3.1731e-02, -5.8061e-02, -3.0938e-02, -1.5114e-02, -3.9511e-02, -4.3726e-02, +4.2413e-02, -3.8163e-02, -3.5291e-02, -1.0011e-01, -2.0928e-02, -8.8541e-02, -1.1708e-01, -1.6021e-01, -3.8176e-02, +8.2332e-02, +2.1220e-02, +6.4920e-02, -3.2343e-02, +1.9356e-01, +2.5707e-03, -1.1520e-01, -1.4976e-01, -4.2442e-02, -2.0720e-02, -1.2018e-01, -4.1703e-03, +6.6810e-02, -1.1531e-01, -5.2209e-02, -1.4268e-01, +1.6325e-01, -9.3759e-02, +5.6949e-03
+2.3105e-02, -1.4251e-02, -6.3770e-02, -4.9550e-02, -1.0000e+00, -3.9595e-02, -4.6073e-02, +2.6528e-02, +3.4844e-02, +9.9348e-02, -9.9363e-02, +3.0774e-02, -5.7949e-02, +7.3600e-04, -9.0288e-02, +2.9863e-02, -6.8899e-02, -5.5971e-02, -5.5926e-02, -2.5070e-02, -4.4289e-02, -3.5213e-03, +3.0346e-03, -3.9435e-02, +2.5763e-03, +4.9767e-02, +3.5053e-02, -1.5483e-01, -6.9633e-02, -7.6168e-02, -4.6233e-02, -4.5143e-02, -3.7147e-02, +5.6581e-02, +1.0018e-02, +2.2084e-01, -9.1864e-03, -4.4358e-03, -7.9825e-03, +6.0127e-02, +5.0890e-02, +1.0562e-01, -6.6934e-04, +3.9887e-02, -6.2286e-02, +9.4426e-03, -1.0077e-01, +2.1382e-01, -8.0811e-02, -6.6567e-03
-1.9436e-02, +2.5121e-02, -1.4036e-01, -7.7827e-02, -3.9595e-02, -1.0000e+00, -5.8990e-02, +1.1654e-02, +1.3096e-01, +5.2512e-02, -1.8573e-01, -6.9839e-02, +3.3630e-02, -6.5007e-02, -1.1586e-01, -2.5278e-03, -5.6889e-02, -4.1168e-02, -1.8808e-01, -2.3111e-02, -9.7913e-02, -5.7144e-02, +5.8524e-02, +1.9739e-02, -5.7367e-02, -5.7113e-02, -7.5549e-02, -1.6669e-01, -7.0376e-02, -5.0276e-02, -1.1602e-01, +3.2984e-02, +1.8407e-02, +2.5592e-02, -3.9632e-02, -1.7474e-01, +4.4740e-02, -7.7355e-02, -8.7547e-02, -7.9753e-02, -3.0634e-02, -8.1092e-02, -8.1687e-02, -5.5310e-02, +6.0274e-02, -1.0200e-01, -2.1880e-01, -1.0673e-01, +8.4081e-03, +1.5480e-01
-7.9951e-02, +2.4669e-02, -8.0374e-02, +1.1763e-01, -4.6073e-02, -5.8990e-02, -1.0000e+00, -1.0855e-01, -1.7818e-03, +6.8706e-03, -4.9350e-02, +1.2707e-02, +3.7888e-02, -7.7042e-03, +4.7666e-02, +3.3283e-02, +2.1381e-01, +6.3488e-02, -3.9776e-02, +3.7015e-02, -2.3938e-02, +5.4847e-02, +1.8001e-01, -9.7726e-03, -8.9935e-02, -8.6823e-03, -1.1248e-02, -1.5325e-01, -8.6311e-02, +7.6913e-03, -4.0005e-02, +3.3226e-02, -1.2584e-02, -2.3998e-02, +1.0763e-02, -2.8815e-02, -4.3450e-02, -3.6398e-02, -8.1148e-02, +1.2794e-02, -4.2577e-02, +1.5928e-01, -1.1029e-02, -4.3456e-02, -7.8978e-02, -6.3942e-02, -2.3679e-02, -1.1297e-01, -3.5017e-02, -5.5348e-02
+1.3473e-02, +8.2907e-03, -8.1033e-03, +4.2450e-02, +2.6528e-02, +1.1654e-02, -1.0855e-01, -1.0000e+00, -8.5436e-02, +4.4023e-02, -1.7874e-02, +2.0868e-02, +4.8983e-02, +2.6988e-04, +4.3350e-02, +5.4816e-02, +4.9435e-03, -6.5764e-02, +5.4051e-02, +4.9986e-02, -4.7572e-03, +3.1150e-02, +3.0351e-02, +7.4419e-02, +1.9996e-02, +2.1229e-02, +2.1157e-02, -7.4168e-02, -1.4827e-03, +9.4569e-03, -2.2309e-02, +9.3598e-02, -2.8294e-02, -2.1491e-02, -1.6917e-03, -5.6239e-02, -7.2165e-02, +1.5835e-02, +1.8551e-02, +1.1278e-01, +6.4332e-03, +6.0748e-02, -3.1269e-02, -3.1290e-02, -1.2453e-01, +5.0398e-02, +3.2567e-02, -3.7075e-02, +3.6975e-02, +2.2054e-02
-8.6235e-03, -6.0320e-02, +1.6905e-02, +1.3358e-01, +3.4844e-02, +1.3096e-01, -1.7818e-03, -8.5436e-02, -1.0000e+00, +1.2236e-01, +1.7977e-01, +3.8599e-03, -4.7449e-02, -9.2003e-03, -8.8262e-03, +3.9377e-02, +8.4015e-02, +6.2536e-03, +7.4988e-02, -6.6425e-02, +3.5031e-02, +7.7914e-02, -1.4679e-01, +5.8075e-02, +4.5473e-02, +2.3330e-02, +3.5566e-02, -5.5535e-02, +6.9432e-02, +2.1501e-02, -3.1867e-02, +1.4518e-01, -1.7176e-02, +5.7688e-02, +1.1747e-01, +6.0686e-02, +2.9398e-02, -9.7456e-03, +4.0635e-02, +2.1125e-02, +7.4270e-02, +5.7274e-02, +3.7516e-02, +1.2340e-02, +9.5614e-03, +4.0623e-03, +2.6098e-02, +1.1307e-01, +8.4916e-02, -4.8330e-03
+3.0948e-02, +8.4165e-02, +5.6829e-02, +2.7362e-02, +9.9348e-02, +5.2512e-02, +6.8706e-03, +4.4023e-02, +1.2236e-01, -1.0000e+00, -5.3232e-02, +8.5391e-02, +7.7581e-02, +4.8713e-02, +9.1448e-02, -3.0084e-02, +6.7446e-02, +6.6289e-02, +2.0859e-02, -6.7665e-03, -3.4421e-02, +5.4544e-02, +9.8055e-02, -9.0528e-02, +4.1721e-02, +6.9926e-02, +1.3470e-02, +7.0843e-02, +1.0106e-01, +3.6220e-02, -3.7013e-02, -5.9831e-03, +5.9957e-02, +1.8137e-03, +5.3472e-03, +2.1772e-02, +1.7438e-02, +8.6199e-02, +6.1474e-02, +2.8869e-02, +6.4001e-02, +1.0840e-02, -3.6721e-03, -4.0963e-02, +4.8141e-02, +6.0206e-02, +1.8043e-01, -3.2345e-02, -3.3890e-02, +7.7893e-02
-4.7076e-02, -3.0881e-02, -8.0772e-02, -1.3741e-01, -9.9363e-02, -1.8573e-01, -4.9350e-02, -1.7874e-02, +1.7977e-01, -5.3232e-02, -1.0000e+00, -8.6276e-02, -7.5866e-02, -1.0638e-01, -1.1575e-01, -2.0224e-02, +1.1157e-02, -1.0902e-01, -1.2980e-01, -3.7950e-02, -7.6053e-02, -4.1784e-02, +1.7093e-01, +1.1827e-01, +3.7135e-02, -6.6355e-02, -1.3256e-01, -1.8531e-01, -1.6368e-01, -1.3182e-01, -1.4645e-01, +1.0958e-01, -2.1674e-02, +1.8684e-02, -4.1977e-02, +7.9927e-02, +6.1931e-02, -1.4932e-01, -1.2134e-01, +3.2025e-02, -2.3096e-02, +1.7498e-02, -4.1741e-02, -5.9986e-02, -2.1879e-01, +3.9351e-02, -2.0423e-01, +7.5232e-02, -5.8449e-02, +1.2415e-01
-9.2814e-02, +1.7597e-02, -2.9378e-02, -1.3776e-01, +3.0774e-02, -6.9839e-02, +1.2707e-02, +2.0868e-02, +3.8599e-03, +8.5391e-02, -8.6276e-02, -1.0000e+00, +1.0980e-02, -4.9163e-02, +5.9167e-02, +6.1292e-02, +2.2676e-01, -3.0182e-02, -4.3816e-02, +3.8530e-02, +6.2501e-02, -2.8735e-02, +1.9115e-01, +1.0337e-02, -8.1741e-02, -3.6990e-02, -1.0019e-02, +2.8200e-02, -2.7367e-02, -3.8260e-02, -2.4860e-02, +4.0195e-02, +9.7210e-02, +9.4253e-02, +2.4049e-02, +7.7556e-02, -8.8064e-02, -3.4260e-02, -1.0398e-01, -7.0529e-02, -3.2990e-02, -1.9461e-01, +8.7289e-02, +1.0523e-01, -1.1793e-02, -5.4472e-03, -7.9564e-02, -3.5720e-02, -7.6826e-02, -4.7332e-02
+4.5413e-02, -2.4098e-02, -1.0663e-01, -2.4490e-02, -5.7949e-02, +3.3630e-02, +3.7888e-02, +4.8983e-02, -4.7449e-02, +7.7581e-02, -7.5866e-02, +1.0980e-02, -1.0000e+00, -5.5706e-02, -3.3351e-02, +1.7305e-02, +1.0881e-01, -2.5557e-02, +3.8914e-03, +3.6684e-02, -9.8657e-02, +1.8907e-02, +1.2214e-01, +7.5427e-02, +1.4482e-02, -3.8606e-02, -1.1138e-02, -2.1221e-02, -8.3984e-02, -7.8753e-03, -1.1161e-01, +4.3846e-03, -3.0794e-02, +5.7065e-02, -7.8702e-03, +9.0352e-02, +9.2241e-02, -4.0149e-02, -3.5293e-02, -4.2715e-03, -1.3492e-02, +1.5219e-01, -7.7973e-03, -3.5642e-02, -9.9927e-02, -6.1666e-02, +2.1807e-02, +3.8575e-04, -2.6474e-02, -3.3326e-02
-8.6611e-02, +1.5561e-01, -7.2019e-02, -7.5078e-02, +7.3601e-04, -6.5007e-02, -7.7042e-03, +2.6988e-04, -9.2003e-03, +4.8713e-02, -1.0638e-01, -4.9163e-02, -5.5706e-02, -1.0000e+00, -2.4626e-02, +1.4067e-02, +6.2199e-02, -2.4182e-02, -1.1121e-01, +3.8031e-02, -2.8333e-02, -7.4730e-02, +1.1201e-01, -8.5280e-02, -3.4311e-02, -2.2779e-02, -1.2288e-01, -8.2112e-02, -3.5452e-02, -5.8145e-02, -9.4296e-02, +5.6870e-02, -1.3298e-02, -8.6773e-04, -7.4598e-02, -9.3561e-03, +5.9023e-02, -2.5545e-02, -1.1488e-01, -2.1275e-02, -1.6125e-01, -5.6997e-02, -4.8318e-02, +6.8739e-02, -1.6825e-02, -5.5704e-02, -7.8362e-02, -6.6010e-02, -6.1046e-02, +4.7177e-02
+6.2072e-02, +4.6706e-02, -1.0615e-02, -2.8722e-02, -9.0288e-02, -1.1586e-01, +4.7666e-02, +4.3350e-02, -8.8262e-03, +9.1448e-02, -1.1575e-01, +5.9167e-02, -3.3351e-02, -2.4626e-02, -1.0000e+00, -1.4393e-02, -1.8613e-01, -4.7273e-02, -2.2069e-03, -7.0013e-02, -1.0761e-01, +2.0845e-03, -1.3921e-01, -1.0364e-01, -2.0444e-02, +2.7998e-02, -1.2988e-01, -1.5747e-01, -5.4655e-02, +4.9292e-02, -4.7979e-03, -1.6211e-02, -6.3701e-02, +2.8567e-02, -3.1867e-02, +2.0704e-01, +1.7221e-01, -4.7735e-02, -3.6254e-02, +5.2403e-02, -3.4309e-03, +1.0048e-01, -2.8285e-02, -3.3003e-02, -1.0331e-02, -2.5096e-02, -5.7378e-02, +2.5788e-01, -4.9713e-02, +5.1989e-02
+4.1593e-02, -8.3383e-02, +7.1574e-02, -3.6198e-03, +2.9863e-02, -2.5278e-03, +3.3283e-02, +5.4816e-02, +3.9377e-02, -3.0084e-02, -2.0224e-02, +6.1292e-02, +1.7305e-02, +1.4067e-02, -1.4393e-02, -1.0000e+00, -2.1266e-02, -3.2441e-02, -1.5548e-02, -4.9950e-02, -5.6951e-02, -3.4035e-02, -3.8698e-02, -9.4299e-02, +1.0621e-02, -3.8309e-02, -8.2376e-02, -4.5858e-03, +1.2561e-03, -3.1438e-02, +1.4400e-02, -1.0461e-02, -2.3205e-03, +1.2516e-01, +1.8150e-03, +1.3227e-02, +2.1726e-01, -6.1062e-02, -1.6570e-02, -1.7299e-02, -6.7905e-02, -1.3242e-02, +2.4279e-02, -4.4218e-02, +4.7873e-02, -3.6391e-02, -9.2272e-02, -5.0844e-02, +1.7469e-02, -1.3917e-02
+6.8852e-02, +5.3342e-02, +4.4996e-02, +3.1731e-02, -6.8899e-02, -5.6889e-02, +2.1381e-01, +4.9435e-03, +8.4015e-02, +6.7446e-02, +1.1157e-02, +2.2676e-01, +1.0881e-01, +6.2199e-02, -1.8613e-01, -2.1266e-02, -1.0000e+00, -3.1369e-02, +1.2274e-01, -4.4579e-02, -3.3329e-02, +4.0272e-02, +1.1691e-01, -7.5427e-02, +4.6458e-02, -6.6380e-02, -1.5631e-01, +6.5347e-02, +9.6313e-02, +6.6664e-03, +6.1060e-02, -1.2792e-01, -8.2433e-02, -2.2496e-02, -1.7121e-02, -7.1617e-03, -4.2703e-02, +4.2792e-03, +1.0910e-01, +1.2957e-02, -7.2029e-02, +3.2728e-02, -9.1631e-02, -1.4302e-01, +1.6594e-01, +3.0936e-02, -4.1330e-02, -3.2288e-02, +1.9396e-03, +6.2915e-02
+6.0783e-02, -3.8728e-02, -2.0635e-02, -5.8061e-02, -5.5971e-02, -4.1168e-02, +6.3488e-02, -6.5764e-02, +6.2536e-03, +6.6289e-02, -1.0902e-01, -3.0182e-02, -2.5557e-02, -2.4182e-02, -4.7273e-02, -3.2441e-02, -3.1369e-02, -1.0000e+00, +4.6461e-02, -5.4339e-03, -2.4525e-02, -5.2628e-02, +7.3332e-02, +1.0196e-01, -5.6569e-04, -5.8041e-02, -3.5302e-02, -1.1947e-01, -7.9607e-02, -6.2648e-03, -4.3308e-02, +3.4700e-02, -7.6452e-02, +3.6576e-02, +9.4771e-02, +5.6818e-02, +5.5364e-02, -5.9861e-02, -7.8681e-03, +5.5652e-02, -3.9412e-03, +3.8139e-03, -3.5635e-03, +2.1137e-02, -8.7437e-02, +1.0283e-01, -8.5408e-02, +5.7694e-02, -5.3884e-02, -1.7966e-02
-5.8550e-02, +4.0678e-02, +3.7771e-02, -3.0938e-02, -5.5926e-02, -1.8808e-01, -3.9776e-02, +5.4051e-02, +7.4988e-02, +2.0859e-02, -1.2980e-01, -4.3816e-02, +3.8914e-03, -1.1121e-01, -2.2069e-03, -1.5548e-02, +1.2274e-01, +4.6461e-02, -1.0000e+00, -2.9514e-02, -2.7365e-02, -6.0816e-02, -5.1827e-03, -5.1255e-02, +1.8595e-02, -4.4119e-02, -7.9127e-02, -1.0288e-01, +2.2618e-02, -1.1741e-01, -2.7759e-02, +5.7088e-02, -3.3125e-02, -2.1723e-03, -4.2576e-02, -1.2034e-01, +7.5279e-02, -1.5350e-01, -2.3331e-01, -3.6233e-02, +7.1017e-03, -9.5434e-02, -3.5333e-02, -3.2994e-02, +4.2212e-02, -1.1636e-01, -2.0720e-01, -7.7628e-02, -6.3211e-02, +4.9877e-02
+3.7112e-02, +4.0687e-02, -3.9527e-02, -1.5114e-02, -2.5070e-02, -2.3111e-02, +3.7015e-02, +4.9986e-02, -6.6425e-02, -6.7665e-03, -3.7950e-02, +3.8530e-02, +3.6684e-02, +3.8031e-02, -7.0013e-02, -4.9950e-02, -4.4579e-02, -5.4339e-03, -2.9514e-02, -1.0000e+00, -1.0376e-01, +7.7217e-02, -7.8888e-02, +4.2557e-03, -8.0149e-03, +1.8629e-02, -3.5028e-02, -2.4049e-02, +3.9201e-02, -5.2858e-02, +2.2455e-02, +6.9370e-02, -6.1248e-02, +2.4256e-02, -4.1426e-02, +4.0196e-02, +1.0543e-01, -9.1090e-02, +2.8564e-02, +4.4594e-02, -3.8709e-02, -8.4845e-02, -4.5944e-02, -5.4521e-02, -5.1747e-02, +7.7028e-02, -8.6961e-04, +7.0387e-02, -2.4429e-02, +2.9355e-02
-1.3509e-03, -8.3098e-03, -1.5978e-02, -3.9511e-02, -4.4289e-02, -9.7913e-02, -2.3938e-02, -4.7572e-03, +3.5031e-02, -3.4421e-02, -7.6053e-02, +6.2501e-02, -9.8657e-02, -2.8333e-02, -1.0761e-01, -5.6951e-02, -3.3329e-02, -2.4525e-02, -2.7365e-02, -1.0376e-01, -1.0000e+00, -1.0458e-02, -1.4105e-02, +1.4116e-02, -7.9223e-02, -7.5277e-02, +2.6711e-02, -1.5285e-03, -7.8362e-02, -3.8756e-02, -7.3483e-02, +2.1682e-02, -4.4837e-03, +3.1604e-02, -2.1715e-02, -3.2781e-02, +1.6878e-01, -1.0046e-01, -5.8399e-02, -7.2027e-02, -2.6548e-02, +1.7003e-01, -5.9737e-02, -1.0932e-01, +2.5442e-02, -6.1290e-02, +6.6622e-02, +8.1708e-03, -1.5118e-01, -2.7124e-02
-4.4789e-02, +9.7963e-03, -4.5063e-02, -4.3726e-02, -3.5213e-03, -5.7144e-02, +5.4847e-02, +3.1150e-02, +7.7914e-02, +5.4544e-02, -4.1784e-02, -2.8735e-02, +1.8907e-02, -7.4730e-02, +2.0845e-03, -3.4035e-02, +4.0272e-02, -5.2628e-02, -6.0816e-02, +7.7217e-02, -1.0458e-02, -1.0000e+00, -7.9037e-02, -5.4042e-02, +9.7501e-03, -4.4670e-02, -4.2270e-02, -2.9478e-02, -2.5339e-02, -3.0415e-02, -4.1877e-03, -2.4894e-02, -1.4901e-01, +1.3169e-01, +1.2826e-02, -2.0823e-02, +8.1248e-02, -9.4190e-02, -7.9654e-02, -9.0177e-03, -4.8290e-02, -1.5926e-01, +4.6061e-02, +3.6781e-02, -9.1454e-02, -5.4122e-02, -6.9138e-02, +1.2814e-02, -9.0398e-02, +1.2071e-01
+7.3356e-02, +4.4659e-02, +3.9448e-02, +4.2413e-02, +3.0346e-03, +5.8524e-02, +1.8001e-01, +3.0351e-02, -1.4679e-01, +9.8055e-02, +1.7093e-01, +1.9115e-01, +1.2214e-01, +1.1201e-01, -1.3921e-01, -3.8698e-02, +1.1691e-01, +7.3332e-02, -5.1827e-03, -7.8888e-02, -1.4105e-02, -7.9037e-02, -1.0000e+00, -1.2389e-01, +4.0324e-02, -6.8088e-02, +3.7351e-02, -4.5470e-03, +1.1210e-01, +1.2562e-01, +1.2603e-01, -1.7723e-01, +9.5692e-02, +6.5427e-02, -2.1050e-02, -3.3855e-02, -4.5369e-03, -9.8837e-02, +1.3964e-01, +2.6008e-02, +5.7559e-02, -2.5153e-02, -1.0666e-01, -1.3718e-01, +7.8436e-02, +2.3168e-02, +7.0106e-03, -5.6352e-02, -4.4136e-02, +4.3940e-02
+5.9731e-02, +8.1620e-02, +2.4226e-02, -3.8163e-02, -3.9435e-02, +1.9739e-02, -9.7726e-03, +7.4419e-02, +5.8075e-02, -9.0528e-02, +1.1827e-01, +1.0337e-02, +7.5427e-02, -8.5280e-02, -1.0364e-01, -9.4299e-02, -7.5427e-02, +1.0196e-01, -5.1255e-02, +4.2557e-03, +1.4116e-02, -5.4042e-02, -1.2389e-01, -1.0000e+00, +8.9291e-02, -9.2571e-02, -8.2159e-02, +1.3867e-03, +8.3321e-02, +5.1864e-03, -5.3315e-02, +3.4785e-02, +1.1664e-02, +9.5291e-02, -7.9938e-02, -5.7926e-02, +6.2168e-02, -1.7179e-02, -8.2669e-02, +1.2144e-02, -6.3084e-02, -2.4044e-02, +5.8942e-03, +5.2247e-02, +1.7716e-02, -4.2871e-02, -1.0841e-01, -9.5080e-02, -4.0102e-02, -2.0625e-02
-7.0230e-02, -3.5993e-02, -7.1745e-02, -3.5291e-02, +2.5763e-03, -5.7367e-02, -8.9935e-02, +1.9996e-02, +4.5473e-02, +4.1721e-02, +3.7135e-02, -8.1741e-02, +1.4482e-02, -3.4311e-02, -2.0444e-02, +1.0621e-02, +4.6458e-02, -5.6570e-04, +1.8595e-02, -8.0149e-03, -7.9223e-02, +9.7501e-03, +4.0324e-02, +8.9291e-02, -1.0000e+00, -6.8239e-03, +5.6513e-03, -6.1529e-03, -6.2987e-02, -4.4086e-02, +3.3836e-03, -5.9078e-02, +1.4609e-02, +5.1567e-02, -4.5604e-03, +4.9482e-02, -4.3778e-02, -4.6757e-02, +8.5545e-03, +1.0355e-02, -1.0391e-02, +8.6287e-03, +1.9464e-02, -6.5481e-03, -2.5906e-02, -4.2670e-02, -3.8085e-02, +8.6600e-02, +2.6674e-02, -5.1966e-03
-7.8691e-02, -5.3892e-02, -3.2940e-02, -1.0011e-01, +4.9767e-02, -5.7113e-02, -8.6823e-03, +2.1229e-02, +2.3330e-02, +6.9926e-02, -6.6355e-02, -3.6990e-02, -3.8606e-02, -2.2779e-02, +2.7998e-02, -3.8309e-02, -6.6380e-02, -5.8041e-02, -4.4119e-02, +1.8629e-02, -7.5277e-02, -4.4670e-02, -6.8088e-02, -9.2571e-02, -6.8239e-03, -1.0000e+00, -4.5068e-02, -1.9747e-03, -9.9239e-02, -1.0101e-01, -5.1876e-02, +8.6360e-02, +1.3196e-02, +5.5556e-02, +3.2386e-02, +1.9822e-02, +5.5222e-03, -4.9414e-02, +1.7083e-02, +5.6393e-02, -4.4550e-02, +8.6336e-02, -2.4029e-02, -8.7295e-02, +5.2935e-02, +6.1724e-03, -3.6664e-02, -7.3848e-02, -3.4639e-03, -2.3197e-02
-1.6621e-02, +4.0670e-02, +3.6534e-02, -2.0928e-02, +3.5053e-02, -7.5549e-02, -1.1248e-02, +2.1157e-02, +3.5566e-02, +1.3470e-02, -1.3256e-01, -1.0019e-02, -1.1138e-02, -1.2288e-01, -1.2988e-01, -8.2376e-02, -1.5631e-01, -3.5302e-02, -7.9127e-02, -3.5028e-02, +2.6711e-02, -4.2270e-02, +3.7351e-02, -8.2159e-02, +5.6513e-03, -4.5068e-02, -1.0000e+00, -2.8611e-02, -1.7742e-01, -9.1889e-02, -7.9310e-02, +1.1211e-02, -5.7984e-02, +7.3693e-02, -3.8750e-02, -5.6799e-02, +6.2815e-02, -4.1322e-02, -8.7409e-02, -1.2405e-02, -6.7138e-02, -1.1294e-01, -4.3390e-02, +3.5779e-02, +2.8361e-02, -1.8672e-02, -2.2303e-01, -5.3698e-02, -3.3606e-02, +8.2927e-02
-6.4481e-02, -6.4515e-03, -5.5565e-02, -8.8541e-02, -1.5483e-01, -1.6669e-01, -1.5325e-01, -7.4168e-02, -5.5535e-02, +7.0843e-02, -1.8531e-01, +2.8200e-02, -2.1221e-02, -8.2112e-02, -1.5747e-01, -4.5858e-03, +6.5347e-02, -1.1947e-01, -1.0288e-01, -2.4049e-02, -1.5285e-03, -2.9478e-02, -4.5470e-03, +1.3867e-03, -6.1529e-03, -1.9747e-03, -2.8611e-02, -1.0000e+00, -8.4875e-02, +5.4939e-02, -1.1708e-01, +1.3995e-02, -1.3654e-01, -1.2975e-01, +1.0297e-02, +1.4673e-01, +6.5042e-02, -1.0435e-01, -7.4362e-02, -6.9180e-03, +1.8863e-02, +2.3360e-01, -1.3012e-01, +4.7759e-03, -4.5537e-02, -3.0629e-03, -1.9056e-01, +1.5661e-01, -8.0050e-02, +5.4312e-02
-3.6705e-02, -6.6796e-02, -8.4582e-02, -1.1708e-01, -6.9633e-02, -7.0376e-02, -8.6311e-02, -1.4827e-03, +6.9432e-02, +1.0106e-01, -1.6368e-01, -2.7367e-02, -8.3984e-02, -3.5452e-02, -5.4655e-02, +1.2561e-03, +9.6313e-02, -7.9607e-02, +2.2618e-02, +3.9201e-02, -7.8362e-02, -2.5339e-02, +1.1210e-01, +8.3321e-02, -6.2987e-02, -9.9239e-02, -1.7742e-01, -8.4875e-02, -1.0000e+00, -5.4421e-02, -1.3930e-01, +8.2117e-02, -1.0569e-01, +1.2819e-02, -5.1155e-02, +7.9656e-03, +2.4520e-02, -1.1591e-01, -7.6150e-02, +2.4154e-02, +2.4089e-02, +1.1020e-02, -2.9529e-02, +1.2861e-01, -7.9447e-02, +9.3611e-02, -9.0259e-02, +1.1187e-01, -3.2677e-02, +5.6535e-02
-5.3118e-03, -4.1262e-02, -2.4174e-02, -1.6021e-01, -7.6168e-02, -5.0276e-02, +7.6913e-03, +9.4569e-03, +2.1501e-02, +3.6220e-02, -1.3182e-01, -3.8260e-02, -7.8753e-03, -5.8145e-02, +4.9292e-02, -3.1438e-02, +6.6665e-03, -6.2648e-03, -1.1741e-01, -5.2858e-02, -3.8756e-02, -3.0415e-02, +1.2562e-01, +5.1864e-03, -4.4086e-02, -1.0101e-01, -9.1889e-02, +5.4939e-02, -5.4421e-02, -1.0000e+00, -6.0224e-02, +5.9877e-02, +1.4593e-02, -6.1862e-02, -3.4909e-02, -7.9936e-03, -6.8950e-03, -8.8389e-02, -1.0444e-01, -3.7610e-02, -7.4328e-02, +1.0579e-02, -1.2800e-02, +3.0571e-02, -1.4350e-02, +6.5243e-02, -1.2948e-01, -1.2631e-02, -4.4241e-02, +4.9508e-02
-5.1607e-02, -5.7907e-02, -9.6829e-02, -3.8176e-02, -4.6233e-02, -1.1602e-01, -4.0005e-02, -2.2309e-02, -3.1867e-02, -3.7013e-02, -1.4645e-01, -2.4860e-02, -1.1161e-01, -9.4296e-02, -4.7979e-03, +1.4400e-02, +6.1060e-02, -4.3308e-02, -2.7759e-02, +2.2455e-02, -7.3483e-02, -4.1877e-03, +1.2603e-01, -5.3315e-02, +3.3836e-03, -5.1876e-02, -7.9310e-02, -1.1708e-01, -1.3930e-01, -6.0224e-02, -1.0000e+00, +6.6468e-02, +2.2431e-02, -1.8960e-03, +1.9803e-02, -3.1340e-02, +1.3469e-01, -1.0353e-01, -3.6115e-02, -4.0485e-02, -6.8303e-02, +1.3065e-01, -3.9089e-02, -3.3796e-02, -9.3147e-02, +2.1372e-03, -3.9323e-02, +6.2945e-02, -4.3869e-02, +1.4035e-02
+4.2191e-02, +1.3179e-02, -4.1067e-02, +8.2332e-02, -4.5143e-02, +3.2984e-02, +3.3226e-02, +9.3598e-02, +1.4518e-01, -5.9831e-03, +1.0958e-01, +4.0195e-02, +4.3846e-03, +5.6870e-02, -1.6211e-02, -1.0461e-02, -1.2792e-01, +3.4700e-02, +5.7088e-02, +6.9370e-02, +2.1682e-02, -2.4894e-02, -1.7723e-01, +3.4785e-02, -5.9078e-02, +8.6360e-02, +1.1211e-02, +1.3995e-02, +8.2117e-02, +5.9877e-02, +6.6468e-02, -1.0000e+00, +2.3991e-02, +5.9026e-03, +2.9063e-02, +1.3853e-01, -1.9339e-02, +2.8953e-02, +1.3047e-01, +1.3503e-02, -1.5617e-02, +7.0578e-02, +1.2583e-02, -4.3505e-02, +6.3827e-02, +8.0589e-03, +5.5584e-02, -1.4151e-02, +5.9391e-02, +5.5375e-02
-4.2974e-02, -1.5952e-02, -1.1427e-01, +2.1220e-02, -3.7147e-02, +1.8407e-02, -1.2584e-02, -2.8294e-02, -1.7176e-02, +5.9957e-02, -2.1674e-02, +9.7210e-02, -3.0794e-02, -1.3298e-02, -6.3701e-02, -2.3205e-03, -8.2433e-02, -7.6452e-02, -3.3125e-02, -6.1248e-02, -4.4837e-03, -1.4901e-01, +9.5692e-02, +1.1664e-02, +1.4609e-02, +1.3196e-02, -5.7984e-02, -1.3654e-01, -1.0569e-01, +1.4593e-02, +2.2431e-02, +2.3991e-02, -1.0000e+00, -6.7715e-02, +7.0464e-03, +7.7850e-02, +1.7582e-01, +4.1602e-02, -1.0140e-01, +7.1167e-02, -1.0181e-01, +1.0093e-01, -7.1700e-02, +4.9568e-02, -1.4108e-01, +5.6243e-02, -9.0159e-02, +4.4051e-02, -1.0558e-02, +3.6650e-02
+4.5997e-02, -4.3291e-02, -4.2742e-02, +6.4920e-02, +5.6581e-02, +2.5592e-02, -2.3998e-02, -2.1491e-02, +5.7688e-02, +1.8137e-03, +1.8684e-02, +9.4253e-02, +5.7065e-02, -8.6772e-04, +2.8567e-02, +1.2516e-01, -2.2496e-02, +3.6576e-02, -2.1723e-03, +2.4256e-02, +3.1604e-02, +1.3169e-01, +6.5427e-02, +9.5291e-02, +5.1567e-02, +5.5556e-02, +7.3693e-02, -1.2975e-01, +1.2819e-02, -6.1861e-02, -1.8960e-03, +5.9026e-03, -6.7715e-02, -1.0000e+00, -1.1015e-01, -6.2885e-02, -1.0224e-01, -9.7276e-02, -6.6424e-02, +2.3986e-02, -1.5209e-02, +2.9581e-01, +1.1524e-02, -4.3378e-02, +4.3868e-02, -1.5998e-02, +6.5509e-03, +9.1001e-02, +9.4855e-02, +2.4643e-01
+1.1266e-02, +4.4567e-02, -5.7281e-03, -3.2343e-02, +1.0018e-02, -3.9632e-02, +1.0763e-02, -1.6917e-03, +1.1747e-01, +5.3472e-03, -4.1977e-02, +2.4049e-02, -7.8702e-03, -7.4598e-02, -3.1867e-02, +1.8150e-03, -1.7121e-02, +9.4770e-02, -4.2576e-02, -4.1426e-02, -2.1715e-02, +1.2826e-02, -2.1050e-02, -7.9938e-02, -4.5604e-03, +3.2386e-02, -3.8750e-02, +1.0297e-02, -5.1155e-02, -3.4909e-02, +1.9803e-02, +2.9063e-02, +7.0464e-03, -1.1015e-01, -1.0000e+00, -8.5866e-02, -7.6245e-02, +3.4031e-02, -1.0348e-01, +4.5158e-03, -8.4844e-02, +1.3882e-02, -1.4959e-02, -6.5627e-03, -9.0269e-03, -5.8618e-02, -4.8844e-02, -4.2844e-02, -4.5673e-02, +9.9781e-02
+9.2515e-02, -3.9348e-02, +2.4158e-02, +1.9356e-01, +2.2084e-01, -1.7474e-01, -2.8815e-02, -5.6239e-02, +6.0686e-02, +2.1772e-02, +7.9927e-02, +7.7556e-02, +9.0352e-02, -9.3561e-03, +2.0704e-01, +1.3227e-02, -7.1617e-03, +5.6818e-02, -1.2034e-01, +4.0196e-02, -3.2781e-02, -2.0823e-02, -3.3855e-02, -5.7926e-02, +4.9482e-02, +1.9822e-02, -5.6799e-02, +1.4673e-01, +7.9656e-03, -7.9936e-03, -3.1340e-02, +1.3853e-01, +7.7850e-02, -6.2885e-02, -8.5866e-02, -1.0000e+00, -8.8272e-03, +1.5249e-01, -1.1813e-01, -8.3761e-02, -1.5089e-01, -1.4710e-01, -4.4882e-02, -6.2094e-02, +1.4036e-01, -1.8967e-01, +2.0696e-01, -4.5368e-01, +6.2503e-02, +1.3370e-01
-3.4208e-02, +7.8021e-02, -1.3182e-01, +2.5707e-03, -9.1864e-03, +4.4740e-02, -4.3450e-02, -7.2165e-02, +2.9398e-02, +1.7438e-02, +6.1931e-02, -8.8064e-02, +9.2241e-02, +5.9023e-02, +1.7221e-01, +2.1726e-01, -4.2703e-02, +5.5364e-02, +7.5279e-02, +1.0543e-01, +1.6878e-01, +8.1248e-02, -4.5369e-03, +6.2168e-02, -4.3778e-02, +5.5222e-03, +6.2815e-02, +6.5042e-02, +2.4520e-02, -6.8949e-03, +1.3469e-01, -1.9339e-02, +1.7582e-01, -1.0224e-01, -7.6245e-02, -8.8272e-03, -1.0000e+00, +1.2948e-01, +1.3499e-01, -1.4041e-03, +1.3605e-01, -1.9696e-03, +8.2441e-02, +1.0377e-01, -1.8581e-01, +7.6651e-03, +1.4823e-02, +4.8883e-02, +4.0838e-02, +3.0593e-02
-7.4418e-02, -3.2263e-02, -5.2472e-03, -1.1520e-01, -4.4358e-03, -7.7355e-02, -3.6398e-02, +1.5835e-02, -9.7456e-03, +8.6199e-02, -1.4932e-01, -3.4260e-02, -4.0149e-02, -2.5545e-02, -4.7735e-02, -6.1062e-02, +4.2792e-03, -5.9861e-02, -1.5350e-01, -9.1090e-02, -1.0046e-01, -9.4190e-02, -9.8837e-02, -1.7179e-02, -4.6757e-02, -4.9414e-02, -4.1322e-02, -1.0435e-01, -1.1591e-01, -8.8389e-02, -1.0353e-01, +2.8953e-02, +4.1602e-02, -9.7276e-02, +3.4031e-02, +1.5249e-01, +1.2948e-01, -1.0000e+00, -1.0449e-01, -3.0110e-02, -8.0127e-02, -1.0813e-01, -1.5954e-01, -1.1488e-02, -6.1584e-03, -1.6195e-02, -1.9356e-01, +6.7286e-02, -7.4371e-02, +9.6111e-02
+4.7765e-02, -3.8358e-02, +1.4493e-02, -1.4976e-01, -7.9825e-03, -8.7547e-02, -8.1148e-02, +1.8551e-02, +4.0635e-02, +6.1474e-02, -1.2134e-01, -1.0398e-01, -3.5293e-02, -1.1488e-01, -3.6254e-02, -1.6570e-02, +1.0910e-01, -7.8681e-03, -2.3331e-01, +2.8564e-02, -5.8399e-02, -7.9654e-02, +1.3964e-01, -8.2669e-02, +8.5545e-03, +1.7083e-02, -8.7409e-02, -7.4362e-02, -7.6150e-02, -1.0444e-01, -3.6115e-02, +1.3047e-01, -1.0140e-01, -6.6424e-02, -1.0348e-01, -1.1813e-01, +1.3499e-01, -1.0449e-01, -1.0000e+00, -2.5427e-02, -2.9926e-02, -7.9310e-02, -3.6955e-02, +5.6339e-02, -1.3600e-02, +1.7355e-03, -2.0329e-01, +2.7985e-03, -2.5651e-02, +1.5473e-01
-3.8972e-02, -1.2859e-02, -6.0356e-02, -4.2442e-02, +6.0127e-02, -7.9753e-02, +1.2794e-02, +1.1278e-01, +2.1125e-02, +2.8869e-02, +3.2025e-02, -7.0529e-02, -4.2715e-03, -2.1275e-02, +5.2403e-02, -1.7299e-02, +1.2957e-02, +5.5652e-02, -3.6233e-02, +4.4594e-02, -7.2027e-02, -9.0177e-03, +2.6008e-02, +1.2144e-02, +1.0355e-02, +5.6393e-02, -1.2405e-02, -6.9181e-03, +2.4154e-02, -3.7610e-02, -4.0485e-02, +1.3503e-02, +7.1167e-02, +2.3986e-02, +4.5158e-03, -8.3761e-02, -1.4041e-03, -3.0110e-02, -2.5427e-02, -1.0000e+00, +2.5546e-03, -8.4233e-02, +2.4676e-03, -3.9923e-02, +4.5023e-03, -8.3386e-03, -6.9844e-03, +3.6697e-02, -4.4299e-02, +5.2700e-03
-2.9121e-03, -1.7164e-02, +5.8489e-02, -2.0720e-02, +5.0890e-02, -3.0634e-02, -4.2577e-02, +6.4333e-03, +7.4270e-02, +6.4001e-02, -2.3096e-02, -3.2990e-02, -1.3492e-02, -1.6125e-01, -3.4309e-03, -6.7905e-02, -7.2029e-02, -3.9412e-03, +7.1018e-03, -3.8709e-02, -2.6548e-02, -4.8290e-02, +5.7559e-02, -6.3084e-02, -1.0391e-02, -4.4550e-02, -6.7138e-02, +1.8863e-02, +2.4089e-02, -7.4328e-02, -6.8303e-02, -1.5617e-02, -1.0181e-01, -1.5209e-02, -8.4844e-02, -1.5089e-01, +1.3605e-01, -8.0127e-02, -2.9926e-02, +2.5546e-03, -1.0000e+00, -5.1725e-02, +5.0977e-02, +3.2379e-02, +7.0185e-02, -4.4717e-03, -6.1240e-02, -5.3105e-02, +5.1769e-02, +5.2096e-02
-5.1019e-02, +6.5258e-02, +1.8912e-02, -1.2018e-01, +1.0562e-01, -8.1092e-02, +1.5928e-01, +6.0748e-02, +5.7274e-02, +1.0840e-02, +1.7497e-02, -1.9461e-01, +1.5219e-01, -5.6997e-02, +1.0048e-01, -1.3242e-02, +3.2728e-02, +3.8139e-03, -9.5434e-02, -8.4845e-02, +1.7003e-01, -1.5926e-01, -2.5153e-02, -2.4044e-02, +8.6287e-03, +8.6336e-02, -1.1294e-01, +2.3360e-01, +1.1020e-02, +1.0579e-02, +1.3065e-01, +7.0578e-02, +1.0093e-01, +2.9581e-01, +1.3882e-02, -1.4710e-01, -1.9696e-03, -1.0813e-01, -7.9310e-02, -8.4233e-02, -5.1725e-02, -1.0000e+00, +1.3593e-01, +2.7752e-01, -2.0276e-02, +7.3518e-02, -1.3751e-01, -3.4612e-02, -4.7360e-02, +9.5681e-02
+5.0043e-02, +6.9984e-02, +4.3607e-02, -4.1703e-03, -6.6934e-04, -8.1687e-02, -1.1029e-02, -3.1269e-02, +3.7516e-02, -3.6721e-03, -4.1742e-02, +8.7289e-02, -7.7973e-03, -4.8318e-02, -2.8285e-02, +2.4279e-02, -9.1631e-02, -3.5635e-03, -3.5333e-02, -4.5944e-02, -5.9737e-02, +4.6061e-02, -1.0666e-01, +5.8942e-03, +1.9464e-02, -2.4029e-02, -4.3390e-02, -1.3012e-01, -2.9530e-02, -1.2800e-02, -3.9089e-02, +1.2583e-02, -7.1700e-02, +1.1524e-02, -1.4959e-02, -4.4882e-02, +8.2441e-02, -1.5954e-01, -3.6955e-02, +2.4676e-03, +5.0977e-02, +1.3593e-01, -1.0000e+00, -1.3989e-01, +3.3144e-03, +2.3285e-02, -3.4570e-02, -1.5907e-02, +3.8985e-03, -1.9698e-02
+7.2071e-03, +2.3760e-02, -1.2685e-02, +6.6810e-02, +3.9887e-02, -5.5310e-02, -4.3456e-02, -3.1290e-02, +1.2340e-02, -4.0963e-02, -5.9986e-02, +1.0523e-01, -3.5642e-02, +6.8739e-02, -3.3003e-02, -4.4218e-02, -1.4302e-01, +2.1137e-02, -3.2994e-02, -5.4521e-02, -1.0932e-01, +3.6781e-02, -1.3718e-01, +5.2247e-02, -6.5481e-03, -8.7295e-02, +3.5779e-02, +4.7759e-03, +1.2861e-01, +3.0571e-02, -3.3796e-02, -4.3505e-02, +4.9568e-02, -4.3378e-02, -6.5627e-03, -6.2094e-02, +1.0377e-01, -1.1488e-02, +5.6339e-02, -3.9923e-02, +3.2379e-02, +2.7752e-01, -1.3989e-01, -1.0000e+00, -3.0200e-02, -1.1696e-01, +3.1913e-02, -6.3221e-02, -1.9186e-02, -2.5293e-02
-7.1717e-02, +3.9591e-02, -8.2914e-02, -1.1531e-01, -6.2286e-02, +6.0274e-02, -7.8978e-02, -1.2453e-01, +9.5614e-03, +4.8141e-02, -2.1879e-01, -1.1793e-02, -9.9927e-02, -1.6825e-02, -1.0331e-02, +4.7873e-02, +1.6594e-01, -8.7437e-02, +4.2212e-02, -5.1747e-02, +2.5442e-02, -9.1454e-02, +7.8436e-02, +1.7716e-02, -2.5906e-02, +5.2935e-02, +2.8361e-02, -4.5537e-02, -7.9447e-02, -1.4350e-02, -9.3147e-02, +6.3827e-02, -1.4108e-01, +4.3868e-02, -9.0269e-03, +1.4036e-01, -1.8581e-01, -6.1584e-03, -1.3600e-02, +4.5023e-03, +7.0185e-02, -2.0276e-02, +3.3144e-03, -3.0200e-02, -1.0000e+00, +2.6129e-02, -5.6290e-02, +2.0192e-01, -7.1541e-03, -4.2017e-02
-1.5613e-02, +5.6792e-02, -2.1784e-02, -5.2209e-02, +9.4426e-03, -1.0200e-01, -6.3942e-02, +5.0398e-02, +4.0623e-03, +6.0206e-02, +3.9351e-02, -5.4472e-03, -6.1666e-02, -5.5704e-02, -2.5096e-02, -3.6391e-02, +3.0936e-02, +1.0283e-01, -1.1636e-01, +7.7028e-02, -6.1290e-02, -5.4122e-02, +2.3168e-02, -4.2871e-02, -4.2670e-02, +6.1724e-03, -1.8672e-02, -3.0628e-03, +9.3611e-02, +6.5243e-02, +2.1372e-03, +8.0589e-03, +5.6243e-02, -1.5998e-02, -5.8617e-02, -1.8967e-01, +7.6651e-03, -1.6195e-02, +1.7355e-03, -8.3386e-03, -4.4717e-03, +7.3518e-02, +2.3285e-02, -1.1696e-01, +2.6129e-02, -1.0000e+00, -2.0899e-02, -6.5381e-02, -4.1301e-03, +2.5535e-02
-1.2389e-01, +1.0097e-01, +2.0119e-02, -1.4268e-01, -1.0077e-01, -2.1880e-01, -2.3679e-02, +3.2567e-02, +2.6098e-02, +1.8043e-01, -2.0423e-01, -7.9564e-02, +2.1807e-02, -7.8362e-02, -5.7378e-02, -9.2272e-02, -4.1330e-02, -8.5408e-02, -2.0720e-01, -8.6960e-04, +6.6622e-02, -6.9138e-02, +7.0106e-03, -1.0841e-01, -3.8085e-02, -3.6664e-02, -2.2303e-01, -1.9056e-01, -9.0259e-02, -1.2948e-01, -3.9323e-02, +5.5584e-02, -9.0159e-02, +6.5509e-03, -4.8844e-02, +2.0696e-01, +1.4823e-02, -1.9356e-01, -2.0329e-01, -6.9844e-03, -6.1240e-02, -1.3751e-01, -3.4570e-02, +3.1913e-02, -5.6290e-02, -2.0899e-02, -1.0000e+00, +1.2119e-01, -1.0925e-01, +9.9004e-02
+1.4524e-01, +3.2401e-02, +1.1080e-01, +1.6325e-01, +2.1382e-01, -1.0673e-01, -1.1297e-01, -3.7075e-02, +1.1307e-01, -3.2345e-02, +7.5232e-02, -3.5720e-02, +3.8577e-04, -6.6010e-02, +2.5788e-01, -5.0844e-02, -3.2288e-02, +5.7694e-02, -7.7628e-02, +7.0387e-02, +8.1708e-03, +1.2814e-02, -5.6352e-02, -9.5080e-02, +8.6600e-02, -7.3848e-02, -5.3698e-02, +1.5661e-01, +1.1187e-01, -1.2631e-02, +6.2945e-02, -1.4151e-02, +4.4051e-02, +9.1001e-02, -4.2844e-02, -4.5368e-01, +4.8883e-02, +6.7286e-02, +2.7985e-03, +3.6697e-02, -5.3105e-02, -3.4612e-02, -1.5907e-02, -6.3221e-02, +2.0192e-01, -6.5381e-02, +1.2119e-01, -1.0000e+00, +1.0832e-01, -6.6011e-03
-5.2574e-02, +4.6174e-02, -2.5389e-02, -9.3759e-02, -8.0811e-02, +8.4081e-03, -3.5017e-02, +3.6975e-02, +8.4916e-02, -3.3890e-02, -5.8449e-02, -7.6826e-02, -2.6474e-02, -6.1046e-02, -4.9713e-02, +1.7469e-02, +1.9396e-03, -5.3884e-02, -6.3211e-02, -2.4429e-02, -1.5118e-01, -9.0398e-02, -4.4136e-02, -4.0102e-02, +2.6674e-02, -3.4639e-03, -3.3606e-02, -8.0050e-02, -3.2677e-02, -4.4241e-02, -4.3869e-02, +5.9391e-02, -1.0558e-02, +9.4855e-02, -4.5673e-02, +6.2503e-02, +4.0838e-02, -7.4371e-02, -2.5651e-02, -4.4299e-02, +5.1769e-02, -4.7360e-02, +3.8985e-03, -1.9186e-02, -7.1541e-03, -4.1301e-03, -1.0925e-01, +1.0832e-01, -1.0000e+00, +4.9364e-02
+2.0497e-02, -4.1778e-02, +5.6558e-02, +5.6949e-03, -6.6567e-03, +1.5480e-01, -5.5348e-02, +2.2054e-02, -4.8330e-03, +7.7893e-02, +1.2415e-01, -4.7332e-02, -3.3326e-02, +4.7177e-02, +5.1989e-02, -1.3917e-02, +6.2915e-02, -1.7966e-02, +4.9877e-02, +2.9355e-02, -2.7124e-02, +1.2071e-01, +4.3940e-02, -2.0625e-02, -5.1966e-03, -2.3197e-02, +8.2927e-02, +5.4312e-02, +5.6535e-02, +4.9508e-02, +1.4035e-02, +5.5375e-02, +3.6650e-02, +2.4643e-01, +9.9781e-02, +1.3370e-01, +3.0593e-02, +9.6111e-02, +1.5473e-01, +5.2700e-03, +5.2096e-02, +9.5681e-02, -1.9698e-02, -2.5293e-02, -4.2017e-02, +2.5535e-02, +9.9004e-02, -6.6011e-03, +4.9364e-02, -1.0000e+00
