-1.0000e+00, -6.3788e-03, +7.9037e-02, +1.9410e-02, +4.6327e-02, +1.9042e-02, -4.7761e-02, +8.7474e-03, -5.2167e-02, +7.1559e-03, +5.5388e-02, +2.2738e-02, +4.5607e-03, +1.6192e-02, -1.2435e-02, -2.0920e-03, +2.2984e-02, -3.7171e-02, +4.6250e-02, +2.2509e-02, +6.2502e-02, +5.9503e-03, -3.1181e-03, +3.6679e-02, -4.1785e-02, -3.2098e-02, +4.9953e-02, -1.4401e-02, +2.8696e-02, -1.6319e-02, +7.2118e-03, +5.2602e-02, -9.7656e-03, -1.1086e-02, +1.0816e-01, -3.1366e-02, -2.9026e-02, -1.6285e-02, -4.2469e-02, -1.0847e-01, +7.4754e-02, -1.3269e-03, +3.1257e-02, +8.4114e-02, -5.2086e-03, -1.5826e-02, -1.5057e-02, +7.5654e-02, +3.1181e-02, +5.8492e-02
-6.3789e-03, -1.0000e+00, -2.4387e-02, -2.8609e-02, -6.2450e-03, +2.2467e-02, -2.3845e-02, +1.5976e-02, +1.0520e-02, +7.0701e-02, +7.3823e-02, -1.8863e-02, +5.8829e-03, -7.2637e-03, +1.8585e-02, +5.9653e-03, -3.5452e-02, -2.0580e-02, +5.8874e-02, -4.4743e-02, +1.0097e-02, -1.4444e-02, -5.3458e-03, +2.3675e-02, +2.7760e-02, +1.3047e-02, +4.9170e-02, -4.1176e-02, -1.3721e-02, +4.1732e-02, +3.1440e-02, -5.0071e-02, -2.7964e-02, -2.2185e-02, -1.3757e-02, -1.1311e-02, -2.3897e-02, +4.7971e-03, +8.0042e-03, -4.7744e-03, -4.8311e-02, +3.8668e-03, +2.0944e-02, -4.8557e-02, -6.5883e-02, +3.1351e-03, -5.4005e-02, +2.6881e-02, -3.9199e-02, +2.4958e-02
+7.9037e-02, -2.4387e-02, -1.0000e+00, -9.9334e-02, +1.8254e-02, -1.2143e-02, +5.8964e-03, +1.8439e-02, -2.1773e-02, +7.7478e-02, -2.1364e-03, -6.4487e-02, +5.6385e-02, -3.9391e-03, -5.4056e-02, +2.7528e-02, +1.0593e-02, -4.5118e-02, -8.0612e-04, +7.9124e-02, +1.0999e-02, -3.1500e-02, +6.7219e-02, -3.4475e-03, -8.1326e-02, -1.3691e-02, +1.6450e-02, -5.6290e-02, -6.7214e-02, +3.7593e-02, -1.1180e-02, +3.1809e-02, -6.6145e-02, -8.6373e-03, -6.9750e-02, +4.2606e-02, -3.8616e-02, +2.8220e-02, +5.0454e-02, +1.4874e-02, -3.5266e-02, -3.0664e-02, +4.2604e-02, -1.4806e-02, -5.1023e-02, -5.8413e-02, -9.3317e-02, +3.0456e-02, +3.5318e-02, +2.6840e-02
+1.9410e-02, -2.8609e-02, -9.9334e-02, -1.0000e+00, +3.8814e-02, +6.0867e-02, -4.0233e-04, -1.8860e-02, +4.1020e-02, +1.4957e-01, +3.3914e-02, -1.3743e-01, -2.7102e-02, -6.1245e-02, -2.6207e-02, +6.0679e-03, +5.6466e-02, +2.6107e-02, -6.2815e-02, -2.3401e-02, -9.6896e-02, -8.4888e-02, +7.5966e-02, +3.0652e-03, -6.4886e-02, -3.6175e-02, -7.6771e-02, -4.2031e-02, +3.9355e-02, -3.1766e-02, +3.9527e-02, -6.2958e-04, +4.6613e-02, -4.9830e-02, +2.6191e-02, +2.2040e-02, +4.8554e-02, +9.1132e-03, +2.7271e-02, +3.5312e-02, +2.2483e-03, -2.6449e-02, +3.7257e-02, -3.7441e-02, -8.4525e-02, -1.8577e-02, -5.9860e-02, +6.7456e-03, -1.8051e-02, +5.0550e-02
+4.6327e-02, -6.2450e-03, +1.8254e-02, +3.8814e-02, -1.0000e+00, -2.7881e-02, +1.9875e-02, +2.9805e-02, +4.2595e-02, +7.6820e-02, -7.2395e-02, -5.1268e-03, +6.3388e-02, +3.8394e-02, -2.3599e-02, -5.1952e-04, -8.8615e-03, +3.7164e-03, -2.8275e-02, +7.5455e-02, -3.8644e-02, -3.9837e-02, -3.4016e-02, -6.8190e-02, -9.7675e-03, -3.4560e-02, -8.7662e-02, +9.0275e-04, -2.1695e-02, -6.7300e-02, +7.0813e-02, -1.1843e-03, -2.8154e-02, -2.8102e-02, -1.1472e-01, +2.6463e-02, +7.6224e-03, +5.1275e-02, -3.0173e-03, +4.0268e-02, -5.1866e-02, -2.3746e-03, -4.1215e-02, +3.0028e-02, +3.9332e-02, +6.9575e-03, +4.3010e-02, +2.0795e-02, -1.3942e-03, +2.5507e-03
+1.9042e-02, +2.2467e-02, -1.2143e-02, +6.0867e-02, -2.7881e-02, -1.0000e+00, +7.7257e-02, +4.3189e-02, -9.5932e-04, +6.4908e-02, -6.7392e-02, +3.8125e-02, +2.3269e-02, +2.6214e-02, +2.7120e-03, -4.1366e-04, -4.6566e-02, -3.5135e-02, -2.1221e-02, +2.4615e-02, +8.2453e-03, +1.1632e-02, +4.8339e-02, -3.9394e-02, +1.6772e-02, -6.7899e-03, -9.5561e-02, -2.3115e-02, -3.9402e-02, -6.6888e-03, -8.4956e-02, +1.0657e-01, -9.9522e-03, +6.7528e-03, -4.5064e-02, +5.9894e-02, +5.1375e-03, -7.1874e-03, -5.8037e-02, +2.2836e-02, -1.4596e-02, -2.5313e-02, -3.1140e-02, +3.9465e-02, -1.7410e-02, +1.2606e-02, -2.8676e-02, -8.6815e-02, -1.3468e-02, -2.0833e-02
-4.7761e-02, -2.3845e-02, +5.8964e-03, -4.0233e-04, +1.9875e-02, +7.7257e-02, -1.0000e+00, +1.1622e-02, -2.6281e-02, +1.9713e-02, +2.7427e-02, -5.6796e-02, +5.1856e-03, -4.4585e-02, -7.3515e-02, +5.0284e-02, -2.1548e-02, +3.0356e-02, +2.0479e-02, +1.6892e-03, -3.4211e-02, +7.7435e-03, -2.9980e-03, +3.2042e-02, +2.0421e-02, +8.9091e-03, +3.5788e-02, +3.7237e-02, +4.7945e-02, -2.9414e-02, +4.2973e-02, +3.7052e-03, +1.4539e-02, +1.9971e-02, +2.0426e-02, -2.9081e-02, +2.3671e-03, -3.4290e-02, -9.8112e-03, +2.0915e-02, -4.3594e-03, +3.0702e-02, +2.6502e-03, +3.1258e-02, -8.1978e-02, -6.0421e-02, -1.9471e-02, +2.7658e-03, -2.9103e-02, -5.5002e-02
+8.7474e-03, +1.5976e-02, +1.8439e-02, -1.8860e-02, +2.9805e-02, +4.3189e-02, +1.1622e-02, -1.0000e+00, -9.2904e-04, +4.4832e-02, +2.1980e-02, -3.1173e-02, -4.1374e-03, -7.2639e-02, -5.5204e-02, +7.3440e-02, -7.2591e-03, -1.7120e-02, -2.7976e-04, +4.1206e-02, -1.4112e-02, +3.1441e-02, +1.2676e-01, +1.6093e-02, -1.5752e-02, -1.8608e-03, +1.5897e-02, -6.2526e-02, -3.9024e-02, -3.0475e-02, +9.5080e-02, +1.1963e-01, -5.3294e-02, +2.5744e-02, +7.0918e-03, +1.0622e-02, +2.6948e-03, -4.7029e-02, +2.4795e-02, +1.8539e-02, -4.0370e-02, -5.2118e-02, -1.9299e-02, -3.7972e-02, -1.2566e-01, +4.4792e-02, -3.7154e-02, -7.2129e-02, -1.3996e-02, +2.0769e-02
-5.2167e-02, +1.0520e-02, -2.1773e-02, +4.1020e-02, +4.2595e-02, -9.5932e-04, -2.6281e-02, -9.2904e-04, -1.0000e+00, +1.3159e-02, +4.5129e-02, +1.5459e-02, +1.2432e-02, +1.5038e-02, +2.3302e-02, -9.5854e-03, -2.1458e-02, -3.9450e-03, +3.8520e-02, +7.1538e-02, +2.2279e-02, +1.1667e-02, +2.6817e-03, +4.6753e-02, -2.4945e-02, +2.8319e-02, +5.8256e-02, -2.0986e-02, -2.2546e-02, -8.4700e-03, -3.7316e-02, +9.7482e-03, -1.3551e-02, -2.1386e-02, +2.9177e-02, +4.9239e-03, -3.9348e-03, -7.2775e-03, +9.1702e-03, +1.6883e-02, +5.1909e-02, +1.6519e-02, -4.6948e-02, +7.9955e-02, +4.8435e-02, -4.6840e-02, -3.1284e-02, -4.6799e-02, -1.2825e-02, -2.9354e-02
+7.1559e-03, +7.0701e-02, +7.7478e-02, +1.4957e-01, +7.6820e-02, +6.4908e-02, +1.9713e-02, +4.4832e-02, +1.3159e-02, -1.0000e+00, -2.5006e-02, +5.2545e-02, +4.6812e-02, -6.5943e-03, +8.4694e-02, -1.8813e-01, +5.7993e-02, +9.8578e-02, +4.9044e-02, +1.2417e-02, +2.8269e-01, -6.5014e-02, +1.7219e-01, -9.1226e-02, +8.7297e-02, +1.1137e-01, -5.6883e-03, +9.3625e-02, +8.5244e-02, +3.2147e-02, +7.3417e-03, +4.7667e-02, -2.3778e-03, -2.2153e-02, +1.8303e-02, -3.0998e-02, +1.8411e-02, +3.4828e-02, +7.0649e-02, +1.4400e-01, +5.7979e-02, -3.9110e-03, +2.7894e-03, -8.8420e-02, +1.2558e-01, +5.8215e-02, +1.0757e-01, -4.2877e-01, +3.7163e-03, +1.3435e-02
+5.5388e-02, +7.3823e-02, -2.1364e-03, +3.3914e-02, -7.2395e-02, -6.7392e-02, +2.7427e-02, +2.1980e-02, +4.5129e-02, -2.5006e-02, -1.0000e+00, -2.5663e-02, -2.9213e-02, -7.2465e-03, -2.5411e-02, -1.1765e-02, -1.9776e-02, -2.7003e-02, -7.0011e-02, +3.8989e-02, -8.6612e-02, -1.4319e-02, +7.2750e-02, +2.6081e-02, -2.2332e-04, -8.6219e-02, -1.3646e-01, +2.2407e-02, +3.3052e-03, -1.3945e-02, -4.5109e-02, +4.6190e-02, -8.8031e-03, -4.3961e-03, -6.1055e-02, +2.1820e-02, -5.8574e-02, -2.2554e-02, -4.2575e-02, +7.0301e-02, -2.0830e-02, -2.9377e-02, -5.7710e-02, -3.3279e-02, -2.7710e-02, +6.1874e-02, -2.9351e-02, -7.4254e-02, -3.3426e-02, +1.3004e-02
+2.2738e-02, -1.8863e-02, -6.4487e-02, -1.3743e-01, -5.1268e-03, +3.8125e-02, -5.6796e-02, -3.1173e-02, +1.5459e-02, +5.2545e-02, -2.5663e-02, -1.0000e+00, -1.8641e-02, -3.3616e-02, +4.1774e-02, +2.1264e-03, +3.3790e-02, +3.3117e-02, -1.2707e-02, +1.5416e-02, -2.2135e-02, -7.0595e-02, +5.9803e-02, -5.6816e-02, -2.4295e-02, -1.7607e-03, +3.2154e-02, -1.3348e-02, +4.9919e-02, +5.3926e-02, +5.1516e-02, +3.2818e-02, -3.7641e-02, +1.1406e-02, -6.9666e-02, -1.9273e-02, -2.6597e-02, -1.2776e-02, +5.0073e-02, +6.7752e-02, -2.9019e-04, +2.2211e-02, -7.2593e-03, +1.1385e-02, -1.0318e-01, -3.0950e-03, -4.5490e-02, +2.4458e-02, -5.3374e-02, +2.6502e-02
+4.5607e-03, +5.8829e-03, +5.6385e-02, -2.7102e-02, +6.3388e-02, +2.3269e-02, +5.1856e-03, -4.1374e-03, +1.2432e-02, +4.6812e-02, -2.9213e-02, -1.8641e-02, -1.0000e+00, -8.0927e-02, +1.4719e-02, +4.2415e-02, -2.0391e-02, -2.6968e-02, -1.9196e-02, -2.1310e-02, -5.3998e-02, +8.6353e-02, +6.8804e-02, +4.8771e-02, -4.9133e-02, -3.5889e-03, +3.7277e-03, -1.7471e-02, +4.5431e-02, +1.4746e-02, +9.5257e-03, +9.4395e-02, -1.9380e-02, -1.2483e-02, +4.8904e-03, +2.4625e-02, -1.7818e-02, -1.1603e-02, -2.9726e-02, -1.3770e-02, -6.2041e-02, +1.4263e-02, -2.5512e-02, -9.3880e-04, -7.3858e-02, +5.5299e-03, -2.9010e-02, -3.0631e-02, +4.2631e-02, -9.0743e-03
+1.6192e-02, -7.2637e-03, -3.9391e-03, -6.1245e-02, +3.8394e-02, +2.6214e-02, -4.4585e-02, -7.2639e-02, +1.5038e-02, -6.5943e-03, -7.2465e-03, -3.3616e-02, -8.0927e-02, -1.0000e+00, -3.2978e-02, +6.6065e-03, -1.1202e-02, -1.3290e-02, -3.0975e-02, -5.7897e-02, -2.4985e-02, +8.8052e-03, +5.4998e-02, -2.4941e-02, +1.0535e-02, -2.5429e-02, +4.1269e-02, -4.4876e-02, +3.9052e-02, +7.8029e-02, +8.2776e-02, +7.2724e-02, -2.2568e-03, -2.6456e-02, -4.4924e-02, +3.8723e-02, +5.3895e-02, -1.9591e-02, +5.5370e-02, +3.3438e-02, -1.5498e-02, +2.1905e-02, -3.1712e-02, -6.7696e-02, -7.9425e-02, -4.2475e-02, -1.7927e-02, -1.4910e-02, +8.6437e-03, +9.8603e-02
-1.2435e-02, +1.8585e-02, -5.4056e-02, -2.6207e-02, -2.3599e-02, +2.7120e-03, -7.3515e-02, -5.5204e-02, +2.3302e-02, +8.4694e-02, -2.5411e-02, +4.1774e-02, +1.4719e-02, -3.2978e-02, -1.0000e+00, +2.4538e-02, -4.8338e-03, +1.5978e-02, -6.0618e-02, +5.7475e-03, -5.7562e-02, -8.5680e-03, -7.3829e-02, +8.1079e-02, -5.3224e-02, -4.4913e-02, -5.5985e-02, -6.0717e-02, +3.2981e-02, +3.9329e-03, -2.1734e-02, -1.2396e-01, -4.6838e-03, -3.4014e-03, -1.6222e-02, -1.8349e-02, +3.9916e-02, -2.7070e-02, +2.3235e-02, -2.5642e-02, +5.7974e-03, -4.7872e-02, -5.7860e-03, -1.6848e-02, -4.7870e-02, +2.8103e-02, +1.0350e-02, +1.3319e-01, -1.6827e-03, +4.4508e-02
-2.0920e-03, +5.9653e-03, +2.7528e-02, +6.0679e-03, -5.1952e-04, -4.1366e-04, +5.0284e-02, +7.3440e-02, -9.5854e-03, -1.8813e-01, -1.1765e-02, +2.1264e-03, +4.2415e-02, +6.6066e-03, +2.4538e-02, -1.0000e+00, -4.8595e-03, +7.2942e-03, -1.0618e-02, +4.3734e-02, -6.7381e-02, +9.1195e-02, +9.7083e-02, +1.4720e-02, +4.4858e-03, +3.8033e-02, -9.2044e-03, +2.3994e-02, +4.6353e-02, +8.7749e-02, +2.0094e-02, +1.3130e-01, -3.6130e-02, +6.9397e-03, +7.2882e-02, -2.3388e-02, -1.7578e-02, +1.6305e-02, -2.5117e-03, +3.7650e-02, +6.9269e-02, +2.4397e-03, -3.9977e-03, -2.4528e-02, +5.7814e-02, -4.2971e-03, +6.8797e-02, -1.2694e-01, +1.2976e-02, -1.4504e-03
+2.2984e-02, -3.5452e-02, +1.0593e-02, +5.6466e-02, -8.8615e-03, -4.6566e-02, -2.1548e-02, -7.2591e-03, -2.1458e-02, +5.7993e-02, -1.9776e-02, +3.3790e-02, -2.0391e-02, -1.1202e-02, -4.8338e-03, -4.8595e-03, -1.0000e+00, -3.1665e-02, -5.3919e-03, +4.5720e-04, -1.2826e-02, -4.9247e-03, -1.9495e-02, +3.8543e-02, +1.0033e-02, +5.6735e-03, -7.4318e-04, -3.5191e-03, -1.5664e-02, -4.2474e-02, -1.9577e-02, -8.5299e-02, -5.1339e-02, -3.6184e-02, +4.4795e-02, -6.3664e-02, -1.7306e-02, +1.8123e-02, -1.6661e-02, -9.7226e-02, -1.9910e-03, -5.7649e-03, +2.9519e-02, -9.1761e-03, +5.5334e-02, +8.0582e-02, +6.5107e-04, +7.5403e-02, +3.3086e-02, -4.0278e-03
-3.7171e-02, -2.0580e-02, -4.5118e-02, +2.6107e-02, +3.7164e-03, -3.5135e-02, +3.0356e-02, -1.7120e-02, -3.9450e-03, +9.8578e-02, -2.7003e-02, +3.3117e-02, -2.6968e-02, -1.3290e-02, +1.5978e-02, +7.2942e-03, -3.1665e-02, -1.0000e+00, -1.5520e-02, +5.2986e-02, +7.0003e-02, +1.6219e-02, +1.4964e-01, +5.2252e-02, -1.3357e-02, +1.1038e-02, -5.1283e-02, +1.0108e-02, +1.4595e-03, +1.4019e-03, -8.0438e-03, +1.6653e-01, -1.2640e-01, -4.1516e-02, -1.1367e-02, +6.5411e-02, -7.5982e-03, -5.3454e-02, -5.1539e-02, -3.9253e-02, -4.8705e-02, +1.6105e-02, -6.8446e-03, -7.0323e-02, -4.6815e-02, -3.3246e-02, -2.2474e-02, -3.8301e-02, +1.6504e-02, +4.0285e-03
+4.6250e-02, +5.8874e-02, -8.0612e-04, -6.2815e-02, -2.8275e-02, -2.1221e-02, +2.0479e-02, -2.7975e-04, +3.8520e-02, +4.9044e-02, -7.0012e-02, -1.2707e-02, -1.9196e-02, -3.0975e-02, -6.0618e-02, -1.0618e-02, -5.3919e-03, -1.5520e-02, -1.0000e+00, +3.7199e-02, -2.8608e-02, -2.4432e-02, +1.0155e-01, -6.0398e-02, -8.9762e-02, -3.8807e-02, -2.3706e-02, +1.7010e-02, -2.1678e-03, -5.9186e-02, -1.0613e-01, +1.4399e-01, -4.3667e-03, -2.0415e-02, -7.4686e-02, +6.3487e-03, +7.3742e-02, -7.5808e-03, -1.0136e-02, +5.3020e-02, -5.4371e-02, -1.5414e-02, -4.5493e-02, -4.0234e-02, -1.0252e-01, +1.3497e-02, +1.8337e-02, -9.9040e-02, +2.6815e-02, -3.6106e-03
+2.2509e-02, -4.4743e-02, +7.9124e-02, -2.3401e-02, +7.5455e-02, +2.4615e-02, +1.6892e-03, +4.1206e-02, +7.1538e-02, +1.2417e-02, +3.8989e-02, +1.5416e-02, -2.1310e-02, -5.7897e-02, +5.7475e-03, +4.3734e-02, +4.5720e-04, +5.2986e-02, +3.7199e-02, -1.0000e+00, +5.3157e-03, -4.7563e-02, -6.7561e-02, -8.5592e-04, -1.3283e-02, +1.3031e-02, -3.0967e-02, +3.3805e-02, +1.4798e-03, +4.5066e-02, +2.2818e-02, -1.3580e-01, +2.1064e-02, -2.0819e-02, +1.4258e-02, -1.6604e-02, -3.0377e-02, -5.4348e-02, +3.9135e-03, +1.5666e-02, -1.2559e-02, -5.1809e-03, +2.8918e-02, -2.8885e-02, -1.7818e-02, +1.4711e-02, +5.7016e-02, +6.6169e-02, +3.9448e-02, +3.4252e-03
+6.2502e-02, +1.0097e-02, +1.0999e-02, -9.6896e-02, -3.8644e-02, +8.2453e-03, -3.4211e-02, -1.4112e-02, +2.2279e-02, +2.8269e-01, -8.6612e-02, -2.2135e-02, -5.3998e-02, -2.4985e-02, -5.7562e-02, -6.7381e-02, -1.2826e-02, +7.0003e-02, -2.8608e-02, +5.3157e-03, -1.0000e+00, +1.0389e-02, +5.2176e-02, +8.9388e-02, -6.7621e-02, -1.6215e-02, -2.1708e-02, -6.5541e-03, -5.2814e-02, +3.3876e-02, +2.7033e-02, -1.6520e-01, +1.1434e-01, +8.6797e-03, +2.4916e-02, -6.2631e-03, +5.2034e-02, -7.7389e-02, +8.5735e-03, +1.5533e-02, +9.5704e-03, -5.4860e-02, -9.8525e-02, +1.1714e-01, -1.5518e-01, -6.4754e-03, -3.9660e-02, +9.6334e-02, -8.4390e-02, -4.4551e-02
+5.9503e-03, -1.4444e-02, -3.1500e-02, -8.4888e-02, -3.9837e-02, +1.1632e-02, +7.7435e-03, +3.1441e-02, +1.1667e-02, -6.5014e-02, -1.4319e-02, -7.0595e-02, +8.6353e-02, +8.8052e-03, -8.5680e-03, +9.1195e-02, -4.9247e-03, +1.6219e-02, -2.4432e-02, -4.7563e-02, +1.0389e-02, -1.0000e+00, +7.9197e-02, -2.9144e-02, -1.2220e-03, -1.7805e-02, -2.1853e-02, -6.5487e-03, -6.2598e-03, -7.9832e-03, +1.1649e-02, -4.8228e-02, +3.5958e-02, +2.5670e-03, +3.5621e-03, -5.1351e-02, -3.3420e-03, -4.9470e-02, +2.6004e-02, +3.1004e-02, -1.8857e-03, -3.4179e-02, -5.8779e-02, -2.8092e-02, -6.7369e-02, +2.4841e-02, -8.2782e-02, +1.6901e-01, -1.1071e-02, +1.4431e-02
-3.1181e-03, -5.3458e-03, +6.7219e-02, +7.5966e-02, -3.4016e-02, +4.8339e-02, -2.9980e-03, +1.2676e-01, +2.6817e-03, +1.7219e-01, +7.2750e-02, +5.9803e-02, +6.8804e-02, +5.4999e-02, -7.3829e-02, +9.7083e-02, -1.9495e-02, +1.4964e-01, +1.0155e-01, -6.7561e-02, +5.2176e-02, +7.9197e-02, -1.0000e+00, +5.4516e-02, +1.2604e-01, +2.2674e-02, +4.5786e-02, -2.5992e-02, +3.7067e-02, +7.1078e-02, -3.9081e-02, -4.8908e-01, +1.7834e-01, +2.1722e-03, +6.4323e-02, -1.2001e-01, -9.8272e-02, +6.2580e-02, +5.3918e-02, +2.9387e-02, -1.1198e-02, +5.1272e-02, +5.6950e-04, +1.3427e-01, +2.3227e-01, +3.8657e-02, +7.4910e-02, +3.8645e-01, -2.9785e-02, -1.2040e-01
+3.6679e-02, +2.3675e-02, -3.4475e-03, +3.0652e-03, -6.8190e-02, -3.9394e-02, +3.2042e-02, +1.6093e-02, +4.6753e-02, -9.1226e-02, +2.6081e-02, -5.6816e-02, +4.8771e-02, -2.4941e-02, +8.1079e-02, +1.4720e-02, +3.8543e-02, +5.2252e-02, -6.0398e-02, -8.5592e-04, +8.9388e-02, -2.9144e-02, +5.4516e-02, -1.0000e+00, +2.7847e-02, -1.9051e-02, -2.8463e-02, +4.4341e-02, -5.7879e-02, -7.3615e-02, +3.4609e-02, +2.0525e-01, +7.4870e-03, +4.8452e-03, -7.5635e-02, +4.1086e-02, -1.1722e-02, +3.2988e-02, +4.2686e-02, +9.2142e-02, -7.5041e-03, +3.3283e-02, -3.7336e-03, -4.4105e-02, -3.6139e-02, -1.7404e-02, +2.0249e-02, -1.6203e-01, -8.9682e-03, +2.5933e-02
-4.1785e-02, +2.7760e-02, -8.1326e-02, -6.4886e-02, -9.7675e-03, +1.6772e-02, +2.0421e-02, -1.5752e-02, -2.4945e-02, +8.7297e-02, -2.2330e-04, -2.4295e-02, -4.9133e-02, +1.0535e-02, -5.3224e-02, +4.4858e-03, +1.0033e-02, -1.3357e-02, -8.9762e-02, -1.3283e-02, -6.7621e-02, -1.2220e-03, +1.2604e-01, +2.7847e-02, -1.0000e+00, +1.8721e-02, -2.6288e-02, +1.2776e-02, +4.4380e-02, +8.5897e-02, -8.9624e-03, +7.1443e-02, -1.0581e-01, +1.0902e-02, +5.1307e-03, -8.7039e-03, -4.4949e-02, -2.1009e-02, +4.8280e-03, +4.2714e-03, -4.2078e-02, -3.3211e-02, -2.9002e-02, -1.8716e-02, -3.4773e-02, +3.7176e-03, -5.8434e-02, +2.5185e-02, +3.4122e-02, +6.3700e-02
-3.2098e-02, +1.3047e-02, -1.3691e-02, -3.6175e-02, -3.4560e-02, -6.7899e-03, +8.9091e-03, -1.8608e-03, +2.8319e-02, +1.1137e-01, -8.6219e-02, -1.7607e-03, -3.5889e-03, -2.5429e-02, -4.4913e-02, +3.8033e-02, +5.6735e-03, +1.1038e-02, -3.8807e-02, +1.3031e-02, -1.6215e-02, -1.7805e-02, +2.2674e-02, -1.9051e-02, +1.8721e-02, -1.0000e+00, -1.0933e-01, -2.1028e-03, -5.5012e-03, -9.7604e-02, -5.8443e-02, +9.0507e-02, -2.1019e-02, +1.4557e-02, -4.5426e-02, +4.9320e-02, +1.2713e-02, -6.5522e-05, +2.6322e-02, +9.6842e-02, +2.1242e-02, -2.1617e-02, +1.8858e-02, -7.1706e-02, -5.9360e-02, -1.5812e-02, -3.5009e-02, -3.4040e-02, +4.5452e-03, -2.8871e-03
+4.9953e-02, +4.9170e-02, +1.6450e-02, -7.6771e-02, -8.7662e-02, -9.5561e-02, +3.5788e-02, +1.5897e-02, +5.8256e-02, -5.6883e-03, -1.3646e-01, +3.2154e-02, +3.7278e-03, +4.1269e-02, -5.5985e-02, -9.2044e-03, -7.4318e-04, -5.1283e-02, -2.3706e-02, -3.0967e-02, -2.1708e-02, -2.1853e-02, +4.5786e-02, -2.8463e-02, -2.6288e-02, -1.0933e-01, -1.0000e+00, +6.9096e-02, +6.1116e-02, +1.9287e-02, -6.4410e-02, +1.1653e-01, +1.5668e-02, -3.1390e-02, -1.1423e-01, +3.2797e-02, -1.6955e-02, -7.9317e-03, -9.4174e-03, +9.8127e-02, -7.1192e-03, +2.3569e-02, -3.5055e-02, -2.1800e-02, -2.5536e-02, +9.2865e-03, -5.8214e-02, -9.5955e-02, +6.7119e-03, +3.8032e-02
-1.4401e-02, -4.1176e-02, -5.6290e-02, -4.2031e-02, +9.0274e-04, -2.3115e-02, +3.7237e-02, -6.2526e-02, -2.0986e-02, +9.3625e-02, +2.2407e-02, -1.3348e-02, -1.7471e-02, -4.4876e-02, -6.0717e-02, +2.3994e-02, -3.5191e-03, +1.0108e-02, +1.7010e-02, +3.3805e-02, -6.5541e-03, -6.5487e-03, -2.5992e-02, +4.4341e-02, +1.2776e-02, -2.1028e-03, +6.9096e-02, -1.0000e+00, -6.8562e-02, -4.5231e-02, +4.1543e-02, -4.1855e-02, -2.2022e-03, -2.5083e-03, -3.8957e-02, +6.1809e-02, -3.8090e-02, -3.6700e-02, -2.2636e-02, -4.8571e-03, +6.9826e-04, +1.3780e-02, -2.5363e-03, +2.8000e-02, -7.4843e-02, -1.7525e-02, -3.0223e-02, +1.1444e-01, -2.6958e-02, -4.1808e-02
+2.8696e-02, -1.3721e-02, -6.7214e-02, +3.9355e-02, -2.1695e-02, -3.9402e-02, +4.7945e-02, -3.9024e-02, -2.2546e-02, +8.5244e-02, +3.3052e-03, +4.9919e-02, +4.5432e-02, +3.9052e-02, +3.2981e-02, +4.6353e-02, -1.5664e-02, +1.4595e-03, -2.1678e-03, +1.4798e-03, -5.2814e-02, -6.2598e-03, +3.7067e-02, -5.7879e-02, +4.4380e-02, -5.5012e-03, +6.1116e-02, -6.8562e-02, -1.0000e+00, -8.1386e-02, -1.1383e-02, +1.0030e-01, +3.9687e-02, +4.9858e-03, -6.5990e-02, +3.6610e-02, -2.4646e-02, -3.8209e-02, -1.3138e-02, -3.0587e-02, -2.5897e-02, +5.7778e-02, -2.0890e-02, +7.3783e-03, +4.6261e-03, -8.1096e-03, -4.0120e-02, -2.6856e-02, +1.2389e-02, -2.2514e-02
-1.6319e-02, +4.1732e-02, +3.7593e-02, -3.1766e-02, -6.7300e-02, -6.6888e-03, -2.9414e-02, -3.0475e-02, -8.4700e-03, +3.2147e-02, -1.3945e-02, +5.3926e-02, +1.4746e-02, +7.8029e-02, +3.9329e-03, +8.7749e-02, -4.2474e-02, +1.4019e-03, -5.9186e-02, +4.5066e-02, +3.3876e-02, -7.9832e-03, +7.1078e-02, -7.3615e-02, +8.5897e-02, -9.7604e-02, +1.9287e-02, -4.5231e-02, -8.1386e-02, -1.0000e+00, +2.1553e-02, +1.2770e-01, +1.5437e-02, -2.2230e-02, -8.7544e-02, +9.4892e-03, +4.9286e-02, +8.8344e-02, -7.5194e-02, -1.8594e-02, +4.1054e-02, +5.7038e-02, +3.3553e-02, -3.3472e-02, -1.8813e-02, -1.1185e-02, -2.1707e-02, -9.1928e-02, +3.9365e-02, -3.5052e-02
+7.2118e-03, +3.1440e-02, -1.1180e-02, +3.9527e-02, +7.0813e-02, -8.4956e-02, +4.2973e-02, +9.5080e-02, -3.7316e-02, +7.3417e-03, -4.5109e-02, +5.1516e-02, +9.5257e-03, +8.2776e-02, -2.1734e-02, +2.0094e-02, -1.9577e-02, -8.0438e-03, -1.0613e-01, +2.2818e-02, +2.7033e-02, +1.1649e-02, -3.9081e-02, +3.4609e-02, -8.9625e-03, -5.8443e-02, -6.4410e-02, +4.1543e-02, -1.1383e-02, +2.1553e-02, -1.0000e+00, +6.1238e-02, -3.8095e-02, -1.3646e-02, -1.3511e-01, +5.5256e-02, -1.5952e-02, -7.6027e-02, -5.9733e-02, +2.7163e-02, -2.2755e-02, +2.0640e-03, -3.9569e-02, +8.2708e-02, +8.0117e-02, +9.4982e-03, -1.1982e-02, -1.0488e-03, -8.3124e-03, +6.4174e-02
+5.2602e-02, -5.0071e-02, +3.1809e-02, -6.2958e-04, -1.1843e-03, +1.0657e-01, +3.7052e-03, +1.1963e-01, +9.7482e-03, +4.7667e-02, +4.6190e-02, +3.2818e-02, +9.4395e-02, +7.2724e-02, -1.2396e-01, +1.3130e-01, -8.5299e-02, +1.6653e-01, +1.4399e-01, -1.3580e-01, -1.6520e-01, -4.8228e-02, -4.8908e-01, +2.0525e-01, +7.1443e-02, +9.0507e-02, +1.1653e-01, -4.1855e-02, +1.0030e-01, +1.2770e-01, +6.1238e-02, -1.0000e+00, +2.8729e-02, +7.2868e-02, +9.0416e-02, -2.1587e-01, -2.7730e-02, +1.1213e-02, +1.1560e-01, -1.2984e-01, +2.4292e-02, +5.1472e-03, +9.0366e-02, +1.4172e-01, +1.0396e-01, +7.3699e-02, +3.2984e-02, +3.5613e-01, -9.7968e-02, -1.5022e-01
-9.7656e-03, -2.7964e-02, -6.6145e-02, +4.6613e-02, -2.8154e-02, -9.9522e-03, +1.4539e-02, -5.3294e-02, -1.3551e-02, -2.3778e-03, -8.8031e-03, -3.7641e-02, -1.9380e-02, -2.2568e-03, -4.6838e-03, -3.6130e-02, -5.1339e-02, -1.2640e-01, -4.3667e-03, +2.1064e-02, +1.1434e-01, +3.5958e-02, +1.7834e-01, +7.4870e-03, -1.0581e-01, -2.1019e-02, +1.5668e-02, -2.2022e-03, +3.9687e-02, +1.5437e-02, -3.8095e-02, +2.8729e-02, -1.0000e+00, +4.1057e-02, +2.9894e-02, +9.4748e-03, -2.5332e-02, -3.8604e-02, -6.5905e-02, +2.2022e-01, +2.0064e-03, +4.8915e-02, -1.2025e-02, +3.3311e-02, +5.0274e-03, -4.1225e-02, +7.6731e-03, -8.2014e-02, +3.3119e-02, +6.5131e-02
-1.1086e-02, -2.2185e-02, -8.6373e-03, -4.9830e-02, -2.8102e-02, +6.7528e-03, +1.9971e-02, +2.5744e-02, -2.1386e-02, -2.2153e-02, -4.3961e-03, +1.1406e-02, -1.2483e-02, -2.6456e-02, -3.4014e-03, +6.9397e-03, -3.6184e-02, -4.1516e-02, -2.0415e-02, -2.0819e-02, +8.6797e-03, +2.5670e-03, +2.1722e-03, +4.8452e-03, +1.0902e-02, +1.4557e-02, -3.1390e-02, -2.5083e-03, +4.9858e-03, -2.2230e-02, -1.3646e-02, +7.2868e-02, +4.1057e-02, -1.0000e+00, -1.0822e-02, +3.1265e-02, +2.2749e-02, -6.3861e-04, +2.3410e-02, +2.5653e-02, +6.7445e-03, -5.4622e-02, +2.2048e-03, -4.0470e-02, -1.5545e-02, +3.0122e-04, -5.1512e-02, -1.7102e-02, -3.5870e-04, +2.6829e-02
+1.0816e-01, -1.3757e-02, -6.9750e-02, +2.6191e-02, -1.1472e-01, -4.5064e-02, +2.0426e-02, +7.0918e-03, +2.9177e-02, +1.8303e-02, -6.1055e-02, -6.9666e-02, +4.8904e-03, -4.4924e-02, -1.6222e-02, +7.2882e-02, +4.4795e-02, -1.1367e-02, -7.4686e-02, +1.4258e-02, +2.4916e-02, +3.5620e-03, +6.4323e-02, -7.5635e-02, +5.1307e-03, -4.5426e-02, -1.1423e-01, -3.8957e-02, -6.5990e-02, -8.7544e-02, -1.3511e-01, +9.0416e-02, +2.9894e-02, -1.0822e-02, -1.0000e+00, +5.5740e-02, +2.1734e-02, +4.1493e-02, -2.2419e-02, +1.2581e-01, -3.7344e-02, +2.0521e-02, -4.2584e-02, -4.8855e-02, -9.6854e-02, +5.2467e-03, -8.4878e-02, -8.6965e-02, -6.1379e-02, -3.5601e-03
-3.1366e-02, -1.1311e-02, +4.2606e-02, +2.2040e-02, +2.6463e-02, +5.9894e-02, -2.9081e-02, +1.0622e-02, +4.9239e-03, -3.0998e-02, +2.1820e-02, -1.9273e-02, +2.4625e-02, +3.8723e-02, -1.8349e-02, -2.3388e-02, -6.3664e-02, +6.5411e-02, +6.3487e-03, -1.6604e-02, -6.2631e-03, -5.1351e-02, -1.2001e-01, +4.1086e-02, -8.7039e-03, +4.9320e-02, +3.2797e-02, +6.1809e-02, +3.6610e-02, +9.4892e-03, +5.5256e-02, -2.1587e-01, +9.4748e-03, +3.1265e-02, +5.5740e-02, -1.0000e+00, +8.7363e-03, +9.1946e-03, +2.9406e-02, -5.9261e-03, +1.4933e-02, +1.4646e-03, +1.5843e-02, -8.5332e-03, +3.1188e-02, +4.2232e-03, -3.2868e-02, +7.1427e-02, -1.2300e-02, -1.2743e-02
-2.9026e-02, -2.3897e-02, -3.8616e-02, +4.8554e-02, +7.6224e-03, +5.1375e-03, +2.3671e-03, +2.6948e-03, -3.9348e-03, +1.8411e-02, -5.8574e-02, -2.6597e-02, -1.7818e-02, +5.3895e-02, +3.9916e-02, -1.7578e-02, -1.7306e-02, -7.5982e-03, +7.3742e-02, -3.0377e-02, +5.2034e-02, -3.3420e-03, -9.8272e-02, -1.1722e-02, -4.4949e-02, +1.2713e-02, -1.6955e-02, -3.8090e-02, -2.4646e-02, +4.9286e-02, -1.5952e-02, -2.7730e-02, -2.5332e-02, +2.2749e-02, +2.1734e-02, +8.7363e-03, -1.0000e+00, +4.8609e-02, -3.9218e-02, +2.0579e-02, -5.3825e-02, +6.9859e-03, +2.7408e-02, +9.5099e-02, +2.9069e-02, +7.0038e-04, +4.3820e-02, +1.1355e-01, +4.3710e-02, -6.9471e-02
-1.6285e-02, +4.7971e-03, +2.8220e-02, +9.1132e-03, +5.1275e-02, -7.1874e-03, -3.4290e-02, -4.7029e-02, -7.2775e-03, +3.4828e-02, -2.2554e-02, -1.2776e-02, -1.1603e-02, -1.9591e-02, -2.7070e-02, +1.6305e-02, +1.8123e-02, -5.3454e-02, -7.5808e-03, -5.4348e-02, -7.7389e-02, -4.9470e-02, +6.2580e-02, +3.2988e-02, -2.1009e-02, -6.5522e-05, -7.9317e-03, -3.6700e-02, -3.8209e-02, +8.8344e-02, -7.6027e-02, +1.1213e-02, -3.8604e-02, -6.3861e-04, +4.1493e-02, +9.1946e-03, +4.8609e-02, -1.0000e+00, +4.2711e-02, -3.5705e-02, -8.3218e-02, +1.9326e-02, -2.3411e-02, -7.6697e-02, -4.1982e-02, +2.8320e-02, -4.7400e-02, +1.0604e-01, +1.3944e-03, +1.0632e-02
-4.2469e-02, +8.0041e-03, +5.0454e-02, +2.7271e-02, -3.0173e-03, -5.8037e-02, -9.8112e-03, +2.4795e-02, +9.1702e-03, +7.0649e-02, -4.2575e-02, +5.0073e-02, -2.9726e-02, +5.5370e-02, +2.3235e-02, -2.5117e-03, -1.6661e-02, -5.1539e-02, -1.0136e-02, +3.9135e-03, +8.5735e-03, +2.6004e-02, +5.3918e-02, +4.2686e-02, +4.8280e-03, +2.6322e-02, -9.4174e-03, -2.2636e-02, -1.3138e-02, -7.5194e-02, -5.9733e-02, +1.1560e-01, -6.5905e-02, +2.3410e-02, -2.2419e-02, +2.9406e-02, -3.9218e-02, +4.2711e-02, -1.0000e+00, -3.3362e-02, +4.1397e-02, -2.4078e-03, -1.5056e-02, +6.6333e-02, +4.2022e-02, +6.7329e-03, -1.2764e-02, +1.1965e-02, +1.4848e-02, +1.8296e-02
-1.0847e-01, -4.7744e-03, +1.4874e-02, +3.5312e-02, +4.0268e-02, +2.2836e-02, +2.0915e-02, +1.8539e-02, +1.6883e-02, +1.4400e-01, +7.0301e-02, +6.7752e-02, -1.3770e-02, +3.3438e-02, -2.5642e-02, +3.7650e-02, -9.7226e-02, -3.9253e-02, +5.3020e-02, +1.5666e-02, +1.5533e-02, +3.1004e-02, +2.9387e-02, +9.2142e-02, +4.2714e-03, +9.6842e-02, +9.8127e-02, -4.8571e-03, -3.0587e-02, -1.8594e-02, +2.7163e-02, -1.2984e-01, +2.2022e-01, +2.5653e-02, +1.2581e-01, -5.9261e-03, +2.0579e-02, -3.5705e-02, -3.3362e-02, -1.0000e+00, -3.1718e-02, -4.0780e-02, +4.3537e-02, +3.3756e-02, +6.5688e-02, +5.1565e-02, -1.0876e-02, +1.6128e-01, +3.5617e-02, -6.5288e-02
+7.4754e-02, -4.8311e-02, -3.5266e-02, +2.2483e-03, -5.1866e-02, -1.4596e-02, -4.3594e-03, -4.0370e-02, +5.1909e-02, +5.7979e-02, -2.0830e-02, -2.9019e-04, -6.2041e-02, -1.5498e-02, +5.7974e-03, +6.9269e-02, -1.9910e-03, -4.8705e-02, -5.4371e-02, -1.2559e-02, +9.5704e-03, -1.8857e-03, -1.1198e-02, -7.5041e-03, -4.2078e-02, +2.1242e-02, -7.1192e-03, +6.9825e-04, -2.5897e-02, +4.1054e-02, -2.2755e-02, +2.4292e-02, +2.0064e-03, +6.7445e-03, -3.7344e-02, +1.4933e-02, -5.3825e-02, -8.3218e-02, +4.1397e-02, -3.1718e-02, -1.0000e+00, +7.0441e-03, -2.5175e-02, -3.6558e-02, -3.4780e-03, +2.2769e-02, +3.7903e-02, -2.8507e-02, -1.8771e-02, +3.3206e-02
-1.3269e-03, +3.8668e-03, -3.0664e-02, -2.6449e-02, -2.3746e-03, -2.5313e-02, +3.0702e-02, -5.2118e-02, +1.6519e-02, -3.9110e-03, -2.9377e-02, +2.2211e-02, +1.4263e-02, +2.1905e-02, -4.7872e-02, +2.4397e-03, -5.7649e-03, +1.6105e-02, -1.5414e-02, -5.1809e-03, -5.4860e-02, -3.4179e-02, +5.1272e-02, +3.3283e-02, -3.3211e-02, -2.1617e-02, +2.3569e-02, +1.3780e-02, +5.7778e-02, +5.7038e-02, +2.0640e-03, +5.1472e-03, +4.8915e-02, -5.4622e-02, +2.0521e-02, +1.4647e-03, +6.9859e-03, +1.9326e-02, -2.4078e-03, -4.0780e-02, +7.0441e-03, -1.0000e+00, +1.1043e-02, +2.8026e-03, -3.0453e-02, +6.0662e-02, -1.6974e-02, +3.3134e-02, -2.7240e-02, +4.6080e-02
+3.1257e-02, +2.0944e-02, +4.2604e-02, +3.7257e-02, -4.1215e-02, -3.1140e-02, +2.6502e-03, -1.9299e-02, -4.6948e-02, +2.7894e-03, -5.7710e-02, -7.2593e-03, -2.5512e-02, -3.1712e-02, -5.7860e-03, -3.9977e-03, +2.9519e-02, -6.8446e-03, -4.5493e-02, +2.8918e-02, -9.8525e-02, -5.8779e-02, +5.6950e-04, -3.7336e-03, -2.9002e-02, +1.8858e-02, -3.5055e-02, -2.5363e-03, -2.0890e-02, +3.3553e-02, -3.9569e-02, +9.0366e-02, -1.2025e-02, +2.2048e-03, -4.2584e-02, +1.5843e-02, +2.7408e-02, -2.3411e-02, -1.5056e-02, +4.3537e-02, -2.5175e-02, +1.1043e-02, -1.0000e+00, -4.0474e-02, +5.1012e-02, +4.1570e-03, -1.6529e-02, -3.9906e-03, +5.0892e-03, -3.2161e-03
+8.4114e-02, -4.8557e-02, -1.4806e-02, -3.7441e-02, +3.0028e-02, +3.9465e-02, +3.1258e-02, -3.7972e-02, +7.9955e-02, -8.8420e-02, -3.3279e-02, +1.1385e-02, -9.3880e-04, -6.7696e-02, -1.6848e-02, -2.4528e-02, -9.1761e-03, -7.0323e-02, -4.0234e-02, -2.8885e-02, +1.1714e-01, -2.8092e-02, +1.3427e-01, -4.4105e-02, -1.8716e-02, -7.1706e-02, -2.1800e-02, +2.8000e-02, +7.3783e-03, -3.3472e-02, +8.2708e-02, +1.4172e-01, +3.3311e-02, -4.0470e-02, -4.8855e-02, -8.5332e-03, +9.5099e-02, -7.6697e-02, +6.6333e-02, +3.3756e-02, -3.6558e-02, +2.8026e-03, -4.0474e-02, -1.0000e+00, -4.3450e-02, +1.1167e-02, -2.8158e-02, -1.1198e-01, +5.5992e-03, +5.6203e-02
-5.2086e-03, -6.5883e-02, -5.1023e-02, -8.4525e-02, +3.9332e-02, -1.7410e-02, -8.1978e-02, -1.2566e-01, +4.8435e-02, +1.2558e-01, -2.7710e-02, -1.0318e-01, -7.3858e-02, -7.9425e-02, -4.7870e-02, +5.7814e-02, +5.5334e-02, -4.6815e-02, -1.0252e-01, -1.7818e-02, -1.5518e-01, -6.7369e-02, +2.3227e-01, -3.6139e-02, -3.4773e-02, -5.9360e-02, -2.5536e-02, -7.4843e-02, +4.6261e-03, -1.8813e-02, +8.0117e-02, +1.0396e-01, +5.0274e-03, -1.5545e-02, -9.6854e-02, +3.1188e-02, +2.9069e-02, -4.1982e-02, +4.2022e-02, +6.5688e-02, -3.4780e-03, -3.0453e-02, +5.1012e-02, -4.3450e-02, -1.0000e+00, -5.4378e-03, -1.0679e-01, +1.0640e-02, -3.6907e-02, +6.4556e-02
-1.5826e-02, +3.1351e-03, -5.8413e-02, -1.8577e-02, +6.9575e-03, +1.2606e-02, -6.0421e-02, +4.4792e-02, -4.6840e-02, +5.8215e-02, +6.1874e-02, -3.0951e-03, +5.5299e-03, -4.2475e-02, +2.8103e-02, -4.2971e-03, +8.0582e-02, -3.3246e-02, +1.3497e-02, +1.4711e-02, -6.4754e-03, +2.4841e-02, +3.8657e-02, -1.7404e-02, +3.7176e-03, -1.5812e-02, +9.2865e-03, -1.7525e-02, -8.1096e-03, -1.1185e-02, +9.4982e-03, +7.3699e-02, -4.1225e-02, +3.0122e-04, +5.2467e-03, +4.2233e-03, +7.0039e-04, +2.8320e-02, +6.7329e-03, +5.1565e-02, +2.2769e-02, +6.0662e-02, +4.1570e-03, +1.1167e-02, -5.4378e-03, -1.0000e+00, +6.2513e-04, -5.6801e-02, -6.1716e-03, +2.7662e-02
-1.5057e-02, -5.4005e-02, -9.3317e-02, -5.9860e-02, +4.3010e-02, -2.8676e-02, -1.9471e-02, -3.7154e-02, -3.1284e-02, +1.0757e-01, -2.9351e-02, -4.5490e-02, -2.9010e-02, -1.7927e-02, +1.0350e-02, +6.8797e-02, +6.5107e-04, -2.2474e-02, +1.8337e-02, +5.7016e-02, -3.9660e-02, -8.2782e-02, +7.4910e-02, +2.0249e-02, -5.8434e-02, -3.5009e-02, -5.8214e-02, -3.0223e-02, -4.0120e-02, -2.1707e-02, -1.1982e-02, +3.2984e-02, +7.6731e-03, -5.1512e-02, -8.4878e-02, -3.2868e-02, +4.3820e-02, -4.7400e-02, -1.2764e-02, -1.0876e-02, +3.7903e-02, -1.6974e-02, -1.6529e-02, -2.8158e-02, -1.0679e-01, +6.2514e-04, -1.0000e+00, +7.4797e-02, +7.4488e-03, -4.0042e-04
+7.5654e-02, +2.6881e-02, +3.0456e-02, +6.7456e-03, +2.0795e-02, -8.6815e-02, +2.7658e-03, -7.2129e-02, -4.6799e-02, -4.2877e-01, -7.4254e-02, +2.4458e-02, -3.0631e-02, -1.4910e-02, +1.3319e-01, -1.2694e-01, +7.5403e-02, -3.8301e-02, -9.9040e-02, +6.6169e-02, +9.6334e-02, +1.6901e-01, +3.8645e-01, -1.6203e-01, +2.5185e-02, -3.4040e-02, -9.5955e-02, +1.1444e-01, -2.6856e-02, -9.1928e-02, -1.0488e-03, +3.5613e-01, -8.2014e-02, -1.7102e-02, -8.6965e-02, +7.1427e-02, +1.1355e-01, +1.0604e-01, +1.1965e-02, +1.6128e-01, -2.8507e-02, +3.3134e-02, -3.9906e-03, -1.1198e-01, +1.0640e-02, -5.6801e-02, +7.4797e-02, -1.0000e+00, +1.3000e-02, +1.3292e-01
+3.1181e-02, -3.9199e-02, +3.5318e-02, -1.8051e-02, -1.3942e-03, -1.3468e-02, -2.9103e-02, -1.3996e-02, -1.2825e-02, +3.7163e-03, -3.3426e-02, -5.3374e-02, +4.2631e-02, +8.6437e-03, -1.6827e-03, +1.2976e-02, +3.3086e-02, +1.6504e-02, +2.6815e-02, +3.9448e-02, -8.4390e-02, -1.1071e-02, -2.9785e-02, -8.9682e-03, +3.4122e-02, +4.5452e-03, +6.7119e-03, -2.6958e-02, +1.2389e-02, +3.9365e-02, -8.3124e-03, -9.7968e-02, +3.3119e-02, -3.5869e-04, -6.1379e-02, -1.2300e-02, +4.3710e-02, +1.3944e-03, +1.4848e-02, +3.5617e-02, -1.8771e-02, -2.7240e-02, +5.0892e-03, +5.5992e-03, -3.6907e-02, -6.1716e-03, +7.4488e-03, +1.3000e-02, -1.0000e+00, -8.7385e-04
+5.8492e-02, +2.4958e-02, +2.6840e-02, +5.0550e-02, +2.5507e-03, -2.0833e-02, -5.5002e-02, +2.0769e-02, -2.9354e-02, +1.3435e-02, +1.3004e-02, +2.6502e-02, -9.0743e-03, +9.8603e-02, +4.4508e-02, -1.4503e-03, -4.0278e-03, +4.0285e-03, -3.6106e-03, +3.4253e-03, -4.4551e-02, +1.4431e-02, -1.2040e-01, +2.5932e-02, +6.3700e-02, -2.8871e-03, +3.8032e-02, -4.1808e-02, -2.2514e-02, -3.5052e-02, +6.4174e-02, -1.5022e-01, +6.5131e-02, +2.6829e-02, -3.5601e-03, -1.2743e-02, -6.9471e-02, +1.0632e-02, +1.8296e-02, -6.5288e-02, +3.3206e-02, +4.6080e-02, -3.2161e-03, +5.6203e-02, +6.4556e-02, +2.7662e-02, -4.0042e-04, +1.3292e-01, -8.7385e-04, -1.0000e+00
