-1.0000e+00, +7.1691e-02, -1.5193e-01, -7.5576e-02, -3.5651e-02, +1.2453e-02, -3.0161e-02, +6.8759e-03, +5.5523e-02, +2.9737e-02, -3.7333e-02, -9.8736e-02, -4.1892e-03, +1.5941e-02, +1.3859e-02, -7.5126e-02, +3.9091e-02, +3.0070e-02, -1.9352e-02, +3.2876e-02, +6.7763e-02, +2.2773e-02, +7.8588e-02, -5.5679e-02, -1.0553e-01, -2.9770e-02, -7.6643e-03, -8.0024e-02, -7.2574e-02, +5.4945e-02, -1.8756e-01, -8.3648e-02, -5.3784e-02, +8.8808e-02, -1.3772e-02, +3.3133e-01, +4.7405e-02, -8.7293e-02, -6.2466e-02, +2.4525e-02, +3.3885e-02, +1.3850e-02, -8.0125e-02, +6.7207e-02, +3.1051e-02, -1.6625e-02, -7.4793e-02, +2.4045e-01, -1.3793e-01, -2.3902e-02
+7.1691e-02, -1.0000e+00, +5.7486e-02, -6.0654e-02, -1.2093e-02, +8.0902e-02, -1.2030e-02, -1.8780e-02, +2.7117e-02, +5.9648e-02, +1.2720e-01, -4.9098e-02, -8.6277e-03, +4.3437e-02, +3.7033e-02, +3.7884e-02, -5.1980e-03, -2.7246e-02, +1.8095e-02, +1.3689e-02, +7.1434e-02, -1.8548e-02, -2.8134e-02, +2.7181e-02, +5.6057e-02, -7.4519e-02, +2.3456e-02, +1.0113e-02, +3.0866e-02, +2.3832e-02, +1.4234e-01, +3.0611e-02, -1.1814e-02, -2.5848e-02, -8.3624e-03, -2.0002e-01, +4.5447e-02, +8.1979e-02, -2.2861e-02, -6.1089e-03, +6.8050e-03, +2.0516e-02, -5.8039e-03, +8.2006e-02, -1.4066e-02, -7.5641e-03, +4.2759e-02, -1.1629e-01, +7.4335e-03, +3.8109e-02
-1.5193e-01, +5.7486e-02, -1.0000e+00, +1.1349e-01, +2.8332e-02, -6.3514e-02, -1.3237e-01, -2.6323e-02, +5.1993e-02, +9.1288e-02, -7.9591e-02, -2.7480e-02, -6.9267e-02, -2.9472e-03, +6.7516e-02, -7.4594e-02, +6.3479e-02, +1.2667e-03, +3.1541e-02, +3.1338e-03, +4.4995e-02, -9.5228e-02, +7.4197e-02, -8.3305e-02, -5.2499e-02, -7.3377e-02, -4.0209e-02, -2.0876e-02, -3.3229e-02, +3.9685e-02, +7.2807e-02, +4.3632e-02, -7.5596e-02, +1.4779e-02, +4.4605e-03, +1.5562e-01, +5.9812e-02, +5.3680e-02, -1.9915e-03, -4.4104e-03, -9.3936e-02, -3.7842e-02, +5.8727e-02, -2.9465e-02, -8.1885e-02, +5.1229e-04, +5.1702e-02, -1.5866e-02, -6.5958e-02, -2.7376e-02
-7.5576e-02, -6.0654e-02, +1.1349e-01, -1.0000e+00, -6.5411e-02, -2.3857e-02, -5.5185e-02, -5.3364e-02, +6.2553e-02, +1.1602e-01, -3.8512e-02, -5.8382e-02, -5.4393e-02, +1.8548e-02, +5.2264e-02, +3.2804e-02, +6.2168e-02, -3.9742e-02, +7.0306e-03, -6.4771e-03, +6.3735e-02, +5.1506e-02, +9.1004e-02, -5.1935e-02, +3.7876e-02, -6.9597e-02, +6.5410e-02, -5.0776e-02, -9.5956e-02, -1.3704e-02, -4.2449e-02, +4.6636e-02, -9.8060e-03, -1.9766e-02, +7.7606e-02, +1.3447e-02, +3.0329e-02, -3.2768e-02, -5.4559e-03, -4.6033e-02, +7.2932e-02, +3.5604e-02, -7.1502e-02, -4.9481e-02, -4.8768e-02, -3.9124e-02, -1.6054e-03, +6.2256e-03, -3.4201e-02, +2.6255e-03
-3.5651e-02, -1.2093e-02, +2.8332e-02, -6.5411e-02, -1.0000e+00, -7.4673e-02, -6.4573e-02, -2.3029e-02, -2.4512e-02, +6.3856e-02, -3.6322e-02, -9.0374e-02, -1.9747e-02, +3.9511e-02, -3.0806e-02, -5.7503e-02, +8.7543e-02, -3.5813e-02, -5.4534e-02, -2.6176e-03, +1.8451e-02, +4.3194e-02, +9.8615e-02, -7.8031e-02, -2.8870e-02, +6.8635e-03, +8.5991e-03, -1.0794e-01, -7.8053e-02, -4.5577e-02, -1.4236e-02, -8.4520e-02, -1.3330e-02, +1.4331e-02, -6.5594e-03, +9.1161e-02, +1.5751e-03, +1.0169e-01, -2.0001e-02, -4.5661e-02, +2.1452e-02, +8.6933e-03, -7.1139e-02, +4.6194e-02, -1.1835e-02, -2.8975e-02, +2.1057e-02, +1.5815e-01, -9.7121e-02, +4.5135e-02
+1.2453e-02, +8.0902e-02, -6.3514e-02, -2.3857e-02, -7.4673e-02, -1.0000e+00, +1.4105e-02, -2.7436e-02, +8.1527e-02, +4.6924e-02, -1.4184e-01, -4.8080e-02, -4.0285e-02, -2.9778e-02, -8.6603e-02, -2.1434e-02, +1.8604e-01, +5.3395e-02, -1.2716e-02, -7.3675e-02, +8.4025e-02, +1.0271e-02, +1.3661e-01, -2.2491e-02, -5.9298e-02, +2.6452e-02, -7.9467e-02, -7.4287e-02, -1.7136e-01, -2.6204e-02, -9.5790e-02, +3.8534e-02, +3.4503e-02, +5.0518e-02, +5.3963e-02, +2.6248e-02, -2.5774e-02, -7.4718e-02, -5.7805e-02, -7.1812e-02, -2.6177e-02, -3.7007e-02, -1.0658e-01, +3.6661e-02, -3.8764e-02, +4.6297e-04, -9.5077e-02, +4.7899e-02, +2.7209e-03, -8.6894e-02
-3.0161e-02, -1.2030e-02, -1.3237e-01, -5.5185e-02, -6.4573e-02, +1.4105e-02, -1.0000e+00, -1.8428e-02, +5.0381e-02, +2.1143e-02, -2.5672e-02, +9.8115e-03, +7.3711e-03, +4.0645e-02, +5.2724e-02, +1.6848e-02, +1.4168e-01, -6.2159e-02, -2.3694e-02, +2.3649e-02, +2.7808e-02, +6.7394e-04, +1.2467e-01, -2.0298e-02, -6.0169e-02, -1.3691e-02, -3.7058e-04, +1.4590e-02, -2.1394e-02, +3.6876e-02, +2.6465e-02, +2.2586e-02, -6.5776e-03, +2.7189e-02, +5.9128e-02, -6.3963e-03, -2.2403e-02, -4.5168e-02, -2.2963e-02, -1.4984e-02, -4.2712e-02, -9.4933e-03, -4.8411e-02, +2.0932e-02, -5.9883e-02, +2.3531e-02, +4.1591e-02, -7.3357e-02, -8.9510e-03, -7.5406e-02
+6.8759e-03, -1.8780e-02, -2.6323e-02, -5.3364e-02, -2.3029e-02, -2.7436e-02, -1.8428e-02, -1.0000e+00, +6.7990e-03, +5.8389e-02, -5.9598e-02, -3.8899e-02, +3.1186e-02, +1.1704e-02, -2.3677e-02, +3.6270e-02, +1.7984e-01, -8.1800e-02, -3.2939e-02, +3.4421e-02, +7.0049e-02, +5.1213e-02, +1.2160e-01, +2.0410e-02, -6.3140e-03, -7.8400e-02, -1.2428e-01, -6.9044e-02, +1.7321e-02, -1.4999e-02, +2.6680e-02, +7.3655e-02, +4.5536e-02, -5.3022e-02, +1.1215e-01, -1.9938e-01, +1.6175e-02, -5.1045e-02, -6.5809e-02, -7.3527e-02, -1.0095e-01, -3.4095e-02, -1.5159e-02, +4.0873e-03, -1.0389e-01, +1.1797e-01, -9.6444e-02, -2.3203e-01, -1.0948e-02, +3.8669e-03
+5.5523e-02, +2.7117e-02, +5.1993e-02, +6.2553e-02, -2.4512e-02, +8.1527e-02, +5.0381e-02, +6.7991e-03, -1.0000e+00, +1.0845e-02, +4.5224e-02, +4.3372e-02, +4.3518e-02, +8.4540e-03, -9.8228e-02, -2.9535e-02, -4.9978e-02, +5.0325e-02, +1.3125e-02, -2.4442e-02, +7.2325e-04, +1.1968e-02, -6.5396e-02, +8.1285e-02, +8.4917e-03, +3.2040e-02, +2.5464e-02, -2.6670e-02, +4.5614e-02, -2.2670e-03, -2.8221e-02, -9.1009e-02, -7.6947e-03, +5.3632e-02, -2.0986e-03, +3.2897e-02, +7.3091e-02, -1.6195e-02, +6.2844e-02, -3.5193e-02, +6.3898e-02, -3.2266e-03, +3.7058e-02, -3.6345e-02, -1.6391e-02, +4.8200e-02, -1.5652e-02, +3.1492e-02, +3.9168e-02, +3.1157e-02
+2.9737e-02, +5.9648e-02, +9.1288e-02, +1.1602e-01, +6.3856e-02, +4.6924e-02, +2.1143e-02, +5.8389e-02, +1.0845e-02, -1.0000e+00, -1.0581e-01, +6.1827e-02, +2.0873e-02, -2.2577e-03, +1.2604e-01, -1.5030e-02, +9.2475e-02, +1.2792e-01, -1.2635e-02, +3.6567e-03, -4.7293e-02, -4.9071e-02, +1.1776e-01, -9.0486e-02, +1.1118e-01, +4.9694e-02, -6.4987e-03, +8.9490e-02, +1.1522e-01, +1.8891e-02, -4.3455e-02, -1.0875e-02, -1.9146e-03, -5.7243e-03, +5.4452e-02, +2.8726e-03, +2.0968e-02, +2.2947e-02, +4.8049e-02, +3.0665e-02, +7.2853e-02, +4.2334e-02, +4.9172e-02, -1.3076e-02, +1.2924e-01, +2.5184e-02, +6.9775e-02, -4.6895e-02, +1.0659e-02, +2.6435e-02
-3.7333e-02, +1.2720e-01, -7.9591e-02, -3.8512e-02, -3.6322e-02, -1.4184e-01, -2.5672e-02, -5.9598e-02, +4.5224e-02, -1.0581e-01, -1.0000e+00, -5.8769e-02, -8.5502e-02, -1.9340e-02, -5.9413e-02, +1.8305e-02, +3.8909e-02, -6.0240e-02, -3.5711e-02, -2.2086e-02, +1.4924e-02, -1.3839e-02, +2.5864e-01, +1.8055e-02, -1.2169e-02, -5.5547e-02, -1.0577e-01, -5.3990e-02, -1.1253e-01, -5.7485e-02, -1.2086e-01, +3.9629e-02, +3.5719e-02, +8.3732e-03, +9.7021e-02, +1.0724e-02, -1.2773e-02, -4.2495e-02, -3.3650e-02, -1.2490e-02, -5.7842e-02, +1.9101e-02, -9.9454e-04, -9.3777e-02, -8.3631e-02, +5.7062e-02, -6.6740e-02, -1.6044e-02, -2.4053e-02, +5.5419e-03
-9.8736e-02, -4.9098e-02, -2.7480e-02, -5.8382e-02, -9.0374e-02, -4.8080e-02, +9.8115e-03, -3.8899e-02, +4.3372e-02, +6.1827e-02, -5.8769e-02, -1.0000e+00, -4.6005e-02, +4.6627e-02, +5.5684e-02, -2.0847e-02, +8.7961e-02, -1.5609e-01, +3.4810e-02, -2.9632e-03, +8.4752e-02, +1.7210e-02, +1.3820e-01, +4.4936e-03, -8.3476e-02, -2.4081e-02, -2.7952e-03, -1.6888e-02, +4.3638e-03, -3.1569e-03, -5.3269e-02, +4.6639e-02, +2.9328e-02, +9.6024e-03, +8.5337e-02, +1.4178e-01, -5.6092e-02, +2.3862e-02, -1.0589e-02, -5.8573e-02, +4.4347e-02, +1.7464e-02, -7.8713e-02, +8.0182e-02, -1.6074e-02, +3.3331e-02, +2.6378e-03, +1.2783e-01, -2.2042e-02, -6.5093e-02
-4.1892e-03, -8.6276e-03, -6.9267e-02, -5.4393e-02, -1.9747e-02, -4.0285e-02, +7.3711e-03, +3.1186e-02, +4.3518e-02, +2.0873e-02, -8.5502e-02, -4.6005e-02, -1.0000e+00, +7.5146e-02, +6.3815e-02, +1.4691e-03, +9.5823e-02, -4.6359e-02, -5.0971e-02, +2.0310e-02, +9.9302e-02, +4.5739e-02, +1.7890e-01, -4.7176e-02, -5.2163e-02, +3.3043e-02, -1.0720e-01, -1.3908e-02, -6.3457e-02, +1.2596e-02, +9.7103e-03, +4.6065e-02, +2.4072e-02, +4.5271e-02, -8.3502e-03, -3.4400e-02, -4.2711e-02, -1.2737e-03, +1.9496e-03, +2.0026e-02, -2.7988e-02, +1.6646e-02, -3.4962e-02, +6.2649e-03, -1.3902e-01, -2.6104e-02, +3.1651e-03, -8.8830e-02, +2.8732e-02, -4.2004e-02
+1.5941e-02, +4.3437e-02, -2.9472e-03, +1.8548e-02, +3.9511e-02, -2.9778e-02, +4.0645e-02, +1.1704e-02, +8.4541e-03, -2.2577e-03, -1.9340e-02, +4.6627e-02, +7.5146e-02, -1.0000e+00, -3.0884e-02, +9.0415e-02, +4.7518e-02, -3.4357e-02, -1.1288e-02, -1.9212e-02, +9.6838e-02, +6.2813e-02, +1.2892e-02, +5.1387e-02, +2.7440e-03, +3.3879e-02, -4.3873e-04, +4.4406e-02, +2.7549e-02, +7.4691e-02, +5.4672e-02, +8.8938e-02, +2.3978e-02, +2.1256e-02, +3.0344e-02, -2.1447e-01, -3.8184e-02, -1.9031e-02, -2.4940e-03, -4.7143e-02, -2.7391e-02, -4.4610e-02, +9.2208e-02, -2.4132e-02, -1.2438e-02, +1.9167e-02, +2.6039e-02, -2.3431e-01, -2.9224e-03, -2.7542e-02
+1.3859e-02, +3.7033e-02, +6.7516e-02, +5.2264e-02, -3.0806e-02, -8.6603e-02, +5.2724e-02, -2.3677e-02, -9.8228e-02, +1.2604e-01, -5.9413e-02, +5.5684e-02, +6.3815e-02, -3.0884e-02, -1.0000e+00, -1.1677e-02, -2.0563e-01, +1.2608e-01, -5.8945e-02, -4.3352e-02, -4.9340e-02, -2.1382e-03, -6.2477e-02, -2.0857e-02, +3.2491e-03, -5.6671e-03, -5.7153e-02, -2.3833e-02, -3.1587e-02, -3.5525e-02, +3.8250e-02, -4.0453e-02, +1.1606e-03, -6.1431e-03, -2.5089e-02, -3.0512e-02, +1.1970e-01, -3.0074e-02, +3.1445e-02, -4.2057e-02, -3.1416e-02, -6.3534e-02, +5.4646e-02, -1.7478e-02, +4.5180e-02, -1.6163e-03, -4.9508e-02, -3.6024e-02, +6.0515e-02, +5.6259e-02
-7.5126e-02, +3.7884e-02, -7.4594e-02, +3.2804e-02, -5.7503e-02, -2.1434e-02, +1.6848e-02, +3.6270e-02, -2.9535e-02, -1.5030e-02, +1.8305e-02, -2.0847e-02, +1.4691e-03, +9.0415e-02, -1.1677e-02, -1.0000e+00, -1.9951e-03, +4.6284e-02, +2.8397e-02, -7.4525e-02, +7.9014e-03, -2.6051e-02, -2.4817e-02, +6.1036e-03, -1.6959e-02, -2.1532e-02, -2.6037e-02, -1.2644e-02, -4.0927e-02, +1.8170e-02, -4.4505e-02, +5.9977e-02, -2.4632e-02, +3.7777e-02, +3.9649e-02, +1.2423e-01, -2.5840e-04, -2.3010e-02, -4.5966e-02, +7.3278e-02, -1.5765e-03, -6.5456e-03, +1.2265e-02, +1.8513e-02, -1.0726e-01, +6.3098e-03, +1.1682e-02, +7.6780e-02, -9.0100e-03, +1.2712e-02
+3.9091e-02, -5.1980e-03, +6.3479e-02, +6.2168e-02, +8.7543e-02, +1.8604e-01, +1.4168e-01, +1.7984e-01, -4.9978e-02, +9.2475e-02, +3.8909e-02, +8.7961e-02, +9.5823e-02, +4.7518e-02, -2.0563e-01, -1.9951e-03, -1.0000e+00, +7.6395e-02, +1.0494e-01, -7.2388e-03, -1.1879e-01, -9.8016e-02, +1.6604e-01, +1.3642e-01, +6.6840e-02, +7.9672e-02, +1.0317e-01, +2.7299e-02, +1.0971e-01, +2.0080e-02, +1.1678e-01, +2.1391e-02, -3.4663e-02, -1.8385e-02, -1.4944e-01, +5.0637e-02, -6.0132e-02, -2.1020e-02, +1.5172e-01, +2.9086e-02, +5.2903e-02, -1.1266e-03, +2.0096e-01, -6.0922e-02, +1.4753e-01, -1.6864e-02, -5.8764e-02, +1.6549e-02, +5.2154e-02, +1.0255e-01
+3.0070e-02, -2.7246e-02, +1.2667e-03, -3.9742e-02, -3.5813e-02, +5.3395e-02, -6.2159e-02, -8.1800e-02, +5.0325e-02, +1.2792e-01, -6.0240e-02, -1.5609e-01, -4.6359e-02, -3.4357e-02, +1.2608e-01, +4.6284e-02, +7.6395e-02, -1.0000e+00, -4.5132e-02, +1.0752e-02, -4.2865e-03, +3.8519e-02, +1.8630e-01, +3.8558e-02, +6.3686e-03, -1.7790e-02, +2.7692e-02, -1.0029e-01, -6.3040e-02, -4.9186e-02, +5.1438e-02, +7.2007e-02, +9.3294e-03, -5.1266e-02, -1.3055e-02, -1.1088e-01, -6.1730e-02, +7.1884e-02, +6.0216e-03, +1.4965e-01, +1.0637e-01, +1.2187e-01, +1.1264e-01, -1.4572e-02, -3.7385e-02, +1.0222e-01, -3.6522e-02, -3.2025e-02, +1.2878e-01, +1.2254e-01
-1.9352e-02, +1.8095e-02, +3.1541e-02, +7.0306e-03, -5.4534e-02, -1.2716e-02, -2.3694e-02, -3.2939e-02, +1.3125e-02, -1.2635e-02, -3.5711e-02, +3.4810e-02, -5.0971e-02, -1.1288e-02, -5.8945e-02, +2.8397e-02, +1.0494e-01, -4.5132e-02, -1.0000e+00, +1.0521e-02, +2.9764e-02, +4.4341e-02, +1.1810e-01, +2.7525e-02, -1.6243e-02, -3.2083e-02, -5.1517e-02, +1.0356e-01, +6.5348e-03, +5.2877e-02, -7.5245e-02, +1.7806e-02, -4.8448e-02, +8.0548e-02, +6.2434e-02, -8.4109e-02, +1.0410e-02, +2.8958e-02, -1.3906e-01, -6.0947e-02, -2.9578e-02, +4.7772e-02, -9.3090e-02, -1.9890e-02, +5.3457e-03, -2.0860e-02, +1.5815e-03, -9.2995e-02, -1.2924e-02, +5.2674e-02
+3.2876e-02, +1.3689e-02, +3.1338e-03, -6.4771e-03, -2.6176e-03, -7.3675e-02, +2.3649e-02, +3.4421e-02, -2.4442e-02, +3.6567e-03, -2.2086e-02, -2.9632e-03, +2.0310e-02, -1.9212e-02, -4.3352e-02, -7.4525e-02, -7.2388e-03, +1.0752e-02, +1.0521e-02, -1.0000e+00, -2.5620e-02, -7.8028e-02, -4.3626e-02, -1.0771e-02, -2.0242e-02, +2.3995e-02, -2.9743e-02, +2.2998e-02, -3.3721e-02, +5.5880e-02, +2.3413e-03, +2.4886e-02, +7.9593e-03, +1.6379e-02, +1.2636e-02, +1.1201e-02, +5.0963e-02, -3.2062e-03, -1.1250e-02, -1.4448e-02, +3.9897e-02, -2.1672e-02, +7.1413e-03, -2.3880e-02, +8.6551e-02, -8.2858e-03, +4.5815e-02, +1.4895e-02, -3.4625e-02, -6.9548e-02
+6.7763e-02, +7.1434e-02, +4.4995e-02, +6.3735e-02, +1.8451e-02, +8.4025e-02, +2.7808e-02, +7.0049e-02, +7.2325e-04, -4.7293e-02, +1.4924e-02, +8.4752e-02, +9.9302e-02, +9.6838e-02, -4.9340e-02, +7.9014e-03, -1.1879e-01, -4.2865e-03, +2.9764e-02, -2.5620e-02, -1.0000e+00, -4.7503e-02, -8.5156e-02, +7.3529e-02, +4.9956e-02, +3.7314e-02, +2.6882e-02, +5.5485e-02, +9.1921e-02, +3.9679e-03, +5.7530e-02, +2.7613e-02, +1.1294e-02, -3.8498e-02, -1.0619e-02, -1.2057e-01, +8.4366e-02, -2.0875e-02, +3.1596e-02, -5.2606e-02, -3.5076e-02, +1.2006e-01, +2.9871e-02, -4.6063e-02, -1.2520e-02, -1.1736e-02, +4.4668e-02, -6.2480e-02, +1.2112e-01, +1.1849e-02
+2.2773e-02, -1.8548e-02, -9.5228e-02, +5.1506e-02, +4.3194e-02, +1.0271e-02, +6.7394e-04, +5.1213e-02, +1.1968e-02, -4.9071e-02, -1.3839e-02, +1.7210e-02, +4.5739e-02, +6.2813e-02, -2.1382e-03, -2.6051e-02, -9.8016e-02, +3.8519e-02, +4.4341e-02, -7.8028e-02, -4.7503e-02, -1.0000e+00, -7.5911e-02, -6.4347e-02, -4.3487e-02, +2.3596e-02, +6.8324e-03, -4.5659e-03, +5.1051e-02, -1.3524e-02, +4.6123e-02, +4.7261e-02, -1.4985e-02, +2.4490e-03, +4.9170e-02, +9.9696e-02, +1.0902e-01, -5.4886e-02, +7.6321e-02, +4.4717e-02, +1.4350e-02, -7.8884e-04, +1.1239e-01, -6.4607e-02, -2.1109e-02, +2.0039e-03, +2.0465e-02, +1.0587e-02, +3.8378e-03, -6.5694e-02
+7.8588e-02, -2.8134e-02, +7.4197e-02, +9.1004e-02, +9.8615e-02, +1.3661e-01, +1.2467e-01, +1.2160e-01, -6.5396e-02, +1.1776e-01, +2.5864e-01, +1.3820e-01, +1.7890e-01, +1.2892e-02, -6.2477e-02, -2.4817e-02, +1.6604e-01, +1.8630e-01, +1.1810e-01, -4.3626e-02, -8.5156e-02, -7.5911e-02, -1.0000e+00, +3.1086e-02, +1.0309e-01, +7.6701e-03, +3.1896e-02, +8.9675e-02, +1.3859e-01, +4.3610e-02, +8.9762e-02, +1.4087e-02, -2.6840e-02, +2.6405e-03, -1.3126e-01, +5.4963e-02, +1.3517e-01, -3.2011e-02, +4.5254e-02, +4.4102e-03, -4.4981e-02, -3.2645e-02, +1.3494e-01, -7.1193e-02, +9.3451e-02, -7.4364e-02, +2.8347e-02, +2.7207e-02, +1.8800e-02, +1.1203e-01
-5.5679e-02, +2.7181e-02, -8.3305e-02, -5.1935e-02, -7.8031e-02, -2.2491e-02, -2.0298e-02, +2.0410e-02, +8.1285e-02, -9.0486e-02, +1.8055e-02, +4.4936e-03, -4.7176e-02, +5.1387e-02, -2.0857e-02, +6.1036e-03, +1.3642e-01, +3.8558e-02, +2.7525e-02, -1.0771e-02, +7.3529e-02, -6.4347e-02, +3.1086e-02, -1.0000e+00, -3.6821e-03, -7.8572e-03, -7.9474e-02, -1.2034e-02, +4.5751e-02, -2.0919e-02, -4.8126e-03, +8.2353e-03, +3.5767e-03, +5.0503e-03, +5.0331e-02, +1.0226e-01, +4.9734e-02, -3.0432e-02, +2.9858e-02, -1.6803e-02, +1.1939e-02, -4.2799e-02, -2.0697e-02, +2.8741e-03, +4.9444e-02, -4.6515e-02, +2.8351e-02, +2.3295e-02, -6.8280e-02, -7.1520e-02
-1.0553e-01, +5.6057e-02, -5.2499e-02, +3.7876e-02, -2.8870e-02, -5.9298e-02, -6.0169e-02, -6.3140e-03, +8.4917e-03, +1.1118e-01, -1.2169e-02, -8.3476e-02, -5.2163e-02, +2.7440e-03, +3.2491e-03, -1.6959e-02, +6.6840e-02, +6.3686e-03, -1.6243e-02, -2.0242e-02, +4.9956e-02, -4.3487e-02, +1.0309e-01, -3.6821e-03, -1.0000e+00, -6.7836e-02, -3.8678e-02, -2.0240e-02, -3.8440e-02, -1.4925e-02, -9.7138e-02, -6.7479e-02, -7.6244e-03, +1.9345e-02, +2.9601e-02, +5.4605e-02, -3.4673e-02, -4.1123e-02, -4.2254e-02, -4.5124e-03, -1.5892e-03, +2.2367e-02, -3.1824e-02, +4.4899e-02, -3.4537e-02, -4.3436e-02, -1.7316e-02, +6.8072e-02, -8.0269e-02, +2.5924e-02
-2.9770e-02, -7.4519e-02, -7.3377e-02, -6.9597e-02, +6.8635e-03, +2.6452e-02, -1.3691e-02, -7.8400e-02, +3.2040e-02, +4.9694e-02, -5.5547e-02, -2.4081e-02, +3.3043e-02, +3.3879e-02, -5.6671e-03, -2.1532e-02, +7.9672e-02, -1.7790e-02, -3.2083e-02, +2.3995e-02, +3.7314e-02, +2.3596e-02, +7.6701e-03, -7.8572e-03, -6.7836e-02, -1.0000e+00, -4.2359e-02, +8.6462e-02, +5.6462e-02, -2.3592e-02, +3.7837e-02, +1.8499e-02, +9.2504e-03, -5.0638e-02, -2.0904e-02, -1.6866e-01, +1.0436e-01, +5.9004e-02, -3.7992e-02, +1.6183e-02, -1.0915e-02, +3.1456e-02, -9.4268e-03, -1.6962e-02, -6.8881e-02, +5.1152e-02, +2.7112e-02, -1.8203e-01, -3.5478e-02, +9.1649e-03
-7.6643e-03, +2.3456e-02, -4.0209e-02, +6.5410e-02, +8.5991e-03, -7.9467e-02, -3.7058e-04, -1.2428e-01, +2.5464e-02, -6.4987e-03, -1.0577e-01, -2.7952e-03, -1.0720e-01, -4.3872e-04, -5.7153e-02, -2.6037e-02, +1.0317e-01, +2.7692e-02, -5.1517e-02, -2.9743e-02, +2.6882e-02, +6.8324e-03, +3.1896e-02, -7.9474e-02, -3.8678e-02, -4.2359e-02, -1.0000e+00, +1.5409e-02, -9.1209e-02, +1.2503e-02, -6.2546e-02, +1.4726e-01, +4.7559e-02, +2.3497e-02, +5.4056e-02, -1.2381e-01, +2.5502e-02, -3.5383e-02, -1.0440e-01, -4.2351e-02, -7.4047e-02, -1.0004e-01, +2.3168e-02, -3.3178e-02, -7.4434e-02, +1.8407e-02, -5.3475e-03, -1.9317e-01, +2.9853e-02, +1.7840e-03
-8.0024e-02, +1.0113e-02, -2.0876e-02, -5.0776e-02, -1.0794e-01, -7.4287e-02, +1.4590e-02, -6.9044e-02, -2.6670e-02, +8.9490e-02, -5.3990e-02, -1.6888e-02, -1.3908e-02, +4.4406e-02, -2.3833e-02, -1.2644e-02, +2.7299e-02, -1.0029e-01, +1.0356e-01, +2.2998e-02, +5.5485e-02, -4.5659e-03, +8.9675e-02, -1.2034e-02, -2.0240e-02, +8.6462e-02, +1.5409e-02, -1.0000e+00, -8.9469e-02, +6.4211e-02, -8.1165e-02, -4.6594e-02, +7.5869e-02, +5.2423e-02, +1.2450e-01, +9.2531e-02, -2.4750e-02, -8.9121e-02, -6.1595e-03, -9.0012e-03, -1.1021e-02, +3.9125e-02, -1.4269e-02, +2.8180e-02, +1.3820e-02, -8.8494e-03, -2.5701e-02, +1.3254e-01, -6.8596e-04, -1.9026e-02
-7.2574e-02, +3.0866e-02, -3.3229e-02, -9.5956e-02, -7.8053e-02, -1.7136e-01, -2.1394e-02, +1.7321e-02, +4.5614e-02, +1.1522e-01, -1.1253e-01, +4.3638e-03, -6.3457e-02, +2.7549e-02, -3.1587e-02, -4.0927e-02, +1.0971e-01, -6.3040e-02, +6.5348e-03, -3.3721e-02, +9.1921e-02, +5.1051e-02, +1.3859e-01, +4.5751e-02, -3.8440e-02, +5.6462e-02, -9.1209e-02, -8.9469e-02, -1.0000e+00, -5.3142e-03, -1.0640e-01, -7.6202e-02, +5.7674e-02, +1.7277e-02, -7.9356e-03, +1.2048e-01, -6.0124e-02, -1.1128e-01, -1.0787e-01, -3.4411e-02, +5.5273e-02, +6.1682e-02, -8.2878e-02, +2.8144e-02, +1.2253e-02, +7.5664e-02, +7.4759e-03, +1.8923e-01, -4.8794e-02, -2.3883e-02
+5.4945e-02, +2.3832e-02, +3.9685e-02, -1.3704e-02, -4.5577e-02, -2.6204e-02, +3.6876e-02, -1.4999e-02, -2.2670e-03, +1.8891e-02, -5.7485e-02, -3.1569e-03, +1.2596e-02, +7.4691e-02, -3.5525e-02, +1.8170e-02, +2.0080e-02, -4.9186e-02, +5.2877e-02, +5.5880e-02, +3.9679e-03, -1.3524e-02, +4.3610e-02, -2.0919e-02, -1.4925e-02, -2.3592e-02, +1.2503e-02, +6.4211e-02, -5.3142e-03, -1.0000e+00, +4.3469e-02, -1.9757e-02, -1.8995e-03, +7.8014e-04, -8.3465e-03, -2.4681e-02, -4.2699e-02, -2.3230e-02, -4.9405e-03, -8.7153e-02, +7.8752e-02, +1.0668e-02, +1.2164e-03, -7.9578e-03, -1.9360e-02, +5.9143e-02, +3.4041e-02, -1.2730e-02, -3.6688e-02, +3.9638e-02
-1.8756e-01, +1.4234e-01, +7.2807e-02, -4.2449e-02, -1.4236e-02, -9.5790e-02, +2.6465e-02, +2.6680e-02, -2.8221e-02, -4.3455e-02, -1.2086e-01, -5.3269e-02, +9.7103e-03, +5.4672e-02, +3.8250e-02, -4.4505e-02, +1.1678e-01, +5.1438e-02, -7.5245e-02, +2.3413e-03, +5.7530e-02, +4.6123e-02, +8.9762e-02, -4.8126e-03, -9.7138e-02, +3.7837e-02, -6.2546e-02, -8.1165e-02, -1.0640e-01, +4.3469e-02, -1.0000e+00, +1.1916e-02, +5.7415e-02, +5.0176e-02, +1.3067e-01, +2.5821e-01, -7.7139e-02, -1.6283e-01, -8.2892e-02, -7.0478e-03, -1.5224e-02, +5.7882e-03, -1.5219e-01, -3.8250e-03, +3.5824e-02, -1.6720e-02, -3.1108e-02, +3.2940e-01, +5.7925e-02, -1.2423e-01
-8.3648e-02, +3.0611e-02, +4.3632e-02, +4.6636e-02, -8.4520e-02, +3.8534e-02, +2.2586e-02, +7.3655e-02, -9.1009e-02, -1.0875e-02, +3.9629e-02, +4.6639e-02, +4.6065e-02, +8.8938e-02, -4.0453e-02, +5.9977e-02, +2.1391e-02, +7.2007e-02, +1.7806e-02, +2.4886e-02, +2.7613e-02, +4.7261e-02, +1.4087e-02, +8.2353e-03, -6.7479e-02, +1.8499e-02, +1.4726e-01, -4.6594e-02, -7.6203e-02, -1.9757e-02, +1.1916e-02, -1.0000e+00, -1.3306e-02, +4.6113e-02, -8.5416e-02, +1.6952e-01, -9.9464e-03, -4.5862e-02, +2.0837e-02, +9.4086e-02, +4.2414e-02, +4.4635e-02, +8.0087e-02, +4.3209e-02, -3.1333e-03, +3.8989e-02, +3.5593e-02, +3.0287e-01, -1.8008e-01, +1.5915e-01
-5.3784e-02, -1.1814e-02, -7.5596e-02, -9.8060e-03, -1.3330e-02, +3.4503e-02, -6.5776e-03, +4.5536e-02, -7.6947e-03, -1.9146e-03, +3.5719e-02, +2.9328e-02, +2.4072e-02, +2.3978e-02, +1.1606e-03, -2.4632e-02, -3.4663e-02, +9.3294e-03, -4.8448e-02, +7.9593e-03, +1.1294e-02, -1.4985e-02, -2.6840e-02, +3.5767e-03, -7.6244e-03, +9.2504e-03, +4.7559e-02, +7.5869e-02, +5.7674e-02, -1.8995e-03, +5.7415e-02, -1.3306e-02, -1.0000e+00, -5.8691e-03, -4.7125e-02, +6.5944e-02, -1.8269e-02, +5.8506e-03, +6.2802e-02, -5.0468e-02, +1.2937e-02, +3.5580e-02, -3.8058e-02, +4.3967e-02, +6.5261e-03, -2.5952e-02, +3.1856e-02, +2.3032e-02, +4.9237e-04, +2.0710e-02
+8.8808e-02, -2.5848e-02, +1.4779e-02, -1.9766e-02, +1.4331e-02, +5.0518e-02, +2.7189e-02, -5.3022e-02, +5.3632e-02, -5.7243e-03, +8.3732e-03, +9.6024e-03, +4.5271e-02, +2.1256e-02, -6.1431e-03, +3.7777e-02, -1.8385e-02, -5.1266e-02, +8.0548e-02, +1.6379e-02, -3.8498e-02, +2.4490e-03, +2.6405e-03, +5.0503e-03, +1.9345e-02, -5.0638e-02, +2.3497e-02, +5.2423e-02, +1.7277e-02, +7.8014e-04, +5.0176e-02, +4.6113e-02, -5.8691e-03, -1.0000e+00, +1.6606e-02, -1.4353e-01, +4.7887e-02, +6.7157e-02, -6.2080e-03, +3.0265e-03, -3.0691e-02, +3.1484e-02, -6.7939e-02, -1.9684e-02, -3.7681e-02, +5.6064e-02, +6.5972e-03, -8.8392e-02, +5.0108e-02, +8.5121e-02
-1.3772e-02, -8.3624e-03, +4.4605e-03, +7.7606e-02, -6.5594e-03, +5.3963e-02, +5.9128e-02, +1.1215e-01, -2.0986e-03, +5.4452e-02, +9.7021e-02, +8.5337e-02, -8.3502e-03, +3.0344e-02, -2.5089e-02, +3.9649e-02, -1.4944e-01, -1.3055e-02, +6.2434e-02, +1.2636e-02, -1.0619e-02, +4.9170e-02, -1.3126e-01, +5.0331e-02, +2.9601e-02, -2.0904e-02, +5.4056e-02, +1.2450e-01, -7.9356e-03, -8.3465e-03, +1.3067e-01, -8.5416e-02, -4.7125e-02, +1.6606e-02, -1.0000e+00, +3.7485e-02, -6.7432e-02, -6.3275e-03, +6.8314e-03, -8.0819e-03, +7.9618e-02, +4.7358e-02, +9.0598e-02, -1.2612e-02, +6.4006e-02, +5.9502e-03, -2.9499e-03, +1.3457e-02, -1.8834e-02, +1.2178e-01
+3.3133e-01, -2.0002e-01, +1.5562e-01, +1.3447e-02, +9.1161e-02, +2.6248e-02, -6.3963e-03, -1.9938e-01, +3.2897e-02, +2.8726e-03, +1.0724e-02, +1.4178e-01, -3.4400e-02, -2.1447e-01, -3.0512e-02, +1.2423e-01, +5.0636e-02, -1.1088e-01, -8.4109e-02, +1.1201e-02, -1.2057e-01, +9.9696e-02, +5.4963e-02, +1.0226e-01, +5.4605e-02, -1.6866e-01, -1.2381e-01, +9.2531e-02, +1.2048e-01, -2.4681e-02, +2.5821e-01, +1.6952e-01, +6.5944e-02, -1.4353e-01, +3.7485e-02, -1.0000e+00, +1.9552e-01, +1.7742e-01, -4.9906e-02, -3.8483e-02, -8.5562e-02, -1.4019e-01, +6.6930e-02, -1.0246e-01, -1.9064e-01, +1.1960e-02, +1.7373e-02, -7.1889e-01, +2.1579e-01, +1.7465e-01
+4.7405e-02, +4.5447e-02, +5.9812e-02, +3.0329e-02, +1.5751e-03, -2.5774e-02, -2.2403e-02, +1.6175e-02, +7.3091e-02, +2.0968e-02, -1.2773e-02, -5.6092e-02, -4.2711e-02, -3.8184e-02, +1.1970e-01, -2.5840e-04, -6.0132e-02, -6.1730e-02, +1.0410e-02, +5.0963e-02, +8.4366e-02, +1.0902e-01, +1.3517e-01, +4.9734e-02, -3.4673e-02, +1.0436e-01, +2.5502e-02, -2.4750e-02, -6.0124e-02, -4.2699e-02, -7.7139e-02, -9.9464e-03, -1.8269e-02, +4.7887e-02, -6.7432e-02, +1.9552e-01, -1.0000e+00, +4.0514e-02, -2.0100e-02, +9.8577e-02, -2.8444e-02, +1.8507e-02, +6.3019e-03, +1.0597e-01, +1.8071e-02, +6.7045e-02, +4.1433e-02, +2.5884e-01, -6.0356e-02, -4.6763e-02
-8.7293e-02, +8.1979e-02, +5.3680e-02, -3.2768e-02, +1.0169e-01, -7.4718e-02, -4.5168e-02, -5.1045e-02, -1.6195e-02, +2.2947e-02, -4.2495e-02, +2.3862e-02, -1.2737e-03, -1.9031e-02, -3.0074e-02, -2.3010e-02, -2.1020e-02, +7.1884e-02, +2.8958e-02, -3.2062e-03, -2.0875e-02, -5.4886e-02, -3.2011e-02, -3.0432e-02, -4.1123e-02, +5.9004e-02, -3.5383e-02, -8.9121e-02, -1.1128e-01, -2.3230e-02, -1.6283e-01, -4.5862e-02, +5.8506e-03, +6.7157e-02, -6.3275e-03, +1.7742e-01, +4.0514e-02, -1.0000e+00, +5.3400e-02, +2.1645e-02, +6.5708e-02, +9.5801e-03, +1.9286e-03, -1.8821e-02, +2.0898e-02, -4.4770e-02, +4.1117e-02, +1.5087e-01, -7.6039e-02, -2.8356e-02
-6.2466e-02, -2.2861e-02, -1.9915e-03, -5.4559e-03, -2.0001e-02, -5.7805e-02, -2.2963e-02, -6.5809e-02, +6.2844e-02, +4.8049e-02, -3.3650e-02, -1.0589e-02, +1.9496e-03, -2.4940e-03, +3.1445e-02, -4.5966e-02, +1.5172e-01, +6.0216e-03, -1.3906e-01, -1.1250e-02, +3.1596e-02, +7.6321e-02, +4.5254e-02, +2.9858e-02, -4.2254e-02, -3.7992e-02, -1.0440e-01, -6.1595e-03, -1.0787e-01, -4.9405e-03, -8.2892e-02, +2.0837e-02, +6.2802e-02, -6.2080e-03, +6.8315e-03, -4.9906e-02, -2.0100e-02, +5.3400e-02, -1.0000e+00, -2.7832e-02, +1.7799e-02, -5.2146e-03, -4.3499e-02, +1.1225e-01, +2.4368e-02, +1.5596e-02, -1.5889e-02, -1.7148e-02, -2.5657e-02, -2.1681e-02
+2.4525e-02, -6.1089e-03, -4.4104e-03, -4.6033e-02, -4.5661e-02, -7.1812e-02, -1.4984e-02, -7.3527e-02, -3.5193e-02, +3.0665e-02, -1.2490e-02, -5.8573e-02, +2.0026e-02, -4.7143e-02, -4.2057e-02, +7.3278e-02, +2.9086e-02, +1.4965e-01, -6.0947e-02, -1.4448e-02, -5.2606e-02, +4.4717e-02, +4.4102e-03, -1.6803e-02, -4.5124e-03, +1.6183e-02, -4.2351e-02, -9.0012e-03, -3.4411e-02, -8.7153e-02, -7.0478e-03, +9.4086e-02, -5.0468e-02, +3.0265e-03, -8.0819e-03, -3.8483e-02, +9.8577e-02, +2.1645e-02, -2.7832e-02, -1.0000e+00, +1.0521e-02, +4.5895e-02, -7.1052e-02, +5.0126e-02, +4.2969e-02, -7.5285e-02, -8.6198e-03, -2.2091e-02, -7.2954e-02, -3.6582e-02
+3.3885e-02, +6.8050e-03, -9.3936e-02, +7.2932e-02, +2.1452e-02, -2.6177e-02, -4.2712e-02, -1.0095e-01, +6.3898e-02, +7.2853e-02, -5.7842e-02, +4.4347e-02, -2.7988e-02, -2.7391e-02, -3.1416e-02, -1.5765e-03, +5.2903e-02, +1.0637e-01, -2.9578e-02, +3.9897e-02, -3.5076e-02, +1.4350e-02, -4.4981e-02, +1.1939e-02, -1.5892e-03, -1.0915e-02, -7.4047e-02, -1.1021e-02, +5.5273e-02, +7.8752e-02, -1.5224e-02, +4.2414e-02, +1.2937e-02, -3.0691e-02, +7.9618e-02, -8.5562e-02, -2.8444e-02, +6.5708e-02, +1.7799e-02, +1.0521e-02, -1.0000e+00, -1.1119e-01, -4.9954e-02, -3.6349e-03, -7.0079e-02, -3.7032e-02, +2.7218e-02, -1.3120e-01, +7.4983e-03, -4.5460e-02
+1.3850e-02, +2.0516e-02, -3.7841e-02, +3.5604e-02, +8.6933e-03, -3.7007e-02, -9.4933e-03, -3.4095e-02, -3.2266e-03, +4.2334e-02, +1.9101e-02, +1.7464e-02, +1.6646e-02, -4.4610e-02, -6.3534e-02, -6.5456e-03, -1.1266e-03, +1.2187e-01, +4.7772e-02, -2.1672e-02, +1.2006e-01, -7.8883e-04, -3.2645e-02, -4.2799e-02, +2.2367e-02, +3.1456e-02, -1.0004e-01, +3.9125e-02, +6.1682e-02, +1.0668e-02, +5.7882e-03, +4.4635e-02, +3.5580e-02, +3.1484e-02, +4.7358e-02, -1.4019e-01, +1.8507e-02, +9.5801e-03, -5.2146e-03, +4.5895e-02, -1.1119e-01, -1.0000e+00, +3.4727e-02, +4.8229e-04, -5.0037e-02, -2.2889e-02, +1.2500e-02, -1.7887e-01, +6.3852e-02, -2.8911e-02
-8.0125e-02, -5.8039e-03, +5.8727e-02, -7.1502e-02, -7.1139e-02, -1.0658e-01, -4.8411e-02, -1.5159e-02, +3.7058e-02, +4.9172e-02, -9.9454e-04, -7.8713e-02, -3.4962e-02, +9.2208e-02, +5.4646e-02, +1.2265e-02, +2.0096e-01, +1.1264e-01, -9.3090e-02, +7.1413e-03, +2.9871e-02, +1.1239e-01, +1.3494e-01, -2.0697e-02, -3.1824e-02, -9.4268e-03, +2.3168e-02, -1.4269e-02, -8.2878e-02, +1.2164e-03, -1.5219e-01, +8.0087e-02, -3.8058e-02, -6.7939e-02, +9.0598e-02, +6.6930e-02, +6.3019e-03, +1.9286e-03, -4.3499e-02, -7.1052e-02, -4.9954e-02, +3.4727e-02, -1.0000e+00, +1.6032e-01, +6.5583e-02, -9.3811e-02, -1.4526e-02, +2.4570e-01, +3.8685e-02, -1.3880e-01
+6.7207e-02, +8.2006e-02, -2.9465e-02, -4.9481e-02, +4.6194e-02, +3.6661e-02, +2.0932e-02, +4.0873e-03, -3.6345e-02, -1.3076e-02, -9.3777e-02, +8.0182e-02, +6.2649e-03, -2.4132e-02, -1.7478e-02, +1.8513e-02, -6.0922e-02, -1.4572e-02, -1.9890e-02, -2.3880e-02, -4.6063e-02, -6.4607e-02, -7.1193e-02, +2.8741e-03, +4.4899e-02, -1.6962e-02, -3.3178e-02, +2.8180e-02, +2.8144e-02, -7.9578e-03, -3.8250e-03, +4.3209e-02, +4.3967e-02, -1.9684e-02, -1.2612e-02, -1.0246e-01, +1.0597e-01, -1.8821e-02, +1.1225e-01, +5.0126e-02, -3.6349e-03, +4.8229e-04, +1.6032e-01, -1.0000e+00, -6.0750e-02, +1.4662e-02, +2.6204e-02, -8.1148e-02, -8.0858e-03, +4.9900e-02
+3.1051e-02, -1.4066e-02, -8.1885e-02, -4.8768e-02, -1.1835e-02, -3.8764e-02, -5.9883e-02, -1.0389e-01, -1.6391e-02, +1.2924e-01, -8.3631e-02, -1.6074e-02, -1.3902e-01, -1.2438e-02, +4.5180e-02, -1.0726e-01, +1.4753e-01, -3.7385e-02, +5.3457e-03, +8.6551e-02, -1.2520e-02, -2.1109e-02, +9.3451e-02, +4.9444e-02, -3.4537e-02, -6.8881e-02, -7.4434e-02, +1.3820e-02, +1.2253e-02, -1.9360e-02, +3.5824e-02, -3.1333e-03, +6.5261e-03, -3.7681e-02, +6.4006e-02, -1.9064e-01, +1.8071e-02, +2.0898e-02, +2.4368e-02, +4.2969e-02, -7.0080e-02, -5.0037e-02, +6.5583e-02, -6.0750e-02, -1.0000e+00, +3.0217e-02, -2.1594e-02, -1.6987e-01, -2.1629e-03, +6.7253e-02
-1.6625e-02, -7.5641e-03, +5.1229e-04, -3.9124e-02, -2.8975e-02, +4.6297e-04, +2.3531e-02, +1.1797e-01, +4.8200e-02, +2.5184e-02, +5.7062e-02, +3.3331e-02, -2.6104e-02, +1.9167e-02, -1.6163e-03, +6.3098e-03, -1.6864e-02, +1.0222e-01, -2.0860e-02, -8.2858e-03, -1.1736e-02, +2.0039e-03, -7.4364e-02, -4.6515e-02, -4.3436e-02, +5.1152e-02, +1.8407e-02, -8.8494e-03, +7.5664e-02, +5.9143e-02, -1.6720e-02, +3.8989e-02, -2.5952e-02, +5.6064e-02, +5.9502e-03, +1.1960e-02, +6.7045e-02, -4.4770e-02, +1.5596e-02, -7.5285e-02, -3.7032e-02, -2.2889e-02, -9.3811e-02, +1.4662e-02, +3.0217e-02, -1.0000e+00, -2.5221e-02, +3.6785e-02, -1.6328e-02, +1.2642e-02
-7.4793e-02, +4.2759e-02, +5.1702e-02, -1.6054e-03, +2.1057e-02, -9.5077e-02, +4.1591e-02, -9.6444e-02, -1.5652e-02, +6.9775e-02, -6.6740e-02, +2.6378e-03, +3.1651e-03, +2.6039e-02, -4.9508e-02, +1.1682e-02, -5.8764e-02, -3.6522e-02, +1.5815e-03, +4.5815e-02, +4.4668e-02, +2.0465e-02, +2.8347e-02, +2.8351e-02, -1.7316e-02, +2.7112e-02, -5.3476e-03, -2.5701e-02, +7.4759e-03, +3.4041e-02, -3.1108e-02, +3.5593e-02, +3.1856e-02, +6.5972e-03, -2.9499e-03, +1.7373e-02, +4.1433e-02, +4.1117e-02, -1.5889e-02, -8.6198e-03, +2.7218e-02, +1.2500e-02, -1.4526e-02, +2.6204e-02, -2.1594e-02, -2.5221e-02, -1.0000e+00, +3.9044e-02, +2.5108e-02, +2.0710e-02
+2.4045e-01, -1.1629e-01, -1.5866e-02, +6.2256e-03, +1.5815e-01, +4.7899e-02, -7.3357e-02, -2.3203e-01, +3.1492e-02, -4.6895e-02, -1.6044e-02, +1.2783e-01, -8.8830e-02, -2.3431e-01, -3.6024e-02, +7.6780e-02, +1.6549e-02, -3.2025e-02, -9.2995e-02, +1.4895e-02, -6.2480e-02, +1.0587e-02, +2.7207e-02, +2.3295e-02, +6.8072e-02, -1.8203e-01, -1.9317e-01, +1.3254e-01, +1.8923e-01, -1.2730e-02, +3.2940e-01, +3.0287e-01, +2.3032e-02, -8.8392e-02, +1.3457e-02, -7.1889e-01, +2.5884e-01, +1.5087e-01, -1.7148e-02, -2.2091e-02, -1.3120e-01, -1.7887e-01, +2.4570e-01, -8.1148e-02, -1.6987e-01, +3.6785e-02, +3.9044e-02, -1.0000e+00, +9.4378e-02, +1.1393e-01
-1.3793e-01, +7.4335e-03, -6.5958e-02, -3.4201e-02, -9.7121e-02, +2.7209e-03, -8.9510e-03, -1.0948e-02, +3.9168e-02, +1.0659e-02, -2.4053e-02, -2.2042e-02, +2.8732e-02, -2.9224e-03, +6.0515e-02, -9.0100e-03, +5.2154e-02, +1.2878e-01, -1.2924e-02, -3.4625e-02, +1.2112e-01, +3.8378e-03, +1.8800e-02, -6.8280e-02, -8.0269e-02, -3.5478e-02, +2.9853e-02, -6.8595e-04, -4.8794e-02, -3.6688e-02, +5.7925e-02, -1.8008e-01, +4.9237e-04, +5.0108e-02, -1.8834e-02, +2.1579e-01, -6.0356e-02, -7.6039e-02, -2.5657e-02, -7.2954e-02, +7.4983e-03, +6.3852e-02, +3.8685e-02, -8.0858e-03, -2.1629e-03, -1.6328e-02, +2.5108e-02, +9.4378e-02, -1.0000e+00, +2.2644e-02
-2.3902e-02, +3.8109e-02, -2.7376e-02, +2.6255e-03, +4.5135e-02, -8.6894e-02, -7.5406e-02, +3.8669e-03, +3.1157e-02, +2.6435e-02, +5.5419e-03, -6.5093e-02, -4.2004e-02, -2.7542e-02, +5.6259e-02, +1.2712e-02, +1.0255e-01, +1.2254e-01, +5.2674e-02, -6.9548e-02, +1.1849e-02, -6.5694e-02, +1.1203e-01, -7.1520e-02, +2.5924e-02, +9.1649e-03, +1.7839e-03, -1.9026e-02, -2.3883e-02, +3.9638e-02, -1.2423e-01, +1.5915e-01, +2.0710e-02, +8.5121e-02, +1.2178e-01, +1.7465e-01, -4.6763e-02, -2.8356e-02, -2.1681e-02, -3.6582e-02, -4.5460e-02, -2.8911e-02, -1.3880e-01, +4.9900e-02, +6.7253e-02, +1.2642e-02, +2.0710e-02, +1.1393e-01, +2.2644e-02, -1.0000e+00
