-1.0000e+00, -1.4594e-02, +1.8296e-02, -4.4303e-02, -3.4107e-02, +1.5920e-02, +2.2165e-02, -1.6918e-02, -1.3043e-01, +2.3961e-02, -2.8306e-02, -4.2365e-02, +6.1255e-02, -1.5310e-01, +3.5922e-03, -3.6746e-02, -2.4802e-03, -2.3604e-02, -1.5017e-02, +2.1206e-02, +1.6308e-02, -3.3470e-03, -1.1784e-02, -3.5451e-02, +2.9780e-02, -1.3714e-01, +9.1132e-03, -5.5400e-02, -2.1311e-02, -3.2315e-02, -1.1380e-01, -5.9836e-02, -3.9630e-02, -2.2730e-03, +1.0818e-02, +3.0994e-02, +1.4185e-01, -3.3980e-02, -5.6158e-02, +1.5915e-01, +7.9515e-02, -7.9613e-03, +5.7383e-02, +2.2175e-02, -1.3944e-01, +2.7478e-02, -1.0509e-01, +3.0034e-01, -5.5769e-03, -1.0882e-01
-1.4594e-02, -1.0000e+00, -7.1241e-02, +9.7238e-02, -2.8316e-02, +6.3412e-02, +7.0168e-02, +1.7176e-01, +3.8670e-02, +4.4735e-02, +9.0998e-02, -1.2848e-01, +9.5054e-02, +4.4574e-02, +8.8070e-02, +1.7410e-01, +3.7049e-02, +4.9978e-02, -6.2384e-02, -3.1776e-02, +7.0514e-02, +9.7171e-02, +4.2693e-02, +1.0232e-01, -1.7605e-02, +2.0829e-02, +2.9621e-02, +5.4231e-02, +4.3406e-02, +3.8928e-02, +1.0837e-01, +9.9212e-02, -3.5576e-03, -3.4832e-02, -1.6335e-02, +1.8433e-02, -1.3856e-01, -5.6293e-02, +4.6879e-02, +5.0171e-02, +1.1041e-01, +1.2123e-02, -4.1675e-02, +1.4833e-01, -1.3297e-01, -6.0881e-02, -7.9572e-02, -2.2389e-01, +1.6174e-02, -7.7719e-02
+1.8296e-02, -7.1241e-02, -1.0000e+00, -2.7203e-02, -2.5966e-02, -3.3916e-02, -3.1306e-02, +5.1887e-02, -1.2242e-01, +4.6099e-02, -4.6745e-02, -4.6559e-02, -4.0637e-02, +5.9836e-02, +1.1470e-02, +7.3378e-02, +1.4700e-02, +1.3187e-02, -2.5092e-02, -1.4416e-02, -7.2847e-03, +5.6521e-02, +2.8308e-02, -2.3449e-02, -5.7852e-02, -9.6073e-02, -1.1106e-01, -9.0104e-02, +1.7424e-02, -1.2748e-02, +1.1021e-03, +6.7596e-02, -3.8183e-02, +1.9993e-03, +2.8613e-02, +2.0296e-02, -1.1215e-01, +6.9034e-02, -1.6892e-02, -1.8078e-02, +2.9867e-02, -2.7105e-02, -7.4049e-02, -1.4531e-01, -2.6212e-02, -3.6399e-02, +6.2049e-02, +2.3652e-02, +8.4708e-03, +1.5043e-01
-4.4303e-02, +9.7238e-02, -2.7203e-02, -1.0000e+00, -2.3567e-02, -1.6676e-01, -7.1928e-02, +2.5801e-02, +3.8322e-02, +4.6195e-02, -1.6771e-01, -3.8484e-02, -9.9437e-02, -1.4087e-02, -5.2885e-02, +1.5567e-01, +4.8327e-02, -1.2792e-01, -6.6225e-02, +3.6384e-02, +7.9773e-02, +5.4827e-02, +3.2721e-02, -5.7665e-02, -1.3288e-01, -2.7619e-01, -1.2035e-01, -2.2304e-01, -1.6297e-01, -2.1440e-01, -1.4286e-01, -8.8474e-02, +1.3467e-01, -7.8354e-03, +5.1137e-02, +7.0083e-03, +1.2731e-02, +6.7180e-03, -5.0850e-02, +3.7117e-02, -3.7757e-02, +1.3839e-02, -1.8381e-02, -8.8204e-02, -1.1243e-01, -9.4265e-02, -6.8544e-02, +2.9729e-02, -1.4302e-02, -1.5792e-02
-3.4107e-02, -2.8316e-02, -2.5966e-02, -2.3567e-02, -1.0000e+00, +4.1281e-02, +1.8041e-02, -1.9931e-02, +1.9891e-02, +2.9611e-02, -4.5475e-02, -1.9922e-02, -4.7680e-03, -2.6756e-02, -1.1015e-01, +1.8965e-02, +5.3539e-02, +5.9544e-02, -1.1491e-01, -2.6698e-02, +1.4898e-03, +6.4951e-02, +6.1656e-02, -9.7091e-02, -2.1378e-02, -8.3995e-02, -6.0593e-02, -5.1674e-02, -3.2019e-02, -1.3862e-01, +2.4086e-02, -1.3635e-02, +2.1161e-03, -3.3771e-03, -8.7916e-02, +3.0336e-02, -5.5182e-03, -2.8186e-02, -3.2441e-02, +4.6014e-02, +3.0264e-02, +4.9611e-02, -3.4014e-02, -7.1782e-02, -1.3280e-01, -2.2724e-02, -5.0170e-02, +1.6192e-01, -1.7706e-03, -3.9099e-02
+1.5920e-02, +6.3412e-02, -3.3916e-02, -1.6676e-01, +4.1282e-02, -1.0000e+00, -4.3414e-02, +4.0843e-02, -2.2468e-04, +4.7491e-02, -1.3130e-01, -6.2703e-02, -8.8443e-02, -8.2707e-02, -1.0127e-01, +1.3823e-01, +1.2077e-02, +5.7739e-03, -2.0957e-01, -2.5456e-02, +2.4726e-02, -7.1370e-02, +3.0630e-02, -1.0439e-01, -9.9289e-02, -2.3763e-02, -1.8764e-01, -5.4557e-02, -1.1033e-01, -5.6402e-02, -1.4268e-01, -6.0246e-02, +7.9077e-02, +6.6174e-03, -1.9398e-02, -1.2703e-02, +2.0623e-01, -1.4289e-01, -6.3317e-02, -2.7390e-02, -5.1710e-02, +1.7615e-02, -1.4827e-02, -1.0752e-01, -8.4886e-02, -8.0917e-02, -1.6953e-01, -5.5327e-02, -2.0924e-02, +5.8705e-03
+2.2165e-02, +7.0168e-02, -3.1306e-02, -7.1928e-02, +1.8041e-02, -4.3414e-02, -1.0000e+00, +7.0795e-02, +7.2395e-02, +2.9369e-02, -2.3007e-02, -1.0221e-01, -3.9041e-02, +4.2309e-03, +1.0625e-02, +1.8292e-02, +8.3709e-02, -5.9182e-04, +3.3802e-02, -7.4639e-03, -4.6878e-02, +2.0450e-02, +9.4055e-02, +5.6835e-02, -4.5918e-05, -4.1063e-02, -1.9606e-02, -7.2488e-02, +4.1841e-02, +1.2573e-03, -1.3008e-02, -6.2097e-02, -3.2048e-02, +2.8068e-03, +5.0948e-02, -1.3530e-02, +1.4749e-02, -1.6131e-02, -4.6224e-02, +4.3894e-02, -2.0647e-02, +1.4356e-02, -2.7158e-02, +1.8085e-02, -2.0598e-02, -6.6354e-02, -5.3323e-02, -5.4559e-02, -2.5877e-02, -3.5154e-02
-1.6918e-02, +1.7176e-01, +5.1887e-02, +2.5801e-02, -1.9931e-02, +4.0843e-02, +7.0795e-02, -1.0000e+00, +6.1433e-03, +6.4846e-02, +5.0803e-02, +1.8257e-02, -2.4722e-03, -4.1709e-02, +2.9819e-02, +6.4548e-02, +5.9245e-02, +1.1047e-02, +8.7814e-02, +9.0650e-02, +2.1874e-02, +7.0120e-02, +6.9792e-02, -3.3132e-02, +6.6169e-02, +2.5729e-02, +9.7470e-03, +2.1151e-02, -1.3929e-02, +1.4651e-02, +3.6797e-02, +4.9330e-02, +4.5700e-02, +7.5149e-03, +3.5623e-02, -8.0056e-03, -1.3583e-01, +5.9746e-02, -3.8891e-02, +2.2096e-02, +5.0756e-02, +6.5000e-02, +7.0749e-02, +1.2549e-01, -9.3266e-02, +4.7811e-02, -2.3915e-02, -5.4697e-02, +7.3908e-02, -4.0352e-02
-1.3043e-01, +3.8670e-02, -1.2242e-01, +3.8322e-02, +1.9891e-02, -2.2468e-04, +7.2395e-02, +6.1433e-03, -1.0000e+00, +5.7972e-02, +2.3250e-02, -8.3932e-02, +7.0900e-02, +3.0274e-02, +1.7627e-02, -1.7613e-03, -2.0492e-02, +1.5415e-02, +8.5347e-03, -7.4068e-02, -3.7622e-02, -6.7786e-02, -4.7246e-02, -5.7486e-04, -4.9537e-02, +4.9298e-02, +2.5486e-02, +3.6160e-02, +9.1781e-03, +4.1856e-02, -2.7481e-03, -1.3702e-02, -9.3190e-02, +3.3460e-03, +1.1652e-02, +1.2796e-02, +4.7538e-02, -4.7417e-02, -5.2162e-03, +3.2359e-02, +6.1707e-02, +4.1251e-02, -7.2598e-02, -6.2596e-02, -1.2108e-01, +2.5022e-02, -8.9771e-02, +1.1988e-01, +2.3007e-02, +4.2164e-02
+2.3961e-02, +4.4735e-02, +4.6099e-02, +4.6195e-02, +2.9611e-02, +4.7491e-02, +2.9369e-02, +6.4846e-02, +5.7972e-02, -1.0000e+00, -5.3947e-02, +3.3019e-02, +5.4303e-02, +2.8138e-02, +8.1344e-02, +1.3231e-01, +9.9251e-02, +5.9923e-02, -2.4495e-02, +2.9667e-03, +7.6935e-03, -4.8714e-03, +1.2607e-01, -1.0268e-01, +1.6383e-02, +9.9918e-02, +1.7295e-02, +4.9631e-02, +4.0295e-02, +4.6752e-03, -3.9090e-02, -1.5232e-02, -1.1360e-03, -2.5069e-02, +3.0013e-03, -2.0072e-02, -8.7498e-02, +2.5699e-02, +4.7855e-02, +1.2056e-02, +4.5491e-02, +1.8301e-02, -8.5139e-03, +7.9929e-02, +8.1619e-02, +2.2606e-02, +9.9490e-02, +1.7525e-01, -2.6997e-03, +9.9243e-02
-2.8306e-02, +9.0998e-02, -4.6745e-02, -1.6771e-01, -4.5475e-02, -1.3130e-01, -2.3007e-02, +5.0803e-02, +2.3250e-02, -5.3947e-02, -1.0000e+00, -3.7838e-02, -7.5530e-02, -4.9180e-02, -9.1924e-02, +7.0267e-02, +2.9768e-02, -1.0600e-01, -1.2262e-01, -7.0903e-02, +1.6900e-02, -4.7251e-02, +8.9148e-02, -3.5802e-02, -8.0830e-02, -1.2250e-01, -1.5289e-01, -1.5226e-01, -1.5871e-01, -4.6825e-02, -1.9371e-01, -1.0079e-02, +1.4468e-02, -3.2504e-04, -2.9223e-02, +2.2476e-02, +6.9887e-02, -8.3013e-02, -1.0108e-01, -1.7636e-02, -1.3239e-01, -4.6670e-03, -1.4103e-02, +4.7847e-02, -5.2205e-02, +8.9934e-03, -1.5784e-01, +5.6667e-02, +1.9550e-03, -5.2213e-03
-4.2365e-02, -1.2848e-01, -4.6559e-02, -3.8484e-02, -1.9922e-02, -6.2703e-02, -1.0221e-01, +1.8257e-02, -8.3932e-02, +3.3019e-02, -3.7838e-02, -1.0000e+00, +2.1912e-02, -1.2727e-01, -3.5767e-02, +1.2875e-01, +5.1318e-02, -1.0491e-01, -6.3854e-02, -3.6635e-02, +2.0099e-03, -5.1204e-02, +5.5663e-02, -3.4933e-03, -6.0652e-02, -5.1149e-02, -8.4398e-02, -1.2334e-01, -1.2298e-02, -4.4050e-02, -7.3880e-02, -1.4142e-02, +5.0170e-02, +7.5871e-03, +5.1900e-02, -3.0094e-03, -2.7236e-02, -1.9150e-02, -2.1542e-02, -1.1631e-02, -4.9402e-02, -3.5158e-02, -3.4134e-02, -7.7742e-02, -1.4012e-01, -1.9617e-02, -7.3103e-03, +2.4387e-02, +5.4170e-03, -2.2919e-02
+6.1255e-02, +9.5055e-02, -4.0637e-02, -9.9437e-02, -4.7680e-03, -8.8443e-02, -3.9041e-02, -2.4721e-03, +7.0900e-02, +5.4303e-02, -7.5530e-02, +2.1912e-02, -1.0000e+00, +7.5025e-02, +3.6794e-02, +9.7018e-03, +1.7573e-01, +5.4219e-02, -5.4334e-02, +5.3249e-02, -2.5096e-02, +5.1593e-02, +1.8273e-01, -5.8853e-02, +1.9094e-02, -1.0635e-01, -6.8161e-02, +3.4886e-02, +3.5892e-02, -2.5111e-02, -4.3039e-02, -7.1562e-02, +9.8618e-02, -1.0918e-01, +9.3315e-02, +6.7460e-02, +1.2499e-01, +4.1271e-02, +6.6022e-02, -7.6407e-02, -1.7476e-02, +4.6387e-03, -9.7159e-03, +7.7764e-03, -9.6672e-02, -3.5753e-02, +1.8723e-02, -1.6259e-01, +5.9774e-02, -1.3135e-02
-1.5310e-01, +4.4574e-02, +5.9836e-02, -1.4087e-02, -2.6756e-02, -8.2707e-02, +4.2309e-03, -4.1709e-02, +3.0274e-02, +2.8138e-02, -4.9180e-02, -1.2727e-01, +7.5025e-02, -1.0000e+00, -4.1087e-02, -1.3930e-02, +6.0021e-02, -1.6507e-01, -1.5513e-01, +5.8793e-02, +1.5981e-02, -4.2378e-02, +4.4591e-02, -8.0335e-02, -8.9026e-02, +6.0332e-02, -2.9637e-02, -5.9339e-02, -1.9003e-02, -7.8258e-02, -4.2719e-02, +4.7451e-02, +1.7153e-02, -2.5323e-02, -8.0025e-02, -1.5070e-02, +1.5770e-01, -6.3344e-02, -1.0121e-01, +4.3877e-02, -9.7750e-03, -2.2576e-03, +2.6711e-02, +3.0297e-02, +9.8996e-03, -6.2149e-02, -3.4174e-02, +4.6143e-02, -2.7604e-02, -6.7886e-02
+3.5922e-03, +8.8070e-02, +1.1470e-02, -5.2885e-02, -1.1015e-01, -1.0127e-01, +1.0625e-02, +2.9819e-02, +1.7627e-02, +8.1344e-02, -9.1924e-02, -3.5767e-02, +3.6794e-02, -4.1087e-02, -1.0000e+00, +4.3356e-02, -5.8015e-02, +5.8450e-03, -8.2832e-02, -6.8284e-02, +1.8507e-02, -8.5843e-02, -8.0151e-02, -6.9025e-02, -5.0642e-02, +1.2822e-02, -9.2058e-02, +3.3009e-02, -3.5281e-02, +1.9638e-02, -4.1445e-02, -3.1423e-02, -1.2611e-02, -3.8330e-02, -7.5761e-02, +4.4766e-02, +3.0491e-02, -7.0350e-02, +9.4120e-03, -5.4333e-02, -6.1842e-02, +1.8397e-02, -7.7760e-03, -1.8784e-01, -3.2996e-02, -1.1482e-01, +1.6483e-02, +1.0705e-01, -1.6570e-02, +5.0276e-02
-3.6746e-02, +1.7410e-01, +7.3378e-02, +1.5567e-01, +1.8965e-02, +1.3823e-01, +1.8292e-02, +6.4548e-02, -1.7613e-03, +1.3231e-01, +7.0267e-02, +1.2875e-01, +9.7018e-03, -1.3930e-02, +4.3356e-02, -1.0000e+00, +1.2151e-01, -5.8841e-03, +9.6469e-02, -3.9921e-02, +6.4803e-03, +5.9479e-02, +4.6060e-02, +1.2437e-01, +6.6480e-02, +3.1605e-02, +1.3993e-01, +5.0522e-02, +8.5553e-02, +1.0121e-01, +3.5250e-02, +1.4975e-01, +3.4655e-02, +5.5547e-02, +5.4171e-02, +8.2050e-02, +1.9964e-01, -7.1746e-02, +5.7766e-02, -1.0048e-01, -1.5555e-02, +2.0002e-02, +7.1452e-02, -1.5556e-01, +5.7712e-01, +1.2048e-01, +1.6361e-01, +3.6133e-01, +8.4944e-02, +2.7832e-01
-2.4803e-03, +3.7049e-02, +1.4700e-02, +4.8327e-02, +5.3539e-02, +1.2077e-02, +8.3709e-02, +5.9245e-02, -2.0492e-02, +9.9251e-02, +2.9768e-02, +5.1318e-02, +1.7573e-01, +6.0021e-02, -5.8015e-02, +1.2151e-01, -1.0000e+00, +1.4414e-02, +5.1111e-02, -1.2156e-02, -5.5990e-02, -7.5693e-03, +1.0360e-01, +7.7322e-02, +2.2505e-02, +3.3003e-02, +8.1516e-02, +2.4434e-02, +5.8731e-02, +2.4829e-03, +6.1542e-02, -9.1695e-02, -5.7451e-02, -1.2639e-02, -2.2661e-02, +2.8662e-02, +9.5939e-03, -3.0479e-02, +6.2448e-02, -2.9360e-02, +2.0761e-02, +1.0046e-02, -1.5158e-02, -2.3365e-02, +1.8360e-01, +4.4366e-02, +1.7170e-02, -4.3152e-02, -3.1774e-03, +9.6789e-02
-2.3604e-02, +4.9978e-02, +1.3187e-02, -1.2792e-01, +5.9544e-02, +5.7738e-03, -5.9182e-04, +1.1047e-02, +1.5415e-02, +5.9923e-02, -1.0600e-01, -1.0491e-01, +5.4219e-02, -1.6507e-01, +5.8450e-03, -5.8841e-03, +1.4414e-02, -1.0000e+00, -6.4692e-03, -1.1669e-02, +3.5349e-02, +2.1776e-02, +8.0015e-02, -4.0637e-02, -1.9380e-02, -4.4796e-02, +3.7018e-02, -2.2557e-02, -7.2570e-02, -7.1922e-03, -1.3747e-01, -2.9120e-02, +2.2178e-02, +1.2819e-02, -2.3685e-02, +2.2724e-02, +5.5645e-02, -1.2614e-01, -4.3353e-02, +8.1076e-03, -5.8038e-02, -1.0416e-01, -1.3773e-02, +9.0786e-02, +2.1859e-03, +7.6050e-02, -4.8630e-02, -3.4403e-02, -3.5054e-03, +2.2515e-04
-1.5017e-02, -6.2384e-02, -2.5092e-02, -6.6225e-02, -1.1491e-01, -2.0957e-01, +3.3802e-02, +8.7813e-02, +8.5346e-03, -2.4495e-02, -1.2262e-01, -6.3854e-02, -5.4334e-02, -1.5513e-01, -8.2832e-02, +9.6469e-02, +5.1111e-02, -6.4692e-03, -1.0000e+00, -4.0629e-02, -5.8701e-03, -1.7115e-02, +2.2620e-02, -1.4483e-01, -2.4432e-02, -4.8788e-02, -3.6185e-02, +7.2716e-02, -7.8718e-02, -9.1551e-02, -1.5124e-01, -1.2144e-01, -7.6254e-02, +3.0071e-02, -9.6205e-04, -1.2227e-02, +3.1743e-01, -8.5606e-02, -1.7279e-01, +1.0417e-02, -5.5229e-02, +3.1331e-02, -3.5079e-02, -3.5304e-02, -2.2328e-02, -1.0513e-01, -1.1172e-01, +9.2701e-04, -1.0809e-02, -6.4460e-02
+2.1206e-02, -3.1776e-02, -1.4416e-02, +3.6384e-02, -2.6698e-02, -2.5456e-02, -7.4639e-03, +9.0650e-02, -7.4068e-02, +2.9667e-03, -7.0903e-02, -3.6635e-02, +5.3249e-02, +5.8793e-02, -6.8284e-02, -3.9921e-02, -1.2156e-02, -1.1669e-02, -4.0629e-02, -1.0000e+00, +4.5858e-02, -1.0898e-01, -2.2217e-03, -3.7225e-02, -6.8037e-02, -1.8738e-03, -1.0622e-01, -6.0094e-02, -4.7521e-02, +1.3683e-02, -3.4245e-02, +6.8511e-02, -6.1077e-02, +4.5779e-03, +4.3332e-02, +2.9738e-02, -7.1088e-02, -6.9176e-02, +1.6368e-02, +1.6474e-02, +9.8188e-03, +2.6330e-02, -1.3567e-03, -6.3725e-02, +2.0827e-02, +1.1166e-02, -7.7557e-03, +9.6050e-02, +1.7551e-03, +6.8196e-02
+1.6308e-02, +7.0514e-02, -7.2847e-03, +7.9774e-02, +1.4898e-03, +2.4726e-02, -4.6878e-02, +2.1874e-02, -3.7622e-02, +7.6935e-03, +1.6900e-02, +2.0099e-03, -2.5096e-02, +1.5981e-02, +1.8507e-02, +6.4804e-03, -5.5990e-02, +3.5349e-02, -5.8701e-03, +4.5858e-02, -1.0000e+00, +1.7560e-01, -4.5713e-02, +7.7695e-02, +3.3891e-02, +4.6298e-02, +1.0934e-02, +1.0540e-02, +9.2316e-02, +2.2872e-02, +7.5687e-02, -1.2639e-01, -1.2916e-01, -3.2590e-03, +1.3782e-02, -1.0747e-02, +1.0263e-01, -4.1549e-03, +4.3425e-02, -1.0306e-01, +6.6108e-03, +2.9032e-03, +5.5412e-02, -1.8105e-01, -5.2178e-02, -1.0193e-01, -3.3234e-02, +1.2854e-01, +1.7499e-02, -1.3855e-02
-3.3470e-03, +9.7171e-02, +5.6521e-02, +5.4827e-02, +6.4951e-02, -7.1370e-02, +2.0450e-02, +7.0120e-02, -6.7786e-02, -4.8714e-03, -4.7251e-02, -5.1204e-02, +5.1593e-02, -4.2378e-02, -8.5843e-02, +5.9479e-02, -7.5693e-03, +2.1776e-02, -1.7115e-02, -1.0898e-01, +1.7560e-01, -1.0000e+00, -3.5954e-03, -7.9383e-02, -5.2013e-02, +1.9488e-02, -2.4390e-02, +2.1410e-02, -4.0348e-02, +7.3475e-02, -7.2556e-02, +7.8078e-02, +4.4172e-02, -2.6494e-03, +2.4881e-02, +9.1178e-03, +1.0630e-01, -8.7610e-03, -6.6818e-02, +1.4298e-02, -7.0277e-02, -8.7769e-03, +4.9755e-03, -1.7808e-02, +1.4660e-02, -7.0538e-03, +1.9426e-02, +1.8892e-02, -5.5859e-02, +3.6537e-03
-1.1784e-02, +4.2693e-02, +2.8308e-02, +3.2721e-02, +6.1656e-02, +3.0630e-02, +9.4055e-02, +6.9792e-02, -4.7246e-02, +1.2607e-01, +8.9148e-02, +5.5663e-02, +1.8273e-01, +4.4591e-02, -8.0151e-02, +4.6060e-02, +1.0360e-01, +8.0015e-02, +2.2620e-02, -2.2217e-03, -4.5713e-02, -3.5954e-03, -1.0000e+00, -2.2428e-02, +2.9470e-02, +2.3876e-02, +2.1407e-02, +2.7443e-02, +8.2966e-02, +3.6741e-02, +4.1329e-02, -7.6674e-02, -4.9417e-02, -1.8476e-02, -1.9678e-02, -7.7738e-03, +3.6168e-03, -4.2220e-02, +6.4078e-02, -2.7608e-03, -1.6490e-02, -4.3950e-03, -2.2565e-02, -1.2119e-01, +1.7153e-01, -2.2747e-02, +1.5119e-03, -5.8837e-02, -1.3036e-02, +8.2756e-02
-3.5451e-02, +1.0232e-01, -2.3449e-02, -5.7665e-02, -9.7091e-02, -1.0439e-01, +5.6835e-02, -3.3132e-02, -5.7485e-04, -1.0268e-01, -3.5802e-02, -3.4933e-03, -5.8853e-02, -8.0335e-02, -6.9025e-02, +1.2437e-01, +7.7322e-02, -4.0637e-02, -1.4483e-01, -3.7225e-02, +7.7695e-02, -7.9383e-02, -2.2428e-02, -1.0000e+00, -1.4771e-02, -7.4845e-02, -1.3355e-01, -1.1056e-02, -5.6863e-02, -5.4974e-02, -1.1395e-01, -4.3001e-02, +7.9691e-03, -2.7094e-02, +2.3976e-03, -4.3539e-03, -3.4773e-03, +1.7032e-03, +1.6142e-02, +4.3311e-02, -1.3536e-02, +6.4657e-02, +1.8738e-02, +7.5431e-02, -4.2740e-02, -4.0807e-02, -5.6452e-02, +1.9681e-03, -3.1109e-03, +5.0276e-02
+2.9780e-02, -1.7605e-02, -5.7852e-02, -1.3288e-01, -2.1378e-02, -9.9289e-02, -4.5914e-05, +6.6169e-02, -4.9537e-02, +1.6383e-02, -8.0830e-02, -6.0652e-02, +1.9094e-02, -8.9025e-02, -5.0642e-02, +6.6480e-02, +2.2505e-02, -1.9380e-02, -2.4432e-02, -6.8037e-02, +3.3891e-02, -5.2013e-02, +2.9470e-02, -1.4771e-02, -1.0000e+00, -1.6400e-02, -9.7524e-02, -4.5741e-02, +7.8783e-03, -1.9940e-02, -1.1137e-02, -1.4152e-02, +6.5456e-02, +6.1554e-03, -4.3118e-02, +2.7265e-02, +2.3321e-02, -1.1066e-01, -2.4569e-02, -2.5166e-02, +1.5492e-02, +2.1677e-02, -6.8241e-02, -1.2249e-01, -1.2785e-01, -4.9687e-02, -8.8182e-02, +2.3212e-02, +2.9107e-02, +4.7117e-02
-1.3714e-01, +2.0829e-02, -9.6073e-02, -2.7619e-01, -8.3995e-02, -2.3763e-02, -4.1063e-02, +2.5729e-02, +4.9298e-02, +9.9918e-02, -1.2250e-01, -5.1149e-02, -1.0635e-01, +6.0332e-02, +1.2822e-02, +3.1605e-02, +3.3003e-02, -4.4796e-02, -4.8788e-02, -1.8738e-03, +4.6298e-02, +1.9488e-02, +2.3876e-02, -7.4845e-02, -1.6400e-02, -1.0000e+00, -6.6453e-02, -1.3899e-01, -9.1580e-02, -1.0513e-01, -1.1251e-01, -8.7293e-02, +3.8451e-02, +4.2793e-02, +2.3615e-02, -7.3680e-02, +5.0948e-02, +3.0236e-02, +2.0183e-03, -5.0440e-02, -7.1261e-02, +2.0760e-02, -1.6230e-02, -1.8957e-01, -9.8133e-02, +5.7783e-02, -6.6190e-02, +2.2424e-01, -2.3040e-02, -7.2364e-02
+9.1133e-03, +2.9621e-02, -1.1106e-01, -1.2035e-01, -6.0593e-02, -1.8764e-01, -1.9606e-02, +9.7470e-03, +2.5486e-02, +1.7295e-02, -1.5289e-01, -8.4398e-02, -6.8161e-02, -2.9637e-02, -9.2058e-02, +1.3993e-01, +8.1516e-02, +3.7018e-02, -3.6185e-02, -1.0622e-01, +1.0934e-02, -2.4390e-02, +2.1407e-02, -1.3355e-01, -9.7524e-02, -6.6453e-02, -1.0000e+00, -8.8254e-02, -2.2431e-01, -1.1380e-01, -8.8729e-02, -1.0594e-01, +2.8203e-02, -1.3634e-02, -3.6981e-02, -3.5350e-02, +7.7907e-02, -6.0293e-02, -1.1284e-01, -4.7358e-02, -5.2488e-02, +3.9442e-03, -4.5050e-02, -6.8088e-02, -8.4674e-02, -8.1930e-02, -7.0141e-02, -3.3896e-02, -9.5668e-03, +3.8133e-02
-5.5400e-02, +5.4231e-02, -9.0104e-02, -2.2304e-01, -5.1674e-02, -5.4557e-02, -7.2488e-02, +2.1151e-02, +3.6161e-02, +4.9631e-02, -1.5226e-01, -1.2334e-01, +3.4886e-02, -5.9339e-02, +3.3009e-02, +5.0522e-02, +2.4434e-02, -2.2557e-02, +7.2716e-02, -6.0094e-02, +1.0540e-02, +2.1410e-02, +2.7443e-02, -1.1056e-02, -4.5741e-02, -1.3899e-01, -8.8254e-02, -1.0000e+00, -1.0969e-01, -8.2334e-02, -6.8436e-02, -3.4182e-03, -8.8700e-02, -1.2457e-02, -2.0451e-02, +3.2323e-02, +2.4137e-02, -1.9743e-02, -8.0888e-02, +8.4894e-02, -1.9264e-02, +6.3768e-03, -7.8808e-03, +1.2542e-02, -8.2709e-03, +5.8670e-02, -6.3735e-02, +9.2169e-02, +1.5898e-02, -3.2787e-02
-2.1311e-02, +4.3406e-02, +1.7424e-02, -1.6297e-01, -3.2019e-02, -1.1032e-01, +4.1841e-02, -1.3929e-02, +9.1781e-03, +4.0295e-02, -1.5871e-01, -1.2298e-02, +3.5892e-02, -1.9003e-02, -3.5281e-02, +8.5553e-02, +5.8731e-02, -7.2570e-02, -7.8718e-02, -4.7521e-02, +9.2316e-02, -4.0348e-02, +8.2966e-02, -5.6863e-02, +7.8783e-03, -9.1580e-02, -2.2431e-01, -1.0969e-01, -1.0000e+00, -8.1650e-02, -1.2443e-01, -3.7565e-04, -4.2786e-02, -1.6638e-02, -1.0901e-01, +1.3240e-03, +2.0199e-02, -1.1565e-01, -1.4151e-01, +1.4080e-02, +6.5684e-02, -3.8717e-03, +9.6877e-04, +6.5299e-02, -7.8741e-02, +2.7898e-02, -7.9644e-02, +4.9351e-02, -1.2807e-03, -1.3244e-01
-3.2315e-02, +3.8928e-02, -1.2748e-02, -2.1440e-01, -1.3862e-01, -5.6402e-02, +1.2573e-03, +1.4651e-02, +4.1856e-02, +4.6752e-03, -4.6825e-02, -4.4050e-02, -2.5111e-02, -7.8258e-02, +1.9638e-02, +1.0121e-01, +2.4829e-03, -7.1922e-03, -9.1550e-02, +1.3683e-02, +2.2872e-02, +7.3475e-02, +3.6741e-02, -5.4974e-02, -1.9940e-02, -1.0513e-01, -1.1380e-01, -8.2334e-02, -8.1650e-02, -1.0000e+00, -6.0303e-02, -6.1572e-02, -7.1927e-04, -4.4783e-03, -1.6361e-02, +4.0618e-03, -4.1532e-03, +6.6753e-02, -5.2793e-02, +1.5111e-02, +4.7489e-02, -1.4805e-02, -7.7691e-02, -3.1834e-02, -7.8418e-02, -3.9074e-02, -5.0620e-02, +1.7686e-02, +2.5519e-02, -9.4288e-03
-1.1380e-01, +1.0837e-01, +1.1021e-03, -1.4286e-01, +2.4086e-02, -1.4268e-01, -1.3008e-02, +3.6797e-02, -2.7482e-03, -3.9090e-02, -1.9371e-01, -7.3880e-02, -4.3039e-02, -4.2719e-02, -4.1445e-02, +3.5250e-02, +6.1542e-02, -1.3747e-01, -1.5124e-01, -3.4245e-02, +7.5687e-02, -7.2556e-02, +4.1329e-02, -1.1395e-01, -1.1137e-02, -1.1251e-01, -8.8729e-02, -6.8436e-02, -1.2443e-01, -6.0303e-02, -1.0000e+00, -8.4138e-02, -5.0650e-03, -8.1444e-03, +6.3719e-02, +4.4630e-02, +1.6275e-01, -6.4897e-02, -1.2218e-02, +5.3201e-02, -1.0616e-01, -2.5657e-02, +1.2074e-02, +1.6559e-02, -2.8128e-02, -3.6294e-02, -7.3138e-02, +1.4241e-01, +8.2645e-04, -7.0461e-02
-5.9836e-02, +9.9212e-02, +6.7596e-02, -8.8474e-02, -1.3635e-02, -6.0246e-02, -6.2097e-02, +4.9330e-02, -1.3702e-02, -1.5232e-02, -1.0079e-02, -1.4142e-02, -7.1562e-02, +4.7451e-02, -3.1423e-02, +1.4975e-01, -9.1695e-02, -2.9120e-02, -1.2144e-01, +6.8511e-02, -1.2639e-01, +7.8078e-02, -7.6674e-02, -4.3001e-02, -1.4152e-02, -8.7293e-02, -1.0594e-01, -3.4182e-03, -3.7565e-04, -6.1572e-02, -8.4138e-02, -1.0000e+00, -7.4645e-02, +9.1891e-03, +1.4924e-02, +2.5846e-02, +2.1735e-01, -1.7064e-02, -9.0118e-02, -3.0006e-02, -1.5966e-02, +5.8837e-02, -3.8093e-02, -5.5245e-02, -1.6631e-02, -8.4909e-02, -5.8415e-02, +5.2066e-02, -3.3396e-02, +2.4674e-02
-3.9630e-02, -3.5576e-03, -3.8183e-02, +1.3467e-01, +2.1161e-03, +7.9077e-02, -3.2048e-02, +4.5700e-02, -9.3190e-02, -1.1360e-03, +1.4468e-02, +5.0170e-02, +9.8618e-02, +1.7153e-02, -1.2611e-02, +3.4655e-02, -5.7451e-02, +2.2178e-02, -7.6254e-02, -6.1077e-02, -1.2916e-01, +4.4172e-02, -4.9417e-02, +7.9691e-03, +6.5456e-02, +3.8451e-02, +2.8203e-02, -8.8700e-02, -4.2786e-02, -7.1927e-04, -5.0650e-03, -7.4645e-02, -1.0000e+00, +2.5200e-02, -4.8736e-02, +6.7752e-02, +1.5789e-01, -6.1008e-02, -5.2411e-02, +1.8059e-01, -2.8466e-02, +2.3272e-02, +5.5638e-02, +2.2481e-01, +3.1860e-02, +2.1235e-01, +6.0632e-02, +1.3294e-01, +7.5274e-02, -2.1788e-01
-2.2730e-03, -3.4832e-02, +1.9993e-03, -7.8354e-03, -3.3771e-03, +6.6174e-03, +2.8068e-03, +7.5149e-03, +3.3460e-03, -2.5069e-02, -3.2504e-04, +7.5871e-03, -1.0918e-01, -2.5323e-02, -3.8330e-02, +5.5547e-02, -1.2639e-02, +1.2819e-02, +3.0071e-02, +4.5779e-03, -3.2590e-03, -2.6494e-03, -1.8476e-02, -2.7094e-02, +6.1554e-03, +4.2793e-02, -1.3634e-02, -1.2457e-02, -1.6638e-02, -4.4783e-03, -8.1444e-03, +9.1891e-03, +2.5200e-02, -1.0000e+00, +1.4761e-02, -2.6860e-02, +1.8235e-01, -3.0809e-02, +1.4745e-02, +2.7314e-02, -2.2530e-02, +2.7101e-02, +3.5180e-03, -7.8546e-02, -1.7677e-01, -1.7820e-02, -9.4323e-04, +2.2260e-02, +2.5096e-02, +8.2635e-02
+1.0818e-02, -1.6335e-02, +2.8613e-02, +5.1137e-02, -8.7916e-02, -1.9398e-02, +5.0948e-02, +3.5623e-02, +1.1652e-02, +3.0013e-03, -2.9223e-02, +5.1900e-02, +9.3315e-02, -8.0025e-02, -7.5761e-02, +5.4171e-02, -2.2661e-02, -2.3685e-02, -9.6205e-04, +4.3332e-02, +1.3782e-02, +2.4881e-02, -1.9678e-02, +2.3976e-03, -4.3118e-02, +2.3615e-02, -3.6981e-02, -2.0451e-02, -1.0901e-01, -1.6361e-02, +6.3719e-02, +1.4924e-02, -4.8736e-02, +1.4761e-02, -1.0000e+00, +2.3970e-03, +3.3705e-03, -1.1964e-02, +4.5388e-02, +2.7097e-02, +9.5923e-03, +2.4345e-02, +3.8881e-02, -2.3413e-03, -1.4058e-02, -7.6320e-02, -6.2671e-02, +2.7811e-02, +5.5635e-03, -8.4245e-02
+3.0994e-02, +1.8433e-02, +2.0296e-02, +7.0083e-03, +3.0336e-02, -1.2703e-02, -1.3530e-02, -8.0056e-03, +1.2796e-02, -2.0072e-02, +2.2476e-02, -3.0094e-03, +6.7460e-02, -1.5070e-02, +4.4766e-02, +8.2050e-02, +2.8662e-02, +2.2724e-02, -1.2227e-02, +2.9738e-02, -1.0747e-02, +9.1179e-03, -7.7738e-03, -4.3540e-03, +2.7265e-02, -7.3680e-02, -3.5350e-02, +3.2323e-02, +1.3240e-03, +4.0618e-03, +4.4630e-02, +2.5846e-02, +6.7752e-02, -2.6860e-02, +2.3970e-03, -1.0000e+00, +8.7431e-02, +4.1886e-02, -3.6522e-03, -1.8527e-02, +5.8504e-04, -1.9436e-02, +1.0900e-02, -6.0028e-02, +8.7868e-02, -2.1022e-02, +4.8891e-02, -3.6189e-01, +2.0141e-02, +1.1328e-01
+1.4185e-01, -1.3856e-01, -1.1215e-01, +1.2731e-02, -5.5182e-03, +2.0623e-01, +1.4749e-02, -1.3583e-01, +4.7538e-02, -8.7498e-02, +6.9887e-02, -2.7236e-02, +1.2499e-01, +1.5770e-01, +3.0491e-02, +1.9964e-01, +9.5939e-03, +5.5645e-02, +3.1743e-01, -7.1088e-02, +1.0263e-01, +1.0630e-01, +3.6168e-03, -3.4773e-03, +2.3321e-02, +5.0948e-02, +7.7907e-02, +2.4137e-02, +2.0199e-02, -4.1532e-03, +1.6275e-01, +2.1735e-01, +1.5789e-01, +1.8235e-01, +3.3705e-03, +8.7431e-02, -1.0000e+00, +8.0566e-02, +1.2857e-01, -2.5123e-02, +2.0261e-03, -4.2011e-02, +2.8712e-02, +2.2532e-01, -1.1842e-01, +9.9943e-03, +7.8408e-02, -1.8404e-01, +7.2129e-02, +6.1607e-02
-3.3980e-02, -5.6293e-02, +6.9034e-02, +6.7180e-03, -2.8186e-02, -1.4289e-01, -1.6131e-02, +5.9746e-02, -4.7417e-02, +2.5699e-02, -8.3013e-02, -1.9150e-02, +4.1271e-02, -6.3344e-02, -7.0350e-02, -7.1746e-02, -3.0479e-02, -1.2614e-01, -8.5606e-02, -6.9176e-02, -4.1549e-03, -8.7610e-03, -4.2220e-02, +1.7032e-03, -1.1066e-01, +3.0236e-02, -6.0293e-02, -1.9743e-02, -1.1565e-01, +6.6753e-02, -6.4897e-02, -1.7064e-02, -6.1008e-02, -3.0809e-02, -1.1964e-02, +4.1886e-02, +8.0566e-02, -1.0000e+00, -1.0958e-01, -3.1051e-02, -1.5946e-01, -2.1614e-02, +1.3819e-02, -1.8424e-01, +1.7315e-02, +1.2340e-01, -2.6842e-02, +9.6419e-02, +9.7226e-03, +1.5850e-01
-5.6158e-02, +4.6879e-02, -1.6892e-02, -5.0850e-02, -3.2441e-02, -6.3317e-02, -4.6224e-02, -3.8891e-02, -5.2162e-03, +4.7855e-02, -1.0108e-01, -2.1542e-02, +6.6022e-02, -1.0121e-01, +9.4120e-03, +5.7766e-02, +6.2448e-02, -4.3353e-02, -1.7279e-01, +1.6368e-02, +4.3425e-02, -6.6818e-02, +6.4078e-02, +1.6142e-02, -2.4569e-02, +2.0183e-03, -1.1284e-01, -8.0888e-02, -1.4151e-01, -5.2793e-02, -1.2218e-02, -9.0118e-02, -5.2411e-02, +1.4745e-02, +4.5388e-02, -3.6522e-03, +1.2857e-01, -1.0958e-01, -1.0000e+00, +1.1197e-02, -4.1879e-02, +2.3849e-03, -7.4175e-02, -3.0691e-02, -9.4994e-02, +2.6723e-03, -8.4003e-02, +6.4751e-02, +1.2152e-02, -1.0121e-01
+1.5915e-01, +5.0171e-02, -1.8078e-02, +3.7117e-02, +4.6014e-02, -2.7390e-02, +4.3894e-02, +2.2096e-02, +3.2359e-02, +1.2056e-02, -1.7636e-02, -1.1631e-02, -7.6407e-02, +4.3877e-02, -5.4333e-02, -1.0048e-01, -2.9360e-02, +8.1076e-03, +1.0417e-02, +1.6474e-02, -1.0306e-01, +1.4298e-02, -2.7608e-03, +4.3311e-02, -2.5166e-02, -5.0440e-02, -4.7358e-02, +8.4894e-02, +1.4080e-02, +1.5111e-02, +5.3201e-02, -3.0006e-02, +1.8059e-01, +2.7314e-02, +2.7097e-02, -1.8527e-02, -2.5123e-02, -3.1051e-02, +1.1197e-02, -1.0000e+00, +7.5622e-03, -1.2776e-02, -4.2163e-02, -2.3032e-01, +2.6918e-02, -6.3482e-02, -5.9763e-02, +1.5012e-02, -2.3316e-02, +1.2580e-01
+7.9515e-02, +1.1041e-01, +2.9867e-02, -3.7757e-02, +3.0264e-02, -5.1710e-02, -2.0647e-02, +5.0756e-02, +6.1707e-02, +4.5491e-02, -1.3239e-01, -4.9402e-02, -1.7476e-02, -9.7750e-03, -6.1842e-02, -1.5555e-02, +2.0761e-02, -5.8038e-02, -5.5229e-02, +9.8188e-03, +6.6108e-03, -7.0277e-02, -1.6490e-02, -1.3536e-02, +1.5492e-02, -7.1261e-02, -5.2488e-02, -1.9264e-02, +6.5684e-02, +4.7489e-02, -1.0616e-01, -1.5966e-02, -2.8466e-02, -2.2530e-02, +9.5923e-03, +5.8504e-04, +2.0261e-03, -1.5946e-01, -4.1879e-02, +7.5622e-03, -1.0000e+00, -4.8552e-02, -2.8113e-03, -1.3253e-02, +3.7218e-02, +5.4321e-02, -4.8020e-02, -4.7728e-02, -4.6623e-03, +1.5669e-01
-7.9613e-03, +1.2123e-02, -2.7105e-02, +1.3839e-02, +4.9611e-02, +1.7615e-02, +1.4356e-02, +6.5000e-02, +4.1251e-02, +1.8301e-02, -4.6670e-03, -3.5158e-02, +4.6387e-03, -2.2576e-03, +1.8397e-02, +2.0002e-02, +1.0046e-02, -1.0416e-01, +3.1331e-02, +2.6330e-02, +2.9032e-03, -8.7769e-03, -4.3950e-03, +6.4657e-02, +2.1677e-02, +2.0760e-02, +3.9442e-03, +6.3768e-03, -3.8717e-03, -1.4805e-02, -2.5657e-02, +5.8837e-02, +2.3272e-02, +2.7101e-02, +2.4345e-02, -1.9436e-02, -4.2011e-02, -2.1614e-02, +2.3849e-03, -1.2776e-02, -4.8552e-02, -1.0000e+00, -4.8485e-02, -4.8835e-02, -2.9795e-02, +1.6989e-02, -1.0957e-02, -2.3043e-02, -9.4647e-03, +1.4776e-04
+5.7383e-02, -4.1675e-02, -7.4049e-02, -1.8381e-02, -3.4014e-02, -1.4827e-02, -2.7158e-02, +7.0749e-02, -7.2598e-02, -8.5139e-03, -1.4103e-02, -3.4134e-02, -9.7159e-03, +2.6711e-02, -7.7760e-03, +7.1452e-02, -1.5158e-02, -1.3773e-02, -3.5079e-02, -1.3567e-03, +5.5412e-02, +4.9755e-03, -2.2565e-02, +1.8738e-02, -6.8241e-02, -1.6230e-02, -4.5050e-02, -7.8808e-03, +9.6877e-04, -7.7691e-02, +1.2074e-02, -3.8093e-02, +5.5638e-02, +3.5180e-03, +3.8881e-02, +1.0900e-02, +2.8712e-02, +1.3819e-02, -7.4175e-02, -4.2163e-02, -2.8113e-03, -4.8485e-02, -1.0000e+00, -1.1820e-01, -6.6171e-02, -8.9268e-02, -4.7425e-02, +2.0791e-02, +8.8883e-03, +2.8592e-03
+2.2175e-02, +1.4833e-01, -1.4531e-01, -8.8204e-02, -7.1782e-02, -1.0752e-01, +1.8085e-02, +1.2549e-01, -6.2596e-02, +7.9929e-02, +4.7847e-02, -7.7742e-02, +7.7764e-03, +3.0297e-02, -1.8784e-01, -1.5556e-01, -2.3365e-02, +9.0786e-02, -3.5304e-02, -6.3725e-02, -1.8105e-01, -1.7808e-02, -1.2119e-01, +7.5431e-02, -1.2249e-01, -1.8957e-01, -6.8088e-02, +1.2542e-02, +6.5299e-02, -3.1834e-02, +1.6559e-02, -5.5245e-02, +2.2481e-01, -7.8546e-02, -2.3413e-03, -6.0028e-02, +2.2532e-01, -1.8424e-01, -3.0691e-02, -2.3032e-01, -1.3253e-02, -4.8835e-02, -1.1820e-01, -1.0000e+00, -1.2427e-01, -1.4190e-01, -7.0400e-02, +4.8881e-01, +3.3286e-02, +1.4197e-01
-1.3944e-01, -1.3297e-01, -2.6212e-02, -1.1243e-01, -1.3280e-01, -8.4886e-02, -2.0598e-02, -9.3266e-02, -1.2108e-01, +8.1619e-02, -5.2205e-02, -1.4012e-01, -9.6672e-02, +9.8996e-03, -3.2996e-02, +5.7712e-01, +1.8360e-01, +2.1859e-03, -2.2328e-02, +2.0827e-02, -5.2178e-02, +1.4660e-02, +1.7153e-01, -4.2740e-02, -1.2785e-01, -9.8133e-02, -8.4674e-02, -8.2709e-03, -7.8741e-02, -7.8418e-02, -2.8128e-02, -1.6631e-02, +3.1860e-02, -1.7677e-01, -1.4058e-02, +8.7868e-02, -1.1842e-01, +1.7315e-02, -9.4994e-02, +2.6918e-02, +3.7218e-02, -2.9795e-02, -6.6171e-02, -1.2427e-01, -1.0000e+00, -1.1058e-01, -2.4249e-01, +8.3124e-02, -1.4670e-02, -3.8538e-01
+2.7478e-02, -6.0881e-02, -3.6399e-02, -9.4265e-02, -2.2724e-02, -8.0917e-02, -6.6354e-02, +4.7811e-02, +2.5022e-02, +2.2606e-02, +8.9934e-03, -1.9617e-02, -3.5753e-02, -6.2149e-02, -1.1482e-01, +1.2048e-01, +4.4366e-02, +7.6050e-02, -1.0513e-01, +1.1166e-02, -1.0193e-01, -7.0538e-03, -2.2747e-02, -4.0807e-02, -4.9687e-02, +5.7783e-02, -8.1930e-02, +5.8670e-02, +2.7898e-02, -3.9074e-02, -3.6294e-02, -8.4909e-02, +2.1235e-01, -1.7820e-02, -7.6320e-02, -2.1022e-02, +9.9943e-03, +1.2340e-01, +2.6723e-03, -6.3482e-02, +5.4321e-02, +1.6989e-02, -8.9268e-02, -1.4190e-01, -1.1058e-01, -1.0000e+00, -9.1670e-02, -6.8259e-02, +3.9414e-02, +1.8701e-03
-1.0509e-01, -7.9572e-02, +6.2049e-02, -6.8544e-02, -5.0170e-02, -1.6953e-01, -5.3323e-02, -2.3915e-02, -8.9771e-02, +9.9490e-02, -1.5784e-01, -7.3103e-03, +1.8723e-02, -3.4174e-02, +1.6483e-02, +1.6361e-01, +1.7170e-02, -4.8630e-02, -1.1172e-01, -7.7557e-03, -3.3234e-02, +1.9426e-02, +1.5119e-03, -5.6452e-02, -8.8182e-02, -6.6190e-02, -7.0141e-02, -6.3735e-02, -7.9644e-02, -5.0620e-02, -7.3138e-02, -5.8415e-02, +6.0632e-02, -9.4323e-04, -6.2671e-02, +4.8891e-02, +7.8408e-02, -2.6842e-02, -8.4003e-02, -5.9763e-02, -4.8020e-02, -1.0957e-02, -4.7425e-02, -7.0400e-02, -2.4249e-01, -9.1670e-02, -1.0000e+00, +2.0932e-02, +1.9706e-02, -6.7410e-02
+3.0034e-01, -2.2389e-01, +2.3652e-02, +2.9729e-02, +1.6192e-01, -5.5327e-02, -5.4559e-02, -5.4697e-02, +1.1988e-01, +1.7525e-01, +5.6667e-02, +2.4387e-02, -1.6259e-01, +4.6143e-02, +1.0705e-01, +3.6133e-01, -4.3152e-02, -3.4403e-02, +9.2701e-04, +9.6050e-02, +1.2854e-01, +1.8892e-02, -5.8837e-02, +1.9681e-03, +2.3212e-02, +2.2424e-01, -3.3896e-02, +9.2169e-02, +4.9351e-02, +1.7686e-02, +1.4241e-01, +5.2066e-02, +1.3294e-01, +2.2260e-02, +2.7811e-02, -3.6189e-01, -1.8404e-01, +9.6419e-02, +6.4751e-02, +1.5012e-02, -4.7728e-02, -2.3043e-02, +2.0791e-02, +4.8881e-01, +8.3124e-02, -6.8259e-02, +2.0932e-02, -1.0000e+00, -6.0246e-02, +2.0186e-01
-5.5769e-03, +1.6174e-02, +8.4708e-03, -1.4302e-02, -1.7706e-03, -2.0924e-02, -2.5877e-02, +7.3908e-02, +2.3007e-02, -2.6997e-03, +1.9550e-03, +5.4170e-03, +5.9774e-02, -2.7604e-02, -1.6570e-02, +8.4944e-02, -3.1774e-03, -3.5054e-03, -1.0809e-02, +1.7551e-03, +1.7499e-02, -5.5859e-02, -1.3036e-02, -3.1109e-03, +2.9107e-02, -2.3040e-02, -9.5668e-03, +1.5898e-02, -1.2807e-03, +2.5519e-02, +8.2645e-04, -3.3396e-02, +7.5274e-02, +2.5096e-02, +5.5635e-03, +2.0141e-02, +7.2129e-02, +9.7226e-03, +1.2152e-02, -2.3316e-02, -4.6623e-03, -9.4647e-03, +8.8883e-03, +3.3286e-02, -1.4670e-02, +3.9414e-02, +1.9706e-02, -6.0246e-02, -1.0000e+00, +1.4022e-01
-1.0882e-01, -7.7719e-02, +1.5043e-01, -1.5792e-02, -3.9099e-02, +5.8705e-03, -3.5154e-02, -4.0352e-02, +4.2164e-02, +9.9243e-02, -5.2213e-03, -2.2919e-02, -1.3135e-02, -6.7886e-02, +5.0276e-02, +2.7832e-01, +9.6789e-02, +2.2516e-04, -6.4460e-02, +6.8196e-02, -1.3855e-02, +3.6537e-03, +8.2756e-02, +5.0276e-02, +4.7117e-02, -7.2364e-02, +3.8133e-02, -3.2787e-02, -1.3244e-01, -9.4288e-03, -7.0461e-02, +2.4674e-02, -2.1788e-01, +8.2635e-02, -8.4245e-02, +1.1328e-01, +6.1607e-02, +1.5850e-01, -1.0121e-01, +1.2580e-01, +1.5669e-01, +1.4777e-04, +2.8592e-03, +1.4197e-01, -3.8538e-01, +1.8701e-03, -6.7410e-02, +2.0186e-01, +1.4022e-01, -1.0000e+00
