-1.0000e+00, +1.7453e-02, -4.4229e-02, -2.0212e-02, -1.4098e-02, +6.8044e-02, +3.1455e-02, -4.2085e-02, -1.2221e-01, +1.4775e-03, +5.6221e-03, -5.5025e-02, +4.0828e-02, -4.7085e-03, -1.8462e-02, -4.2575e-02, -4.1544e-02, +7.8596e-03, +2.4200e-02, +8.8796e-03, -6.0175e-02, +3.8413e-03, +1.3019e-02, +1.3124e-02, -3.7699e-02, +3.4220e-02, +3.5302e-02, -4.8690e-02, +1.1839e-02, +8.6500e-02, +5.1865e-04, -4.1303e-02, -1.9491e-02, +3.8920e-02, -1.1962e-02, +1.3019e-01, -4.9415e-02, +1.2740e-02, -5.2663e-02, -5.7429e-02, +1.5121e-03, +1.0120e-02, +8.3475e-03, +5.3079e-02, -3.8385e-02, +5.6387e-02, +3.1473e-03, +1.1387e-01, -7.4301e-03, -2.4562e-02
+1.7453e-02, -1.0000e+00, +9.0177e-02, -3.7625e-02, +1.9999e-02, +9.4358e-02, -8.2323e-02, +1.3956e-02, +5.4992e-02, -3.2768e-02, -9.7647e-03, -1.6124e-02, -7.8418e-02, +1.1253e-01, -5.8930e-02, +4.6685e-02, +7.2340e-02, +8.1307e-02, +4.3255e-03, +2.4167e-02, +8.0884e-02, +1.3700e-02, -2.1491e-02, -4.0563e-03, +3.3946e-02, -4.4417e-02, -2.2663e-02, -2.6141e-02, +5.3050e-02, -1.8190e-02, +5.5750e-02, +2.9260e-02, +7.1523e-02, +9.8738e-03, -9.0984e-03, -3.1650e-02, +5.6789e-03, +5.7840e-02, +4.7055e-03, +3.2926e-02, +7.2877e-03, -3.5335e-02, +2.4527e-03, +3.3354e-02, -2.6895e-02, -5.4536e-02, +1.3402e-02, -1.1432e-01, +3.7225e-02, +6.2518e-02
-4.4229e-02, +9.0177e-02, -1.0000e+00, +2.3866e-02, -2.5095e-02, -5.4746e-02, +2.6196e-02, +5.6851e-02, +4.3358e-02, +2.2625e-02, -4.4034e-02, +3.8790e-02, +8.9224e-02, -7.8369e-03, +2.3519e-03, -6.4165e-02, +4.6957e-02, -3.9264e-02, +3.3293e-02, -2.1634e-02, -6.3630e-02, -5.8329e-02, +2.8324e-03, -4.8919e-02, -9.1899e-02, +1.9070e-03, -3.1455e-02, -6.2049e-02, -6.1562e-02, +2.9185e-02, +4.4411e-02, -6.2236e-03, -3.8955e-02, +1.0248e-03, -2.4342e-02, +6.1180e-02, -7.5638e-02, -3.5075e-02, -1.4011e-02, -9.5937e-02, -5.9726e-02, +4.9788e-02, -8.0915e-02, +4.9506e-02, +7.5463e-02, -3.6160e-02, -8.5669e-02, +1.4092e-01, -3.2072e-02, +1.4621e-02
-2.0212e-02, -3.7625e-02, +2.3866e-02, -1.0000e+00, +3.7922e-02, +5.2521e-02, -1.3839e-02, -7.2905e-02, +4.6424e-02, +5.8000e-02, -7.4056e-03, -4.3935e-02, -2.8008e-02, -6.1154e-02, +5.5662e-02, -3.4247e-02, +9.0915e-02, +2.2031e-02, -3.3412e-03, +6.5851e-02, +2.1629e-02, +6.3521e-02, +9.3176e-02, +1.3083e-02, -2.7273e-02, -8.9605e-02, -9.5888e-02, +2.4632e-02, -2.6659e-03, -1.6714e-02, -2.6964e-02, +2.7258e-02, +4.7320e-02, -5.2704e-02, -1.4014e-02, +5.4993e-03, +3.6280e-02, +8.3038e-03, +1.4878e-02, +3.9391e-02, +2.4923e-03, +5.9716e-02, +2.7821e-02, +6.0362e-02, +3.0235e-02, -1.0866e-01, -1.3089e-02, -4.3965e-02, +1.1836e-02, +1.0968e-01
-1.4098e-02, +1.9999e-02, -2.5095e-02, +3.7922e-02, -1.0000e+00, -6.5380e-04, -3.4769e-02, -2.4585e-02, +1.4204e-02, -5.8716e-02, -4.4041e-02, -6.0759e-02, +4.5321e-04, -1.2610e-02, -1.6418e-02, -2.1617e-02, +4.6082e-02, +6.5296e-02, -6.8729e-02, -2.3165e-02, -5.1113e-02, +1.0829e-02, +5.0863e-02, -7.3233e-02, +2.1008e-02, +7.7554e-02, -4.5352e-02, -7.1276e-02, -7.4883e-02, -1.2608e-02, +8.2723e-02, -5.3915e-02, +3.5592e-02, -2.7040e-02, +1.9038e-02, +1.0816e-02, +8.4621e-02, +8.2684e-02, -2.9915e-02, -3.0066e-02, -3.2616e-02, +2.6057e-02, +1.5277e-02, +2.1517e-02, -7.7166e-02, -6.7884e-02, -4.6273e-02, +8.1918e-02, -1.3513e-02, +5.5256e-02
+6.8044e-02, +9.4358e-02, -5.4746e-02, +5.2521e-02, -6.5380e-04, -1.0000e+00, +5.0681e-02, +1.1369e-01, +1.3212e-02, +5.2571e-03, -9.3662e-03, +5.8806e-02, +4.8379e-03, +1.8030e-02, +2.0915e-02, +6.9642e-02, +9.7284e-02, +4.6169e-02, -4.8573e-02, -4.8605e-02, +6.8769e-02, -2.8359e-02, -2.4959e-02, -7.7700e-03, -3.1005e-02, +2.8003e-02, -1.7286e-02, -1.0935e-02, -3.6946e-02, +5.3428e-02, -5.0563e-02, -9.1478e-03, -4.8842e-02, -6.0070e-03, -8.0588e-03, -1.5126e-01, +2.5743e-02, -8.9428e-02, -3.4706e-02, +4.6802e-02, +5.6732e-02, -2.1511e-02, -2.4666e-03, +4.0510e-02, +5.5138e-02, +6.0597e-03, -8.3068e-02, -1.0396e-01, +4.6922e-02, -9.1011e-03
+3.1455e-02, -8.2323e-02, +2.6196e-02, -1.3839e-02, -3.4769e-02, +5.0681e-02, -1.0000e+00, +8.1298e-02, -6.1205e-03, -8.4405e-03, +1.9783e-02, -4.0706e-02, -2.5051e-02, +1.5882e-03, -2.0963e-02, +3.4440e-02, -1.3493e-02, +1.3115e-02, +5.6346e-02, -2.6648e-02, +4.9549e-02, -5.3745e-02, +4.0901e-02, +5.6672e-02, +4.2304e-02, +6.2486e-03, +3.1967e-03, -4.1066e-02, +1.9750e-02, +6.3108e-03, -1.9893e-02, +4.0286e-03, +3.2270e-02, -5.9092e-02, +3.3486e-02, -2.1429e-02, -4.8600e-03, -3.5259e-02, +1.3346e-03, +6.6193e-03, -2.9998e-02, +8.6651e-03, +2.5793e-02, -1.7405e-02, -7.6772e-02, -3.6573e-02, -8.5909e-02, -3.9170e-02, +3.1197e-02, +2.2210e-02
-4.2085e-02, +1.3956e-02, +5.6851e-02, -7.2905e-02, -2.4585e-02, +1.1369e-01, +8.1298e-02, -1.0000e+00, +7.2161e-03, +5.8244e-02, -5.1418e-02, -5.6614e-02, -3.2614e-02, +3.5579e-02, -5.5663e-02, -3.8601e-02, +3.7844e-02, -1.5372e-02, +1.2019e-02, +2.2202e-02, +4.6205e-02, +2.9759e-02, +4.7371e-02, -4.5267e-02, +2.0551e-02, +5.6236e-02, -2.8118e-02, -4.4551e-02, +2.1678e-02, -1.4212e-03, -1.3376e-02, +7.5618e-02, +6.6305e-02, -3.5531e-02, -5.9302e-02, +1.3906e-02, -1.6813e-02, -3.0532e-02, +2.3623e-02, +3.4314e-03, +1.9139e-02, +2.5789e-02, +6.2863e-02, +4.5618e-02, -2.4494e-02, +6.7629e-02, -3.2987e-03, -2.6517e-02, +2.0088e-02, +6.4200e-02
-1.2221e-01, +5.4992e-02, +4.3358e-02, +4.6424e-02, +1.4204e-02, +1.3212e-02, -6.1205e-03, +7.2161e-03, -1.0000e+00, +1.3735e-02, -4.8569e-02, +3.9412e-02, +3.4905e-02, -2.4241e-02, +5.9522e-02, +1.2353e-02, -4.4515e-02, -3.3633e-02, +3.2989e-02, +6.0893e-02, -1.9007e-02, -2.2179e-02, -3.4080e-02, +4.3313e-02, -1.7752e-02, -2.1931e-03, +5.5031e-03, -3.4037e-02, +6.9737e-02, +4.2542e-03, +2.3693e-02, -6.5556e-02, -5.2105e-02, +3.1314e-02, +2.3295e-02, -2.7001e-02, -3.5346e-03, +2.1112e-02, +5.1994e-02, +4.0842e-02, -4.6550e-03, +1.4966e-02, -3.3401e-02, -2.3454e-02, +2.9953e-02, -5.4057e-03, -6.1783e-02, +3.8748e-03, -4.7040e-02, -2.6622e-02
+1.4775e-03, -3.2768e-02, +2.2625e-02, +5.8000e-02, -5.8716e-02, +5.2571e-03, -8.4405e-03, +5.8244e-02, +1.3735e-02, -1.0000e+00, -7.0131e-02, +1.0763e-01, -9.8150e-03, +4.0292e-02, +2.9424e-02, +2.9238e-03, -1.4364e-02, +4.4328e-03, -3.5472e-02, -6.5155e-02, -1.2074e-01, -6.4539e-02, +1.0544e-02, -3.0536e-02, +9.3863e-03, +2.5049e-02, -5.8544e-02, +2.6934e-02, +4.6848e-03, -3.3893e-02, -7.1333e-03, -4.6363e-02, +1.7311e-02, -1.6002e-03, -7.7204e-03, +4.2650e-02, -7.1317e-02, -8.5114e-02, -1.4192e-02, -2.1431e-02, +3.1976e-02, +1.3598e-02, +4.5938e-02, +2.5096e-02, -4.0994e-02, -2.9540e-02, +1.3585e-02, +6.0223e-02, -3.2263e-02, -1.4933e-03
+5.6221e-03, -9.7647e-03, -4.4034e-02, -7.4056e-03, -4.4041e-02, -9.3662e-03, +1.9783e-02, -5.1418e-02, -4.8569e-02, -7.0131e-02, -1.0000e+00, -2.8822e-02, -1.3501e-02, -3.1271e-02, -5.9520e-02, -1.2969e-02, +9.5061e-02, -9.6298e-02, -3.9185e-02, +3.8945e-02, +2.9164e-03, -7.9340e-03, -7.3296e-03, +1.2426e-01, +2.0525e-02, -1.1533e-03, -5.4027e-02, -3.3367e-03, -7.7128e-02, +3.0552e-02, -3.8527e-03, -2.5055e-03, -2.7425e-02, -2.3128e-02, -3.8978e-04, -1.9095e-02, +1.8179e-02, -8.5358e-02, -1.0789e-01, -2.0495e-02, +3.3160e-02, +7.3677e-03, +2.7627e-03, +6.5255e-02, -3.4751e-02, +1.0086e-01, -2.1831e-02, +3.0977e-02, +3.1561e-02, +4.6317e-02
-5.5025e-02, -1.6124e-02, +3.8790e-02, -4.3935e-02, -6.0759e-02, +5.8806e-02, -4.0706e-02, -5.6614e-02, +3.9412e-02, +1.0763e-01, -2.8822e-02, -1.0000e+00, -5.3159e-02, -1.1146e-02, +3.5584e-02, -2.4996e-02, +2.8506e-03, -2.3963e-02, +3.4106e-02, +5.5239e-02, -1.1386e-02, +5.7785e-02, +8.6068e-02, -5.0190e-02, -2.3560e-02, -3.7674e-02, +4.9797e-02, +2.8729e-02, +6.4209e-02, +1.8910e-02, -5.9689e-02, +4.6928e-02, +6.8884e-03, +7.6016e-03, +3.4646e-02, +5.8617e-02, +2.3347e-02, +2.0126e-02, -1.0527e-02, +3.5238e-02, +3.3580e-02, +6.8316e-02, +6.6101e-02, +1.7634e-02, +7.4351e-02, -4.3246e-02, -3.2361e-02, -3.2857e-02, +1.0313e-02, +1.0904e-01
+4.0828e-02, -7.8418e-02, +8.9224e-02, -2.8008e-02, +4.5321e-04, +4.8379e-03, -2.5051e-02, -3.2614e-02, +3.4905e-02, -9.8150e-03, -1.3501e-02, -5.3159e-02, -1.0000e+00, +9.6923e-03, -2.5833e-02, +2.3373e-02, -6.2940e-03, -1.3082e-02, -7.5680e-02, -5.7443e-03, +1.1859e-01, -2.3386e-02, +4.3727e-02, +6.1072e-03, +3.6178e-02, -2.6154e-02, +1.3795e-02, -2.6742e-02, -5.8974e-04, +2.8529e-02, -2.5174e-02, +9.4568e-03, -3.3932e-02, +4.2997e-02, -1.1715e-02, -4.6228e-02, +3.2621e-02, -1.1176e-02, -1.1091e-02, +5.8793e-02, +3.3950e-02, -4.4919e-03, +8.3976e-03, -1.5883e-02, -4.0094e-02, +1.1685e-02, +4.1953e-02, -8.5010e-02, +5.5657e-04, -1.4385e-02
-4.7085e-03, +1.1253e-01, -7.8369e-03, -6.1154e-02, -1.2610e-02, +1.8030e-02, +1.5882e-03, +3.5579e-02, -2.4241e-02, +4.0292e-02, -3.1271e-02, -1.1146e-02, +9.6923e-03, -1.0000e+00, +1.0769e-02, +3.3442e-02, -5.0242e-03, -2.4039e-03, -6.4652e-02, -7.3673e-02, +6.8181e-02, -1.0499e-01, +5.0423e-02, -2.8831e-02, -2.8081e-02, -2.4907e-02, +3.7059e-02, +1.0390e-02, +7.5601e-02, -7.6283e-03, +3.8676e-03, +1.8887e-02, -6.7388e-02, -5.7066e-02, +2.4051e-02, -8.9293e-02, +2.4459e-02, -7.7805e-02, +1.0920e-02, +7.0361e-02, -5.6718e-03, +2.6011e-02, -3.1913e-02, +7.7856e-02, -5.3974e-02, -3.2881e-02, -2.8805e-02, -3.9588e-02, +8.9024e-03, +2.3298e-02
-1.8462e-02, -5.8930e-02, +2.3518e-03, +5.5662e-02, -1.6418e-02, +2.0915e-02, -2.0963e-02, -5.5663e-02, +5.9522e-02, +2.9424e-02, -5.9520e-02, +3.5584e-02, -2.5833e-02, +1.0769e-02, -1.0000e+00, +6.7023e-02, +3.1443e-02, -2.4313e-02, -2.1904e-02, -4.7653e-02, -5.6141e-03, -2.4583e-02, -8.4310e-02, -1.9921e-02, +5.1881e-02, -2.3021e-02, -3.3473e-02, -5.7623e-02, -5.4650e-02, -6.3404e-02, -5.0924e-02, -2.7931e-02, +2.6167e-03, -8.0260e-02, +3.5005e-02, -3.2901e-02, +1.1580e-01, -3.9406e-02, -4.3932e-02, +1.6591e-02, +5.1715e-03, -4.2416e-03, +4.8945e-02, -3.0960e-02, -6.3559e-02, -3.8580e-02, +2.6784e-02, +1.2119e-02, -2.4396e-03, +1.1930e-01
-4.2575e-02, +4.6685e-02, -6.4165e-02, -3.4247e-02, -2.1617e-02, +6.9642e-02, +3.4440e-02, -3.8601e-02, +1.2353e-02, +2.9238e-03, -1.2969e-02, -2.4996e-02, +2.3373e-02, +3.3442e-02, +6.7023e-02, -1.0000e+00, -8.6405e-02, -1.5699e-02, +7.1282e-02, -3.3662e-02, -4.4381e-01, -1.2808e-01, +6.4147e-02, +9.3085e-02, -2.7557e-02, +7.6729e-02, +1.5331e-01, -1.8323e-02, +1.1504e-01, +4.8645e-03, -3.0875e-02, -1.7915e-02, +1.2069e-01, -1.4712e-01, +5.3394e-03, +5.5982e-01, -2.3801e-03, -5.4284e-02, -5.3120e-02, -1.0217e-01, -1.2348e-02, +6.5831e-02, -3.0368e-02, +9.5017e-02, +4.6565e-03, +7.2920e-02, +6.0507e-03, +5.8937e-01, -2.4375e-01, +3.0746e-02
-4.1544e-02, +7.2340e-02, +4.6957e-02, +9.0915e-02, +4.6082e-02, +9.7284e-02, -1.3493e-02, +3.7844e-02, -4.4515e-02, -1.4364e-02, +9.5061e-02, +2.8506e-03, -6.2941e-03, -5.0242e-03, +3.1443e-02, -8.6405e-02, -1.0000e+00, +5.0172e-02, +7.2959e-02, +1.7069e-02, -2.4459e-02, -8.9829e-02, +1.2631e-02, +4.6104e-02, -9.9784e-03, +1.2292e-01, +7.0612e-02, +3.4349e-02, +5.3465e-02, +4.7363e-02, -6.8544e-03, -1.9727e-02, -5.0004e-02, +1.6429e-01, +9.5948e-02, +1.5310e-01, -9.5424e-02, +2.0665e-02, +2.6816e-02, -1.1168e-01, +4.6796e-02, +2.8359e-03, -4.6072e-02, -3.7822e-02, +5.1309e-04, +1.0552e-01, +1.2170e-01, +1.2058e-01, -1.2247e-01, -2.9253e-01
+7.8596e-03, +8.1307e-02, -3.9264e-02, +2.2031e-02, +6.5296e-02, +4.6169e-02, +1.3115e-02, -1.5372e-02, -3.3633e-02, +4.4328e-03, -9.6298e-02, -2.3963e-02, -1.3082e-02, -2.4039e-03, -2.4313e-02, -1.5699e-02, +5.0172e-02, -1.0000e+00, +1.0338e-01, -5.6455e-02, -3.3915e-02, +4.7515e-02, -3.6928e-02, +7.6030e-02, +1.8626e-02, -4.9317e-03, +4.6811e-02, -1.5552e-02, -4.3226e-02, +3.5006e-02, +6.3670e-03, +1.4007e-02, -1.0295e-01, +2.8349e-02, -1.1256e-02, +2.1101e-02, +5.5371e-02, -3.8688e-02, -4.3917e-03, +1.8852e-02, +2.0450e-02, -3.6554e-02, +4.4085e-02, +5.4707e-03, +9.3198e-04, +1.6574e-01, +4.8163e-02, +9.0633e-02, +7.0462e-03, -6.8238e-02
+2.4200e-02, +4.3255e-03, +3.3293e-02, -3.3412e-03, -6.8729e-02, -4.8573e-02, +5.6346e-02, +1.2019e-02, +3.2989e-02, -3.5472e-02, -3.9185e-02, +3.4106e-02, -7.5680e-02, -6.4652e-02, -2.1904e-02, +7.1282e-02, +7.2959e-02, +1.0338e-01, -1.0000e+00, +2.5885e-02, +8.9273e-02, +3.0888e-02, +3.3893e-02, -6.6664e-02, -3.2834e-02, -2.2453e-02, -5.6714e-02, +4.6144e-02, +3.8921e-02, -7.7638e-02, +5.1935e-03, -2.0534e-03, +1.1854e-02, -1.4817e-02, -1.2943e-02, -1.2064e-01, -3.9408e-02, -1.8005e-02, -1.3442e-02, +9.3313e-03, +5.1952e-02, -6.5733e-02, +2.8853e-03, +1.0299e-01, +2.2945e-02, -6.2027e-02, +1.3412e-02, -1.3318e-01, +5.5922e-02, +1.7099e-03
+8.8796e-03, +2.4167e-02, -2.1634e-02, +6.5851e-02, -2.3165e-02, -4.8605e-02, -2.6648e-02, +2.2202e-02, +6.0893e-02, -6.5155e-02, +3.8945e-02, +5.5239e-02, -5.7443e-03, -7.3673e-02, -4.7653e-02, -3.3662e-02, +1.7069e-02, -5.6455e-02, +2.5885e-02, -1.0000e+00, -9.2899e-02, -5.9998e-02, +5.0134e-02, -1.2231e-01, -8.0648e-03, -3.4671e-02, -1.0574e-01, -1.1149e-02, -7.0115e-02, -2.0577e-02, -3.2974e-02, +3.9460e-02, -7.4507e-02, -4.2792e-03, +2.7587e-02, +8.1876e-02, +7.5283e-02, +6.0937e-03, -5.5432e-02, -5.7381e-02, -2.3473e-03, -4.0590e-02, +5.1964e-02, -4.4735e-02, -7.9464e-02, +1.7772e-02, -2.6994e-02, +9.6180e-02, +3.0849e-02, -2.9993e-02
-6.0175e-02, +8.0884e-02, -6.3630e-02, +2.1629e-02, -5.1113e-02, +6.8769e-02, +4.9549e-02, +4.6205e-02, -1.9007e-02, -1.2074e-01, +2.9164e-03, -1.1386e-02, +1.1859e-01, +6.8181e-02, -5.6141e-03, -4.4381e-01, -2.4459e-02, -3.3915e-02, +8.9273e-02, -9.2899e-02, -1.0000e+00, -1.2037e-01, +3.9932e-02, +8.6361e-02, -2.4299e-02, +3.2346e-02, +1.4331e-01, -2.1202e-02, +3.2524e-02, +1.9885e-02, -4.2358e-02, -5.0705e-02, +1.8592e-01, -5.5497e-03, -1.1924e-02, +7.0297e-01, -1.1182e-01, -5.4757e-02, -4.2720e-02, -2.7752e-01, +3.1278e-02, +7.7347e-03, +2.4975e-02, +2.7142e-02, -1.1112e-02, +1.8860e-01, +2.3621e-02, +7.5967e-01, -2.0891e-01, -1.1181e-01
+3.8413e-03, +1.3700e-02, -5.8329e-02, +6.3521e-02, +1.0829e-02, -2.8359e-02, -5.3745e-02, +2.9759e-02, -2.2179e-02, -6.4539e-02, -7.9340e-03, +5.7785e-02, -2.3386e-02, -1.0499e-01, -2.4583e-02, -1.2808e-01, -8.9829e-02, +4.7515e-02, +3.0888e-02, -5.9998e-02, -1.2037e-01, -1.0000e+00, +6.5918e-03, -9.1633e-03, +7.3408e-02, +4.5132e-02, +4.9758e-02, +3.2640e-02, +8.2805e-02, +1.8700e-02, -2.4201e-02, -8.2855e-02, -6.3267e-02, +6.7795e-03, +8.1275e-02, +1.0827e-01, +1.4340e-01, -1.2395e-01, +3.8129e-02, -6.1056e-02, +7.5185e-03, -3.5348e-02, +3.0894e-03, -4.8863e-02, -1.1099e-01, +2.2839e-03, +2.3474e-02, +1.6499e-01, -1.3741e-01, -7.8940e-02
+1.3019e-02, -2.1491e-02, +2.8324e-03, +9.3176e-02, +5.0863e-02, -2.4959e-02, +4.0901e-02, +4.7371e-02, -3.4080e-02, +1.0544e-02, -7.3296e-03, +8.6069e-02, +4.3727e-02, +5.0423e-02, -8.4310e-02, +6.4147e-02, +1.2631e-02, -3.6928e-02, +3.3893e-02, +5.0134e-02, +3.9932e-02, +6.5918e-03, -1.0000e+00, +1.0529e-02, +3.0401e-04, -3.8458e-02, +2.0292e-02, +6.6567e-03, +3.1533e-03, +4.0259e-02, -3.7244e-02, -4.5532e-02, -3.6498e-02, -5.6511e-02, -6.6570e-03, -1.1902e-01, -3.3500e-02, -3.5839e-02, +4.0696e-02, -1.0716e-02, -5.8242e-02, -5.8430e-03, +2.0902e-02, -1.1633e-02, -2.0820e-03, +2.6613e-02, -7.1566e-03, -7.5285e-02, +1.6107e-02, -3.5671e-02
+1.3124e-02, -4.0563e-03, -4.8919e-02, +1.3083e-02, -7.3233e-02, -7.7700e-03, +5.6672e-02, -4.5267e-02, +4.3313e-02, -3.0536e-02, +1.2426e-01, -5.0190e-02, +6.1072e-03, -2.8831e-02, -1.9921e-02, +9.3085e-02, +4.6104e-02, +7.6030e-02, -6.6664e-02, -1.2231e-01, +8.6361e-02, -9.1633e-03, +1.0529e-02, -1.0000e+00, +3.6402e-02, -2.0963e-02, -8.2739e-02, +3.7017e-02, +2.2272e-02, -2.2058e-02, -1.2605e-01, +9.4152e-04, +2.8944e-02, -1.0674e-02, -3.5635e-02, -1.5056e-01, +1.1195e-01, +4.3853e-02, -4.4595e-02, +8.5431e-02, -3.0595e-02, -6.8960e-04, +8.5372e-02, +9.5676e-02, -6.1936e-02, -9.2015e-02, -3.0980e-02, -1.0792e-01, +8.0807e-03, +3.9662e-02
-3.7699e-02, +3.3946e-02, -9.1899e-02, -2.7273e-02, +2.1008e-02, -3.1005e-02, +4.2304e-02, +2.0551e-02, -1.7752e-02, +9.3863e-03, +2.0525e-02, -2.3560e-02, +3.6178e-02, -2.8081e-02, +5.1881e-02, -2.7557e-02, -9.9784e-03, +1.8626e-02, -3.2834e-02, -8.0648e-03, -2.4299e-02, +7.3408e-02, +3.0402e-04, +3.6402e-02, -1.0000e+00, +9.6193e-02, -5.4595e-03, +3.5975e-02, -6.1075e-02, +7.5969e-02, +1.3217e-03, -2.6158e-02, -3.6925e-03, +1.9369e-02, +4.0263e-02, +7.8394e-02, -3.1333e-02, -1.1880e-02, -3.7017e-02, -1.8017e-02, -6.3006e-03, +5.4992e-02, -7.2609e-02, +3.4397e-02, +3.5732e-04, -1.5568e-02, +5.9006e-02, +4.8440e-02, -2.8687e-03, +4.1746e-02
+3.4220e-02, -4.4417e-02, +1.9071e-03, -8.9605e-02, +7.7554e-02, +2.8003e-02, +6.2486e-03, +5.6236e-02, -2.1931e-03, +2.5049e-02, -1.1533e-03, -3.7674e-02, -2.6154e-02, -2.4907e-02, -2.3021e-02, +7.6729e-02, +1.2292e-01, -4.9317e-03, -2.2453e-02, -3.4671e-02, +3.2346e-02, +4.5132e-02, -3.8458e-02, -2.0963e-02, +9.6193e-02, -1.0000e+00, +1.5172e-02, +1.9500e-03, -2.5492e-02, -7.7131e-02, -2.5012e-03, +2.0015e-02, +1.6002e-04, +4.0898e-02, +4.1045e-03, -3.3522e-02, -3.7210e-02, +1.5898e-02, -2.7776e-02, +1.0015e-01, -4.5566e-02, -1.1101e-02, +3.1911e-02, -7.3025e-02, +2.2845e-03, -1.2017e-02, -4.2484e-02, -4.5035e-02, -3.7032e-03, +1.0129e-03
+3.5302e-02, -2.2663e-02, -3.1455e-02, -9.5888e-02, -4.5352e-02, -1.7286e-02, +3.1967e-03, -2.8118e-02, +5.5031e-03, -5.8544e-02, -5.4027e-02, +4.9797e-02, +1.3795e-02, +3.7059e-02, -3.3473e-02, +1.5331e-01, +7.0612e-02, +4.6811e-02, -5.6714e-02, -1.0574e-01, +1.4331e-01, +4.9758e-02, +2.0292e-02, -8.2739e-02, -5.4595e-03, +1.5172e-02, -1.0000e+00, -1.2246e-02, -1.0978e-01, -1.2523e-02, -8.8813e-02, +1.6585e-02, +5.6659e-02, -2.6396e-02, -5.0034e-02, -2.4985e-01, +4.1238e-02, +3.9973e-02, -1.1932e-02, +9.9096e-02, -3.0030e-02, -2.4557e-02, +4.4964e-02, +5.1641e-02, +1.5566e-02, -1.4250e-01, +8.2266e-04, -2.6005e-01, +9.0411e-02, +6.6249e-02
-4.8690e-02, -2.6141e-02, -6.2049e-02, +2.4632e-02, -7.1276e-02, -1.0935e-02, -4.1066e-02, -4.4551e-02, -3.4037e-02, +2.6934e-02, -3.3367e-03, +2.8729e-02, -2.6742e-02, +1.0390e-02, -5.7623e-02, -1.8323e-02, +3.4349e-02, -1.5552e-02, +4.6144e-02, -1.1149e-02, -2.1202e-02, +3.2640e-02, +6.6567e-03, +3.7017e-02, +3.5975e-02, +1.9500e-03, -1.2246e-02, -1.0000e+00, -1.4959e-03, -8.7944e-06, -1.2448e-02, +5.4947e-02, -8.1201e-03, +1.5114e-02, -2.9132e-02, +3.6094e-02, +7.9113e-02, -3.2178e-02, -2.0557e-03, -9.3095e-03, +2.7543e-02, -3.9038e-03, +5.8787e-02, +7.8507e-02, +1.4176e-02, +2.5976e-02, -6.0173e-02, +4.9841e-02, +3.5433e-02, +9.1867e-03
+1.1839e-02, +5.3050e-02, -6.1562e-02, -2.6659e-03, -7.4883e-02, -3.6946e-02, +1.9750e-02, +2.1678e-02, +6.9737e-02, +4.6848e-03, -7.7128e-02, +6.4209e-02, -5.8975e-04, +7.5601e-02, -5.4650e-02, +1.1504e-01, +5.3465e-02, -4.3226e-02, +3.8921e-02, -7.0115e-02, +3.2524e-02, +8.2805e-02, +3.1533e-03, +2.2272e-02, -6.1075e-02, -2.5492e-02, -1.0978e-01, -1.4959e-03, -1.0000e+00, -5.4078e-02, -7.3472e-02, +4.9585e-02, +4.0966e-03, +2.1470e-02, -5.4521e-02, -7.4204e-02, +7.5516e-02, -9.5842e-04, -3.0459e-02, +5.6727e-02, +4.8895e-02, +2.8944e-02, -5.2436e-03, +7.4929e-03, +1.6483e-02, +6.1632e-02, +2.3719e-03, -3.4736e-02, +2.0175e-02, +2.5196e-02
+8.6500e-02, -1.8190e-02, +2.9185e-02, -1.6714e-02, -1.2608e-02, +5.3428e-02, +6.3108e-03, -1.4212e-03, +4.2542e-03, -3.3893e-02, +3.0552e-02, +1.8910e-02, +2.8529e-02, -7.6283e-03, -6.3404e-02, +4.8645e-03, +4.7363e-02, +3.5006e-02, -7.7638e-02, -2.0577e-02, +1.9885e-02, +1.8700e-02, +4.0259e-02, -2.2058e-02, +7.5969e-02, -7.7131e-02, -1.2523e-02, -8.7893e-06, -5.4078e-02, -1.0000e+00, +2.6785e-03, +6.4979e-02, +9.7025e-03, +3.2265e-02, -1.5992e-02, +1.3401e-02, -6.3949e-02, +1.0533e-01, -5.4656e-02, +1.1387e-02, +1.3525e-02, -4.1772e-03, +3.4604e-02, -6.0683e-03, +1.9454e-02, +2.0551e-02, -4.6822e-02, +8.8031e-03, +4.1596e-03, +1.3800e-02
+5.1865e-04, +5.5750e-02, +4.4411e-02, -2.6964e-02, +8.2723e-02, -5.0563e-02, -1.9893e-02, -1.3376e-02, +2.3693e-02, -7.1333e-03, -3.8526e-03, -5.9689e-02, -2.5174e-02, +3.8676e-03, -5.0924e-02, -3.0875e-02, -6.8543e-03, +6.3670e-03, +5.1935e-03, -3.2974e-02, -4.2358e-02, -2.4201e-02, -3.7244e-02, -1.2605e-01, +1.3217e-03, -2.5012e-03, -8.8813e-02, -1.2448e-02, -7.3472e-02, +2.6785e-03, -1.0000e+00, -7.5426e-03, +1.1036e-02, -2.0773e-02, +7.4450e-02, +5.9526e-02, +1.5211e-01, +2.5259e-02, -3.2174e-02, +5.3916e-02, +2.3638e-02, +4.4480e-02, +2.6486e-02, +5.6804e-03, -2.0614e-02, -1.1010e-02, +6.4793e-02, +8.3169e-02, -7.2938e-02, +2.4818e-03
-4.1303e-02, +2.9260e-02, -6.2236e-03, +2.7258e-02, -5.3915e-02, -9.1478e-03, +4.0286e-03, +7.5618e-02, -6.5556e-02, -4.6363e-02, -2.5055e-03, +4.6928e-02, +9.4568e-03, +1.8887e-02, -2.7931e-02, -1.7915e-02, -1.9727e-02, +1.4007e-02, -2.0534e-03, +3.9460e-02, -5.0705e-02, -8.2855e-02, -4.5532e-02, +9.4151e-04, -2.6158e-02, +2.0015e-02, +1.6585e-02, +5.4947e-02, +4.9585e-02, +6.4979e-02, -7.5426e-03, -1.0000e+00, +2.3561e-02, +7.5381e-02, +3.7913e-02, +4.6404e-02, -1.2376e-02, +8.4851e-03, -5.0174e-03, +7.6241e-02, -4.9896e-03, -3.9948e-02, -5.6443e-02, -4.6845e-02, -3.3275e-02, +8.6025e-02, -1.2364e-02, +7.6290e-02, -5.2871e-02, -1.0464e-01
-1.9491e-02, +7.1523e-02, -3.8955e-02, +4.7320e-02, +3.5592e-02, -4.8842e-02, +3.2270e-02, +6.6305e-02, -5.2105e-02, +1.7311e-02, -2.7425e-02, +6.8884e-03, -3.3932e-02, -6.7388e-02, +2.6167e-03, +1.2069e-01, -5.0004e-02, -1.0295e-01, +1.1854e-02, -7.4507e-02, +1.8592e-01, -6.3267e-02, -3.6498e-02, +2.8944e-02, -3.6925e-03, +1.6002e-04, +5.6659e-02, -8.1201e-03, +4.0966e-03, +9.7025e-03, +1.1036e-02, +2.3561e-02, -1.0000e+00, +1.4126e-01, +1.9749e-03, -6.3963e-02, +4.4946e-02, -4.7783e-04, -5.0546e-02, -1.0291e-01, -3.2328e-02, +3.5697e-03, -5.4455e-02, -1.4646e-01, -5.5863e-02, +4.7415e-02, -1.1967e-01, -1.1070e-02, -6.3730e-02, -4.1650e-02
+3.8920e-02, +9.8738e-03, +1.0248e-03, -5.2704e-02, -2.7040e-02, -6.0070e-03, -5.9092e-02, -3.5531e-02, +3.1314e-02, -1.6002e-03, -2.3128e-02, +7.6016e-03, +4.2997e-02, -5.7066e-02, -8.0260e-02, -1.4712e-01, +1.6429e-01, +2.8349e-02, -1.4817e-02, -4.2792e-03, -5.5497e-03, +6.7795e-03, -5.6511e-02, -1.0674e-02, +1.9369e-02, +4.0898e-02, -2.6396e-02, +1.5114e-02, +2.1470e-02, +3.2265e-02, -2.0773e-02, +7.5381e-02, +1.4126e-01, -1.0000e+00, -2.2480e-02, -7.4322e-02, +9.8120e-02, -5.2707e-02, -6.2855e-03, -8.6214e-02, +3.1179e-02, +6.3356e-03, +3.6781e-02, +5.3073e-02, -2.1010e-02, -4.7277e-02, +2.7307e-02, -4.0480e-02, +6.9525e-02, +1.6811e-01
-1.1962e-02, -9.0984e-03, -2.4342e-02, -1.4014e-02, +1.9038e-02, -8.0588e-03, +3.3486e-02, -5.9302e-02, +2.3295e-02, -7.7204e-03, -3.8978e-04, +3.4646e-02, -1.1715e-02, +2.4051e-02, +3.5005e-02, +5.3394e-03, +9.5948e-02, -1.1256e-02, -1.2943e-02, +2.7587e-02, -1.1924e-02, +8.1275e-02, -6.6570e-03, -3.5635e-02, +4.0263e-02, +4.1045e-03, -5.0034e-02, -2.9132e-02, -5.4521e-02, -1.5992e-02, +7.4450e-02, +3.7913e-02, +1.9749e-03, -2.2480e-02, -1.0000e+00, -3.8507e-02, -5.3167e-02, +4.8755e-02, -8.6583e-02, +2.8774e-02, +1.9471e-02, +5.5188e-02, -1.5568e-02, +8.6775e-03, +3.5348e-02, -5.3362e-02, -1.9162e-02, -2.0291e-02, +2.3871e-02, +7.4674e-02
+1.3019e-01, -3.1650e-02, +6.1180e-02, +5.4993e-03, +1.0816e-02, -1.5126e-01, -2.1429e-02, +1.3906e-02, -2.7001e-02, +4.2650e-02, -1.9095e-02, +5.8617e-02, -4.6228e-02, -8.9293e-02, -3.2901e-02, +5.5982e-01, +1.5310e-01, +2.1101e-02, -1.2064e-01, +8.1876e-02, +7.0297e-01, +1.0827e-01, -1.1902e-01, -1.5056e-01, +7.8394e-02, -3.3522e-02, -2.4985e-01, +3.6094e-02, -7.4204e-02, +1.3401e-02, +5.9526e-02, +4.6404e-02, -6.3963e-02, -7.4322e-02, -3.8507e-02, -1.0000e+00, +1.0751e-01, +2.5997e-02, -4.2609e-03, +2.9859e-01, -3.0341e-02, +4.2874e-03, +2.9188e-04, -1.0743e-01, -8.0233e-02, -2.2570e-01, -1.2001e-02, -8.3637e-01, +3.8440e-01, +9.2542e-02
-4.9415e-02, +5.6789e-03, -7.5638e-02, +3.6280e-02, +8.4621e-02, +2.5743e-02, -4.8600e-03, -1.6813e-02, -3.5346e-03, -7.1317e-02, +1.8179e-02, +2.3347e-02, +3.2621e-02, +2.4459e-02, +1.1580e-01, -2.3801e-03, -9.5424e-02, +5.5371e-02, -3.9408e-02, +7.5283e-02, -1.1182e-01, +1.4340e-01, -3.3500e-02, +1.1195e-01, -3.1333e-02, -3.7210e-02, +4.1238e-02, +7.9113e-02, +7.5516e-02, -6.3949e-02, +1.5211e-01, -1.2376e-02, +4.4946e-02, +9.8120e-02, -5.3167e-02, +1.0751e-01, -1.0000e+00, +3.1032e-03, -3.6833e-04, -1.7481e-01, +9.4869e-02, -9.0708e-02, +3.4040e-02, +3.2541e-02, +8.5671e-02, +4.8276e-02, +8.6933e-02, +4.2329e-02, +6.4893e-02, -1.0250e-01
+1.2740e-02, +5.7840e-02, -3.5075e-02, +8.3038e-03, +8.2684e-02, -8.9428e-02, -3.5259e-02, -3.0532e-02, +2.1112e-02, -8.5114e-02, -8.5358e-02, +2.0126e-02, -1.1176e-02, -7.7805e-02, -3.9406e-02, -5.4284e-02, +2.0665e-02, -3.8688e-02, -1.8005e-02, +6.0937e-03, -5.4757e-02, -1.2395e-01, -3.5839e-02, +4.3853e-02, -1.1880e-02, +1.5898e-02, +3.9973e-02, -3.2178e-02, -9.5842e-04, +1.0533e-01, +2.5259e-02, +8.4851e-03, -4.7783e-04, -5.2707e-02, +4.8755e-02, +2.5997e-02, +3.1032e-03, -1.0000e+00, +1.2353e-02, +3.1261e-03, -7.4787e-03, +7.2970e-02, -6.0915e-02, +2.0528e-02, -1.0816e-02, +5.6724e-02, -5.8339e-02, +7.0032e-02, +1.3840e-02, +6.8722e-03
-5.2663e-02, +4.7055e-03, -1.4011e-02, +1.4878e-02, -2.9915e-02, -3.4706e-02, +1.3346e-03, +2.3623e-02, +5.1994e-02, -1.4192e-02, -1.0789e-01, -1.0527e-02, -1.1091e-02, +1.0920e-02, -4.3932e-02, -5.3120e-02, +2.6816e-02, -4.3917e-03, -1.3442e-02, -5.5432e-02, -4.2720e-02, +3.8129e-02, +4.0696e-02, -4.4595e-02, -3.7017e-02, -2.7776e-02, -1.1932e-02, -2.0557e-03, -3.0459e-02, -5.4656e-02, -3.2174e-02, -5.0174e-03, -5.0546e-02, -6.2855e-03, -8.6583e-02, -4.2609e-03, -3.6832e-04, +1.2353e-02, -1.0000e+00, -6.1167e-02, +1.4288e-03, +2.8335e-03, +2.0260e-02, +2.8830e-02, -1.3008e-02, +2.5521e-02, +3.5265e-03, +5.5186e-03, +2.6879e-02, +1.2355e-01
-5.7429e-02, +3.2926e-02, -9.5937e-02, +3.9391e-02, -3.0066e-02, +4.6802e-02, +6.6193e-03, +3.4314e-03, +4.0842e-02, -2.1431e-02, -2.0495e-02, +3.5238e-02, +5.8793e-02, +7.0361e-02, +1.6591e-02, -1.0217e-01, -1.1168e-01, +1.8852e-02, +9.3314e-03, -5.7381e-02, -2.7752e-01, -6.1056e-02, -1.0716e-02, +8.5431e-02, -1.8017e-02, +1.0015e-01, +9.9096e-02, -9.3096e-03, +5.6727e-02, +1.1387e-02, +5.3916e-02, +7.6241e-02, -1.0291e-01, -8.6214e-02, +2.8774e-02, +2.9859e-01, -1.7481e-01, +3.1261e-03, -6.1167e-02, -1.0000e+00, +6.4351e-02, +1.5955e-02, -2.9114e-02, +1.3500e-01, -8.1531e-02, +7.7321e-02, +1.0509e-02, +3.5618e-01, -8.4193e-02, +1.7969e-01
+1.5121e-03, +7.2877e-03, -5.9726e-02, +2.4923e-03, -3.2616e-02, +5.6732e-02, -2.9998e-02, +1.9139e-02, -4.6550e-03, +3.1976e-02, +3.3160e-02, +3.3580e-02, +3.3950e-02, -5.6718e-03, +5.1715e-03, -1.2348e-02, +4.6796e-02, +2.0450e-02, +5.1952e-02, -2.3473e-03, +3.1278e-02, +7.5185e-03, -5.8242e-02, -3.0595e-02, -6.3007e-03, -4.5566e-02, -3.0030e-02, +2.7543e-02, +4.8895e-02, +1.3525e-02, +2.3638e-02, -4.9896e-03, -3.2328e-02, +3.1179e-02, +1.9471e-02, -3.0341e-02, +9.4869e-02, -7.4787e-03, +1.4288e-03, +6.4351e-02, -1.0000e+00, +3.4779e-02, -2.9848e-02, +2.0143e-03, +2.7556e-03, -7.5213e-02, -8.2343e-03, -3.0402e-02, +1.7050e-02, +6.1541e-02
+1.0120e-02, -3.5335e-02, +4.9788e-02, +5.9716e-02, +2.6057e-02, -2.1511e-02, +8.6651e-03, +2.5789e-02, +1.4966e-02, +1.3598e-02, +7.3677e-03, +6.8316e-02, -4.4919e-03, +2.6011e-02, -4.2416e-03, +6.5831e-02, +2.8359e-03, -3.6554e-02, -6.5733e-02, -4.0590e-02, +7.7347e-03, -3.5348e-02, -5.8430e-03, -6.8960e-04, +5.4992e-02, -1.1101e-02, -2.4557e-02, -3.9038e-03, +2.8944e-02, -4.1773e-03, +4.4480e-02, -3.9948e-02, +3.5697e-03, +6.3356e-03, +5.5188e-02, +4.2875e-03, -9.0708e-02, +7.2970e-02, +2.8335e-03, +1.5955e-02, +3.4779e-02, -1.0000e+00, -8.3727e-03, +5.4037e-02, +2.1618e-02, -6.2077e-03, +4.2050e-02, -2.1131e-03, -9.0769e-03, -1.1536e-01
+8.3475e-03, +2.4527e-03, -8.0915e-02, +2.7821e-02, +1.5277e-02, -2.4666e-03, +2.5793e-02, +6.2863e-02, -3.3401e-02, +4.5938e-02, +2.7628e-03, +6.6101e-02, +8.3976e-03, -3.1913e-02, +4.8945e-02, -3.0368e-02, -4.6072e-02, +4.4085e-02, +2.8853e-03, +5.1964e-02, +2.4975e-02, +3.0894e-03, +2.0902e-02, +8.5372e-02, -7.2609e-02, +3.1911e-02, +4.4964e-02, +5.8787e-02, -5.2436e-03, +3.4604e-02, +2.6486e-02, -5.6443e-02, -5.4455e-02, +3.6781e-02, -1.5568e-02, +2.9188e-04, +3.4040e-02, -6.0915e-02, +2.0260e-02, -2.9114e-02, -2.9848e-02, -8.3727e-03, -1.0000e+00, +3.5794e-02, -1.1015e-02, +1.7347e-03, -1.2217e-03, +4.1465e-02, -2.7523e-02, -8.7019e-02
+5.3079e-02, +3.3354e-02, +4.9506e-02, +6.0362e-02, +2.1517e-02, +4.0510e-02, -1.7405e-02, +4.5618e-02, -2.3454e-02, +2.5096e-02, +6.5255e-02, +1.7634e-02, -1.5883e-02, +7.7856e-02, -3.0960e-02, +9.5017e-02, -3.7822e-02, +5.4707e-03, +1.0299e-01, -4.4735e-02, +2.7142e-02, -4.8863e-02, -1.1633e-02, +9.5676e-02, +3.4397e-02, -7.3025e-02, +5.1641e-02, +7.8507e-02, +7.4930e-03, -6.0683e-03, +5.6804e-03, -4.6845e-02, -1.4646e-01, +5.3073e-02, +8.6775e-03, -1.0743e-01, +3.2541e-02, +2.0528e-02, +2.8830e-02, +1.3500e-01, +2.0143e-03, +5.4037e-02, +3.5794e-02, -1.0000e+00, -5.7576e-02, +7.9642e-02, -4.6057e-02, -6.8785e-02, +4.4758e-02, -1.2108e-02
-3.8385e-02, -2.6895e-02, +7.5463e-02, +3.0235e-02, -7.7166e-02, +5.5138e-02, -7.6772e-02, -2.4494e-02, +2.9953e-02, -4.0994e-02, -3.4751e-02, +7.4351e-02, -4.0094e-02, -5.3974e-02, -6.3559e-02, +4.6565e-03, +5.1308e-04, +9.3198e-04, +2.2945e-02, -7.9464e-02, -1.1112e-02, -1.1099e-01, -2.0820e-03, -6.1936e-02, +3.5732e-04, +2.2845e-03, +1.5566e-02, +1.4176e-02, +1.6483e-02, +1.9454e-02, -2.0614e-02, -3.3275e-02, -5.5863e-02, -2.1010e-02, +3.5348e-02, -8.0233e-02, +8.5671e-02, -1.0816e-02, -1.3008e-02, -8.1531e-02, +2.7556e-03, +2.1618e-02, -1.1015e-02, -5.7576e-02, -1.0000e+00, +2.1308e-02, +1.1572e-02, +6.0422e-02, -4.2995e-02, +1.1086e-02
+5.6387e-02, -5.4536e-02, -3.6160e-02, -1.0866e-01, -6.7884e-02, +6.0597e-03, -3.6573e-02, +6.7629e-02, -5.4057e-03, -2.9540e-02, +1.0086e-01, -4.3246e-02, +1.1685e-02, -3.2881e-02, -3.8580e-02, +7.2920e-02, +1.0552e-01, +1.6574e-01, -6.2027e-02, +1.7772e-02, +1.8860e-01, +2.2839e-03, +2.6613e-02, -9.2015e-02, -1.5568e-02, -1.2017e-02, -1.4250e-01, +2.5976e-02, +6.1632e-02, +2.0551e-02, -1.1010e-02, +8.6025e-02, +4.7415e-02, -4.7277e-02, -5.3362e-02, -2.2570e-01, +4.8276e-02, +5.6724e-02, +2.5521e-02, +7.7321e-02, -7.5212e-02, -6.2077e-03, +1.7347e-03, +7.9642e-02, +2.1308e-02, -1.0000e+00, +1.8702e-02, -2.9614e-01, +1.8174e-01, +1.7292e-01
+3.1473e-03, +1.3402e-02, -8.5669e-02, -1.3089e-02, -4.6273e-02, -8.3068e-02, -8.5909e-02, -3.2987e-03, -6.1783e-02, +1.3585e-02, -2.1831e-02, -3.2361e-02, +4.1953e-02, -2.8805e-02, +2.6784e-02, +6.0506e-03, +1.2170e-01, +4.8163e-02, +1.3412e-02, -2.6994e-02, +2.3621e-02, +2.3474e-02, -7.1566e-03, -3.0980e-02, +5.9006e-02, -4.2484e-02, +8.2265e-04, -6.0173e-02, +2.3719e-03, -4.6822e-02, +6.4793e-02, -1.2364e-02, -1.1967e-01, +2.7307e-02, -1.9162e-02, -1.2001e-02, +8.6933e-02, -5.8339e-02, +3.5265e-03, +1.0509e-02, -8.2343e-03, +4.2050e-02, -1.2217e-03, -4.6057e-02, +1.1572e-02, +1.8702e-02, -1.0000e+00, -5.7257e-03, +6.6777e-03, +1.0222e-02
+1.1387e-01, -1.1432e-01, +1.4092e-01, -4.3965e-02, +8.1918e-02, -1.0396e-01, -3.9170e-02, -2.6517e-02, +3.8748e-03, +6.0223e-02, +3.0977e-02, -3.2857e-02, -8.5010e-02, -3.9588e-02, +1.2119e-02, +5.8937e-01, +1.2058e-01, +9.0633e-02, -1.3318e-01, +9.6180e-02, +7.5967e-01, +1.6499e-01, -7.5285e-02, -1.0792e-01, +4.8440e-02, -4.5035e-02, -2.6005e-01, +4.9841e-02, -3.4736e-02, +8.8031e-03, +8.3169e-02, +7.6290e-02, -1.1070e-02, -4.0480e-02, -2.0291e-02, -8.3637e-01, +4.2329e-02, +7.0032e-02, +5.5186e-03, +3.5618e-01, -3.0402e-02, -2.1131e-03, +4.1465e-02, -6.8785e-02, +6.0422e-02, -2.9614e-01, -5.7257e-03, -1.0000e+00, +3.6745e-01, +2.1384e-01
-7.4301e-03, +3.7225e-02, -3.2072e-02, +1.1836e-02, -1.3513e-02, +4.6922e-02, +3.1197e-02, +2.0088e-02, -4.7040e-02, -3.2263e-02, +3.1561e-02, +1.0313e-02, +5.5657e-04, +8.9024e-03, -2.4396e-03, -2.4375e-01, -1.2247e-01, +7.0462e-03, +5.5922e-02, +3.0849e-02, -2.0891e-01, -1.3741e-01, +1.6107e-02, +8.0807e-03, -2.8687e-03, -3.7032e-03, +9.0411e-02, +3.5433e-02, +2.0175e-02, +4.1596e-03, -7.2938e-02, -5.2871e-02, -6.3730e-02, +6.9525e-02, +2.3871e-02, +3.8440e-01, +6.4893e-02, +1.3840e-02, +2.6879e-02, -8.4193e-02, +1.7050e-02, -9.0769e-03, -2.7523e-02, +4.4758e-02, -4.2995e-02, +1.8174e-01, +6.6777e-03, +3.6745e-01, -1.0000e+00, -1.1452e-01
-2.4562e-02, +6.2518e-02, +1.4621e-02, +1.0968e-01, +5.5256e-02, -9.1011e-03, +2.2210e-02, +6.4200e-02, -2.6622e-02, -1.4933e-03, +4.6317e-02, +1.0904e-01, -1.4385e-02, +2.3298e-02, +1.1930e-01, +3.0746e-02, -2.9253e-01, -6.8238e-02, +1.7099e-03, -2.9993e-02, -1.1181e-01, -7.8940e-02, -3.5671e-02, +3.9662e-02, +4.1746e-02, +1.0129e-03, +6.6249e-02, +9.1867e-03, +2.5196e-02, +1.3800e-02, +2.4818e-03, -1.0464e-01, -4.1650e-02, +1.6811e-01, +7.4674e-02, +9.2542e-02, -1.0250e-01, +6.8722e-03, +1.2355e-01, +1.7969e-01, +6.1541e-02, -1.1536e-01, -8.7019e-02, -1.2108e-02, +1.1086e-02, +1.7292e-01, +1.0222e-02, +2.1384e-01, -1.1452e-01, -1.0000e+00
