-1.0000e+00, -3.2776e-02, -1.8293e-02, -9.2127e-02, +1.0980e-01, -8.9172e-03, +1.4882e-02, -4.7891e-02, -4.1906e-03, +1.6079e-02, +4.5932e-02, -5.4501e-02, +1.5787e-02, -3.7293e-02, +6.0017e-03, -2.9393e-02, -9.8182e-03, -5.9431e-03, +2.9775e-02, +1.8449e-02, +8.8807e-02, -1.0275e-02, -8.4165e-04, +5.5047e-02, -4.5023e-02, -8.3803e-03, +2.0607e-02, -6.5419e-03, +4.2616e-02, -5.4352e-02, +9.4391e-03, -1.6099e-02, +6.5511e-03, +3.8823e-03, +3.3060e-03, +3.7988e-02, +4.2406e-02, -5.9469e-03, +2.6585e-02, +1.7903e-02, -2.0111e-02, -3.7062e-02, -2.4232e-02, +5.7360e-02, -6.5507e-02, -8.6336e-03, -6.4473e-02, +2.7141e-02, -5.7097e-02, +3.0685e-02
-3.2776e-02, -1.0000e+00, +3.6639e-03, -1.1700e-02, +3.2227e-02, +3.0864e-02, -4.8118e-02, +4.4374e-02, +3.9797e-03, +7.5467e-03, +3.7513e-02, -4.4955e-02, -2.3327e-02, +2.3366e-02, -5.6960e-03, -3.8372e-03, -1.6531e-02, +1.4872e-02, +4.4736e-02, +3.7253e-02, -3.2430e-03, +6.5985e-04, +5.8547e-02, -1.2033e-02, +1.4816e-02, -1.7538e-02, +8.7120e-02, -2.1417e-02, +3.1521e-02, +2.4487e-03, +5.2058e-02, -1.1508e-02, +5.8152e-03, -9.0769e-02, -3.8622e-03, -9.1238e-03, -3.2972e-02, +1.1639e-02, -2.0289e-02, +3.3186e-02, +2.8617e-02, +2.3145e-02, +2.2349e-02, +6.1745e-03, -2.9196e-02, +1.2485e-02, +5.1358e-02, -3.8004e-02, +1.7017e-02, +6.6280e-02
-1.8293e-02, +3.6639e-03, -1.0000e+00, +6.4297e-02, +6.3457e-02, -7.5479e-02, +1.2752e-02, +3.0810e-02, -4.9675e-02, +1.2135e-01, -3.4504e-02, -1.5901e-02, -3.1132e-02, +3.2838e-02, +3.9414e-02, +8.2620e-03, -3.5149e-02, +1.8631e-02, -5.0603e-02, -4.5477e-02, +1.1322e-02, -3.0094e-02, +1.3115e-03, +1.3880e-03, -5.5906e-02, +9.8698e-03, +2.1528e-02, -6.5115e-02, -7.4033e-02, +4.1941e-02, +2.9359e-02, +4.5277e-02, -4.1760e-02, +4.6786e-02, +3.3171e-02, +6.9575e-02, -5.6749e-02, -3.1202e-02, -2.2423e-02, +4.6086e-02, +4.3847e-03, -6.8130e-02, +2.7749e-02, +4.2216e-03, -3.2620e-02, +1.2191e-02, -1.1226e-01, +1.8658e-02, +2.6182e-02, +3.9581e-02
-9.2127e-02, -1.1700e-02, +6.4297e-02, -1.0000e+00, -9.3021e-03, -1.0824e-02, +1.6628e-02, -3.1432e-02, +9.3303e-02, -1.0083e-02, -3.7372e-02, -5.6335e-02, +2.2550e-02, +5.0301e-02, -9.8757e-03, +5.5168e-02, +3.0131e-02, -3.9275e-02, +2.1006e-02, -2.4430e-02, +1.1034e-04, -2.5138e-02, -1.0301e-02, -4.7452e-02, -7.5769e-02, -5.3595e-02, +5.0217e-02, -1.6477e-01, -6.7980e-02, +4.2696e-02, -1.0225e-02, +1.1825e-02, -4.2148e-02, -1.5180e-02, +1.5104e-02, +7.1269e-02, -2.0760e-02, -6.4157e-02, -2.5980e-02, -2.4009e-02, +3.7432e-02, -3.4893e-03, -2.3677e-02, -1.8561e-02, +8.3971e-02, +2.0628e-02, -7.2972e-02, +2.9937e-02, -4.2497e-04, +6.2642e-02
+1.0980e-01, +3.2227e-02, +6.3457e-02, -9.3021e-03, -1.0000e+00, -4.2068e-02, +1.3063e-03, -8.4288e-04, +1.3359e-01, -8.8154e-02, -9.3338e-02, -3.8337e-02, +2.9111e-02, -2.8875e-02, -4.1605e-02, +3.2548e-03, +3.1096e-02, -3.6640e-02, -1.2398e-01, -6.1724e-03, -6.2382e-02, +6.0109e-02, +3.4651e-02, -2.5449e-02, +2.5335e-02, +1.1432e-02, -7.6336e-02, -4.4743e-02, -7.2234e-02, -4.5290e-02, +1.2700e-02, +7.7778e-03, -2.4226e-02, +5.0450e-02, -4.7696e-02, +2.2147e-02, -2.9110e-02, -1.4340e-02, -3.7927e-02, -7.3581e-02, -3.6879e-02, +5.7265e-02, +2.6371e-03, -3.9819e-02, +4.1903e-02, +5.0032e-03, -2.2447e-02, +5.9202e-02, -8.2732e-03, +8.6895e-02
-8.9172e-03, +3.0864e-02, -7.5479e-02, -1.0824e-02, -4.2068e-02, -1.0000e+00, +2.5634e-02, +4.2787e-02, +1.3890e-02, -1.1010e-02, -7.9770e-02, +4.7202e-02, -2.6646e-02, +3.2115e-02, -5.7100e-02, -2.7526e-02, -1.1584e-02, -4.7356e-02, -2.4268e-04, -7.3503e-02, +1.5656e-02, +5.1792e-03, -8.1107e-03, +4.8036e-02, +3.4891e-02, +9.3108e-03, -3.3707e-02, -3.7444e-02, +2.6841e-02, -2.7756e-02, -8.9606e-02, -1.2667e-02, -3.8886e-02, +2.6924e-02, +3.7840e-03, -6.3750e-04, -2.7350e-02, -7.4602e-03, -7.2250e-02, +7.5317e-03, +2.7968e-02, -8.6104e-02, -7.6204e-02, -3.0211e-02, +7.1664e-02, +5.8944e-02, -3.9188e-02, -6.9574e-03, +4.9870e-02, +7.3195e-03
+1.4882e-02, -4.8118e-02, +1.2752e-02, +1.6628e-02, +1.3063e-03, +2.5634e-02, -1.0000e+00, -9.6690e-03, +5.4892e-02, -3.1653e-03, +3.7921e-02, -1.3522e-02, -1.5809e-02, +2.0310e-02, -1.3455e-02, +2.1164e-02, -3.1183e-02, +5.5290e-03, +4.9199e-02, -3.5485e-02, -1.2976e-03, +1.3104e-02, +4.5913e-02, +7.9727e-03, +7.5311e-02, +4.5327e-02, +2.1461e-02, -4.9278e-02, +4.0573e-03, -1.7442e-03, +6.0986e-02, +3.1040e-02, -3.8941e-03, -1.1158e-02, +1.4705e-02, -1.8203e-02, +1.6267e-02, +2.3033e-02, +1.0546e-02, +5.4730e-02, +2.8087e-03, +1.5644e-02, -4.3047e-02, +3.5080e-03, -7.2688e-02, -5.4872e-02, +6.6621e-03, -6.9986e-02, -2.5633e-02, +3.2045e-03
-4.7891e-02, +4.4374e-02, +3.0810e-02, -3.1432e-02, -8.4287e-04, +4.2787e-02, -9.6690e-03, -1.0000e+00, +4.8476e-02, +6.7481e-02, +1.7635e-02, +6.5705e-03, +6.8086e-02, +7.9414e-02, +5.4557e-02, +6.6283e-03, -4.2246e-02, -2.8979e-04, +4.8962e-02, -6.1151e-03, +4.9675e-02, -1.7202e-02, -4.2091e-02, +1.5211e-02, +5.0020e-02, +5.1052e-02, +2.8546e-02, +1.6583e-03, +2.1441e-02, +5.2187e-02, +7.1884e-02, +2.6587e-02, +5.0690e-02, +1.7930e-02, -8.2004e-04, +2.2916e-02, +2.4475e-02, -2.7706e-02, -2.1000e-02, +5.9132e-03, -7.4724e-03, -1.2246e-03, -1.6183e-02, -4.7376e-03, -7.4119e-02, +6.8731e-02, -2.2122e-02, -9.0895e-02, -1.2625e-02, -7.1079e-03
-4.1906e-03, +3.9798e-03, -4.9675e-02, +9.3303e-02, +1.3359e-01, +1.3890e-02, +5.4892e-02, +4.8476e-02, -1.0000e+00, -1.0722e-01, +2.9596e-02, +6.7679e-02, +5.3243e-02, +2.8916e-02, +3.8451e-02, +3.4311e-02, -3.4052e-02, -6.4298e-04, +1.5578e-02, -3.0803e-02, +4.3529e-02, -3.9643e-02, +7.8784e-02, +3.9564e-02, -6.9172e-02, +5.9347e-02, -1.3898e-02, +2.8552e-02, +9.5213e-02, -2.5816e-02, +2.0937e-02, -2.0331e-02, -2.7949e-05, -2.1158e-02, -4.9727e-03, +2.5857e-02, -3.8458e-02, +4.1443e-02, +1.3239e-02, -4.0164e-02, +3.1462e-02, +3.3266e-02, -1.7408e-02, -1.5484e-02, +6.5180e-02, -1.5010e-02, -1.5882e-02, +6.1088e-02, +8.7331e-03, +2.7606e-02
+1.6079e-02, +7.5467e-03, +1.2135e-01, -1.0083e-02, -8.8154e-02, -1.1010e-02, -3.1653e-03, +6.7481e-02, -1.0722e-01, -1.0000e+00, -1.0181e-01, -5.4865e-02, +1.6440e-02, +2.6675e-05, -1.3409e-02, +4.9345e-02, +1.2831e-01, -1.4751e-01, +6.4129e-03, -1.2178e-02, -7.9022e-02, +1.9342e-02, +4.0700e-01, -1.1553e-01, +4.8656e-02, +9.3667e-03, -7.1966e-02, -2.5357e-02, -1.6140e-02, -1.8287e-02, -2.0053e-02, +1.3501e-01, -8.3275e-03, -3.0969e-02, -6.2209e-02, -4.0678e-02, -2.4646e-02, +2.0562e-02, -8.7872e-02, -1.6359e-01, -2.1993e-02, +3.5496e-01, +4.2709e-02, +2.4926e-02, +3.9506e-01, -5.3372e-02, -5.9659e-02, +1.2698e-01, +2.7671e-02, -2.3259e-02
+4.5932e-02, +3.7513e-02, -3.4504e-02, -3.7372e-02, -9.3338e-02, -7.9770e-02, +3.7921e-02, +1.7635e-02, +2.9596e-02, -1.0181e-01, -1.0000e+00, -3.1833e-02, +9.0636e-02, +9.9125e-02, -1.4891e-01, +2.8672e-02, -1.4703e-02, -1.4060e-01, +6.1173e-02, -3.9945e-02, -1.2538e-01, -5.9908e-03, +9.2848e-02, +8.1148e-02, +7.1655e-02, -7.8384e-02, -8.3285e-02, -5.2679e-02, -7.5312e-02, -4.0479e-02, -1.0885e-01, +6.5929e-03, -1.8124e-02, -1.5401e-02, -9.6210e-03, +7.8326e-03, -1.0135e-02, -6.6714e-02, -8.4762e-03, +2.4776e-02, +4.6594e-02, -2.8409e-02, -3.1996e-03, -2.8975e-03, -1.1884e-02, +5.5453e-02, -7.4443e-02, +1.1859e-01, +5.7315e-02, +8.8306e-03
-5.4501e-02, -4.4955e-02, -1.5901e-02, -5.6335e-02, -3.8337e-02, +4.7202e-02, -1.3522e-02, +6.5706e-03, +6.7679e-02, -5.4865e-02, -3.1833e-02, -1.0000e+00, -7.7768e-03, +4.7336e-03, -1.8969e-02, -2.5065e-02, -2.5858e-02, -5.5396e-02, +1.4535e-02, +1.6786e-02, -5.8612e-02, +1.5332e-02, +1.3573e-02, -4.0036e-02, -6.5435e-02, -7.2267e-02, -2.9690e-04, +8.8190e-03, +3.3434e-02, +4.4639e-02, -2.3852e-02, +9.4850e-02, -2.3040e-02, +5.5932e-02, -1.3380e-02, -6.7788e-02, -7.9706e-03, -2.8604e-02, +2.2704e-03, -2.6643e-02, -5.0673e-02, +4.8415e-02, -2.0385e-02, -3.7536e-03, +5.2443e-02, +1.8588e-02, +8.1563e-03, -1.2973e-02, -3.6872e-03, -2.9641e-02
+1.5787e-02, -2.3327e-02, -3.1132e-02, +2.2550e-02, +2.9111e-02, -2.6646e-02, -1.5809e-02, +6.8086e-02, +5.3243e-02, +1.6440e-02, +9.0636e-02, -7.7768e-03, -1.0000e+00, +1.7236e-02, +4.5205e-04, +9.3241e-03, -4.0616e-02, +1.0911e-02, -1.2510e-02, -1.9227e-03, -6.5245e-02, -1.7767e-02, +1.1659e-02, +2.1034e-02, +2.5007e-02, +3.5748e-02, -3.4717e-02, -1.2149e-02, -1.4402e-02, -1.2675e-02, +2.7189e-02, -6.5709e-02, +4.7318e-02, +7.5931e-02, +2.0298e-02, +1.4152e-02, -1.0185e-02, +8.5006e-02, +2.2275e-02, +1.1843e-02, +4.1869e-02, +2.3521e-02, -7.5474e-02, +4.5728e-03, -1.0460e-01, -1.8344e-02, +1.7797e-02, -1.8879e-01, +2.0432e-02, -1.6511e-02
-3.7293e-02, +2.3366e-02, +3.2838e-02, +5.0301e-02, -2.8875e-02, +3.2115e-02, +2.0310e-02, +7.9414e-02, +2.8916e-02, +2.6680e-05, +9.9125e-02, +4.7336e-03, +1.7236e-02, -1.0000e+00, +3.3508e-02, +3.1541e-02, -1.9912e-02, -9.1975e-03, -2.0172e-02, -3.8617e-02, +3.1388e-02, -3.5468e-02, -9.5045e-03, -1.4477e-02, -3.3956e-02, +4.6075e-03, -2.6668e-03, +1.3015e-03, +2.7071e-02, -3.9712e-02, +2.6066e-02, +6.2309e-03, -4.9089e-02, -1.3419e-02, +2.4333e-02, -5.9050e-03, +2.4361e-03, +1.8805e-02, +3.5004e-03, -3.8006e-04, -6.6847e-02, -2.9828e-02, +1.8527e-02, -3.2951e-02, -3.9469e-02, -4.2992e-02, +1.9581e-02, +1.1426e-02, -3.5429e-02, -6.5591e-02
+6.0017e-03, -5.6960e-03, +3.9414e-02, -9.8757e-03, -4.1605e-02, -5.7100e-02, -1.3455e-02, +5.4557e-02, +3.8451e-02, -1.3409e-02, -1.4891e-01, -1.8969e-02, +4.5205e-04, +3.3509e-02, -1.0000e+00, -6.5456e-03, -1.3400e-02, -4.5381e-02, -8.4626e-02, -4.5479e-02, -2.1947e-02, +2.7881e-02, +7.2173e-03, +2.0435e-03, +4.6173e-03, +1.6206e-02, -9.8124e-02, -2.0285e-02, -3.5517e-02, +3.2272e-02, -5.4917e-02, +3.8079e-02, -1.0167e-02, +2.7413e-02, +2.8016e-02, +7.6877e-02, +1.1176e-02, -5.4713e-02, -6.3963e-02, +3.2722e-02, -3.8832e-02, -2.4451e-02, +2.4735e-02, -8.3283e-02, -3.8799e-02, -1.8112e-03, -1.3957e-02, +1.3642e-01, -1.8412e-02, +1.2671e-01
-2.9393e-02, -3.8372e-03, +8.2620e-03, +5.5168e-02, +3.2548e-03, -2.7526e-02, +2.1164e-02, +6.6283e-03, +3.4311e-02, +4.9345e-02, +2.8672e-02, -2.5065e-02, +9.3241e-03, +3.1541e-02, -6.5456e-03, -1.0000e+00, +3.3843e-03, +4.0598e-03, -7.5703e-02, -2.6479e-02, -2.6695e-02, -6.2416e-02, +8.9500e-02, +1.7028e-02, -6.3219e-02, -5.1783e-02, +1.5372e-02, +5.8464e-02, +1.0467e-02, -6.1624e-03, -2.3479e-02, -2.7984e-02, +2.0577e-02, -1.6371e-03, -5.3370e-02, -1.8506e-02, +6.1743e-02, +2.0640e-02, +2.6168e-02, -5.7183e-02, +5.0167e-02, -8.5559e-02, +3.3945e-03, -4.1958e-04, -1.2377e-02, +1.5258e-02, -3.6634e-04, -7.1331e-02, -7.6008e-02, +6.0769e-02
-9.8182e-03, -1.6531e-02, -3.5149e-02, +3.0131e-02, +3.1096e-02, -1.1584e-02, -3.1183e-02, -4.2246e-02, -3.4052e-02, +1.2831e-01, -1.4703e-02, -2.5858e-02, -4.0616e-02, -1.9912e-02, -1.3400e-02, +3.3843e-03, -1.0000e+00, -2.8973e-02, +1.5115e-02, -2.0570e-02, +1.6862e-02, -2.1650e-02, +7.3816e-02, +5.4106e-03, -3.6244e-02, +8.5960e-03, +9.2757e-03, +5.7648e-02, +2.5414e-02, +3.5169e-03, -5.2032e-02, +6.1035e-03, -7.8264e-02, -6.6365e-02, +1.0623e-02, -2.6251e-02, -2.5473e-02, +3.0029e-02, +1.5734e-02, +5.7455e-02, -6.7202e-02, +1.0412e-01, +7.9751e-02, -7.4506e-02, -5.8045e-02, -2.9386e-02, -3.6518e-02, +3.6607e-02, -1.0788e-01, -1.1505e-02
-5.9431e-03, +1.4872e-02, +1.8631e-02, -3.9275e-02, -3.6640e-02, -4.7356e-02, +5.5290e-03, -2.8980e-04, -6.4300e-04, -1.4751e-01, -1.4060e-01, -5.5396e-02, +1.0911e-02, -9.1976e-03, -4.5381e-02, +4.0598e-03, -2.8973e-02, -1.0000e+00, -2.4193e-02, +6.3612e-02, -7.1350e-02, +2.9431e-02, +1.4483e-01, +5.2903e-02, +1.0083e-01, -7.4595e-02, -4.0357e-02, +2.3853e-02, +6.4254e-02, +8.9879e-03, -2.6197e-02, +7.0265e-02, -1.9219e-03, -8.8446e-03, -2.4321e-02, +1.1350e-02, -8.4896e-02, +3.0418e-02, -6.2213e-02, -3.3183e-02, -7.5404e-04, -3.1958e-02, -9.9723e-05, +5.4587e-02, +8.8271e-02, +2.1533e-02, -2.5968e-02, -3.1063e-02, -1.2764e-02, -1.5150e-02
+2.9775e-02, +4.4736e-02, -5.0603e-02, +2.1006e-02, -1.2398e-01, -2.4269e-04, +4.9199e-02, +4.8962e-02, +1.5578e-02, +6.4129e-03, +6.1173e-02, +1.4535e-02, -1.2510e-02, -2.0172e-02, -8.4626e-02, -7.5703e-02, +1.5115e-02, -2.4193e-02, -1.0000e+00, -1.5144e-02, +1.2809e-02, -4.7585e-02, -3.9719e-02, -7.0195e-02, -8.1236e-03, -2.7200e-02, -7.9810e-02, -2.2145e-02, +5.1544e-02, -4.5899e-02, -3.5394e-02, -4.1317e-02, +1.3214e-02, +3.6437e-02, +1.2304e-02, +2.2589e-02, +2.5124e-02, -6.1964e-02, -3.9641e-02, +1.8923e-02, -4.6222e-02, -3.7890e-02, -3.9387e-03, -5.6621e-03, -2.6831e-02, +4.5855e-02, -6.9471e-02, -4.7815e-02, -3.7967e-02, +1.7928e-02
+1.8449e-02, +3.7253e-02, -4.5477e-02, -2.4430e-02, -6.1725e-03, -7.3503e-02, -3.5485e-02, -6.1151e-03, -3.0803e-02, -1.2178e-02, -3.9945e-02, +1.6786e-02, -1.9227e-03, -3.8617e-02, -4.5479e-02, -2.6479e-02, -2.0570e-02, +6.3612e-02, -1.5144e-02, -1.0000e+00, +5.7609e-02, -1.1999e-02, +6.0424e-02, -1.1833e-01, -3.4889e-02, -1.4781e-02, -8.9218e-02, -4.1487e-02, -1.0357e-01, -3.7917e-02, -5.5629e-02, -2.1511e-02, -5.4539e-02, -4.7439e-02, +5.2167e-02, +2.2007e-02, +1.1137e-01, -1.1445e-01, -4.0645e-02, -6.8178e-02, -5.2216e-02, +1.2606e-01, -1.0367e-01, +1.9188e-02, -3.6605e-02, -6.3306e-03, -4.7619e-02, +3.5060e-02, +9.0938e-02, -2.6693e-02
+8.8807e-02, -3.2430e-03, +1.1322e-02, +1.1032e-04, -6.2382e-02, +1.5656e-02, -1.2976e-03, +4.9675e-02, +4.3529e-02, -7.9022e-02, -1.2538e-01, -5.8612e-02, -6.5245e-02, +3.1388e-02, -2.1947e-02, -2.6695e-02, +1.6862e-02, -7.1350e-02, +1.2809e-02, +5.7609e-02, -1.0000e+00, +1.0811e-01, +7.3139e-02, +4.7726e-02, +2.4872e-02, -8.6067e-03, +1.8102e-02, +4.2418e-02, -3.9126e-02, -4.1418e-03, +2.8310e-02, +5.9344e-03, -9.5117e-03, +2.2771e-02, +5.6554e-02, -4.4937e-02, +5.0294e-02, -6.9893e-02, -6.4716e-04, -8.0223e-03, -2.5038e-02, +5.2493e-02, +2.7896e-02, -9.4448e-02, +7.5965e-02, -2.1720e-02, -2.3647e-02, -6.1997e-02, +6.2189e-02, -4.7116e-02
-1.0275e-02, +6.5985e-04, -3.0094e-02, -2.5138e-02, +6.0109e-02, +5.1792e-03, +1.3104e-02, -1.7202e-02, -3.9643e-02, +1.9342e-02, -5.9908e-03, +1.5332e-02, -1.7767e-02, -3.5468e-02, +2.7881e-02, -6.2416e-02, -2.1650e-02, +2.9431e-02, -4.7585e-02, -1.1999e-02, +1.0811e-01, -1.0000e+00, -1.4911e-02, -2.9547e-02, -6.8419e-02, +2.1065e-02, +2.1217e-02, +7.9393e-03, +1.1989e-02, +1.3185e-02, -3.2834e-02, +2.4091e-02, -2.3200e-02, -2.2960e-02, +2.3563e-02, -3.7531e-02, +4.9668e-02, -9.8399e-03, -3.4266e-04, +5.7278e-02, +2.5429e-02, -3.1233e-02, +2.3341e-02, -1.7121e-02, -1.6400e-02, +1.0354e-02, +4.2060e-02, +2.7148e-02, +3.2894e-02, -5.5864e-02
-8.4165e-04, +5.8547e-02, +1.3115e-03, -1.0301e-02, +3.4651e-02, -8.1107e-03, +4.5913e-02, -4.2091e-02, +7.8784e-02, +4.0700e-01, +9.2848e-02, +1.3573e-02, +1.1659e-02, -9.5045e-03, +7.2173e-03, +8.9500e-02, +7.3816e-02, +1.4483e-01, -3.9719e-02, +6.0424e-02, +7.3139e-02, -1.4911e-02, -1.0000e+00, +5.4250e-02, +1.2120e-02, -2.6606e-02, +3.4122e-02, +3.2163e-02, +1.0423e-02, +8.8004e-02, +5.3301e-03, -7.4207e-02, -7.0590e-02, +6.0627e-02, -3.1781e-03, +4.1235e-02, +5.5933e-02, +1.7887e-02, +9.3762e-02, +8.2839e-02, -9.9161e-02, -4.8728e-02, -1.1007e-03, -4.2908e-02, -1.3914e-01, +1.1471e-02, +7.3948e-02, -5.0579e-02, -9.5977e-02, +5.6203e-02
+5.5047e-02, -1.2033e-02, +1.3880e-03, -4.7452e-02, -2.5449e-02, +4.8036e-02, +7.9727e-03, +1.5211e-02, +3.9564e-02, -1.1553e-01, +8.1148e-02, -4.0036e-02, +2.1034e-02, -1.4477e-02, +2.0435e-03, +1.7028e-02, +5.4106e-03, +5.2903e-02, -7.0195e-02, -1.1833e-01, +4.7726e-02, -2.9547e-02, +5.4250e-02, -1.0000e+00, -1.0349e-02, -3.4416e-02, -1.1338e-02, -6.9889e-02, -4.0365e-02, -9.1391e-02, -5.9369e-03, +1.3575e-03, -4.6822e-02, +9.8239e-04, +5.0121e-02, +1.1747e-02, +4.4020e-02, -3.3415e-03, -1.5023e-02, -7.7592e-02, +1.3176e-02, -2.2637e-02, +1.0916e-03, +2.0613e-02, +4.6531e-02, -6.1002e-02, +2.9750e-02, +7.9042e-02, +6.7951e-02, -1.0296e-02
-4.5023e-02, +1.4816e-02, -5.5906e-02, -7.5769e-02, +2.5335e-02, +3.4891e-02, +7.5311e-02, +5.0020e-02, -6.9172e-02, +4.8656e-02, +7.1655e-02, -6.5435e-02, +2.5007e-02, -3.3956e-02, +4.6173e-03, -6.3219e-02, -3.6243e-02, +1.0083e-01, -8.1236e-03, -3.4889e-02, +2.4872e-02, -6.8419e-02, +1.2120e-02, -1.0349e-02, -1.0000e+00, +1.0007e-02, -7.6156e-03, -4.9507e-02, -1.7285e-02, -4.7673e-02, -4.3600e-02, -1.0237e-01, +4.5225e-02, -4.5453e-02, +2.3590e-02, +3.5937e-02, -7.4907e-03, +1.0291e-02, -3.8939e-02, +1.0501e-02, -7.1673e-02, +1.1685e-02, +2.1731e-02, +1.5953e-02, -2.4982e-02, +2.1393e-02, -1.1383e-02, -4.2461e-02, +9.3949e-03, +1.3563e-02
-8.3803e-03, -1.7538e-02, +9.8698e-03, -5.3595e-02, +1.1432e-02, +9.3108e-03, +4.5327e-02, +5.1052e-02, +5.9347e-02, +9.3667e-03, -7.8384e-02, -7.2267e-02, +3.5748e-02, +4.6075e-03, +1.6206e-02, -5.1783e-02, +8.5960e-03, -7.4595e-02, -2.7200e-02, -1.4781e-02, -8.6067e-03, +2.1065e-02, -2.6606e-02, -3.4416e-02, +1.0007e-02, -1.0000e+00, -5.7544e-02, +2.7454e-02, -2.0012e-02, -5.0855e-03, -4.3569e-02, -1.6798e-02, +7.5196e-03, -9.7505e-03, +5.2844e-02, +1.2552e-02, +5.8511e-02, +3.9476e-02, +4.7256e-02, -3.8158e-02, -7.0894e-02, -3.9494e-02, -7.9500e-03, +1.0548e-02, -2.3788e-02, +3.6944e-02, -6.7364e-03, -7.4803e-02, -1.3829e-02, +1.1583e-01
+2.0607e-02, +8.7120e-02, +2.1528e-02, +5.0217e-02, -7.6336e-02, -3.3707e-02, +2.1461e-02, +2.8546e-02, -1.3898e-02, -7.1966e-02, -8.3285e-02, -2.9691e-04, -3.4717e-02, -2.6668e-03, -9.8124e-02, +1.5372e-02, +9.2757e-03, -4.0357e-02, -7.9810e-02, -8.9218e-02, +1.8102e-02, +2.1217e-02, +3.4122e-02, -1.1338e-02, -7.6156e-03, -5.7544e-02, -1.0000e+00, +7.9798e-04, -5.1493e-02, -1.1909e-01, -3.8636e-02, +2.5848e-02, -1.0971e-02, +3.4344e-02, -8.4655e-02, +5.1570e-02, -3.3077e-04, -4.8739e-02, -1.8614e-02, +1.5546e-02, +1.9082e-02, -6.0837e-02, -3.4591e-02, +1.1829e-02, +3.3438e-02, -1.5847e-02, -2.2785e-02, +1.6329e-02, +2.8783e-02, +7.2124e-02
-6.5419e-03, -2.1417e-02, -6.5115e-02, -1.6477e-01, -4.4743e-02, -3.7444e-02, -4.9278e-02, +1.6583e-03, +2.8552e-02, -2.5356e-02, -5.2679e-02, +8.8190e-03, -1.2149e-02, +1.3015e-03, -2.0285e-02, +5.8464e-02, +5.7648e-02, +2.3853e-02, -2.2145e-02, -4.1487e-02, +4.2418e-02, +7.9393e-03, +3.2163e-02, -6.9889e-02, -4.9507e-02, +2.7454e-02, +7.9799e-04, -1.0000e+00, +1.5151e-02, +4.4741e-02, +3.5600e-02, +2.5180e-02, -2.0424e-02, +1.0400e-02, -1.4323e-02, +1.0159e-02, -5.8727e-02, +2.6054e-02, +1.0441e-02, +7.1733e-03, +8.0488e-03, -2.6243e-02, +1.6243e-02, +3.8170e-02, -5.9102e-03, +4.0887e-02, -4.4338e-02, +5.1919e-02, +5.2633e-03, -3.2508e-02
+4.2616e-02, +3.1521e-02, -7.4033e-02, -6.7980e-02, -7.2234e-02, +2.6841e-02, +4.0573e-03, +2.1441e-02, +9.5213e-02, -1.6140e-02, -7.5312e-02, +3.3434e-02, -1.4402e-02, +2.7071e-02, -3.5517e-02, +1.0467e-02, +2.5414e-02, +6.4254e-02, +5.1544e-02, -1.0357e-01, -3.9126e-02, +1.1989e-02, +1.0423e-02, -4.0365e-02, -1.7285e-02, -2.0012e-02, -5.1493e-02, +1.5151e-02, -1.0000e+00, -4.3852e-02, +8.1271e-04, -2.2175e-02, -4.6831e-02, -3.4857e-03, -4.4011e-02, -3.6136e-02, +3.6923e-03, -4.2854e-02, -1.9701e-02, +1.0124e-02, +6.4099e-02, +6.2700e-02, -9.9611e-03, -5.1067e-02, -1.3869e-02, -1.5799e-02, -3.2003e-02, -3.4248e-02, +2.9041e-02, +1.4891e-02
-5.4352e-02, +2.4487e-03, +4.1941e-02, +4.2696e-02, -4.5290e-02, -2.7756e-02, -1.7442e-03, +5.2187e-02, -2.5816e-02, -1.8287e-02, -4.0479e-02, +4.4639e-02, -1.2675e-02, -3.9712e-02, +3.2272e-02, -6.1624e-03, +3.5169e-03, +8.9879e-03, -4.5900e-02, -3.7917e-02, -4.1418e-03, +1.3185e-02, +8.8004e-02, -9.1391e-02, -4.7673e-02, -5.0855e-03, -1.1909e-01, +4.4741e-02, -4.3852e-02, -1.0000e+00, -2.0837e-02, +4.5489e-02, +1.1685e-02, -8.5352e-02, -7.5600e-03, -1.2719e-02, +1.5624e-02, +2.4474e-02, +4.0657e-02, -3.6271e-02, +1.5585e-02, +1.5391e-02, +2.8936e-03, +1.7741e-02, +4.8552e-02, -2.0029e-02, -1.3215e-02, -1.0808e-02, +4.2622e-02, +9.7309e-04
+9.4391e-03, +5.2058e-02, +2.9359e-02, -1.0225e-02, +1.2700e-02, -8.9606e-02, +6.0986e-02, +7.1884e-02, +2.0937e-02, -2.0053e-02, -1.0885e-01, -2.3852e-02, +2.7189e-02, +2.6066e-02, -5.4917e-02, -2.3479e-02, -5.2032e-02, -2.6197e-02, -3.5394e-02, -5.5629e-02, +2.8310e-02, -3.2834e-02, +5.3301e-03, -5.9369e-03, -4.3600e-02, -4.3569e-02, -3.8636e-02, +3.5600e-02, +8.1270e-04, -2.0837e-02, -1.0000e+00, -2.9703e-02, +2.1944e-02, -6.5788e-02, +5.3811e-02, -4.1268e-02, -2.2212e-02, -8.4479e-02, -7.6771e-02, -3.7097e-02, -9.0796e-02, -8.8293e-02, -5.1274e-02, -1.0269e-02, -3.5014e-03, +2.7515e-02, -3.4637e-02, +1.1560e-01, -3.8358e-02, -5.4941e-02
-1.6099e-02, -1.1508e-02, +4.5277e-02, +1.1825e-02, +7.7778e-03, -1.2667e-02, +3.1040e-02, +2.6587e-02, -2.0331e-02, +1.3501e-01, +6.5929e-03, +9.4850e-02, -6.5709e-02, +6.2309e-03, +3.8079e-02, -2.7984e-02, +6.1035e-03, +7.0265e-02, -4.1317e-02, -2.1511e-02, +5.9344e-03, +2.4091e-02, -7.4207e-02, +1.3575e-03, -1.0237e-01, -1.6798e-02, +2.5848e-02, +2.5180e-02, -2.2175e-02, +4.5489e-02, -2.9703e-02, -1.0000e+00, -3.5329e-02, -2.8406e-02, +3.4528e-02, +9.0203e-03, -2.6142e-02, +2.0421e-02, -3.7811e-02, +8.1051e-02, +1.5705e-02, -6.2573e-02, -7.4104e-02, -7.1431e-02, -7.1114e-02, +4.9413e-02, +5.7292e-02, -4.3829e-02, +6.6173e-02, +5.7647e-02
+6.5511e-03, +5.8152e-03, -4.1760e-02, -4.2148e-02, -2.4226e-02, -3.8886e-02, -3.8941e-03, +5.0690e-02, -2.7949e-05, -8.3275e-03, -1.8124e-02, -2.3040e-02, +4.7318e-02, -4.9089e-02, -1.0167e-02, +2.0577e-02, -7.8264e-02, -1.9219e-03, +1.3214e-02, -5.4539e-02, -9.5117e-03, -2.3200e-02, -7.0590e-02, -4.6822e-02, +4.5225e-02, +7.5196e-03, -1.0971e-02, -2.0424e-02, -4.6831e-02, +1.1685e-02, +2.1944e-02, -3.5329e-02, -1.0000e+00, +1.9771e-01, +3.3726e-02, +4.1211e-02, +2.1176e-03, -2.7039e-02, +5.0490e-02, -1.9622e-02, -1.0531e-02, +1.9253e-01, +7.7171e-03, +2.6640e-03, -1.4650e-02, +5.0254e-02, -8.6491e-03, +6.2393e-02, +3.2840e-01, +1.3032e-01
+3.8823e-03, -9.0769e-02, +4.6786e-02, -1.5180e-02, +5.0450e-02, +2.6924e-02, -1.1158e-02, +1.7930e-02, -2.1158e-02, -3.0969e-02, -1.5401e-02, +5.5932e-02, +7.5931e-02, -1.3419e-02, +2.7413e-02, -1.6371e-03, -6.6365e-02, -8.8446e-03, +3.6437e-02, -4.7439e-02, +2.2771e-02, -2.2960e-02, +6.0627e-02, +9.8239e-04, -4.5453e-02, -9.7505e-03, +3.4344e-02, +1.0400e-02, -3.4857e-03, -8.5352e-02, -6.5788e-02, -2.8406e-02, +1.9771e-01, -1.0000e+00, -3.9682e-02, -5.8567e-02, -1.2512e-02, -6.5600e-03, -1.3835e-02, -1.0834e-02, -4.3128e-03, +1.1512e-01, +7.2173e-02, -5.9427e-02, +2.7454e-02, -2.3065e-03, -6.4229e-02, +1.3926e-01, +1.2471e-01, +6.7969e-02
+3.3060e-03, -3.8622e-03, +3.3171e-02, +1.5104e-02, -4.7696e-02, +3.7840e-03, +1.4705e-02, -8.2005e-04, -4.9727e-03, -6.2209e-02, -9.6210e-03, -1.3380e-02, +2.0298e-02, +2.4333e-02, +2.8016e-02, -5.3370e-02, +1.0623e-02, -2.4321e-02, +1.2304e-02, +5.2167e-02, +5.6554e-02, +2.3563e-02, -3.1781e-03, +5.0121e-02, +2.3590e-02, +5.2844e-02, -8.4655e-02, -1.4323e-02, -4.4011e-02, -7.5600e-03, +5.3811e-02, +3.4528e-02, +3.3726e-02, -3.9682e-02, -1.0000e+00, +3.7452e-03, -9.1298e-02, +1.8122e-02, -2.2479e-02, +8.0106e-03, +1.5135e-02, +5.3679e-02, +1.7496e-02, -2.0405e-03, +6.8577e-02, -3.1637e-03, -1.2109e-02, -4.1456e-03, -3.7440e-02, -3.6915e-02
+3.7988e-02, -9.1238e-03, +6.9575e-02, +7.1269e-02, +2.2147e-02, -6.3750e-04, -1.8203e-02, +2.2916e-02, +2.5857e-02, -4.0678e-02, +7.8326e-03, -6.7788e-02, +1.4152e-02, -5.9050e-03, +7.6877e-02, -1.8506e-02, -2.6251e-02, +1.1350e-02, +2.2589e-02, +2.2007e-02, -4.4937e-02, -3.7531e-02, +4.1235e-02, +1.1747e-02, +3.5937e-02, +1.2552e-02, +5.1570e-02, +1.0159e-02, -3.6136e-02, -1.2719e-02, -4.1268e-02, +9.0203e-03, +4.1211e-02, -5.8567e-02, +3.7452e-03, -1.0000e+00, -7.0896e-02, -1.9899e-02, -3.4459e-03, -1.9464e-02, -6.0793e-02, +2.8457e-02, +2.4528e-02, +4.0315e-02, +5.8635e-02, -2.5989e-02, -9.3932e-03, +7.2254e-02, -1.0195e-02, +8.6343e-02
+4.2406e-02, -3.2972e-02, -5.6749e-02, -2.0760e-02, -2.9110e-02, -2.7350e-02, +1.6267e-02, +2.4475e-02, -3.8458e-02, -2.4646e-02, -1.0135e-02, -7.9707e-03, -1.0185e-02, +2.4361e-03, +1.1176e-02, +6.1743e-02, -2.5473e-02, -8.4896e-02, +2.5124e-02, +1.1137e-01, +5.0294e-02, +4.9668e-02, +5.5933e-02, +4.4020e-02, -7.4907e-03, +5.8511e-02, -3.3078e-04, -5.8727e-02, +3.6923e-03, +1.5624e-02, -2.2212e-02, -2.6142e-02, +2.1176e-03, -1.2512e-02, -9.1298e-02, -7.0896e-02, -1.0000e+00, +5.3449e-02, -5.1775e-02, +4.1281e-02, +4.9715e-02, -3.7829e-02, -3.9532e-02, +4.6550e-02, +6.2883e-03, -6.7357e-02, -7.4274e-02, +4.1883e-02, +6.3627e-02, -7.8363e-02
-5.9469e-03, +1.1639e-02, -3.1202e-02, -6.4157e-02, -1.4340e-02, -7.4602e-03, +2.3033e-02, -2.7706e-02, +4.1443e-02, +2.0562e-02, -6.6714e-02, -2.8604e-02, +8.5006e-02, +1.8805e-02, -5.4713e-02, +2.0640e-02, +3.0029e-02, +3.0418e-02, -6.1964e-02, -1.1445e-01, -6.9893e-02, -9.8399e-03, +1.7887e-02, -3.3415e-03, +1.0291e-02, +3.9476e-02, -4.8739e-02, +2.6054e-02, -4.2854e-02, +2.4474e-02, -8.4479e-02, +2.0421e-02, -2.7039e-02, -6.5600e-03, +1.8122e-02, -1.9899e-02, +5.3449e-02, -1.0000e+00, -2.9148e-02, -3.0771e-02, -7.4188e-03, -6.7055e-02, -8.9572e-04, +3.9382e-03, -1.5568e-02, +6.1268e-02, -6.1931e-02, +1.3810e-01, -1.1727e-02, -2.1693e-02
+2.6585e-02, -2.0289e-02, -2.2423e-02, -2.5980e-02, -3.7927e-02, -7.2250e-02, +1.0546e-02, -2.1000e-02, +1.3239e-02, -8.7872e-02, -8.4762e-03, +2.2703e-03, +2.2275e-02, +3.5004e-03, -6.3963e-02, +2.6168e-02, +1.5734e-02, -6.2213e-02, -3.9641e-02, -4.0645e-02, -6.4716e-04, -3.4266e-04, +9.3762e-02, -1.5023e-02, -3.8939e-02, +4.7256e-02, -1.8614e-02, +1.0441e-02, -1.9701e-02, +4.0657e-02, -7.6771e-02, -3.7811e-02, +5.0490e-02, -1.3835e-02, -2.2479e-02, -3.4459e-03, -5.1775e-02, -2.9148e-02, -1.0000e+00, -1.3962e-02, +6.6770e-02, +1.8599e-02, -3.5248e-02, +1.0954e-02, +4.8052e-02, +3.1356e-02, -5.4702e-02, +5.1539e-02, -4.7436e-02, -2.1779e-02
+1.7903e-02, +3.3186e-02, +4.6086e-02, -2.4009e-02, -7.3581e-02, +7.5316e-03, +5.4730e-02, +5.9131e-03, -4.0164e-02, -1.6359e-01, +2.4776e-02, -2.6643e-02, +1.1843e-02, -3.8007e-04, +3.2722e-02, -5.7183e-02, +5.7455e-02, -3.3183e-02, +1.8923e-02, -6.8178e-02, -8.0223e-03, +5.7278e-02, +8.2839e-02, -7.7592e-02, +1.0501e-02, -3.8158e-02, +1.5546e-02, +7.1733e-03, +1.0124e-02, -3.6271e-02, -3.7097e-02, +8.1051e-02, -1.9622e-02, -1.0834e-02, +8.0106e-03, -1.9464e-02, +4.1281e-02, -3.0771e-02, -1.3962e-02, -1.0000e+00, -5.0361e-02, +7.1279e-02, -1.0940e-02, +5.5083e-02, +8.5006e-02, +2.4246e-02, -3.3311e-02, -2.7139e-02, +6.8855e-02, +1.8174e-02
-2.0111e-02, +2.8617e-02, +4.3847e-03, +3.7432e-02, -3.6879e-02, +2.7968e-02, +2.8087e-03, -7.4724e-03, +3.1462e-02, -2.1993e-02, +4.6594e-02, -5.0673e-02, +4.1869e-02, -6.6847e-02, -3.8832e-02, +5.0167e-02, -6.7202e-02, -7.5404e-04, -4.6222e-02, -5.2216e-02, -2.5038e-02, +2.5429e-02, -9.9161e-02, +1.3176e-02, -7.1673e-02, -7.0894e-02, +1.9082e-02, +8.0488e-03, +6.4099e-02, +1.5585e-02, -9.0796e-02, +1.5705e-02, -1.0531e-02, -4.3128e-03, +1.5135e-02, -6.0793e-02, +4.9715e-02, -7.4188e-03, +6.6770e-02, -5.0361e-02, -1.0000e+00, -2.6002e-02, -2.5919e-02, -2.4122e-02, +2.5814e-02, -4.2363e-02, +3.2092e-02, -2.0730e-03, -6.2847e-03, +3.8588e-02
-3.7062e-02, +2.3145e-02, -6.8130e-02, -3.4893e-03, +5.7265e-02, -8.6104e-02, +1.5644e-02, -1.2246e-03, +3.3266e-02, +3.5496e-01, -2.8409e-02, +4.8416e-02, +2.3521e-02, -2.9828e-02, -2.4451e-02, -8.5559e-02, +1.0412e-01, -3.1958e-02, -3.7890e-02, +1.2606e-01, +5.2493e-02, -3.1233e-02, -4.8728e-02, -2.2637e-02, +1.1685e-02, -3.9494e-02, -6.0837e-02, -2.6243e-02, +6.2700e-02, +1.5391e-02, -8.8293e-02, -6.2573e-02, +1.9253e-01, +1.1512e-01, +5.3679e-02, +2.8457e-02, -3.7829e-02, -6.7055e-02, +1.8599e-02, +7.1279e-02, -2.6002e-02, -1.0000e+00, -9.4880e-02, +6.8862e-02, -1.2266e-01, +1.1103e-03, +6.4229e-02, -6.6869e-03, +6.6961e-02, +1.6099e-02
-2.4232e-02, +2.2349e-02, +2.7749e-02, -2.3677e-02, +2.6371e-03, -7.6204e-02, -4.3047e-02, -1.6183e-02, -1.7409e-02, +4.2709e-02, -3.1996e-03, -2.0385e-02, -7.5474e-02, +1.8527e-02, +2.4735e-02, +3.3945e-03, +7.9751e-02, -9.9715e-05, -3.9387e-03, -1.0367e-01, +2.7896e-02, +2.3341e-02, -1.1007e-03, +1.0915e-03, +2.1731e-02, -7.9500e-03, -3.4591e-02, +1.6243e-02, -9.9611e-03, +2.8936e-03, -5.1274e-02, -7.4104e-02, +7.7171e-03, +7.2173e-02, +1.7496e-02, +2.4528e-02, -3.9532e-02, -8.9572e-04, -3.5248e-02, -1.0940e-02, -2.5919e-02, -9.4880e-02, -1.0000e+00, +4.3049e-02, -3.4285e-02, +1.9813e-02, +3.1354e-02, -9.0736e-02, +9.1167e-02, +3.9936e-03
+5.7360e-02, +6.1745e-03, +4.2216e-03, -1.8561e-02, -3.9819e-02, -3.0211e-02, +3.5080e-03, -4.7376e-03, -1.5484e-02, +2.4926e-02, -2.8975e-03, -3.7536e-03, +4.5728e-03, -3.2951e-02, -8.3283e-02, -4.1958e-04, -7.4506e-02, +5.4587e-02, -5.6621e-03, +1.9188e-02, -9.4448e-02, -1.7121e-02, -4.2908e-02, +2.0613e-02, +1.5953e-02, +1.0548e-02, +1.1829e-02, +3.8170e-02, -5.1067e-02, +1.7741e-02, -1.0269e-02, -7.1431e-02, +2.6640e-03, -5.9427e-02, -2.0405e-03, +4.0315e-02, +4.6550e-02, +3.9382e-03, +1.0954e-02, +5.5083e-02, -2.4122e-02, +6.8862e-02, +4.3049e-02, -1.0000e+00, -1.1473e-02, -4.1126e-02, -8.0446e-02, +1.0510e-02, +2.9631e-02, +3.1231e-02
-6.5507e-02, -2.9196e-02, -3.2620e-02, +8.3971e-02, +4.1903e-02, +7.1664e-02, -7.2688e-02, -7.4119e-02, +6.5180e-02, +3.9506e-01, -1.1884e-02, +5.2443e-02, -1.0460e-01, -3.9469e-02, -3.8799e-02, -1.2377e-02, -5.8045e-02, +8.8271e-02, -2.6831e-02, -3.6605e-02, +7.5965e-02, -1.6400e-02, -1.3914e-01, +4.6531e-02, -2.4982e-02, -2.3788e-02, +3.3438e-02, -5.9102e-03, -1.3869e-02, +4.8552e-02, -3.5014e-03, -7.1114e-02, -1.4650e-02, +2.7454e-02, +6.8577e-02, +5.8635e-02, +6.2883e-03, -1.5568e-02, +4.8052e-02, +8.5006e-02, +2.5814e-02, -1.2266e-01, -3.4285e-02, -1.1473e-02, -1.0000e+00, +1.4238e-02, +2.6070e-02, +1.0431e-02, -1.7426e-01, -3.6261e-02
-8.6336e-03, +1.2485e-02, +1.2191e-02, +2.0628e-02, +5.0032e-03, +5.8944e-02, -5.4872e-02, +6.8731e-02, -1.5010e-02, -5.3372e-02, +5.5453e-02, +1.8588e-02, -1.8344e-02, -4.2992e-02, -1.8112e-03, +1.5258e-02, -2.9386e-02, +2.1533e-02, +4.5855e-02, -6.3306e-03, -2.1720e-02, +1.0354e-02, +1.1471e-02, -6.1002e-02, +2.1393e-02, +3.6944e-02, -1.5847e-02, +4.0887e-02, -1.5799e-02, -2.0029e-02, +2.7515e-02, +4.9413e-02, +5.0254e-02, -2.3065e-03, -3.1637e-03, -2.5989e-02, -6.7357e-02, +6.1268e-02, +3.1356e-02, +2.4246e-02, -4.2363e-02, +1.1103e-03, +1.9813e-02, -4.1126e-02, +1.4238e-02, -1.0000e+00, +9.6586e-03, -1.5191e-03, -3.6271e-02, -3.5184e-02
-6.4473e-02, +5.1358e-02, -1.1226e-01, -7.2972e-02, -2.2447e-02, -3.9188e-02, +6.6621e-03, -2.2122e-02, -1.5882e-02, -5.9659e-02, -7.4443e-02, +8.1563e-03, +1.7797e-02, +1.9581e-02, -1.3957e-02, -3.6635e-04, -3.6518e-02, -2.5968e-02, -6.9471e-02, -4.7619e-02, -2.3647e-02, +4.2060e-02, +7.3948e-02, +2.9750e-02, -1.1383e-02, -6.7364e-03, -2.2785e-02, -4.4338e-02, -3.2003e-02, -1.3215e-02, -3.4637e-02, +5.7292e-02, -8.6491e-03, -6.4229e-02, -1.2109e-02, -9.3932e-03, -7.4274e-02, -6.1931e-02, -5.4702e-02, -3.3311e-02, +3.2092e-02, +6.4229e-02, +3.1354e-02, -8.0446e-02, +2.6070e-02, +9.6586e-03, -1.0000e+00, +4.3447e-02, -1.5069e-02, -2.1053e-02
+2.7141e-02, -3.8004e-02, +1.8658e-02, +2.9937e-02, +5.9202e-02, -6.9574e-03, -6.9986e-02, -9.0895e-02, +6.1088e-02, +1.2698e-01, +1.1859e-01, -1.2973e-02, -1.8879e-01, +1.1426e-02, +1.3642e-01, -7.1331e-02, +3.6607e-02, -3.1063e-02, -4.7815e-02, +3.5060e-02, -6.1997e-02, +2.7148e-02, -5.0579e-02, +7.9042e-02, -4.2461e-02, -7.4803e-02, +1.6329e-02, +5.1919e-02, -3.4248e-02, -1.0808e-02, +1.1560e-01, -4.3829e-02, +6.2393e-02, +1.3926e-01, -4.1456e-03, +7.2254e-02, +4.1883e-02, +1.3810e-01, +5.1539e-02, -2.7139e-02, -2.0730e-03, -6.6869e-03, -9.0736e-02, +1.0510e-02, +1.0431e-02, -1.5191e-03, +4.3447e-02, -1.0000e+00, +4.1237e-03, +9.0525e-02
-5.7097e-02, +1.7017e-02, +2.6182e-02, -4.2497e-04, -8.2732e-03, +4.9870e-02, -2.5633e-02, -1.2625e-02, +8.7331e-03, +2.7671e-02, +5.7315e-02, -3.6872e-03, +2.0432e-02, -3.5429e-02, -1.8412e-02, -7.6008e-02, -1.0788e-01, -1.2764e-02, -3.7967e-02, +9.0938e-02, +6.2189e-02, +3.2894e-02, -9.5977e-02, +6.7951e-02, +9.3949e-03, -1.3829e-02, +2.8783e-02, +5.2633e-03, +2.9041e-02, +4.2622e-02, -3.8358e-02, +6.6173e-02, +3.2840e-01, +1.2471e-01, -3.7440e-02, -1.0195e-02, +6.3627e-02, -1.1727e-02, -4.7436e-02, +6.8855e-02, -6.2847e-03, +6.6961e-02, +9.1167e-02, +2.9631e-02, -1.7426e-01, -3.6271e-02, -1.5069e-02, +4.1237e-03, -1.0000e+00, -5.7846e-02
+3.0685e-02, +6.6280e-02, +3.9581e-02, +6.2642e-02, +8.6895e-02, +7.3195e-03, +3.2045e-03, -7.1079e-03, +2.7606e-02, -2.3259e-02, +8.8306e-03, -2.9641e-02, -1.6511e-02, -6.5591e-02, +1.2671e-01, +6.0769e-02, -1.1505e-02, -1.5150e-02, +1.7928e-02, -2.6693e-02, -4.7116e-02, -5.5864e-02, +5.6203e-02, -1.0296e-02, +1.3563e-02, +1.1583e-01, +7.2124e-02, -3.2509e-02, +1.4891e-02, +9.7308e-04, -5.4941e-02, +5.7647e-02, +1.3032e-01, +6.7969e-02, -3.6915e-02, +8.6343e-02, -7.8363e-02, -2.1693e-02, -2.1779e-02, +1.8174e-02, +3.8588e-02, +1.6099e-02, +3.9936e-03, +3.1231e-02, -3.6261e-02, -3.5184e-02, -2.1053e-02, +9.0525e-02, -5.7846e-02, -1.0000e+00
