-1.0000e+00, -3.1812e-02, +5.8453e-02, -1.0936e-01, +4.0067e-02, +8.1009e-02, -9.9955e-03, -9.4318e-03, -1.1006e-01, -5.4327e-02, +1.0395e-01, -3.9394e-02, +3.2151e-02, +1.4039e-02, +8.9186e-03, +5.1416e-02, -3.4542e-02, +4.8531e-03, +3.3087e-02, +1.5844e-02, +9.3177e-03, -4.6647e-02, -5.9028e-02, +3.8716e-02, -4.4445e-02, -9.6407e-02, +1.2023e-01, +2.0189e-02, +9.5185e-02, +1.4648e-02, +6.8378e-02, +5.5128e-02, -2.4667e-02, +8.1023e-03, +2.4562e-02, -5.9702e-02, +1.6964e-02, +5.4900e-02, +4.2940e-02, +1.7489e-02, -1.0717e-02, +3.9289e-02, -1.3906e-02, -2.8122e-02, +1.4535e-02, +6.2556e-03, -2.1481e-02, +5.9740e-02, +2.9199e-02, -6.7275e-03
-3.1812e-02, -1.0000e+00, -6.1062e-02, -3.4981e-02, +1.1109e-02, +8.2498e-02, +1.8343e-03, +5.2497e-02, -4.0606e-02, +7.9820e-02, -4.0120e-03, +6.4148e-02, +1.9704e-02, +3.6858e-02, +1.4209e-02, +6.9951e-02, -6.6613e-02, +1.3252e-02, +6.1520e-02, +6.9925e-03, -3.2173e-02, -3.5098e-03, +2.5336e-02, +3.6736e-02, +2.8278e-03, -2.1284e-02, +3.0610e-02, +7.4245e-02, +2.5881e-02, +3.5106e-02, +1.5875e-02, +1.0108e-01, -5.0196e-02, -1.1063e-02, -1.9145e-03, -6.6575e-02, +3.5349e-02, -4.6714e-02, -1.7111e-02, -6.8989e-02, -1.4751e-02, -2.4442e-02, -2.3489e-02, +2.4861e-02, -7.5413e-02, +1.7415e-02, +4.3080e-02, -4.4662e-02, +3.4385e-04, -1.0416e-01
+5.8453e-02, -6.1062e-02, -1.0000e+00, +4.8335e-02, -1.7941e-02, -8.5077e-02, +1.2611e-02, -5.6749e-02, -7.7553e-02, -3.8139e-02, -6.3071e-02, -1.0447e-01, -4.9138e-02, -4.6651e-02, -2.3157e-02, -4.5039e-02, +1.6419e-02, +4.3049e-02, -5.2818e-03, +8.8126e-03, -4.0756e-03, -5.5838e-02, +1.4705e-02, -7.1853e-02, +8.5092e-05, -6.9359e-03, -7.4175e-02, +1.8318e-02, +1.7138e-02, -1.3485e-03, +7.4842e-02, -5.2214e-02, +5.0289e-02, -2.8919e-02, -1.1398e-02, -5.9713e-02, -7.1658e-03, +2.1747e-03, +1.9322e-02, -3.8599e-02, -8.7880e-03, +7.6232e-02, +5.7595e-02, -1.1554e-03, +9.1790e-03, -5.2909e-03, +1.0497e-04, +1.1282e-01, +6.2024e-03, +4.4395e-02
-1.0936e-01, -3.4981e-02, +4.8335e-02, -1.0000e+00, +1.1378e-02, -3.0074e-02, -3.5431e-02, -2.0957e-02, +3.5106e-02, -3.3036e-02, -3.6467e-02, -1.1402e-01, -4.0758e-02, +3.9350e-02, +4.9294e-02, +2.4345e-03, -1.8067e-03, -3.8835e-04, +3.5290e-04, -2.2715e-03, -7.5097e-04, -1.0938e-02, +3.3278e-03, +1.8212e-02, -2.0906e-02, -1.8474e-02, +2.7189e-02, -5.4317e-02, -6.0594e-02, -1.6049e-02, -9.8273e-02, -3.5165e-02, -7.3159e-03, +8.9952e-02, -3.4129e-02, -1.3173e-03, -2.5926e-02, +7.4446e-03, +1.2838e-02, -2.8312e-02, +1.5039e-02, +3.7572e-02, +1.6615e-02, +2.6202e-02, +7.2924e-02, -1.1786e-01, -3.0628e-02, +7.6097e-02, +9.7684e-03, -6.8519e-02
+4.0067e-02, +1.1109e-02, -1.7941e-02, +1.1378e-02, -1.0000e+00, -1.0126e-02, +2.9772e-02, +4.9967e-02, +3.4524e-02, -2.5803e-02, -3.3147e-02, -9.2284e-02, -2.9650e-02, +1.4391e-03, +9.8379e-03, -4.8001e-02, +9.1338e-03, +2.1752e-02, +2.1586e-02, +5.2197e-02, -1.3715e-02, +3.7113e-02, -6.2024e-02, -5.1105e-02, -1.3233e-03, +4.8288e-02, -2.1219e-02, -8.7364e-03, -1.0367e-01, -5.1131e-02, +5.4269e-02, +2.1658e-02, +3.1877e-02, -9.5491e-03, +2.3217e-02, -1.2821e-02, +5.4402e-02, +4.4352e-02, -1.1666e-02, +3.8410e-02, +1.5941e-02, +4.2911e-02, -2.0793e-02, -1.1988e-02, +1.5228e-02, +2.3162e-02, -2.1649e-03, -5.6664e-02, -1.4045e-02, -4.0219e-02
+8.1009e-02, +8.2498e-02, -8.5077e-02, -3.0075e-02, -1.0126e-02, -1.0000e+00, +2.2536e-02, +2.6193e-02, -6.7289e-03, -1.9314e-02, -5.0299e-02, -1.4163e-02, +5.6736e-02, +4.3260e-02, -2.7977e-02, -1.1035e-02, +3.5648e-03, +7.8438e-03, -1.0314e-02, -4.8284e-02, -3.5673e-02, +1.9832e-02, -1.7845e-02, +1.3809e-02, +4.2998e-02, -1.2511e-02, +4.0594e-02, -4.0687e-02, -8.1412e-02, +3.6849e-02, -5.2755e-02, -1.6346e-02, -1.7878e-02, +1.2845e-02, -4.4042e-02, +2.7585e-02, +5.7702e-02, -7.6373e-03, -1.2361e-02, -3.4007e-02, +4.3081e-02, -5.2977e-02, +1.6537e-02, -4.6290e-03, +1.0384e-01, -4.5523e-03, -1.1215e-01, +3.7344e-02, +3.4992e-02, +7.0766e-02
-9.9955e-03, +1.8343e-03, +1.2611e-02, -3.5431e-02, +2.9772e-02, +2.2536e-02, -1.0000e+00, -2.1367e-02, +6.1764e-02, -2.4454e-02, -2.4926e-02, +3.8019e-02, -2.6265e-02, -6.7430e-02, -1.3402e-02, +2.8118e-02, +3.1370e-02, +4.0672e-02, -1.2543e-02, -4.6997e-02, +8.7987e-03, -2.0959e-02, +5.6776e-02, -4.4188e-02, +4.4758e-02, +3.6793e-02, +8.1708e-04, -1.8060e-02, +7.0411e-02, -2.7527e-02, -5.3063e-02, +2.8276e-02, -2.3350e-02, +6.8068e-02, +2.7073e-02, -3.0156e-03, +4.2677e-02, +2.1721e-02, +1.9595e-02, +4.9613e-02, -3.3504e-02, +3.3917e-02, +2.8603e-02, -1.7289e-02, -6.4912e-02, +4.6320e-03, -4.9722e-02, +1.0291e-02, +2.1541e-02, -1.4503e-02
-9.4318e-03, +5.2497e-02, -5.6749e-02, -2.0957e-02, +4.9967e-02, +2.6193e-02, -2.1367e-02, -1.0000e+00, +3.7645e-02, +2.2803e-02, +6.3516e-02, +4.1401e-02, +3.7161e-02, -8.2338e-02, +5.3022e-04, +4.6551e-02, +2.6733e-02, +7.2384e-03, -9.8101e-05, -3.5297e-03, +1.8462e-02, -1.5909e-02, +2.8870e-02, +3.0888e-02, +1.1279e-02, +2.4171e-02, -2.6438e-02, -2.9867e-03, +1.9315e-02, -4.6633e-02, -2.2300e-02, +2.7669e-02, -2.5289e-02, +4.4689e-03, +8.6848e-02, -4.6877e-02, -2.6422e-02, +1.0012e-02, +3.4410e-02, +3.0353e-04, -6.5231e-02, +3.8058e-02, +2.2479e-02, -2.9847e-02, -6.5609e-02, +5.4808e-02, -2.8898e-02, -2.4176e-02, +6.3830e-02, -4.1922e-02
-1.1006e-01, -4.0606e-02, -7.7553e-02, +3.5106e-02, +3.4524e-02, -6.7289e-03, +6.1764e-02, +3.7645e-02, -1.0000e+00, -3.6778e-03, +2.1526e-02, +9.2898e-03, -2.1743e-02, +9.2041e-02, -5.6891e-02, -7.1927e-02, +1.4374e-02, +2.6165e-02, +1.1792e-02, -3.5541e-02, +3.0353e-02, -2.6176e-02, -3.1097e-02, +2.6935e-02, -5.1949e-02, -5.9229e-03, +1.0832e-01, +4.5841e-02, +5.4271e-02, +1.9011e-02, -1.4343e-02, -3.2494e-02, -5.1045e-02, -2.2847e-02, -3.4920e-02, -1.0712e-01, +9.5359e-03, +6.4631e-02, +3.2195e-02, -5.0710e-03, +6.6669e-02, +1.0054e-01, -6.4547e-03, +2.8659e-02, +3.3796e-02, +9.3602e-03, +9.1075e-03, +1.1921e-01, +1.4504e-02, +2.2018e-02
-5.4327e-02, +7.9820e-02, -3.8139e-02, -3.3036e-02, -2.5803e-02, -1.9314e-02, -2.4454e-02, +2.2803e-02, -3.6778e-03, -1.0000e+00, -7.3316e-04, -6.5078e-04, +1.2229e-01, +2.2874e-02, -4.4929e-02, -2.1314e-02, -5.0964e-02, +1.1145e-01, +3.2695e-02, -5.7229e-02, -1.8156e-02, -8.3765e-02, +7.1260e-02, +5.4391e-03, -3.3558e-02, -5.2703e-02, +3.4976e-02, -7.9213e-02, -9.9944e-03, +5.0254e-02, +1.3566e-02, +6.3156e-02, -1.0262e-01, +3.1671e-02, -3.1278e-02, +2.3014e-02, +4.5568e-02, +4.8784e-02, +3.2438e-02, -1.2339e-02, +1.9073e-02, -1.3418e-01, +9.6439e-03, -4.6429e-02, +1.2265e-02, +7.7074e-03, -1.6405e-02, +5.6904e-02, +1.4687e-02, -7.1665e-02
+1.0395e-01, -4.0120e-03, -6.3071e-02, -3.6467e-02, -3.3147e-02, -5.0299e-02, -2.4926e-02, +6.3516e-02, +2.1527e-02, -7.3317e-04, -1.0000e+00, -8.6756e-02, +1.5622e-02, +3.2186e-02, -4.8590e-02, -6.6732e-04, +4.3333e-02, +2.6968e-02, -1.8084e-02, +3.6675e-02, -8.6952e-02, +9.4991e-03, -3.1573e-02, +9.0673e-02, -3.7659e-04, -8.9459e-02, -9.8112e-02, -8.5028e-02, -8.9469e-02, -1.9709e-02, -1.1899e-02, +6.8147e-03, +2.2147e-02, +6.2535e-02, -5.0712e-02, -2.7862e-02, -1.8880e-02, -9.0680e-02, -3.1471e-02, +2.2732e-02, +4.2276e-03, -2.0813e-02, +2.0630e-02, -1.3850e-01, -6.5070e-02, +2.8847e-02, -1.0587e-01, +6.6127e-02, +4.6859e-02, +4.9455e-03
-3.9394e-02, +6.4148e-02, -1.0447e-01, -1.1402e-01, -9.2284e-02, -1.4163e-02, +3.8019e-02, +4.1401e-02, +9.2898e-03, -6.5077e-04, -8.6756e-02, -1.0000e+00, +1.3921e-01, -3.0533e-02, -8.2104e-02, -5.2362e-02, -8.0894e-02, +6.5251e-02, +2.0491e-02, +2.6445e-03, +9.3908e-03, +1.8613e-02, +1.6671e-03, -3.1080e-02, -9.1561e-02, -4.2823e-02, -4.7835e-02, -1.8166e-02, -2.9742e-02, -1.7348e-02, +2.0342e-03, -1.3720e-02, +5.4663e-02, +8.8099e-02, -2.5406e-02, -8.3707e-02, +1.7973e-02, -5.6430e-02, -1.3457e-02, +2.0429e-02, -9.2751e-03, -1.0617e-01, +1.9894e-02, +7.9249e-03, +2.5469e-01, -2.9490e-02, -5.4839e-02, -5.0069e-02, -7.2564e-02, -3.0072e-02
+3.2151e-02, +1.9704e-02, -4.9138e-02, -4.0758e-02, -2.9650e-02, +5.6736e-02, -2.6265e-02, +3.7161e-02, -2.1743e-02, +1.2229e-01, +1.5622e-02, +1.3921e-01, -1.0000e+00, -3.9807e-03, +1.1808e-02, -1.1222e-02, +3.2337e-02, -2.0473e-02, +2.0535e-02, +1.6933e-02, +1.4550e-02, -2.5263e-02, -9.3173e-04, -9.0983e-03, +7.8985e-02, -1.0670e-03, -4.3197e-02, +2.0023e-02, +2.5041e-02, +1.8267e-02, +4.1932e-03, +3.2288e-02, +1.5447e-03, -2.7976e-02, +6.1420e-02, +5.0272e-02, +5.2552e-02, +3.8651e-02, +2.6116e-02, -4.6192e-02, +2.4220e-02, +6.4407e-02, +2.7814e-03, +2.1655e-02, -1.3474e-01, -3.0535e-02, -1.1905e-02, -1.0017e-01, +5.7928e-02, -1.8816e-02
+1.4039e-02, +3.6858e-02, -4.6651e-02, +3.9350e-02, +1.4391e-03, +4.3260e-02, -6.7430e-02, -8.2338e-02, +9.2041e-02, +2.2874e-02, +3.2186e-02, -3.0533e-02, -3.9807e-03, -1.0000e+00, +1.2759e-02, -1.8484e-02, +6.4714e-02, -1.5794e-03, -3.7236e-02, -1.1807e-02, -2.3999e-02, -3.3338e-02, +1.4656e-02, -9.1595e-02, +1.2916e-02, -9.5641e-03, -2.3436e-02, -6.7280e-02, +6.6035e-03, -3.5427e-02, -7.8883e-02, -1.4319e-02, -7.1901e-02, +2.8560e-02, -2.6149e-03, -1.5719e-02, +4.3627e-02, +1.8036e-02, +4.4063e-02, -2.8068e-02, -8.1474e-02, -2.1969e-05, +4.8626e-02, -3.5994e-02, +2.1099e-02, +4.2522e-02, +2.6228e-02, -1.1568e-02, +1.7863e-02, -1.0967e-04
+8.9186e-03, +1.4209e-02, -2.3157e-02, +4.9294e-02, +9.8379e-03, -2.7977e-02, -1.3402e-02, +5.3021e-04, -5.6891e-02, -4.4929e-02, -4.8590e-02, -8.2104e-02, +1.1808e-02, +1.2759e-02, -1.0000e+00, -1.8418e-03, -6.5514e-03, -1.1298e-02, -1.4748e-02, -1.2528e-02, +2.1658e-02, +3.0225e-02, -1.2901e-01, -1.8775e-02, -4.7853e-02, +2.0500e-02, -7.9147e-02, -4.4403e-02, -3.9813e-02, -1.6900e-02, -7.2972e-02, -3.2484e-03, -1.9485e-02, +3.6631e-02, -2.1280e-02, +2.2336e-02, +1.9418e-02, -7.0773e-02, -3.4854e-02, -1.5884e-02, +1.7675e-02, -1.2171e-02, +9.4296e-03, -5.2206e-03, +3.3868e-03, -5.0011e-02, -9.8332e-02, +1.4539e-01, +3.2774e-02, +1.9545e-02
+5.1416e-02, +6.9951e-02, -4.5039e-02, +2.4345e-03, -4.8001e-02, -1.1035e-02, +2.8118e-02, +4.6551e-02, -7.1927e-02, -2.1314e-02, -6.6731e-04, -5.2362e-02, -1.1222e-02, -1.8484e-02, -1.8418e-03, -1.0000e+00, -1.5886e-02, +2.0981e-02, +2.5880e-02, -1.0772e-02, -4.0181e-02, -1.1707e-02, -4.9286e-02, +2.6734e-02, +2.2755e-02, +4.0808e-02, -3.3969e-02, +1.4185e-03, -4.4762e-03, +1.6661e-02, +2.2210e-02, +1.0187e-02, +2.5646e-02, -7.9185e-02, -7.8892e-03, -5.9692e-02, -1.1154e-02, -1.0027e-02, -3.4484e-02, +7.7895e-04, -3.5634e-02, +1.1216e-02, +8.7847e-03, -3.7501e-02, +2.1548e-02, -4.6324e-02, -9.4348e-02, -5.9101e-02, -3.6105e-02, -1.6163e-02
-3.4542e-02, -6.6613e-02, +1.6419e-02, -1.8067e-03, +9.1338e-03, +3.5648e-03, +3.1370e-02, +2.6733e-02, +1.4374e-02, -5.0964e-02, +4.3333e-02, -8.0894e-02, +3.2337e-02, +6.4714e-02, -6.5514e-03, -1.5886e-02, -1.0000e+00, +8.5740e-04, +8.1561e-02, -9.0174e-02, -9.7198e-03, +2.7976e-02, -2.0041e-02, +2.6323e-02, +6.4344e-02, -1.8427e-03, +5.8520e-02, +2.7695e-03, +3.5332e-02, +4.4587e-02, +3.5513e-02, +3.1658e-02, +1.1077e-01, -9.8766e-02, +8.8431e-03, +1.0179e-02, -2.1637e-02, -2.4358e-02, +4.1819e-02, +1.0645e-01, -2.0508e-03, +5.4940e-02, -1.6362e-02, +1.6461e-03, -1.4425e-02, +3.7521e-02, +2.4622e-02, -5.1586e-02, +1.4939e-01, -2.6495e-02
+4.8531e-03, +1.3252e-02, +4.3049e-02, -3.8835e-04, +2.1752e-02, +7.8438e-03, +4.0672e-02, +7.2384e-03, +2.6165e-02, +1.1145e-01, +2.6968e-02, +6.5251e-02, -2.0473e-02, -1.5794e-03, -1.1298e-02, +2.0981e-02, +8.5740e-04, -1.0000e+00, +1.0363e-02, -2.0821e-02, +5.7618e-02, -5.0936e-03, +1.5585e-02, +9.2634e-03, +3.8631e-03, +4.1037e-02, +2.7564e-02, -1.9795e-02, -4.1161e-02, -5.6379e-02, +2.8003e-02, -2.0111e-02, +7.9313e-02, +2.3249e-02, +6.0890e-02, +1.3907e-01, -1.0722e-02, -8.1461e-03, +2.0471e-02, +1.1610e-01, +2.1479e-02, +2.4732e-01, -5.5687e-02, +6.8428e-02, +1.1208e-02, -1.2517e-02, +6.9717e-02, -7.5843e-03, +2.3993e-02, +1.3519e-01
+3.3087e-02, +6.1520e-02, -5.2818e-03, +3.5290e-04, +2.1586e-02, -1.0314e-02, -1.2543e-02, -9.8095e-05, +1.1792e-02, +3.2695e-02, -1.8084e-02, +2.0491e-02, +2.0535e-02, -3.7236e-02, -1.4748e-02, +2.5880e-02, +8.1561e-02, +1.0363e-02, -1.0000e+00, -8.8194e-03, +4.2408e-02, -4.6681e-02, +6.0152e-02, -5.2783e-02, +3.7576e-02, -8.8086e-02, -1.3621e-02, -2.5711e-03, +6.7318e-02, -7.2148e-02, +3.1727e-03, -1.6440e-02, +1.9620e-03, -6.1883e-02, +2.1604e-02, +9.7845e-03, +4.2834e-02, -1.2954e-01, -2.9622e-02, +1.6379e-02, -6.3428e-02, -2.0667e-02, +3.5342e-02, -5.6976e-02, -7.1094e-02, +1.9176e-03, -9.7156e-02, -2.7623e-02, +6.1417e-02, -1.4430e-03
+1.5844e-02, +6.9925e-03, +8.8126e-03, -2.2715e-03, +5.2197e-02, -4.8284e-02, -4.6997e-02, -3.5297e-03, -3.5541e-02, -5.7229e-02, +3.6675e-02, +2.6445e-03, +1.6933e-02, -1.1807e-02, -1.2528e-02, -1.0772e-02, -9.0174e-02, -2.0821e-02, -8.8194e-03, -1.0000e+00, +3.0126e-02, -1.0468e-01, -1.1398e-01, -8.8479e-02, +2.5690e-02, +8.6162e-03, -2.0525e-02, +5.1699e-02, +5.2155e-02, -1.9266e-02, +5.4283e-02, -7.5229e-02, -1.3016e-02, +4.4134e-03, -7.1339e-02, +2.4934e-02, +1.2443e-01, -2.2034e-02, +8.2444e-03, -3.1989e-02, -7.2405e-02, +3.1503e-03, +5.8677e-02, +4.1410e-02, -2.8132e-02, -1.2806e-02, +4.2051e-02, +2.5396e-02, -6.1343e-02, -7.5223e-02
+9.3177e-03, -3.2173e-02, -4.0756e-03, -7.5098e-04, -1.3715e-02, -3.5673e-02, +8.7988e-03, +1.8462e-02, +3.0353e-02, -1.8156e-02, -8.6952e-02, +9.3908e-03, +1.4550e-02, -2.3999e-02, +2.1658e-02, -4.0181e-02, -9.7197e-03, +5.7618e-02, +4.2408e-02, +3.0126e-02, -1.0000e+00, +1.7740e-02, -6.7990e-02, +6.3821e-02, +4.6448e-02, -4.5801e-02, -3.5946e-02, -8.5444e-02, +3.2339e-02, -1.6693e-03, +7.0334e-02, +7.0020e-04, +5.0639e-02, +3.8951e-02, -8.7150e-03, -4.9518e-02, +6.2869e-02, -5.1414e-02, +2.9422e-02, +4.0891e-02, -2.8473e-02, +1.9492e-02, +1.6222e-02, -1.7202e-01, -6.9252e-02, +7.6020e-02, -3.8522e-03, -5.7618e-03, -3.2596e-02, +7.8292e-03
-4.6647e-02, -3.5098e-03, -5.5838e-02, -1.0938e-02, +3.7113e-02, +1.9832e-02, -2.0959e-02, -1.5909e-02, -2.6176e-02, -8.3765e-02, +9.4991e-03, +1.8613e-02, -2.5263e-02, -3.3338e-02, +3.0225e-02, -1.1707e-02, +2.7976e-02, -5.0936e-03, -4.6681e-02, -1.0468e-01, +1.7740e-02, -1.0000e+00, -3.6639e-03, -1.2092e-02, -8.8057e-02, -2.6039e-02, +1.5423e-02, +1.7480e-02, +1.2150e-02, -3.9527e-02, -5.5740e-02, -6.1459e-02, +3.9627e-02, -3.8945e-02, +2.3412e-02, -2.2319e-02, +8.1009e-02, -2.5115e-02, +3.2836e-02, -5.6994e-02, -1.4722e-02, -1.7535e-02, -2.0938e-02, +5.2355e-02, -1.2798e-02, +1.1365e-02, +3.4942e-02, +8.2353e-02, -2.8965e-02, +5.5967e-02
-5.9028e-02, +2.5336e-02, +1.4705e-02, +3.3278e-03, -6.2024e-02, -1.7845e-02, +5.6776e-02, +2.8870e-02, -3.1097e-02, +7.1260e-02, -3.1573e-02, +1.6671e-03, -9.3174e-04, +1.4656e-02, -1.2901e-01, -4.9286e-02, -2.0041e-02, +1.5585e-02, +6.0152e-02, -1.1398e-01, -6.7990e-02, -3.6640e-03, -1.0000e+00, -2.9072e-02, -1.6832e-02, -1.2293e-02, +3.2847e-02, -5.8382e-03, -5.0317e-02, +3.7997e-02, -8.7139e-03, +4.4023e-04, -3.7426e-02, -3.8325e-02, +6.9255e-02, -8.8632e-02, -1.5124e-02, -3.0686e-02, -1.9174e-02, -9.7792e-03, -2.0169e-02, -1.3300e-03, +4.4080e-02, +2.6978e-02, -2.0549e-02, +7.1950e-02, -3.0067e-02, +2.5675e-03, -8.6287e-02, -4.5026e-02
+3.8716e-02, +3.6736e-02, -7.1853e-02, +1.8212e-02, -5.1105e-02, +1.3809e-02, -4.4188e-02, +3.0888e-02, +2.6935e-02, +5.4391e-03, +9.0673e-02, -3.1080e-02, -9.0983e-03, -9.1595e-02, -1.8775e-02, +2.6734e-02, +2.6323e-02, +9.2634e-03, -5.2783e-02, -8.8479e-02, +6.3820e-02, -1.2092e-02, -2.9072e-02, -1.0000e+00, +5.3371e-02, -1.7863e-02, -3.4605e-02, -2.9495e-03, -1.5174e-03, -1.4705e-02, -6.8575e-02, -3.7067e-02, -2.1171e-02, -3.2227e-03, -8.8449e-03, -2.3039e-02, +1.1280e-02, +1.2208e-02, -3.2356e-02, -1.5220e-02, -2.0487e-02, -3.3557e-02, +7.7021e-02, +6.1227e-02, -1.2038e-02, -3.7048e-02, -6.4781e-03, +6.8802e-02, +1.5320e-02, -1.6119e-02
-4.4445e-02, +2.8278e-03, +8.5088e-05, -2.0906e-02, -1.3233e-03, +4.2998e-02, +4.4758e-02, +1.1279e-02, -5.1949e-02, -3.3558e-02, -3.7659e-04, -9.1561e-02, +7.8985e-02, +1.2916e-02, -4.7853e-02, +2.2755e-02, +6.4344e-02, +3.8631e-03, +3.7576e-02, +2.5690e-02, +4.6448e-02, -8.8057e-02, -1.6832e-02, +5.3371e-02, -1.0000e+00, +6.5484e-02, +6.3900e-02, +5.3182e-02, +4.7056e-02, +4.7027e-02, -3.2286e-02, +5.6965e-03, -8.3522e-03, -2.4500e-02, +3.3670e-02, +2.8861e-02, -7.6850e-02, -7.4425e-02, -6.6457e-03, -3.6239e-03, -4.2059e-03, -5.1165e-02, -1.4131e-02, -1.1069e-02, +3.3247e-02, +6.0218e-02, -8.1262e-02, +6.3865e-03, +4.6457e-02, +6.9038e-03
-9.6407e-02, -2.1284e-02, -6.9359e-03, -1.8474e-02, +4.8288e-02, -1.2511e-02, +3.6793e-02, +2.4171e-02, -5.9229e-03, -5.2703e-02, -8.9459e-02, -4.2823e-02, -1.0670e-03, -9.5641e-03, +2.0500e-02, +4.0808e-02, -1.8427e-03, +4.1037e-02, -8.8086e-02, +8.6162e-03, -4.5801e-02, -2.6039e-02, -1.2293e-02, -1.7863e-02, +6.5484e-02, -1.0000e+00, -1.8418e-02, -5.8571e-02, -4.1766e-02, -9.2988e-03, +1.7179e-02, -1.8510e-02, +6.8427e-02, +1.8318e-02, -8.2823e-03, -3.1347e-02, -7.5781e-02, +2.5192e-02, +9.0311e-03, -4.0041e-02, -4.2773e-02, -7.8711e-03, +4.7659e-02, -4.2339e-02, +1.8448e-02, -4.9924e-02, +8.2670e-03, +1.0249e-01, -8.4653e-03, +1.6225e-02
+1.2023e-01, +3.0610e-02, -7.4175e-02, +2.7189e-02, -2.1219e-02, +4.0594e-02, +8.1709e-04, -2.6438e-02, +1.0832e-01, +3.4976e-02, -9.8112e-02, -4.7835e-02, -4.3197e-02, -2.3436e-02, -7.9147e-02, -3.3969e-02, +5.8520e-02, +2.7564e-02, -1.3621e-02, -2.0525e-02, -3.5946e-02, +1.5423e-02, +3.2847e-02, -3.4605e-02, +6.3900e-02, -1.8418e-02, -1.0000e+00, -6.3221e-02, -1.1406e-01, -3.0155e-02, -4.6351e-02, +3.9619e-02, -2.4157e-02, +1.4094e-02, +3.0860e-03, -3.6796e-02, +2.1748e-03, -8.4165e-02, -2.5597e-02, -4.3193e-02, +2.2078e-02, +2.0646e-02, +4.0284e-02, +1.8343e-02, +9.3368e-03, -4.9348e-02, -1.0252e-01, +4.6561e-02, +1.1753e-02, +2.5316e-02
+2.0189e-02, +7.4244e-02, +1.8318e-02, -5.4317e-02, -8.7364e-03, -4.0687e-02, -1.8060e-02, -2.9867e-03, +4.5841e-02, -7.9213e-02, -8.5028e-02, -1.8166e-02, +2.0023e-02, -6.7280e-02, -4.4403e-02, +1.4185e-03, +2.7695e-03, -1.9795e-02, -2.5711e-03, +5.1699e-02, -8.5444e-02, +1.7480e-02, -5.8382e-03, -2.9495e-03, +5.3182e-02, -5.8571e-02, -6.3221e-02, -1.0000e+00, -8.3576e-02, +8.9702e-02, +7.0655e-03, +2.1761e-02, +2.2462e-02, +4.5742e-02, +2.1594e-03, -7.4052e-03, +3.3048e-02, +4.5543e-02, -2.2615e-03, +5.8248e-02, -2.7649e-03, +2.7764e-02, +2.8561e-02, -5.6784e-02, +1.8853e-02, -3.1625e-02, -5.6576e-02, +4.5761e-02, +5.8559e-02, +1.1166e-03
+9.5185e-02, +2.5881e-02, +1.7138e-02, -6.0594e-02, -1.0367e-01, -8.1412e-02, +7.0411e-02, +1.9315e-02, +5.4271e-02, -9.9944e-03, -8.9469e-02, -2.9742e-02, +2.5041e-02, +6.6035e-03, -3.9813e-02, -4.4762e-03, +3.5332e-02, -4.1161e-02, +6.7318e-02, +5.2155e-02, +3.2339e-02, +1.2150e-02, -5.0317e-02, -1.5173e-03, +4.7056e-02, -4.1766e-02, -1.1406e-01, -8.3576e-02, -1.0000e+00, -5.1533e-02, -3.3208e-04, -3.2931e-02, +3.9487e-02, +4.5627e-02, +2.5287e-02, +7.6538e-02, +1.4360e-02, -2.9763e-02, -1.3022e-02, -5.0659e-03, +8.2863e-02, +1.1233e-02, +5.9511e-02, +4.5486e-03, +3.8969e-02, -3.7238e-02, +2.3442e-02, +8.0864e-03, +1.0713e-02, +4.8549e-02
+1.4648e-02, +3.5106e-02, -1.3485e-03, -1.6049e-02, -5.1131e-02, +3.6849e-02, -2.7527e-02, -4.6633e-02, +1.9011e-02, +5.0254e-02, -1.9709e-02, -1.7348e-02, +1.8267e-02, -3.5427e-02, -1.6900e-02, +1.6661e-02, +4.4587e-02, -5.6379e-02, -7.2148e-02, -1.9266e-02, -1.6693e-03, -3.9527e-02, +3.7997e-02, -1.4705e-02, +4.7027e-02, -9.2988e-03, -3.0155e-02, +8.9702e-02, -5.1533e-02, -1.0000e+00, +1.5008e-02, -1.8730e-02, +6.3029e-02, +1.5456e-02, +1.6246e-02, +8.1769e-02, +4.2528e-02, +6.1485e-02, -5.4796e-02, -1.6623e-02, -2.2576e-02, +2.5230e-02, -1.4450e-02, +4.1165e-02, -2.3825e-02, -1.8131e-02, -7.9829e-03, -8.8497e-05, -1.5296e-02, +9.4931e-03
+6.8378e-02, +1.5875e-02, +7.4842e-02, -9.8273e-02, +5.4269e-02, -5.2755e-02, -5.3063e-02, -2.2300e-02, -1.4343e-02, +1.3566e-02, -1.1899e-02, +2.0342e-03, +4.1932e-03, -7.8883e-02, -7.2972e-02, +2.2210e-02, +3.5513e-02, +2.8003e-02, +3.1727e-03, +5.4283e-02, +7.0334e-02, -5.5740e-02, -8.7139e-03, -6.8575e-02, -3.2286e-02, +1.7179e-02, -4.6351e-02, +7.0655e-03, -3.3209e-04, +1.5008e-02, -1.0000e+00, -1.7039e-02, -8.2987e-03, -1.8446e-02, +2.0650e-02, -1.0096e-01, +3.9294e-02, -3.7987e-02, -2.5325e-02, -6.2499e-02, -8.1614e-02, -3.7741e-02, +1.9338e-03, -3.5946e-02, -3.8129e-02, +2.9067e-02, -1.2835e-02, +1.9035e-01, +7.1482e-02, +6.1677e-02
+5.5128e-02, +1.0108e-01, -5.2214e-02, -3.5165e-02, +2.1658e-02, -1.6346e-02, +2.8276e-02, +2.7669e-02, -3.2494e-02, +6.3156e-02, +6.8148e-03, -1.3720e-02, +3.2288e-02, -1.4319e-02, -3.2484e-03, +1.0187e-02, +3.1658e-02, -2.0111e-02, -1.6440e-02, -7.5229e-02, +7.0020e-04, -6.1459e-02, +4.4023e-04, -3.7067e-02, +5.6965e-03, -1.8510e-02, +3.9619e-02, +2.1761e-02, -3.2931e-02, -1.8730e-02, -1.7039e-02, -1.0000e+00, -3.3429e-02, -7.9330e-02, +3.6211e-03, +5.4191e-02, +6.1500e-02, -2.5697e-02, +2.6575e-02, +1.4346e-02, -5.0957e-03, +5.0950e-03, +9.8266e-03, +3.3242e-02, +1.6706e-02, +2.8839e-02, -1.4272e-02, -3.3010e-02, +5.3549e-02, -1.3359e-01
-2.4667e-02, -5.0196e-02, +5.0289e-02, -7.3159e-03, +3.1877e-02, -1.7878e-02, -2.3350e-02, -2.5289e-02, -5.1045e-02, -1.0262e-01, +2.2147e-02, +5.4663e-02, +1.5447e-03, -7.1901e-02, -1.9485e-02, +2.5646e-02, +1.1077e-01, +7.9313e-02, +1.9620e-03, -1.3016e-02, +5.0639e-02, +3.9627e-02, -3.7426e-02, -2.1171e-02, -8.3522e-03, +6.8427e-02, -2.4157e-02, +2.2462e-02, +3.9487e-02, +6.3029e-02, -8.2987e-03, -3.3429e-02, -1.0000e+00, +1.0675e-01, +3.2667e-03, +4.4897e-02, -9.9364e-02, -2.5047e-02, -3.9191e-02, -1.6566e-02, +1.5013e-02, -3.5265e-02, +2.4290e-02, -3.3057e-02, -8.3239e-02, +4.6463e-02, -8.0750e-02, +2.6252e-03, +2.0346e-02, +9.2120e-02
+8.1023e-03, -1.1063e-02, -2.8919e-02, +8.9952e-02, -9.5491e-03, +1.2845e-02, +6.8068e-02, +4.4689e-03, -2.2847e-02, +3.1671e-02, +6.2535e-02, +8.8099e-02, -2.7976e-02, +2.8560e-02, +3.6631e-02, -7.9185e-02, -9.8766e-02, +2.3249e-02, -6.1883e-02, +4.4134e-03, +3.8951e-02, -3.8945e-02, -3.8325e-02, -3.2227e-03, -2.4500e-02, +1.8318e-02, +1.4094e-02, +4.5742e-02, +4.5627e-02, +1.5456e-02, -1.8446e-02, -7.9330e-02, +1.0675e-01, -1.0000e+00, +1.3215e-02, -4.1703e-02, +4.9405e-03, -2.1325e-02, +3.3527e-02, +1.4223e-02, +1.5139e-02, -7.6728e-02, +6.3234e-02, +3.2053e-02, -3.0789e-02, -4.3680e-02, +2.0628e-02, +4.4941e-02, -1.5066e-04, -8.0252e-03
+2.4562e-02, -1.9145e-03, -1.1398e-02, -3.4129e-02, +2.3217e-02, -4.4042e-02, +2.7073e-02, +8.6848e-02, -3.4920e-02, -3.1278e-02, -5.0712e-02, -2.5406e-02, +6.1420e-02, -2.6149e-03, -2.1280e-02, -7.8892e-03, +8.8430e-03, +6.0890e-02, +2.1604e-02, -7.1339e-02, -8.7150e-03, +2.3412e-02, +6.9255e-02, -8.8449e-03, +3.3670e-02, -8.2823e-03, +3.0860e-03, +2.1594e-03, +2.5287e-02, +1.6246e-02, +2.0650e-02, +3.6211e-03, +3.2667e-03, +1.3215e-02, -1.0000e+00, -4.4305e-02, +1.8746e-02, -2.1169e-02, -3.1726e-03, -1.7432e-02, +3.3581e-02, -5.6583e-02, +6.9305e-03, +7.8246e-02, +2.0500e-02, +1.3398e-02, -3.0608e-02, +1.0905e-01, -8.7659e-03, -8.6554e-03
-5.9702e-02, -6.6575e-02, -5.9713e-02, -1.3173e-03, -1.2821e-02, +2.7585e-02, -3.0156e-03, -4.6877e-02, -1.0712e-01, +2.3014e-02, -2.7862e-02, -8.3707e-02, +5.0272e-02, -1.5719e-02, +2.2336e-02, -5.9692e-02, +1.0179e-02, +1.3907e-01, +9.7845e-03, +2.4934e-02, -4.9518e-02, -2.2319e-02, -8.8632e-02, -2.3039e-02, +2.8861e-02, -3.1347e-02, -3.6796e-02, -7.4052e-03, +7.6538e-02, +8.1769e-02, -1.0096e-01, +5.4191e-02, +4.4897e-02, -4.1703e-02, -4.4305e-02, -1.0000e+00, -3.4944e-02, +2.3805e-02, +7.0871e-02, +4.0558e-02, +8.0171e-03, +9.8360e-02, -1.4136e-02, -4.8964e-02, -2.6242e-02, -5.3658e-02, +4.0486e-02, +8.4547e-02, -1.1762e-02, -4.0295e-02
+1.6964e-02, +3.5349e-02, -7.1658e-03, -2.5926e-02, +5.4402e-02, +5.7702e-02, +4.2677e-02, -2.6422e-02, +9.5359e-03, +4.5568e-02, -1.8880e-02, +1.7973e-02, +5.2552e-02, +4.3627e-02, +1.9418e-02, -1.1154e-02, -2.1637e-02, -1.0722e-02, +4.2834e-02, +1.2443e-01, +6.2869e-02, +8.1009e-02, -1.5124e-02, +1.1280e-02, -7.6850e-02, -7.5781e-02, +2.1748e-03, +3.3048e-02, +1.4360e-02, +4.2528e-02, +3.9294e-02, +6.1500e-02, -9.9364e-02, +4.9405e-03, +1.8746e-02, -3.4944e-02, -1.0000e+00, +2.2577e-02, +4.0489e-02, -8.0423e-02, -1.1238e-03, +1.5050e-02, -2.1957e-02, +6.6368e-03, -4.4946e-02, +2.1430e-02, +3.6366e-02, -6.8239e-02, +4.1952e-02, +5.1548e-03
+5.4900e-02, -4.6714e-02, +2.1747e-03, +7.4446e-03, +4.4352e-02, -7.6374e-03, +2.1721e-02, +1.0012e-02, +6.4631e-02, +4.8784e-02, -9.0680e-02, -5.6430e-02, +3.8651e-02, +1.8036e-02, -7.0773e-02, -1.0027e-02, -2.4358e-02, -8.1461e-03, -1.2954e-01, -2.2034e-02, -5.1414e-02, -2.5115e-02, -3.0686e-02, +1.2208e-02, -7.4425e-02, +2.5192e-02, -8.4165e-02, +4.5543e-02, -2.9763e-02, +6.1485e-02, -3.7987e-02, -2.5697e-02, -2.5047e-02, -2.1325e-02, -2.1169e-02, +2.3805e-02, +2.2577e-02, -1.0000e+00, -3.1942e-02, +2.6104e-02, -6.4986e-02, -1.4506e-02, -1.0091e-02, -6.2750e-02, +4.9408e-02, +6.9928e-02, -3.2389e-02, +4.0852e-02, -3.7093e-02, +2.1511e-02
+4.2940e-02, -1.7111e-02, +1.9322e-02, +1.2838e-02, -1.1666e-02, -1.2361e-02, +1.9595e-02, +3.4410e-02, +3.2195e-02, +3.2438e-02, -3.1471e-02, -1.3457e-02, +2.6116e-02, +4.4063e-02, -3.4854e-02, -3.4484e-02, +4.1819e-02, +2.0471e-02, -2.9622e-02, +8.2444e-03, +2.9422e-02, +3.2836e-02, -1.9174e-02, -3.2356e-02, -6.6457e-03, +9.0311e-03, -2.5597e-02, -2.2615e-03, -1.3022e-02, -5.4797e-02, -2.5325e-02, +2.6575e-02, -3.9191e-02, +3.3527e-02, -3.1726e-03, +7.0871e-02, +4.0489e-02, -3.1942e-02, -1.0000e+00, -5.8426e-03, -9.8353e-03, -1.6254e-02, -2.0919e-02, +3.1504e-02, +6.3193e-02, +6.9201e-03, -1.1421e-01, -5.5169e-03, -4.6731e-03, +2.7004e-02
+1.7489e-02, -6.8989e-02, -3.8599e-02, -2.8312e-02, +3.8410e-02, -3.4007e-02, +4.9613e-02, +3.0351e-04, -5.0710e-03, -1.2339e-02, +2.2732e-02, +2.0429e-02, -4.6192e-02, -2.8068e-02, -1.5884e-02, +7.7897e-04, +1.0645e-01, +1.1610e-01, +1.6379e-02, -3.1989e-02, +4.0891e-02, -5.6994e-02, -9.7792e-03, -1.5220e-02, -3.6239e-03, -4.0041e-02, -4.3193e-02, +5.8248e-02, -5.0659e-03, -1.6623e-02, -6.2499e-02, +1.4346e-02, -1.6566e-02, +1.4223e-02, -1.7432e-02, +4.0558e-02, -8.0423e-02, +2.6104e-02, -5.8426e-03, -1.0000e+00, +1.0649e-02, +8.4156e-02, -3.6166e-02, +1.4361e-02, +6.1067e-03, -4.7579e-02, +4.2860e-03, +9.5749e-02, +2.5504e-02, +9.1290e-02
-1.0717e-02, -1.4751e-02, -8.7880e-03, +1.5039e-02, +1.5941e-02, +4.3081e-02, -3.3504e-02, -6.5231e-02, +6.6669e-02, +1.9073e-02, +4.2276e-03, -9.2751e-03, +2.4220e-02, -8.1474e-02, +1.7675e-02, -3.5634e-02, -2.0508e-03, +2.1479e-02, -6.3428e-02, -7.2405e-02, -2.8473e-02, -1.4722e-02, -2.0169e-02, -2.0487e-02, -4.2059e-03, -4.2773e-02, +2.2078e-02, -2.7649e-03, +8.2863e-02, -2.2576e-02, -8.1614e-02, -5.0957e-03, +1.5013e-02, +1.5139e-02, +3.3581e-02, +8.0171e-03, -1.1238e-03, -6.4986e-02, -9.8353e-03, +1.0649e-02, -1.0000e+00, -2.8276e-02, -6.3593e-03, -1.2094e-01, -2.8817e-02, +1.8275e-02, -5.5450e-02, +7.4555e-04, +1.0993e-01, +2.4189e-02
+3.9289e-02, -2.4442e-02, +7.6232e-02, +3.7572e-02, +4.2911e-02, -5.2977e-02, +3.3917e-02, +3.8058e-02, +1.0054e-01, -1.3418e-01, -2.0813e-02, -1.0617e-01, +6.4407e-02, -2.1975e-05, -1.2171e-02, +1.1216e-02, +5.4940e-02, +2.4732e-01, -2.0667e-02, +3.1502e-03, +1.9492e-02, -1.7535e-02, -1.3300e-03, -3.3557e-02, -5.1165e-02, -7.8711e-03, +2.0646e-02, +2.7764e-02, +1.1233e-02, +2.5230e-02, -3.7741e-02, +5.0950e-03, -3.5265e-02, -7.6728e-02, -5.6583e-02, +9.8360e-02, +1.5050e-02, -1.4506e-02, -1.6254e-02, +8.4156e-02, -2.8276e-02, -1.0000e+00, -5.6438e-03, -9.6831e-03, +1.5304e-01, -1.1578e-02, -2.6623e-02, -2.7452e-02, +4.6106e-02, +3.3839e-02
-1.3906e-02, -2.3489e-02, +5.7595e-02, +1.6615e-02, -2.0793e-02, +1.6537e-02, +2.8603e-02, +2.2479e-02, -6.4547e-03, +9.6439e-03, +2.0630e-02, +1.9894e-02, +2.7814e-03, +4.8626e-02, +9.4296e-03, +8.7847e-03, -1.6362e-02, -5.5687e-02, +3.5342e-02, +5.8677e-02, +1.6222e-02, -2.0938e-02, +4.4080e-02, +7.7021e-02, -1.4131e-02, +4.7659e-02, +4.0284e-02, +2.8561e-02, +5.9511e-02, -1.4450e-02, +1.9338e-03, +9.8266e-03, +2.4290e-02, +6.3234e-02, +6.9305e-03, -1.4136e-02, -2.1957e-02, -1.0091e-02, -2.0919e-02, -3.6166e-02, -6.3593e-03, -5.6437e-03, -1.0000e+00, -5.1942e-02, -3.4060e-02, +2.4509e-02, +3.8495e-02, +3.4062e-02, +1.0792e-02, +2.1811e-02
-2.8122e-02, +2.4861e-02, -1.1554e-03, +2.6202e-02, -1.1988e-02, -4.6290e-03, -1.7289e-02, -2.9847e-02, +2.8659e-02, -4.6429e-02, -1.3850e-01, +7.9249e-03, +2.1655e-02, -3.5994e-02, -5.2206e-03, -3.7501e-02, +1.6461e-03, +6.8428e-02, -5.6976e-02, +4.1410e-02, -1.7202e-01, +5.2355e-02, +2.6978e-02, +6.1227e-02, -1.1069e-02, -4.2338e-02, +1.8343e-02, -5.6784e-02, +4.5486e-03, +4.1165e-02, -3.5946e-02, +3.3242e-02, -3.3057e-02, +3.2053e-02, +7.8246e-02, -4.8964e-02, +6.6368e-03, -6.2750e-02, +3.1504e-02, +1.4361e-02, -1.2094e-01, -9.6831e-03, -5.1942e-02, -1.0000e+00, -5.2760e-02, -6.5313e-02, -1.3324e-02, +2.9989e-03, -3.7665e-02, -1.1457e-02
+1.4535e-02, -7.5413e-02, +9.1790e-03, +7.2924e-02, +1.5228e-02, +1.0384e-01, -6.4912e-02, -6.5609e-02, +3.3796e-02, +1.2265e-02, -6.5070e-02, +2.5469e-01, -1.3474e-01, +2.1099e-02, +3.3868e-03, +2.1548e-02, -1.4425e-02, +1.1208e-02, -7.1094e-02, -2.8132e-02, -6.9252e-02, -1.2798e-02, -2.0549e-02, -1.2038e-02, +3.3247e-02, +1.8448e-02, +9.3368e-03, +1.8853e-02, +3.8969e-02, -2.3825e-02, -3.8129e-02, +1.6706e-02, -8.3239e-02, -3.0789e-02, +2.0500e-02, -2.6242e-02, -4.4946e-02, +4.9408e-02, +6.3193e-02, +6.1067e-03, -2.8817e-02, +1.5304e-01, -3.4060e-02, -5.2760e-02, -1.0000e+00, +3.7755e-02, +7.7538e-02, +5.7592e-02, -3.3066e-02, +4.0165e-02
+6.2556e-03, +1.7415e-02, -5.2909e-03, -1.1786e-01, +2.3162e-02, -4.5523e-03, +4.6321e-03, +5.4808e-02, +9.3602e-03, +7.7074e-03, +2.8847e-02, -2.9490e-02, -3.0535e-02, +4.2522e-02, -5.0011e-02, -4.6324e-02, +3.7521e-02, -1.2517e-02, +1.9176e-03, -1.2806e-02, +7.6020e-02, +1.1365e-02, +7.1950e-02, -3.7048e-02, +6.0218e-02, -4.9924e-02, -4.9348e-02, -3.1625e-02, -3.7238e-02, -1.8131e-02, +2.9067e-02, +2.8839e-02, +4.6463e-02, -4.3680e-02, +1.3398e-02, -5.3658e-02, +2.1430e-02, +6.9928e-02, +6.9201e-03, -4.7579e-02, +1.8275e-02, -1.1578e-02, +2.4509e-02, -6.5313e-02, +3.7755e-02, -1.0000e+00, +3.1222e-02, -4.7550e-03, -1.0331e-02, +4.5858e-02
-2.1481e-02, +4.3080e-02, +1.0496e-04, -3.0628e-02, -2.1649e-03, -1.1215e-01, -4.9722e-02, -2.8898e-02, +9.1074e-03, -1.6405e-02, -1.0587e-01, -5.4839e-02, -1.1905e-02, +2.6228e-02, -9.8332e-02, -9.4348e-02, +2.4622e-02, +6.9717e-02, -9.7156e-02, +4.2051e-02, -3.8522e-03, +3.4942e-02, -3.0067e-02, -6.4781e-03, -8.1262e-02, +8.2670e-03, -1.0252e-01, -5.6576e-02, +2.3442e-02, -7.9829e-03, -1.2835e-02, -1.4272e-02, -8.0750e-02, +2.0628e-02, -3.0608e-02, +4.0486e-02, +3.6366e-02, -3.2389e-02, -1.1421e-01, +4.2860e-03, -5.5450e-02, -2.6623e-02, +3.8495e-02, -1.3324e-02, +7.7538e-02, +3.1222e-02, -1.0000e+00, -1.3748e-02, -3.6221e-02, +9.3496e-02
+5.9740e-02, -4.4662e-02, +1.1282e-01, +7.6097e-02, -5.6664e-02, +3.7344e-02, +1.0291e-02, -2.4176e-02, +1.1921e-01, +5.6904e-02, +6.6127e-02, -5.0069e-02, -1.0017e-01, -1.1568e-02, +1.4539e-01, -5.9101e-02, -5.1586e-02, -7.5843e-03, -2.7623e-02, +2.5396e-02, -5.7618e-03, +8.2353e-02, +2.5675e-03, +6.8802e-02, +6.3865e-03, +1.0249e-01, +4.6561e-02, +4.5761e-02, +8.0864e-03, -8.8497e-05, +1.9035e-01, -3.3010e-02, +2.6252e-03, +4.4941e-02, +1.0905e-01, +8.4547e-02, -6.8239e-02, +4.0852e-02, -5.5169e-03, +9.5749e-02, +7.4555e-04, -2.7452e-02, +3.4062e-02, +2.9990e-03, +5.7592e-02, -4.7550e-03, -1.3748e-02, -1.0000e+00, -3.6908e-02, -2.0922e-02
+2.9199e-02, +3.4383e-04, +6.2024e-03, +9.7684e-03, -1.4045e-02, +3.4992e-02, +2.1541e-02, +6.3830e-02, +1.4504e-02, +1.4687e-02, +4.6859e-02, -7.2564e-02, +5.7928e-02, +1.7863e-02, +3.2774e-02, -3.6105e-02, +1.4939e-01, +2.3993e-02, +6.1417e-02, -6.1343e-02, -3.2596e-02, -2.8965e-02, -8.6287e-02, +1.5320e-02, +4.6457e-02, -8.4653e-03, +1.1753e-02, +5.8559e-02, +1.0713e-02, -1.5296e-02, +7.1482e-02, +5.3549e-02, +2.0346e-02, -1.5067e-04, -8.7659e-03, -1.1762e-02, +4.1952e-02, -3.7093e-02, -4.6731e-03, +2.5504e-02, +1.0993e-01, +4.6106e-02, +1.0792e-02, -3.7665e-02, -3.3066e-02, -1.0331e-02, -3.6221e-02, -3.6908e-02, -1.0000e+00, +7.7127e-03
-6.7275e-03, -1.0416e-01, +4.4395e-02, -6.8519e-02, -4.0219e-02, +7.0766e-02, -1.4503e-02, -4.1922e-02, +2.2018e-02, -7.1665e-02, +4.9455e-03, -3.0072e-02, -1.8816e-02, -1.0969e-04, +1.9545e-02, -1.6163e-02, -2.6495e-02, +1.3519e-01, -1.4430e-03, -7.5223e-02, +7.8292e-03, +5.5967e-02, -4.5026e-02, -1.6119e-02, +6.9038e-03, +1.6225e-02, +2.5316e-02, +1.1166e-03, +4.8549e-02, +9.4931e-03, +6.1677e-02, -1.3359e-01, +9.2120e-02, -8.0252e-03, -8.6554e-03, -4.0295e-02, +5.1548e-03, +2.1511e-02, +2.7004e-02, +9.1290e-02, +2.4189e-02, +3.3839e-02, +2.1811e-02, -1.1457e-02, +4.0165e-02, +4.5858e-02, +9.3496e-02, -2.0922e-02, +7.7127e-03, -1.0000e+00
