-1.0000e+00, +3.9800e-02, -4.2124e-02, -6.5157e-02, -6.1098e-02, +8.6655e-02, -5.5467e-02, -3.1154e-02, -5.0327e-02, +2.1241e-02, +5.8167e-02, -9.7960e-02, +6.7845e-03, -7.0222e-02, -7.9070e-02, +1.2610e-01, +2.3454e-02, -4.0355e-03, +8.2177e-02, +1.0459e-01, +2.2305e-02, +7.7160e-02, -5.8652e-03, +1.6153e-02, -4.6382e-02, -1.7595e-01, +8.5571e-02, +9.6288e-03, +1.9282e-02, +2.8033e-02, +2.0732e-02, +7.0155e-03, -2.4672e-03, -2.0459e-02, +2.7876e-02, +1.4152e-01, +2.0026e-02, -2.5637e-02, +2.8489e-02, +2.7648e-02, +7.1979e-02, +8.7594e-02, -3.9754e-02, -2.4567e-03, -9.1921e-02, +3.2311e-02, -6.5521e-03, +7.3535e-03, +1.1756e-01, -2.5324e-02
+3.9800e-02, -1.0000e+00, -1.2962e-01, -5.6686e-02, -8.6261e-02, -9.8974e-02, -8.1068e-02, -1.3188e-01, +7.3190e-03, +3.7463e-02, -9.5206e-02, -4.5247e-02, +6.0089e-02, +1.2743e-02, -1.4043e-01, +3.0786e-01, +9.0835e-02, -3.2265e-02, -1.0455e-01, +3.4075e-02, -7.7988e-02, +7.5590e-02, +4.9930e-02, -8.3988e-02, -1.1133e-02, -2.5211e-02, -1.5159e-01, -1.5534e-01, -7.1382e-02, -1.0081e-01, -9.0545e-02, +8.1931e-02, +1.4825e-02, +2.3750e-02, +3.2641e-02, -5.4478e-02, -2.6136e-02, -4.7517e-02, +1.4993e-02, +9.6480e-02, -8.4314e-02, +3.0845e-03, +5.0552e-02, -5.3370e-02, -3.5731e-02, -8.8105e-02, -5.1311e-02, -1.0879e-01, -4.9670e-02, -7.3909e-02
-4.2124e-02, -1.2962e-01, -1.0000e+00, +3.8851e-02, +6.7187e-02, -1.4208e-01, -1.1741e-01, -1.8137e-02, +4.6815e-02, +5.4240e-02, -1.5397e-01, -7.0225e-02, -7.3117e-02, -1.0359e-01, -1.2825e-01, +1.5463e-01, -2.7082e-02, -1.4509e-01, +3.3609e-02, +2.8637e-02, -7.4059e-02, -1.7912e-03, -4.5611e-02, +8.5549e-03, -1.1966e-01, -4.0196e-02, -2.5760e-01, -3.5979e-01, -1.3065e-01, -1.2198e-02, +2.9727e-02, +1.5438e-02, +6.0647e-03, +3.7464e-02, -3.3869e-02, +1.3040e-01, +6.4655e-02, +2.4905e-02, -5.7470e-02, +2.1488e-02, -9.0443e-02, -1.5894e-03, +9.2137e-02, -1.4213e-02, -1.7004e-01, -1.4714e-02, -1.2739e-01, +1.4086e-01, -7.7475e-02, +2.1758e-02
-6.5157e-02, -5.6686e-02, +3.8851e-02, -1.0000e+00, -1.4872e-01, -1.5225e-01, -1.2320e-01, -1.0341e-02, +2.5212e-02, +6.2299e-02, -1.5876e-01, -3.9074e-02, -3.3513e-02, +3.8492e-02, -1.6858e-01, +9.4959e-02, +1.0008e-01, -5.8032e-02, -1.2576e-01, -3.4900e-03, -5.6158e-02, +4.3636e-02, +5.8302e-02, -9.5403e-02, -8.6241e-02, -1.7123e-01, -7.1123e-02, -3.6209e-02, -2.0946e-01, -1.1923e-01, -1.7379e-01, +4.9661e-02, +6.0399e-02, +2.1514e-02, -3.6825e-02, +8.7429e-02, +3.4973e-03, -1.3625e-01, -9.0415e-02, +3.5942e-02, -8.0922e-02, +5.6072e-02, -2.1565e-02, -6.0916e-02, -1.0815e-01, -1.2071e-01, -1.0755e-01, +7.2449e-02, +2.1531e-02, +9.3444e-02
-6.1098e-02, -8.6261e-02, +6.7187e-02, -1.4872e-01, -1.0000e+00, -3.9152e-02, -7.2061e-02, -9.3548e-02, -4.1678e-02, +4.2495e-02, -1.0591e-01, -4.8181e-02, -6.0303e-02, +7.8171e-02, -3.6368e-02, +1.2762e-01, +1.2970e-01, -5.4438e-02, -8.8404e-02, -2.2495e-02, -3.0235e-03, +3.6346e-02, +2.3195e-01, -6.6041e-02, -2.7695e-02, -1.3564e-02, +3.4632e-03, -1.7368e-02, -4.8122e-02, -9.2860e-02, +8.3114e-02, -6.3344e-02, +3.0433e-02, -1.2557e-02, +1.6427e-02, +3.5901e-02, -3.0555e-02, +1.1158e-01, -3.9944e-02, +2.2271e-02, +2.6122e-03, +4.5287e-02, -2.4118e-02, +9.6539e-04, -1.4050e-03, -8.0192e-02, -1.7828e-02, -4.8162e-02, +1.0736e-01, -1.2939e-01
+8.6655e-02, -9.8974e-02, -1.4208e-01, -1.5225e-01, -3.9152e-02, -1.0000e+00, -1.0926e-03, +3.7079e-02, +1.1594e-01, +4.4945e-02, -2.2885e-01, +4.1436e-03, -1.6748e-02, -5.7917e-02, -2.3739e-01, +1.1021e-01, +3.8277e-03, -2.0326e-01, -2.6818e-01, +3.2980e-03, -1.3685e-02, -1.0248e-01, +6.3935e-02, -1.2652e-01, -1.0146e-01, -4.2028e-02, -2.5801e-01, -1.4616e-01, -2.0133e-01, -1.5954e-01, -2.7484e-01, +5.9701e-02, +4.5452e-02, -4.2442e-02, -2.3742e-02, -1.4770e-01, +1.2289e-01, -1.1288e-01, -1.1269e-01, +3.6267e-02, -1.2271e-01, -4.1946e-02, +7.4528e-03, -6.8372e-02, -2.2888e-01, -5.9096e-02, -2.8537e-01, +4.3604e-02, +3.9162e-02, +6.3228e-02
-5.5467e-02, -8.1068e-02, -1.1741e-01, -1.2320e-01, -7.2061e-02, -1.0925e-03, -1.0000e+00, -1.0516e-01, +9.5712e-02, +3.4301e-02, -1.3178e-01, -5.1414e-02, -3.0431e-02, -8.2495e-02, +5.1082e-02, +5.7502e-02, +1.2122e-01, -2.9719e-02, -2.2781e-02, -5.3670e-02, +2.4516e-02, +1.7877e-02, +1.8052e-01, -1.2309e-02, +9.5286e-02, -1.2918e-01, -1.3112e-01, -1.8641e-01, -7.9439e-02, -1.0461e-01, -2.4492e-02, -3.8240e-02, +3.1708e-02, -1.3279e-02, +6.6082e-02, -2.1862e-02, +7.5987e-02, +4.4856e-02, -1.6708e-02, +8.3547e-02, -1.5940e-02, -1.3482e-01, -6.0693e-03, -1.9157e-02, -1.2671e-01, -1.5639e-02, -6.1079e-02, -8.9333e-02, -2.9601e-02, +1.3634e-02
-3.1154e-02, -1.3188e-01, -1.8137e-02, -1.0341e-02, -9.3548e-02, +3.7079e-02, -1.0516e-01, -1.0000e+00, -4.2589e-02, +4.4864e-02, -8.2635e-02, -6.5220e-02, +6.2271e-03, -3.1962e-02, +7.0083e-02, +4.4304e-01, +1.2724e-01, -3.5936e-02, -1.2237e-02, -7.4637e-02, +4.9182e-02, +1.9360e-01, +2.4085e-01, -7.5393e-02, -5.4165e-02, +2.5588e-02, -2.1276e-02, -1.3029e-01, +8.8526e-03, -5.6866e-02, +1.2809e-01, +1.5614e-02, +4.9070e-02, -2.2342e-02, +3.0508e-02, +1.4344e-02, +1.0302e-02, +3.8364e-02, +4.9752e-02, +3.7332e-01, +2.3489e-02, +1.3809e-01, -8.5239e-02, -1.7305e-02, +2.0884e-02, -4.6102e-02, -6.4980e-02, -9.2847e-02, -2.5278e-02, -4.8976e-02
-5.0327e-02, +7.3190e-03, +4.6815e-02, +2.5212e-02, -4.1678e-02, +1.1594e-01, +9.5712e-02, -4.2589e-02, -1.0000e+00, +9.7369e-02, +1.1579e-01, -4.6383e-03, +7.5873e-02, +1.5086e-01, +3.8877e-02, +7.4503e-02, -2.9170e-02, +1.1305e-01, +7.3171e-02, -1.4193e-02, -1.4414e-02, +8.0890e-02, -5.5387e-02, -7.3518e-03, -4.0012e-02, +9.9225e-02, +1.9844e-01, +1.3834e-01, +5.0549e-02, -2.0485e-03, +1.1934e-01, +1.4107e-02, +1.7454e-04, -1.8228e-02, +3.9631e-02, +1.2084e-01, +5.1600e-02, +1.0367e-01, +1.1102e-01, +1.5250e-01, +8.5165e-02, +1.1533e-02, -2.0615e-02, +2.1223e-02, +2.4588e-02, -1.8726e-02, +2.7524e-02, +2.1029e-02, +3.4684e-02, +1.6189e-01
+2.1241e-02, +3.7463e-02, +5.4240e-02, +6.2299e-02, +4.2495e-02, +4.4945e-02, +3.4301e-02, +4.4864e-02, +9.7369e-02, -1.0000e+00, -9.4186e-02, +3.4948e-02, +4.6307e-02, -5.4861e-02, +5.4074e-02, -1.1336e-01, +8.0724e-02, +5.7690e-02, -3.3232e-02, -5.2760e-02, -8.6221e-03, -2.9331e-02, +1.2663e-01, -2.0296e-01, +2.5083e-02, +4.7776e-02, +3.0605e-02, +1.5031e-01, +6.4368e-02, -8.9523e-03, -3.7582e-02, -3.1382e-02, +4.2185e-02, -2.4031e-02, +5.2541e-02, +1.2501e-03, -1.0766e-02, +6.2534e-03, +6.1508e-02, +5.6745e-02, +9.8161e-02, +1.0070e-02, -5.2148e-03, +5.0396e-03, +1.1551e-02, +6.2697e-02, +8.4817e-02, -7.7212e-03, -3.6164e-03, -1.0273e-02
+5.8167e-02, -9.5206e-02, -1.5397e-01, -1.5876e-01, -1.0591e-01, -2.2885e-01, -1.3178e-01, -8.2635e-02, +1.1579e-01, -9.4186e-02, -1.0000e+00, -4.9228e-02, -8.4318e-02, -7.4519e-02, -1.9557e-01, +7.9098e-02, +4.0801e-02, -2.4928e-01, -1.8681e-01, +2.1224e-02, -3.4621e-02, +5.5582e-02, +3.3043e-01, -4.3201e-02, -2.1377e-03, -7.5824e-02, -2.7597e-01, -2.8338e-01, -2.3944e-01, -1.2179e-01, -2.2782e-01, +4.5157e-02, -1.1471e-03, -5.4763e-02, -5.0543e-02, +5.3673e-05, -2.0530e-02, -1.4510e-01, -8.9810e-02, +9.0590e-02, -1.4060e-01, +1.1599e-01, +9.3933e-03, -8.7219e-02, -2.3384e-01, -1.3234e-02, -2.1990e-01, +1.0463e-01, +3.2209e-03, +9.8470e-02
-9.7960e-02, -4.5247e-02, -7.0225e-02, -3.9074e-02, -4.8181e-02, +4.1436e-03, -5.1414e-02, -6.5220e-02, -4.6383e-03, +3.4948e-02, -4.9228e-02, -1.0000e+00, +1.8087e-02, -1.4952e-01, -2.9666e-02, +1.1956e-01, +9.1738e-02, -9.8782e-02, -2.0084e-02, +7.3170e-02, +7.9127e-02, -7.0518e-04, +9.7889e-02, +7.6835e-03, -1.4545e-01, -1.2845e-02, -6.8184e-02, -8.5921e-02, -2.1797e-02, -1.7282e-02, +2.7046e-02, +5.0391e-02, +2.3720e-02, -1.4100e-02, -4.6152e-02, +3.6394e-02, -5.6575e-02, -4.8941e-02, -6.6744e-02, +4.6543e-02, +1.5049e-02, +1.0594e-03, -1.4530e-02, +4.6627e-02, -4.9221e-02, +3.0342e-02, -4.3206e-02, +1.8651e-02, -6.0069e-03, -7.6907e-02
+6.7845e-03, +6.0089e-02, -7.3117e-02, -3.3513e-02, -6.0303e-02, -1.6748e-02, -3.0431e-02, +6.2271e-03, +7.5873e-02, +4.6307e-02, -8.4318e-02, +1.8087e-02, -1.0000e+00, +3.5255e-02, -3.1460e-03, +8.5531e-02, +8.3499e-02, -1.2437e-02, -1.7279e-02, +5.9408e-02, -3.9734e-02, +7.6107e-02, +9.6245e-02, +1.7985e-02, -6.2188e-02, -1.4477e-01, -8.8861e-02, -8.2277e-02, -8.8153e-02, +1.6380e-02, +9.8435e-03, -2.2437e-03, +2.1825e-02, +1.3254e-02, +3.0198e-03, -1.2520e-02, +1.0136e-02, +9.7997e-02, -5.4653e-02, -1.1064e-03, -2.2712e-02, -1.9348e-02, -3.0538e-02, -2.4259e-02, -1.7419e-01, +8.0738e-03, +7.5666e-02, -2.3118e-02, +1.6027e-02, -7.3817e-02
-7.0222e-02, +1.2743e-02, -1.0359e-01, +3.8492e-02, +7.8171e-02, -5.7917e-02, -8.2495e-02, -3.1962e-02, +1.5086e-01, -5.4861e-02, -7.4519e-02, -1.4952e-01, +3.5255e-02, -1.0000e+00, -1.4260e-01, +1.2265e-01, +5.1907e-02, -9.8316e-02, -1.6394e-01, +2.3634e-02, -9.6568e-03, -5.7508e-02, +1.0174e-01, -2.6303e-02, -1.1364e-01, +2.1898e-02, -2.7866e-01, -1.0029e-01, -4.7267e-02, -9.8567e-02, -1.0419e-01, +7.2908e-02, -9.2118e-02, +7.9837e-02, -3.6532e-02, -1.7556e-02, +2.6213e-02, -9.3815e-02, -1.0768e-01, +5.8297e-03, -9.3808e-02, +1.0731e-02, -3.7059e-04, +1.9267e-02, -1.5302e-01, -1.2413e-01, -1.4309e-01, +8.4924e-02, +7.7208e-02, -6.1860e-02
-7.9070e-02, -1.4043e-01, -1.2825e-01, -1.6858e-01, -3.6368e-02, -2.3739e-01, +5.1082e-02, +7.0083e-02, +3.8877e-02, +5.4074e-02, -1.9557e-01, -2.9666e-02, -3.1460e-03, -1.4260e-01, -1.0000e+00, +2.5740e-01, -5.5279e-02, -1.2583e-01, -2.8933e-01, -1.3644e-02, -1.2566e-01, -7.2010e-02, -1.3781e-01, -2.5894e-01, -1.6602e-01, -3.0781e-02, -1.9868e-01, -1.9194e-01, -1.4250e-01, -5.0762e-02, -2.7312e-01, +3.3618e-02, -6.4813e-02, -5.9183e-02, -5.3226e-02, +9.0785e-02, +8.8190e-02, -1.7442e-01, -1.3774e-02, +1.5053e-02, -1.1302e-01, +1.7519e-01, +8.7481e-02, -3.1229e-02, -1.9832e-01, -5.9535e-02, -2.3941e-01, +1.9081e-01, +8.5887e-02, +5.8516e-03
+1.2610e-01, +3.0786e-01, +1.5463e-01, +9.4959e-02, +1.2762e-01, +1.1021e-01, +5.7502e-02, +4.4304e-01, +7.4503e-02, -1.1336e-01, +7.9098e-02, +1.1956e-01, +8.5531e-02, +1.2265e-01, +2.5740e-01, -1.0000e+00, +5.0085e-02, +3.3377e-02, +2.1635e-01, +2.7135e-02, +3.8032e-02, -1.5949e-01, +7.4583e-02, +2.6582e-01, +1.6120e-01, +7.7637e-02, +1.9189e-01, +1.9741e-01, +1.8184e-01, +6.1014e-02, -5.7253e-02, -3.7368e-02, -4.0329e-02, +2.2186e-02, +7.5014e-03, -6.8711e-02, +1.4707e-01, +1.2990e-01, +1.3433e-03, -2.6742e-01, +6.7066e-02, -4.4438e-02, +3.0901e-02, -4.4752e-02, +1.2562e-01, +8.7797e-02, +2.2702e-01, +1.9125e-01, -3.0204e-02, +3.7732e-01
+2.3454e-02, +9.0835e-02, -2.7082e-02, +1.0008e-01, +1.2970e-01, +3.8277e-03, +1.2122e-01, +1.2724e-01, -2.9170e-02, +8.0724e-02, +4.0801e-02, +9.1738e-02, +8.3499e-02, +5.1907e-02, -5.5279e-02, +5.0085e-02, -1.0000e+00, +4.8345e-02, +5.6782e-02, -2.8534e-02, -9.3586e-02, +4.2974e-02, +1.3659e-01, +4.6127e-02, +3.2640e-02, -4.4596e-02, +1.1898e-01, +2.1997e-02, +5.9409e-02, -2.0794e-02, +4.4269e-02, -5.3609e-02, -1.2415e-02, -1.4010e-02, -7.5417e-02, -4.3106e-03, +8.4629e-03, -1.9748e-02, +1.5143e-02, +1.6614e-02, -7.7186e-03, -1.7998e-02, +1.9387e-02, -1.0926e-02, +8.1141e-02, +5.3039e-02, -1.8224e-02, -2.8693e-02, -5.2897e-03, -4.0654e-03
-4.0356e-03, -3.2265e-02, -1.4509e-01, -5.8032e-02, -5.4438e-02, -2.0326e-01, -2.9719e-02, -3.5936e-02, +1.1305e-01, +5.7690e-02, -2.4928e-01, -9.8782e-02, -1.2437e-02, -9.8316e-02, -1.2583e-01, +3.3377e-02, +4.8345e-02, -1.0000e+00, -7.4367e-02, -2.0685e-02, -1.3996e-02, -1.1195e-01, +1.7636e-01, +5.0260e-02, -7.5835e-02, -1.4531e-03, -1.3467e-01, -1.9397e-01, -1.1857e-01, -4.8631e-02, -1.0723e-01, -3.4569e-02, -1.0908e-02, -4.7173e-02, -3.6241e-03, +5.4339e-02, +1.2151e-01, -6.9811e-02, -2.5751e-02, +3.7425e-02, -5.0334e-02, +4.7386e-02, +1.1305e-02, +4.3616e-02, -1.9112e-01, +8.5450e-02, -1.2237e-01, +5.5434e-02, +3.3127e-02, -4.5996e-03
+8.2177e-02, -1.0455e-01, +3.3609e-02, -1.2576e-01, -8.8404e-02, -2.6818e-01, -2.2781e-02, -1.2237e-02, +7.3171e-02, -3.3232e-02, -1.8681e-01, -2.0084e-02, -1.7279e-02, -1.6394e-01, -2.8933e-01, +2.1635e-01, +5.6782e-02, -7.4367e-02, -1.0000e+00, +7.9405e-02, -7.0849e-02, +4.4616e-02, -3.8833e-02, -1.3308e-01, +1.8227e-02, +9.0895e-03, -1.5833e-01, -1.6359e-01, -1.4928e-01, -1.0749e-01, -2.4556e-01, +7.9154e-03, -1.5661e-02, +7.5988e-03, +4.0453e-02, -3.4725e-02, +8.9144e-02, -1.3628e-01, -1.8672e-01, +6.7646e-02, -1.7223e-01, -3.2317e-02, -1.0371e-02, +4.5698e-02, -9.2541e-02, -1.8568e-01, -1.3903e-01, +2.1360e-02, +3.8385e-02, -1.3863e-02
+1.0459e-01, +3.4075e-02, +2.8637e-02, -3.4900e-03, -2.2495e-02, +3.2980e-03, -5.3670e-02, -7.4637e-02, -1.4193e-02, -5.2760e-02, +2.1224e-02, +7.3170e-02, +5.9408e-02, +2.3634e-02, -1.3644e-02, +2.7135e-02, -2.8534e-02, -2.0685e-02, +7.9405e-02, -1.0000e+00, -9.0768e-02, -5.3400e-02, -8.6068e-02, -1.7153e-02, +1.1005e-02, +1.0669e-02, +2.3336e-02, -3.0993e-02, -2.9434e-02, -3.4398e-02, +5.3435e-02, -3.7367e-02, -4.1204e-03, -3.5224e-02, -5.6316e-02, -1.8476e-02, +1.5081e-01, -9.6367e-02, +5.6056e-02, +1.8300e-02, +1.0169e-02, +1.4807e-03, +2.9077e-02, +3.4670e-02, +6.9018e-02, +4.0353e-02, +3.8899e-03, +5.2309e-02, -3.0328e-02, +4.9999e-02
+2.2305e-02, -7.7988e-02, -7.4059e-02, -5.6158e-02, -3.0235e-03, -1.3685e-02, +2.4516e-02, +4.9182e-02, -1.4414e-02, -8.6221e-03, -3.4621e-02, +7.9127e-02, -3.9734e-02, -9.6567e-03, -1.2566e-01, +3.8032e-02, -9.3586e-02, -1.3996e-02, -7.0849e-02, -9.0768e-02, -1.0000e+00, +3.9566e-02, -1.8206e-01, +4.1456e-03, +3.7708e-02, -1.0003e-01, +4.1462e-02, -6.3451e-02, -8.3044e-03, -2.6662e-02, -2.1963e-02, -4.1140e-02, +4.1030e-02, +1.7126e-02, -1.2149e-02, +4.6780e-02, +1.5404e-01, -3.5157e-02, -1.0509e-02, -4.7643e-02, -5.6552e-02, +8.6811e-02, +2.4917e-02, -7.9280e-02, -3.5798e-02, -6.8410e-02, -4.8679e-02, +5.5133e-02, -2.2762e-02, +1.0363e-01
+7.7160e-02, +7.5590e-02, -1.7912e-03, +4.3636e-02, +3.6346e-02, -1.0248e-01, +1.7877e-02, +1.9360e-01, +8.0890e-02, -2.9331e-02, +5.5582e-02, -7.0518e-04, +7.6107e-02, -5.7508e-02, -7.2010e-02, -1.5949e-01, +4.2974e-02, -1.1195e-01, +4.4616e-02, -5.3400e-02, +3.9566e-02, -1.0000e+00, -9.6101e-03, +1.4419e-02, -9.6218e-03, +1.9446e-02, -3.9647e-02, +4.5122e-02, +4.3344e-02, -3.9864e-02, -9.1827e-02, -7.6415e-02, -8.0844e-02, -8.8272e-02, -2.9557e-02, +9.9021e-02, -1.7480e-02, -5.9421e-02, -1.5984e-02, -1.5828e-01, -1.5061e-02, -1.0391e-01, -1.2278e-02, +6.7582e-03, -1.4928e-02, +1.1655e-01, -4.4320e-02, +1.5977e-01, -2.9327e-02, +9.3747e-02
-5.8652e-03, +4.9930e-02, -4.5611e-02, +5.8302e-02, +2.3195e-01, +6.3935e-02, +1.8052e-01, +2.4085e-01, -5.5387e-02, +1.2663e-01, +3.3043e-01, +9.7889e-02, +9.6245e-02, +1.0174e-01, -1.3781e-01, +7.4583e-02, +1.3659e-01, +1.7636e-01, -3.8833e-02, -8.6068e-02, -1.8206e-01, -9.6101e-03, -1.0000e+00, -1.2642e-01, +4.0864e-03, -4.9132e-02, +8.8905e-02, +9.3498e-02, +8.9490e-02, +1.5475e-01, +9.8530e-03, -6.2224e-02, -3.4913e-04, +1.3367e-02, -8.4124e-02, -1.2092e-01, +1.0192e-01, -1.8165e-01, +1.3693e-01, -1.1753e-01, -2.7781e-02, -1.0830e-02, +7.0121e-02, +1.6104e-02, +8.3570e-02, -3.9011e-02, -1.8472e-02, +1.0457e-04, -3.2751e-02, +1.4728e-01
+1.6153e-02, -8.3988e-02, +8.5549e-03, -9.5403e-02, -6.6041e-02, -1.2652e-01, -1.2309e-02, -7.5393e-02, -7.3518e-03, -2.0296e-01, -4.3201e-02, +7.6835e-03, +1.7985e-02, -2.6303e-02, -2.5894e-01, +2.6582e-01, +4.6127e-02, +5.0260e-02, -1.3308e-01, -1.7153e-02, +4.1456e-03, +1.4419e-02, -1.2642e-01, -1.0000e+00, -7.0420e-02, -1.2226e-01, -1.6006e-01, -6.3653e-02, -9.1348e-02, -4.5228e-02, -8.0181e-02, +3.1962e-02, +3.8067e-02, -3.0672e-02, -6.7040e-02, -2.4611e-02, +4.3838e-03, -8.6211e-02, -5.9717e-02, +1.0164e-01, -4.0940e-03, -1.7207e-02, +4.6625e-02, +1.6290e-02, -7.2165e-02, -2.9686e-02, -8.4920e-02, -3.1094e-02, +4.1972e-02, +5.8003e-02
-4.6382e-02, -1.1133e-02, -1.1966e-01, -8.6241e-02, -2.7695e-02, -1.0146e-01, +9.5286e-02, -5.4165e-02, -4.0012e-02, +2.5083e-02, -2.1377e-03, -1.4545e-01, -6.2188e-02, -1.1364e-01, -1.6602e-01, +1.6120e-01, +3.2640e-02, -7.5835e-02, +1.8227e-02, +1.1005e-02, +3.7708e-02, -9.6218e-03, +4.0864e-03, -7.0420e-02, -1.0000e+00, -9.8017e-02, -1.1414e-01, -1.0911e-01, -8.3645e-02, +1.0439e-02, -3.6716e-02, +1.4140e-03, +1.6275e-02, -1.1848e-02, -4.6810e-02, +2.0600e-02, +3.2045e-02, -1.1695e-01, -3.9383e-02, -1.1597e-02, -3.6318e-02, -3.1053e-02, +1.5798e-02, +5.9223e-02, -1.2143e-01, +1.2259e-02, -1.2417e-01, +3.6535e-03, +4.9398e-02, -1.0687e-02
-1.7595e-01, -2.5211e-02, -4.0196e-02, -1.7123e-01, -1.3564e-02, -4.2028e-02, -1.2918e-01, +2.5588e-02, +9.9225e-02, +4.7776e-02, -7.5824e-02, -1.2845e-02, -1.4477e-01, +2.1898e-02, -3.0781e-02, +7.7637e-02, -4.4596e-02, -1.4531e-03, +9.0895e-03, +1.0669e-02, -1.0003e-01, +1.9446e-02, -4.9132e-02, -1.2226e-01, -9.8017e-02, -1.0000e+00, -3.0005e-02, -3.6405e-03, -6.1688e-02, -1.8016e-02, -5.4177e-02, -4.6902e-03, +6.1985e-02, -2.2107e-02, -6.2050e-02, -2.9855e-02, -9.0276e-03, +6.9141e-02, +1.8212e-02, +8.2471e-03, -5.8132e-02, +2.2409e-02, +1.8649e-02, -8.2012e-02, -1.4846e-01, -5.0623e-02, -3.8846e-02, +3.3678e-03, +2.2753e-02, +6.9085e-02
+8.5571e-02, -1.5159e-01, -2.5760e-01, -7.1123e-02, +3.4632e-03, -2.5801e-01, -1.3112e-01, -2.1276e-02, +1.9844e-01, +3.0605e-02, -2.7597e-01, -6.8184e-02, -8.8861e-02, -2.7866e-01, -1.9868e-01, +1.9189e-01, +1.1898e-01, -1.3467e-01, -1.5833e-01, +2.3336e-02, +4.1462e-02, -3.9647e-02, +8.8905e-02, -1.6006e-01, -1.1414e-01, -3.0005e-02, -1.0000e+00, -2.2773e-01, -3.1202e-01, -1.0729e-01, -1.7235e-01, +8.8419e-02, -2.3599e-02, +1.3339e-02, -4.1289e-02, -6.6585e-02, -1.2457e-02, -1.4563e-01, -1.8445e-01, +5.3317e-02, -1.0657e-01, -6.7466e-02, +1.3613e-02, +1.1409e-02, -2.0462e-01, -9.5755e-02, -2.3809e-01, -3.2734e-02, +5.2079e-02, -7.5923e-03
+9.6288e-03, -1.5534e-01, -3.5979e-01, -3.6209e-02, -1.7368e-02, -1.4616e-01, -1.8641e-01, -1.3029e-01, +1.3834e-01, +1.5031e-01, -2.8338e-01, -8.5921e-02, -8.2277e-02, -1.0029e-01, -1.9194e-01, +1.9741e-01, +2.1997e-02, -1.9397e-01, -1.6359e-01, -3.0993e-02, -6.3451e-02, +4.5122e-02, +9.3498e-02, -6.3653e-02, -1.0911e-01, -3.6405e-03, -2.2773e-01, -1.0000e+00, -1.9768e-01, -5.6950e-02, -1.2764e-01, -1.0348e-02, +1.3684e-02, -4.5224e-02, +2.3842e-03, +9.0260e-03, +1.7762e-01, -1.6058e-01, -1.3207e-01, +7.7892e-02, -9.5857e-02, +1.2825e-01, +4.3688e-02, +9.7430e-03, -2.0858e-01, +3.6716e-02, -1.4032e-01, +9.2587e-02, -8.0261e-02, +4.5158e-03
+1.9282e-02, -7.1382e-02, -1.3065e-01, -2.0946e-01, -4.8122e-02, -2.0133e-01, -7.9439e-02, +8.8526e-03, +5.0549e-02, +6.4368e-02, -2.3944e-01, -2.1797e-02, -8.8153e-02, -4.7267e-02, -1.4250e-01, +1.8184e-01, +5.9409e-02, -1.1857e-01, -1.4928e-01, -2.9434e-02, -8.3044e-03, +4.3344e-02, +8.9490e-02, -9.1348e-02, -8.3645e-02, -6.1688e-02, -3.1202e-01, -1.9768e-01, -1.0000e+00, -1.0545e-01, -6.5553e-02, +3.9955e-02, -2.4669e-04, -4.6106e-02, -4.4227e-02, +5.3513e-03, +2.2881e-02, -8.4630e-02, -1.2048e-01, +6.3170e-02, +4.9996e-02, -1.9582e-02, +4.3710e-02, +3.7270e-02, -1.8895e-01, +6.6037e-03, -1.5707e-01, -1.3405e-02, +7.7050e-02, -1.6105e-03
+2.8033e-02, -1.0081e-01, -1.2198e-02, -1.1923e-01, -9.2860e-02, -1.5954e-01, -1.0461e-01, -5.6866e-02, -2.0484e-03, -8.9523e-03, -1.2179e-01, -1.7282e-02, +1.6380e-02, -9.8567e-02, -5.0762e-02, +6.1014e-02, -2.0794e-02, -4.8631e-02, -1.0749e-01, -3.4398e-02, -2.6662e-02, -3.9864e-02, +1.5475e-01, -4.5228e-02, +1.0439e-02, -1.8016e-02, -1.0729e-01, -5.6950e-02, -1.0545e-01, -1.0000e+00, -7.5831e-02, +3.8375e-02, +1.8619e-02, +2.6567e-02, +2.9094e-02, +8.7106e-03, +1.2475e-01, +3.4313e-02, +2.8556e-02, +6.1828e-02, -5.6915e-02, +7.3352e-02, +5.2136e-02, -7.1926e-02, -9.9319e-02, -9.6800e-03, -9.2111e-02, +1.4524e-01, +4.9236e-03, +1.4648e-02
+2.0732e-02, -9.0545e-02, +2.9727e-02, -1.7379e-01, +8.3114e-02, -2.7484e-01, -2.4492e-02, +1.2809e-01, +1.1934e-01, -3.7582e-02, -2.2782e-01, +2.7046e-02, +9.8435e-03, -1.0419e-01, -2.7312e-01, -5.7253e-02, +4.4269e-02, -1.0723e-01, -2.4556e-01, +5.3435e-02, -2.1963e-02, -9.1827e-02, +9.8530e-03, -8.0181e-02, -3.6716e-02, -5.4177e-02, -1.7235e-01, -1.2764e-01, -6.5553e-02, -7.5831e-02, -1.0000e+00, +6.8348e-02, +2.3270e-03, -2.6065e-02, +1.0610e-01, +1.1978e-01, +4.2163e-02, -2.0655e-01, -1.2698e-02, -1.6711e-02, -2.2541e-01, -4.1038e-02, +9.5266e-03, -5.0897e-02, -1.0765e-01, -5.9596e-02, -2.1269e-01, +1.5584e-01, +3.8502e-02, +1.3247e-01
+7.0155e-03, +8.1931e-02, +1.5438e-02, +4.9661e-02, -6.3344e-02, +5.9701e-02, -3.8240e-02, +1.5614e-02, +1.4107e-02, -3.1382e-02, +4.5157e-02, +5.0391e-02, -2.2437e-03, +7.2908e-02, +3.3618e-02, -3.7368e-02, -5.3609e-02, -3.4569e-02, +7.9154e-03, -3.7367e-02, -4.1140e-02, -7.6415e-02, -6.2224e-02, +3.1962e-02, +1.4140e-03, -4.6902e-03, +8.8419e-02, -1.0348e-02, +3.9955e-02, +3.8375e-02, +6.8348e-02, -1.0000e+00, +5.4448e-03, +2.1485e-02, -2.6689e-02, +6.6987e-02, +3.4832e-02, +3.3947e-04, +2.6373e-02, -1.4845e-02, +4.2695e-02, +4.5995e-02, -1.2779e-02, +5.3532e-03, +5.1879e-02, -2.0683e-02, +5.6341e-02, -7.0012e-02, -3.2762e-02, +3.1511e-02
-2.4672e-03, +1.4825e-02, +6.0648e-03, +6.0399e-02, +3.0433e-02, +4.5452e-02, +3.1708e-02, +4.9070e-02, +1.7454e-04, +4.2185e-02, -1.1471e-03, +2.3720e-02, +2.1825e-02, -9.2118e-02, -6.4813e-02, -4.0329e-02, -1.2415e-02, -1.0908e-02, -1.5661e-02, -4.1204e-03, +4.1030e-02, -8.0844e-02, -3.4913e-04, +3.8067e-02, +1.6275e-02, +6.1985e-02, -2.3599e-02, +1.3684e-02, -2.4669e-04, +1.8619e-02, +2.3270e-03, +5.4448e-03, -1.0000e+00, -2.8371e-02, -1.2738e-02, +8.4941e-02, +8.0574e-02, -6.8750e-02, -3.8659e-02, -9.3584e-02, -2.8743e-02, +3.9323e-02, +4.9094e-02, +7.5897e-02, +3.3119e-02, -5.5464e-02, -2.2109e-02, +7.0396e-02, +3.2178e-02, -1.4035e-02
-2.0459e-02, +2.3750e-02, +3.7464e-02, +2.1514e-02, -1.2557e-02, -4.2442e-02, -1.3279e-02, -2.2342e-02, -1.8228e-02, -2.4031e-02, -5.4763e-02, -1.4100e-02, +1.3254e-02, +7.9837e-02, -5.9183e-02, +2.2186e-02, -1.4010e-02, -4.7173e-02, +7.5988e-03, -3.5224e-02, +1.7126e-02, -8.8272e-02, +1.3367e-02, -3.0672e-02, -1.1848e-02, -2.2107e-02, +1.3339e-02, -4.5224e-02, -4.6106e-02, +2.6567e-02, -2.6065e-02, +2.1485e-02, -2.8371e-02, -1.0000e+00, -1.2708e-02, -2.2708e-02, -8.3232e-03, -3.2756e-02, +2.1398e-02, +5.4657e-02, +6.5341e-02, -5.3320e-03, -2.5462e-02, -1.9458e-02, +8.8871e-03, +2.3731e-02, -6.9116e-02, -1.7014e-02, +6.5330e-03, +6.0897e-02
+2.7876e-02, +3.2641e-02, -3.3869e-02, -3.6825e-02, +1.6427e-02, -2.3742e-02, +6.6082e-02, +3.0508e-02, +3.9631e-02, +5.2541e-02, -5.0543e-02, -4.6152e-02, +3.0198e-03, -3.6532e-02, -5.3226e-02, +7.5014e-03, -7.5417e-02, -3.6241e-03, +4.0453e-02, -5.6316e-02, -1.2149e-02, -2.9557e-02, -8.4124e-02, -6.7040e-02, -4.6810e-02, -6.2050e-02, -4.1289e-02, +2.3842e-03, -4.4227e-02, +2.9094e-02, +1.0610e-01, -2.6689e-02, -1.2738e-02, -1.2708e-02, -1.0000e+00, -2.6241e-02, -1.3434e-01, -2.4918e-02, +1.1667e-01, -6.3272e-02, +1.2659e-01, -3.4674e-02, -1.4774e-02, +3.3468e-02, +1.7370e-02, -3.7389e-03, +5.6355e-02, +9.8866e-03, +9.8067e-02, +8.5285e-02
+1.4152e-01, -5.4478e-02, +1.3040e-01, +8.7429e-02, +3.5900e-02, -1.4770e-01, -2.1862e-02, +1.4344e-02, +1.2084e-01, +1.2501e-03, +5.3677e-05, +3.6394e-02, -1.2520e-02, -1.7556e-02, +9.0785e-02, -6.8711e-02, -4.3106e-03, +5.4339e-02, -3.4725e-02, -1.8476e-02, +4.6780e-02, +9.9021e-02, -1.2092e-01, -2.4611e-02, +2.0600e-02, -2.9855e-02, -6.6585e-02, +9.0260e-03, +5.3513e-03, +8.7106e-03, +1.1978e-01, +6.6987e-02, +8.4941e-02, -2.2708e-02, -2.6241e-02, -1.0000e+00, +2.6732e-02, +1.4241e-01, -9.3651e-02, +5.1030e-02, -7.0131e-02, +4.8274e-02, -4.3843e-02, -1.6395e-01, +5.4541e-02, -2.6831e-02, +4.1120e-02, -3.3360e-01, +2.8201e-04, +7.5868e-02
+2.0026e-02, -2.6136e-02, +6.4655e-02, +3.4973e-03, -3.0555e-02, +1.2289e-01, +7.5987e-02, +1.0302e-02, +5.1600e-02, -1.0766e-02, -2.0530e-02, -5.6575e-02, +1.0136e-02, +2.6213e-02, +8.8190e-02, +1.4707e-01, +8.4629e-03, +1.2151e-01, +8.9144e-02, +1.5081e-01, +1.5404e-01, -1.7480e-02, +1.0192e-01, +4.3838e-03, +3.2045e-02, -9.0276e-03, -1.2457e-02, +1.7762e-01, +2.2881e-02, +1.2475e-01, +4.2163e-02, +3.4832e-02, +8.0574e-02, -8.3232e-03, -1.3434e-01, +2.6732e-02, -1.0000e+00, +1.4112e-03, -1.1263e-02, -5.2602e-02, +4.0726e-02, -2.5052e-02, -8.4041e-02, -4.6364e-02, +1.4082e-01, +3.2534e-02, +1.5201e-02, +4.4233e-02, -5.7143e-02, -1.3053e-01
-2.5637e-02, -4.7517e-02, +2.4905e-02, -1.3625e-01, +1.1158e-01, -1.1288e-01, +4.4856e-02, +3.8364e-02, +1.0367e-01, +6.2534e-03, -1.4510e-01, -4.8941e-02, +9.7997e-02, -9.3815e-02, -1.7442e-01, +1.2990e-01, -1.9748e-02, -6.9811e-02, -1.3628e-01, -9.6367e-02, -3.5157e-02, -5.9421e-02, -1.8165e-01, -8.6212e-02, -1.1695e-01, +6.9141e-02, -1.4563e-01, -1.6058e-01, -8.4630e-02, +3.4313e-02, -2.0655e-01, +3.3947e-04, -6.8749e-02, -3.2756e-02, -2.4918e-02, +1.4241e-01, +1.4112e-03, -1.0000e+00, -8.3892e-02, +3.1432e-03, -9.6116e-02, +2.8411e-02, +3.7125e-02, +5.7219e-02, -3.7969e-03, -5.4310e-02, -1.8453e-01, +1.4484e-01, +5.4247e-02, -4.1709e-02
+2.8489e-02, +1.4993e-02, -5.7470e-02, -9.0415e-02, -3.9944e-02, -1.1269e-01, -1.6708e-02, +4.9752e-02, +1.1102e-01, +6.1508e-02, -8.9810e-02, -6.6744e-02, -5.4653e-02, -1.0768e-01, -1.3774e-02, +1.3433e-03, +1.5143e-02, -2.5751e-02, -1.8672e-01, +5.6056e-02, -1.0509e-02, -1.5984e-02, +1.3693e-01, -5.9717e-02, -3.9383e-02, +1.8212e-02, -1.8445e-01, -1.3207e-01, -1.2048e-01, +2.8556e-02, -1.2698e-02, +2.6373e-02, -3.8659e-02, +2.1398e-02, +1.1667e-01, -9.3650e-02, -1.1263e-02, -8.3892e-02, -1.0000e+00, -4.2979e-06, -5.3270e-02, +3.7048e-04, -3.1979e-04, +1.5290e-02, -1.2735e-01, -5.8604e-02, -1.5231e-01, +4.2347e-02, -2.0937e-02, +3.8272e-02
+2.7648e-02, +9.6480e-02, +2.1488e-02, +3.5942e-02, +2.2271e-02, +3.6267e-02, +8.3547e-02, +3.7332e-01, +1.5250e-01, +5.6745e-02, +9.0590e-02, +4.6543e-02, -1.1064e-03, +5.8297e-03, +1.5053e-02, -2.6742e-01, +1.6614e-02, +3.7425e-02, +6.7646e-02, +1.8300e-02, -4.7643e-02, -1.5828e-01, -1.1753e-01, +1.0164e-01, -1.1597e-02, +8.2471e-03, +5.3317e-02, +7.7893e-02, +6.3170e-02, +6.1828e-02, -1.6711e-02, -1.4845e-02, -9.3584e-02, +5.4657e-02, -6.3272e-02, +5.1030e-02, -5.2602e-02, +3.1432e-03, -4.3030e-06, -1.0000e+00, +1.8638e-02, -3.6604e-02, +2.0399e-02, +6.7368e-02, +4.2752e-02, +3.4789e-02, +9.2044e-02, -9.6135e-03, -1.6179e-02, +7.1403e-02
+7.1979e-02, -8.4314e-02, -9.0444e-02, -8.0922e-02, +2.6122e-03, -1.2271e-01, -1.5940e-02, +2.3489e-02, +8.5165e-02, +9.8161e-02, -1.4060e-01, +1.5049e-02, -2.2712e-02, -9.3808e-02, -1.1302e-01, +6.7066e-02, -7.7186e-03, -5.0334e-02, -1.7223e-01, +1.0169e-02, -5.6552e-02, -1.5061e-02, -2.7781e-02, -4.0940e-03, -3.6318e-02, -5.8131e-02, -1.0657e-01, -9.5857e-02, +4.9996e-02, -5.6915e-02, -2.2541e-01, +4.2695e-02, -2.8743e-02, +6.5341e-02, +1.2659e-01, -7.0131e-02, +4.0726e-02, -9.6116e-02, -5.3270e-02, +1.8638e-02, -1.0000e+00, -4.6655e-02, +2.8167e-02, -7.8932e-02, -8.0540e-02, -1.7278e-01, -1.8671e-01, +7.5893e-02, -5.8872e-02, +8.6741e-03
+8.7594e-02, +3.0845e-03, -1.5894e-03, +5.6072e-02, +4.5287e-02, -4.1946e-02, -1.3482e-01, +1.3809e-01, +1.1533e-02, +1.0070e-02, +1.1599e-01, +1.0594e-03, -1.9348e-02, +1.0731e-02, +1.7519e-01, -4.4438e-02, -1.7998e-02, +4.7386e-02, -3.2317e-02, +1.4807e-03, +8.6811e-02, -1.0391e-01, -1.0830e-02, -1.7207e-02, -3.1053e-02, +2.2409e-02, -6.7466e-02, +1.2825e-01, -1.9582e-02, +7.3352e-02, -4.1038e-02, +4.5995e-02, +3.9323e-02, -5.3320e-03, -3.4674e-02, +4.8274e-02, -2.5052e-02, +2.8411e-02, +3.7046e-04, -3.6604e-02, -4.6655e-02, -1.0000e+00, +3.3795e-02, +8.0658e-02, -1.1973e-02, +3.9975e-04, +7.0096e-02, -2.3218e-01, -2.2962e-02, +3.4799e-03
-3.9754e-02, +5.0552e-02, +9.2137e-02, -2.1565e-02, -2.4118e-02, +7.4528e-03, -6.0693e-03, -8.5239e-02, -2.0615e-02, -5.2148e-03, +9.3933e-03, -1.4530e-02, -3.0538e-02, -3.7059e-04, +8.7481e-02, +3.0901e-02, +1.9387e-02, +1.1305e-02, -1.0371e-02, +2.9077e-02, +2.4917e-02, -1.2278e-02, +7.0121e-02, +4.6625e-02, +1.5798e-02, +1.8649e-02, +1.3613e-02, +4.3688e-02, +4.3710e-02, +5.2136e-02, +9.5266e-03, -1.2779e-02, +4.9094e-02, -2.5462e-02, -1.4774e-02, -4.3843e-02, -8.4041e-02, +3.7125e-02, -3.1979e-04, +2.0399e-02, +2.8167e-02, +3.3795e-02, -1.0000e+00, +2.7647e-02, +2.1602e-02, -5.0021e-03, -7.2998e-03, -6.5942e-02, +2.6712e-02, -4.0422e-02
-2.4567e-03, -5.3370e-02, -1.4213e-02, -6.0916e-02, +9.6539e-04, -6.8372e-02, -1.9157e-02, -1.7305e-02, +2.1223e-02, +5.0396e-03, -8.7219e-02, +4.6627e-02, -2.4259e-02, +1.9267e-02, -3.1229e-02, -4.4752e-02, -1.0926e-02, +4.3616e-02, +4.5698e-02, +3.4670e-02, -7.9280e-02, +6.7582e-03, +1.6104e-02, +1.6290e-02, +5.9223e-02, -8.2012e-02, +1.1409e-02, +9.7430e-03, +3.7270e-02, -7.1926e-02, -5.0897e-02, +5.3532e-03, +7.5897e-02, -1.9458e-02, +3.3468e-02, -1.6395e-01, -4.6364e-02, +5.7219e-02, +1.5290e-02, +6.7368e-02, -7.8932e-02, +8.0658e-02, +2.7647e-02, -1.0000e+00, -4.7600e-02, -4.4980e-02, -1.6181e-02, +2.5991e-02, +1.2610e-02, +4.0300e-02
-9.1921e-02, -3.5731e-02, -1.7004e-01, -1.0815e-01, -1.4050e-03, -2.2888e-01, -1.2671e-01, +2.0884e-02, +2.4588e-02, +1.1551e-02, -2.3384e-01, -4.9221e-02, -1.7419e-01, -1.5302e-01, -1.9832e-01, +1.2562e-01, +8.1141e-02, -1.9112e-01, -9.2541e-02, +6.9018e-02, -3.5798e-02, -1.4928e-02, +8.3570e-02, -7.2165e-02, -1.2143e-01, -1.4846e-01, -2.0462e-01, -2.0858e-01, -1.8895e-01, -9.9319e-02, -1.0765e-01, +5.1879e-02, +3.3119e-02, +8.8871e-03, +1.7370e-02, +5.4541e-02, +1.4082e-01, -3.7969e-03, -1.2735e-01, +4.2752e-02, -8.0540e-02, -1.1973e-02, +2.1602e-02, -4.7600e-02, -1.0000e+00, -2.3512e-02, -1.8108e-01, +1.9647e-01, +6.3327e-02, +4.4672e-02
+3.2311e-02, -8.8105e-02, -1.4714e-02, -1.2071e-01, -8.0192e-02, -5.9096e-02, -1.5639e-02, -4.6102e-02, -1.8726e-02, +6.2697e-02, -1.3234e-02, +3.0342e-02, +8.0737e-03, -1.2413e-01, -5.9535e-02, +8.7797e-02, +5.3039e-02, +8.5450e-02, -1.8568e-01, +4.0353e-02, -6.8410e-02, +1.1655e-01, -3.9011e-02, -2.9686e-02, +1.2259e-02, -5.0623e-02, -9.5755e-02, +3.6716e-02, +6.6036e-03, -9.6800e-03, -5.9596e-02, -2.0683e-02, -5.5464e-02, +2.3731e-02, -3.7389e-03, -2.6831e-02, +3.2534e-02, -5.4310e-02, -5.8604e-02, +3.4789e-02, -1.7278e-01, +3.9974e-04, -5.0021e-03, -4.4980e-02, -2.3512e-02, -1.0000e+00, -1.4450e-01, +8.6678e-04, +6.8059e-02, +5.0881e-03
-6.5521e-03, -5.1311e-02, -1.2739e-01, -1.0755e-01, -1.7828e-02, -2.8537e-01, -6.1079e-02, -6.4980e-02, +2.7524e-02, +8.4817e-02, -2.1990e-01, -4.3206e-02, +7.5666e-02, -1.4309e-01, -2.3941e-01, +2.2702e-01, -1.8224e-02, -1.2237e-01, -1.3903e-01, +3.8899e-03, -4.8679e-02, -4.4320e-02, -1.8472e-02, -8.4920e-02, -1.2417e-01, -3.8846e-02, -2.3809e-01, -1.4032e-01, -1.5707e-01, -9.2111e-02, -2.1269e-01, +5.6341e-02, -2.2109e-02, -6.9116e-02, +5.6355e-02, +4.1120e-02, +1.5201e-02, -1.8453e-01, -1.5231e-01, +9.2044e-02, -1.8671e-01, +7.0096e-02, -7.2998e-03, -1.6181e-02, -1.8108e-01, -1.4450e-01, -1.0000e+00, +8.4377e-02, +4.7114e-02, +1.7204e-02
+7.3535e-03, -1.0879e-01, +1.4086e-01, +7.2449e-02, -4.8162e-02, +4.3604e-02, -8.9333e-02, -9.2847e-02, +2.1029e-02, -7.7212e-03, +1.0463e-01, +1.8651e-02, -2.3118e-02, +8.4924e-02, +1.9081e-01, +1.9125e-01, -2.8693e-02, +5.5434e-02, +2.1360e-02, +5.2309e-02, +5.5133e-02, +1.5977e-01, +1.0457e-04, -3.1094e-02, +3.6535e-03, +3.3678e-03, -3.2734e-02, +9.2587e-02, -1.3405e-02, +1.4524e-01, +1.5584e-01, -7.0012e-02, +7.0396e-02, -1.7014e-02, +9.8866e-03, -3.3360e-01, +4.4233e-02, +1.4484e-01, +4.2347e-02, -9.6135e-03, +7.5893e-02, -2.3218e-01, -6.5942e-02, +2.5991e-02, +1.9647e-01, +8.6678e-04, +8.4377e-02, -1.0000e+00, -2.4829e-02, +7.0250e-02
+1.1756e-01, -4.9670e-02, -7.7475e-02, +2.1531e-02, +1.0736e-01, +3.9162e-02, -2.9601e-02, -2.5278e-02, +3.4684e-02, -3.6164e-03, +3.2209e-03, -6.0070e-03, +1.6027e-02, +7.7208e-02, +8.5887e-02, -3.0204e-02, -5.2897e-03, +3.3127e-02, +3.8385e-02, -3.0328e-02, -2.2762e-02, -2.9327e-02, -3.2751e-02, +4.1972e-02, +4.9398e-02, +2.2753e-02, +5.2079e-02, -8.0261e-02, +7.7050e-02, +4.9236e-03, +3.8502e-02, -3.2762e-02, +3.2178e-02, +6.5330e-03, +9.8067e-02, +2.8201e-04, -5.7143e-02, +5.4247e-02, -2.0937e-02, -1.6179e-02, -5.8872e-02, -2.2962e-02, +2.6712e-02, +1.2610e-02, +6.3327e-02, +6.8059e-02, +4.7114e-02, -2.4829e-02, -1.0000e+00, +1.3429e-02
-2.5324e-02, -7.3909e-02, +2.1758e-02, +9.3444e-02, -1.2939e-01, +6.3228e-02, +1.3634e-02, -4.8976e-02, +1.6189e-01, -1.0273e-02, +9.8470e-02, -7.6907e-02, -7.3817e-02, -6.1860e-02, +5.8516e-03, +3.7732e-01, -4.0653e-03, -4.5996e-03, -1.3863e-02, +4.9999e-02, +1.0363e-01, +9.3747e-02, +1.4728e-01, +5.8003e-02, -1.0687e-02, +6.9085e-02, -7.5923e-03, +4.5158e-03, -1.6105e-03, +1.4648e-02, +1.3247e-01, +3.1511e-02, -1.4035e-02, +6.0897e-02, +8.5285e-02, +7.5868e-02, -1.3053e-01, -4.1709e-02, +3.8272e-02, +7.1403e-02, +8.6741e-03, +3.4799e-03, -4.0422e-02, +4.0300e-02, +4.4672e-02, +5.0881e-03, +1.7204e-02, +7.0250e-02, +1.3429e-02, -1.0000e+00
