-1.0000e+00, -7.6770e-02, -3.3362e-02, -4.6506e-02, -9.0411e-02, +9.3695e-02, +2.1965e-04, -4.4629e-02, -5.2049e-03, +3.1545e-02, -1.1047e-01, -1.0626e-01, -2.4189e-02, -1.4548e-01, -1.6574e-01, +2.6835e-02, -6.6870e-02, -7.3970e-02, -6.3484e-02, +1.3516e-02, -1.1334e-01, +8.6545e-02, +1.3728e-01, -3.9921e-03, -1.0212e-01, -1.2596e-01, +1.8204e-02, -9.2483e-02, -1.2096e-01, -1.5856e-01, -1.0751e-01, +7.1642e-02, +8.0250e-02, -1.4858e-01, -2.2225e-02, -3.7739e-02, +3.1696e-02, -6.8561e-02, -8.6957e-02, +2.9673e-01, +1.1882e-02, -8.3452e-03, +2.7861e-02, +2.1607e-01, -1.6929e-01, -4.3090e-02, -7.9464e-02, +3.1418e-01, +3.4411e-03, +4.3626e-03
-7.6771e-02, -1.0000e+00, +1.7918e-02, -6.3030e-02, -7.0670e-02, +2.7309e-02, -6.0038e-02, -4.4929e-02, -3.4293e-02, +8.3943e-02, +2.7833e-02, +2.2731e-02, -9.9814e-02, -6.1823e-02, -8.6793e-02, +7.3076e-02, +2.7344e-02, -1.1538e-01, +4.5947e-02, -1.5644e-01, -2.4935e-02, -5.9309e-02, -7.1715e-02, +4.1529e-02, +3.1793e-03, -9.7416e-03, -2.6182e-02, -1.0947e-01, -4.1177e-02, -1.3951e-02, -1.1271e-02, -3.7160e-02, -6.3573e-02, -5.6403e-02, +8.5243e-02, +5.2654e-02, +5.8484e-02, -3.6702e-02, -3.4076e-02, +1.4918e-01, -2.5808e-03, +7.0701e-02, +5.6038e-02, +2.0418e-01, +2.0201e-02, -1.5079e-02, -6.6857e-02, +1.5562e-02, -2.0242e-02, +3.1981e-02
-3.3362e-02, +1.7918e-02, -1.0000e+00, -5.8053e-02, -4.7856e-02, -2.1633e-01, +1.6126e-02, -1.9184e-02, +2.8378e-03, -2.1353e-02, -1.9361e-01, +1.2637e-01, +1.7515e-02, -6.3473e-02, -1.0706e-01, -8.1251e-03, +6.9312e-02, -1.0618e-01, -8.6068e-02, -1.1284e-01, +5.3464e-02, -1.7179e-02, -4.0564e-02, -1.9264e-01, -1.8736e-01, -1.3732e-01, -1.3621e-01, -1.6580e-01, -9.4588e-02, -5.9522e-02, -1.6537e-01, +1.6484e-01, -8.7084e-02, +1.0096e-01, -9.9857e-03, +8.3940e-02, +7.9017e-02, -1.1787e-01, -3.5337e-02, +1.9091e-02, +5.8229e-02, -2.3850e-02, +5.7665e-02, -1.6960e-01, -1.3095e-01, -8.6357e-03, -1.3263e-01, +1.2309e-01, +1.3183e-01, +2.1138e-02
-4.6506e-02, -6.3030e-02, -5.8053e-02, -1.0000e+00, -8.9552e-02, -1.9972e-01, -8.2137e-02, -5.7629e-02, +7.0498e-02, +1.0005e-01, -1.5960e-01, +4.9433e-03, -1.1808e-01, -1.5386e-01, -6.5011e-02, -2.5220e-02, +1.4345e-01, -4.2857e-02, -9.5544e-02, -1.3669e-01, -1.0752e-02, +4.1251e-02, +5.1534e-02, -2.4853e-01, -1.4207e-01, -2.7707e-01, -1.6156e-01, -2.3801e-01, -1.2096e-01, -1.2026e-01, -1.3643e-01, +5.9932e-02, -2.1402e-02, +5.8670e-02, -5.5580e-02, +1.2730e-01, +9.8317e-03, -1.2767e-01, -4.0269e-02, -2.3759e-02, -6.3061e-02, -3.2717e-02, +1.5018e-01, -1.4086e-01, -1.8493e-01, -4.1893e-02, -1.4608e-01, -7.5273e-02, -9.9333e-02, +1.1548e-01
-9.0411e-02, -7.0670e-02, -4.7856e-02, -8.9552e-02, -1.0000e+00, -7.4814e-02, -4.2128e-02, -5.9445e-02, -4.0173e-02, +4.3486e-02, -9.1653e-02, -9.1991e-02, -6.1851e-02, -1.3313e-01, -7.7721e-02, -8.2861e-02, +2.1694e-01, +1.2658e-02, -1.2222e-01, -1.2270e-01, +7.1581e-04, -2.8722e-02, +4.8075e-02, -1.2084e-01, -9.3727e-02, -4.1833e-02, -1.4133e-01, -1.8356e-01, -1.3149e-01, -9.3924e-02, -1.2105e-02, +4.4660e-02, -4.1458e-02, -4.0316e-02, -1.1428e-01, -3.9807e-02, +4.7598e-02, -2.5144e-03, -6.3652e-02, -1.2245e-01, +2.6726e-02, -3.4500e-02, -5.7178e-02, +1.7422e-02, -1.4311e-01, -4.0891e-02, -2.1120e-02, +2.2719e-01, -9.0741e-02, +1.4801e-01
+9.3695e-02, +2.7309e-02, -2.1633e-01, -1.9972e-01, -7.4814e-02, -1.0000e+00, -2.5203e-02, +1.1722e-02, +9.4580e-02, +9.6689e-03, -2.6333e-01, -7.3269e-02, -3.2354e-02, -1.4512e-01, -1.1936e-01, -8.0289e-02, +6.2924e-02, -2.0230e-01, -1.0863e-01, -5.0195e-02, +5.7372e-02, +4.8450e-03, -5.4683e-02, -2.2868e-01, -1.8390e-01, -8.8668e-02, -3.3210e-01, -1.4010e-01, -2.5439e-01, +1.1843e-02, -1.2960e-01, -1.8798e-02, -6.7543e-02, +3.2514e-04, -1.8395e-02, +5.4259e-02, +6.3526e-02, -6.7008e-02, +5.1118e-03, -1.9246e-01, +1.4834e-02, -1.0556e-01, +1.2967e-01, -1.9607e-01, -1.1515e-01, -1.0923e-01, -1.6920e-01, -8.6772e-02, +8.0084e-02, +1.1796e-01
+2.1965e-04, -6.0038e-02, +1.6126e-02, -8.2137e-02, -4.2128e-02, -2.5203e-02, -1.0000e+00, +1.2413e-02, -5.4712e-04, +1.4573e-03, +4.9157e-02, +2.2774e-02, +2.9298e-02, -5.3628e-02, +2.2255e-02, +9.2176e-03, +8.8595e-02, +3.1388e-02, +3.0780e-02, +8.7022e-02, +5.0675e-02, +9.9431e-04, +2.8792e-02, +7.8734e-03, -3.4169e-03, +5.9648e-02, +3.7624e-02, -7.4907e-02, -5.4386e-02, -5.2524e-02, +1.0268e-02, -1.2135e-01, +4.3808e-02, -2.8305e-02, +6.3153e-02, +1.2377e-03, +6.2754e-02, +3.8547e-02, -7.3709e-03, +1.2746e-01, +5.8314e-03, +2.8629e-02, -9.4370e-02, +2.2598e-02, -2.2688e-02, -8.0947e-02, -5.0508e-02, -3.6638e-02, -1.2946e-01, +9.4408e-02
-4.4629e-02, -4.4929e-02, -1.9184e-02, -5.7629e-02, -5.9445e-02, +1.1722e-02, +1.2413e-02, -1.0000e+00, -7.1682e-03, +1.2362e-01, -5.9612e-02, -3.7631e-02, -5.0688e-02, -9.1798e-02, -7.9295e-02, +9.9655e-03, +7.4521e-02, -1.0498e-01, -1.6776e-02, +4.2839e-02, -3.5847e-02, +1.0162e-01, -1.4065e-02, +1.3301e-02, -2.4801e-04, -6.9983e-02, -7.0911e-03, -1.3278e-02, -8.0607e-02, +5.2266e-02, -1.4947e-02, +4.5543e-02, +3.8853e-02, +2.7235e-02, -2.1871e-02, -8.5958e-02, -1.9988e-02, -5.4286e-02, +1.0920e-02, +3.9026e-02, +2.8136e-02, +2.0854e-02, -5.9024e-02, -1.0466e-01, -1.1505e-01, -7.0999e-02, -8.1633e-03, -9.6271e-02, -2.4571e-02, +1.7599e-01
-5.2048e-03, -3.4293e-02, +2.8378e-03, +7.0498e-02, -4.0173e-02, +9.4580e-02, -5.4715e-04, -7.1682e-03, -1.0000e+00, +2.6064e-03, +2.1147e-02, -1.0094e-01, -1.7683e-02, +1.4596e-01, -1.3460e-01, +2.1752e-02, +5.6516e-02, +4.9984e-02, +3.4825e-02, -4.8760e-02, +1.4731e-01, -1.9517e-01, +8.8659e-02, +2.4091e-01, -6.0130e-02, +6.1098e-02, +1.0293e-01, -4.4794e-02, +7.1221e-02, +4.3883e-02, +6.3473e-02, +1.7352e-01, -2.5413e-02, -4.2718e-03, +5.8145e-02, -1.0526e-01, +2.5166e-02, -2.2714e-02, +6.3091e-02, +1.2069e-01, +3.1754e-01, +2.7051e-02, +2.1125e-01, +5.7777e-02, -8.7121e-03, +4.5314e-02, +4.2932e-02, +1.6036e-01, +7.5010e-02, +3.8927e-01
+3.1545e-02, +8.3943e-02, -2.1353e-02, +1.0005e-01, +4.3486e-02, +9.6689e-03, +1.4573e-03, +1.2362e-01, +2.6064e-03, -1.0000e+00, -3.2879e-02, -2.1238e-02, +7.6281e-02, +1.5805e-02, +1.0729e-01, -9.1875e-02, +6.6613e-02, +1.0100e-01, -6.2243e-02, -4.4441e-02, +2.0208e-02, -1.3306e-02, +1.8958e-01, -1.5281e-01, +1.8753e-02, +1.2093e-01, +2.2311e-02, +1.4439e-01, +9.0080e-02, -1.6185e-02, -6.7340e-02, -4.1009e-02, +1.7030e-02, +2.0548e-02, -1.5719e-02, +1.0526e-01, -7.1590e-02, +9.8011e-02, -1.4705e-03, -1.5010e-02, +6.4880e-02, +3.8528e-02, +2.5152e-02, +3.4475e-02, +2.5334e-02, +3.8437e-02, +6.4901e-02, +4.7987e-03, +3.2889e-03, +1.7355e-02
-1.1047e-01, +2.7833e-02, -1.9361e-01, -1.5960e-01, -9.1653e-02, -2.6333e-01, +4.9157e-02, -5.9612e-02, +2.1147e-02, -3.2879e-02, -1.0000e+00, -1.0075e-01, -6.0562e-03, -2.0327e-01, -1.7150e-01, +3.4748e-02, +1.9708e-02, -2.3922e-01, -1.4500e-01, -6.6630e-02, +9.6917e-02, +1.2512e-01, +7.7789e-02, -2.3365e-01, -1.3119e-01, -1.5478e-01, -3.4672e-01, -1.2473e-01, -1.9971e-01, -1.6413e-01, -1.8583e-01, +6.3415e-02, +8.9985e-02, +2.4419e-02, +1.6178e-02, +3.8022e-02, +3.1504e-02, -6.0385e-02, -1.2820e-01, -3.4249e-01, +4.7495e-02, -3.8115e-02, +1.1296e-01, +6.6387e-02, -2.7174e-01, -7.4935e-02, -1.6692e-01, +1.2809e-01, -4.7810e-04, +1.5257e-01
-1.0626e-01, +2.2731e-02, +1.2637e-01, +4.9433e-03, -9.1991e-02, -7.3269e-02, +2.2774e-02, -3.7631e-02, -1.0094e-01, -2.1238e-02, -1.0075e-01, -1.0000e+00, +8.4858e-02, +3.4098e-03, -1.8387e-02, -9.3277e-02, +4.6166e-02, -4.1016e-02, -1.1692e-01, +2.5210e-02, -2.6547e-01, +2.1469e-02, +1.1309e-01, -1.7921e-01, -4.3533e-02, -1.0319e-01, -1.5526e-01, +2.7909e-02, -8.8720e-02, -8.5324e-02, -5.7873e-02, +1.1527e-01, +9.0151e-03, -1.4669e-01, -2.7959e-02, -3.0962e-02, -1.8171e-02, -5.5260e-02, -3.3907e-03, -1.1969e-01, +2.9054e-01, -1.0335e-01, +6.1557e-02, -1.8310e-02, +1.1047e-01, -1.0245e-01, -2.6600e-02, -1.5405e-01, -2.2551e-01, +1.7457e-01
-2.4189e-02, -9.9814e-02, +1.7515e-02, -1.1808e-01, -6.1851e-02, -3.2354e-02, +2.9298e-02, -5.0688e-02, -1.7683e-02, +7.6281e-02, -6.0562e-03, +8.4858e-02, -1.0000e+00, +6.4366e-03, -9.1999e-02, +6.3147e-02, +6.4973e-02, -1.2814e-01, -3.5712e-02, -1.3867e-01, -4.2041e-02, -3.5465e-02, -1.4448e-02, +5.0494e-02, +8.6695e-02, -1.6931e-02, -8.5337e-03, -5.7389e-02, +1.5470e-02, -1.5688e-02, +7.1933e-02, +4.1220e-02, +1.8630e-02, +8.2719e-02, -7.2326e-02, +4.2042e-02, +4.8187e-02, +6.0403e-02, -4.1264e-02, +7.1782e-02, +5.8195e-03, +7.8120e-02, +1.0588e-01, +6.9546e-02, -1.3802e-01, -3.5254e-02, +2.9723e-02, -8.4225e-02, +4.0556e-03, +9.7268e-03
-1.4548e-01, -6.1823e-02, -6.3473e-02, -1.5386e-01, -1.3313e-01, -1.4512e-01, -5.3628e-02, -9.1798e-02, +1.4596e-01, +1.5805e-02, -2.0327e-01, +3.4098e-03, +6.4366e-03, -1.0000e+00, -1.7657e-01, -3.9060e-02, +6.7673e-02, -1.7187e-01, -2.0215e-01, -1.1815e-01, +8.0328e-03, +3.2521e-02, +1.5615e-01, -1.7041e-01, -1.7970e-01, -1.8847e-01, -1.2517e-01, -1.9761e-01, -1.4474e-01, -1.1912e-02, -2.1631e-01, -1.1648e-01, +4.2560e-02, -1.0558e-01, -1.2692e-01, -8.0909e-03, +1.1964e-01, -9.4545e-02, -6.5282e-02, +9.9288e-03, -3.1876e-02, -6.7090e-02, +1.6529e-01, -6.7645e-02, -2.7692e-01, -1.4134e-01, -1.7032e-01, +6.5513e-02, -1.6407e-01, +1.5564e-02
-1.6574e-01, -8.6793e-02, -1.0706e-01, -6.5011e-02, -7.7721e-02, -1.1936e-01, +2.2255e-02, -7.9295e-02, -1.3460e-01, +1.0729e-01, -1.7150e-01, -1.8387e-02, -9.2000e-02, -1.7657e-01, -1.0000e+00, +7.6418e-02, -9.2996e-02, -2.6449e-01, -7.9207e-02, -1.9617e-01, +6.4818e-02, +6.5970e-02, -5.8261e-02, -3.0517e-02, -1.0153e-01, -4.5350e-02, -1.4174e-01, -1.1788e-01, -2.2811e-01, +1.3086e-02, -1.8486e-01, +1.1400e-01, +5.3775e-03, +7.2357e-02, +1.6185e-02, +1.2023e-01, +8.2899e-02, -1.1610e-01, -3.9908e-02, +1.1265e-01, +1.3753e-01, +6.8156e-02, +8.1492e-02, +2.8154e-02, -2.8260e-01, -2.8932e-02, -8.2329e-02, +2.3615e-01, -5.3068e-02, +1.2194e-01
+2.6835e-02, +7.3076e-02, -8.1251e-03, -2.5219e-02, -8.2861e-02, -8.0289e-02, +9.2176e-03, +9.9655e-03, +2.1752e-02, -9.1875e-02, +3.4748e-02, -9.3277e-02, +6.3147e-02, -3.9060e-02, +7.6418e-02, -1.0000e+00, +1.0255e-02, +1.0264e-01, +4.3463e-02, +5.9553e-02, -2.8312e-03, +5.4260e-03, +1.7256e-01, -2.0847e-02, -1.5648e-02, -8.3054e-02, +5.8088e-03, +2.3540e-02, +2.0085e-02, +9.7470e-03, +4.7689e-02, -4.9385e-02, -5.8575e-02, -9.6122e-02, -9.4177e-02, -1.0036e-01, +4.8764e-02, +5.9580e-03, +3.4444e-02, -1.0313e-01, -3.2005e-02, +3.8570e-02, -4.1521e-02, -2.0913e-01, +4.8554e-02, -3.5638e-03, -1.3154e-02, +2.6544e-02, -2.7083e-02, +6.0900e-02
-6.6870e-02, +2.7344e-02, +6.9312e-02, +1.4345e-01, +2.1694e-01, +6.2924e-02, +8.8595e-02, +7.4521e-02, +5.6516e-02, +6.6613e-02, +1.9708e-02, +4.6166e-02, +6.4973e-02, +6.7673e-02, -9.2996e-02, +1.0255e-02, -1.0000e+00, -3.7068e-02, +1.4099e-01, -7.0191e-02, +6.4288e-03, -3.2119e-02, +1.5019e-01, +1.4092e-01, +1.2517e-01, +6.0868e-03, +2.6577e-02, +5.3117e-02, +1.4749e-01, +4.9139e-02, +7.8857e-02, +3.0565e-02, -2.5588e-02, +5.8433e-03, -5.2918e-02, +5.7105e-02, +3.5307e-02, +3.1912e-02, +8.9342e-02, -4.7524e-02, -4.1405e-03, -6.6575e-03, -3.1762e-02, -1.3837e-01, +4.1365e-02, +4.9948e-02, -4.6013e-04, -3.3676e-02, +1.0570e-02, +4.0431e-02
-7.3970e-02, -1.1538e-01, -1.0618e-01, -4.2857e-02, +1.2658e-02, -2.0230e-01, +3.1388e-02, -1.0498e-01, +4.9984e-02, +1.0100e-01, -2.3922e-01, -4.1016e-02, -1.2814e-01, -1.7187e-01, -2.6449e-01, +1.0264e-01, -3.7068e-02, -1.0000e+00, -1.2621e-01, -1.3948e-01, -9.8483e-03, +1.7008e-02, +1.8906e-02, +3.3772e-02, -2.1248e-02, -5.6216e-02, -1.8467e-01, -1.3848e-01, -2.3402e-01, -2.5072e-02, -2.4681e-01, -2.6191e-02, +1.2870e-01, -2.8133e-03, +9.7697e-02, +5.5762e-02, +1.8806e-01, -9.7749e-02, -1.6045e-02, +6.6023e-02, +1.1570e-01, -4.1382e-03, +7.4200e-02, +9.2365e-02, -2.3832e-01, -4.9618e-02, -1.7819e-01, +2.7780e-02, +1.0547e-01, -1.7766e-02
-6.3484e-02, +4.5947e-02, -8.6068e-02, -9.5544e-02, -1.2222e-01, -1.0863e-01, +3.0780e-02, -1.6776e-02, +3.4825e-02, -6.2243e-02, -1.4500e-01, -1.1692e-01, -3.5712e-02, -2.0215e-01, -7.9207e-02, +4.3463e-02, +1.4099e-01, -1.2621e-01, -1.0000e+00, -8.4625e-02, -1.3892e-02, +8.4697e-02, +7.0283e-02, -1.5596e-01, -1.1355e-01, -8.4869e-02, -1.6139e-01, -1.3576e-01, -9.9440e-02, -1.0725e-01, -1.1339e-01, +8.8426e-02, -1.0407e-01, -1.3422e-01, -1.0501e-01, +5.5314e-02, +5.4324e-02, +3.1545e-02, -1.4226e-01, -5.2629e-02, +1.3487e-01, -8.4106e-03, +3.0887e-02, +4.4493e-02, -1.2955e-01, -1.1403e-01, -7.3447e-02, +3.5972e-02, -9.0065e-02, +1.5794e-02
+1.3516e-02, -1.5644e-01, -1.1284e-01, -1.3669e-01, -1.2270e-01, -5.0195e-02, +8.7022e-02, +4.2839e-02, -4.8760e-02, -4.4441e-02, -6.6630e-02, +2.5210e-02, -1.3867e-01, -1.1815e-01, -1.9617e-01, +5.9553e-02, -7.0191e-02, -1.3948e-01, -8.4625e-02, -1.0000e+00, -6.7003e-02, -7.1048e-02, -1.2197e-01, -1.1163e-01, -1.8369e-01, +2.5028e-02, -1.2268e-01, -2.6131e-01, -8.5009e-02, -9.0058e-03, -2.6472e-02, +1.9266e-01, -2.7440e-02, -5.3816e-02, -6.9704e-02, +6.3027e-01, +2.5944e-01, -7.3032e-02, +3.1678e-02, -1.4118e-01, +1.6442e-01, -4.8923e-03, +9.4832e-02, +6.1293e-02, -1.5353e-01, -3.8116e-02, -3.0460e-02, +7.6931e-02, +2.8528e-02, -7.5662e-02
-1.1334e-01, -2.4935e-02, +5.3464e-02, -1.0752e-02, +7.1582e-04, +5.7372e-02, +5.0675e-02, -3.5846e-02, +1.4731e-01, +2.0208e-02, +9.6917e-02, -2.6547e-01, -4.2041e-02, +8.0328e-03, +6.4818e-02, -2.8311e-03, +6.4288e-03, -9.8483e-03, -1.3892e-02, -6.7003e-02, -1.0000e+00, +5.7582e-02, -3.5033e-03, -6.3535e-02, -4.6212e-02, -1.4092e-01, -7.8322e-02, -7.7897e-02, -5.5328e-02, -6.2637e-02, +2.7914e-02, +8.3029e-02, -2.5395e-02, +1.9519e-01, +8.7285e-03, +8.6212e-02, +1.0768e-01, -6.3962e-04, +3.5421e-02, +2.5868e-02, -2.9849e-02, +6.4521e-02, +3.1343e-02, -2.7662e-02, -1.6966e-02, -8.0733e-02, +1.9425e-02, +5.5163e-02, +5.7945e-02, -7.0290e-02
+8.6545e-02, -5.9309e-02, -1.7179e-02, +4.1251e-02, -2.8722e-02, +4.8450e-03, +9.9432e-04, +1.0162e-01, -1.9517e-01, -1.3306e-02, +1.2512e-01, +2.1469e-02, -3.5465e-02, +3.2521e-02, +6.5970e-02, +5.4260e-03, -3.2119e-02, +1.7008e-02, +8.4697e-02, -7.1048e-02, +5.7582e-02, -1.0000e+00, +3.2049e-02, +7.4947e-02, +3.9144e-02, +3.2840e-02, +5.1327e-02, -8.6562e-02, +8.1253e-02, +5.5797e-02, +8.4584e-02, +5.0189e-02, -3.0292e-02, +1.5924e-02, +3.9437e-02, +2.6554e-02, +3.5260e-02, -1.4946e-02, +4.8431e-02, +3.3282e-02, +6.6861e-02, -1.9537e-02, +1.1698e-01, -4.8192e-02, +7.7677e-03, +1.0541e-01, +6.6580e-02, -4.0026e-02, -9.9257e-02, -1.6961e-02
+1.3728e-01, -7.1715e-02, -4.0564e-02, +5.1534e-02, +4.8075e-02, -5.4683e-02, +2.8792e-02, -1.4065e-02, +8.8659e-02, +1.8958e-01, +7.7789e-02, +1.1309e-01, -1.4448e-02, +1.5615e-01, -5.8261e-02, +1.7256e-01, +1.5019e-01, +1.8906e-02, +7.0283e-02, -1.2197e-01, -3.5033e-03, +3.2049e-02, -1.0000e+00, +4.0481e-03, +7.6066e-02, +1.4087e-01, -9.5169e-03, -4.5988e-02, +5.6518e-03, +1.5595e-01, -1.8147e-03, +4.9085e-02, -2.1914e-01, +2.7358e-01, +1.0891e-01, +2.6590e-01, -1.9567e-02, +6.9305e-02, +2.0809e-02, +2.7912e-02, +1.7001e-02, -1.9062e-02, -1.3250e-01, -5.6678e-02, +9.1299e-02, +3.0950e-02, +7.4802e-02, -5.0253e-02, +1.6747e-01, -9.0196e-02
-3.9921e-03, +4.1529e-02, -1.9264e-01, -2.4853e-01, -1.2084e-01, -2.2868e-01, +7.8734e-03, +1.3301e-02, +2.4091e-01, -1.5281e-01, -2.3365e-01, -1.7921e-01, +5.0494e-02, -1.7041e-01, -3.0517e-02, -2.0847e-02, +1.4092e-01, +3.3772e-02, -1.5596e-01, -1.1163e-01, -6.3535e-02, +7.4947e-02, +4.0480e-03, -1.0000e+00, -1.3092e-01, -2.2122e-01, -2.3916e-01, -1.1264e-01, -1.2150e-01, -5.0347e-02, -2.0411e-01, +2.0115e-02, +4.4404e-02, -6.6648e-02, -1.3233e-01, +8.2993e-02, -2.0438e-02, +1.8442e-02, -7.1294e-02, -2.3904e-01, +1.0216e-01, -4.6683e-02, +4.0643e-02, -1.9240e-01, -1.2699e-01, -1.6106e-01, -1.3341e-01, -2.5780e-02, +4.9530e-02, -3.2601e-02
-1.0212e-01, +3.1793e-03, -1.8736e-01, -1.4207e-01, -9.3727e-02, -1.8390e-01, -3.4169e-03, -2.4800e-04, -6.0130e-02, +1.8753e-02, -1.3119e-01, -4.3533e-02, +8.6695e-02, -1.7970e-01, -1.0153e-01, -1.5648e-02, +1.2517e-01, -2.1248e-02, -1.1355e-01, -1.8369e-01, -4.6212e-02, +3.9144e-02, +7.6066e-02, -1.3092e-01, -1.0000e+00, -1.4104e-01, -9.7267e-02, -1.1073e-01, -1.3875e-01, -1.0988e-01, -1.0813e-01, +8.0634e-02, +5.5485e-02, -2.2115e-02, -3.7433e-02, +1.8083e-01, +1.1679e-02, -1.5829e-01, +9.9579e-03, -4.4802e-03, +4.6313e-02, -2.9596e-02, -4.0923e-02, -4.3210e-02, -8.3945e-02, -6.7279e-02, -1.0094e-01, +1.4798e-01, +5.8946e-03, +1.3136e-01
-1.2596e-01, -9.7416e-03, -1.3732e-01, -2.7707e-01, -4.1833e-02, -8.8668e-02, +5.9648e-02, -6.9983e-02, +6.1098e-02, +1.2093e-01, -1.5478e-01, -1.0319e-01, -1.6931e-02, -1.8847e-01, -4.5350e-02, -8.3054e-02, +6.0868e-03, -5.6216e-02, -8.4869e-02, +2.5028e-02, -1.4092e-01, +3.2840e-02, +1.4087e-01, -2.2122e-01, -1.4104e-01, -1.0000e+00, -1.5280e-01, -1.6309e-01, -1.1215e-01, -1.2899e-01, -1.0793e-01, +4.9500e-02, -2.6823e-02, +8.2102e-02, -9.8254e-02, -6.0933e-02, +7.2679e-02, -8.6243e-02, -3.3788e-02, +2.4776e-02, -9.3611e-03, +3.9822e-02, +1.2029e-01, -1.4951e-01, -1.6654e-01, -5.5222e-02, -1.6224e-01, +6.4922e-02, -7.1662e-02, +1.0129e-01
+1.8204e-02, -2.6182e-02, -1.3621e-01, -1.6156e-01, -1.4133e-01, -3.3210e-01, +3.7624e-02, -7.0911e-03, +1.0293e-01, +2.2311e-02, -3.4672e-01, -1.5526e-01, -8.5337e-03, -1.2517e-01, -1.4174e-01, +5.8089e-03, +2.6577e-02, -1.8467e-01, -1.6139e-01, -1.2268e-01, -7.8322e-02, +5.1327e-02, -9.5169e-03, -2.3916e-01, -9.7267e-02, -1.5280e-01, -1.0000e+00, -1.3659e-01, -3.2274e-01, -1.3570e-01, -2.3027e-01, +3.4696e-02, -1.1968e-02, +6.4527e-02, -4.5302e-02, +6.2743e-02, +1.6477e-01, -1.4091e-02, -1.2989e-01, -4.1235e-01, +1.0787e-01, +3.9159e-02, +1.1024e-01, +4.0170e-02, -1.9908e-01, -1.4001e-01, -1.7435e-01, -2.7027e-02, +3.2744e-02, +5.5439e-02
-9.2483e-02, -1.0947e-01, -1.6580e-01, -2.3801e-01, -1.8356e-01, -1.4010e-01, -7.4907e-02, -1.3278e-02, -4.4794e-02, +1.4439e-01, -1.2473e-01, +2.7909e-02, -5.7389e-02, -1.9761e-01, -1.1788e-01, +2.3540e-02, +5.3117e-02, -1.3848e-01, -1.3576e-01, -2.6131e-01, -7.7897e-02, -8.6562e-02, -4.5988e-02, -1.1264e-01, -1.1073e-01, -1.6309e-01, -1.3659e-01, -1.0000e+00, -1.8564e-01, +4.6327e-02, -1.9005e-01, -2.7809e-02, -4.9094e-02, +5.7090e-02, -6.8593e-02, +1.4108e-01, +7.3326e-02, -8.5425e-02, +3.2244e-02, +9.7433e-02, +8.3275e-02, +1.2866e-02, +1.1735e-01, -1.4864e-01, -2.7444e-01, -1.4340e-01, -2.2750e-01, +8.3524e-02, -5.5147e-02, +5.3161e-02
-1.2096e-01, -4.1177e-02, -9.4588e-02, -1.2096e-01, -1.3149e-01, -2.5439e-01, -5.4386e-02, -8.0607e-02, +7.1221e-02, +9.0080e-02, -1.9971e-01, -8.8720e-02, +1.5470e-02, -1.4474e-01, -2.2811e-01, +2.0085e-02, +1.4749e-01, -2.3402e-01, -9.9440e-02, -8.5009e-02, -5.5328e-02, +8.1253e-02, +5.6518e-03, -1.2150e-01, -1.3875e-01, -1.1215e-01, -3.2274e-01, -1.8564e-01, -1.0000e+00, -1.3397e-01, -3.5451e-01, -2.7951e-02, +2.5340e-02, -8.8634e-02, -6.1165e-02, +4.8330e-02, +1.5396e-01, -7.0551e-02, -5.7509e-02, -9.1821e-02, +8.6696e-02, +1.0223e-01, +2.7304e-02, +3.2173e-02, -2.3282e-01, -1.0746e-01, -1.5488e-01, +1.4800e-01, +4.1119e-02, +3.8779e-02
-1.5856e-01, -1.3951e-02, -5.9522e-02, -1.2026e-01, -9.3924e-02, +1.1843e-02, -5.2524e-02, +5.2266e-02, +4.3883e-02, -1.6185e-02, -1.6413e-01, -8.5324e-02, -1.5688e-02, -1.1912e-02, +1.3086e-02, +9.7470e-03, +4.9139e-02, -2.5072e-02, -1.0725e-01, -9.0058e-03, -6.2637e-02, +5.5797e-02, +1.5595e-01, -5.0347e-02, -1.0988e-01, -1.2899e-01, -1.3570e-01, +4.6327e-02, -1.3397e-01, -1.0000e+00, -9.2664e-02, +1.3769e-01, +1.1903e-01, -6.1238e-02, -3.2220e-02, -1.0578e-02, +9.8141e-02, +3.8319e-02, -6.7704e-02, -9.0740e-02, +3.5901e-02, -1.3645e-03, -4.2410e-02, +1.5584e-01, -1.3260e-01, +1.0381e-02, +4.4697e-02, +3.7737e-02, +9.0078e-02, +8.1767e-02
-1.0751e-01, -1.1271e-02, -1.6537e-01, -1.3643e-01, -1.2105e-02, -1.2960e-01, +1.0268e-02, -1.4947e-02, +6.3473e-02, -6.7340e-02, -1.8583e-01, -5.7873e-02, +7.1933e-02, -2.1631e-01, -1.8486e-01, +4.7689e-02, +7.8857e-02, -2.4681e-01, -1.1339e-01, -2.6472e-02, +2.7914e-02, +8.4584e-02, -1.8147e-03, -2.0411e-01, -1.0813e-01, -1.0793e-01, -2.3027e-01, -1.9005e-01, -3.5451e-01, -9.2664e-02, -1.0000e+00, +3.7566e-02, -2.1885e-02, -7.5931e-03, +1.9455e-01, +4.0025e-02, +1.7380e-01, -7.1578e-02, -1.1242e-01, -3.2234e-02, +4.7411e-03, +1.0660e-01, +6.4477e-02, +2.3753e-02, -2.1465e-01, +3.1055e-04, -2.6603e-01, +2.2349e-01, -9.6618e-02, +8.8080e-02
+7.1642e-02, -3.7160e-02, +1.6484e-01, +5.9932e-02, +4.4660e-02, -1.8798e-02, -1.2135e-01, +4.5543e-02, +1.7352e-01, -4.1009e-02, +6.3415e-02, +1.1527e-01, +4.1220e-02, -1.1648e-01, +1.1400e-01, -4.9385e-02, +3.0565e-02, -2.6191e-02, +8.8426e-02, +1.9266e-01, +8.3029e-02, +5.0189e-02, +4.9085e-02, +2.0115e-02, +8.0634e-02, +4.9500e-02, +3.4696e-02, -2.7809e-02, -2.7951e-02, +1.3769e-01, +3.7566e-02, -1.0000e+00, +7.8801e-02, -1.8355e-01, -4.8779e-02, -8.2659e-02, -1.5412e-01, +1.7377e-02, +7.0197e-03, +4.1825e-02, -2.1042e-01, -5.1419e-03, -1.1423e-01, -9.8299e-02, -2.1397e-02, -2.6350e-02, -1.0248e-01, -1.1916e-01, -7.0630e-02, +7.0002e-04
+8.0250e-02, -6.3573e-02, -8.7084e-02, -2.1402e-02, -4.1458e-02, -6.7543e-02, +4.3808e-02, +3.8853e-02, -2.5413e-02, +1.7030e-02, +8.9985e-02, +9.0151e-03, +1.8630e-02, +4.2560e-02, +5.3775e-03, -5.8575e-02, -2.5588e-02, +1.2870e-01, -1.0407e-01, -2.7440e-02, -2.5395e-02, -3.0292e-02, -2.1914e-01, +4.4404e-02, +5.5485e-02, -2.6823e-02, -1.1968e-02, -4.9094e-02, +2.5340e-02, +1.1903e-01, -2.1885e-02, +7.8801e-02, -1.0000e+00, -4.4516e-02, -1.7814e-02, +1.3166e-01, +1.4727e-01, +5.6984e-02, -9.0638e-02, +3.6345e-02, -3.2137e-02, -3.2278e-03, -2.3505e-02, +2.6696e-02, +5.4907e-02, -9.6387e-02, +2.0106e-02, +3.4079e-02, -1.4172e-02, +4.8670e-02
-1.4858e-01, -5.6403e-02, +1.0096e-01, +5.8670e-02, -4.0316e-02, +3.2513e-04, -2.8305e-02, +2.7235e-02, -4.2718e-03, +2.0548e-02, +2.4419e-02, -1.4669e-01, +8.2719e-02, -1.0558e-01, +7.2357e-02, -9.6122e-02, +5.8433e-03, -2.8133e-03, -1.3422e-01, -5.3816e-02, +1.9519e-01, +1.5924e-02, +2.7358e-01, -6.6648e-02, -2.2115e-02, +8.2102e-02, +6.4527e-02, +5.7090e-02, -8.8634e-02, -6.1238e-02, -7.5931e-03, -1.8355e-01, -4.4516e-02, -1.0000e+00, -1.2904e-01, -1.1999e-02, -1.1513e-01, +7.2728e-02, +5.1293e-02, +2.1536e-02, -2.7992e-02, +4.4401e-02, +5.0516e-02, +5.9447e-02, +1.1520e-01, -1.4308e-01, +5.1785e-02, +4.1075e-02, +6.2848e-02, +2.8601e-02
-2.2225e-02, +8.5243e-02, -9.9857e-03, -5.5580e-02, -1.1428e-01, -1.8395e-02, +6.3153e-02, -2.1871e-02, +5.8145e-02, -1.5719e-02, +1.6178e-02, -2.7959e-02, -7.2326e-02, -1.2692e-01, +1.6185e-02, -9.4177e-02, -5.2918e-02, +9.7697e-02, -1.0501e-01, -6.9704e-02, +8.7285e-03, +3.9437e-02, +1.0891e-01, -1.3233e-01, -3.7433e-02, -9.8254e-02, -4.5302e-02, -6.8593e-02, -6.1165e-02, -3.2220e-02, +1.9455e-01, -4.8779e-02, -1.7814e-02, -1.2904e-01, -1.0000e+00, -6.1346e-02, -9.2213e-02, +4.4637e-02, +1.9029e-02, -3.4098e-02, +8.8468e-02, -4.3725e-02, -3.5123e-02, -2.9369e-01, -8.2536e-02, -1.7016e-01, +1.9130e-02, -3.9655e-02, +1.5222e-01, +8.5801e-03
-3.7739e-02, +5.2654e-02, +8.3940e-02, +1.2730e-01, -3.9807e-02, +5.4259e-02, +1.2377e-03, -8.5958e-02, -1.0526e-01, +1.0526e-01, +3.8022e-02, -3.0962e-02, +4.2042e-02, -8.0909e-03, +1.2023e-01, -1.0036e-01, +5.7105e-02, +5.5762e-02, +5.5314e-02, +6.3027e-01, +8.6212e-02, +2.6554e-02, +2.6590e-01, +8.2993e-02, +1.8083e-01, -6.0933e-02, +6.2743e-02, +1.4108e-01, +4.8330e-02, -1.0578e-02, +4.0025e-02, -8.2659e-02, +1.3166e-01, -1.1999e-02, -6.1346e-02, -1.0000e+00, -1.3514e-01, +5.8045e-02, -6.3342e-02, +1.1475e-01, +6.8608e-02, -4.5349e-02, +7.3254e-02, -4.5232e-03, +1.4194e-01, -3.0404e-02, -2.7177e-02, -4.9011e-02, +1.3689e-01, -3.6498e-02
+3.1696e-02, +5.8484e-02, +7.9017e-02, +9.8317e-03, +4.7598e-02, +6.3526e-02, +6.2754e-02, -1.9988e-02, +2.5166e-02, -7.1590e-02, +3.1504e-02, -1.8171e-02, +4.8187e-02, +1.1964e-01, +8.2899e-02, +4.8764e-02, +3.5307e-02, +1.8806e-01, +5.4324e-02, +2.5944e-01, +1.0768e-01, +3.5260e-02, -1.9567e-02, -2.0438e-02, +1.1679e-02, +7.2679e-02, +1.6477e-01, +7.3326e-02, +1.5396e-01, +9.8141e-02, +1.7380e-01, -1.5412e-01, +1.4727e-01, -1.1513e-01, -9.2213e-02, -1.3514e-01, -1.0000e+00, +2.6523e-02, +3.4845e-02, +8.4864e-02, +1.3900e-02, -9.3630e-02, -1.3361e-01, -1.7955e-01, +1.5515e-01, -3.3753e-02, +3.3620e-02, -6.1825e-02, +6.8535e-02, +4.9981e-02
-6.8561e-02, -3.6702e-02, -1.1787e-01, -1.2767e-01, -2.5144e-03, -6.7008e-02, +3.8547e-02, -5.4286e-02, -2.2714e-02, +9.8011e-02, -6.0385e-02, -5.5260e-02, +6.0403e-02, -9.4545e-02, -1.1610e-01, +5.9580e-03, +3.1912e-02, -9.7749e-02, +3.1545e-02, -7.3032e-02, -6.3962e-04, -1.4946e-02, +6.9305e-02, +1.8442e-02, -1.5829e-01, -8.6243e-02, -1.4091e-02, -8.5425e-02, -7.0551e-02, +3.8319e-02, -7.1578e-02, +1.7377e-02, +5.6984e-02, +7.2728e-02, +4.4637e-02, +5.8045e-02, +2.6523e-02, -1.0000e+00, -4.6001e-02, +1.4127e-01, +3.3161e-02, -5.0493e-02, +8.2477e-02, -1.0158e-01, -4.6049e-02, +3.9557e-02, -1.8481e-01, +4.8883e-02, -1.3441e-01, -1.1612e-02
-8.6957e-02, -3.4076e-02, -3.5337e-02, -4.0269e-02, -6.3652e-02, +5.1118e-03, -7.3709e-03, +1.0920e-02, +6.3091e-02, -1.4705e-03, -1.2820e-01, -3.3907e-03, -4.1264e-02, -6.5282e-02, -3.9908e-02, +3.4444e-02, +8.9342e-02, -1.6045e-02, -1.4226e-01, +3.1678e-02, +3.5421e-02, +4.8431e-02, +2.0809e-02, -7.1294e-02, +9.9579e-03, -3.3788e-02, -1.2989e-01, +3.2244e-02, -5.7509e-02, -6.7704e-02, -1.1242e-01, +7.0197e-03, -9.0638e-02, +5.1293e-02, +1.9029e-02, -6.3342e-02, +3.4845e-02, -4.6001e-02, -1.0000e+00, -7.5366e-02, -3.7552e-03, -2.8442e-02, +4.9641e-02, +1.3998e-01, -9.6755e-02, -4.2503e-02, -5.4286e-02, +1.1951e-01, +5.2973e-02, -4.2540e-02
+2.9673e-01, +1.4918e-01, +1.9091e-02, -2.3759e-02, -1.2245e-01, -1.9246e-01, +1.2746e-01, +3.9026e-02, +1.2069e-01, -1.5010e-02, -3.4249e-01, -1.1969e-01, +7.1782e-02, +9.9288e-03, +1.1265e-01, -1.0313e-01, -4.7524e-02, +6.6023e-02, -5.2629e-02, -1.4118e-01, +2.5868e-02, +3.3282e-02, +2.7912e-02, -2.3904e-01, -4.4802e-03, +2.4776e-02, -4.1235e-01, +9.7433e-02, -9.1821e-02, -9.0740e-02, -3.2234e-02, +4.1825e-02, +3.6345e-02, +2.1536e-02, -3.4098e-02, +1.1475e-01, +8.4864e-02, +1.4127e-01, -7.5366e-02, -1.0000e+00, -4.7921e-02, +2.6515e-02, -1.1210e-03, +2.2544e-02, +3.3291e-02, -5.4585e-02, +1.3683e-01, -5.1373e-02, -6.3786e-02, +5.9703e-02
+1.1882e-02, -2.5808e-03, +5.8229e-02, -6.3061e-02, +2.6726e-02, +1.4834e-02, +5.8314e-03, +2.8136e-02, +3.1754e-01, +6.4880e-02, +4.7495e-02, +2.9054e-01, +5.8195e-03, -3.1876e-02, +1.3753e-01, -3.2005e-02, -4.1405e-03, +1.1570e-01, +1.3487e-01, +1.6442e-01, -2.9849e-02, +6.6861e-02, +1.7001e-02, +1.0216e-01, +4.6313e-02, -9.3611e-03, +1.0787e-01, +8.3275e-02, +8.6696e-02, +3.5901e-02, +4.7411e-03, -2.1042e-01, -3.2137e-02, -2.7992e-02, +8.8468e-02, +6.8608e-02, +1.3900e-02, +3.3161e-02, -3.7552e-03, -4.7921e-02, -1.0000e+00, -1.5661e-02, +2.0699e-01, +7.2210e-02, -4.1179e-02, +1.1440e-01, +9.4727e-02, +1.6138e-02, -4.5856e-03, +1.7420e-01
-8.3452e-03, +7.0701e-02, -2.3850e-02, -3.2717e-02, -3.4500e-02, -1.0556e-01, +2.8629e-02, +2.0854e-02, +2.7051e-02, +3.8528e-02, -3.8115e-02, -1.0335e-01, +7.8120e-02, -6.7090e-02, +6.8156e-02, +3.8570e-02, -6.6575e-03, -4.1382e-03, -8.4106e-03, -4.8923e-03, +6.4521e-02, -1.9537e-02, -1.9062e-02, -4.6683e-02, -2.9596e-02, +3.9822e-02, +3.9159e-02, +1.2866e-02, +1.0223e-01, -1.3645e-03, +1.0660e-01, -5.1419e-03, -3.2278e-03, +4.4401e-02, -4.3725e-02, -4.5349e-02, -9.3630e-02, -5.0493e-02, -2.8442e-02, +2.6515e-02, -1.5661e-02, -1.0000e+00, -3.8332e-03, +4.7049e-02, +1.8323e-02, +5.0157e-02, -1.1492e-02, -6.3352e-02, -1.9056e-02, +3.5102e-02
+2.7861e-02, +5.6038e-02, +5.7665e-02, +1.5018e-01, -5.7178e-02, +1.2967e-01, -9.4370e-02, -5.9024e-02, +2.1125e-01, +2.5152e-02, +1.1296e-01, +6.1557e-02, +1.0588e-01, +1.6529e-01, +8.1492e-02, -4.1521e-02, -3.1762e-02, +7.4199e-02, +3.0887e-02, +9.4832e-02, +3.1343e-02, +1.1698e-01, -1.3250e-01, +4.0643e-02, -4.0923e-02, +1.2029e-01, +1.1024e-01, +1.1735e-01, +2.7304e-02, -4.2410e-02, +6.4477e-02, -1.1423e-01, -2.3505e-02, +5.0516e-02, -3.5123e-02, +7.3254e-02, -1.3361e-01, +8.2477e-02, +4.9641e-02, -1.1210e-03, +2.0699e-01, -3.8332e-03, -1.0000e+00, -5.0321e-02, +5.2983e-02, +1.7448e-02, +1.1386e-01, +9.3120e-02, +3.4970e-02, +1.3321e-01
+2.1607e-01, +2.0418e-01, -1.6960e-01, -1.4086e-01, +1.7422e-02, -1.9607e-01, +2.2598e-02, -1.0466e-01, +5.7777e-02, +3.4475e-02, +6.6387e-02, -1.8310e-02, +6.9546e-02, -6.7645e-02, +2.8154e-02, -2.0913e-01, -1.3837e-01, +9.2365e-02, +4.4493e-02, +6.1293e-02, -2.7662e-02, -4.8192e-02, -5.6678e-02, -1.9240e-01, -4.3210e-02, -1.4951e-01, +4.0170e-02, -1.4864e-01, +3.2173e-02, +1.5584e-01, +2.3753e-02, -9.8299e-02, +2.6696e-02, +5.9447e-02, -2.9369e-01, -4.5232e-03, -1.7955e-01, -1.0158e-01, +1.3998e-01, +2.2544e-02, +7.2210e-02, +4.7049e-02, -5.0321e-02, -1.0000e+00, +4.7847e-03, -1.2743e-01, -4.2268e-02, +2.0932e-02, +2.6316e-02, +4.7985e-02
-1.6929e-01, +2.0201e-02, -1.3095e-01, -1.8493e-01, -1.4311e-01, -1.1515e-01, -2.2688e-02, -1.1505e-01, -8.7121e-03, +2.5334e-02, -2.7174e-01, +1.1047e-01, -1.3802e-01, -2.7692e-01, -2.8260e-01, +4.8554e-02, +4.1365e-02, -2.3832e-01, -1.2955e-01, -1.5353e-01, -1.6966e-02, +7.7677e-03, +9.1299e-02, -1.2699e-01, -8.3946e-02, -1.6654e-01, -1.9908e-01, -2.7444e-01, -2.3282e-01, -1.3260e-01, -2.1465e-01, -2.1397e-02, +5.4907e-02, +1.1520e-01, -8.2536e-02, +1.4194e-01, +1.5515e-01, -4.6049e-02, -9.6755e-02, +3.3291e-02, -4.1179e-02, +1.8323e-02, +5.2983e-02, +4.7847e-03, -1.0000e+00, -7.0359e-02, -1.9658e-01, +1.6986e-01, -9.3484e-02, +2.2948e-01
-4.3090e-02, -1.5079e-02, -8.6357e-03, -4.1893e-02, -4.0891e-02, -1.0923e-01, -8.0947e-02, -7.0999e-02, +4.5314e-02, +3.8437e-02, -7.4935e-02, -1.0245e-01, -3.5254e-02, -1.4134e-01, -2.8932e-02, -3.5638e-03, +4.9948e-02, -4.9618e-02, -1.1403e-01, -3.8116e-02, -8.0733e-02, +1.0541e-01, +3.0950e-02, -1.6106e-01, -6.7279e-02, -5.5222e-02, -1.4001e-01, -1.4340e-01, -1.0746e-01, +1.0381e-02, +3.1055e-04, -2.6350e-02, -9.6387e-02, -1.4308e-01, -1.7016e-01, -3.0404e-02, -3.3753e-02, +3.9557e-02, -4.2503e-02, -5.4585e-02, +1.1440e-01, +5.0157e-02, +1.7448e-02, -1.2743e-01, -7.0359e-02, -1.0000e+00, -3.0701e-02, +3.1979e-03, +5.4767e-02, -1.4224e-02
-7.9464e-02, -6.6857e-02, -1.3263e-01, -1.4608e-01, -2.1120e-02, -1.6920e-01, -5.0508e-02, -8.1633e-03, +4.2932e-02, +6.4901e-02, -1.6692e-01, -2.6600e-02, +2.9723e-02, -1.7032e-01, -8.2329e-02, -1.3154e-02, -4.6013e-04, -1.7819e-01, -7.3447e-02, -3.0460e-02, +1.9425e-02, +6.6580e-02, +7.4802e-02, -1.3341e-01, -1.0094e-01, -1.6224e-01, -1.7435e-01, -2.2750e-01, -1.5488e-01, +4.4697e-02, -2.6603e-01, -1.0248e-01, +2.0106e-02, +5.1785e-02, +1.9130e-02, -2.7177e-02, +3.3620e-02, -1.8481e-01, -5.4286e-02, +1.3683e-01, +9.4727e-02, -1.1492e-02, +1.1386e-01, -4.2268e-02, -1.9658e-01, -3.0701e-02, -1.0000e+00, -3.6769e-03, -1.3842e-01, +3.4100e-02
+3.1418e-01, +1.5562e-02, +1.2309e-01, -7.5273e-02, +2.2719e-01, -8.6772e-02, -3.6638e-02, -9.6271e-02, +1.6036e-01, +4.7987e-03, +1.2809e-01, -1.5405e-01, -8.4225e-02, +6.5513e-02, +2.3615e-01, +2.6544e-02, -3.3676e-02, +2.7780e-02, +3.5972e-02, +7.6931e-02, +5.5163e-02, -4.0026e-02, -5.0253e-02, -2.5780e-02, +1.4798e-01, +6.4922e-02, -2.7027e-02, +8.3524e-02, +1.4800e-01, +3.7737e-02, +2.2349e-01, -1.1916e-01, +3.4079e-02, +4.1075e-02, -3.9655e-02, -4.9011e-02, -6.1825e-02, +4.8883e-02, +1.1951e-01, -5.1373e-02, +1.6138e-02, -6.3352e-02, +9.3120e-02, +2.0932e-02, +1.6986e-01, +3.1979e-03, -3.6769e-03, -1.0000e+00, +1.7903e-02, +9.8817e-02
+3.4411e-03, -2.0242e-02, +1.3183e-01, -9.9333e-02, -9.0741e-02, +8.0084e-02, -1.2946e-01, -2.4571e-02, +7.5010e-02, +3.2889e-03, -4.7810e-04, -2.2551e-01, +4.0556e-03, -1.6407e-01, -5.3068e-02, -2.7083e-02, +1.0570e-02, +1.0547e-01, -9.0065e-02, +2.8528e-02, +5.7945e-02, -9.9257e-02, +1.6747e-01, +4.9530e-02, +5.8946e-03, -7.1662e-02, +3.2744e-02, -5.5147e-02, +4.1119e-02, +9.0078e-02, -9.6618e-02, -7.0630e-02, -1.4172e-02, +6.2848e-02, +1.5222e-01, +1.3689e-01, +6.8535e-02, -1.3441e-01, +5.2973e-02, -6.3786e-02, -4.5856e-03, -1.9056e-02, +3.4970e-02, +2.6316e-02, -9.3484e-02, +5.4767e-02, -1.3842e-01, +1.7903e-02, -1.0000e+00, +2.8918e-02
+4.3626e-03, +3.1981e-02, +2.1138e-02, +1.1548e-01, +1.4801e-01, +1.1796e-01, +9.4408e-02, +1.7599e-01, +3.8927e-01, +1.7355e-02, +1.5257e-01, +1.7457e-01, +9.7268e-03, +1.5564e-02, +1.2194e-01, +6.0900e-02, +4.0431e-02, -1.7766e-02, +1.5794e-02, -7.5662e-02, -7.0290e-02, -1.6961e-02, -9.0196e-02, -3.2601e-02, +1.3136e-01, +1.0129e-01, +5.5439e-02, +5.3161e-02, +3.8779e-02, +8.1767e-02, +8.8080e-02, +7.0002e-04, +4.8670e-02, +2.8601e-02, +8.5801e-03, -3.6498e-02, +4.9981e-02, -1.1612e-02, -4.2540e-02, +5.9703e-02, +1.7420e-01, +3.5102e-02, +1.3321e-01, +4.7985e-02, +2.2948e-01, -1.4224e-02, +3.4100e-02, +9.8817e-02, +2.8918e-02, -1.0000e+00
