-1.0000e+00, +4.4351e-02, +6.4224e-02, -1.9979e-02, +6.6245e-02, -3.3377e-03, -2.1350e-02, +1.8505e-01, -4.9146e-02, -1.0426e-01, -1.1712e-01, -5.9661e-02, +7.5708e-02, +1.2832e-02, -9.5225e-02, -7.7275e-02, -5.3514e-02, -2.4026e-02, -1.4235e-01, -6.0714e-03, -7.8140e-02, +7.2321e-03, +3.4872e-02, -7.7077e-03, -6.2851e-02, -7.2516e-02, -1.5040e-01, -1.0849e-01, -4.7409e-02, -1.8391e-01, -1.0936e-01, -1.1290e-01, -9.1529e-02, -7.1882e-02, -4.0441e-02, +6.2551e-02, -1.3539e-02, -1.3314e-01, -2.6627e-02, +1.5169e-01, -4.2463e-02, +7.8894e-02, -1.6928e-02, -1.2473e-01, -5.3216e-02, -5.5739e-02, -1.3886e-01, +2.3261e-01, -4.8297e-02, +2.8489e-02
+4.4351e-02, -1.0000e+00, -8.0562e-02, +4.4887e-02, -3.9027e-02, +6.9867e-02, +5.2401e-04, -9.5981e-02, -7.7844e-02, +2.0357e-01, +4.4065e-03, +2.6011e-03, +2.5400e-02, +1.0062e-01, -1.1798e-02, -5.0062e-02, +4.9738e-02, -1.1500e-03, +8.9449e-02, +9.0879e-02, +1.2227e-01, +8.9453e-02, +1.8074e-01, +4.9352e-02, +3.2870e-02, +7.4440e-02, +6.7604e-03, +1.1971e-03, -9.6110e-02, +6.6362e-02, -1.0667e-01, +5.1558e-02, -9.4142e-02, +4.4526e-02, +6.8274e-02, +1.0294e-01, -3.0950e-02, -3.7465e-02, -2.9148e-02, +1.7213e-01, -1.1232e-01, +1.3752e-02, -8.3772e-02, +1.5962e-01, -6.1054e-03, +6.1092e-02, -5.9901e-02, +1.2869e-01, -4.5406e-02, +9.1073e-02
+6.4224e-02, -8.0562e-02, -1.0000e+00, +9.0417e-02, +6.9123e-02, -1.8287e-01, -5.3297e-02, -3.4808e-02, +1.2122e-02, +3.0312e-01, +9.9980e-03, +6.9472e-02, -6.0251e-02, +1.3555e-02, +2.6028e-01, +6.2161e-02, +3.7162e-04, +6.5488e-02, +1.3789e-01, -3.4457e-02, +3.6470e-02, +3.0283e-03, +1.4117e-02, -1.9724e-02, +2.8031e-01, -8.3941e-02, +1.0672e-01, +1.7258e-01, +6.4563e-02, +4.6838e-02, +2.3958e-01, +3.7936e-02, +1.7799e-02, +1.0066e-02, -3.2858e-02, -1.3083e-01, -1.5274e-01, +1.7062e-01, +8.6712e-02, -1.5342e-01, +7.8109e-02, -2.0009e-02, +1.5416e-02, +2.0315e-02, -6.3834e-02, -4.5542e-02, +7.5929e-02, -2.3691e-01, +2.1643e-03, +1.2076e-01
-1.9979e-02, +4.4887e-02, +9.0417e-02, -1.0000e+00, +9.2722e-02, -9.4932e-02, -1.5071e-01, -4.2929e-02, +5.9729e-02, -1.0273e-01, -8.6163e-03, -8.6209e-02, -5.6255e-02, +3.5960e-02, +1.4627e-01, +5.0337e-02, -6.9237e-02, +6.6833e-03, -2.8594e-02, -3.0447e-02, -6.4599e-02, -2.3857e-01, +7.2415e-02, +2.6243e-02, -8.4830e-03, -1.4036e-01, +4.2231e-02, -9.4733e-02, +7.7527e-02, +5.1126e-02, -2.9101e-02, +9.9467e-03, -4.1092e-02, +1.3719e-02, +2.6838e-02, -7.0108e-02, -1.9780e-01, -4.0687e-02, -1.9124e-03, -9.6067e-02, -5.3767e-03, -1.6995e-02, -5.8660e-03, -1.1635e-01, -1.1808e-02, -2.7557e-02, +8.2759e-02, -1.3646e-01, -1.4205e-01, +1.2847e-01
+6.6245e-02, -3.9027e-02, +6.9123e-02, +9.2722e-02, -1.0000e+00, -3.3602e-02, +3.1680e-02, +6.9653e-02, +5.0933e-02, -3.6573e-03, -1.1936e-01, -6.4487e-02, +5.6803e-02, +2.7420e-02, -2.3013e-01, -9.7183e-02, +7.8574e-02, -7.9358e-02, -1.8199e-01, +1.6776e-02, -5.3067e-03, +5.7075e-03, +2.7624e-02, -1.9378e-01, +7.3176e-02, -4.2975e-03, -1.2333e-01, -1.5146e-01, -1.8183e-01, -1.0761e-01, -8.1075e-02, -3.8916e-02, -5.5017e-02, +2.7868e-02, -6.1622e-02, +8.2786e-02, +7.6863e-02, +6.1833e-02, +3.3991e-02, +1.1014e-01, -8.3223e-02, -3.1070e-02, -3.4496e-02, -3.8720e-02, -6.5932e-02, -2.6168e-02, -1.5797e-01, +1.9650e-01, -1.2268e-02, +1.1127e-01
-3.3377e-03, +6.9867e-02, -1.8287e-01, -9.4932e-02, -3.3602e-02, -1.0000e+00, -2.7806e-04, +9.0641e-02, +9.5233e-02, -2.1078e-02, -9.0525e-02, +3.7045e-02, +4.2541e-02, -4.5138e-02, -9.9897e-02, -1.2697e-02, -1.1897e-01, -7.7141e-02, -1.1947e-01, -3.9050e-02, +1.2294e-02, -6.2719e-02, -1.0191e-01, -4.5924e-02, +1.4105e-01, -1.1535e-01, -9.7211e-02, -1.1153e-01, -1.3431e-01, -3.4393e-02, -8.1917e-02, -1.6526e-02, -6.4758e-02, -4.6391e-03, +9.9551e-02, -8.9083e-02, +5.9644e-02, -6.9297e-02, +9.3691e-02, -1.6481e-01, +2.2711e-03, -9.5540e-04, -2.1563e-02, -6.6465e-02, -8.6019e-02, -5.8290e-02, -7.6957e-02, -4.1306e-02, -5.7296e-02, +1.5364e-01
-2.1350e-02, +5.2400e-04, -5.3297e-02, -1.5071e-01, +3.1680e-02, -2.7809e-04, -1.0000e+00, +1.0831e-01, -1.5486e-02, -1.4668e-01, -4.2630e-02, -3.1190e-02, +1.1892e-01, -7.7126e-02, +4.8407e-02, +1.1297e-01, +1.8198e-01, +6.3685e-02, -5.3861e-02, +9.4719e-03, +1.6552e-02, -8.8926e-02, +8.3528e-02, +9.8886e-03, +1.4592e-02, -1.2999e-01, -9.2074e-02, +5.4145e-02, +3.8188e-02, +4.4023e-02, +4.3849e-03, +4.2934e-02, -1.0503e-02, +3.9435e-03, +1.2507e-02, +8.1246e-03, -2.2048e-01, +2.7815e-02, -1.9440e-03, -7.2063e-02, -9.9771e-02, +6.5863e-03, +1.7702e-02, -7.8596e-03, +9.9740e-02, -3.0278e-02, +5.8451e-02, -1.6642e-01, -6.4285e-02, -4.0043e-02
+1.8505e-01, -9.5981e-02, -3.4808e-02, -4.2929e-02, +6.9653e-02, +9.0641e-02, +1.0831e-01, -1.0000e+00, +4.9179e-02, +9.2849e-02, +9.3938e-02, +2.2544e-02, +3.0643e-02, +5.5438e-02, +1.7614e-01, +5.4878e-02, +5.6284e-02, -3.9533e-02, +7.0730e-02, -1.2877e-02, +9.6374e-02, +4.3672e-03, +1.3744e-01, -1.7801e-02, +6.8806e-02, +6.0555e-02, +6.2231e-02, +6.8205e-02, +8.1393e-02, +1.7835e-01, +7.6199e-02, +4.3098e-02, +7.1909e-03, +1.7134e-02, +1.3961e-01, -1.2444e-01, -1.3442e-01, -9.6556e-02, -8.2639e-03, -6.1894e-02, -7.9613e-02, +6.1330e-03, +6.3848e-02, +1.8337e-01, -1.3258e-03, +1.0790e-01, +1.9744e-02, -2.2770e-01, -9.3009e-02, +8.9749e-02
-4.9146e-02, -7.7844e-02, +1.2122e-02, +5.9729e-02, +5.0933e-02, +9.5233e-02, -1.5486e-02, +4.9179e-02, -1.0000e+00, +3.1627e-02, -3.4755e-02, +1.3580e-02, +1.6325e-02, +1.0593e-01, +3.6526e-02, -3.1992e-02, -5.5048e-03, +7.1794e-02, -3.8322e-02, -1.0691e-02, -2.5280e-02, +5.3593e-02, +1.5721e-02, +7.6959e-02, -7.6549e-02, +7.1516e-02, +8.7348e-02, +1.3758e-02, +3.3762e-02, -2.4118e-02, -3.6266e-02, -4.4021e-02, +4.0233e-02, +1.5064e-02, +4.5677e-02, +1.3127e-01, +1.6867e-02, -8.2719e-04, -5.6889e-02, +8.5463e-02, +5.2143e-02, -9.5513e-02, -4.6744e-02, -6.7091e-02, -1.7482e-02, -2.8318e-03, +3.0998e-02, +1.1671e-01, +2.6757e-02, -5.4583e-02
-1.0426e-01, +2.0357e-01, +3.0312e-01, -1.0273e-01, -3.6573e-03, -2.1078e-02, -1.4668e-01, +9.2849e-02, +3.1627e-02, -1.0000e+00, -1.2749e-01, -5.4032e-02, -5.4895e-02, -2.5697e-01, -2.1314e-01, +2.7760e-02, +4.5359e-02, -3.3298e-02, -3.6341e-01, -1.7767e-01, -5.6676e-03, -9.6584e-02, +3.7042e-02, -1.0874e-01, -5.1321e-01, +1.7765e-02, -3.4719e-01, -1.7868e-01, -5.6634e-02, -6.0730e-02, -2.6467e-01, -1.0395e-02, +2.5168e-01, -5.9064e-03, +9.5917e-02, +1.6592e-01, +1.9416e-02, -3.0321e-01, -1.3772e-01, -2.5781e-01, -9.2544e-02, +1.3272e-02, +3.5636e-02, -1.7229e-01, -1.5349e-03, +6.9750e-02, +3.2580e-03, -2.8647e-01, -5.6501e-02, +1.9027e-02
-1.1712e-01, +4.4065e-03, +9.9980e-03, -8.6163e-03, -1.1936e-01, -9.0525e-02, -4.2630e-02, +9.3938e-02, -3.4755e-02, -1.2749e-01, -1.0000e+00, -5.1149e-02, -4.0338e-02, -1.4963e-02, -1.7684e-01, -1.3218e-01, +9.8185e-02, -1.5854e-01, -2.0391e-01, -6.6788e-03, +5.8637e-02, -5.3528e-02, +2.8285e-01, -1.3846e-01, -3.3181e-02, -5.5480e-02, -2.7060e-01, -2.0212e-01, -1.1488e-01, -4.0377e-02, -3.2258e-01, -6.9897e-02, -7.8957e-02, -1.4701e-02, -5.8641e-02, +1.4184e-01, -1.9102e-02, -2.6810e-01, -4.4881e-03, +8.6258e-02, -9.1132e-02, +2.0211e-02, +5.3243e-02, -8.2368e-02, +3.6988e-03, -7.6864e-02, -1.2836e-01, +2.0020e-01, +9.6096e-03, +4.8167e-02
-5.9661e-02, +2.6011e-03, +6.9472e-02, -8.6209e-02, -6.4487e-02, +3.7045e-02, -3.1190e-02, +2.2544e-02, +1.3580e-02, -5.4032e-02, -5.1149e-02, -1.0000e+00, +8.8438e-02, +3.3017e-02, -5.5980e-02, -6.2777e-03, +6.0511e-02, +1.2456e-02, -8.2072e-02, +1.8057e-02, -9.4125e-03, -2.9151e-02, +3.2930e-02, -5.2314e-02, -3.5609e-02, +4.3916e-02, -2.5109e-02, -3.9358e-02, -1.9663e-02, -1.9275e-02, -7.8448e-02, -7.8385e-02, +5.3298e-02, -2.3183e-02, -2.5188e-02, +3.2099e-02, -1.9626e-03, -5.7000e-02, +9.7220e-03, +5.1578e-02, +5.3235e-02, +2.7837e-02, -3.8580e-02, -6.9114e-02, -7.5139e-03, -4.1765e-02, +2.0781e-02, +6.0882e-02, -1.0230e-02, -6.4624e-02
+7.5708e-02, +2.5400e-02, -6.0251e-02, -5.6255e-02, +5.6803e-02, +4.2541e-02, +1.1892e-01, +3.0643e-02, +1.6325e-02, -5.4895e-02, -4.0338e-02, +8.8438e-02, -1.0000e+00, -2.0291e-02, +8.5019e-02, +5.5653e-02, -1.1539e-01, +4.0848e-02, +4.6724e-02, -8.7384e-02, -2.3288e-02, +4.1486e-02, +1.2801e-01, +5.3603e-02, +2.4513e-02, +1.0743e-01, +6.8081e-02, +6.9800e-02, +9.4295e-02, +6.1126e-03, +1.0997e-01, +1.0216e-02, +1.4559e-01, +2.1034e-02, -3.5701e-02, -2.6764e-02, -4.1100e-02, +5.1884e-02, -8.8421e-02, -1.5431e-01, +6.5645e-02, -5.1789e-02, +1.9390e-02, -1.1528e-02, +4.2397e-02, +2.0368e-02, +6.5754e-02, -1.8575e-01, +9.9538e-02, -6.3663e-02
+1.2832e-02, +1.0062e-01, +1.3555e-02, +3.5960e-02, +2.7420e-02, -4.5138e-02, -7.7126e-02, +5.5438e-02, +1.0593e-01, -2.5697e-01, -1.4963e-02, +3.3017e-02, -2.0291e-02, -1.0000e+00, -9.1736e-03, +1.0148e-01, +1.3891e-01, -6.8324e-02, -1.0817e-01, +3.7850e-02, +5.3637e-02, +9.9311e-02, -2.5776e-03, -7.6808e-02, +5.0645e-02, -1.3454e-02, -1.3863e-01, -5.1449e-02, +7.5275e-02, -6.8158e-03, +6.6222e-02, +6.8292e-02, +1.4587e-02, +2.1389e-02, -8.9375e-02, -3.0691e-02, -7.4519e-02, +2.3969e-02, +8.7217e-03, -2.4735e-01, +2.7118e-02, +4.0838e-02, +5.3459e-02, +4.8874e-03, -7.7758e-02, -9.3935e-02, +2.0730e-02, -2.9588e-01, +9.5994e-03, -3.6013e-02
-9.5225e-02, -1.1798e-02, +2.6028e-01, +1.4627e-01, -2.3013e-01, -9.9898e-02, +4.8407e-02, +1.7614e-01, +3.6526e-02, -2.1314e-01, -1.7684e-01, -5.5980e-02, +8.5019e-02, -9.1736e-03, -1.0000e+00, -9.2315e-02, -9.1122e-02, -1.3023e-01, -2.5309e-01, -7.9254e-02, +4.0310e-02, -7.2499e-02, -1.9817e-02, -2.5376e-01, -8.5795e-02, -3.5491e-02, -2.9224e-01, -2.8850e-01, -2.8066e-01, -1.0901e-01, -3.8853e-01, -9.8947e-02, -6.1462e-02, -1.0567e-01, -5.6050e-02, +2.2234e-01, +2.2918e-01, -1.2336e-01, -1.0571e-01, +2.7116e-01, -9.2928e-02, +7.1314e-02, -2.9255e-02, -1.0288e-01, -3.0228e-02, -2.5372e-02, -1.0639e-01, +4.4535e-01, +4.4376e-02, -2.3590e-02
-7.7275e-02, -5.0062e-02, +6.2161e-02, +5.0337e-02, -9.7183e-02, -1.2697e-02, +1.1297e-01, +5.4878e-02, -3.1992e-02, +2.7760e-02, -1.3218e-01, -6.2777e-03, +5.5653e-02, +1.0148e-01, -9.2315e-02, -1.0000e+00, +2.1812e-02, +1.9745e-02, +2.7225e-03, -1.8697e-02, -3.0602e-02, -8.7348e-02, -4.9171e-03, -3.6816e-02, +1.1690e-01, +4.2702e-02, -5.1103e-02, -1.0900e-01, -6.2967e-02, -6.4112e-02, -5.1712e-02, -1.5627e-02, -1.7360e-02, +2.5097e-02, -4.9669e-03, +6.9228e-04, -3.1984e-02, -9.9609e-02, -3.8319e-02, +9.5116e-02, +2.2617e-02, +1.5093e-02, -8.7773e-03, -1.5335e-03, -1.0948e-01, +8.5432e-02, -4.2001e-02, +1.4255e-01, +5.2710e-02, +1.9293e-01
-5.3514e-02, +4.9738e-02, +3.7161e-04, -6.9237e-02, +7.8574e-02, -1.1897e-01, +1.8198e-01, +5.6284e-02, -5.5048e-03, +4.5359e-02, +9.8185e-02, +6.0511e-02, -1.1539e-01, +1.3891e-01, -9.1122e-02, +2.1812e-02, -1.0000e+00, +3.2623e-02, +4.7061e-02, -2.3632e-02, -1.7160e-02, +9.0199e-02, +1.6102e-01, +1.0134e-01, +3.3804e-02, -1.3364e-02, +2.1863e-01, +1.0877e-02, +8.6754e-02, -1.6039e-01, +1.4466e-01, -4.3277e-03, -2.3140e-02, -3.1294e-02, -2.0945e-02, +8.4047e-02, +2.5713e-01, -9.1649e-02, +5.1635e-02, -1.4807e-01, +4.1172e-02, -1.5018e-03, -3.6278e-02, -4.7990e-02, -2.5878e-02, +1.4917e-02, -3.7052e-02, +5.4234e-02, -1.5398e-02, +4.7354e-02
-2.4026e-02, -1.1500e-03, +6.5488e-02, +6.6833e-03, -7.9358e-02, -7.7141e-02, +6.3685e-02, -3.9533e-02, +7.1794e-02, -3.3298e-02, -1.5854e-01, +1.2456e-02, +4.0848e-02, -6.8324e-02, -1.3023e-01, +1.9745e-02, +3.2623e-02, -1.0000e+00, -1.0225e-01, -8.9931e-02, +3.7705e-02, -2.9770e-02, +2.7501e-02, -7.0195e-02, +1.5977e-02, -8.7822e-02, -1.4590e-01, -1.5085e-01, -1.7558e-01, -3.2675e-02, -1.4745e-01, -3.7649e-02, -8.8767e-02, -5.0621e-02, -2.9196e-02, +4.5877e-02, +8.8179e-02, -1.9856e-01, +9.0515e-02, +5.2444e-02, -7.8606e-02, +2.2051e-02, -2.3558e-02, -1.5269e-02, -2.8451e-02, +3.8217e-02, -7.7423e-02, +1.5158e-01, +6.7181e-04, +1.7167e-02
-1.4235e-01, +8.9449e-02, +1.3788e-01, -2.8594e-02, -1.8199e-01, -1.1947e-01, -5.3861e-02, +7.0730e-02, -3.8322e-02, -3.6341e-01, -2.0391e-01, -8.2072e-02, +4.6724e-02, -1.0817e-01, -2.5309e-01, +2.7225e-03, +4.7061e-02, -1.0225e-01, -1.0000e+00, +1.4340e-02, +9.2083e-04, -4.2407e-02, +1.1625e-02, -1.7362e-01, -1.4759e-01, -8.9473e-02, -2.1076e-01, -1.8282e-01, -1.1033e-01, -1.4072e-01, -2.6475e-01, -4.8192e-02, -1.3186e-02, -2.9301e-02, +3.0814e-02, +1.5099e-01, +8.1846e-02, -2.2322e-01, -1.0930e-01, +3.8650e-02, -1.2493e-01, +3.6160e-03, +4.0523e-04, -1.5788e-01, -5.9449e-02, -4.1095e-02, -1.1345e-01, +1.5326e-01, -4.5688e-02, +2.0622e-02
-6.0714e-03, +9.0879e-02, -3.4457e-02, -3.0447e-02, +1.6776e-02, -3.9050e-02, +9.4719e-03, -1.2877e-02, -1.0691e-02, -1.7767e-01, -6.6788e-03, +1.8057e-02, -8.7384e-02, +3.7850e-02, -7.9254e-02, -1.8697e-02, -2.3632e-02, -8.9931e-02, +1.4340e-02, -1.0000e+00, -6.7806e-02, -2.3757e-01, -6.1019e-02, -3.7769e-03, -9.0713e-02, +4.8004e-02, -7.6512e-02, -7.0969e-02, -8.2146e-03, -8.1075e-02, -5.4979e-02, -4.9125e-02, +2.3851e-02, -9.0760e-03, +5.8315e-02, +2.4003e-02, -1.9398e-02, -6.5820e-02, -2.0396e-02, -6.9003e-03, -2.1382e-02, -1.4336e-02, +8.3874e-03, -1.5191e-01, +4.0074e-03, -2.0803e-02, -4.1971e-02, +3.7343e-04, -2.8041e-02, +1.8841e-02
-7.8140e-02, +1.2227e-01, +3.6470e-02, -6.4599e-02, -5.3067e-03, +1.2294e-02, +1.6552e-02, +9.6374e-02, -2.5280e-02, -5.6676e-03, +5.8637e-02, -9.4125e-03, -2.3288e-02, +5.3637e-02, +4.0310e-02, -3.0602e-02, -1.7160e-02, +3.7705e-02, +9.2082e-04, -6.7806e-02, -1.0000e+00, -5.2567e-02, -4.7785e-02, +1.0368e-01, -1.7165e-02, +3.8950e-02, +1.2328e-01, +2.2866e-03, -5.0731e-03, +4.6457e-02, +1.3246e-01, -8.8068e-03, +5.3069e-02, -2.2482e-03, -1.5440e-02, +4.2453e-02, +2.3842e-02, +1.1383e-02, +3.2239e-02, +2.1800e-02, +8.7332e-02, +2.1422e-02, -1.4615e-01, -1.6243e-01, -8.7321e-02, -4.8963e-02, +7.3372e-03, -5.0416e-03, +1.2459e-01, -9.2762e-02
+7.2321e-03, +8.9453e-02, +3.0283e-03, -2.3857e-01, +5.7075e-03, -6.2719e-02, -8.8926e-02, +4.3672e-03, +5.3592e-02, -9.6584e-02, -5.3528e-02, -2.9151e-02, +4.1486e-02, +9.9311e-02, -7.2499e-02, -8.7348e-02, +9.0199e-02, -2.9770e-02, -4.2407e-02, -2.3757e-01, -5.2567e-02, -1.0000e+00, +7.2347e-03, +1.6151e-03, -1.0588e-01, -9.6311e-02, -8.7099e-02, -5.1325e-02, -3.7247e-02, +3.9518e-02, -1.4472e-01, -4.1621e-02, +2.0636e-02, -7.9642e-02, +1.0230e-01, -6.6766e-03, -1.6659e-01, -1.1273e-02, -6.4947e-02, +7.8668e-02, -8.4548e-02, -4.6551e-02, +3.6616e-04, -4.3552e-02, +2.0557e-02, +5.6899e-02, +9.2189e-03, +7.0403e-02, -6.8140e-03, +1.0083e-01
+3.4871e-02, +1.8074e-01, +1.4117e-02, +7.2415e-02, +2.7624e-02, -1.0191e-01, +8.3528e-02, +1.3744e-01, +1.5721e-02, +3.7042e-02, +2.8285e-01, +3.2930e-02, +1.2801e-01, -2.5776e-03, -1.9817e-02, -4.9171e-03, +1.6102e-01, +2.7501e-02, +1.1625e-02, -6.1019e-02, -4.7785e-02, +7.2347e-03, -1.0000e+00, +5.9788e-02, +7.0788e-02, -5.8807e-02, +5.4926e-02, -1.6862e-02, +1.0701e-01, -1.4299e-01, +1.6523e-01, +7.7709e-04, +2.2404e-02, -1.4400e-02, -4.8830e-02, -2.4659e-02, +2.5449e-01, +4.0500e-03, +4.0578e-02, +1.5053e-02, +1.2204e-01, -4.6230e-02, -7.3785e-02, -5.8033e-02, -9.3285e-02, -2.9477e-02, +1.2344e-02, +1.0116e-01, -2.1298e-03, +7.6137e-02
-7.7077e-03, +4.9352e-02, -1.9724e-02, +2.6243e-02, -1.9378e-01, -4.5924e-02, +9.8886e-03, -1.7801e-02, +7.6959e-02, -1.0874e-01, -1.3846e-01, -5.2314e-02, +5.3603e-02, -7.6808e-02, -2.5376e-01, -3.6816e-02, +1.0134e-01, -7.0195e-02, -1.7362e-01, -3.7769e-03, +1.0368e-01, +1.6151e-03, +5.9788e-02, -1.0000e+00, +4.0458e-02, -2.1364e-01, -2.0301e-01, -1.3985e-01, -1.2264e-01, +4.2201e-02, -2.2703e-01, -9.2692e-02, -4.1674e-02, -4.5840e-02, -8.7566e-02, +3.3657e-02, +6.7160e-02, -1.2529e-01, -1.0665e-01, +2.0973e-02, -7.2655e-03, +7.9977e-02, +4.4757e-02, -4.3480e-02, -4.5264e-02, -3.5519e-02, -1.3047e-01, +1.5143e-01, -9.4621e-02, +9.6770e-02
-6.2851e-02, +3.2870e-02, +2.8031e-01, -8.4830e-03, +7.3176e-02, +1.4105e-01, +1.4592e-02, +6.8806e-02, -7.6549e-02, -5.1321e-01, -3.3181e-02, -3.5609e-02, +2.4513e-02, +5.0645e-02, -8.5795e-02, +1.1690e-01, +3.3804e-02, +1.5977e-02, -1.4759e-01, -9.0713e-02, -1.7165e-02, -1.0588e-01, +7.0788e-02, +4.0458e-02, -1.0000e+00, +6.3712e-02, -1.3262e-01, -5.6874e-02, +1.2031e-02, +7.0044e-02, -2.4954e-01, -2.5034e-02, +1.7871e-01, -5.3551e-02, +1.2065e-01, +2.3481e-01, +1.1618e-01, -1.7697e-01, -2.8804e-02, +7.2099e-02, -2.4216e-02, -8.5254e-03, -2.5825e-02, -1.5183e-01, +2.5370e-01, +3.8806e-02, +8.3686e-02, +1.1837e-01, -8.6518e-02, +1.6907e-01
-7.2516e-02, +7.4440e-02, -8.3941e-02, -1.4036e-01, -4.2975e-03, -1.1535e-01, -1.2999e-01, +6.0555e-02, +7.1516e-02, +1.7765e-02, -5.5480e-02, +4.3916e-02, +1.0743e-01, -1.3454e-02, -3.5491e-02, +4.2702e-02, -1.3364e-02, -8.7822e-02, -8.9473e-02, +4.8004e-02, +3.8950e-02, -9.6311e-02, -5.8807e-02, -2.1364e-01, +6.3712e-02, -1.0000e+00, -4.0886e-02, +9.8412e-02, +1.0458e-02, +2.4581e-02, +6.0431e-02, -5.8068e-02, -7.5340e-02, -1.5869e-03, -1.2640e-01, +3.9769e-05, -2.8644e-02, +8.1692e-02, -6.7065e-03, +5.0927e-02, -8.6326e-03, +5.4834e-02, -2.9869e-03, -5.2555e-02, -2.8816e-02, -9.3894e-02, -9.3134e-02, +1.0475e-01, -5.5032e-04, +6.7349e-02
-1.5040e-01, +6.7604e-03, +1.0672e-01, +4.2231e-02, -1.2333e-01, -9.7211e-02, -9.2074e-02, +6.2231e-02, +8.7348e-02, -3.4719e-01, -2.7060e-01, -2.5109e-02, +6.8081e-02, -1.3863e-01, -2.9224e-01, -5.1103e-02, +2.1863e-01, -1.4590e-01, -2.1076e-01, -7.6512e-02, +1.2328e-01, -8.7099e-02, +5.4926e-02, -2.0301e-01, -1.3262e-01, -4.0886e-02, -1.0000e+00, -2.6176e-01, -2.7829e-01, -9.8602e-02, -3.8371e-01, -6.3145e-02, -1.1338e-01, -1.8413e-02, +5.7131e-02, +5.5874e-02, -1.1302e-02, -2.5101e-01, -8.6002e-02, +6.4597e-02, -1.7811e-01, +8.2047e-02, +4.4523e-02, -8.0649e-02, -9.1335e-03, -3.6835e-02, -1.6512e-01, +1.1126e-01, -1.0081e-02, +1.3793e-01
-1.0849e-01, +1.1971e-03, +1.7258e-01, -9.4733e-02, -1.5146e-01, -1.1153e-01, +5.4145e-02, +6.8205e-02, +1.3758e-02, -1.7868e-01, -2.0212e-01, -3.9358e-02, +6.9800e-02, -5.1449e-02, -2.8850e-01, -1.0900e-01, +1.0877e-02, -1.5085e-01, -1.8282e-01, -7.0969e-02, +2.2866e-03, -5.1325e-02, -1.6862e-02, -1.3985e-01, -5.6874e-02, +9.8412e-02, -2.6176e-01, -1.0000e+00, -1.7324e-01, -1.7827e-02, -3.2240e-01, -2.7251e-02, -5.2337e-02, -6.6706e-03, +4.8772e-02, +1.9816e-01, +1.3055e-01, -3.4070e-01, -1.4139e-01, +1.9439e-01, -9.6501e-02, +5.6041e-02, -3.0686e-02, -1.1657e-01, -2.0331e-02, -2.2811e-02, -1.1739e-01, +2.9628e-01, -8.0852e-02, +2.2391e-02
-4.7409e-02, -9.6110e-02, +6.4563e-02, +7.7527e-02, -1.8183e-01, -1.3431e-01, +3.8188e-02, +8.1393e-02, +3.3762e-02, -5.6634e-02, -1.1488e-01, -1.9663e-02, +9.4295e-02, +7.5275e-02, -2.8066e-01, -6.2967e-02, +8.6754e-02, -1.7558e-01, -1.1033e-01, -8.2146e-03, -5.0731e-03, -3.7247e-02, +1.0701e-01, -1.2264e-01, +1.2031e-02, +1.0458e-02, -2.7829e-01, -1.7324e-01, -1.0000e+00, -4.3448e-02, -2.5345e-01, -6.6396e-02, -6.7745e-02, +2.4452e-02, +7.0198e-02, +5.3164e-02, +6.8095e-02, -1.4994e-01, -6.2602e-02, +1.7927e-01, -7.1388e-02, +1.9061e-02, -4.4151e-02, -4.0739e-02, -5.5451e-02, +2.2707e-02, -5.3655e-02, +2.3500e-01, -1.4779e-02, +4.7792e-02
-1.8391e-01, +6.6362e-02, +4.6838e-02, +5.1126e-02, -1.0761e-01, -3.4393e-02, +4.4023e-02, +1.7835e-01, -2.4118e-02, -6.0730e-02, -4.0377e-02, -1.9275e-02, +6.1126e-03, -6.8158e-03, -1.0901e-01, -6.4112e-02, -1.6039e-01, -3.2675e-02, -1.4072e-01, -8.1075e-02, +4.6457e-02, +3.9518e-02, -1.4299e-01, +4.2201e-02, +7.0044e-02, +2.4581e-02, -9.8602e-02, -1.7827e-02, -4.3448e-02, -1.0000e+00, -3.4504e-02, -3.7940e-03, -6.2786e-02, +5.7024e-03, +2.3729e-03, +2.5481e-02, +1.3063e-01, -1.2724e-02, -1.2983e-02, +4.0484e-02, -6.1007e-02, +2.6978e-02, -3.4502e-02, -1.0540e-01, -8.0840e-02, +5.6669e-03, -1.0546e-01, +1.5752e-01, +9.6119e-02, +8.1463e-03
-1.0936e-01, -1.0667e-01, +2.3958e-01, -2.9101e-02, -8.1075e-02, -8.1917e-02, +4.3849e-03, +7.6199e-02, -3.6266e-02, -2.6467e-01, -3.2258e-01, -7.8448e-02, +1.0997e-01, +6.6222e-02, -3.8853e-01, -5.1712e-02, +1.4466e-01, -1.4745e-01, -2.6475e-01, -5.4979e-02, +1.3246e-01, -1.4472e-01, +1.6523e-01, -2.2703e-01, -2.4954e-01, +6.0431e-02, -3.8371e-01, -3.2240e-01, -2.5345e-01, -3.4504e-02, -1.0000e+00, -5.7092e-02, -6.5165e-02, -4.7853e-02, +1.1364e-01, +2.5978e-01, +7.9788e-02, -2.9626e-01, -1.3591e-01, +3.3477e-01, -2.7860e-01, +6.8061e-02, -9.7105e-03, -1.0394e-01, +3.3146e-02, +1.5318e-02, -7.7598e-02, +4.4250e-01, -8.5581e-02, -2.2313e-02
-1.1290e-01, +5.1558e-02, +3.7936e-02, +9.9466e-03, -3.8916e-02, -1.6526e-02, +4.2934e-02, +4.3098e-02, -4.4021e-02, -1.0395e-02, -6.9897e-02, -7.8385e-02, +1.0216e-02, +6.8292e-02, -9.8947e-02, -1.5627e-02, -4.3277e-03, -3.7649e-02, -4.8192e-02, -4.9125e-02, -8.8068e-03, -4.1621e-02, +7.7709e-04, -9.2692e-02, -2.5034e-02, -5.8068e-02, -6.3145e-02, -2.7251e-02, -6.6396e-02, -3.7940e-03, -5.7092e-02, -1.0000e+00, +6.0737e-02, +7.9109e-02, -2.6075e-02, +9.1706e-04, +1.2732e-01, -1.1264e-01, -1.9657e-02, +4.8994e-02, -5.0248e-02, -2.1237e-02, +4.6174e-02, -3.2047e-02, -2.2715e-02, -4.1168e-03, -5.8668e-02, +1.6883e-01, +2.0218e-02, -1.9455e-02
-9.1529e-02, -9.4142e-02, +1.7799e-02, -4.1092e-02, -5.5017e-02, -6.4758e-02, -1.0503e-02, +7.1909e-03, +4.0233e-02, +2.5168e-01, -7.8957e-02, +5.3298e-02, +1.4559e-01, +1.4587e-02, -6.1462e-02, -1.7360e-02, -2.3140e-02, -8.8767e-02, -1.3186e-02, +2.3851e-02, +5.3069e-02, +2.0636e-02, +2.2404e-02, -4.1674e-02, +1.7871e-01, -7.5340e-02, -1.1338e-01, -5.2337e-02, -6.7745e-02, -6.2786e-02, -6.5165e-02, +6.0737e-02, -1.0000e+00, +2.1661e-02, -4.3446e-02, +2.0759e-02, -6.7946e-02, +1.5613e-02, -3.0208e-02, +1.7998e-01, -1.2540e-01, +6.1313e-03, -5.4899e-02, -2.7717e-02, -1.2988e-01, +4.9766e-03, -5.5038e-02, +1.9514e-01, +3.9497e-03, +3.7154e-01
-7.1882e-02, +4.4526e-02, +1.0066e-02, +1.3719e-02, +2.7868e-02, -4.6391e-03, +3.9435e-03, +1.7134e-02, +1.5064e-02, -5.9064e-03, -1.4701e-02, -2.3183e-02, +2.1034e-02, +2.1389e-02, -1.0567e-01, +2.5097e-02, -3.1294e-02, -5.0621e-02, -2.9301e-02, -9.0760e-03, -2.2482e-03, -7.9642e-02, -1.4400e-02, -4.5840e-02, -5.3551e-02, -1.5869e-03, -1.8413e-02, -6.6706e-03, +2.4452e-02, +5.7024e-03, -4.7853e-02, +7.9109e-02, +2.1661e-02, -1.0000e+00, -3.7041e-02, -4.0298e-02, -1.2092e-02, -5.2236e-02, -1.8141e-02, +2.9327e-02, +1.0206e-02, +2.6983e-02, -1.3787e-02, -2.2824e-02, -1.3556e-02, -3.1394e-02, +3.3359e-02, +4.4854e-02, +1.5764e-02, +2.0742e-02
-4.0441e-02, +6.8274e-02, -3.2858e-02, +2.6838e-02, -6.1622e-02, +9.9551e-02, +1.2507e-02, +1.3961e-01, +4.5677e-02, +9.5917e-02, -5.8641e-02, -2.5188e-02, -3.5701e-02, -8.9375e-02, -5.6050e-02, -4.9669e-03, -2.0945e-02, -2.9196e-02, +3.0813e-02, +5.8315e-02, -1.5440e-02, +1.0230e-01, -4.8830e-02, -8.7566e-02, +1.2065e-01, -1.2640e-01, +5.7131e-02, +4.8772e-02, +7.0198e-02, +2.3729e-03, +1.1364e-01, -2.6075e-02, -4.3446e-02, -3.7041e-02, -1.0000e+00, +6.3302e-02, +6.9824e-02, +1.0155e-01, +6.0141e-02, +6.4917e-02, +3.5666e-02, +7.9687e-03, -1.9852e-02, -3.5686e-03, -9.1570e-03, -7.1376e-02, -3.7211e-03, +7.9669e-02, +2.3536e-03, -3.1775e-02
+6.2551e-02, +1.0294e-01, -1.3083e-01, -7.0108e-02, +8.2786e-02, -8.9083e-02, +8.1246e-03, -1.2444e-01, +1.3127e-01, +1.6592e-01, +1.4184e-01, +3.2099e-02, -2.6764e-02, -3.0691e-02, +2.2234e-01, +6.9230e-04, +8.4047e-02, +4.5877e-02, +1.5099e-01, +2.4003e-02, +4.2453e-02, -6.6766e-03, -2.4659e-02, +3.3657e-02, +2.3481e-01, +3.9775e-05, +5.5874e-02, +1.9816e-01, +5.3164e-02, +2.5481e-02, +2.5978e-01, +9.1706e-04, +2.0759e-02, -4.0298e-02, +6.3302e-02, -1.0000e+00, -2.3194e-01, +2.2163e-01, -8.7646e-03, -2.3597e-01, +7.5853e-02, +1.2239e-02, +1.3770e-02, +3.7933e-02, -3.5522e-02, -1.0631e-01, +1.3397e-02, -3.4054e-01, +8.8218e-03, +3.8406e-02
-1.3539e-02, -3.0950e-02, -1.5274e-01, -1.9780e-01, +7.6863e-02, +5.9644e-02, -2.2048e-01, -1.3442e-01, +1.6867e-02, +1.9416e-02, -1.9102e-02, -1.9626e-03, -4.1100e-02, -7.4519e-02, +2.2918e-01, -3.1984e-02, +2.5713e-01, +8.8179e-02, +8.1846e-02, -1.9398e-02, +2.3842e-02, -1.6659e-01, +2.5449e-01, +6.7160e-02, +1.1618e-01, -2.8644e-02, -1.1302e-02, +1.3055e-01, +6.8095e-02, +1.3063e-01, +7.9788e-02, +1.2732e-01, -6.7946e-02, -1.2092e-02, +6.9824e-02, -2.3194e-01, -1.0000e+00, +1.2900e-01, -2.3531e-02, -3.8668e-02, -2.6080e-02, -3.5234e-02, +3.8682e-02, +1.1364e-02, +3.0928e-02, -4.4601e-02, +7.9361e-02, -3.6304e-01, +5.2185e-02, +3.1696e-02
-1.3314e-01, -3.7465e-02, +1.7062e-01, -4.0687e-02, +6.1833e-02, -6.9297e-02, +2.7815e-02, -9.6556e-02, -8.2720e-04, -3.0321e-01, -2.6810e-01, -5.7000e-02, +5.1884e-02, +2.3969e-02, -1.2336e-01, -9.9609e-02, -9.1649e-02, -1.9856e-01, -2.2322e-01, -6.5820e-02, +1.1383e-02, -1.1273e-02, +4.0500e-03, -1.2529e-01, -1.7697e-01, +8.1692e-02, -2.5101e-01, -3.4070e-01, -1.4994e-01, -1.2724e-02, -2.9626e-01, -1.1264e-01, +1.5613e-02, -5.2236e-02, +1.0155e-01, +2.2163e-01, +1.2900e-01, -1.0000e+00, -1.0674e-01, +9.4979e-02, -1.1781e-01, +8.4879e-02, -7.6959e-03, -1.0509e-01, +4.0066e-02, +2.7723e-02, -5.8714e-02, +2.1704e-01, -9.8091e-02, +5.3305e-02
-2.6627e-02, -2.9148e-02, +8.6712e-02, -1.9124e-03, +3.3991e-02, +9.3691e-02, -1.9440e-03, -8.2639e-03, -5.6889e-02, -1.3772e-01, -4.4881e-03, +9.7220e-03, -8.8421e-02, +8.7217e-03, -1.0571e-01, -3.8319e-02, +5.1635e-02, +9.0515e-02, -1.0930e-01, -2.0396e-02, +3.2239e-02, -6.4947e-02, +4.0578e-02, -1.0665e-01, -2.8804e-02, -6.7065e-03, -8.6002e-02, -1.4139e-01, -6.2602e-02, -1.2983e-02, -1.3591e-01, -1.9657e-02, -3.0208e-02, -1.8141e-02, +6.0141e-02, -8.7646e-03, -2.3531e-02, -1.0674e-01, -1.0000e+00, +3.9014e-02, -4.4650e-02, +1.2394e-02, +3.9253e-02, +4.7617e-02, -1.9336e-02, +7.7212e-02, +3.1545e-02, +5.8025e-02, +3.9249e-03, -2.2242e-02
+1.5169e-01, +1.7213e-01, -1.5342e-01, -9.6067e-02, +1.1014e-01, -1.6481e-01, -7.2063e-02, -6.1894e-02, +8.5463e-02, -2.5781e-01, +8.6258e-02, +5.1578e-02, -1.5431e-01, -2.4735e-01, +2.7116e-01, +9.5117e-02, -1.4807e-01, +5.2444e-02, +3.8650e-02, -6.9003e-03, +2.1800e-02, +7.8668e-02, +1.5053e-02, +2.0973e-02, +7.2099e-02, +5.0927e-02, +6.4597e-02, +1.9439e-01, +1.7927e-01, +4.0484e-02, +3.3477e-01, +4.8994e-02, +1.7998e-01, +2.9327e-02, +6.4917e-02, -2.3597e-01, -3.8667e-02, +9.4979e-02, +3.9014e-02, -1.0000e+00, +1.1806e-01, -5.7694e-02, +8.0031e-02, +5.1694e-02, -7.3052e-02, +2.3593e-02, +7.3341e-02, -6.8506e-01, -2.5555e-02, +8.2988e-02
-4.2463e-02, -1.1232e-01, +7.8109e-02, -5.3767e-03, -8.3223e-02, +2.2711e-03, -9.9771e-02, -7.9613e-02, +5.2143e-02, -9.2544e-02, -9.1132e-02, +5.3235e-02, +6.5645e-02, +2.7118e-02, -9.2928e-02, +2.2617e-02, +4.1172e-02, -7.8606e-02, -1.2493e-01, -2.1382e-02, +8.7332e-02, -8.4548e-02, +1.2204e-01, -7.2655e-03, -2.4216e-02, -8.6326e-03, -1.7811e-01, -9.6501e-02, -7.1388e-02, -6.1007e-02, -2.7860e-01, -5.0248e-02, -1.2540e-01, +1.0206e-02, +3.5666e-02, +7.5853e-02, -2.6080e-02, -1.1781e-01, -4.4650e-02, +1.1806e-01, -1.0000e+00, +2.3495e-02, -2.1028e-03, +1.8404e-02, +3.6904e-02, +4.2603e-02, -2.7204e-02, +7.8047e-02, -1.3659e-02, +6.7667e-02
+7.8894e-02, +1.3752e-02, -2.0009e-02, -1.6995e-02, -3.1070e-02, -9.5539e-04, +6.5863e-03, +6.1330e-03, -9.5513e-02, +1.3272e-02, +2.0211e-02, +2.7837e-02, -5.1789e-02, +4.0838e-02, +7.1314e-02, +1.5093e-02, -1.5018e-03, +2.2051e-02, +3.6160e-03, -1.4336e-02, +2.1422e-02, -4.6551e-02, -4.6230e-02, +7.9977e-02, -8.5254e-03, +5.4834e-02, +8.2047e-02, +5.6041e-02, +1.9061e-02, +2.6978e-02, +6.8061e-02, -2.1237e-02, +6.1313e-03, +2.6983e-02, +7.9687e-03, +1.2239e-02, -3.5234e-02, +8.4879e-02, +1.2394e-02, -5.7694e-02, +2.3495e-02, -1.0000e+00, +1.2697e-02, -2.5955e-02, -5.1055e-03, +1.2590e-02, -2.0778e-02, -8.2874e-02, +2.7404e-02, +7.5995e-02
-1.6928e-02, -8.3772e-02, +1.5416e-02, -5.8660e-03, -3.4496e-02, -2.1563e-02, +1.7702e-02, +6.3848e-02, -4.6744e-02, +3.5636e-02, +5.3243e-02, -3.8580e-02, +1.9390e-02, +5.3459e-02, -2.9255e-02, -8.7773e-03, -3.6278e-02, -2.3558e-02, +4.0523e-04, +8.3874e-03, -1.4615e-01, +3.6615e-04, -7.3785e-02, +4.4757e-02, -2.5825e-02, -2.9869e-03, +4.4523e-02, -3.0686e-02, -4.4151e-02, -3.4502e-02, -9.7105e-03, +4.6174e-02, -5.4899e-02, -1.3787e-02, -1.9852e-02, +1.3770e-02, +3.8682e-02, -7.6959e-03, +3.9253e-02, +8.0031e-02, -2.1028e-03, +1.2697e-02, -1.0000e+00, -3.1955e-02, -3.1338e-02, -5.0859e-02, +1.5532e-03, +9.4948e-02, +9.5673e-02, +4.2236e-02
-1.2473e-01, +1.5962e-01, +2.0315e-02, -1.1635e-01, -3.8720e-02, -6.6465e-02, -7.8596e-03, +1.8337e-01, -6.7091e-02, -1.7229e-01, -8.2368e-02, -6.9114e-02, -1.1528e-02, +4.8874e-03, -1.0288e-01, -1.5336e-03, -4.7990e-02, -1.5269e-02, -1.5788e-01, -1.5191e-01, -1.6243e-01, -4.3552e-02, -5.8033e-02, -4.3480e-02, -1.5183e-01, -5.2555e-02, -8.0649e-02, -1.1657e-01, -4.0739e-02, -1.0540e-01, -1.0394e-01, -3.2047e-02, -2.7717e-02, -2.2824e-02, -3.5686e-03, +3.7933e-02, +1.1364e-02, -1.0509e-01, +4.7617e-02, +5.1694e-02, +1.8404e-02, -2.5955e-02, -3.1955e-02, -1.0000e+00, -7.2381e-02, -1.5945e-01, -1.0061e-01, +1.4993e-01, -1.9956e-02, +3.1138e-02
-5.3216e-02, -6.1054e-03, -6.3834e-02, -1.1808e-02, -6.5932e-02, -8.6019e-02, +9.9740e-02, -1.3258e-03, -1.7482e-02, -1.5349e-03, +3.6988e-03, -7.5139e-03, +4.2397e-02, -7.7758e-02, -3.0228e-02, -1.0948e-01, -2.5878e-02, -2.8451e-02, -5.9449e-02, +4.0074e-03, -8.7321e-02, +2.0557e-02, -9.3285e-02, -4.5264e-02, +2.5370e-01, -2.8816e-02, -9.1335e-03, -2.0331e-02, -5.5451e-02, -8.0840e-02, +3.3146e-02, -2.2715e-02, -1.2988e-01, -1.3556e-02, -9.1570e-03, -3.5522e-02, +3.0928e-02, +4.0066e-02, -1.9336e-02, -7.3052e-02, +3.6904e-02, -5.1055e-03, -3.1338e-02, -7.2381e-02, -1.0000e+00, -4.1056e-02, -3.0439e-02, -3.7465e-02, +4.3246e-02, +8.4263e-02
-5.5738e-02, +6.1091e-02, -4.5542e-02, -2.7557e-02, -2.6168e-02, -5.8290e-02, -3.0278e-02, +1.0790e-01, -2.8318e-03, +6.9750e-02, -7.6864e-02, -4.1765e-02, +2.0368e-02, -9.3935e-02, -2.5372e-02, +8.5432e-02, +1.4917e-02, +3.8217e-02, -4.1095e-02, -2.0803e-02, -4.8963e-02, +5.6899e-02, -2.9477e-02, -3.5519e-02, +3.8806e-02, -9.3894e-02, -3.6835e-02, -2.2811e-02, +2.2707e-02, +5.6670e-03, +1.5318e-02, -4.1168e-03, +4.9766e-03, -3.1394e-02, -7.1376e-02, -1.0631e-01, -4.4601e-02, +2.7723e-02, +7.7212e-02, +2.3593e-02, +4.2603e-02, +1.2590e-02, -5.0859e-02, -1.5945e-01, -4.1056e-02, -1.0000e+00, +5.1073e-02, +8.7780e-02, -2.4524e-02, -1.1172e-01
-1.3886e-01, -5.9901e-02, +7.5929e-02, +8.2759e-02, -1.5797e-01, -7.6957e-02, +5.8451e-02, +1.9744e-02, +3.0998e-02, +3.2580e-03, -1.2836e-01, +2.0781e-02, +6.5754e-02, +2.0730e-02, -1.0639e-01, -4.2001e-02, -3.7052e-02, -7.7423e-02, -1.1345e-01, -4.1971e-02, +7.3372e-03, +9.2189e-03, +1.2344e-02, -1.3047e-01, +8.3686e-02, -9.3134e-02, -1.6512e-01, -1.1739e-01, -5.3655e-02, -1.0546e-01, -7.7598e-02, -5.8668e-02, -5.5038e-02, +3.3359e-02, -3.7211e-03, +1.3397e-02, +7.9361e-02, -5.8714e-02, +3.1545e-02, +7.3341e-02, -2.7204e-02, -2.0778e-02, +1.5532e-03, -1.0061e-01, -3.0439e-02, +5.1073e-02, -1.0000e+00, +1.1523e-01, +4.9675e-02, +1.2889e-01
+2.3261e-01, +1.2869e-01, -2.3691e-01, -1.3646e-01, +1.9650e-01, -4.1306e-02, -1.6642e-01, -2.2770e-01, +1.1671e-01, -2.8647e-01, +2.0020e-01, +6.0882e-02, -1.8575e-01, -2.9588e-01, +4.4535e-01, +1.4255e-01, +5.4234e-02, +1.5158e-01, +1.5326e-01, +3.7344e-04, -5.0416e-03, +7.0403e-02, +1.0116e-01, +1.5143e-01, +1.1837e-01, +1.0475e-01, +1.1126e-01, +2.9628e-01, +2.3500e-01, +1.5752e-01, +4.4250e-01, +1.6883e-01, +1.9514e-01, +4.4854e-02, +7.9669e-02, -3.4054e-01, -3.6304e-01, +2.1704e-01, +5.8025e-02, -6.8506e-01, +7.8047e-02, -8.2874e-02, +9.4948e-02, +1.4993e-01, -3.7465e-02, +8.7780e-02, +1.1523e-01, -1.0000e+00, +4.9870e-02, +1.1631e-01
-4.8297e-02, -4.5406e-02, +2.1643e-03, -1.4205e-01, -1.2268e-02, -5.7296e-02, -6.4285e-02, -9.3009e-02, +2.6757e-02, -5.6501e-02, +9.6096e-03, -1.0230e-02, +9.9538e-02, +9.5994e-03, +4.4376e-02, +5.2710e-02, -1.5398e-02, +6.7182e-04, -4.5688e-02, -2.8041e-02, +1.2459e-01, -6.8140e-03, -2.1298e-03, -9.4621e-02, -8.6518e-02, -5.5032e-04, -1.0081e-02, -8.0852e-02, -1.4779e-02, +9.6119e-02, -8.5581e-02, +2.0218e-02, +3.9497e-03, +1.5764e-02, +2.3536e-03, +8.8218e-03, +5.2185e-02, -9.8091e-02, +3.9249e-03, -2.5555e-02, -1.3659e-02, +2.7404e-02, +9.5673e-02, -1.9956e-02, +4.3246e-02, -2.4524e-02, +4.9675e-02, +4.9870e-02, -1.0000e+00, +1.0454e-01
+2.8489e-02, +9.1073e-02, +1.2076e-01, +1.2847e-01, +1.1127e-01, +1.5364e-01, -4.0043e-02, +8.9749e-02, -5.4583e-02, +1.9027e-02, +4.8167e-02, -6.4624e-02, -6.3663e-02, -3.6013e-02, -2.3590e-02, +1.9293e-01, +4.7354e-02, +1.7167e-02, +2.0622e-02, +1.8841e-02, -9.2762e-02, +1.0083e-01, +7.6137e-02, +9.6770e-02, +1.6907e-01, +6.7349e-02, +1.3793e-01, +2.2391e-02, +4.7792e-02, +8.1463e-03, -2.2313e-02, -1.9455e-02, +3.7154e-01, +2.0742e-02, -3.1775e-02, +3.8406e-02, +3.1696e-02, +5.3305e-02, -2.2242e-02, +8.2988e-02, +6.7667e-02, +7.5995e-02, +4.2236e-02, +3.1138e-02, +8.4263e-02, -1.1172e-01, +1.2889e-01, +1.1631e-01, +1.0454e-01, -1.0000e+00
