-1.0000e+00, +5.1449e-02, -6.5092e-02, -6.5111e-02, -5.1720e-03, +4.0217e-02, +4.8731e-02, -4.8570e-03, -8.2066e-02, +1.6894e-02, -7.4334e-02, -5.5910e-02, +9.5137e-02, -6.7083e-03, -4.8743e-02, -1.4353e-01, -7.3403e-03, -6.9427e-02, +4.3260e-03, +1.1081e-01, +1.0025e-01, +2.8865e-02, -1.6738e-02, +1.9698e-02, -1.6052e-01, -2.1003e-02, +6.7869e-02, -7.3408e-02, -1.3694e-01, +1.2658e-02, -7.1479e-03, +7.8998e-03, -1.1605e-01, +6.6177e-02, -5.8386e-04, +2.7348e-02, +1.2469e-01, -1.1545e-01, -2.9482e-02, -6.2015e-02, +6.0601e-02, +6.5058e-03, +3.9743e-03, +5.0160e-03, -3.9116e-02, -2.8416e-02, +7.2550e-03, +2.5453e-01, -1.8259e-02, +1.3780e-01
+5.1449e-02, -1.0000e+00, -5.0573e-02, -3.2480e-02, -5.5724e-02, -1.1912e-02, -1.7586e-02, +2.4712e-02, +2.4499e-02, +4.5900e-02, +2.2738e-02, +1.4291e-02, -2.1474e-02, +3.6966e-02, -1.5467e-02, +4.1018e-02, +1.4232e-02, +1.3135e-02, -2.0033e-02, +5.2321e-02, -3.2184e-03, -3.8927e-03, +5.0969e-02, +6.8498e-02, -9.2844e-02, -1.0565e-02, +1.4720e-02, +6.8292e-02, +3.3099e-02, +7.6944e-02, -1.7150e-02, +7.2593e-02, +7.1974e-03, -4.6832e-02, -1.7605e-02, +1.1679e-03, -8.9143e-04, -1.8605e-02, +1.2940e-02, +7.8316e-02, -5.3028e-02, -1.2898e-01, -1.0624e-02, +2.9947e-02, -4.0946e-02, -1.9126e-02, -6.3639e-02, -5.6353e-02, +7.4824e-02, +9.5715e-02
-6.5092e-02, -5.0573e-02, -1.0000e+00, -3.8466e-03, +6.7386e-02, -4.9455e-02, +3.2844e-02, +1.1823e-02, +3.5908e-03, +6.7974e-02, -6.8617e-02, -3.3774e-02, -4.4726e-02, +1.4309e-02, -3.0438e-02, +4.1133e-02, +8.4565e-02, +1.7362e-04, +2.2354e-03, -3.7080e-02, -5.3434e-02, -7.3561e-02, +1.2399e-02, -3.2857e-02, -6.8068e-02, -1.1768e-01, +3.2696e-02, -1.6565e-02, -4.3514e-02, -7.1312e-03, -6.5518e-02, +3.5972e-02, +3.6698e-02, -1.9462e-02, +1.8400e-02, +3.5226e-02, -1.3927e-01, +6.2750e-04, -3.4186e-02, +1.2805e-01, +2.4071e-02, -8.8433e-02, +8.3143e-02, -4.8718e-02, -3.7062e-02, +8.3928e-02, +1.6281e-02, -1.3828e-03, -8.0526e-02, +1.2436e-01
-6.5111e-02, -3.2480e-02, -3.8466e-03, -1.0000e+00, +4.7550e-03, +4.8259e-02, -2.4689e-02, -7.4296e-02, +6.9754e-03, +6.4303e-02, -3.2506e-02, -6.7823e-02, -6.0028e-02, +3.3394e-02, -4.8877e-02, +4.5084e-02, +9.8657e-02, -5.4977e-02, -1.3819e-02, +1.1886e-01, -2.7784e-02, +2.9801e-02, +4.6864e-02, -1.2272e-01, -2.4315e-02, -1.1174e-01, +8.0240e-02, -3.1012e-02, -1.1530e-01, -1.1926e-01, -3.3544e-02, -3.5668e-02, +1.4140e-02, +5.8724e-02, -3.8848e-02, -5.6619e-02, -2.5920e-02, -7.5159e-02, -2.6622e-02, +1.3050e-02, +6.4275e-03, -4.6344e-02, -1.0734e-03, +8.7808e-02, -4.1326e-02, -3.8765e-02, -1.0941e-02, +4.4491e-02, -1.8420e-01, +1.4140e-01
-5.1720e-03, -5.5724e-02, +6.7386e-02, +4.7550e-03, -1.0000e+00, +3.7687e-02, -1.2245e-02, -3.1181e-02, +5.7640e-02, +7.2753e-02, +6.8364e-03, -4.8212e-02, +1.2374e-02, -1.0877e-01, -1.4722e-02, -1.9277e-02, +6.1032e-02, +2.5283e-02, -5.9169e-02, -1.2438e-01, +8.3053e-03, -2.4513e-02, +4.5678e-02, +3.2505e-03, -4.3779e-02, +2.7594e-02, -2.6696e-02, -1.2734e-01, -1.1828e-01, -1.0907e-01, +1.3772e-01, -4.1168e-02, -1.3104e-01, +1.8978e-02, -2.8386e-02, +1.2713e-01, +7.0419e-02, -3.3563e-02, +1.0952e-02, -9.3192e-02, +8.1916e-02, -2.2406e-02, +2.6727e-02, +5.5695e-02, -8.6311e-02, -8.0396e-02, +3.5748e-04, +1.7114e-01, +7.9756e-02, +2.0189e-02
+4.0217e-02, -1.1912e-02, -4.9455e-02, +4.8259e-02, +3.7687e-02, -1.0000e+00, -3.6360e-02, -5.0922e-02, +9.0172e-03, +6.0683e-02, -1.2374e-01, -7.9838e-02, -9.9000e-03, -1.5885e-01, -1.3767e-01, +4.7822e-02, +1.1538e-02, -7.8212e-02, -2.1230e-01, -6.5962e-02, -1.1764e-02, -1.0464e-01, +2.5302e-02, +1.5132e-03, +7.6647e-03, +1.6912e-02, -1.1737e-01, -1.0233e-01, -1.0160e-01, -2.8175e-02, -1.9178e-01, -8.5635e-03, +4.8515e-02, +4.2917e-02, -1.3972e-02, +8.1978e-02, +6.3066e-02, -2.3706e-02, -1.1616e-02, +1.8583e-02, -2.7038e-02, -1.8634e-02, -3.5556e-02, -1.3946e-02, -8.0764e-02, +3.2095e-02, -1.2963e-01, +1.3791e-02, +4.6775e-02, +8.0514e-02
+4.8731e-02, -1.7586e-02, +3.2844e-02, -2.4689e-02, -1.2245e-02, -3.6360e-02, -1.0000e+00, +8.4615e-02, -7.2990e-02, +6.4968e-03, -2.6705e-02, -3.4928e-02, +6.1865e-02, -7.2325e-02, -1.5453e-02, +4.0006e-02, +9.2164e-02, -3.2127e-02, -3.0113e-02, +6.4498e-02, -7.6693e-02, +8.6328e-02, +6.4202e-02, +1.1054e-02, -3.1230e-02, -1.1734e-01, -9.1363e-02, -9.2547e-02, -5.3253e-02, -3.3674e-03, +7.4169e-02, -2.0363e-02, -2.8629e-02, +1.0454e-02, +1.6080e-01, +2.4838e-02, +1.5420e-01, +6.2857e-02, -9.0493e-03, -1.1904e-01, -5.7384e-02, -5.3259e-02, -3.1943e-02, +3.9398e-02, -5.7044e-02, -6.0178e-02, -1.0461e-01, -7.3945e-02, +5.7004e-03, -5.9078e-02
-4.8570e-03, +2.4712e-02, +1.1823e-02, -7.4296e-02, -3.1181e-02, -5.0922e-02, +8.4615e-02, -1.0000e+00, -1.7746e-02, +3.9448e-02, -5.6800e-02, -4.5029e-02, -5.2305e-02, -1.2573e-02, -9.9103e-02, +4.4993e-02, +3.3703e-02, -8.1955e-02, -1.9817e-02, +1.4224e-01, -4.9591e-02, -5.6503e-02, +4.8741e-02, -9.1167e-02, +3.6464e-03, +5.6908e-02, -5.7626e-02, -1.4188e-01, -1.3707e-01, +2.6671e-02, -8.9908e-02, -4.8428e-02, +7.2335e-03, +2.5786e-02, -8.0439e-02, -9.3298e-02, +1.6176e-01, -6.5800e-02, -7.6725e-02, +2.8900e-02, +5.3464e-02, +2.8685e-02, -3.1071e-02, +5.7293e-04, -1.5312e-02, +9.6221e-02, -2.0208e-02, -4.7949e-02, +3.3977e-02, +1.1099e-01
-8.2066e-02, +2.4499e-02, +3.5907e-03, +6.9754e-03, +5.7640e-02, +9.0172e-03, -7.2990e-02, -1.7746e-02, -1.0000e+00, +3.2721e-02, +1.2134e-01, -5.5150e-02, +9.3015e-02, -5.2460e-02, -1.3896e-02, +1.2327e-02, -1.7896e-02, -4.5784e-02, +1.2243e-01, +1.3915e-02, -1.0606e-02, +3.2496e-02, -6.2141e-02, +4.2190e-02, -5.7749e-02, +1.0786e-01, +8.2454e-02, -1.0273e-01, +4.3559e-02, +7.7703e-02, +3.3443e-02, +1.7775e-02, -9.8556e-02, -3.8983e-02, +8.4767e-03, -1.2160e-02, +5.8233e-02, -1.0711e-01, +3.5427e-02, +9.8042e-03, +3.1895e-02, -7.8872e-02, -3.1937e-02, +7.2397e-02, -9.0381e-02, -1.7921e-02, -5.1111e-02, +1.8607e-01, +2.3466e-02, +7.5449e-02
+1.6894e-02, +4.5900e-02, +6.7974e-02, +6.4303e-02, +7.2753e-02, +6.0683e-02, +6.4968e-03, +3.9448e-02, +3.2721e-02, -1.0000e+00, -1.4493e-02, +4.9390e-02, +4.0445e-02, -1.1209e-02, +7.5088e-02, -5.4335e-03, +7.0243e-02, +4.4357e-02, +4.6436e-02, +1.6187e-02, +1.5617e-01, -1.5173e-02, +1.0341e-01, -8.0518e-02, +3.2209e-02, +8.1220e-02, -2.8739e-03, +7.7860e-02, +7.7551e-02, +5.1556e-02, -3.4320e-02, -3.7392e-02, -1.2735e-02, -6.6257e-03, +2.1594e-02, +7.6380e-02, +1.4801e-02, +2.2347e-02, +4.7435e-02, +8.5292e-02, +8.2441e-02, +9.1717e-03, -8.2557e-03, -1.3362e-02, +5.1417e-02, +6.2044e-02, +2.1621e-01, +1.2126e-02, -1.1875e-02, -1.1416e-02
-7.4334e-02, +2.2738e-02, -6.8617e-02, -3.2506e-02, +6.8364e-03, -1.2374e-01, -2.6705e-02, -5.6800e-02, +1.2134e-01, -1.4493e-02, -1.0000e+00, -5.8749e-02, -3.3910e-02, -1.2677e-01, -9.2196e-02, +4.4000e-02, +6.5974e-02, -1.4750e-01, -2.4181e-01, +6.2596e-03, +1.0863e-01, -4.6531e-02, +1.6693e-01, +5.8166e-02, -1.8787e-03, -2.2955e-02, -1.1199e-01, -1.4411e-02, -2.1976e-01, -8.2939e-02, -1.7621e-01, -5.1303e-03, +3.6072e-03, -4.8306e-03, +8.0634e-03, +7.4032e-02, -5.5903e-03, -6.9794e-02, -1.9307e-02, +6.6974e-03, +3.0219e-02, +3.2700e-02, +1.3719e-02, +6.7642e-02, -1.1988e-02, +6.9668e-02, -7.5621e-02, +1.4054e-01, +4.9762e-02, +5.3347e-02
-5.5910e-02, +1.4291e-02, -3.3774e-02, -6.7823e-02, -4.8212e-02, -7.9838e-02, -3.4928e-02, -4.5029e-02, -5.5150e-02, +4.9390e-02, -5.8749e-02, -1.0000e+00, +9.8932e-02, -1.0749e-01, -4.2170e-02, -3.1387e-02, +1.1606e-01, +4.7693e-02, -7.6986e-02, +1.3993e-02, +1.7850e-01, +6.5830e-02, +7.3904e-02, +6.7058e-02, +3.9158e-02, +3.7916e-02, -6.1533e-02, -9.0142e-02, -6.3154e-02, +7.5917e-02, +3.1202e-03, +2.4240e-02, +7.9318e-02, +8.5590e-02, -2.6016e-02, +4.4122e-02, -5.0783e-02, +9.7684e-02, -3.2278e-02, -4.9433e-02, -2.0446e-02, -7.6852e-02, +3.6941e-02, +5.0002e-02, +2.3215e-02, +4.2318e-02, +1.4083e-02, -5.4525e-02, +3.7793e-02, +1.8963e-01
+9.5137e-02, -2.1474e-02, -4.4726e-02, -6.0028e-02, +1.2374e-02, -9.9000e-03, +6.1865e-02, -5.2305e-02, +9.3015e-02, +4.0445e-02, -3.3910e-02, +9.8932e-02, -1.0000e+00, +6.3790e-03, +3.6331e-02, +1.2152e-02, +1.3674e-01, +7.5748e-03, -9.9732e-02, +7.7386e-02, -5.1898e-02, +9.7227e-03, +9.6986e-02, -5.6274e-02, +2.7905e-02, +2.2374e-02, -1.0582e-01, +4.9773e-02, +2.0077e-02, -1.4892e-03, -1.5594e-01, -5.2158e-02, -5.9339e-03, -4.2511e-02, -3.9628e-02, +8.8943e-02, +6.2501e-02, +7.0499e-03, +5.3833e-02, +2.3476e-02, +8.9521e-02, -8.9551e-03, -1.7177e-02, -3.4551e-02, +3.3101e-02, +1.3292e-02, +8.0312e-02, -5.0844e-02, -9.2786e-02, -4.7243e-02
-6.7083e-03, +3.6966e-02, +1.4309e-02, +3.3394e-02, -1.0877e-01, -1.5885e-01, -7.2325e-02, -1.2573e-02, -5.2460e-02, -1.1209e-02, -1.2677e-01, -1.0749e-01, +6.3790e-03, -1.0000e+00, -9.1809e-02, -2.3779e-02, +8.3609e-02, -2.2391e-01, -1.7290e-01, -6.6721e-02, +3.7647e-02, -6.0554e-02, +6.7491e-02, -1.9191e-02, -4.5274e-02, +7.1227e-02, -2.3306e-01, -1.2790e-02, -6.0792e-02, -1.1427e-01, -6.0718e-02, +4.0146e-02, +7.1049e-02, +2.4902e-02, +8.6548e-02, +1.0034e-01, +7.6623e-02, -4.0460e-02, -1.1609e-01, -2.1626e-02, -1.2470e-01, +1.1620e-02, +4.1713e-02, +1.1737e-02, -6.9265e-02, -4.5322e-02, -1.2213e-01, -1.5399e-02, +5.7103e-02, +3.5373e-04
-4.8743e-02, -1.5467e-02, -3.0438e-02, -4.8877e-02, -1.4722e-02, -1.3767e-01, -1.5453e-02, -9.9103e-02, -1.3896e-02, +7.5088e-02, -9.2196e-02, -4.2170e-02, +3.6331e-02, -9.1809e-02, -1.0000e+00, +2.6173e-02, -5.1272e-02, -1.4125e-01, -1.7347e-01, -1.6766e-01, -1.0351e-01, -3.9251e-02, -5.3372e-02, -3.2718e-02, -9.9403e-02, -3.9681e-03, -5.5802e-03, -1.6810e-01, -1.2116e-01, +2.1506e-02, -1.8982e-01, -3.4174e-02, -6.3078e-02, -4.5294e-03, -5.9414e-02, +1.1001e-01, +1.1893e-01, -8.5410e-02, -1.9389e-02, -9.2498e-02, -1.1742e-01, -6.0475e-03, -1.4160e-02, +1.1215e-02, -5.2445e-02, +5.0670e-02, -3.7858e-02, +2.5165e-01, -2.7734e-02, -1.8786e-02
-1.4353e-01, +4.1018e-02, +4.1133e-02, +4.5084e-02, -1.9277e-02, +4.7822e-02, +4.0006e-02, +4.4993e-02, +1.2327e-02, -5.4335e-03, +4.4000e-02, -3.1387e-02, +1.2152e-02, -2.3779e-02, +2.6173e-02, -1.0000e+00, -3.2074e-02, +4.3601e-02, +6.8954e-02, +3.6523e-02, +6.0229e-02, -2.7945e-03, +4.3305e-02, +4.0400e-02, -1.6587e-03, +6.5453e-02, +5.3071e-02, -2.9623e-03, -1.6407e-02, +6.1494e-02, +6.6281e-02, +9.8459e-02, +4.1763e-02, -1.7980e-02, -5.2839e-02, +3.0724e-01, +6.8712e-02, +9.1811e-02, -3.2210e-02, -1.9064e-01, -1.7308e-02, -4.1899e-02, +6.4161e-02, -6.4364e-02, +2.0841e-01, +5.0757e-02, +1.2219e-01, +1.6190e-01, -1.3243e-01, +2.7001e-02
-7.3403e-03, +1.4232e-02, +8.4565e-02, +9.8657e-02, +6.1031e-02, +1.1538e-02, +9.2164e-02, +3.3703e-02, -1.7896e-02, +7.0243e-02, +6.5974e-02, +1.1606e-01, +1.3674e-01, +8.3609e-02, -5.1272e-02, -3.2074e-02, -1.0000e+00, +2.0239e-02, +1.0373e-01, -9.6543e-02, -2.1654e-01, +4.8043e-03, +7.7789e-02, +1.4423e-01, +3.4492e-02, +9.0021e-03, +8.8222e-02, +6.3924e-02, +9.7008e-02, +7.6950e-02, +1.1987e-01, -3.8123e-02, +1.3495e-01, -1.1269e-03, -2.6923e-02, -1.7464e-01, -3.8965e-02, -1.9635e-02, +5.7536e-02, -6.5580e-02, +2.2865e-02, -2.4744e-02, -3.9999e-02, -1.3047e-02, +1.2311e-01, +4.6401e-02, +5.7415e-02, -3.0360e-02, -2.5803e-02, +8.0676e-02
-6.9427e-02, +1.3135e-02, +1.7362e-04, -5.4977e-02, +2.5283e-02, -7.8213e-02, -3.2127e-02, -8.1955e-02, -4.5784e-02, +4.4357e-02, -1.4750e-01, +4.7693e-02, +7.5748e-03, -2.2391e-01, -1.4125e-01, +4.3601e-02, +2.0239e-02, -1.0000e+00, -3.1832e-02, -2.7960e-03, -3.7161e-02, -5.7501e-02, +1.0081e-01, +7.2557e-02, -9.4476e-04, -1.0518e-01, -8.0890e-02, -5.1349e-02, -8.6250e-02, -1.0081e-01, -5.2586e-02, -3.7387e-02, +7.2221e-02, -8.9473e-03, +1.0237e-01, +1.5876e-02, +1.2949e-01, -1.1035e-01, +6.1105e-02, -5.3741e-02, -7.2860e-02, -7.2049e-02, -4.2180e-02, +6.1022e-02, -8.1297e-02, +5.2602e-02, -7.7573e-02, +1.1969e-01, +3.8486e-03, +5.6114e-02
+4.3260e-03, -2.0033e-02, +2.2354e-03, -1.3819e-02, -5.9169e-02, -2.1230e-01, -3.0113e-02, -1.9817e-02, +1.2243e-01, +4.6436e-02, -2.4181e-01, -7.6986e-02, -9.9732e-02, -1.7290e-01, -1.7347e-01, +6.8954e-02, +1.0373e-01, -3.1832e-02, -1.0000e+00, -8.9204e-02, -4.2832e-02, -3.8874e-02, +7.2775e-02, -3.5931e-02, +8.4489e-02, -7.5489e-02, -1.5159e-01, +3.5852e-02, -1.0601e-01, -1.2865e-01, -1.9262e-01, -1.4340e-01, +7.4505e-03, +4.5483e-03, +7.5410e-02, -9.6596e-04, +1.1682e-01, -8.1537e-02, -5.1031e-02, -2.8837e-02, -3.4289e-02, -9.5307e-03, -3.7766e-02, +3.5850e-02, -9.6935e-02, -5.4791e-02, -1.0377e-01, +1.4158e-01, -4.1533e-02, +2.2634e-02
+1.1081e-01, +5.2321e-02, -3.7080e-02, +1.1886e-01, -1.2438e-01, -6.5962e-02, +6.4498e-02, +1.4224e-01, +1.3915e-02, +1.6187e-02, +6.2596e-03, +1.3993e-02, +7.7386e-02, -6.6721e-02, -1.6766e-01, +3.6523e-02, -9.6543e-02, -2.7960e-03, -8.9204e-02, -1.0000e+00, +9.5980e-02, -1.0953e-01, -1.5222e-01, +9.4672e-02, +1.0109e-01, -1.4341e-02, -1.0443e-01, -2.1726e-03, +7.7812e-03, -9.6418e-02, -9.5357e-02, -7.6903e-03, +1.0498e-01, -1.3627e-01, -6.1160e-03, +1.4992e-01, -9.5193e-02, -2.7839e-02, -1.1101e-01, -4.8010e-02, +2.1224e-02, +1.3626e-02, -6.8327e-02, +6.7167e-02, -1.7212e-01, +1.1811e-01, -4.8406e-02, +2.0660e-01, +9.8899e-02, +1.1001e-01
+1.0025e-01, -3.2184e-03, -5.3434e-02, -2.7784e-02, +8.3053e-03, -1.1764e-02, -7.6693e-02, -4.9591e-02, -1.0606e-02, +1.5617e-01, +1.0863e-01, +1.7850e-01, -5.1898e-02, +3.7647e-02, -1.0351e-01, +6.0229e-02, -2.1654e-01, -3.7161e-02, -4.2832e-02, +9.5980e-02, -1.0000e+00, +6.2772e-02, -8.3134e-02, -2.4747e-03, -3.0258e-02, -5.6665e-02, +2.2036e-03, -5.0194e-03, +8.2347e-03, -3.2594e-02, +1.1555e-02, -1.7940e-02, -8.7945e-02, +3.4707e-02, +9.3989e-02, -7.1531e-03, +1.6437e-01, -1.0036e-01, -1.1678e-02, -9.7450e-02, -1.4336e-01, -4.8719e-02, -1.8526e-01, -1.6277e-01, +6.8663e-02, -1.6433e-01, -1.0926e-01, +8.9077e-02, -1.4292e-01, -1.7361e-01
+2.8865e-02, -3.8927e-03, -7.3561e-02, +2.9801e-02, -2.4513e-02, -1.0464e-01, +8.6328e-02, -5.6503e-02, +3.2496e-02, -1.5173e-02, -4.6531e-02, +6.5830e-02, +9.7227e-03, -6.0554e-02, -3.9251e-02, -2.7945e-03, +4.8043e-03, -5.7501e-02, -3.8874e-02, -1.0953e-01, +6.2772e-02, -1.0000e+00, -9.1162e-03, -3.4418e-02, +4.9517e-03, -3.6329e-02, +7.7442e-02, +1.0924e-02, -1.8681e-02, +1.0384e-02, -1.1049e-01, -1.1976e-01, +3.3782e-02, +1.0700e-01, +4.7062e-02, -2.9248e-02, -2.3912e-03, -1.1745e-01, +1.1592e-02, -7.7983e-03, +6.5634e-02, +1.7818e-03, -3.6965e-03, +9.1262e-03, -4.8958e-02, +5.9416e-02, +1.1643e-02, +9.1678e-03, -1.0164e-02, -1.4367e-02
-1.6738e-02, +5.0969e-02, +1.2399e-02, +4.6864e-02, +4.5678e-02, +2.5302e-02, +6.4202e-02, +4.8741e-02, -6.2141e-02, +1.0341e-01, +1.6693e-01, +7.3904e-02, +9.6986e-02, +6.7491e-02, -5.3372e-02, +4.3305e-02, +7.7789e-02, +1.0081e-01, +7.2775e-02, -1.5222e-01, -8.3134e-02, -9.1162e-03, -1.0000e+00, -5.2208e-02, -2.4953e-03, +3.0856e-02, +4.4682e-02, +7.7268e-02, +7.9032e-02, +3.9500e-02, +4.5791e-02, -7.2364e-02, +1.3207e-01, -6.9856e-03, -1.9226e-02, -1.4977e-02, +4.5922e-02, +2.8324e-02, +5.2207e-02, -1.1947e-01, -4.6478e-02, -1.7178e-03, -2.7170e-02, -6.1180e-02, +9.3266e-02, -2.4932e-02, +1.0129e-02, -3.9172e-02, +1.9243e-02, +6.6544e-02
+1.9698e-02, +6.8498e-02, -3.2857e-02, -1.2272e-01, +3.2505e-03, +1.5132e-03, +1.1054e-02, -9.1167e-02, +4.2190e-02, -8.0518e-02, +5.8166e-02, +6.7058e-02, -5.6274e-02, -1.9191e-02, -3.2718e-02, +4.0400e-02, +1.4423e-01, +7.2557e-02, -3.5931e-02, +9.4672e-02, -2.4747e-03, -3.4419e-02, -5.2208e-02, -1.0000e+00, -7.7558e-02, -2.4357e-02, -1.2444e-01, -5.0317e-02, -2.9393e-02, +1.0682e-02, -3.4682e-02, +3.0275e-02, -2.1626e-02, +6.6789e-02, -6.8292e-03, +4.4697e-02, -4.8295e-02, -1.8514e-02, -2.3450e-03, +8.9957e-03, +4.9455e-02, -3.2106e-02, -2.3895e-02, -4.7574e-02, -1.9900e-02, -3.2929e-02, -3.4061e-02, +2.2740e-02, -5.6850e-02, -5.7777e-02
-1.6052e-01, -9.2844e-02, -6.8068e-02, -2.4315e-02, -4.3779e-02, +7.6647e-03, -3.1230e-02, +3.6464e-03, -5.7749e-02, +3.2209e-02, -1.8787e-03, +3.9158e-02, +2.7905e-02, -4.5274e-02, -9.9403e-02, -1.6587e-03, +3.4492e-02, -9.4474e-04, +8.4489e-02, +1.0109e-01, -3.0258e-02, +4.9517e-03, -2.4953e-03, -7.7558e-02, -1.0000e+00, +3.7722e-02, +6.8655e-02, -1.3305e-02, -5.1722e-02, +1.4353e-01, +6.9619e-02, -4.7613e-02, -3.3523e-02, -2.4783e-02, +6.7059e-02, +4.8144e-02, +6.1866e-02, -9.4571e-02, +3.0345e-02, -2.0913e-02, -7.8173e-03, -1.0939e-01, -1.1122e-02, -1.6733e-02, -3.7110e-02, -9.4140e-03, -9.5256e-03, +5.9078e-02, -5.6642e-02, +1.8960e-02
-2.1003e-02, -1.0565e-02, -1.1768e-01, -1.1174e-01, +2.7594e-02, +1.6912e-02, -1.1734e-01, +5.6908e-02, +1.0786e-01, +8.1220e-02, -2.2955e-02, +3.7916e-02, +2.2374e-02, +7.1227e-02, -3.9681e-03, +6.5453e-02, +9.0021e-03, -1.0518e-01, -7.5489e-02, -1.4341e-02, -5.6665e-02, -3.6329e-02, +3.0856e-02, -2.4357e-02, +3.7722e-02, -1.0000e+00, -2.4318e-02, +1.6981e-02, +2.4748e-02, -1.9811e-01, +4.4947e-02, -1.0953e-01, -6.3796e-02, -3.0442e-02, +9.3573e-02, -1.9757e-02, +1.1453e-01, -7.7349e-03, +4.6055e-03, -4.8427e-02, +1.1052e-02, -7.5658e-02, +1.0840e-01, +7.4632e-02, -8.5631e-02, +9.4749e-03, -4.3165e-02, +1.2301e-01, -8.4748e-02, +1.2782e-02
+6.7869e-02, +1.4720e-02, +3.2696e-02, +8.0240e-02, -2.6696e-02, -1.1737e-01, -9.1363e-02, -5.7626e-02, +8.2454e-02, -2.8739e-03, -1.1199e-01, -6.1533e-02, -1.0582e-01, -2.3306e-01, -5.5803e-03, +5.3071e-02, +8.8222e-02, -8.0890e-02, -1.5159e-01, -1.0443e-01, +2.2036e-03, +7.7442e-02, +4.4682e-02, -1.2444e-01, +6.8655e-02, -2.4318e-02, -1.0000e+00, -3.1093e-02, -9.0914e-02, -1.1153e-01, -1.4539e-01, +1.0330e-01, +5.3458e-02, -3.0973e-02, -9.2055e-03, +8.6990e-02, -1.4170e-02, -3.8918e-03, -1.0555e-01, +7.7714e-02, -1.1221e-01, -5.2849e-03, -5.9551e-02, +6.6278e-02, -6.9349e-02, -3.9900e-02, -8.5782e-02, +8.3772e-03, +1.2880e-02, -1.0071e-01
-7.3408e-02, +6.8292e-02, -1.6565e-02, -3.1012e-02, -1.2734e-01, -1.0233e-01, -9.2547e-02, -1.4188e-01, -1.0273e-01, +7.7860e-02, -1.4411e-02, -9.0142e-02, +4.9773e-02, -1.2790e-02, -1.6810e-01, -2.9623e-03, +6.3924e-02, -5.1349e-02, +3.5852e-02, -2.1726e-03, -5.0194e-03, +1.0924e-02, +7.7268e-02, -5.0317e-02, -1.3305e-02, +1.6981e-02, -3.1093e-02, -1.0000e+00, -1.2239e-01, -1.1848e-03, -7.6207e-02, +8.1628e-02, -1.2460e-01, +3.8876e-02, -6.4984e-02, +1.2326e-02, +1.8620e-01, -1.9901e-02, -4.4009e-02, -4.1329e-02, -3.5742e-02, +5.1791e-02, -6.7776e-02, +2.5174e-02, -3.1844e-02, -1.0161e-01, -9.1824e-02, +2.0403e-01, +3.0742e-02, +9.4190e-03
-1.3694e-01, +3.3099e-02, -4.3514e-02, -1.1530e-01, -1.1828e-01, -1.0160e-01, -5.3253e-02, -1.3707e-01, +4.3559e-02, +7.7551e-02, -2.1976e-01, -6.3154e-02, +2.0077e-02, -6.0792e-02, -1.2116e-01, -1.6407e-02, +9.7008e-02, -8.6250e-02, -1.0601e-01, +7.7812e-03, +8.2347e-03, -1.8681e-02, +7.9032e-02, -2.9393e-02, -5.1722e-02, +2.4748e-02, -9.0914e-02, -1.2239e-01, -1.0000e+00, -4.0547e-02, -1.0534e-01, +3.4845e-02, -1.3583e-01, +3.8758e-02, -1.4171e-01, +9.6996e-02, +1.5926e-01, -8.9860e-02, -4.9555e-02, -4.2613e-02, +4.1738e-02, +4.3559e-02, -6.3212e-02, +1.6505e-02, -1.4113e-02, +1.5964e-02, -7.7342e-02, +1.6864e-01, +6.3287e-02, +6.9214e-02
+1.2658e-02, +7.6944e-02, -7.1312e-03, -1.1926e-01, -1.0907e-01, -2.8175e-02, -3.3674e-03, +2.6671e-02, +7.7703e-02, +5.1556e-02, -8.2939e-02, +7.5917e-02, -1.4892e-03, -1.1427e-01, +2.1506e-02, +6.1494e-02, +7.6950e-02, -1.0081e-01, -1.2865e-01, -9.6418e-02, -3.2594e-02, +1.0384e-02, +3.9500e-02, +1.0682e-02, +1.4353e-01, -1.9811e-01, -1.1153e-01, -1.1848e-03, -4.0547e-02, -1.0000e+00, -8.0722e-02, +2.1228e-02, -5.2208e-02, -4.4830e-02, -3.2334e-02, +6.2003e-03, -4.8492e-02, +4.1342e-02, +6.1583e-03, +5.8536e-02, -9.1293e-03, +4.8615e-02, -1.5382e-02, +4.1387e-02, -8.2279e-02, +5.9214e-03, -6.8312e-02, +1.3920e-01, +1.5892e-02, +1.3052e-01
-7.1479e-03, -1.7150e-02, -6.5518e-02, -3.3544e-02, +1.3772e-01, -1.9178e-01, +7.4169e-02, -8.9908e-02, +3.3443e-02, -3.4320e-02, -1.7621e-01, +3.1202e-03, -1.5594e-01, -6.0718e-02, -1.8982e-01, +6.6281e-02, +1.1987e-01, -5.2586e-02, -1.9262e-01, -9.5357e-02, +1.1555e-02, -1.1049e-01, +4.5791e-02, -3.4682e-02, +6.9619e-02, +4.4947e-02, -1.4539e-01, -7.6207e-02, -1.0534e-01, -8.0722e-02, -1.0000e+00, +4.3201e-02, -1.3852e-01, +3.5085e-02, -4.8322e-02, +8.6099e-02, +1.2146e-02, -1.5873e-01, -1.4528e-02, -2.6939e-02, -9.0397e-02, +3.5696e-02, -8.6941e-02, -1.9084e-02, -3.6707e-02, -4.7171e-02, -9.2657e-02, +3.4089e-01, -1.8525e-02, +6.5392e-02
+7.8998e-03, +7.2593e-02, +3.5972e-02, -3.5668e-02, -4.1168e-02, -8.5635e-03, -2.0363e-02, -4.8428e-02, +1.7775e-02, -3.7392e-02, -5.1303e-03, +2.4240e-02, -5.2158e-02, +4.0146e-02, -3.4174e-02, +9.8459e-02, -3.8123e-02, -3.7387e-02, -1.4340e-01, -7.6903e-03, -1.7940e-02, -1.1976e-01, -7.2364e-02, +3.0275e-02, -4.7613e-02, -1.0953e-01, +1.0329e-01, +8.1628e-02, +3.4845e-02, +2.1228e-02, +4.3201e-02, -1.0000e+00, +3.6449e-02, +7.2698e-03, +8.1928e-02, -9.7268e-02, +2.5033e-01, -1.3210e-01, -2.5566e-02, -9.3784e-02, +2.1144e-02, -8.7918e-02, -1.2609e-02, +3.1668e-02, -7.7231e-02, +4.8034e-02, +7.2093e-02, +2.5916e-02, -9.7371e-02, -5.0390e-03
-1.1605e-01, +7.1974e-03, +3.6698e-02, +1.4140e-02, -1.3104e-01, +4.8515e-02, -2.8629e-02, +7.2335e-03, -9.8556e-02, -1.2735e-02, +3.6072e-03, +7.9318e-02, -5.9339e-03, +7.1049e-02, -6.3078e-02, +4.1763e-02, +1.3495e-01, +7.2221e-02, +7.4505e-03, +1.0498e-01, -8.7945e-02, +3.3782e-02, +1.3207e-01, -2.1626e-02, -3.3523e-02, -6.3797e-02, +5.3458e-02, -1.2460e-01, -1.3583e-01, -5.2208e-02, -1.3852e-01, +3.6449e-02, -1.0000e+00, -1.7671e-04, +4.3753e-03, +1.9837e-01, +6.4445e-02, -7.7914e-02, -2.5879e-02, -1.1896e-01, -3.6259e-02, +4.2493e-02, +1.3017e-02, -3.8898e-02, -1.0058e-01, -9.3320e-02, -2.3074e-01, +4.5150e-01, +9.7469e-02, -5.9219e-02
+6.6177e-02, -4.6832e-02, -1.9462e-02, +5.8724e-02, +1.8978e-02, +4.2917e-02, +1.0454e-02, +2.5786e-02, -3.8983e-02, -6.6257e-03, -4.8306e-03, +8.5590e-02, -4.2511e-02, +2.4902e-02, -4.5294e-03, -1.7980e-02, -1.1269e-03, -8.9473e-03, +4.5483e-03, -1.3627e-01, +3.4707e-02, +1.0700e-01, -6.9856e-03, +6.6789e-02, -2.4783e-02, -3.0442e-02, -3.0973e-02, +3.8876e-02, +3.8758e-02, -4.4830e-02, +3.5085e-02, +7.2698e-03, -1.7671e-04, -1.0000e+00, -6.0287e-03, +2.7773e-01, +5.3155e-02, -2.5228e-02, +2.4721e-02, +3.5190e-02, -1.8402e-02, -2.1442e-01, +1.8048e-02, -7.0920e-03, -1.7307e-02, -2.6385e-03, -2.2898e-02, +5.0374e-03, -2.3795e-02, -1.4358e-01
-5.8386e-04, -1.7605e-02, +1.8400e-02, -3.8848e-02, -2.8386e-02, -1.3972e-02, +1.6080e-01, -8.0439e-02, +8.4767e-03, +2.1594e-02, +8.0634e-03, -2.6016e-02, -3.9628e-02, +8.6548e-02, -5.9414e-02, -5.2839e-02, -2.6923e-02, +1.0237e-01, +7.5410e-02, -6.1160e-03, +9.3989e-02, +4.7062e-02, -1.9226e-02, -6.8292e-03, +6.7059e-02, +9.3573e-02, -9.2055e-03, -6.4984e-02, -1.4171e-01, -3.2334e-02, -4.8322e-02, +8.1928e-02, +4.3753e-03, -6.0287e-03, -1.0000e+00, +1.2488e-02, -1.1503e-01, +2.4339e-02, +1.0304e-02, +9.5009e-03, +2.9324e-02, -3.1049e-02, -3.1860e-03, +4.1972e-02, -7.6660e-03, -1.7887e-02, +9.1099e-02, +5.0945e-03, +2.2361e-02, +1.1155e-01
+2.7348e-02, +1.1679e-03, +3.5226e-02, -5.6619e-02, +1.2713e-01, +8.1978e-02, +2.4838e-02, -9.3298e-02, -1.2160e-02, +7.6380e-02, +7.4032e-02, +4.4122e-02, +8.8943e-02, +1.0034e-01, +1.1001e-01, +3.0724e-01, -1.7464e-01, +1.5876e-02, -9.6596e-04, +1.4992e-01, -7.1531e-03, -2.9248e-02, -1.4977e-02, +4.4697e-02, +4.8144e-02, -1.9757e-02, +8.6990e-02, +1.2326e-02, +9.6996e-02, +6.2003e-03, +8.6099e-02, -9.7268e-02, +1.9837e-01, +2.7773e-01, +1.2488e-02, -1.0000e+00, +1.7867e-01, -4.1828e-02, +3.3140e-02, +2.3441e-01, +7.1516e-02, +9.5852e-02, -2.0717e-04, +2.7405e-02, +1.1293e-01, +4.2692e-02, +1.1324e-01, -2.4623e-01, -2.9218e-02, +2.5980e-01
+1.2469e-01, -8.9143e-04, -1.3927e-01, -2.5920e-02, +7.0419e-02, +6.3066e-02, +1.5420e-01, +1.6176e-01, +5.8233e-02, +1.4801e-02, -5.5903e-03, -5.0783e-02, +6.2501e-02, +7.6623e-02, +1.1893e-01, +6.8712e-02, -3.8965e-02, +1.2949e-01, +1.1682e-01, -9.5193e-02, +1.6437e-01, -2.3912e-03, +4.5922e-02, -4.8295e-02, +6.1866e-02, +1.1453e-01, -1.4170e-02, +1.8620e-01, +1.5926e-01, -4.8492e-02, +1.2146e-02, +2.5033e-01, +6.4445e-02, +5.3155e-02, -1.1503e-01, +1.7867e-01, -1.0000e+00, +2.0458e-01, +8.2241e-02, +1.9160e-01, +6.9292e-02, -3.1930e-02, +6.4315e-02, -5.1997e-02, +8.7870e-03, +5.7750e-02, +5.8976e-02, +5.6399e-03, +5.6122e-02, +3.7947e-02
-1.1545e-01, -1.8605e-02, +6.2749e-04, -7.5159e-02, -3.3563e-02, -2.3706e-02, +6.2857e-02, -6.5800e-02, -1.0711e-01, +2.2347e-02, -6.9794e-02, +9.7684e-02, +7.0499e-03, -4.0460e-02, -8.5410e-02, +9.1811e-02, -1.9635e-02, -1.1035e-01, -8.1537e-02, -2.7839e-02, -1.0036e-01, -1.1745e-01, +2.8324e-02, -1.8514e-02, -9.4571e-02, -7.7349e-03, -3.8918e-03, -1.9901e-02, -8.9860e-02, +4.1342e-02, -1.5873e-01, -1.3210e-01, -7.7914e-02, -2.5228e-02, +2.4339e-02, -4.1828e-02, +2.0458e-01, -1.0000e+00, -6.0480e-02, +3.2517e-02, -6.1353e-02, -1.2101e-02, -5.4615e-02, +9.2892e-02, -7.3947e-02, -1.9882e-02, -8.3808e-02, +1.6883e-01, -7.3031e-02, -2.8895e-02
-2.9482e-02, +1.2940e-02, -3.4186e-02, -2.6622e-02, +1.0952e-02, -1.1616e-02, -9.0493e-03, -7.6725e-02, +3.5427e-02, +4.7435e-02, -1.9307e-02, -3.2278e-02, +5.3833e-02, -1.1609e-01, -1.9389e-02, -3.2210e-02, +5.7536e-02, +6.1105e-02, -5.1031e-02, -1.1101e-01, -1.1678e-02, +1.1592e-02, +5.2207e-02, -2.3450e-03, +3.0345e-02, +4.6055e-03, -1.0555e-01, -4.4009e-02, -4.9555e-02, +6.1583e-03, -1.4528e-02, -2.5566e-02, -2.5879e-02, +2.4721e-02, +1.0304e-02, +3.3140e-02, +8.2241e-02, -6.0480e-02, -1.0000e+00, -9.6121e-04, -4.0826e-02, -5.5384e-02, -5.9670e-02, +3.3330e-03, -5.4488e-02, -9.2465e-02, -7.5424e-02, +2.7938e-02, +4.0185e-02, -1.6623e-02
-6.2015e-02, +7.8316e-02, +1.2805e-01, +1.3050e-02, -9.3192e-02, +1.8583e-02, -1.1904e-01, +2.8900e-02, +9.8042e-03, +8.5292e-02, +6.6974e-03, -4.9433e-02, +2.3476e-02, -2.1626e-02, -9.2498e-02, -1.9064e-01, -6.5580e-02, -5.3741e-02, -2.8837e-02, -4.8010e-02, -9.7450e-02, -7.7983e-03, -1.1947e-01, +8.9957e-03, -2.0913e-02, -4.8427e-02, +7.7714e-02, -4.1329e-02, -4.2613e-02, +5.8536e-02, -2.6939e-02, -9.3784e-02, -1.1896e-01, +3.5190e-02, +9.5009e-03, +2.3441e-01, +1.9160e-01, +3.2517e-02, -9.6121e-04, -1.0000e+00, -4.5695e-02, -1.4847e-01, +5.0018e-03, +5.9762e-02, -8.0434e-02, +6.0216e-02, -8.0898e-02, +2.4664e-01, -6.7801e-02, -2.4345e-02
+6.0601e-02, -5.3028e-02, +2.4071e-02, +6.4275e-03, +8.1916e-02, -2.7038e-02, -5.7384e-02, +5.3464e-02, +3.1895e-02, +8.2441e-02, +3.0219e-02, -2.0446e-02, +8.9521e-02, -1.2470e-01, -1.1742e-01, -1.7308e-02, +2.2865e-02, -7.2860e-02, -3.4289e-02, +2.1224e-02, -1.4336e-01, +6.5634e-02, -4.6478e-02, +4.9455e-02, -7.8173e-03, +1.1052e-02, -1.1221e-01, -3.5742e-02, +4.1738e-02, -9.1293e-03, -9.0397e-02, +2.1144e-02, -3.6259e-02, -1.8402e-02, +2.9324e-02, +7.1516e-02, +6.9292e-02, -6.1353e-02, -4.0826e-02, -4.5695e-02, -1.0000e+00, -9.2610e-02, +4.3377e-02, -5.2414e-02, -4.6338e-02, -6.1293e-02, -1.3544e-01, +9.1238e-02, +2.0123e-02, -4.0082e-02
+6.5058e-03, -1.2898e-01, -8.8433e-02, -4.6344e-02, -2.2406e-02, -1.8634e-02, -5.3259e-02, +2.8685e-02, -7.8872e-02, +9.1717e-03, +3.2700e-02, -7.6852e-02, -8.9551e-03, +1.1620e-02, -6.0475e-03, -4.1899e-02, -2.4744e-02, -7.2049e-02, -9.5307e-03, +1.3626e-02, -4.8719e-02, +1.7818e-03, -1.7178e-03, -3.2106e-02, -1.0939e-01, -7.5658e-02, -5.2849e-03, +5.1791e-02, +4.3559e-02, +4.8615e-02, +3.5696e-02, -8.7918e-02, +4.2493e-02, -2.1442e-01, -3.1049e-02, +9.5852e-02, -3.1930e-02, -1.2101e-02, -5.5384e-02, -1.4847e-01, -9.2610e-02, -1.0000e+00, +1.6063e-02, +2.0139e-02, -3.1456e-02, -2.7962e-02, +1.4236e-02, +2.5619e-04, -1.6309e-01, +2.0841e-03
+3.9743e-03, -1.0624e-02, +8.3143e-02, -1.0734e-03, +2.6727e-02, -3.5556e-02, -3.1943e-02, -3.1071e-02, -3.1937e-02, -8.2557e-03, +1.3719e-02, +3.6941e-02, -1.7177e-02, +4.1713e-02, -1.4160e-02, +6.4161e-02, -3.9999e-02, -4.2180e-02, -3.7766e-02, -6.8327e-02, -1.8526e-01, -3.6965e-03, -2.7170e-02, -2.3895e-02, -1.1122e-02, +1.0840e-01, -5.9551e-02, -6.7776e-02, -6.3212e-02, -1.5382e-02, -8.6941e-02, -1.2609e-02, +1.3017e-02, +1.8048e-02, -3.1860e-03, -2.0716e-04, +6.4315e-02, -5.4615e-02, -5.9670e-02, +5.0018e-03, +4.3377e-02, +1.6063e-02, -1.0000e+00, -1.6319e-02, -1.2175e-01, +3.2582e-04, -1.3462e-01, +4.2751e-02, -3.2479e-02, +1.1267e-01
+5.0160e-03, +2.9947e-02, -4.8718e-02, +8.7808e-02, +5.5695e-02, -1.3946e-02, +3.9398e-02, +5.7293e-04, +7.2397e-02, -1.3362e-02, +6.7642e-02, +5.0002e-02, -3.4551e-02, +1.1737e-02, +1.1215e-02, -6.4364e-02, -1.3047e-02, +6.1022e-02, +3.5850e-02, +6.7167e-02, -1.6277e-01, +9.1262e-03, -6.1180e-02, -4.7574e-02, -1.6733e-02, +7.4632e-02, +6.6278e-02, +2.5174e-02, +1.6505e-02, +4.1387e-02, -1.9084e-02, +3.1668e-02, -3.8898e-02, -7.0920e-03, +4.1972e-02, +2.7405e-02, -5.1997e-02, +9.2892e-02, +3.3330e-03, +5.9762e-02, -5.2414e-02, +2.0139e-02, -1.6319e-02, -1.0000e+00, +4.5438e-02, -2.4399e-02, -4.9280e-02, -2.5944e-02, -2.0118e-02, -2.8095e-02
-3.9116e-02, -4.0946e-02, -3.7062e-02, -4.1326e-02, -8.6311e-02, -8.0764e-02, -5.7044e-02, -1.5312e-02, -9.0381e-02, +5.1417e-02, -1.1988e-02, +2.3215e-02, +3.3101e-02, -6.9265e-02, -5.2445e-02, +2.0841e-01, +1.2311e-01, -8.1297e-02, -9.6935e-02, -1.7212e-01, +6.8663e-02, -4.8958e-02, +9.3266e-02, -1.9900e-02, -3.7110e-02, -8.5631e-02, -6.9349e-02, -3.1844e-02, -1.4113e-02, -8.2279e-02, -3.6707e-02, -7.7231e-02, -1.0058e-01, -1.7307e-02, -7.6660e-03, +1.1293e-01, +8.7870e-03, -7.3947e-02, -5.4488e-02, -8.0434e-02, -4.6338e-02, -3.1456e-02, -1.2175e-01, +4.5438e-02, -1.0000e+00, +1.5445e-02, -1.7596e-01, +1.4559e-01, +3.6537e-02, +2.0488e-01
-2.8416e-02, -1.9126e-02, +8.3928e-02, -3.8765e-02, -8.0396e-02, +3.2095e-02, -6.0178e-02, +9.6221e-02, -1.7921e-02, +6.2044e-02, +6.9668e-02, +4.2318e-02, +1.3292e-02, -4.5322e-02, +5.0670e-02, +5.0757e-02, +4.6401e-02, +5.2602e-02, -5.4791e-02, +1.1811e-01, -1.6433e-01, +5.9416e-02, -2.4932e-02, -3.2929e-02, -9.4140e-03, +9.4749e-03, -3.9900e-02, -1.0161e-01, +1.5964e-02, +5.9214e-03, -4.7171e-02, +4.8034e-02, -9.3320e-02, -2.6385e-03, -1.7887e-02, +4.2692e-02, +5.7750e-02, -1.9882e-02, -9.2465e-02, +6.0216e-02, -6.1293e-02, -2.7962e-02, +3.2581e-04, -2.4399e-02, +1.5445e-02, -1.0000e+00, -8.0766e-03, -1.9516e-02, +1.7070e-02, -3.3526e-02
+7.2550e-03, -6.3639e-02, +1.6281e-02, -1.0941e-02, +3.5749e-04, -1.2963e-01, -1.0461e-01, -2.0208e-02, -5.1111e-02, +2.1621e-01, -7.5621e-02, +1.4083e-02, +8.0312e-02, -1.2213e-01, -3.7858e-02, +1.2219e-01, +5.7415e-02, -7.7573e-02, -1.0377e-01, -4.8406e-02, -1.0926e-01, +1.1643e-02, +1.0129e-02, -3.4061e-02, -9.5256e-03, -4.3165e-02, -8.5782e-02, -9.1824e-02, -7.7342e-02, -6.8312e-02, -9.2657e-02, +7.2093e-02, -2.3074e-01, -2.2898e-02, +9.1099e-02, +1.1324e-01, +5.8976e-02, -8.3808e-02, -7.5424e-02, -8.0898e-02, -1.3544e-01, +1.4236e-02, -1.3462e-01, -4.9280e-02, -1.7596e-01, -8.0766e-03, -1.0000e+00, +2.3616e-01, +7.8861e-02, -1.0898e-02
+2.5453e-01, -5.6353e-02, -1.3828e-03, +4.4491e-02, +1.7114e-01, +1.3791e-02, -7.3945e-02, -4.7949e-02, +1.8607e-01, +1.2126e-02, +1.4054e-01, -5.4525e-02, -5.0844e-02, -1.5399e-02, +2.5165e-01, +1.6190e-01, -3.0360e-02, +1.1969e-01, +1.4158e-01, +2.0660e-01, +8.9077e-02, +9.1679e-03, -3.9172e-02, +2.2740e-02, +5.9078e-02, +1.2301e-01, +8.3772e-03, +2.0403e-01, +1.6864e-01, +1.3920e-01, +3.4089e-01, +2.5916e-02, +4.5150e-01, +5.0375e-03, +5.0945e-03, -2.4623e-01, +5.6399e-03, +1.6883e-01, +2.7938e-02, +2.4664e-01, +9.1238e-02, +2.5619e-04, +4.2751e-02, -2.5944e-02, +1.4559e-01, -1.9516e-02, +2.3616e-01, -1.0000e+00, -4.9503e-02, +3.8626e-02
-1.8259e-02, +7.4824e-02, -8.0526e-02, -1.8420e-01, +7.9756e-02, +4.6775e-02, +5.7004e-03, +3.3977e-02, +2.3466e-02, -1.1875e-02, +4.9762e-02, +3.7793e-02, -9.2786e-02, +5.7103e-02, -2.7734e-02, -1.3243e-01, -2.5803e-02, +3.8486e-03, -4.1533e-02, +9.8899e-02, -1.4292e-01, -1.0164e-02, +1.9243e-02, -5.6850e-02, -5.6642e-02, -8.4748e-02, +1.2880e-02, +3.0742e-02, +6.3287e-02, +1.5892e-02, -1.8525e-02, -9.7371e-02, +9.7469e-02, -2.3795e-02, +2.2361e-02, -2.9218e-02, +5.6122e-02, -7.3031e-02, +4.0185e-02, -6.7801e-02, +2.0123e-02, -1.6309e-01, -3.2479e-02, -2.0118e-02, +3.6537e-02, +1.7070e-02, +7.8861e-02, -4.9503e-02, -1.0000e+00, -1.0225e-01
+1.3780e-01, +9.5715e-02, +1.2436e-01, +1.4140e-01, +2.0189e-02, +8.0514e-02, -5.9078e-02, +1.1099e-01, +7.5449e-02, -1.1416e-02, +5.3347e-02, +1.8963e-01, -4.7243e-02, +3.5373e-04, -1.8786e-02, +2.7001e-02, +8.0676e-02, +5.6114e-02, +2.2634e-02, +1.1001e-01, -1.7361e-01, -1.4367e-02, +6.6544e-02, -5.7777e-02, +1.8960e-02, +1.2782e-02, -1.0071e-01, +9.4190e-03, +6.9214e-02, +1.3052e-01, +6.5392e-02, -5.0390e-03, -5.9219e-02, -1.4358e-01, +1.1155e-01, +2.5980e-01, +3.7947e-02, -2.8895e-02, -1.6623e-02, -2.4345e-02, -4.0082e-02, +2.0841e-03, +1.1267e-01, -2.8095e-02, +2.0488e-01, -3.3526e-02, -1.0898e-02, +3.8626e-02, -1.0225e-01, -1.0000e+00
